0.662
0.662
0.662
0.436373
0.662
0.277833
0.158181
0.200915
0.0329233
0.662
0.662
0.662
0.144515
0.424299
0.662
0.406865
0.137887
0.427627
0.152101
0.0433901
0.311285
0.662
0.137569
0.662
0.662
0.471432
0.362062
0.662
0.662
0.662
0.498414
0.227664
0.662
0.200862
0.012084
0.662
0.662
0.662
0.662
0.662
0.662
0.662
0.0972362
0.178765
0.157988
0.102233
0.286749
0.662
0.662
0.348519
0.0571613
0.662
0.662
0.258031
0.407053
0.0335866
0.608529
0.180948
0.346579
0.0335272
0.0882252
0.388711
0.662
0.662
0.0719441
0.359529
0.662
0.662
0.662
0.662
0.662
0.662
0.536011
0.662
0.662
0.0783025
0.325853
0.0175381
0.45143
0.662
0.208358
0.167098
0.662
0.0817147
0.662
0.662
0.164547
0.662
0.40445
0.662
0.662
0.190231
0.197881
0.662
0.605922
0.662
0.53526
0.662
0.662
0.662
0.397889
0.286438
0.0305113
0.236847
0.662
0.662
0.662
0.210764
0.361346
0.662
0.0168555
0.662
0.662
0.275503
0.662
0.662
0.662
0.213737
0.662
0.662
0.662
0.49095
0.155844
0.298518
0.372953
0.662
0.662
0.662
0.662
0.380415
0.244081
0.662
0.459619
0.3653
0.662
0.391542
0.662
0.396998
0.439474
0.512649
0.260791
0.662
0.662
0.662
0.484401
0.278632
0.442945
0.662
0.410465
0.374278
0.662
0.54141
0.00463487
0.662
0.662
0.32928
0.221685
0.662
0.662
0.662
0.662
0.662
0.662
0.460048
0.662
0.662
0.662
0.436442
0.662
0.0336388
0.307353
0.597215
0.662
0.662
0.662
0.469509
0.373456
0.0614428
0.383784
0.662
0.125634
0.662
0.271706
0.0331105
0.662
0.662
0.174782
0.151461
0.662
0.379845
0.662
0.662
0.608509
0.662
0.314495
0.00364997
0.662
0.662
0.110446
0.226176
0.411295
0.303678
0.662
0.170428
0.662
0.0447987
0.0851466
0.662
0.131559
0.662
0.662
0.662
0.431798
0.223391
0.662
0.662
0.465269
0.474994
0.23417
0.662
0.104093
0.662
0.662
0.662
0.662
0.662
0.662
0.248414
0.536584
0.286089
0.662
0.400133
0.203072
0.649461
0.42256
0.662
0.662
0.662
0.058909
0.0769059
0.358809
0.233319
0.415214
0.513793
0.662
0.0115108
0.337888
0.662
0.458496
0.662
0.248109
0.239692
0.42468
0.423254
0.662
0.662
0.0568022
0.662
0.629871
0.207736
0.408252
0.662
0.662
0.662
0.341351
0.662
0.355898
0.662
0.662
0.662
0.0321933
0.662
0.662
0.662
0.662
0.367783
0.662
0.482348
0.662
0.662
0.662
0.255534
0.662
0.662
0.0724009
0.662
0.00983788
0.662
0.662
0.662
0.662
0.662
0.390994
0.662
0.662
0.662
0.22943
0.662
0.389393
0.662
0.662
0.662
0.215985
0.0163381
0.0899585
0.222552
0.441334
0.121659
0.0602535
0.662
0.127346
0.662
0.00126125
0.371352
0.662
0.662
0.662
0.185959
0.662
0.662
0.662
0.662
0.269755
0.662
0.0629311
0.662
0.136801
0.0363356
0.298461
0.662
0.422185
0.376344
0.384393
0.662
0.35202
0.662
0.331631
0.662
0.354666
0.662
0.133543
0.234402
0.393397
0.15894
0.662
0.662
0.662
0.511656
0.662
0.0991688
0.203409
0.662
0.662
0.662
0.662
0.662
0.662
0.135167
0.0991851
0.360158
0.662
0.38763
0.662
0.271697
0.28098
0.279254
0.662
0.401702
0.662
0.662
0.12147
0.662
0.15054
0.662
0.144539
0.662
0.0237205
0.0985327
0.330585
0.662
0.172894
0.305826
0.42086
0.267208
0.0826912
0.354367
0.662
0.36719
0.662
0.662
0.219615
0.662
0.0127423
0.330038
0.662
0.662
0.662
0.0155925
0.662
0.662
0.662
0.242874
0.662
0.662
0.268232
0.662
0.0616687
0.662
0.662
0.287161
0.54383
0.42624
0.662
0.662
0.0556485
0.154838
0.571528
0.0668354
0.662
0.319862
0.309293
0.662
0.662
0.30321
0.662
0.662
0.161135
0.285563
0.662
0.662
0.662
0.399594
0.166493
0.534125
0.662
0.662
0.662
0.662
0.662
0.212519
0.206473
0.401963
0.662
0.0132024
0.466902
0.662
0.348262
0.662
0.662
0.289612
0.662
0.662
0.331235
0.662
0.662
0.0659966
0.662
0.662
0.662
0.358715
0.385548
0.662
0.662
0.465414
0.662
0.448287
0.662
0.40413
0.662
0.662
0.662
0.0571454
0.192697
0.662
0.346937
0.313069
0.662
0.662
0.316873
0.662
0.40593
0.662
0.363253
0.662
0.662
0.662
0.0427466
0.662
0.662
0.662
0.662
0.266799
0.331508
0.662
0.318235
0.662
0.225287
0.0868978
0.662
0.0776708
0.375534
0.662
0.384786
0.247948
0.368359
0.662
0.662
0.662
0.662
0.662
0.40716
0.182386
0.662
0.173422
0.662
0.662
0.141889
0.662
0.0146844
0.397182
0.296334
0.662
0.662
0.10215
0.662
0.330375
0.300878
0.662
0.522947
0.662
0.374461
0.474006
0.467944
0.0562094
0.292929
0.662
0.381041
0.662
0.662
0.662
0.387531
0.267139
0.104937
0.119363
0.375766
0.662
0.662
0.0892225
0.662
0.662
0.662
0.421994
0.380486
0.421574
0.662
0.0737309
0.162529
0.489694
0.662
0.324729
0.662
0.291788
0.662
0.662
0.662
0.662
0.143394
0.0130061
0.662
0.662
0.112686
0.562806
0.662
0.662
0.208631
0.662
0.0503322
0.0630022
0.662
0.270196
0.0138252
0.662
0.662
0.287202
0.662
0.00495872
0.365712
0.662
0.662
0.461164
0.204723
0.398775
0.120335
0.662
0.642094
0.351225
0.662
0.299594
0.458299
0.662
0.662
0.585715
0.484833
0.523372
0.0129708
0.123953
0.09345
0.662
0.662
0.187112
0.180043
0.37286
0.210866
0.207648
0.662
0.0475012
0.200617
0.662
0.164455
0.0695116
0.452907
0.662
0.343509
0.662
0.00864927
0.662
0.662
0.380943
0.662
0.410971
0.4098
0.662
0.662
0.662
0.662
0.662
0.662
0.662
0.303979
0.0608367
0.662
0.662
0.662
0.374659
0.662
0.259026
0.662
0.35037
0.295875
0.45986
0.662
0.254757
0.473578
0.171001
0.662
0.0176979
0.213541
0.094345
0.662
0.662
0.269001
0.662
0.662
0.42678
0.662
0.662
0.662
0.662
0.300875
0.662
0.57623
0.599254
0.449701
0.164956
0.326576
0.662
0.662
0.0216024
0.662
0.424959
0.0726649
0.478508
0.662
0.35363
0.662
0.662
0.662
0.662
0.662
0.662
0.662
0.340711
0.310168
