0.662
0.242112
0.662
0.662
0.25523
0.470114
0.662
0.613129
0.600865
0.300638
0.662
0.662
0.210352
0.662
0.662
0.411265
0.662
0.242463
0.662
0.0365578
0.116401
0.662
0.395265
0.662
0.243012
0.662
0.263206
0.662
0.662
0.0755023
0.662
0.662
0.662
0.228804
0.662
0.662
0.662
0.0866566
0.662
0.662
0.63339
0.0388769
0.662
0.662
0.126661
0.662
0.166309
0.271059
0.481996
0.10633
0.662
0.662
0.124075
0.250545
0.662
0.662
0.662
0.302473
0.662
0.662
0.302115
0.662
0.662
0.662
0.662
0.2315
0.422694
0.662
0.662
0.662
0.0978355
0.10266
0.662
0.395122
0.323514
0.662
0.247774
0.121021
0.662
0.662
0.242525
0.295507
0.662
0.662
0.222937
0.662
0.0575077
0.662
0.662
0.662
0.662
0.662
0.205936
0.263969
0.395757
0.662
0.444471
0.662
0.0395143
0.195914
0.662
0.0823923
0.662
0.427398
0.662
0.637337
0.0582773
0.662
0.662
0.111619
0.662
0.170112
0.472213
0.662
0.662
0.0514643
0.662
0.662
0.662
0.662
0.662
0.278533
0.0303049
0.0057809
0.27851
0.306714
0.662
0.662
0.662
0.153601
0.662
0.168207
0.427174
0.662
0.250564
0.382911
0.339213
0.662
0.100703
0.132817
0.662
0.662
0.0669344
0.662
0.662
0.662
0.662
0.308804
0.129423
0.0201937
0.662
0.662
0.460266
0.662
0.420204
0.662
0.662
0.432797
0.662
0.0880291
0.662
0.190581
0.662
0.303167
0.662
0.662
0.662
0.662
0.662
0.601355
0.662
0.444595
0.241929
0.387129
0.662
0.187318
0.376056
0.662
0.662
0.00552041
0.662
0.662
0.662
0.155803
0.0246133
0.662
0.662
0.662
0.0297984
0.662
0.356789
0.317646
0.575856
0.662
0.223091
0.662
0.289281
0.662
0.21063
0.662
0.662
0.475332
0.662
0.0246692
0.179377
0.662
0.662
0.662
0.148048
0.660867
0.662
0.147913
0.662
0.662
0.0530007
0.179549
0.214982
0.54748
0.662
0.455636
0.662
0.662
0.662
0.526921
0.480844
0.662
0.404547
0.393228
0.662
0.366553
0.662
0.247355
0.254197
0.320847
0.662
0.633391
0.371575
0.662
0.0910346
0.662
0.662
0.152205
0.0075579
0.530772
0.662
0.413033
0.28028
0.662
0.137776
0.662
0.492898
0.662
0.662
0.232866
0.662
0.662
0.0903357
0.446257
0.0532586
0.140834
0.0998713
0.0656498
0.255984
0.544342
0.662
0.391146
0.662
0.662
0.384865
0.662
0.662
0.393276
0.137602
0.662
0.662
0.416449
0.0875859
0.662
0.662
0.662
0.662
0.662
0.313797
0.150514
0.0577282
0.0925051
0.451907
0.0624436
0.662
0.662
0.662
0.662
0.662
0.662
0.662
0.268331
0.00154304
0.428896
0.662
0.662
0.266078
0.585792
0.0760419
0.330612
0.662
0.0564362
0.662
0.662
0.662
0.662
0.662
0.662
0.662
0.662
0.662
0.662
0.107761
0.283484
0.175849
0.662
0.662
0.118307
0.662
0.662
0.662
0.662
0.662
0.338888
0.662
0.50001
0.662
0.420424
0.662
0.662
0.662
0.0991497
0.662
0.662
0.662
0.509581
0.144061
0.662
0.156851
0.662
0.662
0.250619
0.662
0.426058
0.430878
0.0540736
0.033695
0.662
0.662
0.662
0.662
0.377051
0.179487
0.275646
0.662
0.194151
0.297383
0.325511
0.662
0.662
0.170597
0.409543
0.662
0.662
0.397584
0.421456
0.0245323
0.467697
0.662
0.662
0.464643
0.192702
0.139676
0.265489
0.132151
0.196827
0.444733
0.662
0.662
0.319591
0.662
0.222756
0.431545
0.662
0.0379366
0.662
0.146758
0.433894
0.0386059
0.662
0.435542
0.254353
0.161822
0.418788
0.662
0.420822
0.662
0.163182
0.662
0.662
0.118661
0.662
0.662
0.302784
0.662
0.442032
0.662
0.662
0.662
0.662
0.662
0.239206
0.264086
0.662
0.662
0.189044
0.662
0.662
0.662
0.662
0.662
0.662
0.662
0.662
0.662
0.662
0.347793
0.662
0.662
0.579033
0.662
0.0328183
0.0742565
0.662
0.662
0.662
0.662
0.63339
0.662
0.662
0.662
0.662
0.0215752
0.662
0.470827
0.29551
0.662
0.662
0.662
0.0604138
0.368726
0.342693
0.662
0.0197351
0.662
0.662
0.662
0.662
0.00665837
0.662
0.662
0.662
0.0731535
0.406262
0.428735
0.662
0.0706674
0.662
0.361158
0.662
0.662
0.447427
0.662
0.373965
0.374978
0.500481
0.370675
0.4439
0.205612
0.326801
0.662
0.285584
0.662
0.45456
0.375581
0.662
0.662
0.0245555
0.662
0.141837
0.130493
0.662
0.246334
0.662
0.116472
0.184456
0.662
0.662
0.299159
0.662
0.662
0.662
0.0346076
0.247656
0.169852
0.662
0.662
0.371003
0.457467
0.662
0.25468
0.662
0.662
0.662
0.254914
0.444102
0.662
0.0400569
0.434488
0.662
0.474493
0.113833
0.662
0.662
0.662
0.662
0.662
0.0507997
0.294771
0.367793
0.432129
0.662
0.662
0.376623
0.143841
0.369855
0.662
0.662
0.662
0.662
0.662
0.388339
0.0226052
0.216242
0.0461662
0.184855
0.662
0.390315
0.662
0.662
0.505645
0.0752186
0.662
0.662
0.33926
0.159089
0.176552
0.318794
0.662
0.662
0.662
0.0433314
0.0847848
0.662
0.459634
0.608066
0.294051
0.00814656
0.50042
0.281679
0.42061
0.0712055
0.662
0.176852
0.662
0.385116
0.662
0.662
0.394942
0.0527398
0.662
0.1738
0.401974
0.662
0.273552
0.0482939
0.198565
0.662
0.662
0.376918
0.662
0.662
0.0249671
0.662
0.322635
0.662
0.662
0.662
0.662
0.377096
0.255376
0.662
0.662
0.435274
0.662
0.662
0.662
0.662
0.662
0.662
0.542787
0.0915517
0.531433
0.447194
0.662
0.344381
0.213661
0.662
0.662
0.46423
0.174369
0.37173
0.407955
0.662
0.214616
0.662
0.662
0.662
0.379455
0.662
0.662
0.275694
0.00736838
0.315064
0.662
0.274524
0.662
0.662
0.233141
0.279245
0.15891
0.260521
0.192412
0.662
0.662
0.662
0.662
0.662
0.418425
0.662
0.662
0.662
0.662
0.470263
0.00430324
0.662
0.498832
0.662
0.662
0.662
0.427875
0.662
0.662
0.662
0.662
0.662
0.662
0.662
0.662
0.0754355
0.417894
0.662
0.316369
0.288048
0.0743125
0.290743
0.662
0.603472
0.662
0.242029
0.662
0.357457
0.52889
0.662
0.28498
0.662
0.425765
0.662
0.662
0.662
0.423474
0.325898
0.229118
0.468316
0.339373
0.216817
0.226934
0.662
0.556473
0.244251
0.662
0.662
0.313597
0.196818
0.662
0.1925
0.512984
0.662
0.662
0.297401
0.341342
0.566034
0.417524
0.234637
0.268724
0.0466599
0.662
0.150106
0.0800362
0.245835
0.662
0.0328697
0.662
0.662
0.662
0.400295
0.418969
0.217458
0.662
0.662
0.662
0.662
0.662
0.340919
0.182699
0.398532
0.662
0.662
0.662
0.300445
0.230603
0.662
0.500509
0.254105
0.275671
0.662
0.662
0.662
0.381176
0.43363
0.369209
0.317667
0.226388
0.0273867
0.662
0.662
0.567306
0.258982
0.297697
0.164545
0.317609
0.662
0.112465
0.410438
0.662
0.420721
0.662
0.662
0.4985
0.29548
0.662
0.194021
0.143251
0.662
0.662
0.662
0.426858
0.662
0.377971
0.662
0.0931809
0.662
0.177339
0.662
0.11006
0.662
0.662
0.662
0.662
0.662
0.662
0.662
0.415132
0.662
0.662
0.662
0.365985
0.662
0.662
0.662
0.662
0.662
0.462802
0.662
0.474226
0.00372771
0.662
0.662
0.0123209
0.233688
0.289583
0.433728
0.154721
0.662
0.205619
0.662
0.445024
0.662
0.230442
0.662
0.0134997
0.263147
0.662
0.662
0.662
0.267623
0.446968
0.191543
0.282209
0.175564
0.662
0.10708
0.662
0.43786
0.367332
0.217214
0.429445
0.662
0.421035
0.662
0.662
0.662
0.078202
0.284345
0.471863
0.662
0.662
0.0850752
0.662
0.32182
0.342354
0.223443
0.0555257
0.303907
0.662
0.233013
0.662
0.662
0.662
0.092191
0.662
0.662
0.662
0.662
0.662
0.662
0.662
0.662
0.390486
0.0239434
0.233452
0.234826
0.265062
0.662
0.317564
0.662
0.662
0.662
0.0150274
0.565236
0.144039
0.183489
0.662
0.662
0.480106
0.133952
0.306765
0.662
0.585764
0.11772
0.417142
0.662
0.662
0.662
0.145505
0.185203
0.662
0.662
0.197625
0.223423
0.297884
0.0446561
0.526161
0.45992
0.662
0.662
0.662
0.509938
0.06112
0.662
0.351879
0.424983
0.327964
0.662
0.662
0.143715
0.11623
0.213771
0.662
0.662
0.662
0.662
0.662
0.459975
0.662
0.368762
0.662
0.122659
0.662
0.662
0.662
0.0145098
0.662
0.662
0.468918
0.415156
0.468701
0.213976
0.417178
0.662
0.349014
0.662
0.662
0.633391
0.662
0.662
0.220931
0.662
0.175515
0.662
0.0893182
0.253356
0.0227547
0.443271
0.662
0.662
0.263656
0.662
0.662
0.40673
0.662
0.662
0.178097
0.117011
0.0929843
0.502772
0.662
0.167239
0.662
0.662
0.18468
0.662
0.662
0.662
0.0689803
0.0644798
0.662
0.379079
0.250879
0.041584
0.205072
0.662
0.325909
0.662
0.388904
0.662
0.358124
0.300219
0.662
0.384074
0.662
0.662
0.662
0.304724
0.387128
0.662
0.268491
0.475532
0.492004
0.662
0.300735
0.192675
0.0600178
0.662
0.453656
0.662
0.476824
0.662
0.233877
0.662
0.662
0.254537
0.394841
0.662
0.588462
0.238528
0.662
0.662
0.225325
0.316874
0.662
0.296825
0.283976
0.0434875
0.589483
0.327882
0.662
0.662
0.261388
0.662
0.12185
0.604839
0.662
0.48916
0.662
0.257785
0.265211
0.275185
0.213459
0.662
0.662
0.0920235
0.367248
0.662
0.662
0.137371
0.662
0.662
0.361812
0.662
0.160494
0.270404
0.662
0.662
0.458318
0.662
0.662
0.662
0.662
0.118364
0.0674588
0.662
0.662
0.175726
0.501356
0.457357
0.0324691
0.662
0.662
0.662
0.662
0.171738
0.662
0.281929
0.0505932
0.662
0.662
0.662
0.4423
0.595142
0.168352
0.123359
0.132568
0.330905
0.662
0.134165
0.0173903
0.662
0.387137
0.662
0.384854
0.0863511
0.662
0.0316106
0.284521
0.662
0.26757
0.199216
0.662
0.171527
0.662
0.402434
0.662
0.662
0.0617105
0.394446
0.401631
0.662
0.662
0.458341
0.312894
0.662
0.356332
0.535521
0.662
0.205436
0.431991
0.306972
0.16625
0.662
0.662
0.381321
0.138058
0.21236
0.445214
0.302723
0.662
0.662
0.436123
0.0125614
0.324635
0.260791
0.662
0.662
0.299231
0.318935
0.330184
0.662
0.0535143
0.346662
0.32499
0.662
0.0255874
0.0226927
0.662
0.662
0.11038
0.355013
0.338298
0.662
0.203316
0.662
0.607458
0.662
0.429205
0.662
0.662
0.662
0.662
0.358087
0.0635462
0.157143
0.409643
0.0358868
0.446894
0.263565
0.0333265
0.199982
0.662
0.662
0.288064
0.662
0.662
0.0342852
0.662
0.662
0.346017
0.383394
0.662
0.662
0.662
0.301349
0.424193
0.370436
0.316294
0.0871668
0.662
0.288612
0.459862
0.176758
0.662
0.662
0.662
0.209507
0.401472
0.662
0.662
0.662
0.662
0.491762
0.161593
0.161279
0.415947
0.662
0.293381
0.121636
0.252136
0.432072
0.363824
0.662
0.662
0.662
0.249977
0.274953
0.662
0.662
0.662
0.662
0.586958
0.412599
0.421235
0.662
0.662
0.662
0.162329
0.662
0.662
0.662
0.402555
0.473992
0.662
0.207308
0.438117
0.26359
0.662
0.306219
0.651891
0.662
0.222436
0.0233081
0.662
0.662
0.400404
0.256666
0.440813
0.662
0.662
0.241028
0.112842
0.315407
0.662
0.427389
0.0982713
0.662
0.662
0.662
0.662
0.0926852
0.662
0.130162
0.662
0.662
0.662
0.662
0.216354
0.662
0.662
0.662
0.256431
0.096098
0.662
0.295977
0.0839371
0.662
0.662
0.237448
0.662
0.204962
0.662
0.451587
0.382046
0.662
0.260976
0.269388
0.268635
0.463944
0.662
0.662
0.0510638
0.454654
0.0347611
0.662
0.662
0.465659
0.501745
0.662
0.662
0.662
0.444261
0.662
0.662
0.360275
0.0976405
0.289189
0.348949
0.662
0.426281
0.662
0.662
0.0215531
0.144103
0.662
0.662
0.662
0.662
0.662
0.662
0.662
0.444438
0.197529
0.206918
0.251005
0.266634
0.348485
0.662
0.172744
0.662
0.340966
0.662
0.381239
0.376903
0.264647
0.662
0.188658
0.282609
0.662
0.198391
0.367041
0.385188
0.662
0.662
0.662
0.431646
0.146428
0.662
0.24053
0.662
0.662
0.475958
0.250303
0.662
0.662
0.114203
0.0443801
0.150508
0.307983
0.662
0.662
0.158622
0.123696
0.354229
0.321633
0.662
0.542022
0.286712
0.662
0.386191
0.662
0.0351289
0.46743
0.662
0.143108
0.662
0.0859045
0.225227
0.207257
0.154435
0.276684
0.662
0.147969
0.487085
0.0261194
0.395698
0.0806991
0.662
0.342338
0.662
0.0957338
0.662
0.662
0.662
0.529157
0.0747306
0.662
0.662
0.216115
0.662
0.352921
0.0956323
0.295324
0.0965459
0.662
0.662
0.662
0.662
0.662
0.662
0.662
0.662
0.662
0.662
0.662
0.662
0.460316
0.298841
0.0588313
0.662
0.662
0.662
0.662
0.0525338
0.662
0.662
0.662
0.662
0.662
0.662
0.0804184
0.662
0.662
0.662
0.0925738
0.662
0.662
0.167952
0.662
0.662
0.325835
0.662
0.147173
0.644779
0.662
0.662
0.404187
0.662
0.27556
0.221928
0.403116
0.662
0.662
0.363573
0.00811364
0.431494
0.472157
0.662
0.662
0.662
0.662
0.138942
0.120997
0.662
0.06539
0.0378018
0.662
0.352816
0.406391
0.401969
0.662
0.662
0.228723
0.219281
0.662
0.662
0.477504
0.0557884
0.662
0.662
0.131907
0.313317
0.372832
0.324911
0.662
0.161555
0.662
0.437141
0.662
0.473874
0.662
0.662
0.662
0.662
0.662
0.142791
0.168537
0.662
0.25893
0.662
0.662
0.0292094
0.662
0.0241736
0.387896
0.662
0.52009
0.373559
0.358496
0.0880197
0.662
0.662
0.439472
0.021559
0.662
0.419752
0.662
0.662
0.415443
0.389185
0.662
0.662
0.192953
0.662
0.193625
0.314129
0.402864
0.662
0.662
0.662
0.662
0.45229
0.214576
0.297921
0.311988
0.662
0.0411738
0.662
0.662
0.662
0.374672
0.386323
0.355221
0.662
0.163264
0.0662874
0.0610559
0.662
0.0498
0.662
0.662
0.662
0.662
0.093183
0.191681
0.193361
0.662
0.089384
0.168495
0.382839
0.662
0.662
0.194187
0.662
0.662
0.00587853
0.662
0.662
0.662
0.662
0.1142
0.662
0.416388
0.0829128
0.382031
0.662
0.662
0.238343
0.662
0.662
0.207857
0.662
0.662
0.307768
0.268817
0.662
0.662
0.154168
0.662
0.662
0.332427
0.662
0.662
0.129326
0.662
0.662
0.662
0.280793
0.662
0.250959
0.0219855
0.662
0.662
0.662
0.288275
0.379847
0.385518
0.0532743
0.0460025
0.662
0.214999
0.662
0.662
0.458424
0.662
0.662
0.0896762
0.434564
0.662
0.392197
0.392843
0.662
0.662
0.35448
0.662
0.662
0.119987
0.430328
0.662
0.662
0.214294
0.154789
0.662
0.662
0.662
0.662
0.454613
0.662
0.215198
0.277081
0.662
0.662
0.662
0.380635
0.331632
0.662
0.0848797
0.662
0.662
0.288648
0.662
0.662
0.28804
0.0447925
0.365482
0.0468295
0.662
0.662
0.219685
0.662
0.449038
0.662
0.662
0.662
0.662
0.350127
0.120831
0.185996
0.662
0.27599
0.662
0.662
0.662
0.371957
0.662
0.662
0.662
0.662
0.453502
0.662
0.662
0.180602
0.265836
0.144084
0.662
0.662
0.0187175
0.662
0.458072
0.258543
0.257561
0.662
0.662
0.0371258
0.602914
0.298444
0.37211
0.662
0.0503212
0.0612788
0.662
0.662
0.204517
0.0949104
0.261756
0.578011
0.134496
0.100028
0.662
0.662
0.47236
0.0288986
0.662
0.662
0.0419194
0.447922
0.165111
0.0864143
0.662
0.0635332
0.662
0.485016
0.662
0.662
0.345566
0.662
0.662
0.662
0.662
0.348229
0.332761
0.174994
0.0162131
0.662
0.157007
0.662
0.158038
0.384473
0.43323
0.662
0.323982
0.662
0.633693
0.328924
0.276623
0.662
0.494221
0.0957339
0.0620949
0.313369
0.662
0.662
0.662
0.459149
0.222055
0.662
0.662
0.293634
0.662
0.19024
0.131953
0.662
0.662
0.662
0.662
0.200392
0.127582
0.662
0.662
0.330395
0.245149
0.146439
0.662
0.43013
0.36779
0.662
0.662
0.157365
0.662
0.662
0.662
0.662
0.662
0.662
0.343092
0.662
0.36943
0.222268
0.662
0.662
0.168229
0.270675
0.662
0.111932
0.247799
0.662
0.235608
0.662
0.0620934
0.389743
0.38057
0.662
0.0247662
0.107405
0.662
0.168923
0.507732
0.47241
0.583516
0.662
0.662
0.662
0.662
0.662
0.662
0.595701
0.662
0.662
0.131206
0.395474
0.662
0.0279315
0.662
0.0520403
0.662
0.662
0.662
0.438281
0.662
0.662
0.662
0.474704
0.662
0.327014
0.662
0.662
0.662
0.662
0.662
0.260036
0.662
0.662
0.662
0.662
0.110908
0.662
0.0325267
0.201076
0.358988
0.331055
0.662
0.133887
0.662
0.662
0.0678029
0.049848
0.662
0.662
0.198141
0.151368
0.662
0.662
0.662
0.662
0.662
0.147695
0.662
0.275469
0.206345
0.662
0.441592
0.662
0.662
0.177394
0.0592247
0.0108276
0.662
0.120061
0.662
0.662
0.392822
0.0452526
0.662
0.415092
0.662
0.662
0.662
0.253592
0.662
0.352191
0.317024
0.419241
0.103138
0.662
0.281908
0.662
0.428346
0.662
0.250913
0.662
0.662
0.570775
0.340167
0.662
0.662
0.411476
0.172371
0.662
0.272788
0.662
0.662
0.662
0.662
0.662
0.662
0.662
0.421047
0.662
0.662
0.662
0.151825
0.662
0.368456
0.662
0.0523992
0.176199
0.662
0.0356831
0.378951
0.427792
0.662
0.0169335
0.0210951
0.662
0.662
0.662
0.662
0.0841453
0.662
0.662
0.662
0.185863
0.662
0.662
0.662
0.662
0.662
0.351163
0.662
0.170906
0.241235
0.026712
0.662
0.160964
0.0103292
0.662
0.360905
0.662
0.173512
0.662
0.166812
0.662
0.662
0.662
0.662
0.662
0.419484
0.662
0.662
0.662
0.168835
0.662
0.030143
0.662
0.045884
0.180096
0.0372911
0.080107
0.662
0.354611
0.516141
0.662
0.662
0.662
0.662
0.662
0.662
0.112092
0.583368
0.662
0.459431
0.662
0.117347
0.662
0.375679
0.028625
0.16323
0.662
0.472267
0.218419
0.0734026
0.662
0.0072718
0.339
0.194062
0.217971
0.412038
0.662
0.0756933
0.36452
0.662
0.662
0.173507
0.178802
0.188084
0.477736
0.411969
0.168141
0.662
0.423529
0.484853
0.451112
0.662
0.280856
0.400514
0.251196
0.662
0.662
0.662
0.222068
0.662
0.443972
0.287434
0.475089
0.372202
0.319588
0.50516
0.131315
0.362751
0.291629
0.662
0.662
0.662
0.662
0.662
0.313423
0.662
0.180851
0.270753
0.662
0.662
0.433453
0.161225
0.662
0.662
0.662
0.190493
0.388741
0.271745
0.662
0.0266473
0.662
0.0823432
0.041332
0.0146999
0.229834
0.27017
0.662
0.297374
0.662
0.662
0.662
0.662
0.112599
0.296906
0.662
0.662
0.662
0.662
0.662
0.662
0.016904
0.662
0.662
0.662
0.662
0.662
0.442795
0.662
0.0661019
0.662
0.465104
0.662
0.662
0.0492304
0.182162
0.662
0.433431
0.276726
0.091189
0.662
0.475223
0.0101375
0.189054
0.662
0.662
0.614743
0.404496
0.662
0.662
0.662
0.409566
0.0718124
0.0370165
0.382402
0.306679
0.662
0.386399
0.302309
0.408047
0.662
0.662
0.343605
0.349637
0.148275
0.0950001
0.662
0.284629
0.0376256
0.662
0.662
0.432369
0.662
0.662
0.662
0.46736
0.370477
0.662
0.662
0.662
0.662
0.662
0.662
0.0987227
0.364317
0.662
0.662
0.662
0.0031928
0.662
0.662
0.49207
0.662
0.334833
0.662
0.165261
0.662
0.35234
0.147502
0.389291
0.662
0.662
0.662
0.479742
0.065786
0.378153
0.662
0.662
0.662
0.662
0.662
0.662
0.253449
0.474821
0.353887
0.662
0.205202
0.355426
0.662
0.662
0.662
0.228167
0.599666
0.662
0.662
0.662
0.458323
0.541911
0.662
0.662
0.662
0.184413
0.161589
0.143012
0.168061
0.662
0.662
0.338242
0.662
0.408816
0.662
0.662
0.477096
0.342283
0.662
0.248049
0.662
0.343038
0.326811
0.662
0.662
0.662
0.662
0.662
0.47548
0.662
0.662
0.662
0.220476
0.662
0.662
0.411836
0.662
0.662
0.662
0.285273
0.0533602
0.249092
0.662
0.388337
0.662
0.662
0.111386
0.162468
0.358766
0.662
0.450624
0.662
0.662
0.662
0.662
0.348089
0.0733198
0.662
0.662
0.662
0.288422
0.261253
0.216636
0.240314
0.096698
0.472207
0.662
0.61105
0.420914
0.662
0.662
0.00865318
0.00433611
0.662
0.441317
0.662
0.579408
0.44115
0.168527
0.507197
0.0756698
0.00209331
0.385374
0.662
0.546237
0.136065
0.662
0.662
0.356987
0.662
0.662
0.419081
0.662
0.662
0.662
0.662
0.130349
0.662
0.662
0.662
0.382648
0.662
0.480178
0.662
0.317598
0.40088
0.662
0.15891
0.0412438
0.473725
0.397149
0.478437
0.437975
0.662
0.440579
0.662
0.662
0.662
0.0464861
0.191481
0.662
0.662
0.366026
0.662
0.662
0.286634
0.45672
0.662
0.662
0.662
0.662
0.662
0.662
0.662
0.662
0.289332
0.289943
0.662
0.0800211
0.662
0.662
0.662
0.662
0.662
0.662
0.662
0.662
0.662
0.662
0.629763
0.662
0.662
0.662
0.154631
0.00402902
0.315117
0.354935
0.662
0.662
0.662
0.662
0.662
0.662
0.662
0.662
0.435275
0.333241
0.041471
0.329335
0.662
0.662
0.662
0.662
0.662
0.388978
0.662
0.45356
0.662
0.662
0.662
0.58923
0.407877
0.20332
0.430398
0.662
0.662
0.075984
0.662
0.662
0.662
0.171608
0.662
0.662
0.662
0.44922
0.662
0.466008
0.662
0.395228
0.662
0.0927139
0.662
0.0785125
0.433359
0.662
0.662
0.662
0.662
0.555906
0.452373
0.130402
0.0313438
0.662
0.662
0.421588
0.420836
0.132484
0.662
0.147035
0.662
0.311888
0.278685
0.273949
0.016518
0.662
0.662
0.662
0.662
0.662
0.304499
0.662
0.662
0.257208
0.441781
0.5282
0.62943
0.302289
0.662
0.662
0.662
0.470308
0.416149
0.662
0.181818
0.662
0.662
0.244177
0.459071
0.662
0.280689
0.662
0.431472
0.319237
0.0198715
0.662
0.465841
0.476328
0.662
0.385073
0.336768
0.662
0.662
0.662
0.147466
0.589221
0.268141
0.662
0.662
0.662
0.529344
0.662
0.152916
0.0746071
0.662
0.662
0.662
0.662
0.0287363
0.131229
0.432634
0.662
0.662
0.662
0.41283
0.662
0.662
0.0815536
0.443798
0.0774425
0.35944
0.295162
0.662
0.662
0.29395
0.662
0.662
0.662
0.662
0.662
0.464505
0.0843969
0.434674
0.281502
0.662
0.201196
0.135331
0.234785
0.152275
0.662
0.662
0.662
0.185317
0.662
0.600638
0.36566
0.436927
