0.0634869
0.662
0.277217
0.662
0.662
0.00477687
0.145295
0.277732
0.662
0.387483
0.662
0.324393
0.662
0.662
0.662
0.662
0.455938
0.332285
0.662
0.662
0.0863585
0.662
0.110134
0.662
0.317048
0.263507
0.474893
0.662
0.382295
0.662
0.662
0.662
0.662
0.359388
0.662
0.662
0.662
0.662
0.662
0.210086
0.662
0.124149
0.662
0.662
0.662
0.358088
0.219874
0.365997
0.599926
0.662
0.662
0.269378
0.662
0.168805
0.662
0.148318
0.303429
0.662
0.662
0.662
0.0607506
0.185352
0.159388
0.552586
0.324016
0.349515
0.662
0.420734
0.0425475
0.662
0.662
0.662
0.662
0.154277
0.171754
0.662
0.36408
0.662
0.662
0.662
0.662
0.229137
0.662
0.322491
0.662
0.336428
0.662
0.662
0.207123
0.662
0.192236
0.662
0.662
0.662
0.489641
0.662
0.662
0.542519
0.488207
0.223371
0.662
0.662
0.662
0.662
0.510981
0.662
0.662
0.662
0.662
0.662
0.662
0.123619
0.350048
0.390844
0.200578
0.662
0.237401
0.662
0.18088
0.662
0.662
0.662
0.45983
0.662
0.154996
0.0449884
0.662
0.466564
0.411192
0.662
0.123734
0.469858
0.662
0.303175
0.662
0.662
0.662
0.662
0.194389
0.662
0.662
0.441974
0.532358
0.662
0.662
0.662
0.461225
0.117189
0.221518
0.662
0.662
0.662
0.296366
0.662
0.662
0.662
0.239037
0.662
0.662
0.00245353
0.467197
0.662
0.0678895
0.662
0.662
0.662
0.662
0.096586
0.662
0.662
0.211528
0.301412
0.662
0.4641
0.415546
0.343905
0.662
0.662
0.662
0.180899
0.662
0.662
0.662
0.662
0.662
0.662
0.662
0.225965
0.375442
0.0496315
0.454333
0.662
0.47298
0.662
0.0545248
0.662
0.662
0.231078
0.180291
0.662
0.662
0.662
0.662
0.0915317
0.662
0.0396363
0.662
0.662
0.662
0.662
0.220939
0.662
0.662
0.662
0.662
0.662
0.3315
0.356967
0.588237
0.315221
0.0628558
0.534675
0.662
0.662
0.413486
0.454286
0.342955
0.0158112
0.651878
0.662
0.458587
0.662
0.025655
0.662
0.553326
0.662
0.203096
0.662
0.662
0.662
0.408228
0.662
0.407174
0.662
0.412517
0.309104
0.662
0.662
0.662
0.37846
0.444931
0.662
0.354916
0.202427
0.662
0.249586
0.434138
0.309523
0.662
0.259766
0.313291
0.662
0.222287
0.406036
0.199286
0.662
0.629706
0.337274
0.183918
0.160577
0.463264
0.662
0.662
0.662
0.0716156
0.662
0.138064
0.662
0.392744
0.662
0.305937
0.662
0.662
0.0738915
0.662
0.321101
0.355871
0.662
0.382079
0.662
0.300787
0.662
0.534544
0.24927
0.212553
0.662
0.662
0.662
0.238426
0.119637
0.0236718
0.0950257
0.0941918
0.109229
0.181801
0.117611
0.662
0.19837
0.662
0.468216
0.662
0.662
0.0304632
0.662
0.662
0.319756
0.330554
0.662
0.0597976
0.662
0.156873
0.662
0.0743332
0.662
0.662
0.246969
0.662
0.662
0.662
0.662
0.0174636
0.401523
0.0125566
0.0661526
0.662
0.662
0.662
0.300603
0.358216
0.0996323
0.212666
0.0766914
0.662
0.14583
0.103042
0.662
0.475202
0.662
0.662
0.451548
0.662
0.292389
0.662
0.0388756
0.289314
0.662
0.554404
0.155321
0.236023
0.216852
0.662
0.662
0.212708
0.289992
0.170062
0.0167151
0.334696
0.127995
0.298701
0.662
0.399322
0.555624
0.662
0.246475
0.174179
0.0828231
0.0335424
0.662
0.633664
0.662
0.662
0.301762
0.662
0.348838
0.662
0.424204
0.662
0.43565
0.312339
0.205368
0.662
0.0218328
0.662
0.358496
0.662
0.662
0.662
0.112365
0.0882971
0.244024
0.0904255
0.662
0.287219
0.438475
0.662
0.0078085
0.662
0.662
0.662
0.662
0.662
0.488587
0.662
0.441242
0.234653
0.662
0.149649
0.662
0.227619
0.662
0.46289
0.582292
0.0829955
0.250927
0.138924
0.274623
0.345041
0.219657
0.662
0.662
0.232062
0.662
0.271905
0.662
0.105843
0.662
0.662
0.662
0.662
0.662
0.0673464
0.662
0.459678
0.662
0.662
0.0781942
0.662
0.462086
0.361928
0.662
0.0279408
0.662
0.0694658
0.662
0.134787
0.0839889
0.662
0.575657
0.662
0.102425
0.347314
0.0821698
0.217174
0.662
0.593952
0.662
0.662
0.662
0.316449
0.332137
0.260032
0.278584
0.0905473
0.662
0.662
0.662
0.662
0.662
0.330651
0.662
0.188501
0.354777
0.23798
0.15217
0.16878
0.228274
0.0989644
0.662
0.662
0.662
0.662
0.0678591
0.406313
0.662
0.662
0.662
0.0492117
0.391004
0.0225722
0.662
0.428385
0.662
0.025706
0.662
0.662
0.20134
0.123927
0.421683
0.471276
0.23304
0.662
0.186946
0.662
0.662
0.204898
0.158458
0.375123
0.320866
0.0548016
0.662
0.662
0.0700003
0.662
0.196885
0.662
0.10885
0.662
0.586131
0.454042
0.629378
0.439465
0.200003
0.662
0.662
0.662
0.662
0.662
0.662
0.662
0.662
0.191404
0.0462609
0.598888
0.662
0.662
0.381455
0.0617135
0.662
0.531357
0.0656539
0.662
0.662
0.662
0.662
0.662
0.308108
0.662
0.111253
0.259134
0.23793
0.142864
0.139832
0.357059
0.529765
0.662
0.662
0.407295
0.071396
0.107084
0.311444
0.662
0.0757046
0.662
0.662
0.662
0.662
0.433915
0.662
0.662
0.0964171
0.662
0.662
0.662
0.423392
0.492557
0.662
0.437028
0.253918
0.411064
0.0487865
0.148569
0.416868
0.0491768
0.132725
0.662
0.633391
0.00799957
0.248973
0.662
0.242234
0.212065
0.662
0.405078
0.163986
0.205584
0.662
0.45982
0.15877
0.416119
0.260487
0.662
0.662
0.662
0.662
0.203138
0.662
0.662
0.207165
0.125361
0.354924
0.116666
0.662
0.662
0.434238
0.184633
0.316372
0.662
0.662
0.662
0.320819
0.662
0.208939
0.2903
0.662
0.662
0.662
0.662
0.662
0.324573
0.662
0.662
0.177723
0.471014
0.662
0.359669
0.662
0.428491
0.662
0.662
0.662
0.662
0.121069
0.662
0.662
0.662
0.662
0.662
0.140778
0.243629
0.0278772
0.36615
0.662
0.662
0.478831
0.0752055
0.296074
0.542435
0.0348483
0.198938
0.0276497
0.292116
0.662
0.234923
0.662
0.662
0.662
0.662
0.662
0.662
0.662
0.367061
0.662
0.146956
0.662
0.372855
0.662
0.662
0.376283
0.225754
0.458267
0.662
0.662
0.409063
0.0386709
0.662
0.662
0.0727224
0.662
0.301191
0.460584
0.662
0.0903716
0.173489
0.34839
0.662
0.248479
0.112727
0.662
0.13189
0.662
0.662
0.306052
0.662
0.470496
0.662
0.662
0.662
0.404825
0.662
0.662
0.662
0.29801
0.0749458
0.185882
0.662
0.662
0.662
0.662
0.662
0.297418
0.227427
0.662
0.0735082
0.37869
0.232263
0.188847
0.662
0.662
0.662
0.0457248
0.662
0.662
0.319307
0.160804
0.209081
0.662
0.662
0.662
0.662
0.174361
0.662
0.662
0.662
0.662
0.662
0.662
0.0160493
0.385944
0.662
0.662
0.363219
0.532901
0.662
0.224507
0.662
0.662
0.662
0.129622
0.493337
0.221026
0.468515
0.662
0.662
0.662
0.662
0.334551
0.399357
0.662
0.447742
0.374542
0.662
0.573661
0.662
0.662
0.662
0.662
0.662
0.0801708
0.662
0.182524
0.155536
0.44245
0.662
0.0914096
0.662
0.662
0.662
0.24503
0.414255
0.662
0.662
0.662
0.0614639
0.0133801
0.662
0.47376
0.662
0.662
0.662
0.420577
0.259523
0.0144046
0.662
0.662
0.662
0.662
0.662
0.662
0.271635
0.662
0.662
0.583684
0.662
0.662
0.329217
0.662
0.085823
0.662
0.662
0.239221
0.662
0.662
0.28836
0.662
0.662
0.237976
0.043057
0.274088
0.359304
0.0317454
0.0007298
0.156331
0.128015
0.062478
0.662
0.662
0.497866
0.662
0.602903
0.406358
0.209577
0.662
0.121656
0.662
0.475252
0.662
0.662
0.411333
0.662
0.449292
0.198541
0.209502
0.0127225
0.375569
0.416471
0.416457
0.250629
0.196315
0.415162
0.662
0.662
0.421118
0.662
0.309937
0.28376
0.379568
0.662
0.662
0.662
0.662
0.662
0.411754
0.462693
0.662
0.127615
0.662
0.0777257
0.0834322
0.307042
0.163021
0.347677
0.662
0.662
0.280409
0.434752
0.0950872
0.662
0.662
0.406189
0.662
0.662
0.145315
0.662
0.662
0.662
0.662
0.289301
0.662
0.662
0.662
0.0676187
0.253578
0.662
0.662
0.662
0.0961167
0.662
0.105195
0.447479
0.252546
0.269444
0.662
0.662
0.662
0.120327
0.129695
0.392698
0.381985
0.662
0.466775
0.662
0.0540243
0.662
0.662
0.348603
0.662
0.662
0.312843
0.662
0.447412
0.662
0.662
0.0620336
0.163964
0.390664
0.32768
0.387475
0.273459
0.662
0.662
0.662
0.662
0.141597
0.336962
0.662
0.212117
0.662
0.213728
0.662
0.662
0.662
0.537576
0.257972
0.113263
0.182026
0.662
0.338456
0.449137
0.524159
0.662
0.662
0.662
0.120879
0.662
0.662
0.302404
0.662
0.662
0.395627
0.662
0.662
0.662
0.407367
0.662
0.616715
0.191235
0.5842
0.215876
0.446069
0.0251881
0.662
0.662
0.359149
0.00570968
0.100445
0.558138
0.662
0.464116
0.351817
0.662
0.461379
0.34469
0.418157
0.370576
0.662
0.00698468
0.662
0.223384
0.662
0.662
0.237298
0.662
0.662
0.662
0.415525
0.662
0.662
0.662
0.19893
0.662
0.662
0.0168909
0.187275
0.215504
0.662
0.662
0.455349
0.493917
0.662
0.627004
0.243864
0.00551753
0.353025
0.404814
0.181321
0.200544
0.662
0.662
0.662
0.662
0.662
0.435039
0.662
0.662
0.662
0.0403903
0.662
0.487366
0.662
0.662
0.289441
0.662
0.215251
0.338087
0.662
0.662
0.207664
0.280524
0.662
0.447827
0.662
0.662
0.662
0.349078
0.662
0.662
0.662
0.44545
0.662
0.260369
0.662
0.326425
0.221658
0.641275
0.303762
0.281414
0.461949
0.662
0.434955
0.662
0.662
0.128589
0.0882572
0.662
0.662
0.662
0.662
0.231877
0.0844813
0.662
0.662
0.662
0.322055
0.164428
0.592523
0.662
0.441668
0.662
0.662
0.365576
0.662
0.317559
0.662
0.662
0.485401
0.411205
0.202049
0.160422
0.0456811
0.431594
0.426988
0.397261
0.662
0.355392
0.429228
0.662
0.662
0.662
0.24114
0.662
0.662
0.662
0.662
0.662
0.662
0.662
0.605231
0.662
0.662
0.662
0.662
0.419847
0.662
0.387741
0.322949
0.662
0.29514
0.212473
0.231555
0.662
0.0185906
0.486609
0.343559
0.662
0.662
0.425176
0.662
0.662
0.323875
0.392628
0.662
0.40719
0.662
0.662
0.136458
0.662
0.662
0.662
0.662
0.616369
0.662
0.154493
0.073857
0.201761
0.662
0.662
0.662
0.422874
0.662
0.662
0.662
0.155728
0.662
0.316421
0.662
0.662
0.662
0.662
0.450955
0.425044
0.662
0.662
0.369161
0.662
0.237518
0.454291
0.662
0.198716
0.662
0.662
0.662
0.662
0.195194
0.662
0.662
0.662
0.188769
0.662
0.40273
0.662
0.0559545
0.229066
0.210529
0.662
0.662
0.14321
0.29543
0.662
0.662
0.286351
0.215864
0.662
0.662
0.662
0.216442
0.662
0.662
0.662
0.0152446
0.0155334
0.662
0.224557
0.182605
0.478623
0.113978
0.407394
0.476944
0.393081
0.45681
0.40974
0.287906
0.279816
0.382427
0.310908
0.467933
0.167247
0.335606
0.662
0.204683
0.662
0.662
0.662
0.210581
0.662
0.369144
0.476836
0.137767
0.398029
0.662
0.662
0.132011
0.43416
0.0838468
0.662
0.662
0.662
0.662
0.662
0.662
0.662
0.378931
0.152648
0.662
0.1037
0.662
0.0984185
0.662
0.662
0.065765
0.449319
0.662
0.305774
0.0744173
0.662
0.662
0.31543
0.197717
0.187916
0.662
0.233136
0.155018
0.662
0.662
0.39906
0.662
0.662
0.662
0.256782
0.662
0.403037
0.662
0.662
0.662
0.662
0.662
0.662
0.454088
0.662
0.662
0.662
0.399996
0.662
0.662
0.662
0.252895
0.440701
0.479852
0.662
0.662
0.189651
0.461054
0.662
0.291302
0.125779
0.662
0.25766
0.662
0.421174
0.662
0.662
0.662
0.226711
0.417971
0.662
0.662
0.236122
0.0754253
0.662
0.662
0.216288
0.304261
0.662
0.662
0.339286
0.207718
0.662
0.622529
0.662
0.466102
0.182071
0.662
0.506986
0.662
0.662
0.399832
0.662
0.00504702
0.662
0.077343
0.662
0.662
0.29829
0.338918
0.398052
0.284423
0.662
0.380538
0.419102
0.219839
0.444299
0.264652
0.108388
0.662
0.10491
0.662
0.662
0.248765
0.151641
0.463757
0.662
0.662
0.0347398
0.207035
0.499777
0.446673
0.289166
0.125552
0.471429
0.263766
0.662
0.662
0.662
0.662
0.662
0.139827
0.233376
0.662
0.00352956
0.0897823
0.388167
0.662
0.349793
0.486975
0.662
0.662
0.172022
0.0206115
0.662
0.175091
0.453855
0.42824
0.379633
0.347491
0.662
0.662
0.0195374
0.0926225
0.16732
0.662
0.361719
0.662
0.598933
0.662
0.201448
0.662
0.662
0.25238
0.430162
0.662
0.106782
0.570376
0.662
0.662
0.662
0.467771
0.317703
0.662
0.662
0.0494085
0.662
0.662
0.0926062
0.662
0.662
0.41127
0.373553
0.662
0.372675
0.327698
0.662
0.662
0.269542
0.134134
0.662
0.347081
0.45519
0.228684
0.316649
0.662
0.457464
0.124676
0.662
0.148893
0.0813839
0.662
0.662
0.112442
0.446219
0.568284
0.455824
0.662
0.662
0.583178
0.662
0.662
0.662
0.0871089
0.211569
0.63885
0.305562
0.662
0.662
0.662
0.662
0.662
0.1366
0.256305
0.662
0.301431
0.452609
0.476043
0.662
0.662
0.494529
0.246989
0.662
0.662
0.194683
0.662
0.302349
0.0302193
0.662
0.201361
0.190144
0.662
0.309661
0.662
0.662
0.662
0.662
0.662
0.662
0.0461364
0.662
0.301299
0.00565505
0.662
0.662
0.662
0.0992268
0.662
0.178241
0.0135029
0.662
0.373232
0.348665
0.359142
0.630448
0.368714
0.409894
0.361605
0.662
0.662
0.232096
0.662
0.0399235
0.00869506
0.157831
0.662
0.662
0.662
0.662
0.662
0.662
0.662
0.252354
0.662
0.543207
0.662
0.020446
0.0602905
0.199522
0.321046
0.662
0.662
0.662
0.662
0.662
0.662
0.233292
0.662
0.210187
0.370551
0.662
0.662
0.662
0.662
0.662
0.662
0.662
0.132197
0.662
0.246702
0.662
0.662
0.662
0.662
0.255973
0.662
0.458682
0.0663656
0.662
0.428599
0.316164
0.301727
0.255524
0.104995
0.04099
0.342137
0.387602
0.662
0.662
0.184506
0.662
0.662
0.0737522
0.662
0.481547
0.662
0.662
0.662
0.0854143
0.12719
0.360119
0.662
0.218113
0.662
0.0961702
0.662
0.662
0.363814
0.662
0.445557
0.662
0.662
0.309412
0.662
0.662
0.347541
0.662
0.662
0.389894
0.0287825
0.423568
0.662
0.3361
0.662
0.662
0.203558
0.262594
0.662
0.0885478
0.208245
0.662
0.662
0.106624
0.00261283
0.431929
0.264795
0.151222
0.662
0.662
0.662
0.662
0.069575
0.662
0.460633
0.332705
0.662
0.369969
0.662
0.177876
0.662
0.420615
0.662
0.662
0.280975
0.0500041
0.662
0.465917
0.17785
0.662
0.425607
0.319585
0.662
0.484619
0.315279
0.160523
0.283039
0.662
0.662
0.662
0.378734
0.324837
0.662
0.662
0.662
0.662
0.662
0.662
0.618305
0.0982928
0.662
0.168931
0.421249
0.421284
0.425566
0.662
0.123422
0.253951
0.662
0.383169
0.662
0.0856838
0.662
0.662
0.237466
0.662
0.362995
0.662
0.400487
0.662
0.662
0.662
0.662
0.662
0.328334
0.662
0.662
0.662
0.662
0.401675
0.662
0.365554
0.036778
0.662
0.662
0.662
0.662
0.662
0.136302
0.19736
0.662
0.239821
0.473564
0.662
0.328114
0.662
0.662
0.662
0.276066
0.445309
0.38057
0.45421
0.662
0.369745
0.662
0.189189
0.662
0.394671
0.662
0.445015
0.323419
0.238858
0.0785748
0.236383
0.662
0.283975
