0.550832
0.0225863
0.662
0.0091026
0.464656
0.158988
0.662
0.342861
0.662
0.662
0.662
0.152278
0.26403
0.662
0.662
0.0692296
0.662
0.662
0.662
0.161496
0.662
0.165665
0.311837
0.335595
0.662
0.662
0.26268
0.190714
0.662
0.0785409
0.409507
0.662
0.158744
0.0288899
0.187275
0.426078
0.662
0.248458
0.289677
0.108443
0.662
0.459709
0.369329
0.662
0.662
0.374069
0.662
0.662
0.662
0.448395
0.286535
0.45805
0.662
0.662
0.212999
0.662
0.662
0.331815
0.465744
0.662
0.662
0.10267
0.376426
0.330915
0.662
0.662
0.255759
0.365146
0.206861
0.662
0.662
0.662
0.22934
0.662
0.310885
0.206769
0.662
0.525158
0.662
0.205943
0.296006
0.187262
0.284175
0.662
0.195351
0.662
0.367944
0.662
0.662
0.662
0.161057
0.0105998
0.118466
0.662
0.662
0.662
0.506995
0.662
0.662
0.662
0.398132
0.299489
0.662
0.298662
0.234939
0.662
0.217009
0.662
0.313479
0.337163
0.0323629
0.256352
0.0619403
0.371712
0.255977
0.172897
0.662
0.600497
0.662
0.662
0.162272
0.662
0.19127
0.662
0.662
0.662
0.0677296
0.662
0.0989935
0.662
0.0285388
0.662
0.425925
0.253253
0.336216
0.662
0.235352
0.662
0.120541
0.662
0.662
0.662
0.387839
0.150772
0.0910941
0.0519662
0.662
0.662
0.443382
0.662
0.662
0.175713
0.662
0.103399
0.662
0.662
0.662
0.0387092
0.662
0.267689
0.467471
0.353704
0.323381
0.222567
0.662
0.507241
0.124586
0.662
0.408985
0.662
0.0811844
0.439301
0.0710155
0.662
0.389131
0.662
0.662
0.662
0.662
0.662
0.662
0.662
0.662
0.662
0.390696
0.662
0.662
0.662
0.214578
0.662
0.662
0.662
0.662
0.662
0.662
0.662
0.209271
0.662
0.662
0.662
0.662
0.560688
0.0795227
0.662
0.662
0.662
0.0592262
0.662
0.662
0.662
0.662
0.662
0.662
0.213516
0.143397
0.614394
0.390861
0.206402
0.63339
0.189205
0.662
0.662
0.662
0.662
0.336285
0.335549
0.662
0.522517
0.662
0.662
0.662
0.422906
0.37676
0.429783
0.662
0.188098
0.662
0.662
0.662
0.312339
0.205368
0.662
0.662
0.662
0.662
0.662
0.662
0.662
0.662
0.242665
0.662
0.28651
0.17785
0.372258
0.468533
0.0418775
0.662
0.109726
0.662
0.170568
0.662
0.662
0.188439
0.662
0.195816
0.662
0.0196006
0.385439
0.0061175
0.662
0.127217
0.662
0.662
0.662
0.163106
0.207218
0.662
0.585564
0.0693567
0.662
0.662
0.134847
0.662
0.662
0.662
0.100905
0.161314
0.352411
0.662
0.662
0.662
0.662
0.662
0.0156925
0.13684
0.144162
0.0712391
0.457328
0.395572
0.662
0.662
0.237023
0.662
0.662
0.184242
0.662
0.532949
0.493123
0.662
0.204049
0.357364
0.408193
0.355225
0.461456
0.662
0.662
0.0387528
0.0665182
0.189083
0.316922
0.163532
0.261162
0.0753032
0.662
0.358637
0.455538
0.310029
0.119041
0.662
0.662
0.662
0.474959
0.325601
0.662
0.662
0.267309
0.301674
0.662
0.662
0.129563
0.662
0.129217
0.662
0.662
0.220297
0.0519833
0.323404
0.662
0.194959
0.408884
0.662
0.188868
0.662
0.11959
0.0167764
0.140511
0.662
0.662
0.662
0.261637
0.48931
0.662
0.662
0.170347
0.662
0.662
0.662
0.254717
0.322402
0.662
0.0121714
0.445671
0.210187
0.662
0.457158
0.662
0.662
0.655054
0.449011
0.662
0.454933
0.662
0.662
0.662
0.662
0.320563
0.389283
0.276433
0.129744
0.417286
0.662
0.662
0.307076
0.662
0.662
0.00259531
0.662
0.559334
0.662
0.662
0.662
0.662
0.158127
0.662
0.385274
0.662
0.31405
0.662
0.362091
0.0460009
0.0336084
0.662
0.471874
0.375575
0.662
0.662
0.336227
0.662
0.0797766
0.662
0.322271
0.32837
0.662
0.196231
0.304146
0.46447
0.0829613
0.0793047
0.662
0.662
0.662
0.662
0.662
0.492777
0.343002
0.438988
0.662
0.0722121
0.662
0.504735
0.662
0.188698
0.313659
0.445808
0.662
0.122271
0.491754
0.662
0.0507608
0.262913
0.662
0.290012
0.522616
0.662
0.093989
0.000983928
0.315752
0.662
0.662
0.371437
0.662
0.133549
0.370106
0.662
0.662
0.0761984
0.662
0.348773
0.0855127
0.662
0.0722435
0.386649
0.662
0.662
0.662
0.0495341
0.662
0.662
0.662
0.662
0.662
0.33166
0.662
0.2867
0.271268
0.0649798
0.662
0.662
0.469982
0.401479
0.334441
0.40371
0.662
0.158919
0.143105
0.662
0.662
0.662
0.662
0.122786
0.300457
0.0247427
0.644505
0.293914
0.102125
0.662
0.662
0.30209
0.312556
0.662
0.662
0.662
0.662
0.566867
0.662
0.662
0.662
0.662
0.0152436
0.662
0.662
0.662
0.261627
0.662
0.306292
0.246011
0.44636
0.157174
0.662
0.147528
0.311595
0.465389
0.662
0.444032
0.662
0.662
0.662
0.662
0.662
0.662
0.449912
0.367495
0.348739
0.662
0.662
0.552371
0.37989
0.161485
0.662
0.662
0.430621
0.472145
0.244519
0.662
0.150791
0.662
0.474374
0.0941444
0.662
0.448395
0.662
0.364911
0.662
0.284481
0.21625
0.662
0.0856679
0.0920453
0.662
0.662
0.662
0.248489
0.662
0.20366
0.0288622
0.662
0.662
0.662
0.662
0.662
0.185763
0.438977
0.241011
0.662
0.662
0.662
0.662
0.0984185
0.427102
0.224786
0.359952
0.662
0.662
0.662
0.134457
0.115874
0.662
0.399261
0.525223
0.662
0.662
0.662
0.662
0.370141
0.0325353
0.662
0.469833
0.483242
0.127363
0.662
0.170097
0.662
0.37376
0.662
0.0780226
0.233533
0.662
0.429042
0.118822
0.662
0.662
0.439949
0.0378298
0.366631
0.662
0.0757046
0.662
0.25985
0.049085
0.101596
0.401218
0.349541
0.255503
0.662
0.662
0.257721
0.662
0.662
0.373615
0.662
0.138542
0.662
0.653459
0.662
0.534806
0.662
0.445408
0.28876
0.662
0.449095
0.662
0.138795
0.503985
0.662
0.662
0.662
0.36084
0.662
0.0299238
0.662
0.38289
0.662
0.662
0.662
0.662
0.108083
0.662
0.662
0.662
0.662
0.662
0.662
0.439842
0.662
0.662
0.662
0.25462
0.662
0.174483
0.475269
0.18944
0.103021
0.108012
0.662
0.662
0.662
0.388998
0.187947
0.662
0.662
0.492407
0.662
0.662
0.662
0.0356383
0.662
0.499279
0.456891
0.662
0.662
0.212205
0.662
0.0651321
0.0338844
0.143816
0.388955
0.662
0.0208342
0.662
0.662
0.662
0.308393
0.662
0.104632
0.662
0.294356
0.212111
0.0597731
0.662
0.194261
0.662
0.662
0.662
0.662
0.662
0.157914
0.206731
0.271635
0.0127626
0.662
0.372114
0.086029
0.662
0.662
0.662
0.662
0.662
0.312168
0.323977
0.657259
0.444608
0.662
0.662
0.116184
0.451809
0.662
0.385294
0.662
0.0650039
0.662
0.662
0.273421
0.210711
0.662
0.662
0.662
0.662
0.662
0.248172
0.301324
0.0426616
0.662
0.270909
0.662
0.125467
0.544001
0.662
0.464823
0.16463
0.144414
0.3518
0.662
0.662
0.662
0.352396
0.352458
0.662
0.662
0.662
0.339605
0.0823253
0.662
0.0186269
0.662
0.662
0.662
0.662
0.662
0.662
0.662
0.446483
0.106196
0.189086
0.662
0.329672
0.662
0.194079
0.278352
0.662
0.235304
0.662
0.558138
0.127738
0.662
0.400285
0.340448
0.0414958
0.392157
0.306931
0.662
0.328448
0.662
0.177999
0.458917
0.0957579
0.662
0.662
0.00423978
0.662
0.060854
0.249768
0.662
0.662
0.662
0.413721
0.520168
0.662
0.662
0.246588
0.662
0.0776222
0.662
0.354924
0.157289
0.662
0.121005
0.662
0.185515
0.0904526
0.524947
0.662
0.273399
0.114144
0.114834
0.662
0.662
0.662
0.662
0.662
0.662
0.662
0.662
0.0263197
0.385984
0.459533
0.325925
0.217899
0.0957075
0.321328
0.343243
0.586747
0.662
0.118388
0.499041
0.662
0.385079
0.662
0.662
0.662
0.466612
0.662
0.662
0.445467
0.662
0.315584
0.325495
0.578849
0.187181
0.662
0.662
0.662
0.0304373
0.662
0.497035
0.00679219
0.662
0.059048
0.662
0.237806
0.0248972
0.126811
0.0651822
0.236217
0.314024
0.662
0.17992
0.252808
0.248187
0.404085
0.662
0.0134346
0.174179
0.526864
0.45734
0.473191
0.109656
0.263212
0.662
0.662
0.662
0.662
0.662
0.662
0.288096
0.662
0.662
0.370406
0.504985
0.0139338
0.0672945
0.197216
0.180563
0.0459827
0.662
0.276643
0.338706
0.0436638
0.662
0.348448
0.662
0.0706414
0.123762
0.662
0.662
0.662
0.662
0.0717534
0.0892091
0.171445
0.529606
0.00938562
0.0276739
0.662
0.441476
0.463232
0.193372
0.662
0.662
0.458442
0.662
0.662
0.662
0.662
0.662
0.415908
0.662
0.600332
0.662
0.662
0.662
0.431835
0.331806
0.36951
0.662
0.662
0.662
0.662
0.402945
0.212553
0.662
0.662
0.662
0.628962
0.283379
0.0634472
0.662
0.0620336
0.0206466
0.662
0.662
0.662
0.625935
0.473319
0.662
0.662
0.26129
0.315036
0.662
0.360051
0.277281
0.662
0.662
0.256558
0.662
0.662
0.159554
0.166828
0.468655
0.306736
0.662
0.662
0.444527
0.662
0.662
0.662
0.429727
0.662
0.152854
0.0855152
0.142879
0.195737
0.662
0.407588
0.0654911
0.662
0.405979
0.662
0.243842
0.662
0.382427
0.662
0.49244
0.108873
0.662
0.662
0.662
0.0469746
0.662
0.317046
0.338425
0.227619
0.443524
0.329408
0.410369
0.662
0.662
0.662
0.523028
0.280719
0.426872
0.503816
0.255898
0.236936
0.662
0.662
0.662
0.662
0.662
0.0347594
0.0560642
0.662
0.182425
0.347779
0.491844
0.380831
0.461678
0.00393558
0.144226
0.662
0.151641
0.662
0.415031
0.662
0.497937
0.662
0.660543
0.438886
0.297134
0.362995
0.662
0.386913
0.662
0.662
0.662
0.662
0.662
0.177287
0.194018
0.122384
0.662
0.662
0.662
0.662
0.331309
0.662
0.662
0.662
0.662
0.0717289
0.662
0.662
0.662
0.0853687
0.662
0.385715
0.108926
0.386625
0.662
0.662
0.662
0.0624173
0.119137
0.178735
0.662
0.662
0.299325
0.662
0.0594778
0.43428
0.662
0.241897
0.28956
0.662
0.662
0.238662
0.378828
0.662
0.662
0.662
0.128842
0.0234683
0.524857
0.662
0.662
0.271192
0.662
0.214376
0.662
0.0872813
0.662
0.662
0.662
0.662
0.392883
0.662
0.263426
0.662
0.662
0.273398
0.548145
0.662
0.511853
0.662
0.662
0.220015
0.662
0.501235
0.527042
0.662
0.275255
0.0450765
0.662
0.0400355
0.0057303
0.373687
0.662
0.365568
0.662
0.479974
0.662
0.662
0.662
0.0937765
0.605306
0.12773
0.066047
0.662
0.248841
0.275391
0.662
0.662
0.662
0.662
0.662
0.64806
0.662
0.455649
0.662
0.105094
0.528259
0.13054
0.662
0.157782
0.0033593
0.580676
0.662
0.371493
0.662
0.607088
0.662
0.299968
0.59109
0.662
0.662
0.497266
0.662
0.662
0.662
0.662
0.202301
0.421163
0.662
0.662
0.662
0.467195
0.127404
0.237253
0.319117
0.662
0.662
0.662
0.662
0.662
0.104425
0.662
0.662
0.662
0.423123
0.662
0.662
0.261951
0.376527
0.116221
0.494456
0.141617
0.286391
0.530581
0.662
0.662
0.662
0.662
0.39454
0.592529
0.662
0.478708
0.306551
0.416659
0.0575686
0.0307441
0.662
0.662
0.662
0.0297054
0.600906
0.662
0.662
0.662
0.662
0.662
0.581685
0.227073
0.336828
0.662
0.662
0.316387
0.0580382
0.447545
0.662
0.662
0.19962
0.160177
0.662
0.662
0.662
0.662
0.662
0.347333
0.662
0.270905
0.662
0.279662
0.662
0.289993
0.133889
0.662
0.613028
0.463479
0.330112
0.662
0.662
0.662
0.197232
0.662
0.429156
0.293547
0.427494
0.662
0.260545
0.662
0.269
0.660542
0.662
0.0548303
0.662
