0.0719441
0.375766
0.0237205
0.662
0.473578
0.662
0.42624
0.0668354
0.233319
0.415214
0.206473
0.662
0.662
0.662
0.662
0.662
0.662
0.662
0.0433901
0.662
0.662
0.662
0.519303
0.662
0.467944
0.662
0.166493
0.363721
0.423254
0.662
0.57623
0.662
0.662
0.536011
0.662
0.662
0.662
0.489694
0.291416
0.0129708
0.441334
0.0882252
0.0122931
0.662
0.662
0.662
0.144515
0.444649
0.330375
0.662
0.420706
0.662
0.387531
0.662
0.662
0.35037
0.299594
0.662
0.340711
0.662
0.662
0.237853
0.0985327
0.0724009
0.662
0.662
0.662
0.662
0.210764
0.431798
0.0127423
0.662
0.15054
0.213737
0.374278
0.22943
0.662
0.662
0.424299
0.133543
0.628189
0.662
0.305223
0.236847
0.460048
0.662
0.662
0.662
0.662
0.380943
0.138552
0.279254
0.662
0.363393
0.662
0.332334
0.662
0.300878
0.204711
0.363253
0.662
0.662
0.662
0.662
0.599254
0.45143
0.662
0.662
0.662
0.367853
0.662
0.351225
0.662
0.662
0.662
0.0726649
0.662
0.662
0.662
0.662
0.48657
0.318235
0.662
0.662
0.662
0.372953
0.662
0.159249
0.662
0.662
0.662
0.173422
0.119363
0.354367
0.662
0.0608367
0.35202
0.0146844
0.158181
0.662
0.225287
0.662
0.270196
0.662
0.662
0.662
0.0616687
0.151461
0.232069
0.192697
0.662
0.270005
0.662
0.662
0.662
0.662
0.326208
0.339128
0.42468
0.120335
0.662
0.37286
0.110446
0.662
0.662
0.178765
0.223453
0.381041
0.295875
0.662
0.662
0.662
0.346937
0.0899585
0.662
0.662
0.172894
0.232305
0.422185
0.662
0.662
0.662
0.393397
0.458299
0.038558
0.0629311
0.662
0.371573
0.662
0.30321
0.0363356
0.298461
0.662
0.397889
0.326166
0.662
0.203409
0.534125
0.0991851
0.662
0.0115108
0.482348
0.143394
0.662
0.662
0.122191
0.662
0.238646
0.662
0.112143
0.239628
0.662
0.267208
0.374659
0.662
0.662
0.221685
0.662
0.662
0.662
0.662
0.662
0.379845
0.662
0.662
0.275503
0.131559
0.662
0.662
0.358715
0.286438
0.283262
0.42086
0.234402
0.662
0.662
0.0821489
0.0138252
0.348519
0.155844
0.662
0.662
0.662
0.662
0.662
0.00126125
0.662
0.662
0.662
0.662
0.662
0.208358
0.44791
0.662
0.54141
0.449701
0.662
0.662
0.662
0.662
0.475918
0.662
0.662
0.331631
0.662
0.448287
0.180043
0.213541
0.203072
0.164455
0.662
0.38763
0.201733
0.662
0.662
0.369613
0.133663
0.0335272
0.662
0.421994
0.306183
0.436442
0.662
0.371728
0.662
0.395539
0.182386
0.600632
0.662
0.40716
0.662
0.427627
0.399594
0.239692
0.662
0.662
0.28098
0.0556485
0.642094
0.662
0.0155925
0.388711
0.662
0.662
0.662
0.219615
0.662
0.320348
0.128431
0.662
0.585715
0.0817147
0.662
0.309293
0.058909
0.662
0.662
0.313069
0.0659966
0.222552
0.662
0.213719
0.662
0.157988
0.662
0.662
0.662
0.662
0.300875
0.326256
0.401702
0.307353
0.662
0.662
0.123953
0.09345
0.662
0.662
0.484401
0.662
0.523372
0.331235
0.0503322
0.662
0.662
0.136801
0.210866
0.662
0.662
0.0424786
0.0175381
0.40413
0.662
0.662
0.662
0.0851466
0.662
0.662
0.662
0.662
0.194307
0.374461
0.401963
0.187112
0.662
0.346579
0.398775
0.140951
0.215356
0.662
0.662
0.437862
0.426266
0.400133
0.662
0.662
0.662
0.200617
0.245783
0.662
0.26161
0.212519
0.662
0.662
0.662
0.512649
0.662
0.629871
0.424959
0.362062
0.662
0.662
0.597215
0.662
0.245472
0.310573
0.662
0.0336388
0.662
0.662
0.268232
0.0176979
0.296334
0.662
0.662
0.13017
0.662
0.662
0.267139
0.662
0.0335866
0.662
0.662
0.104937
0.662
0.12147
0.662
0.332652
0.662
0.662
0.271697
0.367783
0.277833
0.465269
0.662
0.662
0.662
0.499824
0.471432
0.662
0.137887
0.662
0.164956
0.297967
0.469509
0.0568022
0.241896
0.452907
0.662
0.662
0.465414
0.0305113
0.0972362
0.662
0.358809
0.662
0.662
0.383784
0.662
0.0132024
0.662
0.356862
0.662
0.662
0.662
0.0868978
0.662
0.269001
0.314495
0.662
0.540583
0.0731422
0.314008
0.242874
0.662
0.0991688
0.135167
0.662
0.331508
0.662
0.0329233
0.238002
0.662
0.662
0.662
0.662
0.404537
0.355898
0.474994
0.662
0.00364997
0.303979
0.662
0.662
0.662
0.380486
0.662
0.287202
0.0221568
0.662
0.662
0.343509
0.0771214
0.662
0.662
0.498414
0.484833
0.662
0.662
0.662
0.0546656
0.662
0.662
0.12047
0.368359
0.662
0.662
0.662
0.662
0.207736
0.662
0.369932
0.231371
0.662
0.181546
0.662
0.662
0.325853
0.662
0.662
0.662
0.662
0.0216024
0.662
0.40445
0.0410934
0.662
0.485401
0.461164
0.0571613
0.662
0.662
0.35363
0.662
0.662
0.0648312
0.662
0.662
0.662
0.662
0.167098
0.269203
0.288356
0.0449708
0.662
0.662
0.662
0.662
0.662
0.154838
0.166465
0.474006
0.436373
0.470682
0.170428
0.662
0.265664
0.185051
0.662
0.0586811
0.458496
0.162529
0.662
0.662
0.15894
0.662
0.466902
0.662
0.330038
0.384786
0.208631
0.0447987
0.608509
0.0769059
0.0974837
0.286749
0.289612
0.662
0.112686
0.662
0.662
0.244081
0.662
0.185959
0.0776708
0.0405503
0.174782
0.662
0.141889
0.662
0.662
0.662
0.662
0.662
0.662
0.662
0.662
0.662
0.190231
0.662
0.278632
0.442945
0.662
0.373456
0.171001
0.662
0.406865
0.662
0.0571454
0.303678
0.662
0.227664
0.662
0.104263
0.662
0.265236
0.662
0.434886
0.662
0.0331105
0.389393
0.662
0.662
0.662
0.200862
0.0614428
0.662
0.360158
0.0767116
0.662
0.662
0.662
0.0163381
0.323832
0.662
0.662
0.413335
0.662
0.21838
0.662
0.662
0.252225
0.197881
0.662
0.266799
0.662
0.662
0.662
0.662
0.662
0.662
0.662
0.662
0.605922
0.662
0.338885
0.662
0.662
0.0737309
0.0799281
0.662
0.125634
0.662
0.307892
0.662
0.223391
0.662
0.662
0.478508
0.437969
0.411295
0.564786
0.248414
0.0562094
0.296009
0.662
0.371352
0.415583
0.662
0.662
0.0321933
0.380415
0.291788
0.662
