0.478422
0.287072
0.380106
0.662
0.662
0.662
0.44425
0.381642
0.662
0.188511
0.298926
0.662
0.142739
0.662
0.327157
0.268033
0.662
0.101774
0.662
0.141263
0.52035
0.662
0.412864
0.405365
0.662
0.662
0.662
0.662
0.379406
0.662
0.0919812
0.662
0.483213
0.347969
0.662
0.662
0.15366
0.662
0.408902
0.662
0.56635
0.662
0.19036
0.662
0.662
0.218486
0.311668
0.439346
0.174864
0.662
0.203834
0.662
0.0883578
0.326118
0.662
0.662
0.662
0.497875
0.662
0.662
0.662
0.662
0.662
0.283984
0.450624
0.662
0.259417
0.176518
0.524843
0.0568196
0.662
0.662
0.643376
0.174912
0.662
0.662
0.662
0.662
0.662
0.0983752
0.662
0.662
0.662
0.662
0.0912025
0.321966
0.662
0.662
0.662
0.450441
0.662
0.350828
0.662
0.662
0.300108
0.504782
0.662
0.662
0.305327
0.0839912
0.662
0.662
0.333738
0.662
0.470969
0.0566838
0.662
0.477637
0.464525
0.0468029
0.662
0.0978776
0.662
0.0102341
0.0423475
0.0720051
0.662
0.662
0.247035
0.662
0.210778
0.662
0.662
0.383265
0.224127
0.662
0.339453
0.18494
0.379462
0.662
0.662
0.178074
0.091628
0.117234
0.662
0.0788868
0.00309946
0.662
0.430305
0.662
0.662
0.662
0.210331
0.297917
0.662
0.334902
0.0294044
0.662
0.544316
0.662
0.241223
0.662
0.662
0.662
0.364294
0.410975
0.474583
0.22819
0.24917
0.249413
0.662
0.662
0.349127
0.662
0.179372
0.662
0.278459
0.425897
0.0740187
0.662
0.662
0.662
0.413777
0.662
0.662
0.304469
0.662
0.355373
0.662
0.662
0.402058
0.285191
0.662
0.448653
0.662
0.662
0.662
0.662
0.373477
0.0579222
0.376496
0.431298
0.0872914
0.267967
0.339565
0.662
0.662
0.662
0.137676
0.662
0.362513
0.360844
0.00625942
0.662
0.662
0.662
0.398585
0.598709
0.314151
0.662
0.662
0.662
0.0817897
0.662
0.194434
0.0953906
0.662
0.25292
0.407285
0.150209
0.290078
0.662
0.196622
0.662
0.0464545
0.662
0.662
0.0413653
0.662
0.413128
0.423114
0.144872
0.201131
0.662
0.221858
0.662
0.662
0.662
0.662
0.14921
0.242133
0.325178
0.662
0.210655
0.662
0.0110163
0.662
0.662
0.662
0.0522361
0.0902279
0.662
0.235555
0.463686
0.394713
0.662
0.414726
0.0326815
0.662
0.307603
0.662
0.662
0.662
0.0159196
0.662
0.662
0.662
0.662
0.105924
0.144637
0.662
0.662
0.662
0.662
0.335725
0.662
0.662
0.662
0.0193652
0.662
0.261693
0.662
0.383282
0.297492
0.18963
0.0529174
0.223626
0.662
0.662
0.211089
0.267805
0.662
0.515361
0.455015
0.0164834
0.225852
0.662
0.662
0.662
0.374719
0.405425
0.662
0.662
0.223285
0.40657
0.416962
0.174402
0.662
0.662
0.662
0.526362
0.662
0.662
0.30727
0.266877
0.662
0.662
0.195039
0.662
0.662
0.00507847
0.52125
0.379458
0.30665
0.662
0.0897641
0.662
0.254281
0.199956
0.421274
0.317853
0.662
0.662
0.662
0.430518
0.291542
0.159628
0.11829
0.662
0.400932
0.0598196
0.662
0.0228227
0.662
0.662
0.662
0.346367
0.000932465
0.662
0.662
0.171586
0.0186642
0.662
0.662
0.662
0.662
0.380545
0.662
0.404982
0.662
0.662
0.343126
0.0587864
0.662
0.00763285
0.211148
0.662
0.350902
0.662
0.527286
0.662
0.0412973
0.218551
0.185461
0.662
0.662
0.662
0.0976513
0.662
0.292885
0.662
0.247101
0.546361
0.48228
0.662
0.269866
0.409091
0.207721
0.662
0.130594
0.107687
0.136879
0.0833578
0.408451
0.432659
0.0426594
0.215737
0.499781
0.662
0.349427
0.320224
0.138556
0.347714
0.662
0.662
0.662
0.385314
0.662
0.662
0.662
0.662
0.662
0.662
0.662
0.662
0.662
0.345847
0.662
0.662
0.662
0.442111
0.466723
0.219193
0.662
0.662
0.662
0.44814
0.662
0.580073
0.662
0.662
0.662
0.662
0.00891895
0.403142
0.662
0.662
0.259379
0.662
0.232202
0.397454
0.422015
0.288248
0.662
0.0058162
0.1991
0.662
0.662
0.266404
0.0551724
0.662
0.662
0.00246557
0.261428
0.243747
0.662
0.662
0.435441
0.204269
0.662
0.221047
0.082348
0.0294929
0.662
0.115877
0.662
0.373519
0.00934392
0.0131015
0.662
0.0752922
0.662
0.662
0.196453
0.255882
0.662
0.172482
0.662
0.662
0.662
0.407386
0.662
0.130137
0.662
0.27504
0.417983
0.662
0.242433
0.662
0.662
0.0487138
0.024917
0.662
0.662
0.152238
0.662
0.662
0.662
0.447356
0.662
0.214512
0.473776
0.154742
0.379274
0.0277892
0.535759
0.0803444
0.662
0.662
0.662
0.0423823
0.662
0.662
0.662
0.662
0.0819575
0.282851
0.662
0.316145
0.662
0.45668
0.662
0.435822
0.662
0.568504
0.255625
0.0618882
0.214566
0.0866286
0.258522
0.355684
0.662
0.662
0.662
0.373884
0.377499
0.662
0.662
0.662
0.662
0.662
0.662
0.587138
0.225325
0.242851
0.662
0.662
0.0402378
0.124732
0.466825
0.662
0.180575
0.326352
0.00589879
0.441694
0.239878
0.662
0.662
0.00641321
0.662
0.662
0.0622338
0.662
0.662
0.3876
0.236257
0.247287
0.662
0.662
0.662
0.376769
0.26499
0.389984
0.662
0.662
0.662
0.662
0.662
0.662
0.662
0.594505
0.662
0.264856
0.290778
0.38936
0.662
0.175783
0.662
0.324218
0.191336
0.0131791
0.662
0.162557
0.0210866
0.662
0.0557493
0.0412604
0.662
0.257423
0.479606
0.0814384
0.13131
0.347401
0.224634
0.0574414
0.204881
0.662
0.662
0.662
0.121271
0.662
0.662
0.662
0.662
0.290624
0.662
0.0102
0.396968
0.662
0.184442
0.662
0.141406
0.250702
0.662
0.356623
0.53384
0.462575
0.629706
0.429002
0.290204
0.292694
0.0844289
0.662
0.662
0.662
0.662
0.662
0.662
0.662
0.662
0.662
0.162579
0.0437545
0.662
0.662
0.246053
0.662
0.0673338
0.662
0.662
0.662
0.662
0.662
0.513077
0.662
0.662
0.662
0.662
0.662
0.662
0.390904
0.293448
0.367627
0.662
0.662
0.662
0.468449
0.662
0.0505337
0.651974
0.0902431
0.662
0.662
0.349828
0.662
0.662
0.662
0.662
0.27671
0.662
0.662
0.0495502
0.0659648
0.138032
0.115728
0.0530569
0.611947
0.662
0.0668103
0.662
0.662
0.662
0.662
0.261383
0.662
0.662
0.662
0.326387
0.662
0.662
0.662
0.464462
0.662
0.2177
0.20408
0.662
0.0821979
0.662
0.662
0.662
0.329607
0.662
0.0855067
0.662
0.328276
0.00152026
0.662
0.0229341
0.0337926
0.271201
0.462516
0.344479
0.662
0.662
0.662
0.662
0.662
0.662
0.191481
0.0420957
0.662
0.662
0.386667
0.015373
0.429795
0.1005
0.384595
0.0714592
0.360573
0.662
0.130682
0.662
0.662
0.0874431
0.662
0.382513
0.662
0.394569
0.0526275
0.164957
0.346943
0.155236
0.111625
0.38995
0.662
0.215646
0.0375493
0.662
0.662
0.662
0.629817
0.365434
0.314449
0.432239
0.458814
0.392404
0.279613
0.203316
0.401882
0.274596
0.662
0.315597
0.251544
0.662
0.461808
0.662
0.278924
0.00286465
0.111942
0.662
0.526154
0.218191
0.662
0.662
0.662
0.662
0.297366
0.662
0.221675
0.662
0.102409
0.662
0.662
0.178174
0.36289
0.0638264
0.479267
0.662
0.662
0.0537433
0.662
0.662
0.662
0.535414
0.432482
0.246456
0.444689
0.0561255
0.0644078
0.662
0.662
0.319767
0.662
0.337578
0.189825
0.662
0.662
0.0051119
0.286116
0.134079
0.0170529
0.662
0.662
0.662
0.662
0.0753002
0.272233
0.45122
0.456822
0.191171
0.629845
0.031668
0.662
0.0803724
0.662
0.348542
0.662
0.379006
0.386147
0.662
0.0523414
0.662
0.394273
0.63339
0.662
0.330035
0.157924
0.662
0.444027
0.662
0.279573
0.415571
0.199476
0.662
0.255793
0.593519
0.662
0.127018
0.13519
0.662
0.00885418
0.662
0.30722
0.662
0.662
0.0562945
0.662
0.662
0.357187
0.662
0.358572
0.300586
0.662
0.239995
0.662
0.662
0.662
0.357044
0.100568
0.647529
0.662
0.662
0.284088
0.442622
0.662
0.054728
0.662
0.662
0.662
0.662
0.345219
0.372898
0.256783
0.230245
0.662
0.400477
0.662
0.662
0.0665459
0.0902257
0.0900604
0.372325
0.662
0.319777
0.662
0.570411
0.662
0.662
0.662
0.662
0.662
0.662
0.662
0.076548
0.115163
0.662
0.662
0.0494092
0.10373
0.177014
0.140323
0.341392
0.662
0.662
0.22378
0.662
0.662
0.381666
0.662
0.662
0.662
0.381045
0.662
0.568774
0.662
0.662
0.662
0.662
0.453062
0.106169
0.662
0.233453
0.662
0.452506
0.140478
0.662
0.363129
0.662
0.385229
0.662
0.0692988
0.662
0.662
0.662
0.662
0.662
0.662
0.662
0.115876
0.51451
0.662
0.662
0.662
0.197038
0.286203
0.195755
0.662
0.662
0.114295
0.405756
0.662
0.662
0.0816305
0.215121
0.662
0.034158
0.662
0.219973
0.662
0.439861
0.0895212
0.183813
0.662
0.662
0.299351
0.360352
0.662
0.662
0.220387
0.0426402
0.662
0.662
0.435605
0.662
0.095488
0.662
0.662
0.662
0.317166
0.461702
0.662
0.00099012
0.340838
0.662
0.296647
0.151753
0.34605
0.662
0.0587141
0.662
0.466861
0.662
0.662
0.662
0.662
0.311309
0.0387323
0.129037
0.662
0.662
0.662
0.662
0.358717
0.662
0.245391
0.662
0.103721
0.370385
0.297595
0.662
0.662
0.662
0.662
0.619718
0.156112
0.662
0.156818
0.315698
0.662
0.174099
0.662
0.628289
0.275786
0.035128
0.0854895
0.662
0.662
0.344657
0.662
0.316793
0.524908
0.662
0.213219
0.412157
0.46111
0.0271181
0.662
0.662
0.662
0.332314
0.662
0.284336
0.662
0.662
0.387658
0.662
0.271064
0.662
0.662
0.507223
0.662
0.0585506
0.32375
0.0219967
0.662
0.285031
0.452249
0.662
0.436277
0.662
0.662
0.324926
0.068549
0.662
0.186998
0.662
0.0146181
0.161148
0.405031
0.0845565
0.662
0.662
0.662
0.662
0.310432
0.459266
0.662
0.331724
0.242838
0.490507
0.662
0.662
0.157732
0.159788
0.662
0.605224
0.475097
0.662
0.313713
0.662
0.662
0.662
0.184934
0.662
0.0428372
0.662
0.662
0.359285
0.662
0.662
0.112122
0.662
0.662
0.23047
0.662
0.662
0.0932236
0.662
0.662
0.623269
0.161361
0.00198809
0.662
0.662
0.303655
0.0567278
0.662
0.13037
0.576142
0.417859
0.0943298
0.662
0.26547
0.662
0.662
0.00512566
0.283283
0.0690133
0.662
0.662
0.662
0.662
0.269217
0.662
0.662
0.462553
0.662
0.662
0.662
0.662
0.0800542
0.140215
0.662
0.313066
0.29351
0.662
0.662
0.662
0.662
0.662
0.662
0.662
0.662
0.662
0.0208804
0.662
0.294735
0.432396
0.0145974
0.662
0.414867
0.662
0.662
0.662
0.662
0.138682
0.284728
0.117479
0.414642
0.662
0.662
0.0871311
0.662
0.0129317
0.662
0.274303
0.251061
0.662
0.0860896
0.321537
0.662
0.662
0.662
0.662
0.12247
0.662
0.662
0.0422121
0.662
0.416382
0.662
0.21875
0.662
0.662
0.022644
0.0528872
0.662
0.0422696
0.0973496
0.654835
0.662
0.0625203
0.662
0.662
0.662
0.511618
0.662
0.481796
0.138801
0.662
0.662
0.662
0.662
0.662
0.662
0.662
0.662
0.662
0.459167
0.662
0.392109
0.662
0.662
0.662
0.290865
0.662
0.662
0.662
0.662
0.662
0.214265
0.216357
0.143413
0.662
0.269489
0.662
0.389752
0.662
0.264147
0.662
0.275355
0.169334
0.188428
0.591633
0.00846922
0.131742
0.360543
0.219497
0.409029
0.662
0.662
0.662
0.662
0.662
0.00459606
0.0803889
0.662
0.00189156
0.0485892
0.283235
0.662
0.662
0.301896
0.662
0.662
0.248317
0.662
0.220993
0.662
0.662
0.662
0.455233
0.0438072
0.662
0.314279
0.301506
0.662
0.662
0.662
0.662
0.466725
0.662
0.585842
0.229511
0.167812
0.000296387
0.662
0.334653
0.366282
0.159233
0.662
0.117188
0.662
0.662
0.662
0.662
0.302778
0.326179
0.662
0.13546
0.662
0.0596978
0.389105
0.103526
0.662
0.0855376
0.662
0.662
0.662
0.292379
0.291888
0.662
0.662
0.420163
0.339303
0.662
0.652561
0.268126
0.271749
0.662
0.344787
0.291692
0.00640481
0.662
0.662
0.0189174
0.662
0.0123755
0.662
0.662
0.662
0.662
0.282681
0.236345
0.321579
0.622485
0.462938
0.662
0.0250901
0.493591
0.0113619
0.662
0.46408
0.294583
0.164898
0.662
0.662
0.662
0.662
0.174903
0.410059
0.662
0.26011
0.519468
0.662
0.662
0.662
0.138565
0.662
0.662
0.149899
0.662
0.662
0.662
0.641531
0.207494
0.662
0.20686
0.662
0.199737
0.662
0.662
0.274991
0.662
0.20646
0.662
0.343178
0.341876
0.0567732
0.184347
0.662
0.662
0.662
0.47377
0.662
0.240296
0.337985
0.441608
0.662
0.662
0.131543
0.485823
0.276312
0.662
0.662
0.0631898
0.662
0.482285
0.662
0.662
0.294273
0.270715
0.662
0.453386
0.662
0.373249
0.404839
0.13678
0.379905
0.662
0.662
0.629763
0.292276
0.662
0.0781943
0.508921
0.00665069
0.662
0.0699995
0.662
0.0280399
0.163381
0.0652346
0.662
0.662
0.662
0.662
0.662
0.10103
0.140471
0.439835
0.173113
0.21816
0.662
0.0237636
0.32964
0.216977
0.662
0.662
0.248429
0.662
0.184197
0.349256
0.419949
0.662
0.304696
0.662
0.662
0.662
0.187722
0.261847
0.138137
0.170088
0.662
0.662
0.0985304
0.207562
0.265597
0.662
0.253039
0.662
0.662
0.160069
0.662
0.195667
0.662
0.662
0.662
0.662
0.662
0.662
0.662
0.662
0.662
0.397414
0.662
0.662
0.662
0.398453
0.662
0.18608
0.662
0.405784
0.662
0.354765
0.662
0.662
0.416248
0.662
0.128296
0.0176282
0.131597
0.120748
0.503045
0.379596
0.164885
0.662
0.221913
0.180907
0.407935
0.662
0.409065
0.662
0.662
0.662
0.355965
0.662
0.285799
0.662
0.662
0.10411
0.662
0.157008
0.662
0.662
0.662
0.662
0.0285805
0.432691
0.472057
0.161512
0.662
0.0458132
0.662
0.662
0.0862167
0.662
0.328553
0.371713
0.662
0.662
0.0575119
0.178479
0.254832
0.351957
0.662
0.0430329
0.196944
0.662
0.448271
0.400431
0.662
0.4011
0.662
0.662
0.246447
0.662
0.258492
0.662
0.662
0.591687
0.296857
0.469397
0.307631
0.334535
0.00317677
0.257948
0.662
0.662
0.354046
0.344153
0.662
0.662
0.385405
0.662
0.662
0.662
0.0830528
0.147993
0.662
0.247659
0.369392
0.208645
0.0220836
0.662
0.662
0.662
0.662
0.114625
0.662
0.00220496
0.662
0.349421
0.662
0.662
0.0226563
0.662
0.277355
0.341642
0.662
0.662
0.662
0.662
0.24536
0.0970684
0.662
0.395034
0.662
0.363146
0.356149
0.662
0.346082
0.431877
0.662
0.392276
0.212959
0.662
0.662
0.0401825
0.662
0.289978
0.662
0.662
0.0949501
0.469478
0.662
0.292024
0.662
0.662
0.662
0.244895
0.662
0.453949
0.391339
0.246729
0.662
0.662
0.074277
0.336164
0.662
0.067394
0.264833
0.436641
0.662
0.318013
0.0689999
0.182789
0.428006
0.662
0.306828
0.662
0.662
0.330539
0.384792
0.662
0.662
0.662
0.264288
0.662
0.510787
0.662
0.662
0.662
0.571589
0.182097
0.628611
0.660552
0.133453
0.662
0.662
0.38302
0.662
0.662
0.662
0.662
0.662
0.0925983
0.662
0.144943
0.662
0.287416
0.194975
0.662
0.662
0.254952
0.662
0.662
0.43061
0.0744627
0.193075
0.662
0.459004
0.275964
0.662
0.409988
0.662
0.37311
0.662
0.507407
0.405771
0.662
0.662
0.44216
0.662
0.0250847
0.662
0.307635
0.662
0.662
0.46152
0.662
0.662
0.662
0.662
0.274813
0.286228
0.662
0.124773
0.662
0.662
0.662
0.250346
0.178915
0.662
0.662
0.662
0.662
0.449263
0.662
0.0595832
0.218439
0.362132
0.662
0.372505
0.662
0.351632
0.662
0.662
0.662
0.662
0.0116308
0.662
0.662
0.301409
0.662
0.305638
0.662
0.375563
0.20273
0.662
0.37431
0.310901
0.662
0.464378
0.662
0.662
0.190747
0.513695
0.0468565
0.480737
0.161255
0.662
0.662
0.662
0.0360266
0.370203
0.662
0.662
0.662
0.662
0.662
0.662
0.21242
0.662
0.49169
0.083592
0.662
0.51513
0.662
0.41317
0.662
0.662
0.334756
0.662
0.248816
0.662
0.252912
0.662
0.662
0.662
0.662
0.662
0.662
0.662
0.662
0.662
0.100548
0.361997
0.255643
0.306295
0.121143
0.662
0.434728
0.662
0.662
0.662
0.270646
0.491762
0.662
0.662
0.662
0.662
0.32378
0.662
0.358824
0.662
0.662
0.662
0.35662
0.662
0.181059
0.662
0.662
0.662
0.154736
0.662
0.507933
0.584819
0.447914
0.662
0.662
0.37358
0.0579324
0.662
0.662
0.398242
0.662
0.444152
0.662
0.662
0.662
0.349085
0.662
0.662
0.662
0.238787
0.365486
0.0135398
0.662
0.662
0.662
0.662
0.311011
0.662
0.662
0.215692
0.297633
0.662
0.662
0.0568804
0.116346
0.662
0.465421
0.662
0.357425
0.259717
0.662
0.662
0.662
0.662
0.662
0.662
0.662
0.662
0.662
0.662
0.662
0.141254
0.662
0.28409
0.662
0.662
0.317048
0.662
0.662
0.466194
0.662
0.662
0.137998
0.250808
0.662
0.662
0.662
0.662
0.296134
0.297609
0.662
0.662
0.281394
0.662
0.0661459
0.662
0.662
0.0278651
0.45047
0.437829
0.0289424
0.0211225
0.0474868
0.662
0.0389356
0.441022
0.272925
0.662
0.23063
0.662
0.1186
0.252405
0.237917
0.662
0.662
0.46066
0.662
0.662
0.662
0.289537
0.662
0.381896
0.19974
0.469785
0.515421
0.436638
0.662
0.662
0.257554
0.662
0.662
0.662
0.662
0.271724
0.371636
0.662
0.141379
0.425519
0.662
0.429844
0.293727
0.15882
0.662
0.234679
0.119401
0.0293703
0.662
0.035235
0.275363
0.662
0.22892
0.662
0.662
0.0101135
0.662
0.0369304
0.442041
0.154042
0.344448
0.573282
0.431159
0.312736
0.494512
0.491572
0.196235
0.0515202
0.348825
0.662
0.358763
0.208039
0.0510627
0.261427
0.662
0.0127432
0.325616
0.662
0.662
0.138189
0.391983
0.662
0.662
0.107263
0.662
0.662
0.28074
0.404692
0.185049
0.662
0.662
0.00658531
0.354028
0.662
0.662
0.261349
0.662
0.280278
0.662
0.0503798
0.0933714
0.228733
0.0755479
0.278357
0.662
0.485567
0.236925
0.125994
0.476636
0.113407
0.237663
0.202913
0.662
0.140872
0.101257
0.15521
0.00678865
0.258422
0.203945
0.662
0.0919114
0.662
0.662
0.21661
0.662
0.662
0.370842
0.0796613
0.662
0.662
0.0413089
0.662
0.662
0.0346933
0.415327
0.216856
0.184222
0.344251
0.0737892
0.129107
0.109324
0.662
0.662
0.421932
0.407113
0.662
0.662
0.242773
0.662
0.0385193
0.341666
0.662
0.164874
0.302078
0.189449
0.662
0.662
0.384913
0.00266627
0.662
0.0364123
0.244994
0.343112
0.662
0.662
0.286355
0.0608149
0.2263
0.285669
0.662
0.339527
0.662
0.0551358
0.662
0.235304
0.662
0.182759
0.354692
0.00254713
0.662
0.216905
0.0630261
0.662
0.406155
0.662
0.425085
0.662
0.662
0.662
0.662
0.216835
0.662
0.662
0.662
0.155714
0.662
0.662
0.455264
0.662
0.662
0.368502
0.334985
0.662
0.259575
0.662
0.662
0.496246
0.609132
0.00643304
0.662
0.662
0.662
0.325508
0.38286
0.662
0.20422
0.349684
0.662
0.256444
0.662
0.250571
0.662
0.65461
0.308503
0.662
0.662
0.662
0.662
0.417724
0.662
0.662
0.662
0.145331
0.662
0.662
0.276255
0.636978
0.522807
0.324388
0.217851
0.0324441
0.662
0.61416
0.277059
0.662
0.662
0.662
0.0537805
0.662
0.662
0.662
0.347153
0.662
0.502832
0.662
0.44075
0.419565
0.0427262
0.346667
0.659884
0.107905
0.221516
0.0541598
0.662
0.662
0.261565
0.243204
0.44061
0.662
0.662
0.662
0.662
0.0199725
0.662
0.662
0.662
0.662
0.343427
0.662
0.245143
0.443838
0.662
0.323621
0.662
0.662
0.662
0.662
0.662
0.662
0.121751
0.662
0.441142
0.662
0.662
0.191047
0.110339
0.461785
0.415279
0.662
0.0265101
0.107164
0.178358
0.316246
0.505711
0.348774
0.0350295
0.449767
0.0712324
0.142808
0.239998
0.374121
0.662
0.662
0.276684
0.162304
0.0290541
0.346527
0.662
0.662
0.662
0.662
0.662
0.662
0.662
0.662
0.43386
0.662
0.662
0.112099
0.326972
0.662
