0.662
0.262637
0.662
0.662
0.662
0.0422854
0.662
0.326874
0.662
0.380661
0.662
0.232212
0.376118
0.0118727
0.464365
0.662
0.662
0.662
0.084838
0.662
0.46796
0.662
0.662
0.662
0.662
0.662
0.0257946
0.662
0.0438571
0.662
0.0759379
0.222695
0.662
0.197344
0.662
0.420548
0.107755
0.207839
0.406493
0.377543
0.662
0.250523
0.662
0.0924942
0.43428
0.662
0.662
0.662
0.662
0.662
0.662
0.51581
0.189787
0.283417
0.662
0.662
0.662
0.662
0.443286
0.662
0.229287
0.22133
0.412286
0.262921
0.662
0.662
0.202731
0.662
0.423675
0.662
0.662
0.662
0.212205
0.662
0.662
0.662
0.662
0.197225
0.413784
0.300124
0.111826
0.328474
0.163787
0.442161
0.662
0.0365687
0.212586
0.171598
0.662
0.662
0.0981545
0.662
0.662
0.21661
0.662
0.662
0.166954
0.419625
0.46046
0.244718
0.662
0.662
0.662
0.662
0.662
0.662
0.662
0.662
0.662
0.353596
0.662
0.217009
0.662
0.662
0.662
0.662
0.413398
0.662
0.417866
0.0594114
0.662
0.126225
0.261558
0.662
0.662
0.258985
0.662
0.662
0.206869
0.463177
0.662
0.662
0.36382
0.257214
0.662
0.662
0.352024
0.662
0.202447
0.662
0.662
0.17732
0.136167
0.278993
0.31119
0.662
0.455125
0.662
0.381177
0.170097
0.662
0.424428
0.31213
0.0804238
0.284672
0.662
0.0748603
0.559037
0.662
0.662
0.34991
0.285555
0.603302
0.662
0.662
0.374207
0.662
0.662
0.22939
0.662
0.225792
0.662
0.662
0.662
0.229287
0.381608
0.662
0.472147
0.662
0.662
0.0722117
0.662
0.0896618
0.662
0.390861
0.332543
0.662
0.440854
0.662
0.662
0.19104
0.662
0.597911
0.470698
0.662
0.0241718
0.429037
0.662
0.662
0.662
0.662
0.662
0.662
0.215362
0.464668
0.120095
0.0751499
0.662
0.300032
0.662
0.342861
0.662
0.662
0.119563
0.218866
0.662
0.662
0.662
0.105538
0.514998
0.662
0.311716
0.181909
0.451864
0.122431
0.600074
0.0446151
0.446032
0.662
0.662
0.662
0.662
0.662
0.00338707
0.662
0.175678
0.662
0.662
0.662
0.0162694
0.251297
0.662
0.204746
0.662
0.662
0.154821
0.662
0.0459827
0.662
0.454958
0.662
0.662
0.662
0.662
0.662
0.662
0.561932
0.662
0.662
0.662
0.149108
0.0652459
0.662
0.662
0.662
0.662
0.467165
0.662
0.461176
0.232228
0.662
0.231938
0.0862655
0.662
0.184791
0.107917
0.662
0.662
0.325007
0.364145
0.662
0.662
0.388189
0.303279
0.662
0.662
0.370175
0.662
0.662
0.565847
0.415197
0.128616
0.662
0.662
0.662
0.662
0.441441
0.662
0.662
0.595888
0.022243
0.249989
0.373047
0.303525
0.662
0.662
0.436971
0.662
0.662
0.662
0.127802
0.662
0.662
0.662
0.662
0.24247
0.511207
0.356419
0.249314
0.662
0.662
0.494294
0.195637
0.662
0.433932
0.157265
0.662
0.662
0.355812
0.662
0.662
0.662
0.662
0.444516
0.662
0.662
0.662
0.0510076
0.343491
0.401828
0.662
0.00908147
0.484015
0.322397
0.662
0.32015
0.662
0.662
0.662
0.189323
0.662
0.36521
0.19441
0.662
0.662
0.662
0.662
0.662
0.662
0.306957
0.662
0.348449
0.350835
0.155631
0.134828
0.0953178
0.25829
0.662
0.432769
0.662
0.662
0.662
0.662
0.259659
0.662
0.274634
0.295
0.17029
0.662
0.282726
0.662
0.292394
0.662
0.545159
0.0436342
0.0600387
0.662
0.0406549
0.662
0.423603
0.662
0.248953
0.662
0.662
0.662
0.662
0.662
0.259315
0.662
0.153104
0.176671
0.662
0.662
0.236884
0.662
0.120403
0.662
0.422113
0.662
0.662
0.0693038
0.414278
0.210439
0.662
0.662
0.185579
0.350333
0.662
0.662
0.662
0.662
0.662
0.662
0.0954143
0.448544
0.463851
0.322839
0.662
0.662
0.662
0.662
0.0997875
0.234325
0.662
0.662
0.1399
0.662
0.662
0.662
0.662
0.0539386
0.662
0.472969
0.265277
0.618485
0.662
0.0115133
0.116862
0.662
0.0932625
0.662
0.662
0.662
0.470227
0.662
0.0297054
0.662
0.662
0.662
0.13819
0.662
0.199868
0.514781
0.0152493
0.662
0.662
0.11845
0.662
0.662
0.662
0.244292
0.662
0.494523
0.662
0.662
0.662
0.662
0.662
0.662
0.662
0.094676
0.662
0.662
0.662
0.260501
0.0943957
0.662
0.662
0.662
0.662
0.293951
0.662
0.662
0.360243
0.662
0.220603
0.125186
0.432993
0.0722121
0.386659
0.473191
0.211025
0.662
0.180161
0.662
0.662
0.56808
0.662
0.662
0.662
0.662
0.327932
0.45369
0.662
0.662
0.662
0.662
0.662
0.235977
0.395962
0.662
0.662
0.662
0.0876131
0.662
0.186237
0.662
0.662
0.662
0.662
0.662
0.662
0.662
0.662
0.074526
0.201764
0.443789
0.662
0.662
0.662
0.662
0.383442
0.662
0.662
0.662
0.0516587
0.662
0.662
0.662
0.662
0.031061
0.377783
0.300003
0.662
0.358196
0.0261828
0.427691
0.235625
0.0652897
0.467335
0.206653
0.662
0.662
0.206806
0.662
0.63339
0.662
0.662
0.257148
0.463479
0.0387528
0.134426
0.119966
0.662
0.198507
0.330474
0.316132
0.510806
0.662
0.662
0.387839
0.662
0.662
0.662
0.662
0.662
0.662
0.468066
0.662
0.360011
0.662
0.370665
0.662
0.472073
0.455233
0.48528
0.0130908
0.662
0.129992
0.510613
0.19513
0.187882
0.250507
0.633285
0.662
0.662
0.187275
0.39108
0.662
0.662
0.662
0.101749
0.340837
0.41502
0.308499
0.0494057
0.0059987
0.337254
0.662
0.315036
0.126811
0.531935
0.662
0.662
0.337551
0.662
0.662
0.662
0.662
0.54068
0.662
0.662
0.662
0.662
0.662
0.16208
0.662
0.113134
0.435721
0.662
0.423593
0.662
0.662
0.340104
0.0282545
0.662
0.662
0.662
0.662
0.662
0.109387
0.476328
0.264062
0.290588
0.662
0.375474
0.182915
0.662
0.0988965
0.662
0.0809814
0.662
0.109263
0.198935
0.344295
0.662
0.662
0.316228
0.662
0.0712665
0.474959
0.430862
0.662
0.0231185
0.662
0.662
0.662
0.165804
0.408348
0.240855
0.662
0.662
0.226175
0.0313497
0.548248
0.375117
0.21906
0.662
0.662
0.406385
0.3513
0.0693997
0.662
0.277457
0.662
0.322422
0.565617
0.662
0.662
0.662
0.662
0.662
0.662
0.353565
0.662
0.662
0.662
0.662
0.662
0.313614
0.662
0.0443844
0.662
0.399297
0.0914992
0.662
0.0159187
0.662
0.000856772
0.405456
0.275764
0.662
0.280378
0.523741
0.023313
0.662
0.662
0.246426
0.662
0.662
0.0850001
0.406001
0.662
0.662
0.332069
0.0310631
0.209501
0.662
0.0329979
0.662
0.000768316
0.258618
0.0438411
0.662
0.466283
0.509357
0.662
0.0084874
0.662
0.0792247
0.662
0.662
0.296093
0.334565
0.500344
0.662
0.662
0.28876
0.662
0.662
0.361619
0.662
0.57272
0.662
0.662
0.662
0.662
0.662
0.148021
0.530581
0.662
0.662
0.662
0.347652
0.250431
0.306162
0.662
0.662
0.662
0.662
0.662
0.427593
0.662
0.662
0.662
0.288363
0.662
0.410449
0.662
0.0442419
0.211038
0.0450436
0.523421
0.662
0.662
0.236152
0.129215
0.29014
0.662
0.290815
0.662
0.662
0.662
0.662
0.662
0.662
0.0724686
0.662
0.662
0.0252369
0.4157
0.242176
0.662
0.662
0.207684
0.662
0.662
0.360341
0.662
0.662
0.662
0.188831
0.662
0.662
0.662
0.325366
0.355995
0.662
0.146365
0.662
0.30495
0.619584
0.662
0.399432
0.179166
0.202331
0.469268
0.0288622
0.662
0.662
0.662
0.662
0.409133
0.662
0.283787
0.0734097
0.662
0.284092
0.662
0.662
0.405281
0.662
0.662
0.662
0.662
0.525275
0.662
0.662
0.662
0.321234
0.4047
0.662
0.198489
0.662
0.423152
0.662
0.655772
0.662
0.662
0.662
0.381153
0.662
0.662
0.298957
0.21764
0.662
0.375276
0.574849
0.662
0.254226
0.662
0.243333
0.167317
0.662
0.662
0.662
0.303121
0.662
0.662
0.0912784
0.662
0.148357
0.0710155
0.662
0.414619
0.662
0.223894
0.431041
0.51108
0.31093
0.405101
0.662
0.0635682
0.662
0.662
0.559825
0.12758
0.0036208
0.662
0.135958
0.662
0.439907
0.617016
0.662
0.662
0.320615
0.027195
0.662
0.231295
0.662
0.662
0.237962
0.63339
0.662
0.315583
0.662
0.662
0.157425
0.662
0.0653415
0.662
0.281459
0.425982
0.253205
0.35671
0.662
0.662
0.316334
0.0321825
0.662
0.469394
0.163532
0.662
0.662
0.0869181
0.479722
0.662
0.662
0.662
0.662
0.60237
0.662
0.24578
0.662
0.662
0.330112
0.662
0.662
0.130476
0.168644
0.662
0.0431126
0.140529
0.662
0.662
0.0213526
0.209696
0.213194
0.28838
0.481905
0.378679
0.662
0.662
0.662
0.662
0.662
0.319209
0.266416
0.235751
0.662
0.662
0.419155
0.662
0.662
0.20466
0.662
0.207864
0.662
0.240398
0.662
0.662
0.486194
0.0651455
0.333561
0.122044
0.308366
0.662
0.662
0.662
0.662
0.299332
0.662
0.121421
0.662
0.0123978
0.264507
0.0408671
0.109107
0.169523
0.23472
0.662
0.109372
0.662
0.662
0.18849
0.588032
