0.662
0.662
0.4047
0.439564
0.662
0.662
0.0647978
0.155556
0.662
0.0815354
0.662
0.662
0.466166
0.409617
0.662
0.244292
0.662
0.662
0.662
0.442945
0.662
0.662
0.531935
0.662
0.662
0.662
0.662
0.662
0.662
0.447663
0.662
0.0329439
0.440312
0.177872
0.063687
0.662
0.662
0.662
0.467335
0.180161
0.443702
0.291788
0.662
0.662
0.662
0.662
0.662
0.351431
0.662
0.444914
0.015495
0.462438
0.17029
0.464472
0.662
0.662
0.662
0.662
0.662
0.454563
0.163787
0.662
0.662
0.662
0.662
0.662
0.662
0.48528
0.662
0.308157
0.662
0.662
0.275764
0.662
0.324571
0.662
0.662
0.423675
0.0203419
0.662
0.662
0.226432
0.368198
0.169807
0.301842
0.287061
0.662
0.662
0.207966
0.662
0.389033
0.662
0.662
0.662
0.662
0.662
0.662
0.662
0.662
0.662
0.431039
0.562806
0.362296
0.0876131
0.662
0.662
0.420856
0.0626619
0.131818
0.171598
0.662
0.240513
0.662
0.319002
0.118793
0.662
0.0843089
0.150654
0.662
0.662
0.44097
0.347962
0.662
0.259746
0.212577
0.150649
0.322744
0.662
0.456303
0.310558
0.662
0.662
0.662
0.662
0.662
0.460487
0.468669
0.0815043
0.0964465
0.294339
0.110941
0.662
0.662
0.561932
0.662
0.662
0.662
0.400799
0.147117
0.51581
0.540522
0.313614
0.318285
0.662
0.662
0.662
0.23472
0.662
0.662
0.662
0.662
0.00227191
0.0849475
0.467756
0.0476142
0.0918691
0.662
0.396271
0.256649
0.299025
0.166954
0.662
0.662
0.259315
0.662
0.523741
0.662
0.119966
0.662
0.662
0.399432
0.0505126
0.457276
0.662
0.36281
0.662
0.662
0.363396
0.303078
0.233848
0.155631
0.662
0.436112
0.662
0.662
0.662
0.662
0.662
0.662
0.425095
0.0809814
0.662
0.662
0.405281
0.287202
0.662
0.409133
0.662
0.662
0.340104
0.170097
0.662
0.279554
0.662
0.185982
0.519112
0.662
0.0722117
0.662
0.662
0.164927
0.120335
0.662
0.662
0.210663
0.662
0.226176
0.300371
0.027195
0.210547
0.425982
0.451333
0.662
0.455379
0.0924942
0.380714
0.298751
0.428154
0.277513
0.662
0.0659194
0.303121
0.189339
0.662
0.308499
0.134961
0.662
0.281459
0.264507
0.662
0.662
0.432718
0.35671
0.0378959
0.662
0.662
0.662
0.475522
0.662
0.662
0.189787
0.164094
0.000768316
0.101236
0.0450436
0.662
0.380933
0.195637
0.31263
0.662
0.662
0.662
0.662
0.662
0.662
0.662
0.662
0.662
0.662
0.662
0.662
0.662
0.245806
0.190851
0.662
0.372858
0.469921
0.662
0.420548
0.21022
0.332069
0.662
0.0862655
0.662
0.662
0.662
0.662
0.662
0.0635682
0.662
0.151466
0.466486
0.662
0.125449
0.251297
0.662
0.662
0.662
0.662
0.301739
0.662
0.352024
0.0693997
0.0890146
0.662
0.39108
0.242176
0.662
0.662
0.118372
0.36521
0.662
0.350835
0.662
0.0948651
0.17133
0.662
0.32015
0.662
0.62897
0.662
0.662
0.0242363
0.662
0.662
0.56808
0.662
0.662
0.662
0.470937
0.211483
0.422991
0.3041
0.0444616
0.0793435
0.662
0.662
0.374207
0.381153
0.662
0.662
0.468066
0.302527
0.662
0.588032
0.662
0.472073
0.000754667
0.662
0.206653
0.662
0.274634
0.430705
0.210915
0.662
0.662
0.662
0.166416
0.662
0.283417
0.0521366
0.486721
0.662
0.140868
0.662
0.652565
0.286718
0.148366
0.662
0.369932
0.662
0.12758
0.354078
0.0559964
0.152751
0.186457
0.662
0.662
0.662
0.662
0.662
0.375117
0.175678
0.662
0.251942
0.662
0.662
0.479888
0.662
0.662
0.662
0.662
0.662
0.662
0.118885
0.662
0.662
0.494523
0.662
0.662
0.084838
0.662
0.514408
0.229384
0.662
0.256006
0.24247
0.662
0.426002
0.662
0.298957
0.662
0.236733
0.662
0.662
0.315953
0.662
0.662
0.662
0.307174
0.662
0.662
0.662
0.299194
0.258393
0.355812
0.0252369
0.116453
0.662
0.662
0.662
0.662
0.662
0.450683
0.662
0.662
0.409276
0.321722
0.355995
0.0763523
0.662
0.662
0.662
0.662
0.662
0.662
0.662
0.662
0.517912
0.232212
0.662
0.662
0.662
0.662
0.662
0.662
0.662
0.167806
0.662
0.0446151
0.662
0.201798
0.441504
0.662
0.662
0.360011
0.456013
0.662
0.662
0.662
0.325941
0.662
0.319499
0.662
0.149319
0.466283
0.54885
0.0341711
0.662
0.662
0.662
0.662
0.00668458
0.662
0.662
0.662
0.165804
0.662
0.662
0.662
0.662
0.662
0.662
0.662
0.461176
0.662
0.500344
0.662
0.074526
0.662
0.290588
0.304361
0.58465
0.662
0.662
0.662
0.469423
0.662
0.152294
0.662
0.662
0.0930919
0.662
0.0944209
0.662
0.395536
0.662
0.662
0.517962
0.662
0.662
0.662
0.0438571
0.141353
0.545743
0.155413
0.662
0.662
0.597911
0.0158122
0.662
0.662
0.662
0.22133
0.662
0.592197
0.146944
0.223528
0.662
0.303361
0.618485
0.662
0.225287
0.0116275
0.662
0.0571454
0.583112
0.662
0.141308
0.170727
0.662
0.193997
0.662
0.350523
0.662
0.662
0.662
0.662
0.662
0.662
0.662
0.344865
0.377543
0.662
0.325011
0.380661
0.662
0.125462
0.662
0.110484
0.662
0.0988965
0.360955
0.662
0.472969
0.249314
0.31119
0.662
0.451754
0.662
0.347005
0.385615
0.662
0.662
0.662
0.433591
0.662
0.662
0.662
0.662
0.135167
0.662
0.662
0.147295
0.465473
0.662
0.246336
0.424038
0.662
0.662
0.139291
0.662
0.662
0.136167
0.434239
0.662
0.662
0.278254
0.617016
0.304114
0.0535507
0.662
0.662
0.376118
0.405101
0.662
0.662
0.595888
0.19134
0.662
0.182442
0.662
0.422825
0.662
0.0979003
0.122044
0.662
0.403318
0.662
0.427799
0.662
0.539378
0.441441
0.146811
0.0313497
0.129215
0.662
0.662
0.662
0.201607
0.0680065
0.023313
0.662
0.434806
0.662
0.493073
0.488154
0.194672
0.140026
0.0244537
0.662
0.662
0.662
0.122431
0.0576711
0.662
0.662
0.662
0.35998
0.353596
0.18849
0.225792
0.662
0.290815
0.154268
0.110221
0.0644507
0.662
0.00445846
0.190565
0.662
0.662
0.286035
0.00131973
0.051823
0.112323
0.0256257
0.662
0.102093
0.076046
0.662
0.209696
0.662
0.662
0.464668
0.236847
0.129992
0.0759379
0.662
0.154405
0.289931
0.0408671
0.662
0.662
0.662
0.100343
0.662
0.662
0.662
0.662
0.257148
0.662
0.633391
0.662
0.662
0.397622
0.662
0.384791
0.662
0.0332781
0.662
0.389771
0.128114
0.662
0.243333
0.215362
0.200092
0.116976
0.00516293
0.662
0.662
0.436629
0.662
0.230215
0.0213526
0.662
0.662
0.256686
0.662
0.662
0.662
0.662
0.662
0.565617
0.662
0.187618
0.220603
0.17076
0.119563
0.662
0.094676
0.0115133
0.00154725
0.662
0.0264485
0.211158
0.662
0.325
0.584003
0.183258
0.0792247
0.662
0.662
0.662
0.104714
0.443712
0.187591
0.662
0.662
0.662
0.457223
0.0428988
0.347157
0.438546
0.118695
0.662
0.662
0.662
0.662
0.662
0.262637
0.662
0.210439
0.662
0.423152
0.662
0.662
0.271396
0.53901
0.662
0.662
0.662
0.662
0.298557
0.662
0.0168996
0.662
0.132751
0.352608
0.662
0.662
0.662
0.395962
0.662
0.662
0.338708
0.45284
0.662
0.662
0.324558
0.662
0.163368
0.662
0.0431126
0.600074
0.662
0.273966
0.0186086
0.662
0.662
0.545159
0.662
0.662
0.0784815
0.321602
0.165679
0.662
0.662
0.387237
0.211038
0.662
0.662
0.662
0.264499
0.182915
0.662
0.116251
0.30212
0.662
0.662
0.590693
0.153104
0.662
0.662
0.662
0.0363356
0.148357
0.349444
0.341145
0.494188
0.392585
0.152957
0.662
0.633694
0.495369
0.662
0.662
0.0745942
0.662
0.662
0.211509
0.358349
0.662
0.662
0.603302
0.308906
0.223527
0.0282545
0.662
0.423595
0.662
0.432769
0.348711
0.662
0.476328
0.308366
0.110529
0.662
0.445626
0.662
0.4157
0.153477
0.662
