0.29551
0.514038
0.00322178
0.662
0.17762
0.662
0.0119354
0.281582
0.214982
0.15987
0.662
0.662
0.662
0.662
0.0227345
0.662
0.662
0.0345232
0.662
0.662
0.662
0.279627
0.405717
0.326811
0.50042
0.662
0.662
0.662
0.220674
0.662
0.25411
0.662
0.662
0.662
0.29347
0.662
0.662
0.662
0.662
0.580477
0.662
0.135304
0.662
0.662
0.662
0.662
0.137767
0.456253
0.662
0.474569
0.388978
0.662
0.38506
0.146302
0.566255
0.662
0.662
0.186905
0.662
0.118971
0.662
0.662
0.359304
0.349637
0.289281
0.0128629
0.1925
0.662
0.561949
0.159002
0.179901
0.430943
0.0211326
0.662
0.468526
0.662
0.155989
0.295712
0.110667
0.393998
0.662
0.470245
0.662
0.662
0.662
0.662
0.662
0.662
0.662
0.662
0.662
0.185736
0.662
0.662
0.662
0.411476
0.662
0.193314
0.278469
0.662
0.405235
0.662
0.662
0.403116
0.0541605
0.255376
0.662
0.460849
0.662
0.0605629
0.662
0.662
0.662
0.662
0.360596
0.662
0.437477
0.662
0.153087
0.450601
0.0918539
0.662
0.662
0.337876
0.273839
0.529157
0.662
0.45622
0.662
0.313369
0.117347
0.224984
0.289369
0.0406923
0.662
0.368934
0.13332
0.662
0.662
0.0133375
0.662
0.272766
0.0116313
0.662
0.662
0.662
0.662
0.388337
0.0288409
0.284629
0.154168
0.662
0.416022
0.156099
0.351879
0.605509
0.662
0.662
0.0343429
0.289943
0.461669
0.662
0.662
0.662
0.36975
0.662
0.662
0.662
0.662
0.0706943
0.662
0.662
0.186084
0.662
0.446433
0.262063
0.0225735
0.579418
0.662
0.535878
0.662
0.662
0.340859
0.305865
0.088386
0.662
0.662
0.146756
0.0946454
0.662
0.321633
0.362058
0.662
0.662
0.268817
0.187342
0.662
0.662
0.368839
0.662
0.662
0.662
0.323101
0.662
0.424765
0.662
0.662
0.249489
0.662
0.156788
0.662
0.498104
0.662
0.194045
0.662
0.0842498
0.435056
0.662
0.662
0.662
0.29587
0.183434
0.662
0.115296
0.662
0.662
0.0328183
0.662
0.568669
0.39154
0.311525
0.304113
0.662
0.0162131
0.662
0.421035
0.219611
0.261226
0.336402
0.662
0.330252
0.363824
0.624623
0.280874
0.422174
0.300143
0.662
0.662
0.350681
0.662
0.662
0.662
0.458315
0.0229991
0.662
0.475843
0.662
0.18201
0.370748
0.28072
0.380042
0.662
0.266039
0.662
0.662
0.33391
0.662
0.662
0.662
0.0956328
0.207519
0.662
0.662
0.662
0.662
0.662
0.662
0.31513
0.662
0.662
0.467161
0.304918
0.662
0.497359
0.112842
0.662
0.00736265
0.354611
0.321219
0.455834
0.253356
0.662
0.662
0.390486
0.662
0.235712
0.662
0.467236
0.217214
0.662
0.217734
0.662
0.191424
0.132151
0.0745523
0.297893
0.662
0.101745
0.160494
0.662
0.662
0.662
0.0608652
0.662
0.662
0.662
0.662
0.501356
0.456308
0.662
0.282963
0.662
0.322625
0.540957
0.302784
0.662
0.469575
0.662
0.439429
0.662
0.662
0.662
0.0323741
0.504186
0.319773
0.662
0.662
0.363779
0.443798
0.184456
0.474992
0.130402
0.374651
0.107028
0.347623
0.0255874
0.662
0.143365
0.162547
0.429133
0.203785
0.124271
0.435275
0.662
0.662
0.386781
0.369247
0.662
0.662
0.662
0.662
0.662
0.288648
0.662
0.662
0.662
0.662
0.662
0.662
0.529094
0.132949
0.662
0.334689
0.662
0.662
0.662
0.159733
0.662
0.662
0.662
0.662
0.662
0.187005
0.0254979
0.662
0.0115434
0.0870099
0.662
0.662
0.662
0.662
0.104607
0.662
0.317093
0.662
0.25862
0.189044
0.372779
0.662
0.662
0.662
0.662
0.662
0.313835
0.662
0.662
0.662
0.183761
0.662
0.662
0.0701731
0.662
0.662
0.104102
0.473725
0.662
0.662
0.662
0.0931809
0.662
0.662
0.662
0.662
0.423127
0.662
0.432129
0.141658
0.662
0.377338
0.359644
0.134423
0.662
0.662
0.34308
0.196718
0.662
0.381387
0.662
0.385188
0.0423647
0.662
0.278466
0.662
0.662
0.469943
0.662
0.174369
0.662
0.130273
0.255341
0.662
0.662
0.322986
0.662
0.662
0.662
0.395757
0.662
0.0381005
0.662
0.662
0.455139
0.426043
0.390038
0.515142
0.662
0.387298
0.662
0.387986
0.662
0.662
0.662
0.662
0.662
0.662
0.0503336
0.662
0.290743
0.289902
0.662
0.321241
0.662
0.409748
0.0215531
0.286475
0.662
0.36547
0.662
0.167795
0.662
0.662
0.662
0.662
0.212152
0.662
0.419644
0.662
0.662
0.662
0.205092
0.519406
0.347793
0.0644798
0.263565
0.662
0.27796
0.662
0.290043
0.662
0.0353412
0.662
0.300638
0.662
0.368726
0.284078
0.662
0.37211
0.0339237
0.662
0.662
0.306219
0.662
0.662
0.376461
0.662
0.0391811
0.662
0.662
0.662
0.662
0.470578
0.157143
0.338888
0.0535707
0.662
0.293769
0.415132
0.432072
0.0540103
0.662
0.662
0.0792949
0.662
0.132406
0.380765
0.0333265
0.662
0.394607
0.662
0.107432
0.00508695
0.662
0.662
0.662
0.662
0.388339
0.3186
0.662
0.662
0.662
0.662
0.662
0.662
0.662
0.662
0.662
0.263058
0.662
0.662
0.000662561
0.080107
0.331931
0.193131
0.447029
0.300463
0.662
0.38057
0.662
0.0739607
0.0201291
0.662
0.238431
0.454728
0.662
0.484821
0.0411738
0.246873
0.480314
0.127227
0.662
0.662
0.662
0.662
0.0667334
0.662
0.662
0.284521
0.662
0.662
0.662
0.662
0.282911
0.662
0.210439
0.433728
0.116513
0.316119
0.662
0.662
0.333563
0.662
0.0432501
0.662
0.662
0.408307
0.0218875
0.180851
0.306679
0.662
0.112465
0.315265
0.0358868
0.160832
0.662
0.662
0.662
0.466837
0.322057
0.501356
0.121892
0.316369
0.662
0.662
0.662
0.662
0.129326
0.445283
0.662
0.662
0.662
0.662
0.362209
0.322281
0.32499
0.217541
0.662
0.662
0.372351
0.662
0.662
0.189158
0.662
0.662
0.662
0.662
0.210558
0.662
0.441611
0.157151
0.662
0.285075
0.119858
0.168357
0.1738
0.662
0.662
0.114347
0.108776
0.213401
0.431472
0.0944365
0.404751
0.662
0.662
0.385116
0.662
0.196045
0.662
0.662
0.338298
0.662
0.662
0.220001
0.662
0.0537963
0.662
0.662
0.0423025
0.272206
0.662
0.470114
0.662
0.116305
0.297011
0.309903
0.268155
0.662
0.329032
0.381033
0.429013
0.37964
0.122893
0.387196
0.662
0.662
0.178097
0.662
0.662
0.273552
0.662
0.662
0.154468
0.159141
0.396826
0.0620216
0.662
0.34949
0.594738
0.662
0.662
0.322935
0.389435
0.662
0.113637
0.36527
0.387129
0.662
0.662
0.662
0.0777663
0.313797
0.00206889
0.662
0.662
0.662
0.25893
0.326005
0.662
0.344381
0.662
0.662
0.662
0.662
0.33888
0.44446
0.144397
0.662
0.662
0.662
0.219685
0.662
0.426281
0.662
0.662
0.169852
0.662
0.662
0.277383
0.662
0.662
0.20718
0.662
0.415636
0.662
0.662
0.242411
0.465182
0.198527
0.459708
0.662
0.662
0.662
0.337994
0.662
0.662
0.662
0.429804
0.413139
0.662
0.662
0.662
0.132568
0.662
0.15
0.662
0.662
0.662
0.159089
0.176552
0.0430792
0.436875
0.662
0.0538817
0.662
0.447288
0.312011
0.332787
0.32803
0.423336
0.0754355
0.0758116
0.401173
0.662
0.662
0.662
0.103217
0.662
0.439111
0.375863
0.418796
0.419133
0.467733
0.419484
0.662
0.385374
0.662
0.662
0.401969
0.253995
0.341342
0.130722
0.662
0.662
0.662
0.63339
0.335371
0.662
0.662
0.244063
0.228826
0.143497
0.662
0.407877
0.26154
0.662
0.259841
0.0125117
0.213056
0.662
0.457357
0.662
0.662
0.662
0.119474
0.662
0.248861
0.23057
0.662
0.529115
0.662
0.662
0.662
0.662
0.662
0.346466
0.662
0.378296
0.320847
0.414205
0.168527
0.662
0.0169614
0.662
0.662
0.662
0.0351289
0.662
0.248049
0.662
0.662
0.662
0.177101
0.463488
0.662
0.451226
0.270021
0.662
0.446161
0.662
0.117417
0.662
0.246975
0.662
0.662
0.662
0.662
0.662
0.662
0.662
0.662
0.090839
0.662
0.662
0.662
0.0441417
0.273073
0.224515
0.271134
0.44102
0.662
0.0990599
0.159758
0.0600732
0.662
0.662
0.318519
0.662
0.463664
0.662
0.0781228
0.424757
0.34484
0.297374
0.662
0.392041
0.662
0.114211
0.662
0.662
0.507197
0.662
0.0698443
0.254517
0.662
0.662
0.662
0.397149
0.662
0.662
0.662
0.662
0.662
0.031193
0.00394671
0.566705
0.0125614
0.0115553
0.662
0.409816
0.662
0.124104
0.0250958
0.662
0.291631
0.241883
0.469544
0.172209
0.662
0.662
0.662
0.662
0.662
0.662
0.317024
0.0826446
0.662
0.321081
0.158654
0.662
0.662
0.218486
0.41283
0.0941704
0.0397983
0.180602
0.413563
0.0122611
0.662
0.662
0.0364277
0.279245
0.662
0.298971
0.13435
0.662
0.434777
0.662
0.662
0.662
0.662
0.662
0.161279
0.579408
0.662
0.375429
0.205202
0.662
0.662
0.443383
0.662
0.179456
0.662
0.662
0.662
0.195325
0.662
0.662
0.662
0.10708
0.0265654
0.662
0.662
0.662
0.219652
0.171352
0.0225433
0.662
0.662
0.662
0.324399
0.662
0.662
0.175117
0.662
0.662
0.324219
0.662
0.662
0.272788
0.662
0.237451
0.275646
0.662
0.662
0.151825
0.662
0.662
0.662
0.662
0.374978
0.408182
0.662
0.662
0.662
0.0970458
0.390787
0.125913
0.349156
0.148184
0.468207
0.662
0.440725
0.662
0.662
0.459899
0.662
0.447513
0.343719
0.662
0.0847288
0.662
0.662
0.662
0.662
0.344406
0.662
0.411323
0.03626
0.356574
0.662
0.662
0.662
0.662
0.662
0.3984
0.15891
0.414777
0.662
0.0683342
0.239206
0.367658
0.662
0.293634
0.263206
0.358395
0.0308019
0.662
0.662
0.662
0.0662874
0.383404
0.662
0.0395143
0.0831059
0.0806991
0.0898026
0.341861
0.0374618
0.0733052
0.662
0.662
0.0541667
0.662
0.00926185
0.0896762
0.662
0.470263
0.306487
0.100951
0.288594
0.421122
0.322373
0.248073
0.662
0.426238
0.662
0.662
0.311294
0.250619
0.400295
0.662
0.662
0.662
0.289189
0.352696
0.662
0.567306
0.662
0.662
0.662
0.128212
0.13633
0.662
0.662
0.662
0.139959
0.343406
0.662
0.520975
0.662
0.662
0.662
0.662
0.384471
0.000378987
0.662
0.0102139
0.662
0.244177
0.662
0.662
0.214294
0.239823
0.662
0.662
0.662
0.662
0.299008
0.662
0.662
0.351008
0.260693
0.051436
0.662
0.0574381
0.463394
0.662
0.662
0.662
0.662
0.662
0.00302545
0.662
0.662
0.662
0.0124794
0.466886
0.662
0.170906
0.662
0.206597
0.662
0.150173
0.662
0.574399
0.46133
0.557058
0.589364
0.662
0.662
0.662
0.662
0.548037
0.662
0.662
0.662
0.662
0.403301
0.662
0.0784716
0.327131
0.504468
0.662
0.152654
0.662
0.239809
0.175764
0.662
0.662
0.542022
0.490733
0.662
0.115698
0.0896484
0.662
0.00424008
0.248811
0.191677
0.475298
0.662
0.662
0.662
0.334753
0.480263
0.432647
0.0847848
0.662
0.662
0.662
0.662
0.662
0.662
0.662
0.0178107
0.662
0.00565462
0.662
0.662
0.38536
0.662
0.662
0.43323
0.662
0.662
0.662
0.662
0.662
0.36779
0.662
0.662
0.662
0.662
0.662
0.662
0.662
0.446325
0.303658
0.662
0.662
0.662
0.477419
0.662
0.263353
0.319237
0.275438
0.662
0.362879
0.106101
0.662
0.662
0.662
0.662
0.336698
0.0716151
0.39288
0.662
0.215273
0.209561
0.280543
0.662
0.662
0.475648
0.47905
0.662
0.183975
0.258405
0.662
0.0963587
0.662
0.662
0.27017
0.662
0.662
0.662
0.662
0.662
0.395228
0.0434875
0.222756
0.121716
0.491583
0.38423
0.263241
0.330428
0.662
0.662
0.223299
0.425551
0.466888
0.467729
0.662
0.662
0.662
0.346377
0.662
0.403785
0.165027
0.0886203
0.662
0.469114
0.403566
0.303167
0.662
0.662
0.229118
0.0160421
0.481534
0.445742
0.662
0.327858
0.381524
0.662
0.351719
0.114485
0.178802
0.223443
0.662
0.662
0.459975
0.180407
0.400514
0.662
0.662
0.662
0.056138
0.424798
0.585792
0.424193
0.662
0.662
0.189026
0.10658
0.433894
0.662
0.189771
0.662
0.662
0.662
0.653727
0.233813
0.662
0.662
0.662
0.662
0.194264
0.376522
0.662
0.662
0.662
0.662
0.662
0.407946
0.662
0.407547
0.662
0.0719108
0.662
0.503412
0.471912
0.371999
0.469487
0.662
0.0703823
0.202275
0.0266473
0.314564
0.662
0.662
0.437975
0.336655
0.662
0.0103292
0.662
0.662
0.583299
0.147969
0.662
0.662
0.662
0.662
0.470454
0.662
0.662
0.47743
0.100862
0.662
0.210352
0.0368605
0.662
0.662
0.251637
0.662
0.662
0.662
0.326544
0.400317
0.662
0.361799
0.662
0.10192
0.662
0.0169594
0.662
0.397904
0.662
0.17987
0.291897
0.0370576
0.308704
0.00209331
0.160014
0.216817
0.662
0.662
0.0750248
0.662
0.0201937
0.662
0.662
0.388415
0.662
0.179436
0.282415
0.410976
0.662
0.199803
0.662
0.607665
0.662
0.662
0.384854
0.0915517
0.662
0.662
0.0398173
0.349139
0.258665
0.662
0.426108
0.662
0.247355
0.662
0.0692888
0.662
0.417447
0.0862685
0.662
0.662
0.662
0.662
0.662
0.25497
0.229927
0.662
0.662
0.401423
0.662
0.270675
0.662
0.662
0.349657
0.662
0.648414
0.662
0.662
0.662
0.662
0.662
0.662
0.662
0.662
0.662
0.444214
0.662
0.662
0.446402
0.463219
0.662
0.662
0.662
0.662
0.414433
0.360275
0.245149
0.167571
0.662
0.432716
0.662
0.465384
0.45407
0.175086
0.326292
0.237259
0.260592
0.662
0.662
0.413563
0.136957
0.662
0.497449
0.462258
0.328499
0.662
0.134958
0.662
0.662
0.662
0.662
0.662
0.345838
0.662
0.662
0.662
0.662
0.238209
0.662
0.375216
0.662
0.143012
0.518828
0.335932
0.411833
0.662
0.12624
0.360338
0.662
0.186134
0.662
0.662
0.415138
0.00665837
0.242178
0.487468
0.662
0.662
0.427457
0.501184
0.662
0.662
0.662
0.662
0.330996
0.429299
0.662
0.419305
0.0313438
0.118661
0.322592
0.662
0.466375
0.294884
0.662
0.662
0.277081
0.250913
0.228723
0.662
0.662
0.662
0.447841
0.459364
0.0525338
0.467709
0.339102
0.113796
0.662
0.0249875
0.424588
0.662
0.662
0.662
0.662
0.662
0.662
0.662
0.662
0.662
0.662
0.662
0.662
0.328435
0.662
0.0854254
0.662
0.215672
0.662
0.43153
0.662
0.488197
0.110786
0.662
0.662
0.0792782
0.662
0.662
0.662
0.662
0.662
0.480832
0.662
0.662
0.662
0.313029
0.253449
0.389291
0.00587853
0.454844
0.143275
0.662
0.662
0.178168
0.405696
0.0823432
0.0967152
0.662
0.662
0.509581
0.472213
0.419318
0.514424
0.662
0.0330389
0.345566
0.0464861
0.662
0.259042
0.429226
0.125123
0.285807
0.623933
0.662
0.173332
0.662
0.474704
0.662
0.477612
0.344468
0.662
0.111911
0.662
0.662
0.662
0.662
0.185591
0.662
0.662
0.662
0.662
0.662
0.662
0.226937
0.662
0.662
0.662
0.662
0.14193
0.662
0.571919
0.439961
0.662
0.395927
0.662
0.452104
0.662
0.451112
0.36424
0.177306
0.476328
0.662
0.176265
0.221183
0.662
0.662
0.662
0.662
0.642167
0.662
0.662
0.197167
0.662
0.662
0.434564
0.294318
0.662
0.662
0.116326
0.236168
0.662
0.307061
0.662
0.662
0.662
0.662
0.364197
0.148859
0.662
0.662
0.662
0.191694
0.662
0.662
0.2199
0.0338234
0.662
0.662
0.277863
0.662
0.0549002
0.662
0.662
0.662
0.662
0.444055
0.0158547
0.530772
0.662
0.434537
0.606622
0.32236
0.662
0.165183
0.662
0.662
0.26589
0.662
0.0872657
0.662
0.662
0.237916
0.662
0.662
0.662
0.662
0.662
0.111386
0.128713
0.662
0.262615
0.662
0.662
0.662
0.662
0.077848
0.662
0.306137
0.662
0.662
0.302289
0.415853
0.192675
0.662
0.196308
0.266747
0.662
0.662
0.662
0.386792
0.662
0.662
0.496426
0.17397
0.662
0.0661019
0.546805
0.662
0.662
0.488879
0.254197
0.280856
0.410078
0.662
0.662
0.662
0.428896
0.0370165
0.662
0.0246692
0.662
0.232944
0.440813
0.417754
0.662
0.231161
0.411836
0.662
0.122207
0.662
0.662
0.283278
0.662
0.662
0.662
0.662
0.662
0.662
0.270208
0.662
0.662
0.662
0.250724
0.135243
0.662
0.20732
0.662
0.481296
0.27138
0.662
0.204912
0.163059
0.662
0.662
0.126325
0.460316
0.662
0.662
0.662
0.163182
0.662
0.662
0.384842
0.662
0.662
0.662
0.662
0.662
0.662
0.662
0.662
0.662
0.662
0.201524
0.300842
0.175515
0.136273
0.662
0.319644
0.0446544
0.0277323
0.117011
0.662
0.458727
0.662
0.662
0.192122
0.165111
0.662
0.23442
0.451587
0.369825
0.662
0.041584
0.354033
0.662
0.270705
0.354424
0.131714
0.098319
0.662
0.0153665
0.0278852
0.662
0.662
0.662
0.662
0.251366
0.185317
0.218579
0.662
0.662
0.00736838
0.662
0.176618
0.662
0.662
0.662
0.662
0.430864
0.662
0.0927139
0.662
0.0804184
0.096754
0.305833
0.274927
0.535073
0.662
0.662
0.234997
0.662
0.662
0.50516
0.662
0.484763
0.414944
0.662
0.420053
0.348485
0.662
0.404941
0.096098
0.662
0.308588
0.0747306
0.662
0.662
0.296906
0.662
0.142028
0.348982
0.662
0.164038
0.0900134
0.229656
0.203722
0.283171
0.662
0.050631
0.225325
0.662
0.662
0.437186
0.662
0.348793
0.348006
0.662
0.0452526
0.662
0.662
0.187265
0.355319
0.534908
0.128987
0.662
0.662
0.274856
0.146724
0.662
0.633123
0.435542
0.376924
0.662
0.662
0.324406
0.416149
0.662
0.662
0.662
0.100391
0.662
0.0152304
0.662
0.463216
0.355013
0.0933119
0.28804
0.161689
0.212202
0.309914
0.295507
0.662
0.00798041
0.662
0.480744
0.662
0.662
0.33439
0.402689
0.662
0.662
0.258982
0.662
0.370477
0.662
0.662
0.140288
0.178734
0.662
0.662
0.27215
0.662
0.323809
0.662
0.662
0.662
0.0958399
0.446257
0.662
0.229274
0.662
0.176214
0.237448
0.662
0.0656876
0.662
0.662
0.662
0.662
0.662
0.662
0.662
0.662
0.662
0.0223227
0.662
0.662
0.662
0.662
0.662
0.662
0.662
0.463659
0.662
0.161225
0.2315
0.208013
0.29483
0.662
0.00826637
0.662
0.386399
0.662
0.50001
0.662
0.0484892
0.233806
0.0389561
0.662
0.662
0.662
0.662
0.662
0.274991
0.662
0.480189
0.478339
0.395063
0.662
0.204517
0.662
0.662
0.286879
0.662
0.662
0.06539
0.378635
0.348229
0.404862
0.21302
0.427232
0.0653124
0.222676
0.662
0.662
0.662
0.028625
0.662
0.148054
0.386183
0.662
0.662
0.0948114
0.27233
0.662
0.0370654
0.0743125
0.662
0.376056
0.662
0.662
0.662
0.0903357
0.258543
0.662
0.662
0.662
0.168357
0.556776
0.662
0.440505
0.226876
0.120061
0.662
0.33993
0.662
0.662
0.662
0.662
0.466723
0.134165
0.474493
0.662
0.132484
0.662
0.128066
0.662
0.142162
0.662
0.662
0.263656
0.662
0.662
0.302968
0.346292
0.168352
0.0669344
0.662
0.160319
0.662
0.435379
0.189583
0.308777
0.423488
0.473992
0.237587
0.662
0.662
0.0567742
0.180785
0.662
0.143715
0.11623
0.662
0.662
0.662
0.662
0.633694
0.662
0.395606
0.662
0.662
0.662
0.0145098
0.662
0.662
0.0323218
0.662
0.662
0.662
0.117818
0.662
0.16625
0.481996
0.662
0.0103345
0.662
0.662
0.662
0.662
0.282909
0.662
0.662
0.351614
0.359038
0.662
0.0430802
0.662
0.662
0.168207
0.662
0.355426
0.662
0.312368
0.0567883
0.662
0.15989
0.391146
0.662
0.662
0.0569684
0.0302144
0.662
0.662
0.614743
0.413033
0.236145
0.017271
0.467055
0.356789
0.662
0.662
0.367757
0.396357
0.662
0.662
0.662
0.662
0.662
0.662
0.123679
0.00277038
0.662
0.162344
0.662
0.112905
0.662
0.662
0.662
0.203316
0.662
0.662
0.407181
0.140172
0.662
0.662
0.662
0.468259
0.148372
0.662
0.0755023
0.337159
0.0534237
0.0292094
0.473232
0.0338731
0.662
0.662
0.662
0.142791
0.662
0.662
0.162176
0.147104
0.662
0.156376
0.662
0.475223
0.504544
0.662
0.437589
0.184722
0.225549
0.662
0.662
0.662
0.662
0.662
0.662
0.556473
0.662
0.662
0.438281
0.662
0.488764
0.662
0.662
0.662
0.662
0.241928
0.662
0.662
0.144693
0.188157
0.163213
0.662
0.352308
0.302054
0.393194
0.20332
0.662
0.662
0.662
0.662
0.662
0.662
0.662
0.168841
0.648245
0.662
0.283285
0.631539
0.662
0.662
0.0913496
0.662
0.662
0.662
0.662
0.662
0.662
0.662
0.334744
0.662
0.0619783
0.662
0.368734
0.662
0.178715
0.100087
0.188429
0.662
0.42061
0.662
0.662
0.462139
0.209268
0.230987
0.662
0.532209
0.322911
0.662
0.0310502
0.285124
0.662
0.174093
0.193606
0.662
0.416787
0.662
0.662
0.501721
0.232964
0.120831
0.63339
0.662
0.0649437
0.399897
0.250639
0.29548
0.186072
0.662
0.662
0.320039
0.335791
0.324904
0.168061
0.662
0.662
0.0600178
0.662
0.546696
0.662
0.286547
0.312238
0.186785
0.289454
0.0883409
0.364467
0.158483
0.662
0.160596
0.374573
0.412038
0.662
0.477504
0.0557884
0.662
0.662
0.662
0.662
0.662
0.460316
0.466944
0.662
0.594595
0.181942
0.382031
0.544338
0.662
0.500509
0.662
0.214616
0.662
0.662
0.662
0.193568
0.0159084
0.662
0.662
0.370502
0.315511
0.662
0.0801224
0.467107
0.388904
0.612672
0.274524
0.662
0.662
0.0233081
0.07499
0.662
0.648328
0.662
0.662
0.0919376
0.662
0.154953
0.662
0.662
0.167981
0.662
0.662
0.662
0.662
0.662
0.662
0.288145
0.662
0.662
0.662
0.304136
0.662
0.210951
0.662
0.420388
0.662
0.222994
0.134955
0.662
0.662
0.0249671
0.662
0.130349
0.21267
0.662
0.662
0.662
0.261329
0.662
0.236541
0.153571
0.662
0.662
0.662
0.662
0.224909
0.383394
0.186229
0.491369
0.246069
0.317067
0.662
0.457467
0.662
0.151368
0.662
0.662
0.662
0.662
0.170112
0.203737
0.272836
0.662
0.662
0.662
0.662
0.63339
0.0331179
0.188658
0.662
0.311552
0.165261
0.662
0.662
0.181247
0.446894
0.662
0.167678
0.325898
0.662
0.367425
0.662
0.206345
0.216053
0.45507
0.00927726
0.0955153
0.417178
0.464056
0.162321
0.06112
0.22426
0.662
0.22506
0.662
0.602914
0.662
0.662
0.177325
0.662
0.662
0.662
0.662
0.662
0.451149
0.200816
0.0219855
0.105423
0.273514
0.662
0.240869
0.662
0.121433
