0.662
0.662
0.0317269
0.662
0.0747021
0.585988
0.662
0.662
0.662
0.275454
0.277209
0.246176
0.154268
0.662
0.0443801
0.651992
0.662
0.35432
0.451957
0.662
0.333504
0.662
0.0433772
0.662
0.662
0.230097
0.662
0.662
0.662
0.662
0.662
0.248387
0.662
0.344428
0.662
0.340104
0.407021
0.0623855
0.662
0.662
0.0358308
0.462844
0.662
0.662
0.0861859
0.662
0.506343
0.662
0.662
0.662
0.193703
0.0789489
0.662
0.662
0.190126
0.662
0.662
0.472509
0.662
0.662
0.304087
0.662
0.662
0.134498
0.662
0.40371
0.662
0.263564
0.123631
0.162774
0.230789
0.662
0.415464
0.198993
0.662
0.662
0.494271
0.472267
0.662
0.662
0.463148
0.662
0.383204
0.662
0.441442
0.119306
0.385577
0.662
0.662
0.580861
0.41404
0.273148
0.0155465
0.662
0.173453
0.662
0.398781
0.470155
0.304503
0.662
0.311303
0.662
0.424348
0.226118
0.302699
0.662
0.135163
0.0390483
0.451801
0.662
0.297871
0.0325612
0.662
0.662
0.406652
0.449975
0.662
0.472157
0.326044
0.399692
0.369999
0.662
0.411302
0.336574
0.207942
0.662
0.662
0.632043
0.144661
0.662
0.662
0.662
0.399832
0.248082
0.662
0.150713
0.662
0.395773
0.354647
0.662
0.14356
0.519101
0.428746
0.242195
0.662
0.0307029
0.281726
0.174743
0.495188
0.662
0.435552
0.662
0.662
0.193496
0.64761
0.662
0.662
0.662
0.662
0.662
0.479391
0.242733
0.662
0.475184
0.662
0.143
0.312147
0.662
0.149012
0.405495
0.0971383
0.186321
0.287073
0.662
0.662
0.662
0.194303
0.475624
0.320222
0.662
0.563501
0.662
0.378579
0.662
0.662
0.198391
0.662
0.662
0.662
0.662
0.395868
0.662
0.135856
0.248603
0.662
0.662
0.393999
0.662
0.662
0.00529127
0.662
0.518896
0.662
0.399107
0.662
0.662
0.0699781
0.303171
0.0325028
0.662
0.662
0.662
0.662
0.662
0.662
0.662
0.111251
0.662
0.190625
0.334151
0.662
0.114997
0.317538
0.440708
0.662
0.662
0.662
0.208408
0.662
0.451457
0.230165
0.662
0.468192
0.0315842
0.124355
0.400756
0.662
0.662
0.662
0.224406
0.662
0.662
0.0815536
0.662
0.662
0.662
0.393892
0.662
0.434262
0.467645
0.44273
0.241126
0.662
0.662
0.662
0.444678
0.662
0.662
0.471911
0.429482
0.662
0.476715
0.334888
0.662
0.662
0.662
0.662
0.662
0.662
0.662
0.629763
0.662
0.0551647
0.477048
0.662
0.133072
0.311812
0.276903
0.662
0.172827
0.662
0.361587
0.255954
0.662
0.188966
0.229571
0.662
0.662
0.662
0.185927
0.0866683
0.429613
0.662
0.0722756
0.662
0.0337856
0.662
0.662
0.662
0.662
0.662
0.662
0.662
0.662
0.662
0.662
0.091033
0.662
0.362222
0.662
0.662
0.0123323
0.397263
0.0873903
0.662
0.662
0.662
0.662
0.177482
0.662
0.662
0.662
0.662
0.359836
0.46372
0.662
0.152939
0.193364
0.662
0.662
0.298832
0.662
0.520101
0.662
0.432806
0.038728
0.195322
0.40641
0.288897
0.503631
0.40504
0.38712
0.662
0.0129905
0.188097
0.577118
0.372854
0.662
0.662
0.662
0.43979
0.45987
0.662
0.662
0.368455
0.488684
0.662
0.561934
0.343134
0.166137
0.662
0.229234
0.662
0.662
0.196991
0.662
0.662
0.140811
0.662
0.247965
0.431667
0.662
0.662
0.662
0.160845
0.103756
0.662
0.242919
0.662
0.31723
0.662
0.662
0.662
0.0104334
0.0168992
0.396254
0.662
0.279104
0.662
0.662
0.662
0.283638
0.159563
0.489808
0.662
0.327057
0.337198
0.662
0.662
0.662
0.0538613
0.662
0.163738
0.271847
0.662
0.662
0.218181
0.662
0.662
0.662
0.662
0.0950096
0.505975
0.662
0.662
0.121354
0.201533
0.558881
0.662
0.192312
0.662
0.662
0.662
0.375677
0.150936
0.434601
0.417972
0.662
0.650637
0.420726
0.465112
0.112379
0.46234
0.199501
0.0204616
0.662
0.360545
0.431025
0.662
0.662
0.662
0.662
0.662
0.0399037
0.662
0.662
0.662
0.662
0.228655
0.662
0.434824
0.662
0.0595258
0.0910036
0.662
0.662
0.223417
0.160636
0.662
0.179939
0.159016
0.662
0.176516
0.662
0.662
0.662
0.662
0.0528546
0.440182
0.662
0.662
0.175715
0.145904
0.453241
0.662
0.158186
0.463076
0.662
0.662
0.662
0.111153
0.662
0.662
0.662
0.662
0.662
0.171986
0.662
0.662
0.564966
0.662
0.662
0.0389936
0.662
0.662
0.662
0.447844
0.662
0.592347
0.662
0.404427
0.662
0.662
0.662
0.662
0.114085
0.662
0.185418
0.662
0.218065
0.662
0.254523
0.358958
0.365543
0.662
0.262875
0.215142
0.662
0.662
0.435066
0.161471
0.662
0.662
0.390969
0.662
0.614481
0.392262
0.0525026
0.662
0.0662339
0.662
0.0957338
0.662
0.338807
0.35743
0.662
0.340935
0.111619
0.662
0.00164167
0.662
0.662
0.467646
0.597485
0.662
0.0544105
0.068379
0.482044
0.662
0.662
0.266109
0.662
0.662
0.662
0.662
0.662
0.448158
0.662
0.662
0.537596
0.222765
0.662
0.662
0.274337
0.662
0.572222
0.662
0.212709
0.662
0.275232
0.662
0.173261
0.446681
0.662
0.662
0.539091
0.662
0.662
0.662
0.662
0.662
0.176944
0.662
0.200765
0.241454
0.358107
0.403472
0.662
0.431066
0.662
0.662
0.662
0.662
0.662
0.372802
0.429349
0.212554
0.662
0.408145
0.662
0.662
0.393967
0.662
0.662
0.270483
0.228223
0.662
0.442981
0.662
0.253252
0.662
0.397751
0.0138725
0.662
0.662
0.227095
0.305145
0.662
0.232599
0.662
0.475884
0.191543
0.167701
0.662
0.662
0.102409
0.331499
0.314504
0.662
0.180616
0.662
0.662
0.256467
0.458836
0.445943
0.662
0.388365
0.662
0.662
0.662
0.116033
0.662
0.373207
0.436039
0.662
0.0787713
0.234862
0.401599
0.0715124
0.229951
0.662
0.245157
0.048727
0.460383
0.0805568
0.662
0.522509
0.662
0.322112
0.199452
0.662
0.0217351
0.662
0.130435
0.461207
0.11132
0.662
0.0402828
0.238803
0.662
0.184233
0.276631
0.190424
0.662
0.0377782
0.0615801
0.297425
0.662
0.292775
0.662
0.662
0.662
0.662
0.662
0.662
0.609764
0.662
0.106794
0.662
0.459431
0.662
0.131493
0.0585617
0.662
0.662
0.662
0.662
0.662
0.0798849
0.337091
0.169225
0.662
0.0134997
0.662
0.192124
0.000969595
0.210339
0.662
0.362766
0.259339
0.662
0.662
0.662
0.313423
0.662
0.200545
0.662
0.492577
0.389926
0.662
0.419849
0.662
0.423617
0.662
0.398461
0.662
0.662
0.662
0.662
0.662
0.662
0.126723
0.334749
0.662
0.0598509
0.00297344
0.662
0.662
0.192519
0.0993894
0.0721371
0.662
0.408438
0.662
0.265062
0.662
0.662
0.662
0.662
0.058807
0.662
0.362603
0.330233
0.362343
0.453577
0.662
0.136353
0.662
0.662
0.662
0.662
0.662
0.662
0.662
0.662
0.662
0.662
0.662
0.405112
0.662
0.662
0.26399
0.662
0.662
0.662
0.662
0.662
0.662
0.662
0.246908
0.0200577
0.662
0.306309
0.662
0.579216
0.662
0.662
0.199091
0.233844
0.662
0.197933
0.662
0.662
0.115142
0.122538
0.241104
0.662
0.12178
0.143875
0.662
0.662
0.662
0.662
0.662
0.662
0.435089
0.231086
0.662
0.264149
0.47047
0.662
0.662
0.0601323
0.662
0.176316
0.662
0.662
0.662
0.225209
0.188931
0.662
0.474778
0.170475
0.662
0.662
0.446306
0.662
0.054593
0.633391
0.201801
0.410732
0.444241
0.270814
0.662
0.662
0.0202263
0.662
0.662
0.0904413
0.46722
0.662
0.662
0.191317
0.662
0.662
0.662
0.015303
0.419891
0.427833
0.371307
0.00887862
0.662
0.662
0.0392921
0.309609
0.439494
0.321902
0.662
0.419091
0.174373
0.662
0.662
0.115366
0.291017
0.221906
0.662
0.0325481
0.662
0.0289277
0.251327
0.341378
0.506669
0.662
0.267205
0.662
0.280085
0.495469
0.662
0.662
0.662
0.452911
0.113075
0.215758
0.192452
0.662
0.413402
0.44744
0.212345
0.662
0.662
0.662
0.662
0.662
0.510655
0.19028
0.255052
0.0503046
0.419907
0.662
0.662
0.191843
0.662
0.32298
0.662
0.560999
0.662
0.662
0.0156094
0.662
0.662
0.285965
0.424232
0.662
0.187201
0.662
0.662
0.662
0.662
0.662
0.662
0.662
0.662
0.633694
0.0772887
0.662
0.662
0.662
0.036723
0.101948
0.12544
0.24136
0.662
0.404783
0.28397
0.192114
0.662
0.339362
0.662
0.280808
0.662
0.662
0.00102889
0.132081
0.662
0.662
0.430307
0.348537
0.266723
0.662
0.402116
0.362727
0.662
0.662
0.0977172
0.103561
0.421583
0.148275
0.662
0.0535983
0.460274
0.662
0.662
0.662
0.325335
0.214999
0.662
0.376567
0.388439
0.662
0.662
0.662
0.662
0.0315231
0.565161
0.300979
0.662
0.662
0.662
0.662
0.657542
0.051695
0.400546
0.662
0.662
0.271048
0.662
0.298834
0.486021
0.662
0.662
0.662
0.662
0.662
0.431444
0.120921
0.0095483
0.662
0.662
0.662
0.662
0.580828
0.0999662
0.662
0.0621812
0.118172
0.50778
0.662
0.443217
0.662
0.662
0.662
0.206325
0.662
0.662
0.32274
0.54221
0.33315
0.662
0.21056
0.115623
0.662
0.133704
0.0791368
0.576329
0.155504
0.419968
0.417508
0.662
0.662
0.193788
0.254012
0.394616
0.277636
0.327171
0.662
0.0823243
0.662
0.194049
0.662
0.662
0.0279439
0.662
0.662
0.662
0.662
0.662
0.447684
0.662
0.506356
0.251624
0.388978
0.662
0.0366194
0.662
0.662
0.181257
0.662
0.662
0.226816
0.662
0.662
0.662
0.662
0.301656
0.366021
0.662
0.662
0.0569529
0.662
0.662
0.0050865
0.252323
0.098948
0.662
0.662
0.662
0.417735
0.662
0.0781527
0.49757
0.662
0.662
0.471763
0.354194
0.357665
0.662
0.662
0.662
0.662
0.406465
0.501434
0.0510226
0.662
0.662
0.662
0.0975001
0.365467
0.662
0.662
0.122092
0.322067
0.662
0.662
0.662
0.662
0.0533602
0.0386787
0.662
0.548391
0.056791
0.662
0.167634
0.662
0.662
0.0576924
0.662
0.614452
0.662
0.662
0.172634
0.662
0.662
0.1831
0.662
0.190014
0.662
0.603563
0.662
0.662
0.471869
0.662
0.265531
0.662
0.434867
0.662
0.662
0.0783889
0.0672347
0.0425913
0.233534
0.320319
0.662
0.662
0.662
0.18962
0.662
0.0709869
0.399552
0.662
0.141379
0.145344
0.319371
0.384533
0.662
0.662
0.662
0.63339
0.331059
0.119444
0.662
0.662
0.662
0.0536184
0.454526
0.662
0.662
0.372627
0.662
0.371898
0.0709535
0.662
0.500344
0.662
0.508044
0.662
0.257981
0.662
0.662
0.662
0.662
0.169637
0.242525
0.662
0.233924
0.662
0.662
0.662
0.662
0.662
0.410889
0.662
0.0276985
0.355307
0.662
0.474584
0.585997
0.662
0.130493
0.419241
0.662
0.121506
0.662
0.662
0.290363
0.157327
0.662
0.245639
0.662
0.662
0.662
0.135112
0.662
0.458594
0.264855
0.139721
0.437868
0.294967
0.355953
0.662
0.108342
0.662
0.120819
0.662
0.662
0.662
0.261583
0.430598
0.662
0.662
0.297557
0.498638
0.389785
0.329689
0.192072
0.213818
0.284027
0.401058
0.123572
0.662
0.281886
0.662
0.147035
0.332855
0.425621
0.662
0.557458
0.662
0.227485
0.530238
0.271679
0.662
0.662
0.136465
0.232866
0.596672
0.595485
0.662
0.662
0.662
0.0166311
0.662
0.0470033
0.662
0.662
0.292784
0.0978683
0.309598
0.170843
0.127802
0.366528
0.181266
0.0620934
0.380446
0.0419143
0.468826
0.465545
0.662
0.662
0.662
0.662
0.662
0.563121
0.206554
0.0538273
0.449721
0.345422
0.0638354
0.662
0.662
0.368158
0.662
0.662
0.662
0.662
0.199654
0.191432
0.436294
0.662
0.179112
0.662
0.662
0.0446561
0.662
0.392422
0.280879
0.662
0.31392
0.662
0.662
0.0160049
0.39602
0.662
0.662
0.188551
0.662
0.655691
0.18414
0.662
0.662
0.20639
0.662
0.662
0.472935
0.662
0.363922
0.662
0.662
0.662
0.0190628
0.257799
0.662
0.180067
0.336817
0.662
0.662
0.11382
0.388741
0.662
0.662
0.394476
0.662
0.441712
0.662
0.266737
0.662
0.662
0.662
0.0461187
0.662
0.409248
0.385033
0.0031928
0.662
0.662
0.662
0.662
0.662
0.662
0.336038
0.358193
0.238926
0.396693
0.662
0.662
0.0244461
0.0908822
0.662
0.0791418
0.662
0.662
0.662
0.633391
0.662
0.662
0.662
0.168908
0.662
0.210127
0.0676375
0.601592
0.662
0.662
0.461711
0.662
0.662
0.231046
4.08285e-05
0.403379
0.476064
0.662
0.0394129
0.247356
0.0447326
0.662
0.662
0.0616975
0.206288
0.541409
0.277602
0.369945
0.120766
0.227375
0.223179
0.247558
0.662
0.662
0.662
0.214349
0.662
0.379237
0.662
0.662
0.193651
0.360314
0.502631
0.662
0.662
0.662
0.336355
0.449653
0.229739
0.339
0.662
0.325878
0.662
0.522964
0.348446
0.662
0.096183
0.662
0.662
0.662
0.367572
0.00853784
0.662
0.319656
0.266474
0.384008
0.51186
0.316949
0.662
0.42665
0.142938
0.662
0.662
0.518376
0.348879
0.662
0.638514
0.662
0.200322
0.550167
0.662
0.662
0.662
0.662
0.662
0.0439233
0.662
0.0154475
0.389565
0.295184
0.1142
0.662
0.177123
0.662
0.662
0.59873
0.662
0.29726
0.662
0.662
0.662
0.107823
0.662
0.662
0.151932
0.662
0.233254
0.383558
0.00659678
0.128001
0.415923
0.662
0.662
0.159713
0.0683064
0.662
0.662
0.662
0.460558
0.662
0.0790617
0.0742535
0.268911
0.662
0.461411
0.245583
0.479391
0.22506
0.590283
0.662
0.0797998
0.0397051
0.13757
0.469844
0.451163
0.418998
0.662
0.662
0.208796
0.441023
0.662
0.170402
0.662
0.662
0.662
0.662
0.411746
0.0379366
0.662
0.662
0.662
0.563395
0.585127
0.236163
0.662
0.141477
0.662
0.662
0.242644
0.294467
0.0817203
0.432407
0.0859435
0.437281
0.394662
0.618588
0.662
0.132286
0.271092
0.0390651
0.610711
0.662
0.103338
0.662
0.662
0.375078
0.662
0.662
0.286581
0.662
0.0576007
0.257898
0.0968643
0.0894178
0.662
0.662
0.662
0.662
0.431613
0.283675
0.662
0.101865
0.268101
0.139082
0.526413
0.110158
0.662
0.0982462
0.662
0.21161
0.09523
0.222604
0.250921
0.662
0.662
0.662
0.662
0.662
0.662
0.0141608
0.464163
0.662
0.248053
0.662
0.359896
0.643678
0.221681
0.662
0.662
0.171553
0.103038
0.662
0.216645
0.662
0.662
0.262779
0.662
0.662
0.662
0.443254
0.662
0.662
0.318255
0.662
0.662
0.217018
0.662
0.302056
0.248618
0.662
0.662
0.662
0.268792
0.0658128
0.662
0.662
0.662
0.150539
0.662
0.00244415
0.276395
0.258918
0.260185
0.662
0.662
0.62863
0.193649
0.662
0.374509
0.662
0.662
0.662
0.275181
0.662
0.0902647
0.359877
0.134148
0.662
0.164169
0.662
0.662
0.611621
0.283247
0.37607
0.662
0.662
0.285654
0.323462
0.662
0.662
0.556949
0.662
0.322602
0.662
0.0669916
0.662
0.196737
0.436927
0.46599
0.662
0.191796
0.662
0.205478
0.363895
0.164729
0.662
0.662
0.478249
0.662
0.662
0.662
0.372832
0.0927176
0.41885
0.303657
0.662
0.0171287
0.662
0.662
0.662
0.662
0.109769
0.662
0.359607
0.395028
0.662
0.662
0.0353644
0.0304629
0.662
0.225883
0.484054
0.244248
0.449291
0.356048
0.662
0.662
0.662
0.662
0.662
0.302936
0.662
0.206904
0.404383
0.412618
0.662
0.662
0.0768417
0.662
0.662
0.205355
0.662
0.662
0.662
0.171028
0.662
0.662
0.662
0.662
0.00814656
0.662
0.662
0.177551
0.378141
0.592037
0.662
0.144747
0.662
0.449062
0.662
0.662
0.277654
0.38135
0.662
0.662
0.35251
0.662
0.0204376
0.662
0.662
0.662
0.0311944
0.662
0.662
0.662
0.662
0.197878
0.223798
0.662
0.143572
0.028647
0.45555
0.0162363
0.484869
0.427155
0.662
0.121647
0.662
0.279228
0.662
0.662
0.0503212
0.662
0.662
0.662
0.662
0.40302
0.342871
0.258603
0.662
0.662
0.662
0.662
0.662
0.662
0.662
0.662
0.326305
0.662
0.662
0.662
0.662
0.662
0.464964
0.662
0.662
0.365669
0.662
0.272507
0.662
0.433417
0.568222
0.662
0.414094
0.662
0.662
0.662
0.521109
0.274916
0.662
0.662
0.463114
0.662
0.662
0.0749643
0.662
0.114308
0.662
0.390027
0.363644
0.0720927
0.426667
0.299538
0.12596
0.431247
0.43405
0.662
0.662
0.327862
0.662
0.249636
0.662
0.302687
0.437904
0.662
0.109269
0.130475
0.284949
0.592605
0.662
0.662
0.480872
0.662
0.441885
0.445364
0.541767
0.662
0.131977
0.210916
0.662
0.106157
0.411975
0.662
0.2793
0.359546
0.075369
0.662
0.140117
0.37749
0.662
0.662
0.249182
0.662
0.662
0.662
0.0980491
0.662
0.573859
0.0486691
0.662
0.500685
0.662
0.45207
0.314889
0.177146
0.298085
0.207207
0.662
0.439765
0.662
0.662
0.319753
0.567271
0.662
0.360307
0.0903321
0.662
0.233039
0.662
0.662
0.417524
0.23459
0.662
0.604282
0.182798
0.458623
0.662
0.662
0.662
0.662
0.333441
0.0203804
0.662
0.472665
0.662
0.019913
0.662
0.662
0.0176112
0.237199
0.323118
0.455835
0.0533344
0.338756
0.0832988
0.28855
0.329756
0.0632571
0.304645
0.320862
0.662
0.662
0.662
0.662
0.662
0.662
0.514235
0.320693
0.235007
0.662
0.122551
0.471568
0.206031
0.662
0.226388
0.662
0.496865
0.662
0.662
0.231602
0.662
0.662
0.662
0.258715
0.132139
0.27785
0.662
0.662
0.662
0.662
0.0810837
0.330295
0.0591834
0.662
0.34266
0.662
0.482928
0.113282
0.662
0.471314
0.210832
0.313701
0.0818891
0.577871
0.662
0.520614
0.375915
0.662
0.662
0.134923
0.662
0.662
0.216324
0.662
0.327727
0.399527
0.32064
0.662
0.662
0.662
0.513471
0.356372
0.662
0.00140779
0.0377342
0.662
0.662
0.662
0.242029
0.434724
0.577918
0.662
0.352158
0.662
0.662
0.662
0.662
0.662
0.662
0.482903
0.662
0.662
0.662
0.662
0.662
0.294177
0.425441
0.152358
0.438201
0.662
0.260413
0.662
0.654058
0.363381
0.160744
0.662
0.367017
0.104647
0.662
0.398212
0.662
0.662
0.662
0.662
0.662
0.350034
0.662
0.413973
0.545058
0.398144
0.662
0.662
0.181456
0.662
0.662
0.255175
0.662
0.662
0.200919
0.199908
0.662
0.662
0.662
0.461484
0.434674
0.208474
0.662
0.15818
0.662
0.662
0.662
0.662
0.662
0.458516
0.662
0.158461
0.290564
0.662
0.319285
0.127137
0.408268
0.154019
0.424525
0.662
0.662
0.662
0.204607
0.126063
0.662
0.00811364
0.662
0.282692
0.662
0.0965662
0.437531
0.428688
0.451415
0.159228
0.284302
0.662
0.662
0.400474
0.475839
0.662
0.450706
0.662
0.662
0.662
0.662
0.446943
0.560648
0.662
0.0945008
0.313303
0.199227
0.662
0.0569682
0.662
0.0726024
0.662
0.662
0.412982
0.662
0.662
0.476459
0.662
0.280016
0.393906
0.662
0.126006
0.198076
0.662
0.662
0.662
0.662
0.625969
0.662
0.662
0.0439891
0.390781
0.662
0.226203
0.662
0.446221
0.662
0.321796
0.662
0.662
0.326447
0.145322
0.357008
0.0859585
0.240985
0.662
0.662
0.154676
0.252787
0.472684
0.662
0.662
0.26671
0.395793
0.500953
0.662
0.662
0.662
0.171289
0.662
0.662
0.662
0.198738
0.416875
0.56983
0.122583
0.662
0.0273107
0.662
0.169562
0.0165123
0.662
0.662
0.662
0.662
0.420195
0.662
0.662
0.0297769
0.608908
0.662
0.662
0.205681
0.222911
0.149713
0.301267
0.217405
0.662
0.662
0.662
0.0753278
0.662
0.662
0.629706
0.662
0.662
0.662
0.662
0.24952
0.662
0.662
0.662
0.662
0.662
0.459051
0.662
0.543838
0.662
0.662
0.662
0.662
0.662
0.662
0.42679
0.474541
0.662
0.662
0.240142
0.576723
0.335382
0.427074
0.662
0.364282
0.527512
0.554827
0.486209
0.318955
0.0883226
0.662
0.474145
0.662
0.270684
0.143918
0.516767
0.47189
0.662
8.60422e-05
0.145172
0.380326
0.322128
0.418264
0.662
0.115559
0.102682
0.662
0.0067185
0.278067
0.662
0.662
0.114961
0.662
0.395295
0.151624
0.662
0.254964
0.662
0.662
0.662
0.226282
0.662
0.662
0.141389
0.662
0.163072
0.516415
0.0975465
0.205018
0.662
0.662
0.148233
0.0792439
0.432059
0.253667
0.00926138
0.662
0.443392
0.662
0.422221
0.662
0.431586
0.662
0.662
0.662
0.451189
0.510076
0.662
0.662
0.00851396
0.0605675
0.662
0.662
0.373999
0.419601
0.662
0.491291
0.551362
0.155831
0.662
0.312874
0.662
0.248378
0.466509
0.22162
0.662
0.662
0.662
0.420636
0.662
0.450781
0.213258
0.237549
0.662
0.662
0.662
0.138809
0.662
0.388072
0.662
0.662
0.662
0.346601
0.662
0.662
0.452125
0.662
0.662
0.662
0.662
0.0420735
0.56505
0.210292
0.141908
0.662
0.317156
0.0674588
0.662
0.443573
0.662
0.118032
0.662
0.662
0.456273
0.662
0.268981
0.11641
0.662
0.662
0.662
0.662
0.445804
0.156674
0.283477
0.662
0.662
0.662
0.353519
0.345372
0.180202
0.662
0.40733
0.662
0.662
0.662
0.662
0.662
0.387403
0.662
0.662
0.662
0.155729
0.506577
0.662
0.662
0.662
0.662
0.662
0.662
0.0792258
0.0839891
0.662
0.662
0.662
0.662
0.341502
0.662
0.250264
0.662
0.662
0.662
0.561317
0.662
0.321814
0.417067
0.662
0.662
0.28252
0.206375
0.500026
0.363292
0.325066
0.603721
0.171863
0.411805
0.303758
0.662
0.662
0.392867
0.662
0.434308
0.662
0.662
0.662
0.161668
0.438899
0.662
0.345384
0.662
0.662
0.662
0.446644
0.662
0.662
0.662
0.456282
0.662
0.662
0.257068
0.662
0.131191
0.662
0.0871814
0.662
0.0563443
0.662
0.469799
0.307431
0.1863
0.469074
0.186931
0.374691
