0.662
0.662
0.662
0.662
0.662
0.662
0.662
0.23146
0.16477
0.662
0.414747
0.662
0.22204
0.662
0.662
0.0300445
0.0507384
0.662
0.662
0.662
0.0606942
0.662
0.662
0.199763
0.193534
0.165844
0.662
0.662
0.662
0.662
0.523421
0.323832
0.220741
0.269203
0.353518
0.407484
0.275456
0.662
0.662
0.662
0.662
0.662
0.662
0.29679
0.662
0.662
0.0132024
0.0796143
0.662
0.450337
0.451132
0.0802106
0.20152
0.250512
0.662
0.662
0.662
0.662
0.662
0.0256257
0.484833
0.662
0.0606938
0.662
0.278902
0.269971
0.662
0.234325
0.0433901
0.185948
0.470875
0.662
0.435363
0.135167
0.118885
0.662
0.662
0.662
0.662
0.384791
0.0840523
0.427799
0.305749
0.662
0.319002
0.262526
0.662
0.662
0.337254
0.469509
0.662
0.522947
0.0572022
0.33022
0.0164651
0.00732092
0.139291
0.662
0.0646125
0.0127423
0.156074
0.122044
0.662
0.662
0.662
0.662
0.662
0.263425
0.308399
0.662
0.662
0.662
0.157684
0.662
0.662
0.662
0.36539
0.445626
0.662
0.662
0.164614
0.662
0.211167
0.662
0.302308
0.530924
0.662
0.662
0.187857
0.662
0.662
0.662
0.662
0.331508
0.662
0.0210951
0.662
0.662
0.662
0.0533999
0.143508
0.279906
0.662
0.260791
0.400655
0.662
0.662
0.0476142
0.662
0.0919562
0.283633
0.320337
0.63339
0.323456
0.662
0.350835
0.662
0.412151
0.56808
0.662
0.662
0.472969
0.00930932
0.0359514
0.662
0.662
0.209704
0.443712
0.662
0.597131
0.45381
0.662
0.662
0.662
0.662
0.463616
0.662
0.0868978
0.484401
0.662
0.662
0.357941
0.245783
0.124502
0.662
0.430779
0.0559964
0.402668
0.662
0.476328
0.662
0.662
0.662
0.305251
0.662
0.662
0.662
0.662
0.662
0.185959
0.662
0.662
0.662
0.662
0.177142
0.662
0.110419
0.285506
0.00338707
0.662
0.662
0.583406
0.662
0.662
0.115388
0.662
0.154838
0.398292
0.662
0.662
0.231456
0.662
0.662
0.662
0.285986
0.240388
0.662
0.662
0.662
0.662
0.662
0.662
0.473578
0.399907
0.380661
0.548326
0.229257
0.0712665
0.463024
0.662
0.439499
0.662
0.662
0.662
0.662
0.662
0.180218
0.450418
0.662
0.662
0.662
0.381977
0.37802
0.662
0.420548
0.363396
0.662
0.240515
0.662
0.662
0.662
0.412904
0.13334
0.175405
0.662
0.662
0.200862
0.407237
0.662
0.390768
0.662
0.662
0.662
0.241144
0.227546
0.662
0.0561288
0.385101
0.0449708
0.0985327
0.662
0.199562
0.485911
0.662
0.273969
0.662
0.662
0.285315
0.404834
0.0535507
0.272384
0.578592
0.609088
0.380413
0.662
0.40413
0.362132
0.662
0.2547
0.317952
0.662
0.662
0.662
0.27867
0.165679
0.389404
0.384667
0.55667
0.294592
0.662
0.152821
0.443702
0.343212
0.307347
0.662
0.662
0.382644
0.662
0.662
0.107215
0.138529
0.662
0.283417
0.662
0.0367976
0.521443
0.290003
0.30321
0.662
0.0746416
0.662
0.051503
0.077087
0.298461
0.0614428
0.348262
0.381885
0.0764723
0.16104
0.308366
0.217899
0.662
0.187591
0.150654
0.662
0.0203419
0.207648
0.662
0.662
0.662
0.399432
0.662
0.2485
0.662
0.662
0.662
0.662
0.662
0.662
0.334105
0.662
0.435296
0.229503
0.432593
0.662
0.662
0.662
0.297562
0.238835
0.033025
0.463559
0.0576711
0.372349
0.662
0.662
0.0860211
0.662
0.662
0.0305113
0.662
0.0862655
0.662
0.662
0.662
0.662
0.662
0.662
0.662
0.0459985
0.421325
0.662
0.109263
0.639453
0.567688
0.090992
0.290588
0.602467
0.455379
0.639184
0.436829
0.662
0.662
0.0158122
0.134736
0.128431
0.23522
0.0145185
0.662
0.662
0.245758
0.24483
0.662
0.194672
0.38507
0.051823
0.402958
0.662
0.662
0.472355
0.481314
0.0788139
0.318173
0.662
0.662
0.363482
0.662
0.597215
0.341351
0.296334
0.394373
0.525386
0.662
0.662
0.662
0.203209
0.481566
0.662
0.662
0.662
0.16469
0.301205
0.132993
0.206473
0.662
0.662
0.662
0.662
0.173867
0.662
0.375534
0.662
0.0329233
0.0843724
0.0218309
0.662
0.662
0.489729
0.167243
0.662
0.00610506
0.268232
0.343529
0.662
0.229384
0.662
0.662
0.374104
0.277149
0.662
0.662
0.295755
0.662
0.275396
0.662
0.662
0.42528
0.662
0.662
0.344865
0.662
0.137507
0.662
0.464546
0.095497
0.662
0.662
0.00215587
0.474994
0.662
0.324558
0.662
0.662
0.662
0.0335272
0.11845
0.662
0.662
0.344452
0.301618
0.662
0.662
0.662
0.198935
0.662
0.112401
0.662
0.314495
0.662
0.0428988
0.168547
0.531935
0.226176
0.662
0.0724686
0.362523
0.662
0.0471199
0.421712
0.0979003
0.335457
0.662
0.662
0.364443
0.662
0.662
0.662
0.188845
0.310536
0.662
0.662
0.445968
0.662
0.387237
0.185982
0.662
0.662
0.662
0.252795
0.662
0.662
0.158341
0.662
0.662
0.662
0.478028
0.662
0.662
0.0653842
0.662
0.662
0.413555
0.662
0.662
0.0890985
0.662
0.662
0.331246
0.662
0.134194
0.083261
0.662
0.319956
0.0571454
0.662
0.354076
0.489838
0.348884
0.398291
0.185053
0.311264
0.316873
0.475522
0.233319
0.618921
0.536011
0.193332
0.446056
0.407879
0.315227
0.662
0.519112
0.319862
0.120335
0.265236
0.662
0.257623
0.662
0.662
0.662
0.662
0.662
0.29435
0.337042
0.322246
0.662
0.662
0.241409
0.348802
0.652565
0.266228
0.366657
0.0968251
0.662
0.466747
0.0688346
0.546293
0.108767
0.662
0.662
0.662
0.231397
0.347817
0.260878
0.662
0.076046
0.662
0.662
0.35363
0.662
0.662
0.299273
0.662
0.41054
0.372473
0.0991688
0.662
0.590683
0.151466
0.662
0.662
0.370376
0.662
0.0269974
0.662
0.662
0.662
0.662
0.662
0.150856
0.282055
0.662
0.072858
0.662
0.662
0.459373
0.0630022
0.0806306
0.662
0.26231
0.662
0.112323
0.354666
0.662
0.662
0.662
0.385548
0.662
0.662
0.662
0.120001
0.662
0.662
0.232602
0.372984
0.662
0.177348
0.0626619
0.662
0.384786
0.231719
0.290056
0.662
0.662
0.662
0.238621
0.662
0.662
0.42436
0.662
0.662
0.662
0.662
0.662
0.662
0.331631
0.662
0.122191
0.562346
0.662
0.393285
0.662
0.196869
0.136801
0.386755
0.662
0.662
0.662
0.399966
0.662
0.129381
0.662
0.351431
0.269836
0.662
0.662
0.662
0.662
0.291788
0.154268
0.460297
0.436442
0.662
0.294339
0.662
0.357081
0.662
0.662
0.662
0.249229
0.662
0.662
0.4279
0.325853
0.662
0.662
0.290569
0.116628
0.662
0.0924942
0.662
0.426475
0.662
0.662
0.662
0.662
0.473579
0.319409
0.315421
0.152246
0.662
0.332652
