0.662
0.662
0.0476475
0.662
0.0214093
0.288854
0.101099
0.261388
0.662
0.662
0.662
0.0261846
0.662
0.662
0.662
0.662
0.662
0.378053
0.338335
0.318675
0.662
0.662
0.662
0.662
0.662
0.612371
0.662
0.662
0.662
0.662
0.341502
0.343038
0.662
0.412618
0.662
0.224049
0.299242
0.662
0.394981
0.662
0.662
0.662
0.662
0.662
0.662
0.497964
0.662
0.436927
0.194151
0.662
0.662
0.159713
0.662
0.198141
0.333795
0.662
0.662
0.428746
0.662
0.662
0.662
0.233452
0.46234
0.628541
0.225356
0.111619
0.662
0.419532
0.199908
0.0669445
0.396831
0.19827
0.0826101
0.184334
0.163949
0.0246133
0.11006
0.514235
0.662
0.0927176
0.662
0.662
0.662
0.486502
0.449346
0.375915
0.662
0.662
0.662
0.302167
0.276688
0.662
0.662
0.271092
0.597485
0.127582
0.232294
0.662
0.577306
0.662
0.243801
0.662
0.662
0.662
0.146439
0.662
0.47241
0.662
0.425765
0.62943
0.305846
0.662
0.662
0.662
0.395295
0.662
0.285844
0.662
0.662
0.662
0.198565
0.662
0.662
0.662
0.370661
0.0950001
0.662
0.662
0.662
0.662
0.662
0.662
0.662
0.290363
0.348446
0.260553
0.422055
0.662
0.452581
0.419815
0.468918
0.662
0.390483
0.662
0.662
0.662
0.662
0.662
0.662
0.662
0.662
0.662
0.360458
0.424983
0.662
0.0197351
0.662
0.662
0.662
0.192412
0.662
0.608066
0.662
0.230181
0.662
0.662
0.15009
0.662
0.662
0.662
0.0433314
0.662
0.662
0.258918
0.662
0.27851
0.0755463
0.455405
0.662
0.662
0.662
0.041332
0.662
0.419241
0.662
0.662
0.0678057
0.114997
0.00154304
0.662
0.662
0.476459
0.191843
0.662
0.0880291
0.091189
0.191814
0.662
0.662
0.662
0.662
0.662
0.662
0.480635
0.662
0.182254
0.434867
0.662
0.0816894
0.662
0.662
0.662
0.662
0.595485
0.662
0.662
0.159308
0.662
0.237633
0.662
0.662
0.662
0.289235
0.662
0.0388769
0.46722
0.476715
0.136353
0.662
0.208265
0.452373
0.296896
0.662
0.293843
0.662
0.662
0.118172
0.662
0.662
0.662
0.662
0.662
0.11038
0.662
0.662
0.662
0.474584
0.381321
0.662
0.366038
0.360545
0.662
0.0709535
0.662
0.319777
0.662
0.662
0.143691
0.662
0.250564
0.662
0.389697
0.121354
0.662
0.468701
0.435538
0.445419
0.662
0.662
0.662
0.662
0.662
0.662
0.109068
0.51487
0.662
0.662
0.479391
0.482044
0.21832
0.662
0.432269
0.368158
0.662
0.233877
0.271416
0.662
0.411079
0.135331
0.428672
0.418788
0.662
0.662
0.0386059
0.662
0.407844
0.473977
0.176199
0.662
0.662
0.0684976
0.662
0.283638
0.329927
0.0279332
0.662
0.481214
0.662
0.160187
0.662
0.662
0.662
0.662
0.352191
0.190968
0.387729
0.508136
0.258715
0.662
0.440709
0.0683064
0.263147
0.227911
0.662
0.662
0.662
0.502964
0.662
0.0926852
0.662
0.6297
0.662
0.249182
0.662
0.268792
0.233039
0.662
0.662
0.214412
0.662
0.662
0.662
0.0576924
0.662
0.393276
0.662
0.46624
0.0790617
0.307586
0.495999
0.662
0.417894
0.662
0.662
0.662
0.087729
0.0914561
0.662
0.662
0.464505
0.244977
0.178049
0.662
0.122183
0.662
0.662
0.662
0.662
0.662
0.440865
0.603563
0.662
0.662
0.662
0.662
0.400295
0.662
0.662
0.206635
0.662
0.662
0.329947
0.662
0.662
0.159016
0.662
0.378141
0.662
0.662
0.466509
0.453577
0.662
0.662
0.0461662
0.136065
0.662
0.662
0.444471
0.662
0.0735216
0.662
0.46743
0.662
0.349458
0.662
0.662
0.662
0.662
0.114568
0.662
0.00811364
0.662
0.662
0.367332
0.662
0.459431
0.0231286
0.662
0.662
0.662
0.662
0.129382
0.231706
0.662
0.662
0.458594
0.634008
0.188097
0.662
0.409722
0.512272
0.662
0.226203
0.216607
0.662
0.46561
0.662
0.162774
0.30201
0.662
0.634514
0.662
0.662
0.662
0.167759
0.0232677
0.138527
0.0798176
0.662
0.662
0.662
0.662
0.662
0.280085
0.662
0.662
0.0718124
0.662
0.215198
0.662
0.0864143
0.0888067
0.662
0.00140779
0.662
0.662
0.662
0.662
0.435993
0.662
0.0699781
0.662
0.662
0.662
0.441885
0.662
0.0771968
0.192312
0.421588
0.662
0.179549
0.662
0.296938
0.662
0.662
0.662
0.22728
0.662
0.328642
0.662
0.662
0.0215752
0.210339
0.237474
0.577871
0.158622
0.662
0.662
0.662
0.300445
0.0715124
0.662
0.0123217
0.338807
0.662
0.35743
0.662
0.245157
0.0523992
0.145904
0.662
0.331029
0.662
0.662
0.177293
0.662
0.385033
0.662
0.662
0.662
0.662
0.191432
0.32182
0.019913
0.662
0.472935
0.662
0.662
0.244135
0.475794
0.36943
0.662
0.662
0.350127
0.662
0.318598
0.0220942
0.0896237
0.662
0.470114
0.662
0.0950096
0.662
0.133952
0.662
0.384074
0.662
0.537596
0.662
0.133391
0.662
0.662
0.662
0.662
0.0226927
0.662
0.580861
0.600865
0.636421
0.662
0.115107
0.662
0.326462
0.3054
0.662
0.256666
0.306744
0.0192914
0.662
0.0179161
0.662
0.662
0.662
0.105618
0.662
0.662
0.421583
0.662
0.662
0.265062
0.126661
0.254537
0.662
0.662
0.0689011
0.474425
0.168141
0.0101375
0.662
0.437281
0.404421
0.472157
0.248603
0.550167
0.662
0.662
0.201355
0.25468
0.662
0.21191
0.662
0.662
0.409248
0.662
0.262779
0.662
0.662
0.662
0.662
0.662
0.123359
0.662
0.135139
0.00952806
0.662
0.662
0.662
0.662
0.192513
0.153625
0.662
0.662
0.662
0.427155
0.54221
0.300596
0.201734
0.662
0.662
0.662
0.662
0.662
0.257118
0.662
0.662
0.0141608
0.662
0.662
0.37173
0.662
0.662
0.662
0.232599
0.247563
0.662
0.662
0.0265603
0.662
0.372445
0.662
0.662
0.662
0.281218
0.0950188
0.662
0.662
0.0111982
0.662
0.662
0.0883226
0.662
0.2315
0.662
0.118032
0.662
0.165574
0.662
0.0540103
0.662
0.220476
0.0261194
0.316452
0.216998
0.662
0.662
0.662
0.427389
0.662
0.662
0.424101
0.228936
0.662
0.644779
0.383523
0.662
0.108739
0.662
0.254914
0.0971364
0.252136
0.662
0.415817
0.214999
0.0031928
0.662
0.441162
0.662
0.234631
0.490446
0.662
0.662
0.484534
0.235231
0.662
0.662
0.662
0.0784551
0.662
0.526161
0.662
0.336483
0.662
0.164802
0.276056
0.662
0.662
0.662
0.662
0.662
0.326195
0.205536
0.140771
0.426864
0.662
0.47042
0.662
0.662
0.411265
0.477947
0.226088
0.662
0.302936
0.662
0.285965
0.662
0.0726024
0.432407
0.662
0.305008
0.324911
0.18838
0.230776
0.662
0.121714
0.180629
0.0848797
0.662
0.0155465
0.662
0.662
0.444537
0.662
0.662
0.662
0.0477706
0.662
0.411746
0.662
0.30548
0.0495405
0.662
0.662
0.460558
0.662
0.662
0.662
0.662
0.0460025
0.662
0.662
0.592519
0.0785125
0.028004
0.662
0.662
0.662
0.662
0.662
0.662
0.367572
0.310936
0.662
0.662
0.0447326
0.662
0.272076
0.662
0.198993
0.412167
0.662
0.610711
0.662
0.180961
0.451957
0.585988
0.14843
0.392873
0.662
0.0123209
0.0175465
0.242029
0.662
0.443421
0.662
0.662
0.662
0.662
0.397597
0.662
0.226388
0.492577
0.662
0.662
0.662
0.662
0.0866566
0.662
0.662
0.662
0.662
0.0693914
0.662
0.368937
0.55632
0.662
0.662
0.662
0.662
0.662
0.662
0.297871
0.45672
0.462543
0.662
0.662
0.662
0.662
0.435065
0.204962
0.077687
0.662
0.662
0.358087
0.382911
0.601592
0.160359
0.662
0.662
0.662
0.662
0.662
0.662
0.334235
0.662
0.276684
0.11382
0.266634
0.539749
0.662
0.662
0.0610559
0.662
0.264149
0.336025
0.241613
0.662
0.662
0.0706882
0.0134997
0.662
0.662
0.232866
0.662
0.662
0.347796
0.662
0.291761
0.227749
0.327882
0.15818
0.662
0.662
0.363292
0.444712
0.662
0.133887
0.662
0.662
0.662
0.0439233
0.167634
0.662
0.252611
0.44922
0.662
0.315107
0.0400569
0.662
0.662
0.662
0.107761
0.318359
0.380635
0.662
0.662
0.480106
0.662
0.342507
0.049848
0.662
0.399662
0.196991
0.449038
0.662
0.510234
0.662
0.353694
0.662
0.662
0.202096
0.0450371
0.454796
0.356372
0.169225
0.662
0.662
0.0947695
0.662
0.662
0.26802
0.662
0.662
0.198676
0.662
0.662
0.420195
0.299231
0.417524
0.662
0.662
0.662
0.190124
0.662
0.184413
0.320718
0.662
0.603997
0.662
0.662
0.34145
0.662
0.662
0.112379
0.0616975
0.662
0.240985
0.662
0.189333
0.367793
0.112599
0.662
0.274067
0.297359
0.241249
0.662
0.662
0.380554
0.662
0.446943
0.662
0.39003
0.662
0.662
0.662
0.412982
0.662
0.662
0.662
0.662
0.662
0.662
0.206842
0.662
0.108342
0.662
0.662
0.278067
0.382854
0.583516
0.662
0.452416
0.276175
0.662
0.662
0.662
0.662
0.264966
0.242525
0.662
0.474821
0.353887
0.0411643
0.662
0.662
0.501745
0.662
0.662
0.662
0.662
0.415923
0.274804
0.662
0.117437
0.662
0.662
0.662
0.419152
0.10633
0.662
0.662
0.398461
0.662
0.662
0.662
0.660867
0.662
0.662
0.402434
0.662
0.392835
0.203439
0.662
0.430878
0.662
0.662
0.662
0.520251
0.28965
0.434601
0.662
0.490137
0.662
0.662
0.662
0.662
0.662
0.662
0.119253
0.369855
0.662
0.36566
0.122551
0.443036
0.331055
0.662
0.662
0.662
0.405495
0.662
0.395408
0.192124
0.662
0.398506
0.662
0.356377
0.443131
0.662
0.662
0.662
0.662
0.662
0.0123323
0.662
0.662
0.662
0.141502
0.662
0.590962
0.662
0.662
0.662
0.46811
0.506903
0.662
0.662
0.261865
0.662
0.395028
0.662
0.278065
0.40789
0.018452
0.151644
0.40088
0.662
0.662
0.465841
0.662
0.662
0.662
0.191543
0.40981
0.662
0.0311944
0.662
0.387086
0.340634
0.662
0.662
0.213575
0.111153
0.662
0.662
0.302429
0.37607
0.662
0.662
0.329756
0.662
0.662
0.522964
0.662
0.0806003
0.268331
0.0303049
0.662
0.38985
0.662
0.662
0.204273
0.321902
0.662
0.662
0.0169335
0.662
0.662
0.302687
0.362656
0.234882
0.222361
0.0725679
0.356937
0.184477
0.662
0.134498
0.662
0.662
0.233141
0.662
0.662
0.662
0.270174
0.662
0.662
0.28693
0.662
0.662
0.662
0.075984
0.482903
0.440579
0.662
0.662
0.662
0.248052
0.662
0.00059961
0.662
0.135112
0.0925738
0.662
0.662
0.239438
0.0850752
0.662
0.662
0.633429
0.662
0.424432
0.0520403
0.32298
0.662
0.662
0.240676
0.662
0.662
0.367526
0.0503212
0.252142
0.381473
0.357913
0.662
0.662
0.662
0.662
0.662
0.662
0.662
0.341378
0.0687714
0.662
0.203141
0.0987227
0.662
0.662
0.662
0.266737
0.381457
0.187318
0.120819
0.28467
0.439472
0.662
0.662
0.422694
0.662
0.662
0.662
0.416286
0.662
0.662
0.234826
0.662
0.662
0.387144
0.662
0.662
0.662
0.00571068
0.207857
0.662
0.662
0.426825
0.662
0.231046
0.662
0.662
0.662
0.662
0.038728
0.662
0.662
0.662
0.474145
0.662
0.662
0.140117
0.662
0.662
0.160349
0.308804
0.662
0.662
0.145322
0.662
0.209595
0.0209296
0.570775
0.236978
0.662
0.245896
0.107893
0.662
0.373492
0.322128
0.210292
0.662
0.359877
0.662
0.0976405
0.329335
0.167239
0.421456
0.662
0.27785
0.190855
0.444174
0.662
0.460919
0.662
0.662
0.389743
0.662
0.437868
0.065786
0.662
0.0585382
0.662
0.439269
0.366418
0.662
0.373266
0.379455
0.399527
0.147913
0.538884
0.347143
0.334888
0.662
0.1142
0.662
0.240314
0.662
0.472267
0.662
0.458072
0.311988
0.662
0.662
0.0569529
0.0390651
0.387128
0.158461
0.316949
0.662
0.662
0.662
0.00206889
0.306164
0.662
0.662
0.638462
0.148083
0.418264
0.662
0.662
0.662
0.276631
0.337586
0.662
0.662
0.121513
0.526052
0.089384
0.0635462
0.662
0.447913
0.662
0.262875
0.632043
0.662
0.349014
0.160467
0.662
0.662
0.355953
0.197625
0.161593
0.662
0.662
0.219281
0.662
0.425441
0.662
0.181586
0.248082
0.238071
0.662
0.662
0.363644
0.662
0.662
0.0389936
0.00297344
0.365985
0.476959
0.202822
0.419015
0.662
0.662
0.662
0.662
0.662
0.662
0.251327
0.662
0.366553
0.384865
0.662
0.662
0.662
0.0464131
0.464643
0.662
0.130435
0.662
0.438287
0.182798
0.439494
0.45456
0.339335
0.662
0.662
0.662
0.662
0.662
0.662
0.662
0.154019
0.0307029
0.228804
0.355221
0.198391
0.662
0.421201
0.662
0.59873
0.662
0.390572
0.0204376
0.662
0.377305
0.662
0.21236
0.662
0.18275
0.662
0.662
0.295324
0.119645
0.662
0.217625
0.662
0.390916
0.662
0.662
0.662
0.662
0.662
0.662
0.458623
0.662
0.662
0.662
0.662
0.0760419
0.662
0.154721
0.662
0.185088
0.662
0.287688
0.662
0.662
0.662
0.136077
0.662
0.273949
0.662
0.662
0.662
0.662
0.378951
0.662
0.662
0.259545
0.444733
0.156674
0.0915838
0.662
0.662
0.662
0.452125
0.658568
0.081505
0.18342
0.172003
0.431247
0.662
0.662
0.271847
0.148233
0.142092
0.662
0.662
0.662
0.662
0.246334
0.662
0.434674
0.372575
0.662
0.662
0.449798
0.662
0.424105
0.0658128
0.596127
0.187367
0.391586
0.356987
0.662
0.662
0.662
0.662
0.662
0.435089
0.433431
0.425201
0.662
0.662
0.662
0.361812
0.662
0.662
0.254105
0.662
0.662
0.208838
0.21063
0.328495
0.335473
0.662
0.662
0.662
0.662
0.408268
0.662
0.662
0.662
0.662
0.317055
0.662
0.662
0.662
0.662
0.13757
0.662
0.662
0.662
0.143251
0.291897
0.662
0.397251
0.110403
0.662
0.662
0.662
0.229234
0.356876
0.662
0.662
0.662
0.562417
0.662
0.662
0.662
0.103723
0.243245
0.662
0.662
0.510408
0.47618
0.447194
0.462055
0.0862624
0.662
0.662
0.250959
0.662
0.662
0.662
0.662
0.208377
0.340966
0.40441
0.0154475
0.0617105
0.662
0.662
0.421235
0.662
0.454526
0.662
0.442795
0.225706
0.431107
0.662
0.193361
0.428972
0.131493
0.453592
0.662
0.662
0.662
0.662
0.662
0.238654
0.0957339
0.662
0.662
0.416327
0.662
0.662
0.553397
0.662
0.0908822
0.662
0.284361
0.662
0.634715
0.20401
0.0978683
0.662
0.662
0.662
0.662
0.662
0.662
0.185996
0.662
0.662
0.662
0.662
0.662
0.662
0.662
0.662
0.586958
0.477096
0.174027
0.662
0.662
0.662
0.662
0.321814
0.334833
0.00887862
0.662
0.0550964
0.309279
0.662
0.662
0.662
0.662
0.447684
0.662
0.662
0.614813
0.662
0.527184
0.349525
0.662
0.662
0.398811
0.662
0.662
0.662
0.144084
0.662
0.0516022
0.00892624
0.427875
0.24966
0.120271
0.648357
0.662
0.662
0.210832
0.24988
0.662
0.268724
0.208672
0.662
0.662
0.662
0.662
0.0226052
0.253252
0.662
0.427273
0.662
0.662
0.495001
0.315623
0.662
0.662
0.0168992
0.10135
0.323514
0.662
0.662
0.662
0.662
0.662
0.662
0.662
0.181257
0.331777
0.35944
0.113672
0.662
0.397263
0.662
0.468225
0.0512015
0.103138
0.359836
0.662
0.289099
0.361959
0.447427
0.00659678
0.21558
0.662
0.662
0.662
0.502782
0.0580712
0.467646
0.662
0.662
0.662
0.662
0.662
0.662
0.662
0.172072
0.662
0.662
0.494354
0.384008
0.662
0.662
0.662
0.662
0.369349
0.662
0.147173
0.662
0.662
0.0217351
0.662
0.119382
0.222944
0.0875859
0.145505
0.662
0.149036
0.662
0.230603
0.34266
0.234785
0.662
0.662
0.315117
0.391565
0.235608
0.452631
0.662
0.662
0.662
0.662
0.662
0.662
0.662
0.178925
0.130493
0.662
0.100087
0.116472
0.252627
0.444678
0.408816
0.156721
0.331499
0.662
0.319036
0.325752
0.443972
0.135856
0.319591
0.662
0.045884
0.162077
0.408491
0.662
0.662
0.662
0.662
0.0772887
0.238866
0.662
0.478675
0.236163
0.0996512
0.662
0.662
0.662
0.311812
0.283247
0.223179
0.662
0.0419194
0.662
0.371145
0.662
0.358124
0.139082
0.112305
0.53556
0.438327
0.662
0.662
0.368455
0.00529127
0.245639
0.662
0.302056
0.0576856
0.176552
0.196827
0.171527
0.662
0.637337
0.662
0.121647
0.662
0.662
0.205123
0.214349
0.189343
0.375679
0.390563
0.478423
0.662
0.662
0.662
0.662
0.662
0.662
0.0372911
0.478437
0.416402
0.662
0.28854
0.313423
0.662
0.662
0.662
0.662
0.662
0.662
0.115142
0.257208
0.662
0.662
0.392422
0.662
0.662
0.662
0.201801
0.00244415
0.662
0.662
0.471375
0.662
0.0929843
0.662
0.101071
0.433905
0.277602
0.662
0.148527
0.662
0.662
0.662
0.662
0.0425913
0.662
0.662
0.121021
0.0215531
0.623639
0.662
0.504697
0.387704
0.0178685
0.662
0.0926938
0.435184
0.662
0.662
0.0290896
0.662
0.662
0.186284
0.166222
0.662
0.233847
0.662
0.420822
0.144039
0.332149
0.662
0.662
0.662
0.662
0.662
0.244776
0.662
0.158038
0.058026
0.662
0.662
0.662
0.662
0.662
0.516141
0.662
0.662
0.0569682
0.439008
0.662
0.113833
0.662
0.317502
0.309702
0.257168
0.662
0.662
0.662
0.662
0.662
0.529344
0.662
0.54748
0.317646
0.662
0.662
0.662
0.0747021
0.662
0.662
0.662
0.0742565
0.662
0.662
0.408241
0.662
0.340105
0.555906
0.0246488
0.505062
0.662
0.266815
0.0162524
0.662
0.196455
0.544342
0.662
0.0674588
0.199215
0.458341
0.467092
0.662
0.662
0.662
0.414164
0.662
0.662
0.662
0.662
0.220315
0.662
0.475027
0.469844
0.451163
0.305724
0.348854
0.662
0.318935
0.410727
0.662
0.113689
0.248618
0.244499
0.267161
0.360166
0.383386
0.662
0.323462
0.662
0.662
0.662
0.662
0.274337
0.662
0.662
0.443573
0.662
0.291897
0.434365
0.119991
0.472533
0.161822
0.662
0.185871
0.662
0.662
0.395698
0.279719
0.662
0.134496
0.448737
0.662
0.382345
0.662
0.115623
0.271059
0.435579
0.662
0.662
0.445366
0.269619
0.662
0.369347
0.662
0.662
0.558475
0.0184601
0.662
0.558881
0.662
0.290782
0.475532
0.162181
0.662
0.662
0.0143379
0.46372
0.154789
0.33123
0.054593
0.0379366
0.0176112
0.662
0.662
0.662
0.0893182
0.222126
0.453502
0.662
0.662
0.575856
0.427792
0.465922
0.662
0.662
0.427833
0.345844
0.662
0.260413
0.411302
0.453656
0.352409
0.0394129
0.0138725
0.662
0.662
0.662
0.662
0.662
0.116943
0.359304
0.22506
0.143108
0.229951
0.662
0.662
0.662
0.662
0.515639
0.662
0.662
0.662
0.662
0.662
0.16323
0.662
0.378596
0.166173
0.401058
0.662
0.662
0.662
0.330401
0.199982
0.41071
0.451415
0.539277
0.122659
0.285094
0.662
0.0601323
0.138079
0.471869
0.287331
0.144102
0.27291
0.204364
0.420914
0.438899
0.271127
0.662
0.662
0.662
0.34597
0.295184
0.662
0.48308
0.404383
0.406391
0.662
0.281552
0.662
0.662
0.662
0.662
0.470308
0.662
0.171738
0.0366194
0.662
0.322112
0.662
0.0316106
0.420633
0.662
0.172744
0.662
0.441812
0.662
0.0425555
0.662
0.662
0.662
0.662
0.662
0.662
0.590283
0.394662
0.662
0.225883
0.47236
0.277209
0.662
0.662
0.587378
0.283641
0.662
0.662
0.0805568
0.405139
0.239595
0.179939
0.327569
0.662
0.345422
0.662
0.662
0.0645344
0.662
0.662
0.126006
0.312894
0.369525
0.386191
0.351163
0.662
0.662
0.662
0.662
0.114093
0.662
0.423239
0.264113
0.662
0.662
0.0173903
0.662
0.662
0.662
0.247965
0.0624436
0.20738
0.444045
0.260284
0.082462
0.508188
0.175726
0.662
0.662
0.662
0.119508
0.0129905
0.662
0.0247859
0.662
0.148048
0.245339
0.00853784
0.166309
0.0903449
0.401055
0.662
0.167453
0.662
0.662
0.176758
0.662
0.662
0.662
0.662
0.662
0.662
0.190581
0.231086
0.00844606
0.311536
0.419752
0.662
0.388741
0.437115
0.617964
0.662
0.662
0.662
0.0514643
0.323982
0.153601
0.471568
0.662
0.277734
0.37282
0.662
0.407955
0.662
0.662
0.662
0.662
0.114308
0.662
0.43013
0.662
0.430398
0.662
0.504742
0.280793
0.662
0.662
0.662
0.662
0.662
0.662
0.10763
0.662
0.662
0.662
0.662
0.0198715
0.662
0.434505
0.662
0.662
0.662
0.662
0.662
0.662
0.662
0.662
0.375677
0.255748
0.429437
0.662
0.662
0.662
0.346302
0.662
0.152275
0.16756
0.281908
0.662
0.662
0.662
0.662
0.317609
0.662
0.343605
0.576329
0.662
0.278579
0.662
0.0436597
0.246975
0.662
0.662
0.377345
0.662
0.206375
0.0577282
0.662
0.0229532
0.00389866
0.662
0.0738048
0.306386
0.662
0.415947
0.662
0.250879
0.0498
0.662
0.662
0.662
0.662
0.172634
0.662
0.662
0.662
0.335825
0.662
0.279234
0.662
0.0317269
0.167954
0.145484
0.200545
0.320543
0.662
0.662
0.662
0.662
0.662
0.662
0.662
0.0328697
0.662
0.311417
0.171585
0.662
0.207573
0.662
0.662
0.662
0.662
0.113282
0.662
0.662
0.662
0.406262
0.662
0.662
0.317658
0.248053
0.662
0.438003
0.347889
0.662
0.461772
0.662
0.26671
0.281696
0.164723
0.228167
0.662
0.662
0.500685
0.662
0.332855
0.340417
0.331059
0.662
0.270753
0.420206
0.662
0.182029
0.128001
0.662
0.662
0.37282
0.662
0.370763
0.662
0.522077
0.168908
0.662
0.388978
0.00282762
0.662
0.662
0.662
0.662
0.432806
0.662
0.662
0.51383
0.662
0.108872
0.662
0.217956
0.662
0.19028
0.662
0.403038
0.662
0.205936
0.662
0.662
0.583368
0.0743125
0.662
0.662
0.328924
0.00185088
0.662
0.662
0.662
0.662
0.662
0.420721
0.0585617
0.0778706
0.325244
0.222937
0.662
0.362727
0.662
0.662
0.335382
0.392822
0.0358308
0.662
0.209475
0.662
0.662
0.0412438
0.662
0.662
0.662
0.374821
0.138377
0.200392
0.662
0.662
0.662
0.662
0.250545
0.662
0.662
