0.206473
0.662
0.183508
0.194672
0.662
0.11845
0.307881
0.138529
0.662
0.43939
0.662
0.0475012
0.084838
0.662
0.662
0.363482
0.183258
0.662
0.242176
0.662
0.662
0.531935
0.662
0.662
0.366657
0.187591
0.662
0.227077
0.288775
0.662
0.662
0.158341
0.0838593
0.303078
0.662
0.662
0.662
0.662
0.436629
0.372473
0.161824
0.246514
0.662
0.185959
0.24247
0.393285
0.662
0.472969
0.662
0.18326
0.0252369
0.0361338
0.662
0.236937
0.662
0.662
0.0780769
0.662
0.662
0.662
0.156108
0.340082
0.662
0.662
0.0862655
0.322872
0.219804
0.0576711
0.278223
0.662
0.23027
0.285986
0.662
0.325941
0.662
0.121421
0.481314
0.662
0.217899
0.662
0.662
0.47558
0.662
0.424038
0.0359514
0.521443
0.400655
0.662
0.518691
0.378712
0.662
0.283417
0.294339
0.662
0.662
0.0329439
0.662
0.171629
0.436442
0.384786
0.245758
0.283633
0.072858
0.662
0.662
0.193332
0.662
0.385548
0.662
0.662
0.275091
0.380661
0.0868978
0.352778
0.384556
0.662
0.49427
0.0335272
0.422911
0.662
0.542977
0.215114
0.335457
0.450418
0.662
0.662
0.63339
0.408252
0.662
0.662
0.394373
0.0363356
0.503846
0.662
0.662
0.396271
0.662
0.40413
0.0745942
0.662
0.662
0.227503
0.443702
0.104588
0.662
0.538509
0.324033
0.662
0.00898742
0.319956
0.426475
0.662
0.662
0.662
0.0951704
0.163368
0.450337
0.662
0.122146
0.0948651
0.112323
0.662
0.662
0.388188
0.662
0.662
0.662
0.442945
0.662
0.319862
0.252345
0.37802
0.662
0.662
0.662
0.662
0.348884
0.662
0.195066
0.416528
0.662
0.662
0.662
0.662
0.0367976
0.170789
0.156473
0.662
0.299273
0.440663
0.141308
0.40867
0.662
0.662
0.662
0.448107
0.307347
0.662
0.0734097
0.375117
0.469509
0.662
0.39159
0.662
0.662
0.26231
0.662
0.662
0.473578
0.662
0.335099
0.662
0.662
0.124502
0.662
0.0653842
0.425048
0.662
0.347962
0.662
0.662
0.662
0.383168
0.384667
0.225888
0.662
0.24114
0.221271
0.0207786
0.134961
0.662
0.662
0.662
0.662
0.662
0.319002
0.662
0.662
0.275866
0.662
0.662
0.662
0.290003
0.430779
0.662
0.662
0.252795
0.662
0.0176979
0.662
0.662
0.662
0.662
0.662
0.662
0.0397503
0.00338707
0.662
0.118695
0.662
0.662
0.662
0.662
0.662
0.032678
0.238621
0.662
0.348015
0.0186086
0.111585
0.298633
0.662
0.662
0.206653
0.399432
0.302308
0.662
0.155302
0.662
0.662
0.411014
0.165679
0.136093
0.662
0.662
0.662
0.662
0.662
0.391477
0.662
0.0924942
0.457276
0.135479
0.662
0.662
0.140367
0.662
0.350835
0.353315
0.662
0.662
0.164614
0.662
0.662
0.376437
0.662
0.662
0.662
0.662
0.662
0.662
0.29324
0.662
0.143508
0.662
0.662
0.355995
0.662
0.662
0.0646125
0.0535507
0.662
0.618921
0.662
0.662
0.662
0.473548
0.298557
0.662
0.662
0.662
0.662
0.0765008
0.0626619
0.488154
0.151466
0.530924
0.662
0.463616
0.662
0.336298
0.662
0.662
0.462438
0.662
0.326659
0.522947
0.662
0.450477
0.0860211
0.662
0.662
0.0163231
0.662
0.367387
0.662
0.239398
0.112401
0.278902
0.662
0.373328
0.662
0.280378
0.662
0.0804238
0.639453
0.314122
0.662
0.409133
0.662
0.099725
0.662
0.32015
0.16104
0.332973
0.662
0.257623
0.662
0.134736
0.268173
0.662
0.136167
0.662
0.662
0.185982
0.662
0.120001
0.662
0.662
0.273966
0.662
0.130744
0.209704
0.358806
0.662
0.662
0.662
0.662
0.662
0.662
0.245783
0.662
0.202447
0.403249
0.662
0.474994
0.662
0.662
0.177872
0.662
0.129992
0.662
0.0428988
0.662
0.404834
0.662
0.662
0.662
0.466747
0.428047
0.662
0.343212
0.662
0.456605
0.662
0.662
0.662
0.662
0.185948
0.475522
0.0471199
0.662
0.519112
0.0410934
0.334418
0.419936
0.662
0.24483
0.662
0.662
0.442075
0.662
0.662
0.662
0.662
0.662
0.662
0.662
0.0796143
0.662
0.662
0.336578
0.662
0.0991688
0.477367
0.0431126
0.375959
0.662
0.289385
0.478611
0.318173
0.662
0.460297
0.225792
0.662
0.307174
0.295755
0.662
0.239296
0.384791
0.662
0.152751
0.662
0.662
0.662
0.138552
0.662
0.201798
0.311264
0.662
0.229141
0.662
0.662
0.662
0.662
0.662
0.247052
0.662
0.662
0.21409
0.662
0.421825
0.0145185
0.662
0.463559
0.427799
0.662
0.662
0.662
0.420548
0.371048
0.662
0.489838
0.090992
0.662
0.154268
0.662
0.398291
0.662
0.36539
0.269613
0.0644507
0.652565
0.662
0.293181
0.00498307
0.662
0.662
0.272596
0.662
0.662
0.662
0.662
0.662
0.586058
0.051391
0.662
0.262526
0.662
0.662
0.662
0.285315
0.662
0.443962
0.662
0.279906
0.236733
0.662
0.662
0.220741
0.363396
0.662
0.23917
0.662
0.662
0.662
0.58733
0.484833
0.0919562
0.238835
0.662
0.385615
0.324723
0.475812
0.662
0.198935
0.662
0.0404895
0.662
0.0788139
0.531038
0.385718
0.662
0.174699
0.662
0.507785
0.662
0.257214
0.662
0.662
0.662
0.387237
0.662
0.662
0.28005
0.662
0.662
0.662
0.662
0.662
0.0660914
0.662
0.151648
0.0476142
0.662
0.662
0.382602
0.215362
0.17076
0.662
0.662
0.662
0.4279
0.331508
0.348433
0.38507
0.083261
0.623638
0.562806
0.476328
0.463024
0.347791
0.662
0.662
0.423595
0.662
0.662
0.662
0.662
0.662
0.095497
0.30321
0.190851
0.662
0.222501
0.662
0.0759379
0.250512
0.662
0.662
0.662
0.662
0.203209
0.401499
0.662
0.0571454
0.662
0.243333
0.118885
0.662
0.363731
0.662
0.34767
0.110529
0.393834
0.662
0.104586
0.662
0.662
0.118956
0.662
0.662
0.662
0.334451
0.255832
0.662
0.41054
0.662
0.227973
0.263425
0.662
0.23146
0.290815
0.0765825
0.407484
0.0572022
0.226176
0.303361
0.662
0.332836
0.0269974
0.514408
0.183534
0.299671
0.662
0.0257946
0.662
0.662
0.662
0.547875
0.210764
0.662
0.662
0.662
0.277513
0.291788
0.662
0.662
0.214543
0.144609
0.229384
0.415053
0.662
0.662
0.662
0.277317
0.662
0.351431
0.662
0.196869
0.662
0.0484007
0.120335
0.662
0.0119046
0.455379
0.662
0.171598
0.662
0.051503
0.133603
0.104714
0.662
0.662
0.662
0.375534
0.362296
0.182915
0.662
0.33022
0.662
0.662
0.0930919
0.308366
0.122044
0.662
0.357941
0.662
0.662
0.364443
0.214636
0.35998
0.662
0.546109
0.662
0.370376
0.335474
0.662
0.50254
0.662
0.662
0.662
0.22204
0.248359
0.332652
0.0748603
0.246671
0.469423
0.166954
0.00732092
0.662
0.662
0.37268
0.662
0.662
0.548326
0.00930932
0.662
0.56808
0.662
0.662
0.662
0.0244537
0.0203419
0.199336
0.150654
0.453023
0.300371
0.662
0.662
0.509976
0.662
0.662
0.662
0.135167
0.000910427
0.662
0.302527
0.662
0.662
0.260878
0.662
0.662
0.662
0.109263
0.264474
0.420039
0.662
0.504144
0.662
0.229257
0.446753
0.662
0.662
0.662
0.148357
0.0970364
0.116628
0.662
0.260509
0.662
0.473579
0.662
0.139291
0.418111
0.463961
0.237254
0.662
0.662
0.443712
0.221924
0.662
0.389404
0.662
0.662
0.385101
0.355956
0.662
0.662
0.662
0.419004
0.344865
0.662
0.453404
0.662
0.0910364
0.305018
0.662
0.662
0.20152
0.353478
0.033025
0.662
0.662
0.662
0.0763523
0.5699
