0.655054
0.268479
0.662
0.662
0.433357
0.662
0.351853
0.662
0.378938
0.546154
0.662
0.399185
0.662
0.421163
0.247707
0.662
0.293951
0.662
0.662
0.182348
0.320046
0.37823
0.0329979
0.315294
0.662
0.662
0.662
0.22994
0.457328
0.662
0.662
0.662
0.223894
0.206806
0.662
0.241277
0.662
0.662
0.408985
0.328119
0.528023
0.662
0.662
0.132427
0.662
0.662
0.318287
0.241482
0.662
0.180161
0.662
0.43428
0.662
0.291934
0.162504
0.662
0.047542
0.598302
0.0785409
0.662
0.662
0.662
0.662
0.662
0.106025
0.0443844
0.662
0.662
0.0162694
0.313614
0.662
0.662
0.662
0.208647
0.242589
0.300013
0.406737
0.105278
0.662
0.662
0.233857
0.662
0.385176
0.401619
0.662
0.662
0.662
0.189936
0.662
0.273325
0.282276
0.662
0.050056
0.361909
0.524947
0.662
0.262344
0.662
0.662
0.662
0.294814
0.662
0.662
0.217513
0.0469746
0.426013
0.133663
0.617016
0.104728
0.662
0.662
0.662
0.662
0.360194
0.662
0.079473
0.662
0.662
0.33817
0.417807
0.662
0.662
0.0364178
0.662
0.662
0.662
0.662
0.298557
0.662
0.662
0.662
0.662
0.662
0.16182
0.662
0.662
0.161476
0.662
0.662
0.17631
0.244883
0.662
0.662
0.593503
0.662
0.662
0.106196
0.217664
0.434403
0.662
0.0946984
0.662
0.662
0.434201
0.422906
0.662
0.662
0.662
0.662
0.299332
0.0744565
0.662
0.220297
0.285955
0.140529
0.662
0.388955
0.662
0.653435
0.0392923
0.445408
0.662
0.662
0.662
0.662
0.662
0.662
0.0210103
0.662
0.206731
0.662
0.0604272
0.0330204
0.662
0.147528
0.0345229
0.662
0.0167764
0.662
0.662
0.0706414
0.662
0.662
0.662
0.662
0.342001
0.105193
0.662
0.662
0.662
0.662
0.332731
0.0288622
0.432324
0.662
0.269
0.0751499
0.662
0.360243
0.662
0.662
0.193834
0.384146
0.662
0.662
0.397705
0.662
0.102994
0.662
0.309749
0.662
0.361998
0.662
0.662
0.662
0.241011
0.662
0.429156
0.334282
0.286535
0.429071
0.662
0.30209
0.354493
0.662
0.662
0.00879483
0.389283
0.662
0.662
0.662
0.662
0.662
0.415908
0.662
0.512489
0.662
0.662
0.662
0.447127
0.662
0.662
0.166209
0.662
0.136414
0.438886
0.662
0.360051
0.662
0.348773
0.101397
0.662
0.444885
0.184997
0.662
0.662
0.196561
0.38289
0.662
0.325495
0.0270608
0.662
0.0836544
0.662
0.193375
0.367681
0.271681
0.662
0.106899
0.662
0.430914
0.15598
0.0795227
0.0754665
0.662
0.242665
0.410449
0.470698
0.613607
0.41729
0.0378298
0.662
0.662
0.662
0.662
0.312666
0.571541
0.662
0.662
0.233533
0.662
0.0797766
0.662
0.662
0.662
0.395642
0.225792
0.662
0.461456
0.662
0.559334
0.484205
0.357693
0.302661
0.469366
0.662
0.244825
0.187275
0.662
0.662
0.662
0.662
0.00321152
0.238041
0.662
0.0336084
0.662
0.17525
0.246426
0.662
0.662
0.662
0.431501
0.662
0.662
0.662
0.410369
0.0316651
0.662
0.662
0.662
0.465744
0.662
0.662
0.662
0.00372856
0.192814
0.662
0.662
0.438334
0.662
0.662
0.428627
0.662
0.289256
0.662
0.423101
0.254868
0.390575
0.662
0.662
0.662
0.662
0.662
0.662
0.377529
0.270454
0.662
0.252808
0.662
0.281764
0.184242
0.196478
0.662
0.436416
0.629706
0.662
0.662
0.662
0.154972
0.1841
0.449011
0.441476
0.336041
0.473191
0.662
0.237525
0.304146
0.108873
0.662
0.00762536
0.349541
0.662
0.370406
0.662
0.662
0.0910941
0.427061
0.434552
0.662
0.662
0.118466
0.439678
0.662
0.662
0.662
0.0455346
0.601649
0.662
0.451287
0.12121
0.662
0.409373
0.662
0.662
0.662
0.000877171
0.171445
0.529606
0.662
0.0414958
0.283
0.662
0.174342
0.464656
0.662
0.662
0.162469
0.0848538
0.463292
0.662
0.662
0.662
0.525223
0.662
0.295009
0.399261
0.662
0.258137
0.456891
0.662
0.662
0.662
0.376527
0.662
0.662
0.166865
0.347002
0.0717534
0.662
0.366483
0.365038
0.662
0.389131
0.662
0.662
0.197459
0.662
0.423863
0.662
0.662
0.299325
0.499041
0.662
0.662
0.596854
0.662
0.662
0.662
0.0241718
0.248564
0.403318
0.459533
0.0748518
0.662
0.662
0.662
0.662
0.662
0.662
0.199668
0.662
0.662
0.662
0.662
0.662
0.464061
0.662
0.0776487
0.662
0.086029
0.662
0.278292
0.662
0.662
0.662
0.662
0.662
0.339401
0.349897
0.662
0.174566
0.449171
0.662
0.662
0.353704
0.108012
0.662
0.0124269
0.662
0.662
0.662
0.662
0.102125
0.0624173
0.662
0.0910247
0.662
0.343243
0.0408389
0.234086
0.662
0.431722
0.662
0.187974
0.643962
0.3822
0.662
0.587701
0.10267
0.472073
0.474382
0.662
0.212675
0.0547134
0.0430968
0.325514
0.662
0.662
0.662
0.662
0.662
0.312867
0.496107
0.662
0.662
0.250523
0.0310631
0.662
0.077493
0.662
0.662
0.251063
0.662
0.316387
0.0061175
0.439949
0.662
0.662
0.174483
0.372265
0.263256
0.163761
0.0128765
0.258618
0.662
0.662
0.662
0.662
0.160177
0.662
0.374069
0.662
0.662
0.662
0.662
0.113134
0.108443
0.662
0.312056
0.662
0.662
0.363071
0.662
0.662
0.00842071
0.264334
0.662
0.289171
0.662
0.0571781
0.130962
0.383093
0.662
0.662
0.322705
0.662
0.662
0.492407
0.662
0.276993
0.230048
0.385079
0.662
0.662
0.662
0.662
0.662
0.662
0.662
0.662
0.662
0.274188
0.662
0.662
0.662
0.396157
0.662
0.662
0.662
0.188439
0.235889
0.0436342
0.662
0.388471
0.47447
0.187262
0.662
0.0894022
0.662
0.356031
0.662
0.170347
0.451337
0.456901
0.369538
0.662
0.155074
0.463177
0.204368
0.662
0.662
0.0427592
0.400002
0.662
0.662
0.3274
0.355225
0.0119006
0.662
0.662
0.478708
0.193987
0.398132
0.582152
0.662
0.060854
0.215392
0.134457
0.474959
0.662
0.51581
0.237103
0.662
0.330002
0.662
0.662
0.413047
0.31405
0.662
0.153104
0.662
0.662
0.12037
0.662
0.662
0.662
0.662
0.657259
0.350964
0.0459827
0.0908945
0.662
0.11959
0.662
0.203415
0.203566
0.662
0.662
0.662
0.0381702
0.581685
0.456556
0.457893
0.583719
0.416659
0.44696
0.662
0.465389
0.662
0.662
0.376426
0.101749
0.662
0.662
0.203689
0.566867
0.243842
0.441504
0.662
0.0286121
0.266256
0.662
0.177172
0.0297054
0.662
0.0495341
0.662
0.170598
0.0600885
0.269921
0.1857
0.383209
0.662
0.662
0.662
0.662
0.662
0.0159146
0.662
0.217009
0.37376
0.347779
0.662
0.662
0.391581
0.578034
0.662
0.64806
0.662
0.393817
0.662
0.662
0.396867
0.662
0.227073
0.0489793
0.662
0.662
0.662
0.662
0.662
0.141677
0.238736
0.0619403
0.134847
0.662
0.378828
0.662
0.185763
0.662
0.170097
0.26129
0.352411
0.447766
0.662
0.662
0.662
0.164735
0.2867
0.0578992
0.391662
0.444527
0.662
0.00201136
0.662
0.662
0.662
0.662
0.241296
0.217256
0.199346
0.461274
0.662
0.662
0.0591929
0.662
0.662
0.283787
0.185093
0.662
0.662
0.662
0.334441
0.662
0.662
0.187315
0.662
0.662
0.0820843
0.108083
0.662
0.289993
0.662
0.662
0.662
0.662
0.662
0.200009
0.322641
0.201044
0.662
0.458917
0.662
0.662
0.0693567
0.114834
0.459264
0.619584
0.662
0.662
0.257721
0.662
0.662
0.662
0.186847
0.331232
0.662
0.662
0.662
0.132334
0.35584
0.662
0.237023
0.160183
0.212111
0.188868
0.20957
0.662
0.0722121
0.100797
0.662
0.248489
0.477274
0.662
0.662
0.662
0.662
0.662
0.0494444
0.38854
0.662
0.662
0.662
0.34448
0.102694
0.662
0.276495
0.249779
0.0904978
0.0107958
0.662
0.662
0.337791
0.357364
0.662
0.662
0.369036
0.204049
0.0552968
0.0339612
0.160931
0.27136
0.662
0.465452
0.662
0.662
0.00113838
0.27942
0.454516
0.662
0.662
0.662
0.0776222
0.366631
0.662
0.662
0.494456
0.273398
0.625894
0.278987
0.662
0.662
0.662
0.431835
0.264798
0.662
0.00763828
0.662
0.20466
0.662
0.186733
0.105094
0.662
0.0206466
0.662
0.114002
0.256046
0.662
0.00908147
0.662
0.662
0.12349
0.107354
0.424487
0.256718
0.00862786
0.662
0.662
0.662
0.422265
0.165868
0.662
0.662
0.388998
0.316439
0.126811
0.662
0.662
0.662
0.287185
0.662
0.116184
0.134464
0.662
0.455649
0.127404
0.0826724
0.198416
0.34779
0.548145
0.662
0.662
0.662
0.0313497
0.0507608
0.239564
0.0365687
0.662
0.662
0.0288899
0.662
0.000856772
0.662
0.662
0.662
0.662
0.662
0.662
0.104632
0.662
0.662
0.0592262
0.201828
0.522616
0.433703
0.0712391
0.662
0.662
0.0601603
0.635239
0.139757
0.419659
0.149684
0.662
0.370665
0.662
0.662
0.465473
0.356646
0.624407
0.0185692
0.0418775
0.662
0.133889
0.662
0.0450744
0.662
0.0208342
0.136093
0.309454
0.662
0.146728
0.453112
0.662
0.662
0.144414
0.197225
0.00393558
0.662
0.662
0.662
0.662
0.662
0.662
0.21625
0.0896354
0.163532
0.662
0.662
0.248172
0.45734
0.662
0.662
0.116862
0.264062
0.131186
0.662
0.362548
0.662
0.662
0.57272
0.662
0.662
0.662
0.662
0.123677
0.662
0.595698
0.662
0.662
0.179979
0.345753
0.177611
0.0879984
0.662
0.0703047
0.662
0.662
0.211483
0.271253
0.338706
0.0446151
0.161136
0.400285
0.662
0.662
0.373109
0.662
0.162272
0.662
0.662
0.662
0.296006
0.404385
0.662
0.662
0.662
0.154119
0.0538403
0.362091
0.662
0.662
0.283988
0.662
0.0997875
0.428293
0.662
0.236884
0.662
0.0856679
0.662
0.039483
0.375575
0.107755
0.0247427
0.662
0.662
0.244233
0.662
0.336269
0.586227
0.662
0.662
0.662
0.236152
0.278993
0.0120949
0.662
0.223168
0.111826
0.121005
0.00862386
0.113138
0.662
0.662
0.662
0.574298
0.662
0.662
0.214578
0.261627
0.147139
0.386649
0.331108
0.118476
0.136948
0.662
0.662
0.020828
0.662
0.662
0.662
0.212205
0.272848
0.662
0.360341
0.110484
0.662
0.21906
0.304575
0.662
0.301918
0.662
0.44636
0.321355
0.662
0.662
0.662
0.431496
0.662
0.269863
0.451167
0.662
0.00382243
0.662
0.662
0.25561
0.662
0.28876
0.128842
0.200104
0.3455
0.662
0.662
0.662
0.662
0.662
0.662
0.662
0.17007
0.662
0.662
0.662
0.662
0.662
0.471874
0.662
0.662
0.414971
0.662
0.662
0.11184
0.662
0.662
0.662
0.662
0.377564
0.322422
0.0323629
0.662
0.342198
0.662
0.440796
0.318513
0.387578
