0.405101
0.027195
0.125449
0.662
0.662
0.662
0.00215712
0.467335
0.259315
0.53901
0.21022
0.662
0.662
0.434239
0.662
0.0759379
0.419648
0.439564
0.662
0.662
0.462711
0.457373
0.662
0.662
0.308499
0.468669
0.424038
0.662
0.289931
0.300371
0.662
0.662
0.432769
0.662
0.662
0.434806
0.393372
0.662
0.662
0.354078
0.662
0.662
0.592197
0.486721
0.338708
0.662
0.662
0.286035
0.662
0.17029
0.662
0.438546
0.00131973
0.0778936
0.662
0.436629
0.227077
0.662
0.332218
0.662
0.420856
0.163368
0.662
0.662
0.662
0.662
0.662
0.662
0.382437
0.662
0.662
0.401499
0.662
0.662
0.36521
0.0647978
0.662
0.662
0.662
0.662
0.662
0.662
0.523741
0.662
0.662
0.0809814
0.662
0.662
0.662
0.464668
0.207966
0.662
0.347157
0.662
0.00445846
0.31263
0.0461998
0.662
0.662
0.185982
0.662
0.662
0.149319
0.662
0.298957
0.662
0.392585
0.229384
0.0988965
0.211038
0.256686
0.662
0.381153
0.148366
0.194238
0.141308
0.662
0.0282545
0.150654
0.344865
0.385615
0.200092
0.662
0.662
0.662
0.662
0.662
0.662
0.662
0.662
0.24247
0.0378959
0.662
0.102694
0.662
0.662
0.662
0.363396
0.662
0.662
0.662
0.662
0.450683
0.466283
0.652565
0.286718
0.470937
0.662
0.662
0.662
0.662
0.316168
0.0428988
0.210073
0.662
0.52379
0.119966
0.0329439
0.662
0.662
0.164927
0.0535507
0.662
0.662
0.139291
0.662
0.662
0.662
0.662
0.427799
0.662
0.662
0.662
0.236847
0.118372
0.662
0.662
0.467756
0.319002
0.662
0.662
0.134961
0.462438
0.662
0.597911
0.662
0.662
0.0213526
0.221685
0.662
0.282488
0.662
0.378779
0.37644
0.206653
0.662
0.000768316
0.3455
0.299025
0.100343
0.271396
0.662
0.662
0.662
0.232212
0.368198
0.445626
0.662
0.662
0.507713
0.662
0.246079
0.352024
0.662
0.662
0.395536
0.662
0.662
0.0203419
0.0450436
0.662
0.141353
0.662
0.455379
0.24862
0.662
0.0815354
0.662
0.662
0.0244537
0.662
0.662
0.380661
0.110941
0.662
0.662
0.662
0.662
0.662
0.146811
0.662
0.00320986
0.662
0.662
0.489838
0.662
0.662
0.0843089
0.264507
0.662
0.233848
0.183258
0.0264485
0.662
0.662
0.251297
0.662
0.195637
0.662
0.152751
0.200093
0.662
0.662
0.545159
0.662
0.403218
0.409276
0.364443
0.0168996
0.662
0.290815
0.0521817
0.662
0.662
0.662
0.662
0.662
0.662
0.662
0.662
0.662
0.466486
0.443702
0.662
0.662
0.662
0.136167
0.662
0.600074
0.350964
0.469423
0.662
0.389404
0.118695
0.662
0.442945
0.662
0.148357
0.662
0.662
0.662
0.362296
0.662
0.662
0.662
0.30212
0.223527
0.303078
0.662
0.662
0.118793
0.0924942
0.662
0.662
0.231445
0.662
0.662
0.662
0.35671
0.662
0.662
0.583112
0.340082
0.201798
0.120082
0.662
0.662
0.662
0.662
0.476328
0.324558
0.662
0.429608
0.662
0.351431
0.662
0.35998
0.0332781
0.662
0.662
0.662
0.0571454
0.586627
0.325
0.193997
0.662
0.662
0.662
0.343718
0.662
0.662
0.135167
0.169929
0.662
0.023313
0.662
0.389771
0.519112
0.662
0.222695
0.155413
0.662
0.303361
0.662
0.299194
0.343529
0.0722117
0.0476142
0.662
0.662
0.595888
0.0693997
0.279554
0.662
0.662
0.0964465
0.262637
0.0417028
0.422825
0.340765
0.662
0.51581
0.0815043
0.0446151
0.662
0.423675
0.662
0.430705
0.662
0.0745942
0.662
0.662
0.662
0.662
0.662
0.662
0.662
0.662
0.220603
0.662
0.662
0.662
0.662
0.0256257
0.325011
0.662
0.662
0.662
0.0659194
0.0280094
0.468066
0.0680065
0.662
0.662
0.662
0.662
0.451333
0.662
0.171868
0.662
0.588032
0.204394
0.662
0.000754667
0.662
0.662
0.540522
0.165679
0.662
0.662
0.662
0.271425
0.662
0.374207
0.662
0.36281
0.0635682
0.662
0.373412
0.662
0.662
0.662
0.662
0.260342
0.396271
0.662
0.662
0.662
0.662
0.0158122
0.662
0.167806
0.051823
0.426475
0.662
0.0576711
0.4157
0.397622
0.662
0.662
0.662
0.205484
0.156108
0.153104
0.348711
0.662
0.375117
0.0644507
0.662
0.662
0.409133
0.662
0.662
0.662
0.251942
0.41409
0.00668458
0.479888
0.0438571
0.276179
0.243333
0.662
0.509153
0.662
0.0367976
0.308366
0.0444616
0.194672
0.12758
0.0252369
0.662
0.662
0.324571
0.249314
0.662
0.662
0.436348
0.662
0.662
0.662
0.662
0.662
0.063687
0.662
0.23472
0.26231
0.662
0.369932
0.662
0.426002
0.662
0.278254
0.514408
0.662
0.212577
0.662
0.436112
0.662
0.565617
0.662
0.431039
0.562806
0.662
0.662
0.310185
0.662
0.0224874
0.662
0.384791
0.662
0.169807
0.662
0.662
0.56808
0.662
0.281459
0.435652
0.392899
0.662
0.662
0.662
0.350835
0.662
0.662
0.432718
0.456303
0.186318
0.662
0.662
0.662
0.62897
0.662
0.18849
0.662
0.182442
0.662
0.0503322
0.662
0.244292
0.187591
0.662
0.662
0.662
0.662
0.662
0.662
0.264499
0.257148
0.662
0.662
0.662
0.475522
0.662
0.662
0.662
0.201607
0.00154725
0.662
0.662
0.662
0.662
0.662
0.662
0.662
0.662
0.662
0.662
0.146944
0.662
0.662
0.287202
0.242176
0.171598
0.662
0.290588
0.304361
0.662
0.662
0.457276
0.392999
0.0944209
0.662
0.101606
0.662
0.0653842
0.662
0.662
0.662
0.423595
0.662
0.358349
0.513669
0.662
0.210663
0.662
0.377543
0.189787
0.488154
0.325941
0.360011
0.495369
0.662
0.308157
0.531935
0.662
0.283417
0.662
0.265022
0.662
0.319499
0.662
0.374272
0.291788
0.662
0.662
0.492547
0.400799
0.256649
0.662
0.0979003
0.119563
0.154268
0.662
0.662
0.116453
0.380714
0.472969
0.662
0.0862655
0.387237
0.280378
0.662
0.129215
0.225792
0.662
0.662
0.0203564
0.618485
0.104714
0.662
0.662
0.104533
0.210915
0.662
0.603302
0.443712
0.662
0.517962
0.662
0.433591
0.662
0.347962
0.24483
0.309421
0.662
0.209704
0.147117
0.662
0.00137999
0.662
0.662
0.662
0.441441
0.662
0.662
0.129992
0.662
0.0145185
0.28516
0.662
0.166954
0.0793435
0.662
0.420548
0.662
0.0313497
0.662
0.315953
0.416588
0.662
0.350523
0.662
0.662
0.662
0.155556
0.662
0.662
0.662
0.0186086
0.0431126
0.236733
0.110529
0.0918691
0.302527
0.662
0.226176
0.662
0.239425
0.110484
0.449325
0.662
0.662
0.0363356
0.662
0.662
0.662
0.465473
0.662
0.662
0.662
0.561932
0.662
0.154405
0.074526
0.662
0.220741
0.662
0.151466
0.662
0.662
0.662
0.662
0.186457
0.0652459
0.22204
0.454563
0.163787
0.138919
0.662
0.662
0.662
0.662
0.662
0.662
0.122044
0.662
0.190851
0.590693
0.0948651
0.662
0.155631
0.118885
0.32015
0.0242363
0.0876131
0.662
0.662
0.662
0.395962
0.273966
0.360955
0.662
0.461176
0.422991
0.662
0.239805
0.152294
0.215362
0.662
0.662
0.493073
0.662
0.0626619
0.662
0.662
0.662
0.662
0.662
0.321722
0.662
0.399432
0.356567
0.398291
0.662
0.662
0.176257
0.45284
0.662
0.472073
0.662
0.116251
0.662
0.376118
0.0965562
0.662
0.662
0.125462
0.318285
0.298557
0.539378
0.301739
0.182915
0.662
0.197269
0.140868
0.225287
0.076046
0.662
0.662
0.662
0.662
0.662
0.286683
0.210547
0.403318
0.084838
0.662
0.662
0.662
0.662
0.662
0.423152
0.662
0.112323
0.409617
0.662
0.662
0.31119
0.662
0.298751
0.662
0.17076
0.457223
0.662
0.662
0.425179
0.313614
0.662
0.662
0.332069
0.00495872
0.662
0.662
0.153477
0.662
0.662
0.662
0.662
0.662
0.294339
0.662
0.662
0.662
0.662
0.189803
0.274634
0.662
0.17133
0.662
0.662
0.177872
0.662
0.662
0.120335
0.662
0.361277
0.0930919
0.662
0.662
0.662
0.101236
0.662
0.0176979
