0.0129317
0.0210866
0.365434
0.662
0.0336409
0.00317677
0.174903
0.203316
0.662
0.226434
0.278357
0.108278
0.662
0.662
0.662
0.662
0.195667
0.251439
0.662
0.271064
0.138556
0.662
0.358824
0.662
0.662
0.662
0.202417
0.429497
0.231241
0.050005
0.662
0.662
0.662
0.662
0.662
0.0135398
0.662
0.662
0.662
0.455035
0.662
0.141406
0.662
0.42267
0.662
0.662
0.415571
0.662
0.178074
0.434381
0.154742
0.359285
0.0855067
0.662
0.52035
0.662
0.662
0.662
0.662
0.468051
0.662
0.0581582
0.141263
0.662
0.662
0.662
0.0427262
0.662
0.12247
0.662
0.662
0.662
0.662
0.0575119
0.662
0.0904097
0.662
0.167812
0.662
0.662
0.662
0.436337
0.662
0.0607785
0.662
0.662
0.0816305
0.121143
0.0790637
0.101774
0.662
0.662
0.274905
0.662
0.0699995
0.00658531
0.21499
0.662
0.662
0.358572
0.242433
0.201131
0.585842
0.0426402
0.427761
0.413938
0.124773
0.662
0.61014
0.662
0.162304
0.662
0.662
0.662
0.662
0.662
0.287304
0.279573
0.662
0.662
0.0976513
0.142739
0.563211
0.662
0.397696
0.662
0.662
0.413777
0.662
0.112746
0.278706
0.662
0.662
0.183813
0.662
0.662
0.662
0.343126
0.662
0.662
0.662
0.662
0.662
0.321966
0.662
0.307603
0.095488
0.662
0.662
0.662
0.107263
0.662
0.495799
0.274596
0.662
0.662
0.00891895
0.662
0.0450496
0.662
0.0819575
0.259702
0.662
0.662
0.0859819
0.662
0.363129
0.662
0.344479
0.662
0.344657
0.662
0.623269
0.391339
0.662
0.662
0.160069
0.662
0.662
0.662
0.018942
0.662
0.662
0.169004
0.444027
0.662
0.662
0.662
0.24917
0.662
0.662
0.662
0.462575
0.662
0.662
0.210655
0.107905
0.401125
0.662
0.189449
0.184222
0.662
0.496044
0.662
0.102902
0.0744627
0.00512566
0.662
0.662
0.153534
0.662
0.36822
0.662
0.362513
0.662
0.662
0.662
0.662
0.0689999
0.182789
0.379462
0.326387
0.633694
0.231232
0.662
0.662
0.46152
0.662
0.662
0.28409
0.327964
0.662
0.461702
0.662
0.26547
0.662
0.662
0.200649
0.662
0.375563
0.22378
0.264147
0.662
0.662
0.0781943
0.359983
0.662
0.662
0.20422
0.397414
0.628611
0.662
0.662
0.662
0.662
0.662
0.662
0.0595832
0.662
0.430305
0.662
0.662
0.277079
0.662
0.0474868
0.478422
0.662
0.240296
0.662
0.234316
0.13678
0.474583
0.662
0.378879
0.120748
0.662
0.00266627
0.662
0.0561255
0.662
0.0135518
0.564982
0.212216
0.188511
0.662
0.662
0.083592
0.662
0.662
0.23047
0.410975
0.662
0.283984
0.662
0.662
0.662
0.662
0.199737
0.662
0.316583
0.662
0.320224
0.662
0.145657
0.662
0.115876
0.662
0.662
0.352098
0.221047
0.082348
0.662
0.662
0.662
0.662
0.243238
0.662
0.662
0.662
0.261847
0.169334
0.360573
0.0360266
0.114295
0.662
0.662
0.185001
0.44061
0.296753
0.662
0.662
0.662
0.662
0.662
0.325616
0.257554
0.286116
0.0714592
0.286228
0.336164
0.290204
0.0220836
0.662
0.286998
0.662
0.662
0.0186642
0.287072
0.662
0.414642
0.662
0.466678
0.662
0.662
0.594505
0.333738
0.239998
0.0505337
0.226581
0.0720051
0.662
0.45122
0.0587864
0.662
0.662
0.406242
0.327141
0.280494
0.316246
0.0769239
0.662
0.418401
0.662
0.662
0.282851
0.662
0.662
0.18494
0.662
0.662
0.662
0.187483
0.662
0.0503798
0.455276
0.308503
0.35662
0.662
0.0408297
0.662
0.662
0.662
0.662
0.412157
0.662
0.662
0.662
0.662
0.20646
0.662
0.330145
0.404692
0.022644
0.0528872
0.151766
0.204269
0.662
0.0131015
0.662
0.164898
0.662
0.0860896
0.294273
0.662
0.662
0.424187
0.662
0.662
0.275964
0.409065
0.662
0.163843
0.662
0.662
0.662
0.662
0.510703
0.144667
0.662
0.0557493
0.662
0.0412746
0.00286465
0.111942
0.41223
0.662
0.662
0.441142
0.662
0.662
0.662
0.0598196
0.662
0.662
0.662
0.662
0.00507847
0.237663
0.662
0.662
0.421545
0.662
0.344787
0.18963
0.140215
0.662
0.662
0.068549
0.662
0.662
0.662
0.349127
0.662
0.439835
0.662
0.662
0.371636
0.031774
0.662
0.178479
0.662
0.662
0.526425
0.555561
0.584819
0.662
0.447914
0.15882
0.662
0.662
0.662
0.662
0.216835
0.491762
0.662
0.662
0.357044
0.100568
0.662
0.662
0.242773
0.662
0.662
0.662
0.461943
0.194573
0.530034
0.662
0.662
0.0412604
0.340735
0.317048
0.662
0.662
0.360543
0.662
0.349427
0.031668
0.228259
0.662
0.662
0.324388
0.349828
0.0752922
0.662
0.662
0.662
0.0278651
0.45047
0.662
0.662
0.324926
0.662
0.662
0.481204
0.369392
0.325508
0.662
0.662
0.662
0.0412973
0.21661
0.350828
0.337578
0.244276
0.662
0.662
0.662
0.662
0.301506
0.662
0.662
0.0585506
0.32375
0.662
0.662
0.662
0.0237636
0.662
0.0507404
0.407935
0.245143
0.662
0.662
0.30705
0.662
0.662
0.264288
0.662
0.372325
0.662
0.662
0.0523414
0.127018
0.662
0.662
0.398848
0.662
0.662
0.395034
0.0659648
0.318013
0.662
0.43025
0.662
0.662
0.543201
0.215121
0.141379
0.662
0.662
0.587138
0.256783
0.432659
0.22893
0.515361
0.662
0.662
0.264856
0.328791
0.138682
0.174402
0.32378
0.662
0.00114677
0.662
0.257948
0.662
0.662
0.662
0.0364123
0.349684
0.0966695
0.181862
0.662
0.381896
0.221913
0.662
0.662
0.662
0.261383
0.662
0.662
0.124688
0.0324441
0.242838
0.662
0.662
0.662
0.603975
0.583009
0.662
0.662
0.271618
0.0618882
0.351957
0.1186
0.662
0.142808
0.662
0.662
0.340614
0.662
0.662
0.662
0.159788
0.513077
0.208039
0.662
0.662
0.662
0.397312
0.662
0.386147
0.662
0.662
0.662
0.0755479
0.662
0.339453
0.662
0.125994
0.662
0.138801
0.662
0.207494
0.619718
0.332121
0.269217
0.329641
0.114625
0.662
0.662
0.0294044
0.662
0.0998794
0.662
0.662
0.662
0.662
0.662
0.662
0.0123755
0.662
0.432239
0.185049
0.662
0.279832
0.662
0.0337926
0.218486
0.204881
0.224127
0.256444
0.613685
0.662
0.14921
0.242133
0.432482
0.331107
0.662
0.662
0.388534
0.662
0.662
0.662
0.0949501
0.662
0.00713491
0.662
0.195616
0.662
0.662
0.0652346
0.662
0.662
0.662
0.383029
0.0413089
0.662
0.662
0.246729
0.662
0.499781
0.662
0.155236
0.404982
0.662
0.385229
0.259575
0.662
0.662
0.266404
0.662
0.662
0.354028
0.407386
0.662
0.662
0.034158
0.662
0.389984
0.662
0.662
0.662
0.662
0.662
0.194049
0.369121
0.662
0.662
0.662
0.662
0.662
0.0740187
0.662
0.662
0.23067
0.00589879
0.662
0.0579222
0.662
0.662
0.662
0.662
0.662
0.458814
0.178358
0.358763
0.662
0.513695
0.662
0.535414
0.334535
0.231262
0.662
0.662
0.662
0.0737892
0.00309946
0.250346
0.178915
0.662
0.662
0.296134
0.389105
0.662
0.662
0.196606
0.662
0.407285
0.459167
0.662
0.662
0.662
0.11829
0.292024
0.662
0.662
0.0900604
0.662
0.476636
0.301409
0.662
0.0208804
0.662
0.662
0.299351
0.292276
0.101257
0.662
0.662
0.662
0.405784
0.662
0.193075
0.464525
0.21816
0.493912
0.315597
0.662
0.589806
0.0032138
0.662
0.164957
0.458364
0.662
0.662
0.662
0.330035
0.275355
0.304034
0.252895
0.0294929
0.115648
0.662
0.116929
0.662
0.337985
0.441608
0.441022
0.662
0.662
0.280316
0.662
0.662
0.662
0.662
0.00939435
0.662
0.662
0.468449
0.662
0.324529
0.241094
0.225325
0.197093
0.662
0.662
0.662
0.37989
0.662
0.128296
0.662
0.215011
0.662
0.662
0.662
0.265597
0.311668
0.662
0.449767
0.662
0.662
0.0116308
0.662
0.299507
0.662
0.321537
0.0529174
0.662
0.662
0.662
0.401163
0.662
0.504782
0.662
0.662
0.662
0.285191
0.662
0.21242
0.102409
0.662
0.662
0.662
0.283235
0.662
0.662
0.401882
0.0902431
0.662
0.662
0.303655
0.348542
0.662
0.662
0.662
0.238787
0.365486
0.0932236
0.662
0.662
0.221516
0.0541598
0.662
0.662
0.0608149
0.313713
0.662
0.662
0.0458132
0.192034
0.662
0.355373
0.662
0.200578
0.461785
0.346667
0.659884
0.629817
0.344153
0.0375493
0.157008
0.231287
0.662
0.22819
0.297027
0.662
0.179134
0.0555808
0.130137
0.143809
0.373249
0.662
0.662
0.262033
0.662
0.261349
0.259116
0.662
0.662
0.662
0.261427
0.662
0.0830528
0.0426594
0.662
0.306295
0.662
0.662
0.662
0.662
0.662
0.63339
0.507407
0.249413
0.662
0.662
0.208645
0.662
0.662
0.662
0.662
0.662
0.156818
0.662
0.0267125
0.662
0.662
0.662
0.662
0.662
0.0164834
0.384961
0.662
0.157732
0.290939
0.662
0.662
0.662
0.662
0.662
0.662
0.138137
0.662
0.456822
0.0788868
0.662
0.662
0.662
0.455015
0.570411
0.662
0.414726
0.281394
0.421274
0.109324
0.662
0.429795
0.662
0.662
0.354046
0.662
0.248429
0.662
0.662
0.662
0.662
0.65461
0.211752
0.259417
0.176518
0.662
0.340838
0.242851
0.398242
0.514368
0.0530569
0.662
0.305638
0.662
0.406704
0.317224
0.0159196
0.662
0.662
0.662
0.326118
0.662
0.121751
0.63339
0.662
0.426071
0.662
0.662
0.662
0.662
0.662
0.662
0.161148
0.662
0.662
0.662
0.662
0.662
0.662
0.0131791
0.0385193
0.211148
0.662
0.662
0.216362
0.662
0.345847
0.0422696
0.662
0.662
0.285799
0.207721
0.662
0.38936
0.208799
0.233635
0.345219
0.662
0.662
0.662
0.0919812
0.662
0.27671
0.662
0.587406
0.662
0.490507
0.436679
0.662
0.381045
0.44216
0.0422121
0.413128
0.662
0.662
0.662
0.662
0.199543
0.662
0.628289
0.662
0.319767
0.662
0.214566
0.662
0.514618
0.138032
0.662
0.662
0.662
0.203945
0.662
0.202913
0.662
0.662
0.255643
0.161255
0.662
0.119401
0.662
0.457793
0.347969
0.662
0.368809
0.455264
0.662
0.651974
0.317853
0.662
0.662
0.215242
0.379596
0.348774
0.662
0.662
0.462553
0.239995
0.389889
0.662
0.385187
0.44425
0.662
0.383265
0.473776
0.091628
0.662
0.416382
0.662
0.662
0.154042
0.662
0.662
0.662
0.662
0.662
0.662
0.662
0.37311
0.206138
0.662
0.662
0.633391
0.215692
0.662
0.662
0.662
0.275216
0.235394
0.662
0.662
0.39788
0.293727
0.381666
0.662
0.662
0.442041
0.662
0.491572
0.662
0.0428372
0.236137
0.196453
0.271201
0.662
0.417859
0.662
0.662
0.662
0.662
0.662
0.244994
0.117899
0.317966
0.0673338
0.662
0.000193173
0.274303
0.0337942
0.662
0.386667
0.662
0.662
0.662
0.662
0.290865
0.356149
0.233041
0.662
0.10168
0.662
0.662
0.662
0.312736
0.366545
0.434893
0.000296387
0.358717
0.224208
0.0522361
0.662
0.662
0.662
0.405425
0.662
0.174864
0.382762
0.662
0.662
0.662
0.101602
0.179416
0.336603
0.349085
0.662
0.284728
0.662
0.156112
0.447356
0.662
0.662
0.384482
0.662
0.662
0.035235
0.662
0.662
0.0457699
0.0226563
0.662
0.41317
0.662
0.662
0.34605
0.662
0.18685
0.43879
0.662
0.662
0.214265
0.662
0.662
0.13546
0.407113
0.460726
0.0551724
0.662
0.532253
0.662
0.339565
0.662
0.409091
0.662
0.485567
0.266657
0.662
0.662
0.31185
0.364856
0.00254713
0.0866286
0.662
0.662
0.662
0.344347
0.328553
0.371713
0.271114
0.319777
0.662
0.662
0.191047
0.408451
0.223626
0.662
0.00710795
0.662
0.384792
0.662
0.233453
0.236257
0.448271
0.305327
0.278459
0.662
0.458101
0.662
0.0821979
0.662
0.363146
0.111625
0.662
0.662
0.385314
0.662
0.00404112
0.662
0.305177
0.662
0.662
0.662
0.662
0.392276
0.0101135
0.662
0.662
0.662
0.662
0.346527
0.483213
0.662
0.300108
0.0447025
0.333603
0.662
0.662
0.662
0.662
0.378477
0.662
0.115163
0.519468
0.647529
0.662
0.662
0.0568804
0.0334581
0.343178
0.1991
0.267805
0.184347
0.0874431
0.0969451
0.581257
0.662
0.275786
0.131597
0.662
0.0413653
0.662
0.236925
0.0638264
0.662
0.662
0.428006
0.662
0.662
0.662
0.662
0.662
0.662
0.10411
0.662
0.453062
0.662
0.0537805
0.0902257
0.484086
0.105924
0.367627
0.662
0.207461
0.662
0.126894
0.662
0.0544065
0.662
0.382513
0.662
0.662
0.140471
0.662
0.662
0.185461
0.662
0.662
0.662
0.662
0.09517
0.662
0.662
0.136879
0.439861
0.662
0.662
0.662
0.662
0.466861
0.662
0.662
0.662
0.662
0.390904
0.662
0.37358
0.332716
0.345537
0.335725
0.662
0.442622
0.302778
0.0566838
0.662
0.662
0.662
0.108669
0.274813
0.662
0.662
0.526154
0.0579324
0.131742
0.131543
0.485823
0.662
0.662
0.662
0.235539
0.347502
0.611947
0.13037
0.662
0.662
0.662
0.275363
0.173113
0.662
0.662
0.434728
0.662
0.662
0.662
0.0644078
0.4011
0.662
0.662
0.145331
0.662
0.543867
0.662
0.379905
0.662
0.367648
0.662
0.662
0.662
0.0797702
0.654835
0.629706
0.662
0.662
0.00099012
0.662
0.45889
0.662
0.662
0.247287
0.662
0.662
0.190747
0.531502
0.662
0.662
0.662
0.507223
0.48228
0.427933
0.0238263
0.591687
0.140872
0.662
0.249598
0.662
0.310901
0.662
0.662
0.161512
0.662
0.21875
0.409029
0.662
0.662
0.370385
0.381642
0.425515
0.662
0.662
0.662
0.0944015
0.662
0.46408
0.61416
0.662
0.662
0.130682
0.223478
0.662
0.662
0.306828
0.47377
0.662
0.662
0.0229341
0.662
0.0219967
0.662
0.662
0.662
0.662
0.292379
0.448653
0.115877
0.411243
0.662
0.662
0.410059
0.662
0.662
0.304696
0.429002
0.342685
0.466723
0.0868776
0.662
0.662
0.457599
0.662
0.662
0.662
0.0058162
0.662
0.426301
0.662
0.411615
0.662
0.159628
0.30665
0.315698
0.435605
0.662
0.662
0.662
0.662
0.662
0.067394
0.662
0.189734
0.232506
0.13131
0.347401
0.662
0.662
0.662
0.0250901
0.662
0.219595
0.437829
0.0394121
0.251061
0.556326
0.114267
0.662
0.662
0.662
0.629763
0.271749
0.662
0.419565
0.400389
0.0515202
0.662
0.662
0.0912025
0.218439
0.392109
0.24536
0.191481
0.106169
0.662
0.416657
0.510787
0.662
0.662
0.662
0.420163
0.501425
0.662
0.662
0.36289
0.256889
0.563503
0.662
0.0522965
0.662
0.662
0.0494092
0.161548
0.662
0.643376
0.662
0.662
0.662
0.196235
0.662
0.662
0.662
0.662
0.0515403
0.385405
0.662
0.662
0.662
0.261693
0.662
0.143413
0.279636
0.662
0.250808
0.421636
0.662
0.284088
0.662
0.366282
0.159233
0.256514
0.662
0.0402378
0.662
0.0110163
0.200792
0.662
0.191171
0.662
0.662
0.103835
0.662
0.405365
0.297366
0.662
0.662
0.662
0.662
0.443938
0.0803444
0.662
0.275896
0.462516
0.598709
0.289537
0.107164
0.44814
0.662
0.662
0.662
0.398585
0.0211225
0.0193574
0.662
0.662
0.662
0.662
0.311011
0.662
0.662
0.662
0.316145
0.662
0.662
0.197038
0.357187
0.207562
0.211089
0.38995
0.662
0.0051119
0.291725
0.662
0.215737
0.252405
0.662
0.662
0.219193
0.662
0.0430329
0.662
0.274991
0.0897641
0.662
0.376769
0.239395
0.326352
0.235827
0.662
0.662
0.195039
0.662
0.662
0.184197
0.349256
0.354765
0.662
0.384913
0.0893342
0.10103
0.662
0.662
0.662
0.662
0.662
0.662
0.662
0.289978
0.662
0.0814384
0.373477
0.0871311
0.220993
0.19974
0.662
0.662
0.662
0.662
0.662
0.343112
0.164874
0.662
0.662
0.205491
0.0024398
0.293448
0.662
0.662
0.479267
0.662
0.031348
0.662
0.662
0.662
0.662
0.291888
0.662
0.662
0.116346
0.370158
0.662
0.261527
0.31058
0.147993
0.391466
0.662
0.311309
0.179372
0.662
0.662
0.0280399
0.662
0.380106
0.662
0.374121
0.421932
0.662
0.121562
0.662
0.662
0.416827
0.112122
0.0985304
0.00246557
0.261428
0.518858
0.0146181
0.662
0.662
0.464378
0.397454
0.459266
0.662
0.662
0.662
0.0389356
0.296647
0.414867
0.297492
0.149899
0.404967
0.662
0.0468029
0.180694
0.662
0.662
0.662
0.662
0.662
0.662
0.174099
0.662
0.662
0.452249
0.457236
0.662
0.662
0.407065
0.43386
0.662
0.662
0.662
0.662
0.662
0.662
0.0872914
0.366781
0.662
0.662
0.662
0.662
0.662
0.662
0.248317
0.441694
0.662
0.391983
0.154736
0.662
0.662
0.662
0.20273
0.00152026
0.395884
0.424621
0.662
0.225852
0.571589
0.662
0.349421
0.662
0.662
0.662
0.273564
0.662
0.662
0.662
0.662
0.196622
0.662
0.277059
0.662
0.0796613
0.259027
0.561704
0.276255
0.0485892
0.00184958
0.480737
0.662
0.482285
0.662
0.662
0.197451
0.324932
0.662
0.662
0.662
0.662
0.662
0.0574414
0.662
0.605224
0.662
0.662
0.301896
0.0925983
0.662
0.662
0.662
0.662
0.317166
0.662
0.360333
0.219917
0.148167
0.25292
0.662
0.662
0.00198809
0.242644
0.411086
0.334653
0.662
0.157924
0.0685901
0.222443
0.633391
0.662
0.346082
0.662
0.662
0.0509123
0.0346933
0.662
0.662
0.0285805
0.0567278
0.662
0.662
0.329638
0.247659
0.662
0.662
0.23063
0.0883578
0.432396
0.662
0.133453
0.662
0.366437
0.340995
0.662
0.662
0.662
0.662
0.662
0.287416
0.662
0.662
0.560217
0.435441
0.662
0.234679
0.223285
0.40657
0.662
0.662
0.662
0.268033
0.287694
0.451701
0.662
0.662
0.662
0.662
0.00220496
0.290757
0.2177
0.466194
0.334985
0.662
0.43061
0.662
0.662
0.259717
0.662
0.662
0.404839
0.662
0.662
0.662
0.662
0.100009
0.415279
0.662
0.662
0.662
0.27504
0.472057
0.339303
0.288248
0.662
0.662
0.662
0.662
0.209089
0.662
0.00805187
0.544316
0.662
0.466953
0.447352
0.662
0.662
0.0459467
0.000932465
0.103526
0.0622338
0.400103
0.377499
0.163381
0.609132
0.201047
0.662
0.662
0.662
0.107687
0.662
0.377017
0.662
0.241397
0.293247
0.662
0.171586
0.662
0.0839912
0.662
0.394713
0.662
0.662
0.439346
0.08038
0.316793
0.662
0.0467362
0.0919114
0.662
0.294583
0.662
0.662
0.42199
0.662
0.332314
0.662
0.662
0.415327
0.129107
0.0862167
0.152337
0.662
0.662
0.29351
0.662
0.662
0.162579
0.134079
0.662
0.0406048
0.0290541
0.0153879
0.00189156
0.662
0.662
0.662
0.662
0.507933
0.662
0.402058
0.137676
0.662
0.662
0.662
0.469785
0.550847
0.662
0.662
0.168441
0.270646
0.662
0.662
0.662
0.662
0.662
0.498731
0.310814
0.355684
0.662
0.204346
0.400932
0.360352
0.662
0.300586
0.118373
0.216357
0.570761
0.662
0.662
0.662
0.380545
0.662
0.662
0.662
0.484424
0.4127
0.52125
0.662
0.662
0.662
0.283283
0.660552
0.662
0.398453
0.239878
0.397016
0.2263
0.662
0.45182
0.417419
0.662
0.662
0.662
0.450441
0.230245
0.662
0.662
0.211478
0.422932
0.46111
0.662
0.662
0.662
0.662
0.177014
0.662
0.0487138
0.024917
0.662
0.662
0.662
0.475097
0.394569
0.662
0.662
0.360844
0.662
0.203834
0.662
0.388683
0.662
0.662
0.140323
0.24853
0.662
0.662
0.662
0.469397
0.232676
0.662
0.0189174
0.662
0.477637
0.662
0.662
0.22892
0.457073
0.662
0.662
0.405756
0.322864
0.662
0.662
0.3876
0.258422
0.662
0.662
0.662
0.158902
0.662
0.662
0.243747
0.662
0.372376
0.662
0.662
0.304469
0.662
0.662
0.662
0.210331
0.297917
0.0630261
0.0845565
0.252912
0.662
0.372505
0.662
0.409782
0.00459606
0.662
0.108505
0.162557
0.0855376
0.662
0.345106
0.0973496
0.662
0.662
0.662
0.285031
0.662
0.36286
0.662
0.662
0.662
0.662
0.662
0.392404
0.662
0.662
0.662
0.662
0.233037
0.491402
0.662
0.662
0.662
0.174912
0.431877
0.45668
0.662
0.246456
0.429844
0.331645
0.662
0.662
0.257497
0.412864
0.18608
0.228733
0.662
0.0199167
0.36212
0.662
0.662
0.26011
0.121271
0.662
0.662
0.662
0.430518
0.291542
0.662
0.662
0.662
0.662
0.117234
0.662
0.417983
0.662
0.355965
0.0222
0.662
0.662
0.170088
0.662
0.662
0.225459
0.662
0.470969
0.662
0.0145974
0.662
