0.662
0.662
0.662
0.662
0.662
0.135167
0.000910427
0.662
0.662
0.0817147
0.253101
0.662
0.54141
0.441334
0.662
0.662
0.0433901
0.662
0.0127423
0.662
0.662
0.164614
0.269203
0.662
0.662
0.662
0.662
0.633391
0.395256
0.662
0.662
0.455379
0.662
0.0447987
0.662
0.118427
0.131559
0.343529
0.662
0.662
0.662
0.120335
0.662
0.662
0.273391
0.662
0.597215
0.436373
0.646331
0.662
0.662
0.662
0.208631
0.662
0.158181
0.662
0.208397
0.363253
0.662
0.441711
0.662
0.0571454
0.414874
0.662
0.662
0.662
0.662
0.165523
0.108767
0.662
0.457263
0.662
0.662
0.330375
0.225374
0.662
0.662
0.37286
0.662
0.662
0.662
0.662
0.299594
0.662
0.228861
0.662
0.662
0.662
0.25918
0.466902
0.662
0.380413
0.014583
0.662
0.662
0.662
0.662
0.662
0.173422
0.337254
0.42256
0.662
0.662
0.0476142
0.110529
0.354666
0.662
0.0359514
0.662
0.23522
0.662
0.662
0.662
0.397889
0.662
0.662
0.662
0.5501
0.0176434
0.662
0.448481
0.662
0.662
0.157988
0.331246
0.133543
0.373599
0.662
0.662
0.662
0.662
0.605922
0.190231
0.0467289
0.662
0.42086
0.275396
0.0629311
0.662
0.662
0.662
0.662
0.662
0.470446
0.662
0.250512
0.662
0.608509
0.365753
0.428065
0.397829
0.662
0.662
0.0129708
0.324372
0.366657
0.19454
0.662
0.662
0.662
0.662
0.662
0.384786
0.662
0.662
0.662
0.195066
0.662
0.662
0.291788
0.662
0.394287
0.662
0.662
0.662
0.118885
0.424696
0.212519
0.488648
0.662
0.662
0.329396
0.662
0.227546
0.662
0.269539
0.662
0.0724009
0.662
0.662
0.0837986
0.662
0.662
0.0237205
0.211498
0.326526
0.375766
0.0852845
0.662
0.460487
0.0991688
0.662
0.615578
0.662
0.104937
0.488993
0.449464
0.16104
0.0432228
0.286749
0.662
0.662
0.115388
0.42436
0.662
0.662
0.662
0.284832
0.315286
0.498414
0.662
0.141191
0.473578
0.662
0.662
0.37802
0.662
0.200617
0.452907
0.662
0.292929
0.562806
0.662
0.662
0.662
0.268232
0.400799
0.0712665
0.319862
0.150654
0.28098
0.662
0.662
0.276005
0.662
0.204378
0.35037
0.387447
0.662
0.0263839
0.144515
0.662
0.662
0.42468
0.376344
0.589439
0.0769059
0.662
0.662
0.319956
0.0606942
0.662
0.662
0.662
0.662
0.662
0.286438
0.662
0.662
0.383784
0.0216262
0.072858
0.662
0.662
0.0146844
0.239692
0.260791
0.662
0.662
0.123953
0.662
0.233319
0.415214
0.662
0.662
0.662
0.0171933
0.662
0.662
0.662
0.206473
0.662
0.662
0.288292
0.662
0.662
0.662
0.175272
0.2442
0.303979
0.662
0.34745
0.229141
0.662
0.662
0.662
0.662
0.0145185
0.662
0.0572022
0.662
0.277833
0.662
0.662
0.0175831
0.226176
0.103446
0.217103
0.0335866
0.466766
0.296009
0.662
0.380099
0.484401
0.662
0.124502
0.309293
0.0571613
0.662
0.662
0.0851466
0.662
0.469509
0.662
0.662
0.349888
0.303678
0.662
0.662
0.662
0.662
0.662
0.255683
0.144225
0.120152
0.662
0.072188
0.662
0.662
0.662
0.0991851
0.662
0.00495872
0.662
0.662
0.662
0.662
0.30321
0.376066
0.662
0.164455
0.662
0.0329233
0.662
0.410971
0.300878
0.662
0.662
0.662
0.331508
0.662
0.301622
0.662
0.272681
0.167098
0.662
0.662
0.28477
0.315421
0.451899
0.404834
0.662
0.662
0.277149
0.293849
0.662
0.221685
0.662
0.662
0.662
0.662
0.0710845
0.662
0.662
0.662
0.175405
0.398775
0.344452
0.187161
0.662
0.662
0.24219
0.247948
0.458496
0.0614428
0.340711
0.662
0.0972362
0.662
0.662
0.662
0.662
0.662
0.34669
0.662
0.422185
0.298507
0.662
0.151461
0.134681
0.558449
0.0556485
0.662
0.662
0.592033
0.662
0.662
0.136801
0.662
0.662
0.662
0.229331
0.296334
0.135103
0.454614
0.431798
0.662
0.662
0.662
0.662
0.662
0.662
0.361504
0.662
0.0335272
0.662
0.662
0.272384
0.390994
0.314868
0.662
0.382644
0.662
0.662
0.0985327
0.362329
0.112323
0.383278
0.662
0.662
0.210764
0.439499
0.662
0.424299
0.0427466
0.42528
0.662
0.197819
0.375534
0.662
0.662
0.662
0.662
0.294592
0.436344
0.662
0.662
0.662
0.333729
0.169384
0.0269974
0.301693
0.662
0.662
0.278632
0.442945
0.662
0.0719441
0.385548
0.164956
0.326576
0.662
0.662
0.141889
0.602467
0.662
0.534125
0.152246
0.512649
0.662
0.662
0.662
0.662
0.662
0.662
0.662
0.300875
0.0868978
0.629871
0.662
0.662
0.662
0.171001
0.489694
0.492051
0.662
0.0175381
0.35363
0.187112
0.271697
0.102233
0.662
0.662
0.360158
0.662
0.597131
0.662
0.231397
0.662
0.662
0.332693
0.371352
0.640957
0.185959
0.15054
0.662
0.662
0.662
0.662
0.279254
0.367783
0.662
0.662
0.347817
0.662
0.662
0.0507384
0.662
0.662
0.662
0.136879
0.383661
0.365712
0.662
0.180948
0.174032
0.072411
0.662
0.662
0.40445
0.255534
0.267208
0.0568022
0.0132024
0.238835
0.662
0.662
0.662
0.662
0.474994
0.316873
0.662
0.662
0.450491
0.0276979
0.125462
0.662
0.275503
0.248414
0.465269
0.119868
0.662
0.436442
0.662
0.400133
0.207736
0.35202
0.522947
0.662
0.662
0.662
0.077087
0.298461
0.033025
0.662
0.662
0.662
0.42624
0.662
0.374278
0.662
0.336569
0.40716
0.662
0.0123978
0.662
0.129381
0.485014
0.0919562
0.662
0.662
0.0164651
0.662
0.662
0.662
0.662
0.011737
0.137569
0.343212
0.117451
0.662
0.662
0.464066
0.471432
0.244413
0.265442
0.219615
0.662
0.662
0.590683
0.662
0.662
0.662
0.662
0.662
0.189202
0.662
0.662
0.448287
0.00930932
0.325853
0.484833
0.437394
0.049371
0.174782
0.436237
0.611795
0.200862
0.235618
0.148802
0.662
0.662
0.37627
0.457001
0.662
0.662
0.230941
0.269755
0.662
0.341351
0.285986
0.12147
0.207648
0.417969
0.662
0.383194
0.30782
0.289612
0.662
0.662
0.151466
0.662
0.249378
0.231163
0.360548
0.662
0.40413
0.252657
0.0616687
0.24082
0.10215
0.662
0.662
0.662
0.213029
0.662
0.662
0.0776708
0.662
0.662
0.662
0.4098
0.662
0.662
0.0155925
0.57623
0.331631
0.662
0.662
0.171628
0.536011
0.314495
0.144539
0.662
