0.662
0.662
0.460826
0.0503287
0.272008
0.348865
0.0718432
0.495929
0.0489615
0.476754
0.662
0.340898
0.662
0.390335
0.4452
0.662
0.27124
0.662
0.157827
0.481658
0.365571
0.662
0.662
0.633694
0.472362
0.439828
0.461975
0.662
0.508747
0.662
0.277881
0.662
0.135432
0.0442347
0.131155
0.166502
0.662
0.00647476
0.662
0.369914
0.662
0.662
0.662
0.662
0.412336
0.389296
0.662
0.220787
0.0817875
0.662
0.662
0.121195
0.0232078
0.662
0.662
0.0147003
0.393644
0.662
0.0500814
0.662
0.662
0.288383
0.103261
0.44995
0.00499245
0.662
0.177659
0.662
0.662
0.662
0.137635
0.662
0.662
0.662
0.662
0.662
0.662
0.192947
0.314511
0.662
0.402712
0.179587
0.662
0.327628
0.0290481
0.662
0.10728
0.662
0.662
0.649066
0.662
0.277301
0.453555
0.662
0.459673
0.317412
0.662
0.662
0.255446
0.662
0.662
0.364965
0.325963
0.268329
0.662
0.662
0.662
0.454954
0.167562
0.490258
0.662
0.283885
0.202164
0.381763
0.662
0.662
0.662
0.369581
0.645764
0.662
0.662
0.0938615
0.662
0.256421
0.662
0.425208
0.662
0.662
0.0957481
0.662
0.662
0.662
0.662
0.266352
0.662
0.495891
0.662
0.662
0.662
0.662
0.662
0.662
0.0599683
0.662
0.662
0.367998
0.662
0.662
0.140346
0.662
0.44484
0.662
0.045107
0.132201
0.18825
0.330484
0.24867
0.662
0.444786
0.265602
0.662
0.662
0.662
0.131235
0.662
0.662
0.662
0.0378518
0.662
0.662
0.662
0.32901
0.662
0.105185
0.662
0.662
0.662
0.3071
0.662
0.358229
0.662
0.444774
0.453789
0.0877246
0.662
0.0350448
0.0362737
0.049164
0.446966
0.662
0.277786
0.662
0.662
0.662
0.662
0.231723
0.598079
0.662
0.662
0.662
0.662
0.149081
0.0779406
0.662
0.662
0.662
0.479885
0.662
0.396292
0.458774
0.26123
0.662
0.662
0.0486817
0.662
0.294648
0.662
0.662
0.288392
0.482652
0.662
0.662
0.248548
0.662
0.341427
0.662
0.0888272
0.311576
0.662
0.662
0.170437
0.0850844
0.662
0.662
0.344305
0.263324
0.662
0.662
0.37475
0.662
0.107702
0.248646
0.662
0.662
0.662
0.331977
0.662
0.443925
0.295368
0.662
0.662
0.0856296
0.348259
0.662
0.662
0.0803661
0.662
0.439262
0.0656728
0.215568
0.662
0.290085
0.155626
0.39644
0.662
0.662
0.473011
0.441409
0.368754
0.662
0.199085
0.662
0.292129
0.179182
0.662
0.662
0.662
0.662
0.430057
0.662
0.141649
0.287719
0.662
0.201568
0.396864
0.107026
0.0601528
0.237026
0.10633
0.451336
0.662
0.662
0.330212
0.285485
0.374981
0.629763
0.239854
0.158944
0.662
0.198579
0.662
0.662
0.662
0.662
0.662
0.662
0.40585
0.349087
0.322774
0.343273
0.662
0.662
0.662
0.662
0.11501
0.662
0.662
0.662
0.284829
0.662
0.273298
0.662
0.451471
0.662
0.662
0.662
0.662
0.280913
0.662
0.342988
0.103708
0.662
0.215617
0.0743587
0.662
0.328373
0.662
0.214118
0.0506824
0.0592974
0.386555
0.157319
0.662
0.662
0.313671
0.662
0.157551
0.217562
0.21561
0.284015
0.417681
0.662
0.308887
0.220261
0.662
0.662
0.226651
0.662
0.662
0.0890689
0.662
0.150309
0.662
0.153462
0.662
0.150782
0.201529
0.522577
0.662
0.662
0.662
0.267371
0.662
0.123882
0.251845
0.00403728
0.187068
0.56055
0.492758
0.662
0.662
0.662
0.662
0.108557
0.662
0.662
0.662
0.221913
0.662
0.662
0.138311
0.219477
0.662
0.662
0.662
0.662
0.662
0.662
0.662
0.15709
0.307282
0.662
0.387999
0.451606
0.662
0.117354
0.357036
0.247742
0.662
0.182537
0.358452
0.662
0.662
0.463848
0.662
0.26877
0.662
0.0695517
0.346162
0.230685
0.662
0.276995
0.316037
0.606987
0.207094
0.348554
0.408716
0.662
0.198792
0.163765
0.662
0.662
0.250573
0.140968
0.154387
0.395995
0.662
0.662
0.418112
0.0947489
0.368972
0.295178
0.662
0.662
0.662
0.662
0.0359968
0.407008
0.662
0.336724
0.662
0.475939
0.662
0.26183
0.428805
0.662
0.662
0.401658
0.309682
0.662
0.161707
0.662
0.429263
0.662
0.3548
0.662
0.318579
0.204812
0.662
0.167303
0.662
0.662
0.662
0.46345
0.662
0.662
0.445364
0.662
0.662
0.328581
0.0559805
0.662
0.662
0.662
0.0222338
0.662
0.45846
0.662
0.662
0.175334
0.662
0.27991
0.385215
0.365779
0.662
0.662
0.662
0.543808
0.276393
0.662
0.662
0.314314
0.414075
0.274003
0.0735241
0.662
0.247331
0.274671
0.507874
0.031658
0.662
0.388803
0.412202
0.662
0.124058
0.662
0.327091
0.367338
0.662
0.662
0.247019
0.0168276
0.537322
0.662
0.36895
0.460225
0.398726
0.662
0.662
0.662
0.187953
0.271384
0.662
0.662
0.226282
0.662
0.274148
0.662
0.562633
0.662
0.402902
0.662
0.662
0.662
0.251043
0.0936492
0.662
0.0247817
0.662
0.662
0.398806
0.662
0.254532
0.662
0.662
0.322398
0.207564
0.451563
0.662
0.421595
0.662
0.662
0.405791
0.662
0.373584
0.0301252
0.662
0.421386
0.133066
0.128008
0.662
0.578285
0.426751
0.662
0.430618
0.202534
0.112877
0.554895
0.662
0.462951
0.662
0.0118874
0.662
0.0964864
0.662
0.662
0.662
0.438394
0.662
0.662
0.662
0.520226
0.662
0.467685
0.425924
0.662
0.662
0.641512
0.662
0.227964
0.662
0.118078
0.172241
0.495326
0.662
0.146167
0.374522
0.20283
0.662
0.446208
0.14019
0.662
0.662
0.456298
0.662
0.662
0.662
0.662
0.266289
0.15295
0.662
0.325686
0.0494203
0.662
0.662
0.25314
0.268555
0.662
0.410623
0.662
0.31236
0.311483
0.391297
0.662
0.662
0.662
0.0360436
0.662
0.662
0.662
0.189736
0.662
0.662
0.304689
0.634874
0.439962
0.245784
0.041459
0.662
0.662
0.132501
0.0588435
0.25057
0.662
0.662
0.423978
0.35668
0.662
0.0346594
0.580002
0.662
0.662
0.662
0.662
0.662
0.662
0.412593
0.398946
0.466781
0.348665
0.662
0.662
0.196811
0.0240461
0.662
0.588531
0.319705
0.265529
0.662
0.37224
0.401441
0.662
0.662
0.662
0.662
0.000390931
0.662
0.662
0.662
0.119692
0.217822
0.662
0.18578
0.458439
0.26514
0.316818
0.401294
0.459577
0.476844
0.347226
0.662
0.370075
0.662
0.662
0.416156
0.662
0.228053
0.662
0.662
0.662
0.388731
0.662
0.0486291
0.145391
0.604976
0.662
0.662
0.662
0.0120352
0.662
0.0667349
0.475646
0.662
0.662
0.662
0.662
0.226532
0.370414
0.662
0.662
0.662
0.662
0.662
0.662
0.662
0.662
0.119697
0.0577404
0.662
0.0775494
0.662
0.662
0.662
0.354961
0.662
0.244524
0.369325
0.397705
0.662
0.312656
0.662
0.662
0.393466
0.662
0.662
0.111174
0.662
0.662
0.256189
0.662
0.354595
0.662
0.662
0.662
0.662
0.662
0.190849
0.484343
0.0858328
0.662
0.662
0.325638
0.100025
0.662
0.212871
0.662
0.662
0.662
0.662
0.0883065
0.103983
0.662
0.662
0.662
0.662
0.662
0.260421
0.662
0.515037
0.383841
0.662
0.123072
0.0161977
0.662
0.662
0.662
0.328787
0.662
0.144638
0.359007
0.662
0.662
0.662
0.0215528
0.662
0.377174
0.662
0.25752
0.662
0.449851
0.226648
0.242471
0.322434
0.0473124
0.354646
0.438804
0.20448
0.305841
0.350507
0.662
0.364439
0.662
0.357446
0.662
0.388476
0.281504
0.0665537
0.662
0.662
0.625028
0.474211
0.662
0.662
0.662
0.471321
0.662
0.100673
0.381586
0.662
0.344765
0.662
0.662
0.397373
0.662
0.662
0.662
0.662
0.662
0.483948
0.662
0.266882
0.662
0.662
0.662
0.350292
0.662
0.383013
0.534801
0.130201
0.662
0.141246
0.487709
0.662
0.387501
0.443272
0.228232
0.413122
0.662
0.0713782
0.662
0.662
0.662
0.662
0.662
0.662
0.662
0.662
0.662
0.342457
0.0638186
0.662
0.111854
0.0410782
0.662
0.421959
0.0730574
0.662
0.662
0.662
0.662
0.353072
0.162489
0.442571
0.0628814
0.662
0.662
0.337723
0.662
0.662
0.259872
0.662
0.662
0.662
0.388529
0.0568216
0.374934
0.265212
0.174722
0.258103
0.209283
0.662
0.13347
0.132318
0.662
0.662
0.20538
0.412893
0.662
0.662
0.662
0.662
0.210526
0.662
0.662
0.250728
0.0846132
0.554397
0.662
0.0421482
0.227906
0.662
0.389643
0.273356
0.662
0.335142
0.341224
0.449871
0.244779
0.281732
0.500501
0.662
0.442273
0.298294
0.0083522
0.399713
0.196039
0.475226
0.145233
0.662
0.662
0.433502
0.169022
0.0924274
0.0656197
0.662
0.662
0.662
0.662
0.662
0.0983843
0.315652
0.662
0.662
0.114359
0.662
0.662
0.239166
0.19961
0.156471
0.439367
0.240163
0.662
0.236284
0.662
0.662
0.662
0.662
0.662
0.662
0.496048
0.662
0.118313
0.662
0.467098
0.662
0.662
0.662
0.662
0.206447
0.662
0.662
0.339198
0.403643
0.662
0.662
0.662
0.662
0.00459235
0.662
0.0167567
0.223287
0.662
0.0741042
0.0992555
0.662
0.662
0.24805
0.493123
0.30247
0.12114
0.662
0.0954451
0.42855
0.662
0.662
0.662
0.18616
0.662
0.377822
0.662
0.662
0.345114
0.662
0.264776
0.391344
0.662
0.662
0.662
0.662
0.662
0.662
0.0295782
0.31236
0.662
0.172295
0.662
0.301464
0.662
0.662
0.231198
0.662
0.130941
0.195498
0.150845
0.267685
0.662
0.662
0.662
0.441311
0.56816
0.12914
0.451719
0.243381
0.178228
0.380777
0.35927
0.374087
0.662
0.662
0.662
0.662
0.0999354
0.662
0.0541504
0.662
0.662
0.244976
0.474289
0.00606606
0.442251
0.662
0.662
0.662
0.662
0.336204
0.662
0.662
0.662
0.662
0.476915
0.662
0.662
0.243758
0.120448
0.662
0.398894
0.662
0.339963
0.113271
0.41268
0.354355
0.662
0.662
0.13631
0.0348101
0.32977
0.662
0.662
0.290662
0.662
0.1148
0.412447
0.662
0.309111
0.662
0.662
0.422195
0.485059
0.0637311
0.662
0.209016
0.465982
0.0163985
0.662
0.662
0.662
0.662
0.662
0.662
0.220163
0.30037
0.662
0.331369
0.489633
0.662
0.662
0.662
0.355345
0.195479
0.428171
0.24494
0.0727808
0.448878
0.233687
0.162078
0.264063
0.662
0.150849
0.662
0.422427
0.0214667
0.180988
0.662
0.662
0.423202
0.199288
0.346731
0.662
0.662
0.662
0.662
0.171752
0.139877
0.594621
0.416498
0.662
0.0701233
0.0577615
0.662
0.177728
0.484354
0.386669
0.662
0.662
0.662
0.662
0.662
0.662
0.182209
0.442466
0.662
0.330501
0.0230677
0.16058
0.0167587
0.377147
0.662
0.0536753
0.19756
0.368467
0.541465
0.327962
0.282827
0.662
0.662
0.356336
0.477138
0.662
0.0566365
0.441979
0.662
0.410185
0.662
0.431398
0.270814
0.254119
0.662
0.662
0.662
0.662
0.662
0.443737
0.0393823
0.662
0.412634
0.449169
0.655783
0.662
0.432206
0.5783
0.426971
0.24279
0.662
0.662
0.48357
0.00804432
0.662
0.162945
0.662
0.662
0.398427
0.464213
0.242428
0.662
0.0821505
0.0294485
0.465836
0.398388
0.13585
0.662
0.2006
0.662
0.288546
0.662
0.453122
0.386985
0.662
0.321212
0.119466
0.662
0.662
0.662
0.662
0.662
0.662
0.331958
0.273339
0.662
0.360389
0.662
0.460796
0.399064
0.653295
0.0650558
0.662
0.662
0.662
0.662
0.662
0.662
0.218307
0.662
0.160679
0.356852
0.662
0.662
0.662
0.51067
0.09928
0.662
0.264025
0.659658
0.161681
0.432248
0.662
0.662
0.662
0.200969
0.497947
0.662
0.0852894
0.662
0.224254
0.662
0.662
0.396608
0.662
0.662
0.402735
0.394198
0.662
0.384247
0.370512
0.133158
0.324836
0.188197
0.662
0.662
0.470921
0.662
0.662
0.662
0.662
0.408571
0.662
0.122644
0.206426
0.105685
0.662
0.662
0.662
0.355491
0.297313
0.662
0.662
0.203302
0.662
0.662
0.277222
0.662
0.134703
0.146574
0.0930768
0.439509
0.257711
0.0483006
0.298132
0.0258577
0.109711
0.0326569
0.0861999
0.662
0.445274
0.36619
0.0159634
0.358617
0.485463
0.662
0.287507
0.375263
0.662
0.427741
0.504489
0.662
0.662
0.662
0.662
0.480932
0.662
0.662
0.662
0.344182
0.197919
0.448291
0.662
0.662
0.0337364
0.0151147
0.121174
0.662
0.213876
0.111372
0.662
0.414319
0.563256
0.47413
0.662
0.662
0.0372542
0.662
0.4399
0.662
0.159338
0.662
0.0373289
0.203951
0.662
0.365059
0.265803
0.445555
0.449414
0.662
0.662
0.662
0.662
0.662
0.337924
0.662
0.0637298
0.662
0.218142
0.127217
0.231144
0.629555
0.301384
0.587673
0.282513
0.238282
0.662
0.662
0.0270448
0.662
0.254724
0.210108
0.420708
0.0112904
0.662
0.662
0.662
0.662
0.662
0.539452
0.0488337
0.662
0.442078
0.662
0.662
0.662
0.529178
0.662
0.662
0.380726
0.39032
0.332795
0.447419
0.117675
0.14691
0.298711
0.662
0.191832
0.200552
0.662
0.662
0.426886
0.662
0.291626
0.662
0.0357128
0.279458
0.475273
0.0151801
0.662
0.467605
0.662
0.437254
0.662
0.122795
0.662
0.0644548
0.662
0.662
0.662
0.60815
0.662
0.662
0.662
0.0541976
0.662
0.662
0.0537904
0.409058
0.662
0.426079
0.662
0.0638195
0.662
0.662
0.488872
0.406516
0.662
0.662
0.445598
0.662
0.662
0.662
0.662
0.133784
0.146049
0.576689
0.662
0.0620127
0.0908109
0.327278
0.662
0.260745
0.662
0.433008
0.662
0.305549
0.109401
0.20313
0.662
0.0534966
0.0226077
0.662
0.318416
0.0350182
0.662
0.662
0.516929
0.662
0.662
0.662
0.662
0.662
0.486452
0.662
0.264112
0.662
0.662
0.146576
0.662
0.662
0.662
0.662
0.137188
0.662
0.662
0.662
0.662
0.334831
0.0556787
0.246566
0.463953
0.662
0.0740951
0.147632
0.346123
0.403124
0.662
0.662
0.662
0.299194
0.146438
0.509136
0.662
0.662
0.368545
0.662
0.662
0.662
0.0179477
0.301229
0.0900554
0.415614
0.662
0.657838
0.662
0.662
0.418403
0.150101
0.662
0.398972
0.266914
0.662
0.293409
0.415353
0.0329262
0.662
0.662
0.0623184
0.662
0.662
0.295547
0.476575
0.633694
0.662
0.444827
0.662
0.465237
0.419578
0.25016
0.227316
0.662
0.261985
0.483739
0.662
0.443566
0.0756787
0.662
0.662
0.406086
0.270836
0.00709468
0.351318
0.662
0.0603252
0.662
0.662
0.662
0.662
0.106295
0.662
0.375906
0.463617
0.662
0.662
0.416385
0.662
0.365451
0.0848761
0.662
0.187298
0.162114
0.0978671
0.182642
0.662
0.277394
0.662
0.0296818
0.662
0.383064
0.240941
0.662
0.662
0.542281
0.0687249
0.662
0.662
0.662
0.138851
0.662
0.662
0.662
0.262879
0.477519
0.399783
0.322041
0.662
0.662
0.662
0.662
0.662
0.109921
0.471356
0.662
0.662
0.472149
0.122815
0.662
0.349219
0.469953
0.475239
0.662
0.20373
0.662
0.662
0.120067
0.0185756
0.00105653
0.30749
0.275745
0.662
0.662
0.431703
0.488129
0.662
0.0748592
0.662
0.320083
0.28658
0.662
0.662
0.662
0.662
0.662
0.662
0.274459
0.30665
0.63339
0.180069
0.662
0.662
0.662
0.445158
0.163778
0.662
0.25276
0.211468
0.662
0.662
0.662
0.161818
0.558704
0.496373
0.662
0.185453
0.662
0.662
0.662
0.203481
0.0659998
0.00393466
0.043753
0.662
0.0258745
0.345716
0.662
0.444954
0.0371175
0.237047
0.662
0.301237
0.264201
0.488123
0.662
0.280503
0.0677049
0.118903
0.662
0.662
0.353344
0.662
0.219584
0.198982
0.662
0.662
0.662
0.662
0.273992
0.662
0.233093
0.662
0.662
0.342608
0.194326
0.238155
0.225047
0.662
0.102684
0.657989
0.0193059
0.0220898
0.662
0.272706
0.188937
0.146479
0.662
0.662
0.246193
0.662
0.662
0.662
0.662
0.436486
0.662
0.662
0.662
0.26648
0.38418
0.662
0.662
0.662
0.38856
0.352793
0.33503
0.0292045
0.463924
0.0909184
0.662
0.662
0.039648
0.662
0.662
0.430747
0.662
0.378995
0.662
0.662
0.662
0.470611
0.662
0.662
0.163383
0.0024204
0.275476
0.662
0.662
0.662
0.662
0.203308
0.662
0.0773189
0.170378
0.444008
0.662
0.558564
0.572973
0.502407
0.24548
0.169422
0.36138
0.346111
0.254341
0.662
0.282232
0.662
0.436667
0.662
0.475513
0.427146
0.26002
0.131634
0.662
0.330853
0.169252
0.470855
0.371421
0.106673
0.394726
0.376147
0.662
0.0608846
0.0420213
0.280422
0.662
0.0395994
0.0950141
0.662
0.179518
0.0896328
0.662
0.662
0.662
0.382922
0.662
0.0491239
0.662
0.662
0.0391575
0.134523
0.662
0.230243
0.662
0.123205
0.319403
0.467937
0.662
0.662
0.567812
0.662
0.210726
0.662
0.662
0.662
0.427447
0.289946
0.662
0.662
0.662
0.0468509
0.662
0.662
0.662
0.386305
0.0227648
0.0549329
0.662
0.662
0.252189
0.662
0.423856
0.104202
0.662
0.283556
0.24249
0.662
0.662
0.662
0.520828
0.662
0.662
0.662
0.391912
0.215052
0.662
0.308716
0.662
0.662
0.149826
0.662
0.662
0.662
0.363723
0.22989
0.205601
0.662
0.662
0.662
0.662
0.662
0.1886
0.662
0.662
0.662
0.0681684
0.662
0.387366
0.662
0.358689
0.417524
0.662
0.662
0.662
0.662
0.331415
0.662
0.662
0.287733
0.0854567
0.00916558
0.662
0.662
0.662
0.662
0.662
0.662
0.662
0.0175057
0.662
0.662
0.303281
0.111827
0.662
0.150117
0.32666
