0.662
0.662
0.662
0.167381
0.479687
0.662
0.662
0.345149
0.337791
0.510806
0.116862
0.355492
0.662
0.662
0.662
0.307593
0.283787
0.662
0.662
0.113134
0.662
0.29115
0.662
0.407852
0.662
0.662
0.629706
0.662
0.662
0.0785409
0.662
0.223894
0.129458
0.455649
0.662
0.662
0.317523
0.369036
0.27348
0.662
0.662
0.662
0.662
0.44696
0.395642
0.662
0.233533
0.662
0.662
0.662
0.356031
0.349541
0.662
0.15232
0.0713073
0.662
0.662
0.662
0.0943957
0.662
0.316132
0.269959
0.662
0.318513
0.662
0.662
0.328119
0.311034
0.662
0.662
0.662
0.0538403
0.568645
0.217256
0.662
0.662
0.662
0.662
0.662
0.335597
0.662
0.662
0.662
0.463659
0.662
0.0946984
0.662
0.662
0.662
0.662
0.662
0.602835
0.419155
0.662
0.525223
0.1399
0.459032
0.662
0.662
0.662
0.392928
0.17029
0.300607
0.238995
0.415908
0.662
0.662
0.352198
0.662
0.662
0.662
0.376118
0.532611
0.662
0.249989
0.662
0.0680597
0.662
0.603156
0.184997
0.662
0.110617
0.244292
0.662
0.662
0.662
0.662
0.305313
0.185536
0.662
0.587701
0.313614
0.00422938
0.170347
0.662
0.662
0.203566
0.662
0.291934
0.338483
0.662
0.662
0.208647
0.662
0.662
0.0297054
0.662
0.662
0.662
0.662
0.164735
0.168656
0.662
0.662
0.662
0.398902
0.0614625
0.662
0.172235
0.662
0.662
0.431479
0.662
0.439949
0.662
0.388088
0.00862386
0.282276
0.662
0.304198
0.662
0.335388
0.662
0.555409
0.662
0.571304
0.662
0.662
0.139757
0.662
0.360243
0.278987
0.356646
0.662
0.451337
0.662
0.662
0.662
0.0288899
0.662
0.662
0.231351
0.662
0.662
0.361286
0.662
0.132334
0.662
0.236884
0.413047
0.461456
0.662
0.299735
0.217293
0.662
0.0426616
0.662
0.662
0.662
0.0910247
0.104632
0.227869
0.350964
0.118466
0.662
0.448104
0.503605
0.662
0.662
0.214578
0.662
0.374069
0.386649
0.170789
0.259659
0.662
0.0422854
0.177999
0.645082
0.0206466
0.662
0.43428
0.662
0.662
0.3455
0.662
0.39108
0.662
0.101397
0.22133
0.662
0.662
0.369538
0.148021
0.662
0.278993
0.0121379
0.0943337
0.00152342
0.309454
0.662
0.0624173
0.662
0.0619629
0.108083
0.377023
0.662
0.662
0.662
0.450889
0.309156
0.662
0.218676
0.241482
0.662
0.662
0.391662
0.212205
0.662
0.662
0.662
0.662
0.662
0.662
0.662
0.662
0.617016
0.662
0.334441
0.0594114
0.662
0.300175
0.662
0.662
0.662
0.366483
0.662
0.662
0.662
0.662
0.406737
0.662
0.662
0.662
0.662
0.662
0.566867
0.57272
0.00147021
0.662
0.662
0.662
0.662
0.662
0.662
0.662
0.201686
0.662
0.443286
0.322422
0.295167
0.120403
0.662
0.662
0.662
0.662
0.360051
0.272848
0.47447
0.388955
0.0914992
0.662
0.662
0.662
0.662
0.662
0.662
0.438334
0.662
0.662
0.256558
0.662
0.662
0.0856679
0.274844
0.662
0.662
0.1841
0.662
0.389131
0.662
0.662
0.662
0.662
0.662
0.0809814
0.337857
0.662
0.408035
0.662
0.662
0.331232
0.0722121
0.662
0.662
0.662
0.315969
0.170097
0.26844
0.662
0.127923
0.13819
0.662
0.29014
0.0674068
0.662
0.662
0.000877171
0.662
0.0778352
0.352024
0.662
0.662
0.662
0.662
0.354709
0.245569
0.662
0.662
0.662
0.0712391
0.662
0.188831
0.223168
0.646329
0.662
0.662
0.662
0.662
0.141677
0.1388
0.618485
0.409373
0.633694
0.662
0.662
0.595888
0.662
0.662
0.110221
0.148436
0.662
0.662
0.662
0.429756
0.662
0.662
0.662
0.204746
0.200349
0.261627
0.662
0.662
0.134457
0.296006
0.105538
0.121005
0.367495
0.0475549
0.0744565
0.662
0.174875
0.662
0.662
0.662
0.116184
0.280594
0.662
0.0168996
0.439907
0.0767606
0.662
0.662
0.662
0.662
0.541646
0.662
0.474959
0.662
0.662
0.132546
0.662
0.0660887
0.662
0.662
0.662
0.464365
0.662
0.436124
0.662
0.662
0.343243
0.662
0.358196
0.662
0.662
0.662
0.662
0.407774
0.0365687
0.662
0.601649
0.662
0.662
0.202447
0.662
0.662
0.662
0.662
0.0703047
0.305665
0.302661
0.624363
0.169859
0.662
0.662
0.662
0.662
0.662
0.423252
0.662
0.0286121
0.187974
0.126314
0.662
0.111207
0.662
0.383442
0.662
0.662
0.662
0.122913
0.27308
0.662
0.662
0.662
0.134464
0.662
0.459264
0.457893
0.28876
0.101749
0.662
0.441504
0.249779
0.662
0.343794
0.662
0.0988965
0.0287324
0.662
0.423101
0.662
0.662
0.662
0.662
0.316228
0.30748
0.662
0.33817
0.449171
0.662
0.662
0.393827
0.662
0.162469
0.11184
0.166865
0.192814
0.273362
0.662
0.662
0.340222
0.11996
0.662
0.30209
0.662
0.304219
0.662
0.256718
0.662
0.561486
0.131186
0.662
0.662
0.662
0.662
0.662
0.662
0.662
0.0231185
0.662
0.257463
0.662
0.662
0.0604272
0.662
0.662
0.662
0.662
0.184791
0.662
0.662
0.470698
0.662
0.662
0.118074
0.662
0.0954143
0.391027
0.662
0.00693568
0.662
0.662
0.0241718
0.662
0.662
0.662
0.104593
0.635239
0.662
0.662
0.0492182
0.161395
0.0196006
0.662
0.662
0.45734
0.662
0.662
0.662
0.662
0.388471
0.401828
0.662
0.257214
0.662
0.127404
0.146811
0.662
0.457328
0.662
0.0446151
0.662
0.662
0.662
0.37316
0.264798
0.250507
0.0896618
0.662
0.0550459
0.10267
0.353596
0.258503
0.662
0.662
0.662
0.662
0.384683
0.3172
0.662
0.136188
0.662
0.662
0.662
0.0323572
0.408751
0.662
0.662
0.431496
0.662
0.125186
0.272239
0.662
0.19104
0.37676
0.662
0.260557
0.662
0.662
0.171141
0.662
0.370665
0.662
0.104728
0.662
0.662
0.662
0.662
0.18267
0.380521
0.662
0.0459883
0.662
0.662
0.325412
0.643962
0.662
0.662
0.662
0.171598
0.165006
0.51581
0.662
0.0165148
0.463479
0.662
0.662
0.128842
0.0776222
0.662
0.0336084
0.662
0.432993
0.322641
0.19041
0.474382
0.662
0.117239
0.662
0.182915
0.662
0.662
0.27942
0.662
0.662
0.662
0.559334
0.250523
0.286535
0.351936
0.503018
0.316439
0.187416
0.0652897
0.161057
0.366631
0.216109
0.0578992
0.34448
0.662
0.235054
0.662
0.662
0.662
0.662
0.410449
0.662
0.662
0.247412
0.196778
0.662
0.662
0.173628
0.256352
0.662
0.197225
0.662
0.343105
0.662
0.566115
0.303121
0.662
0.662
0.111585
0.0748518
0.186733
0.662
0.0459827
0.662
0.662
0.0207786
0.662
0.662
0.662
0.0411906
0.662
0.232228
0.662
0.655054
0.0408671
0.662
0.662
0.191679
0.662
0.662
0.2979
0.239564
0.25108
0.662
0.662
0.258618
0.662
0.662
0.662
0.662
0.226427
0.662
0.134847
0.662
0.662
0.0313497
0.378938
0.662
0.662
0.193788
0.336041
0.662
0.662
0.662
0.134828
0.571541
0.300124
0.662
0.662
0.107755
0.662
0.662
0.323294
0.662
0.662
0.662
0.35097
0.270584
0.335302
0.244233
0.662
0.662
0.0934779
0.662
0.662
0.0754665
0.0288622
0.662
0.31093
0.424487
0.662
0.433357
0.662
0.662
0.662
0.662
0.485393
0.662
0.451167
0.662
0.662
0.662
0.662
0.662
0.662
0.237874
0.328144
0.662
0.0182071
0.0369288
0.242589
0.662
0.662
0.161824
0.142556
0.0762438
0.306931
0.253205
0.662
0.417866
0.662
0.119966
0.662
0.662
0.0980292
0.662
0.662
0.662
0.408985
0.662
0.662
0.472073
0.662
0.610935
0.472147
0.662
0.238434
0.662
0.159996
0.21906
0.22994
0.624823
0.0495376
0.217009
0.662
0.47004
0.662
0.662
0.662
0.662
0.326874
0.35929
0.410309
0.662
0.662
0.662
0.00586328
0.461478
0.662
0.086029
0.108443
0.662
0.373109
0.662
0.161136
0.0061175
0.164293
0.662
0.662
0.662
0.210756
0.293802
0.662
0.280864
0.299332
0.662
0.662
0.662
0.662
0.0804675
0.414971
0.463177
0.478339
0.0894022
0.225792
0.662
0.662
0.662
0.662
0.429071
0.662
0.0729912
0.0722117
0.457715
0.325925
0.662
0.268479
0.662
0.662
0.424356
0.662
0.662
0.306162
0.0751499
0.662
0.662
0.229287
0.163532
0.662
0.0167764
0.441441
0.522616
0.337551
0.390575
0.662
0.463851
0.0204657
0.327751
0.662
0.662
0.298814
0.320046
0.662
0.662
0.662
0.077493
0.662
0.410698
0.662
0.662
0.662
0.662
0.293747
0.662
0.412993
0.20466
0.350215
0.0910941
0.441951
0.351853
0.344826
0.433221
0.662
0.662
0.619584
0.116679
0.333458
0.662
0.662
0.435348
0.662
0.0329979
0.444885
0.0852146
0.244825
0.581685
0.662
0.662
0.140529
0.662
0.137973
0.241296
0.0443844
0.662
0.662
0.473191
0.232212
0.662
0.35584
0.662
0.0908945
0.662
0.471829
0.243577
0.662
0.236152
0.662
0.413955
0.109616
0.148785
0.060854
0.662
0.0124269
0.0693567
0.662
0.126811
0.100797
0.662
0.434552
0.662
0.0717534
0.245455
0.394552
0.662
0.0442419
0.662
0.405281
0.174483
0.448307
0.662
0.257159
0.662
0.347652
0.662
0.662
0.662
0.144162
0.662
0.662
0.294814
0.187275
0.662
0.0383269
0.662
0.340448
0.245732
0.144414
0.0879984
0.357127
0.662
0.477274
0.0270608
0.662
0.662
0.662
0.194312
0.00976557
0.17525
0.12585
0.0997875
0.662
0.322402
0.662
0.200009
0.662
0.662
0.185926
0.45574
0.662
0.465473
0.662
0.662
0.00154725
0.118476
0.464656
0.662
0.4126
0.662
0.662
0.662
0.355225
0.662
0.662
0.662
0.402945
0.662
0.662
0.662
0.592711
0.662
0.272032
0.461409
0.0526402
0.0680065
0.231939
0.662
0.662
0.662
0.662
0.662
0.662
0.662
0.264334
0.255739
0.662
0.662
0.605373
0.662
0.546154
0.388157
0.662
