0.662
0.201024
0.628189
0.662
0.662
0.219615
0.662
0.449701
0.662
0.662
0.662
0.305757
0.662
0.662
0.397824
0.662
0.415299
0.248414
0.318743
0.212519
0.662
0.662
0.471394
0.662
0.662
0.662
0.200096
0.662
0.662
0.662
0.662
0.384786
0.662
0.320835
0.662
0.326166
0.379845
0.0635173
0.0335272
0.662
0.662
0.662
0.433321
0.597215
0.0831344
0.312314
0.282538
0.662
0.662
0.20696
0.426046
0.662
0.662
0.662
0.466902
0.400133
0.427627
0.367853
0.662
0.662
0.662
0.662
0.313069
0.215017
0.662
0.434001
0.662
0.0331105
0.18913
0.164455
0.151461
0.0482976
0.387531
0.428385
0.662
0.501845
0.662
0.662
0.12147
0.299594
0.662
0.662
0.662
0.507792
0.662
0.0882252
0.38535
0.662
0.114836
0.662
0.662
0.662
0.361346
0.15537
0.662
0.662
0.489694
0.347494
0.0769059
0.662
0.662
0.662
0.404537
0.662
0.662
0.47238
0.662
0.133663
0.662
0.543915
0.25028
0.369613
0.662
0.662
0.397889
0.662
0.662
0.662
0.662
0.119363
0.662
0.662
0.279774
0.175667
0.164956
0.662
0.457318
0.662
0.662
0.662
0.662
0.662
0.662
0.523372
0.662
0.662
0.662
0.424959
0.519303
0.295762
0.627125
0.215356
0.662
0.662
0.374278
0.662
0.662
0.354367
0.662
0.348519
0.662
0.0668354
0.662
0.662
0.416987
0.662
0.662
0.154368
0.208106
0.155124
0.275503
0.600632
0.662
0.662
0.565211
0.662
0.662
0.662
0.17575
0.0433901
0.662
0.465269
0.662
0.662
0.582549
0.460048
0.356862
0.662
0.585715
0.395539
0.662
0.662
0.662
0.125767
0.57637
0.558021
0.195969
0.662
0.662
0.662
0.24647
0.662
0.157988
0.461164
0.241866
0.662
0.662
0.399594
0.662
0.662
0.380943
0.302519
0.662
0.295875
0.662
0.476581
0.47574
0.207684
0.393397
0.662
0.662
0.662
0.267139
0.0726649
0.662
0.112686
0.662
0.00239986
0.662
0.662
0.357245
0.388419
0.662
0.0776708
0.662
0.0100222
0.176495
0.110225
0.230158
0.415214
0.662
0.662
0.662
0.258405
0.184886
0.15894
0.194252
0.662
0.662
0.662
0.30321
0.498973
0.22926
0.662
0.0503322
0.662
0.307353
0.0329233
0.662
0.590373
0.662
0.0129708
0.662
0.662
0.662
0.153379
0.37286
0.135635
0.662
0.662
0.662
0.662
0.662
0.0313395
0.270874
0.143342
0.406865
0.185892
0.662
0.176173
0.662
0.662
0.0562094
0.662
0.662
0.478508
0.662
0.365918
0.662
0.344359
0.662
0.662
0.0233283
0.436442
0.363393
0.381041
0.662
0.662
0.662
0.662
0.662
0.662
0.662
0.537094
0.662
0.662
0.662
0.581295
0.162529
0.662
0.402958
0.662
0.126668
0.662
0.418877
0.0614428
0.375743
0.662
0.265236
0.174924
0.662
0.662
0.662
0.0851466
0.662
0.227664
0.662
0.662
0.190231
0.662
0.209422
0.662
0.466669
0.662
0.0546656
0.014583
0.317675
0.371573
0.662
0.200862
0.662
0.0846509
0.662
0.662
0.288156
0.209048
0.458299
0.471467
0.433139
0.662
0.275407
0.520594
0.662
0.173422
0.237853
0.45143
0.203409
0.662
0.365039
0.185612
0.662
0.662
0.383784
0.662
0.200617
0.662
0.40445
0.371352
0.662
0.296334
0.662
0.662
0.341037
0.100524
0.662
0.629871
0.662
0.0447987
0.351225
0.662
0.389393
0.0471199
0.261469
0.0794155
0.452907
0.525247
0.368157
0.662
0.662
0.380486
0.662
0.662
0.662
0.42086
0.372953
0.0974837
0.662
0.662
0.662
0.662
0.662
0.330375
0.025425
0.245783
0.662
0.662
0.662
0.662
0.208374
0.0237205
0.144623
0.662
0.662
0.289612
0.137569
0.582209
0.662
0.434886
0.125634
0.662
0.38763
0.662
0.017658
0.363253
0.413935
0.662
0.0176979
0.662
0.662
0.613694
0.362062
0.662
0.662
0.391283
0.662
0.325853
0.662
0.662
0.0703352
0.662
0.662
0.662
0.104937
0.662
0.662
0.662
0.662
0.415306
0.038558
0.245472
0.662
0.662
0.0719441
0.662
0.242461
0.662
0.662
0.468059
0.340711
0.662
0.662
0.133543
0.141889
0.662
0.123953
0.09345
0.0256202
0.662
0.662
0.15054
0.448287
0.461411
0.166493
0.662
0.0321933
0.662
0.167098
0.662
0.662
0.662
0.662
0.662
0.662
0.662
0.662
0.480456
0.662
0.662
0.662
0.374461
0.204711
0.353491
0.662
0.662
0.662
0.355898
0.662
0.662
0.0771214
0.662
0.662
0.446468
0.225781
0.25951
0.662
0.303795
0.662
0.277943
0.662
0.662
0.662
0.662
0.662
0.210866
0.662
0.326478
0.662
0.578592
0.191191
0.662
0.447637
0.411295
0.279126
0.662
0.133641
0.470682
0.049371
0.662
0.662
0.251299
0.239628
0.662
0.399009
0.421994
0.662
0.662
0.662
0.128431
0.662
0.662
0.57623
0.268101
0.171703
0.662
0.401963
0.662
0.23764
0.439654
0.662
0.458496
0.662
0.0181376
0.662
0.662
0.221383
0.0991688
0.662
0.662
0.214885
0.662
0.662
0.23397
0.325439
0.662
0.662
0.225656
0.0806306
0.143394
0.662
0.491018
0.662
0.0113385
0.662
0.298785
0.662
0.662
0.0985817
0.192697
0.662
0.662
0.0138252
0.662
0.662
0.207736
0.370524
0.467944
0.0115108
0.662
0.330038
0.388711
0.422077
0.058909
0.662
0.064396
0.00881755
0.662
0.446628
0.35387
0.161238
0.185959
0.167811
0.662
0.140806
0.174782
0.172276
0.463321
0.662
0.662
0.0422721
0.662
0.335637
0.122191
0.662
0.0873536
0.662
