0.116151
0.294373
0.224113
0.662
0.244276
0.176187
0.282903
0.358237
0.235587
0.662
0.419113
0.662
0.662
0.434777
0.3718
0.662
0.662
0.662
0.662
0.0728519
0.662
0.662
0.602914
0.662
0.662
0.662
0.339139
0.317224
0.114347
0.662
0.385267
0.23204
0.662
0.340927
0.340189
0.405926
0.162344
0.662
0.370821
0.662
0.662
0.662
0.662
0.374594
0.662
0.0423025
0.53953
0.662
0.662
0.110191
0.362879
0.0910455
0.285807
0.662
0.178211
0.662
0.662
0.0482246
0.662
0.317401
0.662
0.36769
0.0392296
0.662
0.662
0.662
0.662
0.662
0.662
0.662
0.186785
0.662
0.662
0.0918539
0.662
0.662
0.662
0.241883
0.469544
0.426281
0.415181
0.251061
0.662
0.45721
0.662
0.161512
0.662
0.662
0.662
0.365464
0.209686
0.662
0.36975
0.662
0.185638
0.227201
0.0733052
0.410037
0.222849
0.351614
0.662
0.4639
0.662
0.0505939
0.36424
0.189021
0.374469
0.662
0.662
0.662
0.662
0.662
0.662
0.143904
0.662
0.662
0.0135398
0.662
0.662
0.662
0.0229991
0.662
0.662
0.341861
0.0160421
0.662
0.470662
0.662
0.165111
0.169905
0.00340039
6.03119e-05
0.137767
0.662
0.347551
0.662
0.662
0.662
0.662
0.483614
0.662
0.662
0.0158252
0.150724
0.365234
0.161887
0.662
0.34949
0.662
0.662
0.662
0.378003
0.25947
0.662
0.192034
0.219652
0.662
0.662
0.662
0.281666
0.203316
0.0522965
0.662
0.0600732
0.394465
0.662
0.662
0.662
0.662
0.662
0.403844
0.249055
0.180694
0.662
0.662
0.662
0.662
0.335791
0.662
0.321961
0.0173148
0.662
0.662
0.662
0.0540707
0.300513
0.662
0.419133
0.662
0.662
0.320542
0.662
0.116305
0.152519
0.314395
0.662
0.356925
0.662
0.540957
0.436145
0.169939
0.662
0.662
0.460316
0.662
0.132279
0.408803
0.575125
0.662
0.0333431
0.662
0.379109
0.520127
0.356574
0.169992
0.171808
0.305311
0.183385
0.662
0.662
0.662
0.662
0.662
0.376924
0.662
0.449504
0.308145
0.662
0.085112
0.662
0.362486
0.547266
0.662
0.370507
0.662
0.184222
0.662
0.119299
0.662
0.303658
0.0384814
0.0267125
0.662
0.662
0.147104
0.662
0.662
0.662
0.24917
0.662
0.662
0.662
0.662
0.238431
0.594258
0.662
0.176511
0.662
0.090882
0.662
0.662
0.156788
0.662
0.662
0.662
0.508366
0.445685
0.662
0.400509
0.662
0.662
0.398707
0.0698443
0.462139
0.662
0.407112
0.662
0.662
0.662
0.662
0.121433
0.114211
0.222994
0.662
0.662
0.662
0.466886
0.662
0.662
0.393221
0.662
0.430847
0.246602
0.662
0.0883409
0.662
0.662
0.15
0.662
0.662
0.662
0.662
0.662
0.32375
0.0955153
0.561949
0.437186
0.662
0.187281
0.662
0.662
0.662
0.231221
0.370458
0.662
0.662
0.662
0.662
0.156376
0.662
0.662
0.373746
0.662
0.662
0.662
0.662
0.394377
0.12946
0.662
0.00424008
0.114434
0.594738
0.351568
0.662
0.0278237
0.662
0.662
0.662
0.662
0.397769
0.662
0.191626
0.25621
0.348982
0.662
0.662
0.662
0.662
0.542744
0.662
0.0515403
0.475648
0.662
0.662
0.124575
0.311309
0.662
0.190007
0.662
0.484051
0.604945
0.662
0.133394
0.0420957
0.017271
0.087241
0.662
0.662
0.662
0.156018
0.239809
0.662
0.410918
0.662
0.411468
0.662
0.237222
0.662
0.662
0.0473191
0.662
0.200834
0.514645
0.439243
0.662
0.565435
0.662
0.662
0.662
0.114485
0.662
0.662
0.662
0.211083
0.662
0.470454
0.0248519
0.363956
0.334273
0.36289
0.662
0.137509
0.662
0.32608
0.453236
0.662
0.662
0.468207
0.133703
0.662
0.331239
0.561122
0.0278852
0.497449
0.662
0.662
0.662
0.302271
0.180785
0.406223
0.662
0.282909
0.662
0.662
0.662
0.501184
0.662
0.662
0.626769
0.255368
0.662
0.662
0.0248266
0.662
0.219605
0.662
0.662
0.662
0.662
0.480973
0.459364
0.662
0.392718
0.662
0.662
0.662
0.662
0.662
0.402284
0.662
0.383083
0.166156
0.662
0.662
0.487941
0.243819
0.662
0.662
0.32738
0.662
0.488879
0.497382
0.662
0.662
0.427232
0.662
0.662
0.189422
0.662
0.378545
0.662
0.662
0.411086
0.360557
0.662
0.000539367
0.0896484
0.332393
0.225852
0.662
0.662
0.662
0.346292
0.394607
0.0376256
0.478339
0.279627
0.308663
0.200379
0.662
0.662
0.662
0.662
0.662
0.662
0.233806
0.474377
0.662
0.662
0.662
0.153337
0.229118
0.368641
0.288494
0.662
0.468394
0.359734
0.0818343
0.205889
0.662
0.662
0.662
0.662
0.662
0.413648
0.582581
0.204517
0.13724
0.183975
0.662
0.141508
0.351008
0.15989
0.662
0.662
0.32486
0.662
0.662
0.313524
0.662
0.662
0.0958399
0.662
0.662
0.0011463
0.662
0.0352134
0.662
0.612672
0.662
0.056138
0.265211
0.147026
0.662
0.662
0.460316
0.662
0.662
0.662
0.662
0.063985
0.662
0.662
0.274927
0.164957
0.662
0.662
0.310814
0.584166
0.662
0.662
0.241318
0.662
0.662
0.25664
0.662
0.662
0.662
0.0684874
0.479838
0.355319
0.141263
0.662
0.124737
0.0427262
0.662
0.444818
0.662
0.662
0.662
0.662
0.662
0.662
0.486466
0.662
0.662
0.106101
0.403488
0.33437
0.215273
0.194905
0.207824
0.662
0.662
0.662
0.343559
0.662
0.662
0.117818
0.0551867
0.662
0.662
0.662
0.205508
0.341446
0.305621
0.662
0.308915
0.579311
0.662
0.662
0.0338234
0.282963
0.123699
0.313863
0.160596
0.458315
0.2996
0.662
0.662
0.662
0.130273
0.322281
0.210889
0.662
0.662
0.114267
0.662
0.177325
0.215242
0.662
0.321684
0.662
0.662
0.46655
0.0999279
0.662
0.662
0.220674
0.662
0.520975
0.662
0.662
0.364295
0.662
0.174912
0.662
0.662
0.662
0.662
0.186124
0.401509
0.662
0.156851
0.209717
0.662
0.662
0.662
0.307061
0.662
0.0330389
0.662
0.337994
0.662
0.662
0.413563
0.0847887
0.0352928
0.662
0.456253
0.229185
0.191071
0.662
0.361628
0.36453
0.324184
0.662
0.559774
0.662
0.662
0.662
0.662
0.662
0.662
0.0152304
0.342749
0.659884
0.662
0.662
0.250724
0.662
0.532209
0.662
0.662
0.122893
0.307341
0.662
0.0541395
0.662
0.662
0.430305
0.662
0.662
0.0330228
0.124075
0.205097
0.662
0.33391
0.238574
0.662
0.265421
0.662
0.307214
0.0537384
0.230088
0.396117
0.662
0.130086
0.662
0.662
0.393157
0.0520369
0.662
0.662
0.227272
0.662
0.662
0.662
0.0647943
0.302054
0.662
0.662
0.662
0.463942
0.662
0.0523413
0.0302144
0.210722
0.422255
0.662
0.662
0.172209
0.662
0.662
0.0544821
0.662
0.662
0.662
0.662
0.565122
0.662
0.219166
0.142729
0.662
0.131617
0.0562779
0.662
0.536961
0.662
0.662
0.662
0.107905
0.662
0.662
0.460849
0.413359
0.150422
0.0913496
0.459899
0.370505
0.662
0.662
0.662
0.662
0.456462
0.662
0.662
0.662
0.356819
0.0801224
0.265136
0.662
0.17474
0.662
0.662
0.662
0.662
0.662
0.662
0.350902
0.662
0.383963
0.146756
0.662
0.424534
0.226581
0.662
0.662
0.359594
0.662
0.330912
0.662
0.474569
0.662
0.662
0.662
0.381698
0.662
0.308227
0.608661
0.662
0.662
0.38172
0.209381
0.184974
0.662
0.662
0.27813
0.0344027
0.662
0.242724
0.467653
0.360596
0.662
0.171352
0.662
0.274991
0.662
0.110786
0.124104
0.32236
0.662
0.662
0.0908132
0.403508
0.366914
0.263353
0.257948
0.531981
0.293094
0.239557
0.0816305
0.100407
0.662
0.345249
0.26758
0.120369
0.589652
0.301092
0.312368
0.380421
0.426043
0.0144773
0.662
0.662
0.0686567
0.662
0.662
0.662
0.662
0.321219
0.662
0.302063
0.662
0.3999
0.0027024
0.662
0.662
0.662
0.369818
0.662
0.235695
0.116513
0.662
0.112167
0.662
0.244521
0.0434635
0.662
0.662
0.662
0.662
0.343714
0.662
0.234952
0.662
0.198746
0.662
0.662
0.374651
0.282087
0.501425
0.662
0.662
0.0850212
0.0904747
0.662
0.176676
0.432766
0.366354
0.662
0.662
0.379025
0.454475
0.662
0.662
0.162557
0.434405
0.662
0.662
0.662
0.662
0.662
0.0541667
0.662
0.662
0.26154
0.662
0.662
0.297237
0.260369
0.191815
0.28175
0.662
0.662
0.483204
0.300508
0.0140175
0.421701
0.415138
0.12624
0.186544
0.283857
0.31867
0.0127603
0.373655
0.662
0.482792
0.0398173
0.0994355
0.662
0.662
0.662
0.662
0.0530485
0.662
0.662
0.662
0.412921
0.662
0.662
0.1991
0.662
0.662
0.490956
0.224909
0.144397
0.141617
0.662
0.355043
0.0960563
0.0420707
0.662
0.662
0.662
0.662
0.662
0.300781
0.0970177
0.662
0.662
0.00119928
0.191677
0.662
0.662
0.162547
0.623933
0.276038
0.447288
0.662
0.662
0.662
0.662
0.140323
0.224088
0.662
0.207983
0.077848
0.662
0.031193
0.662
0.653727
0.457646
0.662
0.335727
0.662
0.0611394
0.288362
0.24364
0.330428
0.662
0.305833
0.662
0.662
0.662
0.197373
0.662
0.662
0.662
0.662
0.662
0.662
0.662
0.662
0.456308
0.662
0.662
0.662
0.662
0.218486
0.662
0.0897809
0.103179
0.404862
0.411361
0.662
0.00738378
0.662
0.261656
0.662
0.662
0.662
0.161225
0.144805
0.662
0.0370654
0.662
0.046605
0.324406
0.147751
0.0967152
0.662
0.662
0.21987
0.233432
0.13435
0.27504
0.662
0.136957
0.662
0.199287
0.204971
0.662
0.662
0.251186
0.662
0.662
0.0281591
0.662
0.662
0.662
0.0229341
0.0784716
0.662
0.662
0.402804
0.662
0.106169
0.662
0.455035
0.662
0.551491
0.359957
0.095032
0.306778
0.631539
0.662
0.662
0.662
0.662
0.416732
0.662
0.474332
0.13893
0.662
0.580477
0.292276
0.0426402
0.218944
0.662
0.662
0.435056
0.662
0.662
0.338546
0.662
0.290339
0.406465
0.662
0.0199167
0.160714
0.662
0.648245
0.387986
0.662
0.662
0.662
0.662
0.662
0.0125117
0.662
0.0615112
0.136394
0.662
0.346173
0.662
0.135304
0.246481
0.395606
0.662
0.662
0.375779
0.662
0.662
0.307024
0.662
0.420187
0.662
0.662
0.654845
0.662
0.662
0.662
0.346466
0.647738
0.662
0.00277038
0.145361
0.43834
0.301409
0.662
0.662
0.45025
0.405235
0.383539
0.662
0.662
0.662
0.454683
0.373477
0.662
0.386617
0.662
0.662
0.662
0.662
0.662
0.0532385
0.662
0.662
0.662
0.473243
0.0574381
0.662
0.424621
0.611947
0.662
0.28147
0.662
0.0571056
0.0125259
0.662
0.613049
0.508228
0.662
0.317463
0.662
0.662
0.322625
0.420699
0.477612
0.148799
0.662
0.662
0.22426
0.63123
0.396595
0.347419
0.347656
0.440924
0.25497
0.388415
0.0930822
0.662
0.662
0.662
0.662
0.662
0.37511
0.219824
0.425903
0.662
0.662
0.243928
0.662
0.184722
0.662
0.102791
0.662
0.080107
0.342408
0.296678
0.662
0.662
0.662
0.662
0.0925983
0.22437
0.310293
0.357493
0.662
0.662
0.662
0.662
0.662
0.662
0.0447567
0.662
0.371284
0.662
0.662
0.662
0.407122
0.0112086
0.00137021
0.662
0.0787758
0.114562
0.376522
0.464773
0.455056
0.315148
0.513537
0.662
0.399937
0.662
0.662
0.471912
0.662
0.364016
0.206124
0.662
0.0744627
0.662
0.662
0.557795
0.662
0.662
0.162679
0.357823
0.662
0.403566
0.300143
0.145869
0.293769
0.24861
0.234885
0.662
0.164284
0.662
0.130722
0.507197
0.662
0.662
0.662
0.400946
0.346527
0.662
0.454976
0.314564
0.0868061
0.662
0.163213
0.430738
0.293155
0.169819
0.0434752
0.662
0.100401
0.116326
0.43646
0.662
0.378635
0.0515202
0.662
0.662
0.453735
0.199901
0.662
0.662
0.662
0.121892
0.0133375
0.37825
0.187487
0.453062
0.662
0.396091
0.662
0.136371
0.0792949
0.662
0.15751
0.662
0.0208692
0.662
0.662
0.662
0.662
0.47556
0.662
0.0169594
0.183371
0.662
0.451965
0.016237
0.454844
0.662
0.662
0.662
0.605509
0.315265
0.423127
0.242067
0.359944
0.662
0.235827
0.662
0.662
0.371178
0.518575
0.662
0.237916
0.0541605
0.662
0.248597
0.212152
0.662
0.380039
0.662
0.662
0.662
0.412038
0.0820493
0.662
0.439961
0.662
0.662
0.662
0.662
0.662
0.662
0.21084
0.662
0.00508695
0.662
0.371665
0.186084
0.602089
0.122207
0.0999286
0.662
0.514424
0.112842
0.455545
0.662
0.430128
0.202783
0.662
0.662
0.189771
0.305247
0.468526
0.662
0.662
0.432625
0.0158547
0.420156
0.16281
0.119858
0.0886203
0.222443
0.662
0.153278
0.194264
0.662
0.662
0.327302
0.435379
0.662
0.662
0.662
0.662
0.643794
0.463219
0.662
0.662
0.662
0.270705
0.354424
0.224208
0.662
0.266877
0.240421
0.662
0.504186
0.662
0.345164
0.335568
0.165692
0.662
0.213056
0.0224153
0.0216438
0.662
0.58433
0.0351289
0.493107
0.00696191
0.212921
0.662
0.387879
0.027638
0.426571
0.250913
0.384585
0.662
0.662
0.662
0.423488
0.466888
0.193198
0.662
0.662
0.609384
0.662
0.307822
0.457257
0.54934
0.662
0.435732
0.327385
0.662
0.161594
0.662
0.662
0.441222
0.642167
0.444055
0.662
0.662
0.662
0.404751
0.662
0.662
0.662
0.439429
0.662
0.0933119
0.662
0.662
0.662
0.534845
0.662
0.662
0.385696
0.662
0.662
0.662
0.222083
0.506941
0.0523656
0.662
0.662
0.662
0.662
0.242178
0.662
0.360338
0.662
0.662
0.662
0.466375
0.662
0.0122289
0.1211
0.662
0.594595
0.574399
0.662
0.0745523
0.662
0.662
0.441611
0.662
0.114107
0.662
0.229856
0.662
0.467729
0.0579222
0.237259
0.0381005
0.662
0.298389
0.235661
0.662
0.487668
0.476945
0.662
0.662
0.0786905
0.662
0.421122
0.234997
0.537576
0.662
0.380042
0.433931
0.0465933
0.662
0.397547
0.236557
0.662
0.11231
0.662
0.662
0.662
0.662
0.662
0.662
0.0564945
0.662
0.157541
0.662
0.662
0.662
0.115698
0.662
0.47743
0.662
0.297289
0.1738
0.662
0.409105
0.190418
0.662
0.662
0.662
0.662
0.662
0.662
0.662
0.662
0.454847
0.301802
0.662
0.35863
0.662
0.511721
0.662
0.128987
0.662
0.0430802
0.424193
0.662
0.168357
0.297422
0.503026
0.248861
0.53317
0.662
0.662
0.0233081
0.662
0.662
0.421996
0.662
0.429294
0.662
0.662
0.440142
0.202518
0.662
0.370268
0.662
0.662
0.662
0.662
0.662
0.662
0.359016
0.662
0.662
0.662
0.0837832
0.297893
0.662
0.397064
0.168207
0.662
0.429013
0.662
0.0653124
0.130386
0.662
0.0365578
0.662
0.531826
0.167257
0.662
0.647687
0.181862
0.312238
0.662
0.399122
0.662
0.662
0.00322178
0.401215
0.662
0.662
0.395633
0.455294
0.662
0.416609
0.662
0.103217
0.662
0.662
0.662
0.662
0.249489
0.00641321
0.662
0.132364
0.662
0.662
0.662
0.662
0.662
0.226876
0.283704
0.662
0.662
0.50001
0.232121
0.451701
0.662
0.472248
0.662
0.662
0.204386
0.662
0.662
0.396357
0.662
0.00798041
0.434611
0.190515
0.662
0.390613
0.662
0.0719108
0.662
0.410078
0.662
0.662
0.461669
0.662
0.067783
0.377464
0.662
0.662
0.662
0.315743
0.662
0.662
0.389542
0.662
0.0534237
0.303428
0.662
0.662
0.389317
0.0651075
0.0649437
0.261453
0.561887
0.386845
0.662
0.475671
0.396376
0.191259
0.195088
0.243048
0.662
0.662
0.662
0.662
0.140172
0.259454
0.662
0.662
0.662
0.229891
0.0667289
0.662
0.0452037
0.662
0.662
0.662
0.662
0.662
0.463659
0.662
0.0162413
0.662
0.662
0.236011
0.662
0.662
0.662
0.662
0.112905
0.662
0.386183
0.662
0.161536
0.662
0.516389
0.0925554
0.662
0.25893
0.607665
0.662
0.662
0.662
0.215089
0.662
0.662
0.662
0.45507
0.662
0.00927726
0.662
0.266932
0.278466
0.662
0.158483
0.662
0.662
0.662
0.0524393
0.662
0.128713
0.662
0.662
0.441627
0.470258
0.662
0.662
0.0446794
0.398848
0.662
0.168838
0.394569
0.356045
0.662
0.285444
0.662
0.662
0.232944
0.257617
0.0842498
0.396793
0.265299
0.254517
0.0441417
0.375249
0.662
0.589806
0.442676
0.662
0.0169019
0.662
0.662
0.662
0.172805
0.662
0.108505
0.325446
0.420129
0.173768
0.662
0.233669
0.662
0.662
0.270568
0.662
0.662
0.662
0.423579
0.213015
0.000378987
0.662
0.165183
0.662
0.662
0.662
0.662
0.150136
0.662
0.662
0.132484
0.302546
0.662
0.662
0.662
0.662
0.662
0.16688
0.662
0.484821
0.0101135
0.456626
0.662
0.481534
0.662
0.244345
0.662
0.042235
0.662
0.132949
0.662
0.30297
0.262103
0.0538817
0.662
0.163878
0.662
0.419305
0.0295314
0.662
0.0728721
0.662
0.662
0.662
0.662
0.292652
0.662
0.142087
0.662
0.331645
0.236145
0.584868
0.662
0.662
0.662
0.359277
0.662
0.662
0.204979
0.662
0.662
0.434537
0.662
0.172651
0.662
0.662
0.662
0.662
0.440312
0.162125
0.662
0.328435
0.195239
0.662
0.391444
0.220536
0.662
0.662
0.239823
0.662
0.662
0.662
0.662
0.662
0.662
0.662
0.232913
0.283171
0.662
0.662
0.662
0.0211326
0.589069
0.662
0.662
0.458962
0.433605
0.223636
0.662
0.065564
0.142162
0.662
0.429642
0.396545
0.662
0.0831059
0.452104
0.151726
0.662
0.662
0.662
0.142454
0.234734
0.462386
0.0849132
0.662
0.662
0.117234
0.662
0.662
0.662
0.273098
0.662
0.662
0.662
0.662
0.662
0.473233
0.0927971
0.662
0.174433
0.662
0.178715
0.0573643
0.662
0.234912
0.43153
0.377338
0.662
0.0859819
0.662
0.24836
0.00198809
0.42267
0.662
0.468097
0.662
0.469114
0.123188
0.662
0.662
0.662
0.375863
0.662
0.662
0.662
0.662
0.0457579
0.0862685
0.662
0.662
0.662
0.0736094
0.662
0.454728
0.460516
0.375216
0.139034
0.662
0.662
0.662
0.503054
0.662
0.662
0.32252
0.293052
0.432877
0.662
0.210769
0.662
0.662
0.662
0.662
0.662
0.271281
0.662
0.144385
0.662
0.662
0.662
0.662
0.662
0.662
0.662
0.0739146
0.662
0.662
0.662
0.662
0.662
0.0910313
0.662
0.662
0.199803
0.662
0.662
0.497359
0.224984
0.473232
0.386229
0.416433
0.662
0.662
0.486581
0.329286
0.662
0.662
0.47176
0.154501
0.203366
0.662
0.662
0.451587
0.662
0.102013
0.110667
0.662
0.100862
0.485147
0.0310307
0.662
0.610171
0.281098
0.662
0.662
0.662
0.336698
0.662
0.132474
0.662
0.184621
0.467654
0.662
0.251637
0.662
0.113276
0.349637
0.363786
0.0227345
0.285795
0.662
0.242838
0.403014
0.662
0.662
0.36447
0.662
0.662
0.662
0.662
0.662
0.662
0.662
0.159613
0.662
0.662
0.662
0.662
0.332563
0.446161
0.466678
0.408017
0.662
0.243244
0.662
0.662
0.261226
0.115296
0.662
0.662
0.225671
0.662
0.149094
0.662
0.461971
0.380021
0.662
0.662
0.475223
0.662
0.44663
0.0703675
0.662
0.250249
0.662
0.0861721
0.662
0.0153665
0.662
0.662
0.662
0.501896
0.186819
0.146821
0.662
0.180407
0.00302545
0.662
0.662
0.470084
0.662
0.410409
0.395927
0.223216
0.188429
0.662
0.0817979
0.662
0.282911
0.453576
0.662
0.419824
0.662
0.45294
0.0254979
0.662
0.0128629
0.662
0.662
0.662
0.469101
0.325506
0.0942959
0.662
0.662
0.662
0.662
0.662
0.271261
0.662
0.662
0.662
0.662
0.662
0.662
0.414777
0.39163
0.662
0.0747306
0.326292
0.303875
0.393159
0.662
0.362051
0.662
0.386591
0.370365
0.466771
0.662
0.662
0.662
0.662
0.662
0.402746
0.0496935
0.128761
0.432647
0.288145
0.162762
0.118394
0.248073
0.662
0.0777663
0.0880197
0.662
0.662
0.662
0.662
0.127404
0.662
0.662
0.662
0.377971
0.6195
0.662
0.662
0.206568
0.285963
0.662
0.662
0.662
0.662
0.662
0.662
0.662
0.662
0.662
0.375233
0.662
0.0178465
0.662
0.302671
0.226434
0.662
0.245365
0.662
0.0590288
0.263932
0.662
0.336385
0.153087
0.161689
0.444317
0.349156
0.446928
0.662
0.00658531
0.0854254
0.662
0.108278
0.126565
0.0986163
0.40159
0.662
0.0653067
0.662
0.0525338
0.30705
0.662
0.662
0.662
0.585461
0.397167
0.662
0.662
0.00512566
0.662
0.662
0.464056
0.662
0.662
0.662
0.662
0.662
0.662
0.662
0.409748
0.147496
0.662
0.25689
0.467055
0.662
0.221328
0.493357
0.662
0.662
0.184206
0.662
0.409091
0.662
0.388476
0.33466
0.150609
0.206597
0.662
0.319533
0.124248
0.433913
0.662
0.313603
0.331536
0.662
0.250528
0.481925
0.662
0.662
0.151492
0.431107
0.662
0.662
0.0135303
0.314599
0.662
0.662
0.0956295
0.662
0.0716151
0.416323
0.221183
0.392605
0.662
0.662
0.662
0.601923
0.662
0.341892
0.496104
0.084041
0.662
0.342666
0.368971
0.662
0.662
0.33888
0.234703
0.662
0.126325
0.0740187
0.300463
0.662
0.662
0.662
0.662
0.662
0.294884
0.662
0.313806
0.177818
0.297641
0.662
0.662
0.662
0.455964
0.662
0.662
0.484126
0.662
0.0933307
0.255704
0.662
0.374669
0.226799
0.290743
0.211696
0.662
0.156896
0.27233
0.0423647
0.368934
0.662
0.465998
0.662
0.0225433
0.662
0.662
0.470263
0.369247
0.161118
0.662
0.662
0.259841
0.429299
0.394658
0.662
0.130195
0.662
0.353968
0.466837
0.480314
0.662
0.662
0.435881
0.662
0.662
0.662
0.662
0.0484892
0.348504
0.662
0.662
0.0683045
0.463664
0.662
0.107028
0.662
0.662
0.662
0.662
0.287022
0.662
0.662
0.662
0.662
0.662
0.385549
0.423214
0.662
0.662
0.143365
0.662
0.260911
0.0948114
0.302968
0.196109
0.662
0.662
0.662
0.662
0.21302
0.168441
0.662
0.662
0.662
0.276621
0.00811754
0.662
0.662
0.259518
0.662
0.662
0.662
0.463488
0.20661
0.140478
0.2219
0.27337
0.322935
0.196805
0.589364
0.662
0.0310502
0.662
0.662
0.156099
0.662
0.0535707
0.662
0.662
0.35517
0.662
0.662
0.0131015
0.319644
0.128828
0.662
0.662
0.662
0.248508
