0.662
0.453929
0.0127423
0.165807
0.247948
0.431798
0.0568022
0.102233
0.662
0.457527
0.314495
0.217879
0.309293
0.662
0.662
0.466902
0.662
0.662
0.264378
0.662
0.662
0.300875
0.141889
0.422185
0.662
0.662
0.629871
0.662
0.376344
0.662
0.662
0.212519
0.662
0.489694
0.00498307
0.251265
0.662
0.458805
0.38763
0.439474
0.340711
0.40445
0.396998
0.383278
0.319862
0.0871228
0.104937
0.189321
0.174032
0.662
0.0882252
0.222552
0.473435
0.292929
0.662
0.662
0.662
0.225171
0.662
0.137569
0.662
0.662
0.662
0.662
0.662
0.662
0.144539
0.0433901
0.662
0.662
0.662
0.410971
0.662
0.662
0.662
0.203072
0.54141
0.662
0.0155925
0.516955
0.662
0.611795
0.662
0.488993
0.120001
0.662
0.662
0.384786
0.662
0.346937
0.522947
0.662
0.0175381
0.662
0.662
0.662
0.608509
0.662
0.0129708
0.662
0.662
0.336569
0.662
0.662
0.493538
0.252176
0.466298
0.21008
0.662
0.375534
0.662
0.662
0.662
0.369008
0.359529
0.291788
0.0817147
0.662
0.662
0.371352
0.662
0.268232
0.649461
0.662
0.662
0.662
0.662
0.662
0.40413
0.662
0.662
0.367783
0.662
0.662
0.662
0.0572873
0.662
0.662
0.662
0.465269
0.662
0.662
0.0132024
0.662
0.380415
0.662
0.662
0.374278
0.662
0.354367
0.110446
0.360158
0.662
0.0769059
0.388711
0.662
0.662
0.374329
0.662
0.662
0.662
0.662
0.180948
0.473578
0.406698
0.0363356
0.298461
0.40716
0.250512
0.662
0.662
0.0572022
0.662
0.662
0.662
0.662
0.662
0.662
0.40593
0.286438
0.0571613
0.158181
0.662
0.301693
0.521667
0.474006
0.662
0.662
0.00126125
0.662
0.536011
0.662
0.662
0.662
0.131559
0.662
0.662
0.662
0.0645052
0.662
0.662
0.144515
0.662
0.662
0.662
0.0264485
0.366987
0.662
0.599254
0.662
0.662
0.662
0.662
0.166493
0.452907
0.42256
0.662
0.441334
0.297388
0.662
0.187112
0.298518
0.303979
0.331631
0.662
0.662
0.0695116
0.381041
0.057531
0.662
0.0629311
0.270196
0.662
0.380943
0.196979
0.0237205
0.662
0.566888
0.662
0.210764
0.662
0.662
0.266799
0.233319
0.415214
0.383784
0.0335866
0.271697
0.0216024
0.662
0.15054
0.662
0.0138252
0.260791
0.662
0.358809
0.12147
0.248414
0.0447935
0.662
0.662
0.662
0.45143
0.28477
0.662
0.662
0.662
0.662
0.662
0.3653
0.662
0.189202
0.662
0.182386
0.295875
0.662
0.662
0.662
0.662
0.662
0.417969
0.662
0.662
0.348964
0.662
0.662
0.469509
0.0115108
0.0837986
0.662
0.213425
0.662
0.344871
0.213541
0.484833
0.511656
0.662
0.0571454
0.0447987
0.662
0.374461
0.0991688
0.424299
0.0776708
0.207648
0.223391
0.662
0.37286
0.300878
0.662
0.331508
0.662
0.662
0.662
0.662
0.662
0.0792192
0.662
0.0851466
0.662
0.662
0.662
0.35037
0.662
0.662
0.662
0.458299
0.662
0.35202
0.662
0.375766
0.662
0.662
0.0314798
0.662
0.662
0.662
0.072411
0.662
0.011737
0.662
0.662
0.0614428
0.662
0.094345
0.400133
0.662
0.662
0.662
0.662
0.662
0.474994
0.507792
0.296334
0.662
0.662
0.662
0.234402
0.330375
0.29158
0.662
0.662
0.244081
0.380486
0.662
0.662
0.662
0.287202
0.298507
0.175272
0.662
0.662
0.125634
0.226176
0.411295
0.141191
0.662
0.0329233
0.303678
0.662
0.408252
0.662
0.662
0.662
0.0991851
0.662
0.42624
0.267139
0.662
0.167098
0.662
0.330038
0.319548
0.543572
0.385548
0.461164
0.30321
0.662
0.391542
0.28098
0.662
0.662
0.449701
0.157988
0.0331105
0.662
0.662
0.662
0.662
0.662
0.662
0.172894
0.136801
0.662
0.129381
0.662
0.662
0.662
0.206473
0.662
0.372953
0.662
0.279254
0.0985327
0.0972362
0.662
0.662
0.0335272
0.662
0.45986
0.662
0.662
0.662
0.662
0.662
0.208358
0.365712
0.662
0.662
0.000910427
0.662
0.662
0.597215
0.662
0.662
0.662
0.5501
0.662
0.123953
0.164455
0.426282
0.255534
0.0556485
0.460048
0.662
0.662
0.033025
0.662
0.662
0.135167
0.200862
0.127346
0.662
0.436442
0.662
0.662
0.380791
0.42086
0.662
0.164956
0.326576
0.662
0.23917
0.662
0.374659
0.120335
0.355898
0.176576
0.401963
0.605922
0.108767
0.662
0.662
0.133543
0.662
0.192697
0.348262
0.662
0.228861
0.662
0.10215
0.408944
0.498414
0.236847
0.662
0.134334
0.327998
0.662
0.204787
0.662
0.662
0.662
0.171001
0.0868978
0.058909
0.0176979
0.662
0.170428
0.662
0.662
0.662
0.180043
0.35363
0.662
0.662
0.200617
0.319308
0.185959
0.278632
0.442945
0.662
0.398287
0.662
0.662
0.662
0.00495872
0.662
0.465414
0.316873
0.662
0.174782
0.424236
0.662
0.277833
0.662
0.358715
0.208631
0.662
0.662
0.482348
0.662
0.468658
0.330585
0.662
0.662
0.406865
0.662
0.662
0.213737
0.0503322
0.0427466
0.662
0.390994
0.662
0.42468
0.449205
0.57623
0.0783025
0.0852845
0.662
0.275396
0.662
0.662
0.662
0.28005
0.662
0.662
0.219615
0.662
0.662
0.662
0.662
0.662
0.307353
0.662
0.286749
0.354666
0.662
0.162529
0.294958
0.662
0.455579
0.662
0.0668354
0.662
0.208397
0.523372
0.239692
0.143394
0.662
0.4098
0.343509
0.164614
0.662
0.662
0.112686
0.662
0.662
0.267208
0.190231
0.662
0.379845
0.662
0.662
0.119363
0.368359
0.662
0.662
0.173422
0.362985
0.512649
0.662
0.662
0.662
0.436373
0.398775
0.0420307
0.662
0.662
0.471432
0.0608367
0.662
0.662
0.662
0.662
0.662
0.0826912
0.662
0.662
0.0799571
0.662
0.662
0.662
0.662
0.458496
0.363253
0.0719441
0.318235
0.662
0.662
0.662
0.662
0.331235
0.662
0.662
0.289612
0.397889
0.151461
0.448287
0.275503
0.399594
0.299594
0.325853
0.662
0.225287
0.0630022
0.662
0.662
0.662
0.662
0.221685
0.662
0.269001
0.484401
0.341351
0.662
0.662
0.662
0.662
0.0724009
0.662
0.662
0.0475012
0.0659966
0.0579542
0.168201
0.0146844
0.230941
0.269755
0.662
0.118885
0.551908
0.0616687
0.662
0.154838
0.662
0.534125
0.348519
0.662
0.662
0.662
0.662
