0.118695
0.166954
0.662
0.0722117
0.662
0.0586249
0.0572229
0.0455346
0.0652459
0.662
0.0516131
0.542279
0.231295
0.662
0.368198
0.662
0.662
0.662
0.0809814
0.396271
0.662
0.468066
0.662
0.148743
0.165804
0.400799
0.662
0.0924942
0.662
0.662
0.229384
0.116862
0.662
0.423948
0.662
0.19134
0.539378
0.340104
0.662
0.00227191
0.152294
0.662
0.110941
0.662
0.288803
0.441441
0.00154725
0.662
0.662
0.419155
0.662
0.662
0.662
0.490282
0.662
0.662
0.460487
0.662
0.403318
0.0203419
0.54885
0.389771
0.662
0.352024
0.275104
0.662
0.662
0.662
0.362296
0.0408671
0.662
0.171141
0.662
0.662
0.122044
0.24247
0.662
0.236847
0.662
0.565617
0.603302
0.380661
0.258393
0.344865
0.662
0.500344
0.662
0.0626619
0.36281
0.662
0.405456
0.308499
0.662
0.662
0.662
0.662
0.148366
0.0363356
0.355995
0.662
0.0438411
0.662
0.662
0.662
0.492053
0.662
0.662
0.432769
0.0659194
0.325
0.310558
0.662
0.662
0.510613
0.21764
0.662
0.210763
0.662
0.662
0.662
0.662
0.662
0.194672
0.027195
0.308366
0.662
0.662
0.406001
0.662
0.662
0.662
0.517962
0.358349
0.243333
0.232212
0.18849
0.35671
0.662
0.423595
0.432515
0.260501
0.662
0.662
0.662
0.519112
0.617016
0.662
0.119966
0.245806
0.610231
0.662
0.56808
0.662
0.197454
0.422825
0.662
0.662
0.0763539
0.0869181
0.129215
0.662
0.662
0.662
0.662
0.405101
0.165679
0.640382
0.0954143
0.074526
0.662
0.662
0.381153
0.170097
0.141308
0.662
0.304114
0.662
0.662
0.662
0.662
0.662
0.662
0.662
0.662
0.662
0.662
0.662
0.662
0.62897
0.0815354
0.662
0.21022
0.662
0.662
0.512569
0.662
0.190088
0.662
0.350835
0.662
0.600074
0.494619
0.187591
0.662
0.423675
0.662
0.338708
0.662
0.662
0.044265
0.662
0.662
0.450683
0.0759379
0.662
0.129992
0.662
0.662
0.206653
0.662
0.662
0.662
0.618485
0.662
0.662
0.662
0.662
0.0693997
0.326777
0.662
0.223527
0.662
0.662
0.662
0.193997
0.662
0.662
0.155631
0.233702
0.210439
0.662
0.662
0.662
0.177872
0.662
0.662
0.662
0.662
0.662
0.211483
0.242176
0.349444
0.662
0.662
0.250431
0.662
0.662
0.662
0.662
0.662
0.325412
0.0168996
0.662
0.662
0.662
0.511207
0.662
0.135167
0.467756
0.662
0.662
0.662
0.443307
0.122431
0.662
0.109107
0.226176
0.662
0.118885
0.0158122
0.662
0.662
0.420548
0.0159187
0.662
0.16887
0.110221
0.277513
0.662
0.662
0.120095
0.662
0.0764723
0.662
0.662
0.662
0.662
0.469423
0.662
0.662
0.662
0.0535507
0.662
0.662
0.169807
0.662
0.662
0.262637
0.662
0.324571
0.291788
0.249314
0.662
0.662
0.36177
0.182442
0.662
0.662
0.274634
0.344295
0.0606938
0.662
0.36521
0.354078
0.409276
0.466283
0.0576711
0.662
0.662
0.101236
0.662
0.015495
0.467335
0.662
0.0944209
0.662
0.662
0.201607
0.373068
0.662
0.662
0.662
0.662
0.662
0.662
0.662
0.308906
0.210547
0.662
0.662
0.652432
0.139291
0.063687
0.000768316
0.662
0.313614
0.662
0.662
0.186457
0.662
0.662
0.662
0.662
0.662
0.662
0.662
0.662
0.662
0.662
0.51581
0.662
0.393492
0.183258
0.662
0.662
0.465473
0.662
0.662
0.0129883
0.662
0.286025
0.459269
0.377543
0.662
0.31213
0.662
0.662
0.662
0.303078
0.662
0.298957
0.265566
0.46796
0.0446151
0.662
0.298557
0.32015
0.561932
0.134828
0.662
0.275764
0.119563
0.436629
0.662
0.517912
0.662
0.662
0.662
0.110529
0.399432
0.0431126
0.210915
0.12758
0.0793435
0.583112
0.662
0.662
0.347157
0.662
0.662
0.0988965
0.662
0.662
0.472969
0.662
0.662
0.662
0.420856
0.662
0.0792247
0.240513
0.662
0.662
0.662
0.148357
0.147117
0.467165
0.17029
0.662
0.116251
0.211038
0.494523
0.662
0.662
0.662
0.472073
0.662
0.662
0.0763523
0.435721
0.102093
0.325941
0.662
0.299025
0.424428
0.662
0.0932625
0.257148
0.662
0.662
0.662
0.321602
0.662
0.592971
0.662
0.662
0.662
0.662
0.0139198
0.662
0.662
0.662
0.0660914
0.319499
0.0997875
0.395536
0.431039
0.562806
0.0242363
0.662
0.662
0.287202
0.662
0.204746
0.662
0.434239
0.662
0.662
0.364145
0.433591
0.662
0.662
0.175678
0.208596
0.426002
0.662
0.493073
0.136167
0.48528
0.662
0.595888
0.662
0.380933
0.195637
0.545159
0.662
0.118427
0.443712
0.662
0.369932
0.662
0.662
0.463851
0.662
0.476328
0.662
0.662
0.240855
0.662
0.662
0.494188
0.662
0.662
0.662
0.662
0.244292
0.164094
0.540522
0.0213526
0.166865
0.662
0.662
0.662
0.180161
0.662
0.610287
0.662
0.662
0.662
0.662
0.419625
0.662
0.662
0.662
0.662
0.0918691
0.0264485
0.175356
0.662
0.234325
0.662
0.662
0.662
0.662
0.662
0.662
0.662
0.662
0.662
0.201798
0.479888
0.215362
0.662
0.662
0.16208
0.153477
0.662
0.662
0.662
0.432718
0.662
0.662
0.00445846
0.523741
0.662
0.662
0.662
0.0282545
0.662
0.662
0.662
0.662
0.662
0.151466
0.662
0.376118
0.229287
0.662
0.662
0.662
0.662
0.662
0.051823
0.307174
0.0979003
0.662
0.0876131
0.662
0.662
0.662
0.0635682
0.146944
0.0313497
0.662
0.662
0.662
0.264507
0.531935
0.0825548
0.662
0.662
0.662
0.378679
0.662
0.662
0.662
0.163368
0.662
0.662
0.662
0.662
0.662
0.350523
0.290588
0.151001
0.662
0.662
0.57272
0.662
0.363396
0.662
0.662
0.662
0.380714
0.662
0.662
0.45284
0.171598
0.662
0.662
0.155556
0.257214
0.662
0.662
0.662
0.662
0.20439
0.395962
0.287061
0.456013
0.662
0.662
0.0745942
0.150967
0.662
0.662
0.0722435
0.662
0.303361
0.662
0.0964465
0.398744
0.662
0.352608
0.662
0.200116
0.39108
0.662
0.662
0.0647978
0.662
0.662
0.250523
0.431041
0.438546
0.662
0.464668
0.223528
0.283417
0.0843089
0.652565
0.225585
0.182915
0.184791
0.662
0.662
0.125462
0.387237
0.662
0.094676
0.662
0.4157
0.662
0.662
0.662
0.662
0.281459
0.491471
0.233848
0.397622
0.662
0.31119
0.469921
0.425982
0.475522
0.409133
0.662
0.294339
0.00668458
0.0391775
0.187216
0.662
0.319002
0.17076
0.0115133
0.662
0.220603
0.662
0.662
0.428154
0.116453
0.25561
0.0036208
0.662
0.118074
0.23472
0.348711
0.374207
0.662
0.662
0.347652
0.461176
0.662
0.662
0.423152
0.662
0.662
0.662
0.256686
0.212577
0.0521366
0.147295
0.373047
0.662
0.235977
0.662
0.662
0.0652897
0.633391
0.0644507
0.662
0.377783
0.662
0.662
0.662
0.0256257
0.325011
0.662
0.662
0.488154
0.394593
0.662
0.662
0.662
0.662
0.189787
0.353565
0.310917
0.345174
0.662
0.662
0.662
0.360955
0.408891
0.318285
0.100343
0.134961
0.662
0.662
0.662
0.455379
0.662
0.0244537
0.662
0.389449
0.662
0.0438571
0.662
0.289931
0.290815
0.385615
0.662
0.662
0.251297
0.662
0.165172
0.321722
0.259315
0.0186086
0.662
0.0930919
0.332069
0.360011
0.662
0.153104
0.662
0.125449
0.336946
0.662
0.662
0.662
0.662
0.662
0.271396
0.470108
0.186847
0.148173
0.662
0.135103
0.112323
0.629185
0.662
0.662
0.454563
0.163787
0.662
0.662
0.662
0.0689819
0.662
0.299194
0.662
0.662
0.0332781
0.00131973
0.662
0.456901
0.662
0.662
0.662
0.662
0.662
0.662
0.392585
0.225287
0.430057
0.662
0.303121
0.662
0.397142
0.662
0.294286
0.578034
0.0862655
0.662
0.662
0.375117
0.225792
0.662
0.662
0.043661
0.256649
0.662
0.662
0.662
0.0450436
0.662
0.662
0.225763
0.084838
0.662
0.597911
0.662
0.22133
0.278254
0.662
0.457276
0.662
0.662
0.156774
0.662
0.118372
0.302527
0.128114
0.662
0.662
0.662
0.186235
0.662
0.662
0.436112
0.662
0.662
0.279554
0.662
0.662
0.355812
0.662
0.394135
0.662
0.662
0.372858
0.662
0.662
0.662
0.526635
0.4047
0.662
0.405281
0.0252369
0.662
