0.662
0.662
0.0871442
0.205758
0.14791
0.662
0.326586
0.662
0.200562
0.468444
0.469355
0.662
0.515459
0.19216
0.662
0.117912
0.662
0.662
0.570681
0.157905
0.662
0.662
0.162027
0.204226
0.289231
0.662
0.257575
0.662
0.662
0.662
0.0845208
0.499121
0.232724
0.662
0.222926
0.198224
0.111172
0.662
0.662
0.330815
0.298026
0.500527
0.32528
0.392177
0.662
0.122766
0.485711
0.36268
0.662
0.460546
0.662
0.252965
0.0467623
0.662
0.0168864
0.322755
0.341357
0.184278
0.662
0.403792
0.520961
0.662
0.375165
0.653318
0.662
0.662
0.11782
0.476757
0.175942
0.662
0.495649
0.305546
0.662
0.273671
0.662
0.662
0.662
0.662
0.0954375
0.662
0.662
0.214257
0.662
0.662
0.235747
0.362163
0.662
0.609027
0.0599218
0.0828272
0.662
0.328012
0.0419735
0.425568
0.449266
0.662
0.662
0.662
0.662
0.333218
0.368422
0.662
0.662
0.662
0.128017
0.662
0.662
0.0181553
0.366705
0.154991
0.662
0.15643
0.662
0.662
0.662
0.662
0.652732
0.441996
0.662
0.662
0.1103
0.662
0.289992
0.662
0.283182
0.228677
0.455685
0.662
0.286553
0.182099
0.662
0.662
0.530705
0.0812966
0.00531876
0.191979
0.176816
0.662
0.662
0.291368
0.662
0.412125
0.662
0.203523
0.221098
0.662
0.662
0.182372
0.0276142
0.662
0.000563044
0.185576
0.662
0.145309
0.118187
0.00278841
0.314582
0.662
0.662
0.662
0.662
0.662
0.409197
0.662
0.443463
0.662
0.43952
0.662
0.662
0.421911
0.446356
0.662
0.273995
0.628981
0.662
0.280002
0.662
0.662
0.406022
0.662
0.483535
0.662
0.662
0.662
0.405968
0.662
0.662
0.662
0.528609
0.0337694
0.0318521
0.391051
0.662
0.662
0.218812
0.207929
0.09807
0.430117
0.0155683
0.0315693
0.662
0.319699
0.662
0.368431
0.406247
0.662
0.662
0.662
0.662
0.662
0.662
0.662
0.167109
0.372414
0.416123
0.662
0.662
0.662
0.0408831
0.33868
0.362561
0.662
0.0893709
0.662
0.356135
0.000576119
0.448067
0.662
0.662
0.662
0.662
0.662
0.662
0.182861
0.495943
0.662
0.662
0.662
0.402506
0.473349
0.662
0.662
0.379804
0.00983086
0.111324
0.662
0.346651
0.662
0.662
0.662
0.662
0.18599
0.662
0.0109438
0.662
0.662
0.662
0.662
0.662
0.122967
0.0139909
0.223434
0.662
0.662
0.662
0.209496
0.662
0.662
0.662
0.662
0.662
0.662
0.183477
0.140522
0.310679
0.235593
0.662
0.195384
0.277238
0.662
0.384759
0.291301
0.219905
0.662
0.662
0.444838
0.105563
0.662
0.662
0.541733
0.578429
0.662
0.662
0.662
0.662
0.289511
0.662
0.662
0.0475618
0.23711
0.427912
0.418717
0.0480605
0.662
0.662
0.146683
0.10179
0.335098
0.531429
0.356988
0.662
0.0517726
0.662
0.101589
0.487554
0.227707
0.662
0.662
0.662
0.662
0.662
0.42573
0.402767
0.662
0.662
0.228507
0.662
0.000702717
0.662
0.437932
0.662
0.662
0.662
0.232113
0.280422
0.231358
0.662
0.662
0.32113
0.662
0.418478
0.662
0.590226
0.210046
0.662
0.662
0.662
0.625179
0.662
0.662
0.145704
0.00342553
0.662
0.0531416
0.0723596
0.662
0.197639
0.268108
0.662
0.662
0.174843
0.662
0.662
0.662
0.662
0.248988
0.328334
0.0960675
0.265913
0.662
0.662
0.662
0.451001
0.662
0.662
0.421515
0.662
0.662
0.101329
0.135416
0.662
0.171632
0.662
0.217301
0.662
0.192357
0.662
0.161974
0.346046
0.662
0.662
0.662
0.662
0.196703
0.662
0.0702158
0.662
0.662
0.662
0.492886
0.662
0.354926
0.284101
0.48446
0.226636
0.454458
0.266033
0.662
0.662
0.366835
0.0425379
0.662
0.00296748
0.662
0.408712
0.662
0.295006
0.662
0.662
0.662
0.481802
0.662
0.370787
0.317302
0.662
0.213038
0.344778
0.662
0.0396391
0.0736961
0.662
0.662
0.0360193
0.662
0.662
0.662
0.527074
0.662
0.662
0.295611
0.662
0.319452
0.662
0.172927
0.176436
0.0109411
0.662
0.662
0.317937
0.662
0.662
0.662
0.388926
0.662
0.260602
0.662
0.662
0.210708
0.662
0.662
0.662
0.0700359
0.662
0.662
0.0599994
0.662
0.662
0.662
0.00136933
0.662
0.5648
0.0650348
0.324327
0.131842
0.607263
0.448
0.124149
0.662
0.103828
0.662
0.662
0.0291599
0.662
0.662
0.662
0.662
0.662
0.662
0.662
0.662
0.662
0.662
0.0120813
0.118382
0.662
0.286058
0.662
0.662
0.436859
0.662
0.339609
0.240665
0.662
0.0753771
0.662
0.397208
0.177327
0.00526203
0.336792
0.662
0.0928834
0.456654
0.416289
0.662
0.662
0.138922
0.253782
0.107287
0.0259293
0.662
0.662
0.261145
0.268674
0.662
0.662
0.662
0.662
0.662
0.253887
0.662
0.25682
0.662
0.187606
0.662
0.662
0.114195
0.662
0.405798
0.198739
0.209504
0.662
0.624937
0.141429
0.662
0.316467
0.335465
0.0533203
0.568227
0.662
0.662
0.0154856
0.0684222
0.247109
0.662
0.115237
0.662
0.662
0.0755596
0.128749
0.0237486
0.394026
0.662
0.662
0.662
0.311426
0.662
0.662
0.662
0.662
0.662
0.229927
0.662
0.146742
0.662
0.168971
0.662
0.662
0.10341
0.662
0.491619
0.662
0.662
0.332037
0.662
0.331359
0.662
0.362441
0.105965
0.662
0.403476
0.341928
0.0413631
0.662
0.662
0.247277
0.662
0.32859
0.0154856
0.662
0.662
0.0384568
0.337855
0.0398216
0.662
0.430938
0.662
0.662
0.194162
0.662
0.662
0.662
0.396427
0.219237
0.662
0.130631
0.662
0.188567
0.662
0.355109
0.363841
0.662
0.662
0.56613
0.662
0.662
0.332022
0.454325
0.662
0.189297
0.662
0.662
0.44401
0.662
0.662
0.662
0.662
0.238907
0.204282
0.662
0.662
0.662
0.362948
0.010025
0.133084
0.393237
0.386575
0.662
0.448202
0.168306
0.030313
0.662
0.662
0.662
0.306885
0.662
0.126928
0.552278
0.381964
0.574161
0.662
0.662
0.662
0.662
0.0238998
0.662
0.106553
0.368821
0.475935
0.662
0.662
0.662
0.107175
0.662
0.220256
0.35336
0.662
0.0512126
0.662
0.662
0.662
0.496781
0.662
0.238864
0.140071
0.662
0.215677
0.0260544
0.204604
0.662
0.662
0.0298555
0.662
0.125947
0.284261
0.662
0.662
0.662
0.364219
0.256523
0.23998
0.212144
0.0859155
0.662
0.662
0.157491
0.414343
0.662
0.662
0.0674488
0.0642489
0.662
0.337662
0.468412
0.662
0.0063794
0.662
0.662
0.0338325
0.662
0.662
0.662
0.304847
0.662
0.47591
0.662
0.662
0.662
0.183211
0.662
0.474092
0.662
0.0611076
0.304831
0.662
0.662
0.662
0.662
0.662
0.16169
0.662
0.0898014
0.434998
0.404685
0.662
0.662
0.583439
0.169937
0.662
0.363681
0.662
0.662
0.0142525
0.228686
0.301039
0.662
0.412277
0.662
0.210378
0.232008
0.00896919
0.142979
0.279835
0.662
0.662
0.662
0.244984
0.662
0.662
0.662
0.136842
0.662
0.403332
0.576482
0.662
0.0278973
0.370312
0.662
0.26858
0.662
0.662
0.327677
0.662
0.333844
0.252503
0.662
0.194076
0.662
0.0932094
0.662
0.347536
0.409437
0.411388
0.662
0.662
0.0206257
0.662
0.328312
0.662
0.662
0.662
0.662
0.219184
0.302688
0.433595
0.390097
0.23398
0.161736
0.433647
0.662
0.662
0.662
0.662
0.662
0.172562
0.367316
0.289479
0.216503
0.662
0.457318
0.662
0.126965
0.272093
0.662
0.149271
0.662
0.171299
0.662
0.432672
0.441368
0.662
0.210864
0.662
0.662
0.662
0.453804
0.0544494
0.46754
0.662
0.662
0.662
0.662
0.662
0.3689
0.662
0.248437
0.662
0.662
0.662
0.0560373
0.0466911
0.662
0.267674
0.330913
0.382956
0.0762364
0.662
0.662
0.662
0.142087
0.662
0.3966
0.382906
0.662
0.662
0.662
0.429435
0.303565
0.296937
0.662
0.365019
0.662
0.662
0.662
0.662
0.0210627
