0.295812
0.662
0.662
0.662
0.323382
0.662
0.2602
0.178518
0.662
0.662
0.662
0.616249
0.662
0.209402
0.662
0.662
0.383558
0.662
0.662
0.662
0.662
0.0163179
0.208976
0.662
0.662
0.662
0.662
0.364346
0.0154077
0.662
0.273751
0.662
0.662
0.021741
0.662
0.230575
0.662
0.662
0.0355143
0.238877
0.662
0.557112
0.391398
0.429657
0.662
0.662
0.662
0.662
0.662
0.52155
0.662
0.143806
0.662
0.662
0.662
0.662
0.662
0.283077
0.662
0.662
0.431588
0.0988687
0.458128
0.285284
0.662
0.662
0.662
0.452413
0.662
0.662
0.662
0.322687
0.14967
0.662
0.522284
0.631071
0.662
0.662
0.662
0.417489
0.662
0.000778909
0.662
0.662
0.662
0.184255
0.434398
0.138812
0.662
0.662
0.662
0.466668
0.662
0.662
0.284166
0.662
0.548232
0.662
0.662
0.0197749
0.21853
0.662
0.662
0.662
0.662
0.366732
0.454962
0.662
0.662
0.552748
0.258404
0.662
0.450165
0.0598972
0.418206
0.411865
0.3488
0.241992
0.662
0.662
0.47436
0.662
0.662
0.662
0.662
0.230826
0.662
0.602364
0.205083
0.0166675
0.662
0.662
0.175288
0.662
0.662
0.550505
0.347211
0.19664
0.123349
0.662
0.211376
0.136725
0.44653
0.13657
0.662
0.662
0.451734
0.662
0.464429
0.0452454
0.662
0.662
0.662
0.183484
0.662
0.114273
0.0648934
0.662
0.10081
0.363183
0.662
0.145871
0.662
0.662
0.662
0.167169
0.442726
0.662
0.662
0.300033
0.0783935
0.662
0.662
0.662
0.409218
0.662
0.662
0.662
0.662
0.254204
0.662
0.662
0.431442
0.45124
0.00374037
0.662
0.271441
0.39802
0.471852
0.662
0.662
0.662
0.185847
0.268429
0.662
0.662
0.0770356
0.662
0.311949
0.662
0.356099
0.662
0.59041
0.662
0.662
0.0943669
0.180928
0.331971
0.238397
0.142826
0.228327
0.088071
0.375331
0.250084
0.662
0.662
0.137763
0.662
0.662
0.662
0.662
0.662
0.662
0.34951
0.662
0.22391
0.662
0.433738
0.662
0.662
0.662
0.662
0.662
0.662
0.662
0.182406
0.662
0.662
0.353692
0.662
0.125454
0.662
0.261701
0.279821
0.662
0.405527
0.662
0.145741
0.662
0.662
0.662
0.340063
0.255476
0.662
0.662
0.262406
0.559046
0.662
0.662
0.423725
0.662
0.294697
0.662
0.662
0.209332
0.662
0.662
0.374861
0.662
0.0931354
0.543023
0.662
0.128385
0.285732
0.383683
0.662
0.662
0.662
0.435947
0.662
0.662
0.400564
0.662
0.662
0.662
0.662
0.419401
0.281238
0.308999
0.662
0.286834
0.662
0.662
0.0404096
0.395894
0.365991
0.662
0.662
0.662
0.400766
0.662
0.130888
0.446718
0.662
0.415757
0.330314
0.662
0.428929
0.333855
0.662
0.132201
0.662
0.662
0.662
0.662
0.306413
0.242572
0.280449
0.355028
0.0730311
0.662
0.662
0.662
0.0576187
0.662
0.662
0.334254
0.662
0.39071
0.662
0.0858096
0.662
0.662
0.171279
0.662
0.192439
0.0812404
0.427859
0.0206329
0.111471
0.662
0.365868
0.662
0.662
0.0722418
0.470756
0.662
0.187533
0.461478
0.662
0.0967934
0.662
0.662
0.457084
0.662
0.316335
0.194369
0.0454084
0.662
0.662
0.114024
0.0400688
0.662
0.662
0.1424
0.0701855
0.662
0.662
0.441572
0.188948
0.272296
0.662
0.52688
0.662
0.662
0.301706
0.662
0.662
0.138083
0.00200827
0.428163
0.662
0.36547
0.662
0.662
0.662
0.662
0.096972
0.662
0.662
0.662
0.662
0.219068
0.18707
0.256878
0.161849
0.104173
0.662
0.662
0.224249
0.300639
0.4929
0.662
0.662
0.230481
0.662
0.662
0.449413
0.662
0.662
0.205898
0.241481
0.662
0.662
0.662
0.662
0.236163
0.0154752
0.662
0.662
0.662
0.45127
0.662
0.662
0.662
0.662
0.156708
0.297799
0.662
0.296821
0.662
0.662
0.662
0.662
0.2007
0.662
0.284078
0.662
0.662
0.321008
0.662
0.662
0.662
0.662
0.662
0.662
0.662
0.662
0.662
0.662
0.45612
0.3745
0.662
0.16501
0.00391724
0.193946
0.284346
0.421935
0.662
0.417802
0.264333
0.662
0.355453
0.0267312
0.274605
0.662
0.662
0.410002
0.279627
0.159887
0.662
0.333607
0.053941
0.0983405
0.662
0.662
0.185623
0.662
0.283152
0.255531
0.662
0.662
0.662
0.662
0.662
0.369307
0.157449
0.662
0.662
0.597088
0.662
0.183782
0.662
0.00493464
0.265544
0.662
0.662
0.233997
0.301577
0.662
0.662
0.00397748
0.218011
0.123256
0.333732
0.662
0.245828
0.662
0.662
0.662
0.248541
0.662
0.662
0.662
0.662
0.662
0.171307
0.662
0.662
0.662
0.662
0.230367
0.102157
0.431217
0.662
0.0868193
0.278626
0.662
0.662
0.662
0.00813588
0.662
0.23488
0.662
0.662
0.662
0.0305854
0.662
0.2547
0.662
0.662
0.0595258
0.662
0.00828734
0.662
0.0240849
0.388478
0.662
0.209565
0.662
0.141888
0.662
0.461374
0.662
0.662
0.240051
0.249514
0.662
0.103013
0.308415
0.662
0.436331
0.662
0.662
0.0196339
0.415937
0.662
0.0962568
0.662
0.417265
0.376328
0.662
0.384375
0.662
0.0732096
0.662
0.662
0.662
0.423383
0.662
0.662
0.662
0.662
0.662
0.662
0.662
0.662
0.662
0.662
0.662
0.662
0.257557
0.479789
0.662
0.0346846
0.662
0.662
0.662
0.662
0.359553
0.488199
0.0661798
0.662
0.662
0.0435028
0.328411
0.662
0.662
0.360191
0.662
0.662
0.390908
0.662
0.332987
0.662
0.662
0.662
0.433489
0.0108036
0.0566086
0.493201
0.662
0.662
0.152203
0.662
0.662
0.224854
0.662
0.222343
0.384401
0.662
0.662
0.157672
0.662
0.662
0.662
0.360362
0.422472
0.218496
0.226088
0.078219
0.476253
0.662
0.422482
0.662
0.662
0.662
0.662
0.358078
0.172741
0.662
0.662
0.559336
0.662
0.662
0.130637
0.662
0.662
0.662
0.298043
0.662
0.662
0.662
0.202508
0.338396
0.391685
0.662
0.343346
0.020953
0.190942
0.662
0.662
0.47539
0.167698
0.662
0.662
0.662
0.662
0.662
0.662
0.0285921
0.662
0.662
0.662
0.581998
0.662
0.232507
0.662
0.662
0.359093
0.118292
0.235229
0.662
0.206772
0.662
0.662
0.662
0.662
0.0242964
0.190137
0.662
0.662
0.208179
0.116882
0.380754
0.0924224
0.662
0.378992
0.256666
0.289376
0.0826265
0.0709221
0.35096
0.662
0.662
0.00839144
0.662
0.662
0.0243188
0.454129
0.662
0.662
0.574524
0.45595
0.662
0.150413
0.0726885
0.662
0.662
0.298459
0.662
0.662
0.108298
0.307924
0.0668995
0.0354863
0.443171
0.367862
0.662
0.236576
0.662
0.662
0.662
0.662
0.330243
0.662
0.10807
0.00956691
0.662
0.662
0.662
0.662
0.138534
0.662
0.208732
0.662
0.662
0.662
0.474868
0.266791
0.662
0.662
0.40182
0.662
0.299463
0.635056
0.402904
0.149672
0.662
0.662
0.662
0.662
0.237521
0.662
0.662
0.474278
0.662
0.662
0.233684
0.662
0.479014
0.445478
0.662
0.0957728
0.34014
0.662
0.662
0.662
0.662
0.224673
0.455386
0.100982
0.662
0.238019
0.213071
0.419509
0.113058
0.435845
0.662
0.121719
0.662
0.33816
0.373865
0.457852
0.662
0.662
0.662
0.163311
0.662
0.662
0.474157
0.259492
0.662
0.272817
0.0263503
0.216511
0.662
0.243372
0.662
0.662
0.662
0.662
0.662
0.662
0.662
0.662
0.0825452
0.320235
0.379348
0.435951
0.249625
0.45072
0.662
0.297809
0.662
0.662
0.267182
0.662
0.0482096
0.356084
0.662
0.556872
0.662
0.662
0.264311
0.0906409
0.662
0.662
0.662
0.305732
0.121744
0.662
0.662
0.662
0.662
0.662
0.662
0.4542
0.662
0.162275
0.662
0.241634
0.662
0.266528
0.407758
0.215916
0.133236
0.662
0.239849
0.469554
0.662
0.662
0.662
0.662
0.662
0.662
0.662
0.662
0.234839
0.662
0.320746
0.662
0.439352
0.404598
0.196348
0.662
0.517417
0.287506
0.308408
0.662
0.0948209
0.662
0.662
0.662
0.404238
0.409773
0.662
0.662
0.210932
0.463821
0.0471693
0.438631
0.00369598
0.180472
0.41506
0.662
0.0192272
0.101006
0.662
0.662
0.294767
0.662
0.536994
0.398875
0.360382
0.662
0.486974
0.662
0.471123
0.0124637
0.157479
0.330018
0.662
0.662
0.662
0.00108527
0.662
0.662
0.282742
0.662
0.0858
0.662
0.662
0.224973
0.662
0.662
0.273727
0.662
0.662
0.120774
0.662
0.294747
0.0379467
0.258477
0.346225
0.35318
0.662
0.152848
0.369818
0.662
0.662
0.662
0.662
0.662
0.662
0.117476
0.662
0.336897
0.662
0.662
0.0263434
0.177896
0.662
0.662
0.662
0.662
0.662
0.010047
0.662
0.662
0.662
0.662
0.662
0.462118
0.0694669
0.662
0.4736
0.662
0.662
0.662
0.662
0.237065
0.662
0.460793
0.662
0.662
0.457187
0.662
0.517424
0.232375
0.662
0.257335
0.662
0.662
0.662
0.092157
0.325492
0.662
0.662
0.581651
0.173771
0.662
0.237358
0.156327
0.437592
0.397618
0.662
0.160192
0.235317
0.662
0.450149
0.377203
0.662
0.248503
0.0492587
0.547577
0.443423
0.662
0.662
0.288372
0.662
0.662
0.662
0.662
0.662
0.307613
0.662
0.151238
0.451411
0.122928
0.662
0.47858
0.55024
0.662
0.342513
0.620108
0.662
0.662
0.662
0.37714
0.409773
0.662
0.662
0.331072
0.449684
0.662
0.0432071
0.33883
0.122922
0.11368
0.662
0.354771
0.662
0.662
0.0142011
0.173248
0.662
0.662
0.662
0.373641
0.445466
0.390508
0.298075
0.230258
0.662
0.662
0.662
0.662
0.662
0.648723
0.424664
0.327042
0.662
0.387651
0.0761407
0.410121
0.662
0.662
0.662
0.662
0.662
0.662
0.662
0.662
0.662
0.662
0.239104
0.662
0.57717
0.662
0.662
0.213183
0.662
0.406683
0.662
0.193815
0.329422
0.662
0.662
0.662
0.662
0.341798
0.244407
0.662
0.472425
0.615774
0.662
0.662
0.662
0.662
0.662
0.662
0.662
0.440673
0.0421441
0.279727
0.662
0.34629
0.662
0.46812
0.0193674
0.2888
0.662
0.47099
0.662
0.662
0.0055931
0.211329
0.465137
0.408785
0.103237
0.246094
0.44041
0.662
0.375761
0.662
0.419294
0.662
0.662
0.662
0.662
0.0382829
0.662
0.123262
0.662
0.662
0.563581
0.662
0.62951
0.662
0.522087
0.155428
0.662
0.468651
0.662
0.662
0.662
0.308569
0.662
0.662
0.662
0.211555
0.662
0.662
0.0229808
0.662
0.662
0.0308284
0.439305
0.432271
0.662
0.0165616
0.662
0.662
0.662
0.346414
0.0695565
0.268281
0.662
0.662
0.662
0.662
0.662
0.0123123
0.384032
0.446927
0.662
0.339996
0.662
0.430028
0.241714
0.170988
0.662
0.0206233
0.662
0.408979
0.312972
0.214962
0.283945
0.047638
0.00544099
0.662
0.614254
0.0120911
0.355343
0.662
0.165205
0.186479
0.340805
0.662
0.0981615
0.662
0.662
0.662
0.662
0.662
0.662
0.662
0.662
0.46156
0.662
0.073387
0.230098
0.662
0.462342
0.662
0.104804
0.553666
0.662
0.21844
0.445064
0.662
0.662
0.410273
0.416682
0.662
0.496825
0.662
0.662
0.662
0.662
0.535928
0.469141
0.359631
0.437295
0.662
0.662
0.662
0.662
0.662
0.477016
0.391775
0.662
0.269133
0.662
0.042984
0.424567
0.156976
0.427121
0.662
0.63339
0.476001
0.662
0.662
0.662
0.0862802
0.662
0.662
0.351844
0.662
0.662
0.155802
0.0937929
0.662
0.662
0.205164
0.18334
0.0529993
0.404892
0.579418
0.662
0.662
0.590831
0.152066
0.662
0.235283
0.662
0.662
0.430482
0.662
0.662
0.662
0.264463
0.347139
0.662
0.662
0.662
0.662
0.601135
0.662
0.0689523
0.662
0.662
0.240704
0.662
0.662
0.662
0.471621
0.122989
0.662
0.662
0.662
0.662
0.220046
0.662
0.432816
0.335106
0.662
0.662
0.464002
0.662
0.473301
0.662
0.254579
0.00830331
0.020365
0.662
0.30095
0.139221
0.289801
0.30179
0.662
0.662
0.460531
0.662
0.393807
0.0452306
0.662
0.662
0.662
0.0840624
0.662
0.197004
0.662
0.401385
0.130485
0.662
0.0711537
0.237499
0.263837
0.479412
