0.344778
0.0544494
0.249254
0.043278
0.472997
0.0168864
0.662
0.338808
0.343263
0.455473
0.412277
0.662
0.662
0.439721
0.232644
0.662
0.662
0.662
0.342572
0.662
0.662
0.128715
0.662
0.239675
0.662
0.302515
0.662
0.309133
0.123886
0.662
0.501134
0.662
0.11782
0.662
0.662
0.662
0.0911688
0.662
0.662
0.662
0.662
0.203523
0.205535
0.439235
0.662
0.268339
0.226636
0.221942
0.29044
0.662
0.662
0.224479
0.342937
0.662
0.389025
0.0983786
0.44401
0.662
0.662
0.350117
0.662
0.662
0.315468
0.222111
0.662
0.200149
0.662
0.662
0.0388468
0.662
0.341357
0.662
0.662
0.662
0.267062
0.662
0.662
0.061246
0.662
0.426489
0.662
0.453389
0.662
0.662
0.56559
0.662
0.662
0.662
0.275266
0.662
0.0795163
0.00699934
0.662
0.662
0.662
0.336985
0.3821
0.0932094
0.43952
0.261217
0.662
0.115224
0.662
0.662
0.662
0.662
0.511225
0.662
0.42573
0.662
0.388926
0.662
0.662
0.159264
0.0679322
0.0291599
0.0315693
0.248437
0.00238159
0.662
0.194355
0.000576119
0.48446
0.662
0.662
0.662
0.662
0.215239
0.662
0.662
0.361234
0.00278841
0.662
0.367316
0.23711
0.406872
0.0755596
0.252503
0.662
0.410291
0.271512
0.239667
0.46754
0.296937
0.662
0.662
0.279403
0.662
0.0357635
0.662
0.305546
0.464468
0.662
0.15986
0.662
0.662
0.662
0.662
0.409766
0.662
0.13268
0.144833
0.662
0.662
0.662
0.0063794
0.662
0.662
0.662
0.662
0.652732
0.205758
0.662
0.382155
0.662
0.662
0.662
0.188567
0.662
0.541733
0.662
0.662
0.37651
0.196667
0.662
0.260169
0.662
0.662
0.483535
0.372545
0.210046
0.421014
0.662
0.405968
0.321968
0.247556
0.662
0.317371
0.276663
0.267674
0.241072
0.215677
0.662
0.361191
0.516815
0.260602
0.100905
0.662
0.0700359
0.453909
0.128338
0.662
0.0577819
0.0383469
0.662
0.662
0.662
0.0269549
0.332617
0.662
0.599234
0.447352
0.662
0.662
0.0253714
0.662
0.0598496
0.0230206
0.662
0.662
0.0451491
0.662
0.176436
0.662
0.298689
0.662
0.603586
0.662
0.662
0.029024
0.662
0.233036
0.145309
0.204226
0.175588
0.346046
0.662
0.329573
0.662
0.662
0.265913
0.427961
0.535952
0.662
0.567456
0.662
0.662
0.235658
0.154625
0.662
0.662
0.0467623
0.274889
0.448592
0.662
0.662
0.662
0.0188496
0.662
0.023329
0.572096
0.033285
0.218392
0.250678
0.156217
0.662
0.662
0.375729
0.662
0.662
0.101329
0.2202
0.662
0.220256
0.0121638
0.662
0.322755
0.430347
0.662
0.446891
0.662
0.662
0.662
0.450118
0.300508
0.662
0.127088
0.662
0.025614
0.293717
0.662
0.662
0.662
0.441105
0.662
0.662
0.662
0.291707
0.493847
0.662
0.34243
0.267137
0.159152
0.662
0.662
0.662
0.191564
0.211405
0.174843
0.662
0.108123
0.157219
0.662
0.143102
0.662
0.662
0.101183
0.662
0.662
0.662
0.662
0.662
0.662
0.662
0.662
0.105808
0.662
0.146683
0.662
0.182099
0.662
0.662
0.316091
0.662
0.142289
0.662
0.662
0.185452
0.408712
0.313875
0.272235
0.662
0.662
0.662
0.217301
0.375203
0.662
0.662
0.268658
0.662
0.662
0.429092
0.662
0.662
0.436559
0.335034
0.662
0.662
0.103828
0.662
0.662
0.662
0.662
0.402918
0.169026
0.282547
0.662
0.662
0.662
0.537492
0.454921
0.662
0.118187
0.00464975
0.0611076
0.662
0.662
0.662
0.378645
0.214502
0.662
0.662
0.426473
0.662
0.27255
0.662
0.653292
0.662
0.421807
0.124763
0.662
0.459026
0.275751
0.368422
0.662
0.611282
0.286213
0.109219
0.662
0.284161
0.662
0.201669
0.402446
0.354926
0.662
0.184369
0.446858
0.139919
0.314808
0.0797293
0.392519
0.662
0.662
0.662
0.662
0.0547366
0.662
0.662
0.265297
0.662
0.662
0.0338325
0.662
0.662
0.340541
0.451311
0.662
0.451289
0.310467
0.22145
0.662
0.13133
0.0405183
0.216317
0.662
0.662
0.175168
0.662
0.445395
0.662
0.140413
0.662
0.240105
0.119372
0.662
0.10341
0.662
0.592352
0.410551
0.662
0.289231
0.662
0.189297
0.662
0.20616
0.39572
0.662
0.662
0.662
0.662
0.454034
0.662
0.383073
0.0554681
0.455685
0.390097
0.528882
0.0512126
0.662
0.0408831
0.662
0.662
0.662
0.158834
0.662
0.130631
0.662
0.148541
0.128017
0.499033
0.662
0.662
0.662
0.662
0.662
0.662
0.662
0.662
0.662
0.107164
0.662
0.455569
0.260385
0.662
0.662
0.662
0.342849
0.629706
0.169385
0.662
0.259466
0.662
0.662
0.662
0.000563044
0.443463
0.662
0.662
0.662
0.662
0.0435642
0.662
0.662
0.0718379
0.662
0.662
0.662
0.662
0.570681
0.662
0.662
0.0135014
0.590226
0.662
0.443219
0.662
0.190883
0.662
0.662
0.662
0.481098
0.662
0.662
0.427284
0.242964
0.662
0.204282
0.468069
0.143529
0.435924
0.662
0.662
0.662
0.442688
0.662
0.420798
0.662
0.662
0.325274
0.186622
0.0429622
0.662
0.0849731
0.247543
0.475935
0.662
0.662
0.662
0.662
0.662
0.272009
0.662
0.662
0.243728
0.662
0.593911
0.662
0.662
0.235193
0.485711
0.662
0.662
0.161659
0.662
0.464605
0.00531876
0.662
0.314021
0.662
0.662
0.170183
0.0879887
0.210222
0.662
0.304847
0.662
0.662
0.662
0.662
0.662
0.662
0.386503
0.432877
0.662
0.662
0.62897
0.662
0.662
0.662
0.662
0.309446
0.40399
0.662
0.662
0.662
0.40682
0.662
0.33967
0.294468
0.662
0.198669
0.662
0.662
0.118382
0.055018
0.662
0.1723
0.662
0.300696
0.410861
0.662
0.662
0.396427
0.662
0.662
0.289992
0.662
0.0358663
0.0504115
0.291301
0.429301
0.386575
0.662
0.0443455
0.662
0.662
0.662
0.662
0.40956
0.0727262
0.0363258
0.662
0.311342
0.662
0.345894
0.662
0.0329976
0.662
0.662
0.662
0.451945
0.0368212
0.662
0.0439147
0.662
0.230793
0.283703
0.662
0.662
0.662
0.662
0.41818
0.662
0.0472022
0.662
0.267745
0.662
0.0763201
0.662
0.124006
0.662
0.220624
0.49129
0.662
0.662
0.662
0.0653732
0.662
0.208156
0.662
0.154408
0.56613
0.662
0.219075
0.19216
0.662
0.209504
0.662
0.662
0.662
0.662
0.0527416
0.222926
0.662
0.145704
0.391569
0.662
0.469355
0.238398
0.512217
0.633761
0.076077
0.662
0.217039
0.202648
0.662
0.123635
0.662
0.448
0.662
0.662
0.409197
0.185178
0.662
0.453763
0.440147
0.305821
0.662
0.0153468
0.662
0.662
0.48727
0.1962
0.662
0.126928
0.12669
0.662
0.662
0.662
0.211906
0.662
0.397593
0.410722
0.283506
0.662
0.488609
0.662
0.662
0.662
0.662
0.662
0.581464
0.448962
0.662
0.662
0.219266
0.662
0.662
0.662
0.662
0.662
0.405798
0.662
0.662
0.496781
0.662
0.0756664
0.296184
0.563632
0.662
0.403476
0.15545
0.304419
0.224302
0.126624
0.398866
0.662
