0.662
0.516002
0.662
0.127833
0.662
0.278423
0.353529
0.206639
0.113953
0.0259623
0.662
0.662
0.662
0.662
0.662
0.662
0.662
0.662
0.662
0.662
0.250618
0.437742
0.662
0.662
0.284238
0.430938
0.098081
0.662
0.662
0.00526884
0.662
0.208044
0.00476643
0.662
0.662
0.129319
0.262074
0.307354
0.0427665
0.0803317
0.662
0.662
0.662
0.314685
0.662
0.00932963
0.5264
0.662
0.245055
0.662
0.267336
0.348005
0.47591
0.370093
0.662
0.128481
0.221042
0.662
0.130945
0.363922
0.662
0.321011
0.662
0.662
0.253448
0.662
0.411176
0.144107
0.143632
0.662
0.662
0.0172228
0.662
0.558621
0.388137
0.284297
0.662
0.662
0.192624
0.662
0.662
0.107242
0.662
0.266003
0.304487
0.350808
0.662
0.262136
0.286553
0.468204
0.662
0.662
0.662
0.662
0.662
0.354941
0.662
0.153969
0.17156
0.662
0.633694
0.576549
0.364475
0.271661
0.662
0.662
0.105391
0.662
0.0656794
0.662
0.4525
0.662
0.0474994
0.420522
0.273411
0.092159
0.662
0.00331941
0.125194
0.662
0.662
0.29431
0.662
0.662
0.49427
0.284368
0.662
0.662
0.366755
0.32497
0.45722
0.662
0.156746
0.352365
0.662
0.273982
0.662
0.662
0.381857
0.505195
0.662
0.662
0.55298
0.0322982
0.662
0.662
0.662
0.329965
0.332037
0.662
0.175184
0.424963
0.193384
0.662
0.467189
0.662
0.00526203
0.662
0.375429
0.662
0.104019
0.212609
0.662
0.662
0.387761
0.325079
0.310692
0.273171
0.295088
0.0188267
0.662
0.662
0.613791
0.190815
0.293795
0.662
0.662
0.662
0.662
0.662
0.662
0.662
0.338105
0.206721
0.224877
0.294372
0.662
0.662
0.662
0.662
0.385439
0.312399
0.378492
0.244854
0.662
0.662
0.662
0.0943025
0.662
0.662
0.662
0.16387
0.616081
0.662
0.662
0.411141
0.662
0.386101
0.662
0.201954
0.106556
0.24609
0.525121
0.0166511
0.662
0.329978
0.469437
0.0305244
0.662
0.662
0.662
0.346893
0.662
0.662
0.662
0.662
0.662
0.028493
0.662
0.289097
0.105916
0.114696
0.241286
0.160298
0.215492
0.0728476
0.319598
0.662
0.662
0.662
0.195647
0.0465108
0.609027
0.461818
0.462604
0.662
0.662
0.662
0.391697
0.662
0.662
0.662
0.212905
0.150619
0.00296748
0.662
0.112266
0.234279
0.662
0.662
0.450837
0.662
0.662
0.662
0.662
0.307905
0.662
0.662
0.587102
0.393495
0.168209
0.209301
0.662
0.662
0.662
0.443188
0.458918
0.234891
0.655621
0.169114
0.406146
0.392855
0.200604
0.662
0.662
0.138729
0.662
0.662
0.662
0.662
0.662
0.662
0.0467754
0.662
0.235056
0.662
0.381895
0.0383618
0.662
0.662
0.167233
0.441531
0.662
0.132083
0.219237
0.662
0.662
0.43387
0.662
0.662
0.38758
0.454284
0.662
0.662
0.384709
0.330646
0.223344
0.662
0.662
0.662
0.662
0.662
0.174898
0.662
0.662
0.126929
0.640214
0.662
0.348994
0.327367
0.00896919
0.662
0.183211
0.662
0.662
0.662
0.662
0.662
0.214335
0.662
0.62897
0.155224
0.662
0.305857
0.662
0.213013
0.662
0.662
0.662
0.662
0.390962
0.662
0.221644
0.153073
0.662
0.508481
0.185182
0.449355
0.33493
0.662
0.217593
0.662
0.662
0.662
0.662
0.450802
0.220247
0.101831
0.0501609
0.662
0.662
0.662
0.485213
0.662
0.662
0.662
0.533714
0.662
0.472147
0.662
0.64954
0.662
0.662
0.244595
0.662
0.662
0.358928
0.17234
0.246993
0.662
0.0140241
0.662
0.662
0.662
0.662
0.372036
0.662
0.662
0.157491
0.662
0.662
0.540772
0.336778
0.391051
0.662
0.662
0.662
0.662
0.662
0.662
0.291346
0.662
0.144556
0.662
0.662
0.406209
0.33718
0.357191
0.333368
0.359288
0.417465
0.390595
0.535398
0.0526588
0.0395202
0.662
0.662
0.662
0.662
0.662
0.662
0.396354
0.135837
0.231285
0.459655
0.148916
0.342374
0.372161
0.662
0.345788
0.662
0.662
0.150655
0.662
0.662
0.662
0.224795
0.362441
0.464439
0.414494
0.662
0.234635
0.377373
0.662
0.662
0.662
0.0642489
0.662
0.662
0.215372
0.292281
0.662
0.389937
0.267253
0.662
0.662
0.662
0.662
0.662
0.492835
0.662
0.662
0.662
0.266497
0.0221107
0.640539
0.662
0.194162
0.334916
0.662
0.662
0.490526
0.662
0.367579
0.16192
0.662
0.662
0.346373
0.465062
0.662
0.151853
0.662
0.0548221
0.662
0.662
0.213822
0.662
0.662
0.10785
0.662
0.13135
0.0787427
0.662
0.323503
0.409486
0.662
0.662
0.662
0.393894
0.462309
0.662
0.152028
0.662
0.0344502
0.662
0.438467
0.662
0.662
0.37915
0.089954
0.382148
0.453077
0.401796
0.204461
0.10184
0.620682
0.662
0.662
0.24293
0.156156
0.411108
0.662
0.241927
0.662
0.158585
0.662
0.476626
0.662
0.333712
0.542649
0.218849
0.057114
0.312722
0.191495
0.662
0.662
0.662
0.662
0.662
0.662
0.662
0.662
0.662
0.662
0.662
0.662
0.0198472
0.662
0.499121
0.662
0.662
0.0913548
0.662
0.662
0.662
0.426243
0.662
0.662
0.662
0.0660752
0.335192
0.662
0.662
0.662
0.662
0.47001
0.662
0.452879
0.662
0.662
0.662
0.0924577
0.512566
0.662
0.662
0.471268
0.662
0.0110961
0.662
0.662
0.0736961
0.662
0.236553
0.23998
0.211863
0.215438
0.190273
0.596367
0.0971965
0.662
0.382237
0.662
0.445917
0.465913
0.127057
0.442705
0.356135
0.375709
0.662
0.419796
0.115793
0.662
0.0333224
0.224148
0.441461
0.662
0.662
0.0113054
0.0337386
0.662
0.0871442
0.449266
0.118184
0.214265
0.662
0.257978
0.662
0.154545
0.0561496
0.389108
0.662
0.455487
0.0372916
0.662
0.662
0.220759
0.624937
0.426801
0.142701
0.662
0.662
0.662
0.0205162
0.28832
0.275046
0.662
0.662
0.662
0.225465
0.662
0.421515
0.527562
0.662
0.309434
0.662
0.662
0.662
0.0730944
0.42138
0.181655
0.662
0.662
0.662
0.212586
0.159383
0.0466911
0.662
0.473349
0.371471
0.0341541
0.662
0.472004
0.662
0.0981011
0.662
0.457653
0.0026655
0.237527
0.350582
0.366297
0.389174
0.0152799
0.662
0.330522
0.662
0.459839
0.662
0.662
0.445352
0.253929
0.662
0.390316
0.127478
0.172827
0.284819
0.662
0.662
0.0378634
0.662
0.191979
0.504918
0.662
0.183142
0.101785
0.662
0.176508
0.662
0.662
0.662
0.155146
0.203958
0.662
0.662
0.662
0.662
0.0772701
0.662
0.071891
0.215233
0.662
0.305366
0.662
0.662
0.238988
0.421576
0.662
0.254421
0.105721
0.158152
0.662
0.662
0.662
0.662
0.351255
0.418429
0.217454
0.662
0.328156
0.662
0.529088
0.511963
0.439041
0.468211
0.662
0.450924
0.662
0.662
0.662
0.495368
0.662
0.331352
0.114812
0.662
0.125263
0.384267
0.472003
0.387831
0.662
0.662
0.37236
0.662
0.662
0.662
0.662
0.474599
0.662
0.662
0.662
0.662
0.662
0.140001
0.255066
0.662
0.283182
0.662
0.435937
0.662
0.282719
0.662
0.662
0.14741
0.377259
0.261276
0.662
0.662
0.662
0.662
0.331359
0.497493
0.662
0.662
0.662
0.498281
0.295501
0.148961
0.225114
0.662
0.184374
0.662
0.493651
0.107025
0.662
0.241827
0.309357
0.326855
0.191662
0.308871
0.662
0.662
0.302282
0.301848
0.662
0.662
0.662
0.450578
0.662
0.385166
0.662
0.336818
0.662
0.662
0.662
0.662
0.662
0.662
0.266181
0.398394
0.229085
0.256285
0.452504
0.662
0.662
0.271739
0.662
0.29689
0.0808612
0.213097
0.662
0.0210627
0.662
0.662
0.168171
0.662
0.662
0.662
0.095036
0.662
0.215402
0.0911554
0.223619
0.662
0.662
0.446092
0.662
0.662
0.261864
0.662
0.662
0.0400695
0.419742
0.249052
0.126787
0.29453
0.662
0.662
0.662
0.662
0.662
0.489753
0.23022
0.100403
0.291898
0.390516
0.324615
0.299784
0.150147
0.0928834
0.0140774
0.662
0.662
0.662
0.0336089
0.373641
0.662
0.662
0.40592
0.13962
0.219488
0.255332
0.0223627
0.145707
0.662
0.662
0.398911
0.449923
0.662
0.129375
0.662
0.662
0.662
0.126207
0.0339176
0.662
0.662
0.662
0.662
0.350296
0.662
0.662
0.662
0.472449
0.317937
0.116413
0.662
0.141181
0.330389
0.662
0.662
0.043704
0.662
0.09088
0.662
0.662
0.332304
0.00710263
0.106053
0.269174
0.662
0.224507
0.446872
0.662
0.662
0.662
0.510675
0.461524
0.444854
0.662
0.434615
0.278734
0.0879655
0.270116
0.662
0.662
0.423939
0.662
