0.662
0.494661
0.223994
0.662
0.662
0.652276
0.662
0.441271
0.662
0.472264
0.21599
0.662
0.662
0.244529
0.662
0.079857
0.662
0.395713
0.42022
0.662
0.267078
0.183857
0.318654
0.126079
0.35242
0.662
0.662
0.325343
0.498447
0.447742
0.313598
0.662
0.662
0.121285
0.662
0.662
0.136296
0.662
0.662
0.662
0.662
0.476682
0.662
0.662
0.338024
0.662
0.662
0.662
0.662
0.0536931
0.662
0.662
0.662
0.662
0.104333
0.662
0.662
0.662
0.662
0.226837
0.439302
0.662
0.662
0.662
0.662
0.22792
0.662
0.662
0.0194919
0.0459863
0.260748
0.662
0.255465
0.00139925
0.0295213
0.435096
0.662
0.16616
0.662
0.0852339
0.385008
0.662
0.102127
0.211303
0.662
0.201545
0.662
0.161475
0.168008
0.662
0.329855
0.662
0.662
0.263466
0.662
0.433049
0.662
0.662
0.662
0.0347953
0.662
0.662
0.398778
0.199018
0.662
0.384351
0.662
0.662
0.165973
0.662
0.105874
0.246198
0.219599
0.662
0.337308
0.662
0.662
0.175297
0.662
0.173079
0.0672977
0.662
0.272417
0.662
0.462495
0.460676
0.662
0.410524
0.284874
0.45697
0.124564
0.662
0.340615
0.662
0.662
0.190095
0.51231
0.27736
0.662
0.0520788
0.662
0.0352556
0.662
0.420424
0.0282837
0.662
0.411246
0.662
0.0385802
0.189793
0.662
0.26313
0.662
0.662
0.220605
0.662
0.407682
0.662
0.662
0.175647
0.451358
0.662
0.662
0.662
0.348856
0.662
0.0369238
0.00150399
0.210807
0.206017
0.662
0.662
0.641705
0.13769
0.257206
0.253173
5.79814e-06
0.662
0.593165
0.230021
0.461375
0.0890046
0.662
0.662
0.23413
0.433411
0.0346097
0.662
0.1656
0.466072
0.662
0.0817453
0.0338609
0.662
0.662
0.662
0.662
0.662
0.662
0.0272057
0.662
0.662
0.662
0.662
0.350948
0.421755
0.146754
0.423515
0.303762
0.662
0.662
0.266597
0.662
0.662
0.662
0.662
0.142934
0.192883
0.143158
0.662
0.313343
0.567298
0.0575158
0.182626
0.662
0.589764
0.429198
0.662
0.662
0.662
0.662
0.416395
0.270769
0.662
0.662
0.36082
0.0460596
0.662
0.459825
0.00148538
0.144095
0.144473
0.662
0.662
0.422083
0.279785
0.306206
0.662
0.662
0.662
0.292451
0.126286
0.166999
0.662
0.403434
0.00578995
0.258015
0.465993
0.662
0.296321
0.662
0.30213
0.662
0.224426
0.662
0.259962
0.662
0.662
0.662
0.265447
0.363044
0.662
0.214618
0.662
0.662
0.662
0.0195694
0.662
0.43881
0.454334
0.391794
0.662
0.662
0.0381487
0.0107952
0.198271
0.0650584
0.662
0.153525
0.475487
0.662
0.151969
0.662
0.329363
0.414825
0.390146
0.662
0.0458971
0.276594
0.662
0.662
0.662
0.494251
0.662
0.476612
0.117075
0.175297
0.102667
0.662
0.639285
0.141665
0.662
0.617721
0.192903
0.202376
0.287082
0.396354
0.662
0.662
0.662
0.662
0.291426
0.662
0.662
0.0832756
0.337188
0.288352
0.662
0.662
0.662
0.249297
0.662
0.662
0.662
0.662
0.0465932
0.177104
0.201997
0.662
0.662
0.662
0.0546366
0.662
0.327696
0.662
0.662
0.469992
0.21269
0.0822823
0.165662
0.662
0.662
0.662
0.24719
0.662
0.662
0.380973
0.169685
0.662
0.412634
0.662
0.0874497
0.207906
0.662
0.662
0.475105
0.662
0.140829
0.662
0.448712
0.27904
0.662
0.0968038
0.105529
0.026691
0.662
0.157876
0.380555
0.330671
0.404592
0.662
0.662
0.0955397
0.190762
0.265579
0.662
0.109365
0.41412
0.662
0.662
0.468566
0.662
0.662
0.662
0.408435
0.193998
0.178392
0.662
0.662
0.662
0.662
0.140863
0.455572
0.662
0.472166
0.15455
0.296432
0.267285
0.662
0.662
0.662
0.662
0.173505
0.662
0.662
0.640184
0.285428
0.464956
0.662
0.127667
0.662
0.662
0.662
0.662
0.662
0.662
0.135653
0.564033
0.460665
0.205776
0.109732
0.146508
0.195063
0.662
0.180075
0.662
0.322761
0.662
0.0618968
0.202183
0.104246
0.405284
0.231155
0.662
0.662
0.662
0.274042
0.43904
0.245065
0.289093
0.662
0.299557
0.0766524
0.662
0.662
0.211534
0.662
0.427482
0.180143
0.291725
0.286264
0.0147488
0.291902
0.252074
0.165138
0.244937
0.662
0.443083
0.662
0.662
0.0624861
0.662
0.662
0.132512
0.662
0.662
0.203447
0.149759
0.662
0.662
0.148575
0.00231543
0.662
0.662
0.295497
0.416819
0.111651
0.662
0.0559171
0.662
0.662
0.127311
0.0670522
0.662
0.461296
0.662
0.662
0.510884
0.294899
0.662
0.0751747
0.662
0.465569
0.309517
0.662
0.440353
0.187427
0.407031
0.662
0.662
0.662
0.662
0.662
0.085442
0.135246
0.0473784
0.662
0.339092
0.350525
0.587007
0.662
0.340249
0.662
0.662
0.365387
0.461739
0.662
0.662
0.415829
0.662
0.464808
0.662
0.662
0.381611
0.662
0.251712
0.662
0.420559
0.229606
0.662
0.0106952
0.662
