0.662
0.236416
0.662
0.263309
0.410121
0.662
0.185592
0.662
0.662
0.245319
0.421935
0.304132
0.662
0.662
0.180722
0.662
0.0465177
0.662
0.662
0.662
0.662
0.277719
0.19664
0.166053
0.0931354
0.187575
0.113279
0.426826
0.0877296
0.662
0.662
0.662
0.379565
0.662
0.662
0.662
0.105764
0.662
0.662
0.662
0.331072
0.662
0.662
0.33816
0.662
0.662
0.662
0.662
0.122629
0.662
0.574524
0.45595
0.0111697
0.662
0.662
0.662
0.662
0.0907073
0.437592
0.662
0.119397
0.662
0.662
0.188394
0.66107
0.662
0.662
0.397077
0.0595258
0.450165
0.662
0.662
0.451411
0.473076
0.308271
0.662
0.662
0.164695
0.662
0.662
0.246012
0.347435
0.662
0.0400688
0.311949
0.662
0.662
0.662
0.662
0.662
0.662
0.431584
0.29868
0.418248
0.13037
0.662
0.457187
0.132682
0.662
0.662
0.37428
0.662
0.238397
0.0697882
0.662
0.121719
0.662
0.662
0.474291
0.662
0.662
0.662
0.366735
0.338822
0.662
0.662
0.662
0.662
0.00830331
0.662
0.454137
0.140037
0.467439
0.662
0.662
0.0913169
0.532327
0.213083
0.0343124
0.662
0.662
0.662
0.662
0.662
0.171723
0.662
0.662
0.433489
0.487118
0.662
0.199208
0.106142
0.662
0.662
0.662
0.662
0.155802
0.662
0.662
0.662
0.662
0.662
0.662
0.356066
0.409354
0.010047
0.251559
0.284078
0.662
0.299122
0.662
0.427412
0.446927
0.359093
0.662
0.367862
0.242317
0.480092
0.662
0.662
0.120762
0.662
0.517424
0.662
0.662
0.662
0.310325
0.662
0.42936
0.662
0.332284
0.495585
0.662
0.662
0.662
0.454129
0.465582
0.0642358
0.662
0.662
0.662
0.662
0.228205
0.0894481
0.0989984
0.662
0.662
0.0421441
0.180948
0.662
0.662
0.662
0.137861
0.662
0.264078
0.662
0.662
0.662
0.662
0.662
0.662
0.332132
0.662
0.662
0.662
0.662
0.292385
0.662
0.41182
0.460237
0.662
0.396033
0.0609867
0.662
0.335106
0.662
0.538245
0.662
0.662
0.662
0.662
0.662
0.662
0.662
0.662
0.662
0.332987
0.662
0.662
0.0761407
0.662
0.662
0.662
0.662
0.499676
0.662
0.662
0.662
0.21249
0.211555
0.662
0.662
0.395894
0.520477
0.662
0.140182
0.662
0.662
0.662
0.662
0.662
0.0730311
0.662
0.662
0.448231
0.212085
0.662
0.216541
0.22391
0.396041
0.662
0.662
0.163132
0.45127
0.662
0.662
0.258226
0.662
0.183782
0.662
0.662
0.662
0.0355143
0.662
0.275356
0.500167
0.418656
0.662
0.662
0.662
0.662
0.281174
0.662
0.662
0.542917
0.662
0.662
0.662
0.382963
0.662
0.662
0.662
0.662
0.200561
0.410002
0.662
0.662
0.662
0.662
0.455067
0.388478
0.662
0.374127
0.458712
0.422472
0.132201
0.662
0.662
0.662
0.175246
0.662
0.662
0.662
0.427859
0.544423
0.662
0.662
0.0108036
0.112531
0.291851
0.470175
0.565527
0.179005
0.534829
0.662
0.662
0.662
0.662
0.631298
0.662
0.662
0.662
0.415507
0.190942
0.662
0.257083
0.245928
0.166881
0.25315
0.164485
0.662
0.662
0.298043
0.662
0.662
0.00397748
0.662
0.248541
0.662
0.662
0.323382
0.19899
0.239104
0.662
0.662
0.328303
0.662
0.662
0.391398
0.166439
0.397
0.662
0.567812
0.662
0.092157
0.662
0.469141
0.662
0.662
0.662
0.662
0.365064
0.662
0.662
0.309719
0.330584
0.662
0.376137
0.073387
0.347844
0.662
0.426239
0.301706
0.662
0.362766
0.190753
0.236163
0.4736
0.662
0.18707
0.662
0.0858096
0.419905
0.349548
0.662
0.139804
0.662
0.0552593
0.347417
0.319384
0.329422
0.428637
0.405452
0.282742
0.662
0.155875
0.304132
0.662
0.0794031
0.198499
0.662
0.662
0.662
0.0550683
0.662
0.662
0.662
0.364871
0.265606
0.57982
0.662
0.268454
0.662
0.662
0.183295
0.237521
0.0385072
0.662
0.138534
0.662
0.662
0.253289
0.662
0.293059
0.662
0.255098
0.443171
0.258404
0.516023
0.0354199
0.662
0.456546
0.662
0.662
0.34444
0.319626
0.662
0.175603
0.662
0.546022
0.255531
0.503798
0.662
0.366484
0.662
0.0768916
0.662
0.662
0.662
0.662
0.0288702
0.662
0.662
0.103013
0.662
0.0299033
0.0826005
0.662
0.662
0.108801
0.486974
0.402904
0.662
0.179483
0.662
0.326506
0.390322
0.133236
0.358867
0.662
0.662
0.0166675
0.662
0.662
0.308415
0.458128
0.176166
0.662
0.662
0.412312
0.109231
0.115582
0.662
0.0397368
0.327714
0.611295
0.662
0.662
0.662
0.431442
0.460792
0.367163
0.662
0.413835
0.662
0.662
0.662
0.662
0.662
0.662
0.662
0.662
0.662
0.633391
0.52688
0.435045
0.662
0.39802
0.471852
0.157245
0.662
0.504886
0.662
0.0657436
0.662
0.662
0.662
0.662
0.662
0.357561
0.296821
0.662
0.662
0.662
0.315364
0.0346846
0.662
0.662
0.662
0.662
0.662
0.273751
0.662
0.662
0.662
0.284416
0.240051
0.146288
0.128385
0.317616
0.366732
0.40021
0.662
0.0197749
0.662
0.662
0.662
0.0854227
0.662
0.455244
0.412223
0.662
0.316419
0.662
0.662
0.408785
0.662
0.0231339
0.377203
0.662
0.662
0.662
0.662
0.662
0.662
0.662
0.0712132
0.162927
0.662
0.662
0.173072
0.662
0.197198
0.662
0.662
0.207091
0.211805
0.662
0.662
0.662
0.230481
0.246094
0.662
0.662
0.662
0.662
0.662
0.205898
0.662
0.171192
0.10795
0.204177
0.266582
0.222681
0.662
0.122152
0.662
0.662
0.662
0.662
0.31019
0.662
0.662
0.290678
0.406767
0.662
0.123256
0.662
0.662
0.662
0.662
0.180928
0.662
0.662
0.662
0.662
0.361307
0.662
0.662
0.662
0.223948
0.662
0.454962
0.436331
0.662
0.662
0.662
0.421764
0.662
0.662
0.662
0.354537
0.395822
0.662
0.239849
0.367676
0.444512
0.662
0.662
0.662
0.662
0.662
0.145741
0.224473
0.0123123
0.662
0.202613
0.662
0.581126
0.662
0.161849
0.281795
0.353692
0.471136
0.662
0.662
0.288385
0.662
0.281238
0.418664
0.662
0.481488
0.662
0.662
0.420506
0.662
0.662
0.662
0.322423
0.662
0.28205
0.463409
0.0209569
0.662
0.662
0.435968
0.0819652
0.662
0.662
0.662
0.216511
0.662
0.662
0.370964
0.0379467
0.662
0.662
0.662
0.550505
0.662
0.139605
0.662
0.316217
0.662
0.662
0.445064
0.662
0.662
0.46149
0.662
0.662
0.662
0.0391052
0.453185
0.104173
0.662
0.662
0.662
0.535051
0.298396
0.18821
0.662
0.662
0.299463
0.297672
0.261508
0.662
0.460457
0.662
0.168022
0.662
0.104126
0.169072
0.662
0.662
0.662
0.662
0.662
0.662
0.0867792
0.662
0.437295
0.662
0.662
0.662
0.662
0.0817316
0.0054011
0.662
0.662
0.662
0.662
0.441396
0.662
0.662
0.662
0.233684
0.662
0.309027
0.662
0.662
0.662
0.662
0.662
0.316487
0.662
0.436486
0.662
0.662
0.662
0.662
0.308507
0.662
0.384558
0.662
0.662
0.215133
0.662
0.392124
0.662
0.662
0.662
0.662
0.662
0.662
0.662
0.662
0.431217
0.451573
0.0206329
0.224249
0.268847
0.662
0.631071
0.174488
0.662
0.662
0.413142
0.120774
0.662
0.662
0.464429
0.662
0.662
0.251777
0.321161
0.351844
0.436413
0.0661798
0.2888
0.373865
0.662
0.662
0.170598
0.662
0.230791
0.175288
0.126969
0.025294
0.662
0.0670005
0.662
0.662
0.253889
0.0153876
0.411865
0.488727
0.662
0.662
0.428886
0.662
0.445478
0.0391567
0.662
0.0586523
0.662
0.662
0.0701097
0.211329
0.662
0.662
0.468651
0.662
0.662
0.662
0.662
0.460434
0.418784
0.662
0.662
0.662
0.322002
0.257335
0.662
0.662
0.662
0.324252
0.292921
0.289376
0.662
0.662
0.662
0.662
0.662
0.47218
0.180186
0.662
0.273577
0.662
0.662
0.662
0.39391
0.413817
0.601135
0.143251
0.426974
0.662
0.662
0.662
0.662
0.662
0.662
0.662
0.135141
0.662
0.662
0.0429637
0.662
0.370342
0.662
0.662
0.662
0.662
0.662
0.662
0.662
0.336737
0.283077
0.662
0.662
0.662
0.662
0.662
0.662
0.308035
0.0471693
0.662
0.662
0.662
0.329987
0.662
0.100982
0.662
0.662
0.0285921
0.437638
0.51341
0.662
0.662
0.310683
0.662
0.213964
0.382402
0.662
0.322549
0.662
0.226466
0.662
0.325143
0.349589
0.662
0.662
0.465638
0.662
0.400412
0.662
0.662
0.46032
0.180472
0.197386
0.662
0.224182
0.662
0.243744
0.662
0.0193674
0.662
0.662
0.281197
0.394973
0.662
0.662
0.283152
0.662
0.662
0.0354863
0.662
0.662
0.244407
0.358553
0.662
0.15174
0.211609
0.662
0.0601662
0.662
0.294767
0.662
0.322687
0.0365244
0.466336
0.361825
0.310571
0.662
0.662
0.398517
0.662
0.662
0.662
0.662
0.231729
0.662
0.662
0.662
0.0475039
0.158218
0.102157
0.612538
0.662
0.662
0.662
0.662
0.000280024
0.662
0.355374
0.274803
0.662
0.559336
0.300033
0.662
0.439012
0.284346
0.662
0.662
0.662
0.441663
0.254162
0.120747
0.0894202
0.662
0.662
0.460895
0.0267312
0.259019
0.119332
0.139928
0.662
0.434398
0.662
0.221124
0.662
0.662
0.662
0.0797026
0.355343
0.142689
0.258055
0.662
0.662
0.662
0.608324
0.289852
0.662
0.662
0.0231172
0.662
0.40182
0.662
0.434249
0.662
0.175305
0.662
0.474868
0.384642
0.662
0.27331
0.662
0.104663
0.259669
0.662
0.47099
0.662
0.662
0.464993
0.136725
0.239314
0.662
0.662
0.662
0.17235
0.662
0.094435
0.662
0.662
0.181161
0.168106
0.662
0.662
0.662
0.147083
0.621337
0.334456
0.340063
0.662
0.662
0.416938
0.662
0.0753094
0.662
0.662
0.662
0.662
0.108382
0.440294
0.0722418
0.662
0.457852
0.662
0.370281
0.662
0.662
0.380754
0.242434
0.00426024
0.60862
0.662
0.0709221
0.453957
0.662
0.397618
0.34951
0.662
0.0454084
0.315643
0.662
0.662
0.622802
0.662
0.662
0.662
0.284804
0.248338
0.547656
0.271159
0.335666
0.662
0.662
0.662
0.662
0.662
0.423443
0.662
0.494945
0.364059
0.662
0.454771
0.662
0.552748
0.662
0.662
0.662
0.662
0.19439
0.159682
0.662
0.662
0.662
0.662
0.662
0.361653
0.451734
0.662
0.662
0.00544099
0.222343
0.513132
0.662
0.264887
0.179792
0.0805019
0.662
0.662
0.662
0.163953
0.0693465
0.61969
0.210932
0.223552
0.419078
0.662
0.662
0.447142
0.662
0.662
0.662
0.358078
0.0564988
0.406058
0.414885
0.272817
0.138147
0.466668
0.227144
0.662
0.662
0.662
0.469982
0.158503
0.662
0.0154077
0.662
0.252928
0.310934
0.662
0.206037
0.505149
0.394409
0.662
0.662
0.662
0.0168501
0.662
0.0055931
0.00369598
0.455413
0.662
0.662
0.367775
0.477016
0.662
0.662
0.307924
0.603928
0.662
0.0192272
0.460174
0.662
0.409218
0.662
0.662
0.662
0.662
0.121421
0.581651
0.662
0.295828
0.352134
0.662
0.662
0.393067
0.662
0.169331
0.662
0.073002
0.662
0.662
0.202206
6.1097e-05
0.236576
0.446087
0.0305799
0.662
0.662
0.0165616
0.662
0.420683
0.662
0.662
0.0726885
0.393299
0.662
0.198614
0.00781508
0.238499
0.662
0.138641
0.662
0.118292
0.662
0.662
0.662
0.662
0.662
0.662
0.662
0.662
0.662
0.348495
0.662
0.662
0.0452454
0.431846
0.662
0.662
0.287495
0.662
0.355028
0.157479
0.662
0.662
0.125454
0.662
0.662
0.00374037
0.387662
0.662
0.662
0.248338
0.457282
0.580297
0.662
0.430496
0.662
0.0701855
0.662
0.662
0.363787
0.662
0.4086
0.662
0.662
0.662
0.662
0.662
0.662
0.662
0.662
0.662
0.0196339
0.427121
0.585216
0.662
0.662
0.662
0.662
0.662
0.662
0.662
0.495389
0.662
0.218011
0.455386
0.662
0.430482
0.662
0.47436
0.662
0.662
0.662
0.662
0.662
0.662
0.662
0.00108527
0.285225
0.662
0.533142
0.241714
0.662
0.662
0.662
0.662
0.183395
0.429681
0.662
0.662
0.45404
0.662
0.150413
0.662
0.662
0.154447
0.208732
0.662
0.662
0.0826265
0.662
0.298856
0.662
0.662
0.662
0.321561
0.662
0.388144
0.287212
0.231115
0.662
0.662
0.481196
0.662
0.233284
0.271502
0.662
0.25435
0.231341
0.590502
0.662
0.662
0.662
0.196348
0.00956691
0.0864065
0.487523
0.662
0.662
0.344168
0.662
0.185202
0.662
0.158473
0.015473
0.662
0.404892
0.662
0.662
0.662
0.662
0.105984
