0.367316
0.662
0.0845208
0.0413631
0.662
0.662
0.662
0.124149
0.662
0.381964
0.0684222
0.161736
0.662
0.306885
0.662
0.337855
0.356135
0.662
0.397208
0.309133
0.662
0.662
0.0531416
0.297193
0.662
0.662
0.3821
0.370787
0.105965
0.662
0.475935
0.0237724
0.662
0.662
0.662
0.526996
0.382956
0.662
0.662
0.469355
0.418717
0.662
0.662
0.662
0.289511
0.0466911
0.662
0.366835
0.412277
0.662
0.410722
0.238907
0.662
0.162027
0.662
0.42573
0.408712
0.495026
0.662
0.291707
0.662
0.283182
0.662
0.662
0.662
0.368109
0.118382
0.662
0.335098
0.662
0.662
0.215677
0.662
0.662
0.662
0.662
0.117307
0.0753771
0.662
0.662
0.00526203
0.256256
0.362561
0.662
0.662
0.653318
0.662
0.662
0.662
0.662
0.662
0.100905
0.662
0.499121
0.0475618
0.662
0.260602
0.662
0.43477
0.662
0.662
0.0109411
0.662
0.662
0.662
0.662
0.662
0.0702158
0.662
0.276663
0.216047
0.174843
0.590226
0.662
0.662
0.662
0.14791
0.662
0.662
0.0736961
0.662
0.335465
0.23711
0.662
0.662
0.0834627
0.662
0.128017
0.662
0.662
0.218812
0.375165
0.662
0.662
0.409197
0.662
0.662
0.216503
0.662
0.368821
0.662
0.150857
0.403476
0.0544494
0.418478
0.662
0.662
0.0408831
0.662
0.662
0.662
0.662
0.184278
0.347536
0.662
0.446661
0.662
0.662
0.0129513
0.198739
0.244371
0.267745
0.662
0.662
0.0599994
0.491826
0.662
0.437932
0.662
0.332617
0.662
0.662
0.590119
0.662
0.357264
0.402506
0.368422
0.0932094
0.233508
0.662
0.662
0.662
0.662
0.662
0.0290464
0.662
0.662
0.388926
0.662
0.0674488
0.662
0.108331
0.662
0.330295
0.625179
0.662
0.289479
0.386575
0.304831
0.108063
0.226942
0.662
0.662
0.662
0.301039
0.662
0.662
0.00342553
0.139876
0.662
0.443463
0.662
0.101589
0.180893
0.662
0.000576119
0.247109
0.460546
0.272093
0.662
0.498477
0.662
0.662
0.0168864
0.0237486
0.662
0.084319
0.460588
0.662
0.317371
0.662
0.328179
0.628981
0.390261
0.662
0.232113
0.193384
0.10341
0.0201125
0.211969
0.496781
0.495943
0.662
0.662
0.662
0.266033
0.0650348
0.368107
0.0120813
0.662
0.662
0.662
0.662
0.3966
0.662
0.128749
0.662
0.0928834
0.217301
0.662
0.499033
0.317937
0.511225
0.341928
0.662
0.0597917
0.662
0.268658
0.257575
0.336985
0.348019
0.662
0.662
0.149635
0.662
0.662
0.273671
0.662
0.662
0.448067
0.570681
0.662
0.662
0.662
0.662
0.662
0.361127
0.662
0.368431
0.662
0.662
0.46754
0.662
0.662
0.405968
0.240105
0.339609
0.662
0.0653732
0.0755596
0.396427
0.433647
0.662
0.662
0.0562958
0.662
0.227707
0.223434
0.34704
0.662
0.662
0.662
0.662
0.583439
0.662
0.662
0.43952
0.662
0.47591
0.228507
0.662
0.662
0.453804
0.662
0.103828
0.662
0.247277
0.662
0.662
0.268674
0.662
0.363841
0.341357
0.662
0.662
0.00278841
0.662
0.123635
0.662
0.662
0.662
0.332022
0.662
0.662
0.239667
0.662
0.662
0.662
0.0392705
0.328012
0.190759
0.240665
0.289231
0.345114
0.446356
0.423586
0.248988
0.662
0.662
0.662
0.362163
0.243728
0.662
0.00136933
0.662
0.662
0.662
0.662
0.662
0.662
0.662
0.662
0.662
0.133084
0.662
0.430117
0.662
0.662
0.336792
0.662
0.662
0.0533203
0.662
0.662
0.662
0.0315693
0.662
0.186622
0.662
0.0512126
0.0611076
0.403792
0.662
0.145704
0.176472
0.00531876
0.0425379
0.662
0.662
0.662
0.231358
0.455685
0.662
0.662
0.330913
0.662
0.405798
0.662
0.662
0.662
0.662
0.0871442
0.541733
0.652732
0.422795
0.662
0.568227
0.175942
0.356988
0.662
0.284261
0.662
0.296111
0.662
0.119372
0.434998
0.204226
0.662
0.317302
0.662
0.531429
0.662
0.56613
0.578429
0.662
0.0285355
0.176436
0.633391
0.662
0.304847
0.0124985
0.662
0.311426
0.344778
0.662
0.512217
0.101329
0.481802
0.0910021
0.515459
0.662
0.171299
0.662
0.662
0.0291599
0.662
0.662
0.662
0.145309
0.273241
0.235593
0.172552
0.142087
0.662
0.662
0.662
0.267674
0.421911
0.330054
0.5648
0.662
0.473349
0.662
0.252965
0.416289
0.230793
0.662
0.328334
0.662
0.662
0.662
0.662
0.662
0.662
0.662
0.322755
0.662
0.265913
0.45997
0.163813
0.662
0.662
0.126928
0.0155683
0.305546
0.0384568
0.662
0.662
0.476757
0.662
0.662
0.122967
0.662
0.0723596
0.662
0.279835
0.0338325
0.662
0.057114
0.183211
0.662
0.662
0.662
0.662
0.362948
0.227462
0.207929
0.662
0.143843
0.111324
0.662
0.662
0.662
0.662
0.662
0.624937
0.0480605
0.0467623
0.379804
0.662
0.662
0.662
0.662
0.662
0.662
0.662
0.205758
0.662
0.29718
0.662
0.291301
0.214257
0.662
0.662
0.106553
0.425568
0.662
0.130631
0.662
0.0898014
0.662
0.309903
0.187597
0.250859
0.662
0.416123
0.662
0.662
0.191979
0.412125
0.662
0.126624
0.662
0.662
0.662
0.0109438
0.662
0.194162
0.32113
0.662
0.149271
0.662
0.662
0.662
0.296937
0.662
0.662
0.190017
0.184127
0.662
0.289992
0.189297
0.662
0.662
0.0526588
0.372414
0.662
0.146683
0.662
0.662
0.146742
0.662
0.662
0.468444
0.282548
0.430347
0.432877
0.303565
0.662
0.0893709
0.192357
0.453389
0.662
0.662
0.157905
0.662
0.662
0.141429
0.662
0.662
0.662
0.662
0.316467
0.0315849
0.220256
0.662
0.662
0.662
0.0283394
0.4616
0.0439147
0.662
0.662
0.362441
0.140522
0.662
0.662
0.209568
0.0977123
0.0238998
0.662
0.18599
0.662
0.00296748
0.157202
0.662
0.662
0.662
0.662
0.662
0.0275517
0.662
0.662
0.662
0.662
0.384759
0.662
0.252503
0.427912
0.662
0.319452
0.10179
0.662
0.410551
0.662
0.662
0.203523
0.662
0.427961
0.662
0.662
0.662
0.390097
0.662
0.23896
0.41818
0.13133
0.662
0.346046
0.574161
0.662
0.148105
0.0908775
0.662
0.662
0.213038
0.235747
0.226636
0.662
0.279052
0.328363
0.391051
0.662
0.0276249
0.662
0.662
0.662
0.198224
0.284101
0.662
0.662
0.662
0.662
0.441368
0.662
0.214502
0.662
0.138922
0.448
0.36255
0.312782
0.662
0.204282
0.0601511
0.662
0.360221
0.520961
0.662
0.18953
0.662
0.168971
0.662
0.105804
0.662
0.662
0.662
0.0419735
0.662
0.500527
0.00896919
0.662
0.662
0.662
0.662
0.0360193
0.183477
0.662
0.662
0.218665
0.662
0.456654
0.633761
0.0673077
0.182099
0.48446
0.364219
0.662
0.0259293
0.11782
0.468412
0.194076
0.662
0.662
0.295006
0.662
0.662
0.662
0.354926
0.19216
0.483535
0.662
0.188567
0.435498
0.662
0.332037
0.451001
0.662
0.185698
0.662
0.35336
0.0599218
0.310047
0.662
0.122741
0.44401
0.198091
0.662
0.310679
0.295611
0.443485
0.662
0.662
0.662
0.429301
0.195108
0.169937
0.662
0.662
0.662
0.36751
0.359061
0.662
0.161974
0.210046
0.662
0.248437
0.662
0.0560373
0.662
0.662
0.0700359
0.286058
0.010025
0.662
0.328312
0.662
0.662
0.449266
0.191564
0.275889
0.662
0.662
0.662
0.421515
0.662
0.332512
0.118187
0.662
0.662
0.00983086
0.209504
0.510014
0.662
0.286553
0.487554
0.662
0.662
0.0948789
0.662
0.485711
0.495649
0.662
0.330815
0.662
0.592352
0.254773
0.662
0.0063794
0.0276142
0.0983465
0.662
0.210864
0.662
0.662
0.662
0.662
0.662
0.662
0.000563044
0.662
0.218372
0.662
0.0859155
0.662
