0.0806159
0.219948
0.662
0.662
0.207091
0.303895
0.124486
0.662
0.662
0.498738
0.258577
0.344312
0.662
0.3675
0.662
0.388743
0.662
0.662
0.0968621
0.261621
0.662
0.603874
0.602045
0.662
0.662
0.430334
0.429305
0.662
0.0502671
0.368429
0.662
0.337363
0.662
0.24158
0.411031
0.212603
0.116832
0.160271
0.662
0.662
0.662
0.292
0.0517509
0.662
0.572141
0.662
0.453404
0.426213
0.662
0.662
0.662
0.662
0.0681112
0.662
0.274429
0.662
0.662
0.351462
0.329603
0.471758
0.662
0.0212116
0.662
0.662
0.0642651
0.662
0.662
0.113247
0.0224089
0.604527
0.662
0.662
0.206988
0.662
0.662
0.240067
0.662
0.534941
0.29959
0.662
0.662
0.0369779
0.394411
0.404798
0.662
0.263496
0.662
0.662
0.662
0.662
0.662
0.299667
0.346102
0.662
0.192823
0.662
0.662
0.662
0.0816488
0.409802
0.662
0.662
0.322417
0.662
0.629706
0.411822
0.662
0.297945
0.662
0.543791
0.662
0.662
0.662
0.246197
0.662
0.662
0.393854
0.217994
0.662
0.662
0.50402
0.433368
0.662
0.662
0.662
0.662
0.1329
0.490318
0.162637
0.235129
0.662
0.662
0.662
0.504102
0.210322
0.662
0.482008
0.479922
0.189259
0.10666
0.245516
0.662
0.231823
0.0792695
0.338439
0.662
0.662
0.590472
0.0931538
0.270578
0.662
0.200515
0.568374
0.662
0.662
0.390631
0.662
0.662
0.662
0.154987
0.662
0.31191
0.662
0.376736
0.662
0.197198
0.662
0.0532742
0.167236
0.233284
0.0795304
0.522402
0.158052
0.357916
0.436613
0.662
0.11584
0.662
0.238184
0.662
0.149075
0.662
0.010199
0.662
0.310838
0.0227861
0.662
0.235026
0.662
0.618058
0.463016
0.662
0.662
0.309757
0.662
0.662
0.662
0.662
0.662
0.662
0.274041
0.219572
0.217999
0.474167
0.662
0.500414
0.662
0.662
0.403319
0.662
0.662
0.662
0.0937002
0.365174
0.662
0.329099
0.0365244
0.662
0.0328812
0.662
0.168315
0.662
0.662
0.421804
0.662
0.390563
0.662
0.662
0.303655
0.508532
0.662
0.662
0.404812
0.0959675
0.662
0.40153
0.139185
0.662
0.662
0.662
0.0114256
0.47808
0.662
0.34062
0.448059
0.000298585
0.585461
0.662
0.112046
0.662
0.439253
0.662
0.071064
0.662
0.662
0.45393
0.662
0.662
0.662
0.662
0.662
0.105822
0.662
0.662
0.662
0.662
0.0772915
0.662
0.371448
0.662
0.662
0.662
0.662
0.276742
0.662
0.662
0.117559
0.662
0.265003
0.19402
0.662
0.662
0.662
0.662
0.632364
0.167776
0.662
0.0610066
0.295289
0.662
0.662
0.662
0.269655
0.662
0.198705
0.662
0.662
0.662
0.662
0.662
0.662
0.452496
0.662
0.662
0.0727959
0.261692
0.662
0.662
0.662
0.662
0.662
0.662
0.0549875
0.662
0.662
0.662
0.662
0.662
0.0833005
0.662
0.0958688
0.662
0.318889
0.662
0.26293
0.662
0.662
0.449866
0.284088
0.662
0.351602
0.316487
0.3372
0.662
0.662
0.39923
0.221487
0.184973
0.662
0.272339
0.488327
0.662
0.329868
0.662
0.350462
0.294786
0.662
0.307211
0.662
0.662
0.662
0.278098
0.089484
0.662
0.662
0.662
0.267705
0.662
0.0968361
0.662
0.662
0.00168814
0.0964389
0.63339
0.662
0.210481
0.662
0.662
0.200165
0.0559044
0.662
0.662
0.448488
0.176961
0.662
0.662
0.662
0.11129
0.662
0.662
0.662
0.662
0.662
0.256117
0.160262
0.662
0.0453829
0.31144
0.662
0.662
0.204177
0.25739
0.552199
0.341625
0.662
0.662
0.113249
0.219945
0.662
0.662
0.00110343
0.355335
0.662
0.662
0.137018
0.662
0.0590117
0.180044
0.131609
0.662
0.662
0.662
0.563205
0.662
0.662
0.0871464
0.662
0.662
0.0310597
0.118486
0.314962
0.662
0.662
0.662
0.662
0.662
0.456784
0.412658
0.19948
0.261386
0.577133
0.476775
0.138548
0.662
0.662
0.476955
0.662
0.662
0.662
0.281182
0.662
0.662
0.662
0.196224
0.314471
0.393902
0.662
0.409264
0.662
0.398843
0.662
0.0755568
0.662
0.314488
0.422458
0.662
0.662
0.662
0.229233
0.322693
0.662
0.662
0.662
0.662
0.449091
0.302516
0.533564
0.662
0.316954
0.662
0.432361
0.330617
0.662
0.227313
0.662
0.162834
0.662
0.662
0.662
0.662
0.238698
0.662
0.662
0.276801
0.662
0.662
0.662
0.662
0.312657
0.276165
0.189887
0.533847
0.662
0.488446
0.437519
0.662
0.000422636
0.373786
0.662
0.662
0.662
0.662
0.0568205
0.662
0.149692
0.471387
0.662
0.662
0.0980235
0.662
0.164959
0.0836551
0.662
0.662
0.349142
0.662
0.662
0.662
0.662
0.662
0.662
0.563971
0.662
0.540245
0.662
0.662
0.662
0.428179
0.00863022
0.662
0.662
0.059716
0.200069
0.382871
0.604932
0.662
0.662
0.337093
0.0473306
0.662
0.662
0.662
0.464679
0.662
0.662
0.662
0.662
0.662
0.0957932
0.280166
0.662
0.662
0.662
0.662
0.662
0.662
0.190126
0.662
0.022889
0.231789
0.662
0.131127
0.539884
0.10661
0.06234
0.662
0.302672
0.215961
0.662
0.439578
0.0634222
0.662
0.662
0.662
0.662
0.372477
0.264202
0.125767
0.662
0.662
0.662
0.339185
0.406428
0.662
0.451243
0.662
0.456461
0.662
0.662
0.662
0.240531
0.401517
0.662
0.662
0.662
0.311573
0.0709173
0.662
0.366014
0.662
0.357188
0.662
0.20941
0.500006
0.662
0.662
0.662
0.662
0.662
0.662
0.662
0.662
0.162013
0.662
0.662
0.409294
0.333247
0.662
0.662
0.162927
0.374741
0.662
0.662
0.171635
0.470623
0.662
0.26994
0.662
0.662
0.16534
0.396406
0.662
0.662
0.662
0.228524
0.25518
0.662
0.662
0.662
0.662
0.662
0.662
0.246516
0.662
0.3255
0.662
0.17085
0.662
0.338574
0.662
0.662
0.662
0.537007
0.662
0.629706
0.662
0.662
0.322312
0.662
0.242796
0.240593
0.192551
0.662
0.135023
0.662
0.662
0.209214
0.662
0.662
0.337861
0.489204
0.662
0.662
0.662
0.340804
0.261723
0.662
0.662
0.662
0.662
0.0370082
0.662
0.17367
0.280948
0.662
0.662
0.3664
0.389343
0.662
0.662
0.254733
0.369367
0.473763
0.662
0.662
0.0644327
0.394422
0.560702
0.662
0.412838
0.662
0.0859326
0.337329
0.662
0.280756
0.662
0.297603
0.391186
0.662
0.265665
0.662
0.34711
0.662
0.390267
0.448245
0.662
0.45004
0.148728
0.662
0.445607
0.662
0.236882
0.662
0.662
0.472844
0.358675
0.662
0.662
0.662
0.662
0.662
0.662
0.662
0.662
0.089606
0.662
0.31008
0.312737
0.228882
0.449584
0.338258
0.662
0.662
0.662
0.662
0.662
0.662
0.662
0.662
0.662
0.197509
0.143067
0.172507
0.662
0.477457
0.662
0.662
0.38981
0.662
0.485107
0.662
0.662
0.662
0.662
0.662
0.405452
0.354686
0.662
0.392064
0.0953151
0.435448
0.387692
0.0469828
0.662
0.662
0.662
0.662
0.0744284
0.662
0.662
0.472898
0.170126
0.662
0.662
0.662
0.150738
0.05235
0.662
0.662
0.662
0.181658
0.662
0.305857
0.662
0.662
0.266443
0.470734
0.662
0.0523358
0.662
0.478981
0.477595
0.662
0.662
0.220406
0.285484
0.467301
0.276469
0.662
0.446966
0.10494
0.00154178
0.662
0.417609
0.0802997
0.662
0.662
0.472381
0.662
0.662
0.662
0.281808
0.149552
0.662
0.269642
0.662
0.303568
0.415988
0.42936
0.662
0.160019
0.662
0.662
0.662
0.117394
0.662
0.662
0.415648
0.420877
0.662
0.2349
0.160197
0.22138
0.662
0.662
0.409363
0.662
0.662
0.331534
0.0773283
0.662
0.662
0.297759
0.140028
0.662
0.458172
0.429278
0.662
0.662
0.662
0.2707
0.662
0.662
0.662
0.213576
0.316808
0.300027
0.0288266
0.449049
0.662
0.662
0.296147
0.662
0.662
0.527792
0.662
0.662
0.44505
0.662
0.249491
0.63309
0.206731
0.556055
0.662
0.241927
0.662
0.112752
0.179585
0.46595
0.471031
0.190753
0.412365
0.565914
0.662
0.662
0.277183
0.662
0.662
0.662
0.207222
0.662
0.662
0.283096
0.0849717
0.353262
0.662
0.403632
0.662
0.662
0.0556661
0.144419
0.662
0.662
0.264176
0.167962
0.662
0.662
0.662
0.0106117
0.662
0.41969
0.464604
0.662
0.193772
0.662
0.662
0.662
0.468193
0.662
0.63339
0.662
0.662
0.662
0.142808
0.662
0.662
0.662
0.339958
0.148912
0.662
0.662
0.205866
0.225041
0.662
0.0569214
0.325129
0.662
0.662
0.425142
0.662
0.662
0.208969
0.662
0.662
0.662
0.0682599
0.662
0.27434
0.662
0.336745
0.024865
0.662
0.662
0.317013
0.259938
0.160121
0.382084
0.662
0.276839
0.126653
0.662
0.662
0.662
0.305934
0.453966
0.662
0.441083
0.662
0.662
0.662
0.190505
0.662
0.414756
0.0655936
0.211067
0.169947
0.0940759
0.662
0.143791
0.662
0.662
0.662
0.662
0.662
0.377312
0.662
0.348018
0.0178622
0.431667
0.662
0.662
0.662
0.367177
0.662
0.19497
0.0585923
0.463409
0.311477
0.662
0.662
0.200526
0.0365505
0.662
0.662
0.430365
0.30852
0.662
0.662
0.662
0.662
0.662
0.160319
0.11701
0.662
0.0833728
0.662
0.411378
0.254194
0.662
0.152274
0.438098
0.662
0.341158
0.662
0.662
0.172776
0.662
0.441663
0.0739847
0.184204
0.662
0.662
0.662
0.662
0.27108
0.662
0.0952612
0.662
0.662
0.662
0.662
0.662
0.662
0.662
0.474887
0.480605
0.121659
0.662
0.662
0.662
0.51157
0.662
0.662
0.662
0.283134
0.662
0.662
0.330433
0.662
0.662
0.662
0.662
0.345877
0.182245
0.252613
0.662
0.242333
0.353942
0.345353
0.135025
0.662
0.0727647
0.662
0.294325
0.662
0.662
0.662
0.662
0.662
0.397987
0.662
0.662
0.0622781
0.662
0.239552
0.144967
0.413947
0.527982
0.180079
0.439386
0.662
0.662
0.662
0.327908
0.636157
0.662
0.662
0.662
0.327513
0.266176
0.0621566
0.170876
0.662
0.662
0.662
0.416503
0.662
0.264983
0.315447
0.662
0.0112376
0.662
0.391467
0.662
0.341439
0.662
0.0495668
0.482921
0.662
0.662
0.662
0.503205
0.662
0.662
0.662
0.662
0.488748
0.356463
0.432971
0.50772
0.662
0.19026
0.662
0.662
0.249022
0.662
0.543956
0.529203
0.106309
0.212891
0.247533
0.662
0.50644
0.662
0.23047
0.232471
0.662
0.456159
0.662
0.194715
0.252731
0.090123
0.613162
0.662
0.662
0.662
0.662
0.512713
0.411066
0.286634
0.49037
0.00822371
0.662
0.662
0.662
0.191401
0.662
0.662
0.662
0.00901462
0.590256
0.662
0.145662
0.662
0.662
0.662
0.662
0.662
0.662
0.662
0.0446085
0.225264
0.662
0.647786
0.662
0.662
0.662
0.662
0.455729
0.662
0.442692
0.140423
0.528511
0.662
0.662
0.662
0.193017
0.662
0.662
0.662
0.662
0.662
0.662
0.301435
0.00982865
0.662
0.233304
0.662
0.662
0.662
0.283533
0.662
0.662
0.662
0.0514774
0.418668
0.482875
0.5242
0.118839
0.662
0.56406
0.112536
0.662
0.31592
0.209435
0.662
0.662
0.662
0.184264
0.0772191
0.662
0.662
0.0760252
0.0950496
0.135772
0.662
0.662
0.662
0.221409
0.2136
0.662
0.662
0.258569
0.662
0.16664
0.662
0.21083
0.662
0.662
0.380614
0.182911
0.662
0.629763
0.662
0.662
0.198238
0.662
0.662
0.662
0.0151314
0.208517
0.223343
0.20087
0.662
0.662
0.307188
0.0714238
0.437417
0.662
0.662
0.662
0.662
0.662
0.414325
0.662
0.207229
0.662
0.0793255
0.662
0.199394
0.662
0.662
0.0537733
0.238266
0.488468
0.291978
0.662
0.662
0.662
0.662
0.662
0.160796
0.134712
0.662
0.0818734
0.662
0.662
0.662
0.662
0.238612
0.21838
0.662
0.471392
0.662
0.662
0.373683
0.662
0.662
0.204682
0.127997
0.662
0.00901334
0.662
0.662
0.662
0.342272
0.185353
0.40649
0.662
0.662
0.173958
0.662
0.662
0.662
0.20828
0.452071
0.0149497
0.662
0.100654
0.662
0.662
0.458029
0.662
0.662
0.662
0.662
0.662
0.662
0.229791
0.203288
0.0243969
0.411682
0.662
0.314264
0.662
0.440374
0.11877
0.662
0.662
0.131968
0.662
0.662
0.662
0.131797
0.662
0.12218
0.662
0.662
0.662
0.662
0.292208
0.662
0.303007
0.662
0.544918
0.662
0.356832
0.662
0.662
0.662
0.662
0.662
0.662
0.115787
0.662
0.662
0.199111
0.662
0.662
0.662
0.30602
0.662
0.554132
0.143825
0.662
0.662
0.662
0.366778
0.662
0.31144
0.662
0.0580793
0.662
0.16884
0.0526168
0.662
0.239222
0.662
0.662
0.662
0.427984
0.172608
0.366739
0.662
0.662
0.662
0.662
0.662
0.1155
0.662
0.662
0.229459
0.288244
0.662
0.662
0.662
0.662
0.435037
0.662
0.662
0.40023
0.662
0.662
0.441187
0.662
0.588606
0.182663
0.662
0.662
0.662
0.263339
0.662
0.662
0.662
0.662
0.662
0.113279
0.662
0.662
0.265391
0.0611007
0.662
0.404026
0.0185006
0.169633
0.662
0.662
0.662
0.428145
0.662
0.417009
0.34509
0.517905
0.4101
