0.662
0.662
0.0929205
0.299683
0.662
0.662
0.662
0.229345
0.662
0.107705
0.331415
0.462965
0.662
0.460111
0.355707
0.662
0.662
0.392142
0.295817
0.662
0.113854
0.662
0.25537
0.662
0.460361
0.662
0.235857
0.662
0.662
0.144427
0.662
0.662
0.662
0.662
0.265594
0.0108417
0.461288
0.662
0.135425
0.662
0.662
0.361373
0.0613093
0.199039
0.314665
0.662
0.39004
0.034941
0.647426
0.662
0.405886
0.459639
0.0324146
0.662
0.244921
0.35467
0.304953
0.662
0.0268268
0.448046
0.662
0.662
0.149882
0.204637
0.524828
0.149428
0.662
0.289276
0.662
0.159736
0.0837992
0.662
0.662
0.662
0.464075
0.662
0.273586
0.141261
0.264932
0.662
0.662
0.191274
0.259107
0.659633
0.662
0.662
0.662
0.662
0.435443
0.410397
0.616018
0.662
0.637255
0.0276014
0.471433
0.662
0.0571754
0.662
0.382616
0.662
0.662
0.344455
0.662
0.662
0.662
0.662
0.662
0.662
0.217949
0.662
0.296068
0.662
0.145203
0.662
0.662
0.166382
0.0519703
0.166233
0.191248
0.0435433
0.662
0.297581
0.662
0.234355
0.290264
0.264127
0.0196577
0.662
0.335655
0.662
0.662
0.35956
0.662
0.662
0.662
0.494338
0.0671187
0.662
0.662
0.662
0.643426
0.662
0.662
0.662
0.214724
0.236321
0.662
0.541597
0.662
0.662
0.662
0.662
0.662
0.662
0.367258
0.662
0.662
0.495621
0.662
0.662
0.662
0.662
0.362289
0.485968
0.662
0.662
0.224831
0.662
0.328236
0.4692
0.111781
0.662
0.662
0.662
0.217472
0.0968718
0.662
0.662
0.456743
0.662
0.662
0.662
0.0990928
0.375755
0.0877666
0.388065
0.662
0.662
0.419906
0.450719
0.662
0.662
0.662
0.662
0.662
0.317942
0.599664
0.662
0.024668
0.531274
0.270806
0.120078
0.207214
0.662
0.662
0.662
0.662
0.662
0.662
0.662
0.662
0.662
0.163452
0.662
0.662
0.220552
0.0433003
0.662
0.336727
0.255637
0.662
0.662
0.662
0.119649
0.662
0.662
0.662
0.226429
0.282542
0.662
0.254996
0.0164485
0.662
0.464638
0.662
0.662
0.338603
0.662
0.307322
0.175181
0.662
0.662
0.662
0.0983789
0.662
0.662
0.165515
0.662
0.662
0.42224
0.0425393
0.662
0.509198
0.662
0.662
0.662
0.662
0.445048
0.28288
0.107878
0.662
0.662
0.390319
0.662
0.662
0.662
0.0319829
0.411755
0.292433
0.662
0.662
0.211397
0.633693
0.662
0.124451
0.662
0.662
0.662
0.09463
0.662
0.662
0.662
0.662
0.662
0.662
0.662
0.373213
0.226029
0.662
0.662
0.662
0.662
0.662
0.330676
0.467251
0.662
0.662
0.0591247
0.127801
0.218975
0.10935
0.662
0.45341
0.299374
0.111338
0.662
0.461701
0.662
0.134778
0.0303634
0.358982
0.0697633
0.00955044
0.662
0.662
0.498684
0.662
0.437338
0.0146925
0.208083
0.353208
0.662
0.662
0.323414
0.0586186
0.299444
0.662
0.0578643
0.358468
0.662
0.662
0.662
0.662
0.0969174
0.662
0.125399
0.340315
0.0285254
0.211145
0.00570873
0.292626
0.662
0.662
0.662
0.662
0.436229
0.253284
0.462437
0.344546
0.146851
0.199707
0.662
0.18622
0.662
0.252275
0.319231
0.203608
0.662
0.662
0.122943
0.662
0.133543
0.662
0.195329
0.565489
0.179261
0.662
0.44383
0.662
0.0433282
0.662
0.662
0.662
0.662
0.662
0.333187
0.662
0.662
0.212574
0.080434
0.662
0.662
0.662
0.662
0.662
0.662
0.662
0.662
0.662
0.433992
0.225937
0.14501
0.662
0.662
0.464481
0.662
0.662
0.52305
0.450575
0.199268
0.234677
0.662
0.662
0.662
0.190649
0.42662
0.31904
0.662
0.211389
0.662
0.341364
0.662
0.450885
0.662
0.662
0.391286
0.602307
0.662
0.192709
0.365191
0.129821
0.662
0.662
0.662
0.226629
0.260394
0.0603563
0.662
0.662
0.662
0.440746
0.326034
0.120274
0.662
0.367639
0.275003
0.662
0.662
0.662
0.234378
0.662
0.205808
0.200404
0.129144
0.113084
0.0832439
0.662
0.662
0.662
0.662
0.180773
0.662
0.662
0.662
0.292555
0.662
0.662
0.662
0.33597
0.198382
0.662
0.662
0.662
0.351478
0.138279
0.375662
0.662
0.662
0.662
0.242137
0.167817
0.662
0.243074
0.276733
0.203336
0.0540038
0.662
0.208882
0.175616
0.662
0.241243
0.452937
0.662
0.660038
0.662
0.662
0.662
0.662
0.662
0.334571
0.243907
0.662
0.662
0.662
0.662
0.662
0.662
0.662
0.319982
0.662
0.464347
0.174785
0.60974
0.174213
0.662
0.662
0.662
0.662
0.662
0.662
0.662
0.662
0.08482
0.313858
0.37941
0.630101
0.423704
0.079836
0.662
0.662
0.271017
0.20582
0.0283854
0.384714
0.662
0.662
0.22177
0.662
0.0226975
0.190982
0.662
0.362041
0.662
0.662
0.662
0.662
0.247696
0.481256
0.0473778
0.662
0.139367
0.241807
0.662
0.179369
0.662
0.662
0.425524
0.662
0.662
0.662
0.662
0.214418
0.229269
0.662
0.349646
0.263911
0.662
0.662
0.389288
0.662
0.440998
0.662
0.263564
0.426763
0.327981
0.400147
0.662
0.121203
0.662
0.662
0.662
0.662
0.662
0.283323
0.662
0.662
0.662
0.662
0.662
0.662
0.662
0.662
0.222663
0.662
0.341494
0.032798
0.360409
0.245651
0.0711346
0.662
0.662
0.330093
0.15238
0.662
0.162439
0.662
0.662
0.662
0.662
0.662
0.297785
0.417418
0.187379
0.662
0.0275292
0.662
0.205058
0.263238
0.662
0.662
0.662
0.216279
0.662
0.413051
0.0497989
0.662
0.662
0.662
0.279455
0.371343
0.662
0.635974
0.662
0.252279
0.662
0.277162
0.662
0.662
0.662
0.662
0.303973
0.662
0.466554
0.662
0.662
0.662
0.517804
0.33824
0.662
0.289064
0.662
0.662
0.662
0.662
0.423589
0.662
0.19367
0.662
0.344338
0.662
0.662
0.662
0.662
0.662
0.590049
0.248072
0.466082
0.10851
0.662
0.18571
0.662
0.662
0.556577
0.328318
0.063674
0.662
0.0631514
0.662
0.662
0.662
0.143633
0.32275
0.423816
0.662
0.270562
0.662
0.266261
0.332699
0.450316
0.0302308
0.662
0.273183
0.109799
0.560192
0.211373
0.662
0.662
0.662
0.416481
0.315584
0.343866
0.662
0.033992
0.662
0.662
0.199089
0.662
0.519313
0.250599
0.457879
0.0878025
0.0416975
0.662
0.662
0.538273
0.422476
0.662
0.459729
0.662
0.247568
0.635413
0.662
0.448162
0.24111
0.662
0.662
0.0126339
0.450063
0.477425
0.662
0.221897
0.662
0.189273
0.141289
0.662
0.662
0.662
0.476165
0.662
0.662
0.662
0.662
0.662
0.385808
0.662
0.172344
0.662
0.407616
0.662
0.662
0.278183
0.662
0.662
0.662
0.662
0.048524
0.289869
0.662
0.662
0.47054
0.662
0.662
0.166155
0.662
0.219274
0.447445
0.242066
0.662
0.373639
0.662
0.150543
0.662
0.256402
0.662
0.662
0.441743
0.662
0.662
0.662
0.323453
0.662
0.662
0.662
0.662
0.662
0.662
0.151234
0.662
0.136439
0.662
0.396372
0.662
0.662
0.662
0.284612
0.259882
0.0113657
0.662
0.662
0.432126
0.662
0.162998
0.662
0.662
0.493969
0.662
0.105548
0.662
0.447163
0.662
0.662
0.256867
0.633391
0.408929
0.662
0.441379
0.392669
0.437901
0.662
0.662
0.223179
0.662
0.370026
0.332366
0.267655
0.357202
0.167934
0.161788
0.297882
0.662
0.148892
0.662
0.0382627
0.474716
0.662
0.0415039
0.187088
0.662
0.0592876
0.0733765
0.662
0.662
0.662
0.225958
0.329537
0.0871106
0.268143
0.437809
0.662
0.158568
0.662
0.662
0.662
0.470203
0.0706733
0.487755
0.112455
0.135385
0.662
0.397828
0.662
0.28724
0.662
0.662
0.329658
0.127211
0.283256
0.230976
0.274001
0.446242
0.237304
0.662
0.662
0.519735
0.662
0.348639
0.662
0.662
0.662
0.662
0.662
0.13145
0.662
0.228866
0.378529
0.662
0.146121
0.523702
0.662
0.662
0.662
0.662
0.0332187
0.662
0.662
0.205074
0.417507
0.662
0.662
0.662
0.131513
0.662
0.662
0.403892
0.0451185
0.662
0.662
0.567077
0.435833
0.662
0.662
0.662
0.354634
0.45827
0.662
0.332736
0.520168
0.662
0.400449
0.469788
0.662
0.0779119
0.662
0.0720532
0.169475
0.662
0.409131
0.132974
0.452008
0.662
0.149394
0.253255
0.662
0.148569
0.466083
0.173661
0.662
0.662
0.375416
0.662
0.317843
0.662
0.036181
0.662
0.662
0.662
0.364049
0.662
0.662
0.662
0.402272
0.662
0.662
0.42086
0.284647
0.215868
0.662
0.356608
0.350405
0.662
0.352236
0.457239
0.662
0.662
0.185863
0.389791
0.263265
0.662
0.662
0.662
0.662
0.23049
0.662
0.473689
0.662
0.662
0.662
0.662
0.358628
0.461041
0.0764952
0.662
0.662
0.662
0.662
0.662
0.662
0.662
0.394933
0.662
0.662
0.472164
0.662
0.662
0.662
0.662
0.662
0.37689
0.662
0.209126
0.662
0.662
0.662
0.303475
0.662
0.662
0.412786
0.662
0.451275
0.347398
0.186148
0.00517139
0.662
0.396216
0.662
0.533213
0.33973
0.296087
0.662
0.0362523
0.662
0.410838
0.662
0.065142
0.662
0.301374
0.408126
0.662
0.00632982
0.662
0.34395
0.662
0.371379
0.662
0.308023
0.662
0.662
0.422791
0.644507
0.187756
0.39883
0.662
0.125306
0.393155
0.173362
0.228472
0.662
0.372942
0.343418
0.662
0.0617061
0.662
0.367866
0.662
0.662
0.00639641
0.662
0.662
0.206754
0.662
0.331498
0.662
0.662
0.662
0.392757
0.375031
0.384575
0.662
0.662
0.26537
0.662
0.662
0.489893
0.662
0.052471
0.662
0.662
0.662
0.320852
0.28158
0.307712
0.662
0.662
0.662
0.0279029
0.662
0.254118
0.110541
0.662
0.0520215
0.0537446
0.662
0.150832
0.662
0.598397
0.238647
0.174015
0.485204
0.662
0.325102
0.662
0.662
0.448827
0.662
0.662
0.443683
0.181994
0.662
0.223568
0.662
0.662
0.662
0.320912
0.662
0.662
0.488242
0.138069
0.662
0.43418
0.662
0.662
0.662
0.143461
0.662
0.662
0.0131213
0.465028
0.662
0.662
0.299203
0.662
0.662
0.662
0.662
0.614525
0.662
0.662
0.361314
0.662
0.662
0.662
0.662
0.662
0.662
0.662
0.662
0.662
0.466159
0.662
0.312956
0.135159
0.662
0.662
0.662
0.662
0.0851764
0.245168
0.662
0.662
0.447915
0.226607
0.392043
0.662
0.412511
0.0216091
0.320556
0.662
0.151152
0.14556
0.0607364
0.662
0.0965077
0.662
0.662
0.662
0.432571
0.189678
0.662
0.662
0.662
0.504138
0.138321
0.662
0.662
0.188463
0.230087
0.120551
0.585418
0.662
0.662
0.417898
0.662
0.0561952
0.662
0.213039
0.353692
0.662
0.324224
0.662
0.185027
0.087114
0.479231
0.662
0.662
0.0134597
0.347521
0.662
0.662
0.400415
0.662
0.662
0.662
0.662
0.30463
0.168825
0.662
0.662
0.396672
0.662
0.662
0.125516
0.662
0.662
0.0245813
0.263937
0.0177635
0.373596
0.662
0.662
0.662
0.662
0.662
0.213372
0.662
0.662
0.662
0.333889
0.662
0.116545
0.133263
0.662
0.662
0.0489615
0.374503
0.188229
0.662
0.133038
0.0171211
0.338804
0.407909
0.414781
0.662
0.455011
0.376565
0.285999
0.662
0.230172
0.662
0.662
0.205697
0.662
0.217426
0.662
0.662
0.244427
0.318211
0.319409
0.662
0.201208
0.662
0.662
0.25715
0.430796
0.0134517
0.662
0.197917
0.221774
0.520466
0.662
0.662
0.662
0.293363
0.572543
0.0299526
0.662
0.662
0.388508
0.662
0.506679
0.662
0.662
0.662
0.219776
0.662
0.662
0.0648158
0.662
0.662
0.662
0.662
0.100523
0.662
0.274011
0.662
0.312422
0.662
0.662
0.662
0.662
0.662
0.662
0.0513726
0.261147
0.0984771
0.443069
0.662
0.662
0.0363942
0.623713
0.662
0.662
0.422961
0.281341
0.662
0.662
0.477464
0.662
0.662
0.662
0.662
0.662
0.662
0.662
0.662
0.430253
0.350118
0.662
0.662
0.426516
0.662
0.662
0.662
0.662
0.662
0.163359
0.149202
0.662
0.270456
0.662
0.662
0.662
0.662
0.593049
0.662
0.662
0.4472
0.662
0.27684
0.662
0.436587
0.0534075
0.662
0.462827
0.456925
0.0513387
0.192988
0.0539969
0.662
0.447224
0.662
0.308594
0.342956
0.0459027
0.662
0.662
0.294196
0.662
0.404889
0.662
0.0856199
0.46069
0.662
0.662
0.662
0.662
0.176085
0.131741
0.662
0.187285
0.094352
0.662
0.662
0.662
0.662
0.662
0.474808
0.662
0.186094
0.159026
0.662
0.313766
0.662
0.662
0.662
0.662
0.233713
0.662
0.0808462
0.662
0.0791267
0.662
0.662
