0.662
0.662
0.662
0.662
0.45597
0.325492
0.597088
0.00869855
0.662
0.290996
0.360191
0.662
0.486974
0.353692
0.662
0.230098
0.468651
0.662
0.327042
0.662
0.662
0.662
0.137671
0.662
0.662
0.205083
0.428163
0.435436
0.465155
0.272296
0.662
0.662
0.662
0.288207
0.662
0.662
0.205227
0.419251
0.662
0.662
0.0648934
0.662
0.426677
0.662
0.281518
0.662
0.662
0.662
0.662
0.662
0.662
0.662
0.662
0.662
0.662
0.662
0.0382829
0.662
0.277695
0.218011
0.662
0.662
0.118292
0.662
0.0798453
0.382294
0.662
0.430028
0.387651
0.662
0.121564
0.45277
0.662
0.213183
0.662
0.445301
0.662
0.662
0.662
0.0712825
0.662
0.662
0.662
0.433738
0.662
0.156327
0.355141
0.448365
0.0948209
0.662
0.197004
0.662
0.178518
0.662
0.416682
0.433579
0.154006
0.104804
0.365868
0.460627
0.662
0.463214
0.662
0.042984
0.421691
0.662
0.145871
0.36547
0.662
0.326263
0.251952
0.662
0.205898
0.662
0.196
0.662
0.662
0.662
0.460522
0.662
0.662
0.662
0.662
0.387109
0.255531
0.662
0.0707355
0.405423
0.2007
0.662
0.208976
0.662
0.0450852
0.662
0.0611032
0.662
0.662
0.662
0.662
0.662
0.662
0.236756
0.662
0.662
0.662
0.662
0.662
0.18752
0.384401
0.662
0.257735
0.37714
0.662
0.662
0.662
0.662
0.0339769
0.378807
0.102157
0.662
0.0491703
0.020953
0.662
0.146143
0.662
0.662
0.662
0.662
0.0261605
0.662
0.662
0.304115
0.0916355
0.662
0.185847
0.0359601
0.662
0.267015
0.473716
0.44195
0.38085
0.662
0.662
0.662
0.259246
0.662
0.662
0.662
0.662
0.384375
0.464429
0.0529993
0.205552
0.455288
0.340063
0.662
0.662
0.36311
0.105289
0.228079
0.662
0.662
0.11368
0.662
0.434398
0.232375
0.121719
0.662
0.435888
0.662
0.662
0.662
0.662
0.294767
0.662
0.369307
0.662
0.289376
0.662
0.216195
0.231518
0.662
0.662
0.332618
0.412539
0.211376
0.662
0.450165
0.662
0.662
0.30987
0.336095
0.662
0.662
0.0826265
0.662
0.2547
0.0142011
0.192888
0.360616
0.662
0.662
0.660296
0.662
0.662
0.662
0.662
0.662
0.662
0.662
0.177177
0.662
0.123256
0.225636
0.308999
0.662
0.662
0.662
0.191579
0.629763
0.21853
0.409748
0.0243188
0.160192
0.662
0.662
0.662
0.376093
0.241992
0.424567
0.209332
0.662
0.662
0.306263
0.662
0.662
0.662
0.662
0.38996
0.170988
0.423725
0.517417
0.662
0.475361
0.662
0.206082
0.460531
0.0722418
0.0644559
0.662
0.662
0.090527
0.662
0.228454
0.335539
0.13657
0.522284
0.455959
0.662
0.662
0.662
0.662
0.662
0.394442
0.662
0.230004
0.284346
0.349142
0.187533
0.419535
0.258477
0.662
0.645819
0.134259
0.406683
0.212177
0.233214
0.662
0.229371
0.662
0.662
0.662
0.662
0.662
0.662
0.662
0.662
0.662
0.662
0.340331
0.662
0.556179
0.662
0.662
0.662
0.662
0.662
0.662
0.44604
0.142826
0.441427
0.662
0.00369598
0.088071
0.662
0.157672
0.662
0.438384
0.078219
0.662
0.297175
0.662
0.00374037
0.662
0.662
0.360152
0.662
0.455448
0.159682
0.662
0.662
0.44653
0.20918
0.452562
0.662
0.662
0.156451
0.287506
0.662
0.662
0.458128
0.273751
0.662
0.215594
0.662
0.662
0.00224814
0.455096
0.0726885
0.343531
0.662
0.662
0.662
0.662
0.662
0.662
0.662
0.662
0.258071
0.499708
0.662
0.662
0.662
0.662
0.662
0.559046
0.662
0.662
0.662
0.210932
0.662
0.662
0.218426
0.662
0.662
0.662
0.662
0.662
0.133393
0.209402
0.662
0.662
0.211921
0.114273
0.121744
0.291323
0.0379467
0.303131
0.0967934
0.662
0.662
0.174867
0.662
0.0197749
0.662
0.662
0.662
0.347139
0.662
0.662
0.662
0.471123
0.662
0.219541
0.662
0.662
0.662
0.363051
0.662
0.662
0.171416
0.662
0.114843
0.662
0.662
0.662
0.408158
0.165205
0.518354
0.662
0.662
0.0736544
0.334612
0.662
0.662
0.662
0.0605312
0.0631334
0.662
0.662
0.208732
0.662
0.662
0.217635
0.00397748
0.662
0.290022
0.662
0.662
0.662
0.488791
0.662
0.662
0.662
0.10807
0.346414
0.662
0.662
0.662
0.662
0.662
0.141729
0.255476
0.419294
0.0314878
0.00856073
0.662
0.662
0.490116
0.662
0.529688
0.230834
0.662
0.59041
0.662
0.662
0.662
0.224249
0.618811
0.091246
0.316335
0.662
0.217931
0.53948
0.420811
0.337759
0.662
0.662
0.662
0.662
0.0346846
0.662
0.211555
0.207277
0.662
0.662
0.662
0.662
0.662
0.34951
0.662
0.281452
0.391685
0.171279
0.408496
0.662
0.114024
0.662
0.47099
0.662
0.158942
0.279727
0.0595258
0.662
0.173248
0.527416
0.111471
0.173771
0.44598
0.298821
0.662
0.662
0.0991937
0.662
0.662
0.662
0.204813
0.662
0.662
0.662
0.521544
0.662
0.0348105
0.269133
0.662
0.307613
0.662
0.55024
0.662
0.280449
0.377671
0.662
0.496303
0.662
0.248503
0.356099
0.00956691
0.662
0.662
0.450149
0.662
0.662
0.0165616
0.662
0.662
0.662
0.662
0.270377
0.292253
0.454129
0.185623
0.30179
0.662
0.179756
0.662
0.662
0.340093
0.429052
0.130888
0.662
0.651199
0.662
0.141888
0.662
0.206772
0.662
0.39802
0.471852
0.428637
0.465137
0.662
0.247031
0.313948
0.376328
0.662
0.372815
0.662
0.662
0.320235
0.153003
0.662
0.0916821
0.370459
0.309952
0.236163
0.240051
0.662
0.662
0.662
0.662
0.662
0.237521
0.662
0.258404
0.314902
0.662
0.138083
0.0193674
0.662
0.330787
0.469141
0.662
0.285732
0.0277841
0.662
0.662
0.00403289
0.662
0.662
0.662
0.662
0.662
0.526529
0.34629
0.410002
0.625649
0.662
0.0163179
0.362285
0.274605
0.0124637
0.662
0.289837
0.662
0.244867
0.662
0.662
0.662
0.662
0.662
0.662
0.662
0.662
0.287711
0.662
0.662
0.662
0.662
0.662
0.0922959
0.13823
0.244424
0.443171
0.167034
0.359553
0.327203
0.523464
0.662
0.662
0.157479
0.662
0.662
0.488199
0.662
0.229185
0.662
0.662
0.174826
0.662
0.662
0.662
0.474278
0.211113
0.358078
0.662
0.662
0.662
0.662
0.00764047
0.0356072
0.294747
0.662
0.517424
0.105345
0.662
0.662
0.662
0.662
0.0402611
0.662
0.662
0.443423
0.152848
0.493201
0.216747
0.662
0.463932
0.0711537
0.0769345
0.020365
0.662
0.662
0.662
0.415156
0.423468
0.662
0.662
0.662
0.249625
0.662
0.662
0.244407
0.0762489
0.437592
0.662
0.662
0.662
0.241634
0.662
0.662
0.662
0.662
0.427859
0.130485
0.433489
0.662
0.308947
0.662
0.396724
0.279627
0.662
0.662
0.662
0.662
0.662
0.0420761
0.504933
0.155563
0.409218
0.389246
0.662
0.662
0.608048
0.662
0.439305
0.40737
0.662
0.662
0.382355
0.145657
0.662
0.295812
0.662
0.202588
0.126616
0.408398
0.662
0.228012
0.662
0.662
0.662
0.330243
0.39071
0.662
0.288372
0.662
0.662
0.308477
0.463821
0.31712
0.0822893
0.662
0.590831
0.0661845
0.662
0.373641
0.445466
0.383557
0.261964
0.662
0.662
0.662
0.662
0.00813588
0.323382
0.363183
0.349317
0.662
0.287136
0.0931354
0.0435028
0.479789
0.295516
0.662
0.662
0.438631
0.387342
0.278153
0.662
0.662
0.662
0.332987
0.662
0.237358
0.429981
0.662
0.550505
0.33816
0.424782
0.662
0.374861
0.662
0.662
0.149672
0.662
0.662
0.662
0.662
0.662
0.341798
0.118399
0.221273
0.662
0.0240849
0.0504114
0.662
0.370208
0.0121583
0.662
0.0668995
0.662
0.662
0.662
0.662
0.662
0.662
0.229778
0.457084
0.662
0.232507
0.517636
0.461374
0.662
0.311253
0.662
0.662
0.0339356
0.662
0.466668
0.633391
0.574524
0.662
0.662
0.415937
0.662
0.404576
0.0874273
0.662
0.386552
0.355453
0.662
0.209565
0.613237
0.662
0.190942
0.311949
0.662
0.35318
0.662
0.231794
0.662
0.662
0.662
0.0770356
0.662
0.159887
0.662
0.662
0.0435559
0.0154077
0.662
0.662
0.0816288
0.0242964
0.662
0.662
0.662
0.120774
0.230258
0.662
0.333855
0.662
0.662
0.449111
0.235234
0.2602
0.0957253
0.662
0.270553
0.662
0.398875
0.662
0.662
0.662
0.662
0.662
0.662
0.662
0.662
0.439657
0.662
0.199927
0.32962
0.662
0.662
0.294835
0.662
0.662
0.662
0.662
0.132201
0.662
0.662
0.264333
0.662
0.283152
0.662
0.010047
0.662
0.0369576
0.662
0.374184
0.345813
0.218932
0.662
0.276833
0.662
0.0837689
0.477629
0.4933
0.662
0.0868193
0.153164
0.355396
0.662
0.662
0.662
0.339996
0.662
0.662
0.662
0.184255
0.435008
0.662
0.662
0.662
0.557112
0.662
0.662
0.136725
0.662
0.0154752
0.662
0.662
0.662
0.1424
0.548565
0.662
0.662
0.662
0.352382
0.148838
0.417489
0.0924224
0.662
0.0229808
0.662
0.662
0.400462
0.662
0.662
0.0507045
0.662
0.435947
0.662
0.662
0.366732
0.0369123
0.620108
0.330314
0.662
0.662
0.662
0.662
0.233684
0.662
0.419509
0.478897
0.447782
0.422907
0.199834
0.662
0.662
0.662
0.662
0.662
0.662
0.305594
0.662
0.662
0.310571
0.662
0.662
0.45127
0.662
0.405527
0.662
0.662
0.662
0.662
0.284124
0.662
0.662
0.0825452
0.245828
0.161849
0.114091
0.662
0.283934
0.662
0.662
0.329422
0.446305
0.662
0.411865
0.662
0.662
0.662
0.308569
0.662
0.662
0.662
0.662
0.275839
0.284445
0.021741
0.662
0.238397
0.662
0.662
0.662
0.662
0.408979
0.19919
0.330608
0.662
0.477016
0.662
0.662
0.111973
0.662
0.662
0.662
0.0689523
0.431588
0.662
0.271441
0.662
0.662
0.662
0.662
0.662
0.662
0.662
0.185671
0.662
0.662
0.662
0.155405
0.662
0.116882
0.662
0.662
0.662
0.662
0.662
0.0454084
0.662
0.197283
0.000778909
0.440418
0.202057
0.662
0.662
0.213006
0.274351
0.47436
0.400564
0.662
0.346926
0.442726
0.412273
0.662
0.383683
0.662
0.662
0.462342
0.662
0.209332
0.0840624
0.662
0.662
0.662
0.662
0.46156
0.192787
0.0983361
0.662
0.158222
0.307398
0.410273
0.662
0.662
0.662
0.239693
0.218299
0.00828734
0.662
0.662
0.113058
0.410506
0.662
0.662
0.281238
0.662
0.365991
0.368982
0.662
0.662
0.379824
0.662
0.662
0.123349
0.364908
0.662
0.469756
0.47118
0.00830331
0.123262
0.415757
0.662
0.266791
0.073671
0.187659
0.662
0.662
0.662
0.662
0.418206
0.0202828
0.454962
0.662
0.662
0.662
0.238584
0.662
0.333732
0.662
0.464002
0.442121
0.236939
0.662
0.203497
0.662
0.0937929
0.662
0.422482
0.662
0.159966
0.662
0.662
0.196348
0.662
0.43222
0.401385
0.662
0.662
0.382402
0.662
0.474868
0.662
0.230481
0.662
0.274472
0.33883
0.143806
0.306413
0.380754
0.300033
0.0404096
0.172071
0.662
0.419401
0.662
0.662
0.662
0.662
0.662
0.358436
0.449413
0.662
0.241488
0.00724255
0.662
0.162645
0.662
0.662
0.662
0.423383
0.662
0.182406
0.408785
0.662
0.379348
0.580414
0.266528
0.662
0.147956
0.308824
0.662
0.386813
0.201652
0.662
0.662
0.196709
0.662
0.233997
0.662
0.341319
0.662
0.662
0.379536
0.662
0.0604288
0.662
0.314296
0.285284
0.471968
0.662
0.662
0.662
0.301794
0.360382
0.662
0.662
0.662
0.18334
0.457331
0.662
0.662
0.470442
0.382294
0.22361
0.296821
0.62951
0.662
0.322687
0.0906409
0.393231
0.662
0.662
0.257557
0.328202
0.662
0.297799
0.449682
0.531774
0.45124
0.662
0.0792225
0.183782
0.430734
0.662
0.662
0.662
0.407758
0.0989322
0.662
0.662
0.235317
0.662
0.377203
0.662
0.662
0.662
0.358874
0.0355143
0.355028
0.552748
0.238005
0.451734
0.662
0.662
0.662
0.055232
0.662
0.662
0.42675
0.259492
0.242572
0.662
0.662
0.662
0.375761
0.183484
0.111412
0.452413
0.662
0.662
0.662
0.662
0.662
0.073387
0.133236
0.378992
0.662
0.662
0.367862
0.093023
0.30095
0.370928
0.153661
0.581651
0.662
0.662
0.662
0.662
0.0354863
