0.204226
0.662
0.127344
0.350881
0.662
0.662
0.662
0.382155
0.272009
0.196667
0.49129
0.291517
0.662
0.662
0.459323
0.662
0.0358663
0.662
0.662
0.662
0.662
0.496781
0.38031
0.662
0.662
0.0795163
0.334823
0.662
0.186051
0.662
0.662
0.240105
0.662
0.662
0.662
0.319337
0.662
0.361234
0.388926
0.662
0.426489
0.0472022
0.37859
0.443463
0.662
0.203071
0.662
0.662
0.339298
0.662
0.662
0.283506
0.190883
0.220624
0.662
0.316538
0.528882
0.662
0.662
0.435961
0.662
0.662
0.662
0.662
0.0178699
0.211906
0.166663
0.662
0.238398
0.446236
0.662
0.662
0.662
0.493847
0.662
0.259691
0.15986
0.662
0.406872
0.453763
0.440147
0.662
0.662
0.563632
0.662
0.662
0.0467623
0.119372
0.325274
0.145704
0.662
0.662
0.271079
0.662
0.662
0.662
0.662
0.662
0.662
0.445612
0.662
0.662
0.014146
0.662
0.119007
0.344778
0.243728
0.662
0.281918
0.662
0.157219
0.399968
0.274889
0.0611076
0.0368212
0.662
0.181846
0.662
0.293717
0.644672
0.662
0.662
0.662
0.191843
0.662
0.435924
0.189254
0.662
0.662
0.24969
0.124763
0.392112
0.0700359
0.0523098
0.438305
0.14074
0.662
0.403476
0.436559
0.662
0.511225
0.450118
0.300696
0.662
0.662
0.662
0.21157
0.224302
0.210222
0.662
0.662
0.448962
0.279725
0.247543
0.475935
0.662
0.267745
0.302545
0.552834
0.662
0.662
0.662
0.662
0.662
0.398866
0.662
0.662
0.662
0.662
0.549904
0.0490829
0.662
0.403754
0.227462
0.451289
0.0315693
0.662
0.44179
0.662
0.662
0.296903
0.662
0.662
0.491704
0.662
0.662
0.662
0.276663
0.662
0.662
0.662
0.662
0.631247
0.662
0.314808
0.662
0.662
0.0550469
0.429092
0.294468
0.662
0.662
0.662
0.662
0.250678
0.662
0.662
0.662
0.189297
0.662
0.610161
0.208156
0.35444
0.127088
0.662
0.662
0.129567
0.662
0.0338325
0.19216
0.662
0.100905
0.19621
0.472997
0.375729
0.662
0.662
0.242964
0.662
0.0188496
0.662
0.662
0.1962
0.662
0.662
0.662
0.662
0.0253714
0.662
0.337999
0.662
0.0983786
0.662
0.0579229
0.454034
0.662
0.662
0.662
0.662
0.662
0.235658
0.662
0.0527416
0.662
0.257631
0.169026
0.0425379
0.662
0.0655465
0.662
0.599065
0.662
0.662
0.0329976
0.662
0.226636
0.219075
0.243251
0.643443
0.662
0.267062
0.0405183
0.662
0.502939
0.246164
0.662
0.271512
0.000563044
0.662
0.141772
0.139364
0.402446
0.123635
0.142289
0.321968
0.268339
0.662
0.110501
0.662
0.282547
0.662
0.175588
0.409285
0.535162
0.662
0.0437712
0.662
0.662
0.662
0.662
0.662
0.246461
0.662
0.252503
0.36255
0.392519
0.259466
0.662
0.662
0.662
0.662
0.0755596
0.662
0.662
0.662
0.263716
0.516815
0.2202
0.101183
0.662
0.662
0.158632
0.662
0.662
0.421014
0.47744
0.662
0.268658
0.662
0.603586
0.314021
0.662
0.130631
0.0911688
0.662
0.662
0.662
0.447352
0.662
0.662
0.21484
0.662
0.394705
0.662
0.662
0.292489
0.0196551
0.662
0.662
0.662
0.662
0.662
0.662
0.40956
0.662
0.662
0.662
0.662
0.451311
0.500789
0.3821
0.662
0.299988
0.662
0.662
0.662
0.391569
0.662
0.448612
0.479287
0.158834
0.123886
0.662
0.662
0.662
0.135217
0.662
0.653292
0.662
0.662
0.000608903
0.291301
0.093325
0.454921
0.332617
0.0536181
0.662
0.662
0.662
0.239675
0.662
0.662
0.464605
0.170183
0.662
0.0136712
0.662
0.662
0.662
0.194355
0.390097
0.439721
0.662
0.662
0.662
0.662
0.662
0.662
0.662
0.662
0.662
0.662
0.662
0.298689
0.662
0.662
0.426078
0.48446
0.322755
0.662
0.18098
0.662
0.662
0.427284
0.662
0.662
0.0504115
0.662
0.662
0.662
0.0233121
0.316091
0.4757
0.662
0.662
0.216776
0.104789
0.420798
0.304419
0.662
0.662
0.662
0.128715
0.211405
0.512042
0.662
0.662
0.662
0.243795
0.662
0.410551
0.662
0.224479
0.662
0.662
0.662
0.652732
0.217301
0.276254
0.220256
0.662
0.107287
0.136838
0.136509
0.256237
0.0708936
0.309446
0.662
0.236161
0.34243
0.202551
0.662
0.143529
0.662
0.215677
0.662
0.662
0.140197
0.662
0.39572
0.662
0.662
0.371359
0.220999
0.0512126
0.662
0.662
0.455473
0.662
0.536574
0.662
0.397593
0.662
0.662
0.432164
0.662
0.662
0.140413
0.0820116
0.662
0.662
0.662
0.590226
0.662
0.215644
0.662
0.309133
0.247834
0.662
0.662
0.662
0.396427
0.662
0.310467
0.0407171
0.662
0.662
0.409766
0.1723
0.662
0.128405
0.37651
0.662
0.662
0.41801
0.403377
0.00630989
0.460608
0.662
0.662
0.662
0.410722
0.662
0.0547366
0.317325
0.662
0.335034
0.0757309
0.556686
0.662
0.662
0.662
0.226344
0.184963
0.662
0.662
0.541733
0.343263
0.662
0.310047
0.662
0.592352
0.662
0.662
0.358946
0.662
0.128338
0.413335
0.662
0.11782
0.101329
0.662
0.662
0.662
0.389025
0.662
0.296184
0.662
0.233036
0.29044
0.207249
0.662
0.662
0.662
0.662
0.662
0.13268
0.662
0.277476
0.311342
0.662
0.662
0.662
0.302549
0.451945
0.662
0.662
0.300508
0.662
0.662
0.275751
0.188567
0.372545
0.662
0.662
0.430347
0.501134
0.662
0.323619
0.205758
0.296937
0.662
0.12669
0.336985
0.662
0.629706
0.662
0.335117
0.662
0.662
0.0439147
0.484124
0.662
0.44401
0.488609
0.365839
0.662
0.662
0.283703
0.393892
0.0544494
0.106121
0.662
0.662
0.340843
0.429301
0.000576119
0.200149
0.662
0.277662
0.662
0.662
0.448592
0.0426345
0.157444
0.329573
0.662
0.191564
0.662
0.662
0.201669
0.032545
0.537492
0.0319511
0.662
0.369426
0.33884
0.662
0.115628
0.662
0.107164
0.662
0.662
0.567121
0.662
0.126928
0.199803
0.40928
0.0539608
0.354926
0.662
0.216317
0.0388468
0.662
0.662
0.662
0.662
0.662
0.414771
0.662
0.662
0.662
0.109219
0.662
0.662
0.662
0.662
0.210046
0.662
0.409406
0.170217
0.662
0.662
0.42573
0.415271
0.662
0.662
0.321888
0.382043
0.662
0.662
0.198669
0.662
0.413085
0.317371
0.345894
0.662
0.662
0.662
0.662
0.337924
0.662
0.662
0.221942
0.660812
0.662
0.662
0.222111
0.367192
0.491218
0.662
0.599234
0.633761
0.125301
0.662
0.455569
0.662
0.480381
0.491787
0.00531876
0.662
0.662
0.0063794
0.154625
0.188763
0.311392
0.662
0.0932094
0.662
0.662
0.662
0.00278841
0.662
0.385869
0.662
0.662
0.662
0.0562587
0.662
0.294446
0.241072
0.342849
0.161659
0.469355
0.662
0.386503
0.662
0.662
0.662
0.0366454
0.662
