0.662
0.662
0.326506
0.367862
0.662
0.662
0.259669
0.199179
0.199667
0.662
0.319626
0.662
0.662
0.662
0.328303
0.662
0.662
0.662
0.300673
0.113418
0.26277
0.30734
0.344992
0.169331
0.662
0.662
0.662
0.584297
0.662
0.662
0.662
0.662
0.662
0.244407
0.662
0.662
0.662
0.342513
0.264333
0.662
0.205173
0.202613
0.662
0.662
0.662
0.662
0.662
0.442726
0.662
0.662
0.662
0.128385
0.662
0.309339
0.662
0.0197749
0.47218
0.205898
0.662
0.662
0.662
0.25463
0.135141
0.662
0.419401
0.662
0.662
0.662
0.662
0.223185
0.163002
0.662
0.662
0.662
0.662
0.662
0.662
0.103013
0.662
0.662
0.662
0.458128
0.662
0.22391
0.322423
0.222681
0.662
0.299463
0.662
0.662
0.662
0.662
0.662
0.435045
0.662
0.662
0.190942
0.662
0.52853
0.662
0.427121
0.662
0.445478
0.662
0.351844
0.662
0.662
0.327714
0.662
0.0894202
0.277719
0.348887
0.662
0.662
0.120762
0.662
0.662
0.662
0.662
0.171644
0.108382
0.266528
0.117124
0.662
0.0452454
0.662
0.662
0.662
0.0196339
0.662
0.662
0.438364
0.662
0.662
0.662
0.015473
0.662
0.662
0.662
0.662
0.41182
0.105764
0.662
0.404315
0.662
0.45364
0.662
0.354775
0.0471693
0.662
0.328319
0.355374
0.662
0.436331
0.662
0.0652466
0.222343
0.662
0.180928
0.419078
0.662
0.662
0.662
0.662
0.662
0.662
0.457187
0.662
0.00830331
0.4086
0.662
0.662
0.662
0.375331
0.2888
0.662
0.662
0.662
0.662
0.662
0.175305
0.662
0.662
0.0687778
0.473076
0.662
0.662
0.662
0.0142011
0.662
0.662
0.662
0.316217
0.662
0.662
0.662
0.445064
0.662
0.255476
0.662
0.662
0.376052
0.662
0.662
0.662
0.116882
0.27331
0.662
0.258404
0.441153
0.662
0.662
0.662
0.434398
0.662
0.384375
0.562161
0.662
0.0852541
0.662
0.373865
0.662
0.662
0.662
0.662
0.662
0.198614
0.00781508
0.187533
0.0355143
0.11368
0.662
0.662
0.360739
0.433489
0.487118
0.662
0.662
0.45127
0.662
0.0693465
0.0435028
0.328411
0.216511
0.662
0.662
0.574524
0.0270571
0.662
0.28205
0.662
0.662
0.315643
0.662
0.662
0.322687
0.0730311
0.662
0.662
0.662
0.662
0.662
0.393067
0.235317
0.448072
0.465582
0.662
0.437638
0.308569
0.662
0.236163
0.248338
0.662
0.662
0.415507
0.662
0.662
0.662
0.662
0.42269
0.397
0.662
0.662
0.218863
0.662
0.457852
0.662
0.662
0.373973
0.662
0.289852
0.662
0.51341
0.421935
0.662
0.307924
0.603928
0.662
0.662
0.0701097
0.211329
0.662
0.662
0.662
0.217758
0.662
0.662
0.662
0.662
0.437592
0.662
0.0400688
0.662
0.288372
0.662
0.662
0.662
0.662
0.662
0.157245
0.662
0.662
0.662
0.486974
0.662
0.662
0.365868
0.662
0.662
0.662
0.662
0.662
0.0529993
0.662
0.662
0.330314
0.662
0.662
0.662
0.236576
0.662
0.266791
0.662
0.020953
0.0305799
0.662
0.0379467
0.662
0.168106
0.662
0.662
0.662
0.273751
0.457755
0.329422
0.130637
0.662
0.283152
0.429497
0.662
0.662
0.481982
0.662
0.662
0.662
0.662
0.00369598
0.662
0.0385072
0.662
0.662
0.662
0.662
0.662
0.0907073
0.0346846
0.435951
0.662
0.415757
0.662
0.662
0.662
0.19789
0.171192
0.662
0.377203
0.662
0.662
0.460174
0.662
0.662
0.304132
0.353692
0.662
0.662
0.0330102
0.662
0.542917
0.662
0.52688
0.662
0.662
0.400412
0.215133
0.467439
0.662
0.662
0.662
0.662
0.294763
0.662
0.284078
0.662
0.232271
0.662
0.662
0.662
0.662
0.462818
0.397618
0.37428
0.662
0.329987
0.423443
0.662
0.662
0.662
0.0552593
0.347417
0.662
0.491855
0.19664
0.0155674
0.662
0.0826265
0.0657436
0.230006
0.662
0.423725
0.662
0.662
0.662
0.0159776
0.120774
0.662
0.662
0.662
0.662
0.125454
0.662
0.662
0.63339
0.404598
0.0054011
0.662
0.662
0.0165616
0.454962
0.662
0.662
0.10795
0.0240849
0.301706
0.662
0.662
0.662
0.662
0.662
0.662
0.470175
0.387668
0.662
0.662
0.662
0.662
0.224249
0.268847
0.662
0.428637
0.662
0.607471
0.662
0.662
0.269578
0.662
0.662
0.662
0.662
0.0858
0.422472
0.662
0.411865
0.662
0.662
0.662
0.662
0.332284
0.401385
0.662
0.662
0.662
0.104804
0.451734
0.428163
0.24836
0.662
0.662
0.662
0.0642358
0.662
0.0354863
0.662
0.662
0.232375
0.293059
0.392124
0.37899
0.662
0.662
0.662
0.662
0.225575
0.0931354
0.254162
0.662
0.662
0.662
0.662
0.662
0.662
0.662
0.0913169
0.662
0.662
0.349548
0.289562
0.0726885
0.183379
0.361307
0.166053
0.404892
0.662
0.662
0.230791
0.175288
0.662
0.469141
0.662
0.431217
0.662
0.662
0.662
0.0661798
0.662
0.662
0.00426024
0.662
0.662
0.662
0.59041
0.474868
0.662
0.662
0.355028
0.662
0.662
0.662
0.662
0.0564988
0.662
0.662
0.403429
0.0768916
0.662
0.168592
0.427859
0.662
0.434249
0.662
0.662
0.331072
0.100982
0.662
0.662
0.662
0.330255
0.419921
0.662
0.662
0.662
0.662
0.662
0.662
0.31019
0.662
0.662
0.662
0.173072
0.0383315
0.088861
0.544423
0.662
0.662
0.175246
0.150413
0.662
0.117621
0.662
0.333732
0.662
0.662
0.581651
0.412312
0.138534
0.239104
0.662
0.139804
0.123213
0.0494697
0.0055931
0.210932
0.105984
0.662
0.662
0.454129
0.662
0.662
0.477016
0.474278
0.662
0.662
0.662
0.662
0.662
0.408979
0.662
0.662
0.662
0.662
0.373641
0.662
0.0454084
0.662
0.662
0.662
0.662
0.073387
0.430482
0.366735
0.662
0.233684
0.662
0.384558
0.464427
0.357561
0.662
0.662
0.662
0.662
0.621337
0.25315
0.323382
0.345094
0.662
0.662
0.395894
0.662
0.662
0.662
0.662
0.136214
0.274803
0.010047
0.662
0.662
0.232145
0.22788
0.306885
0.662
0.662
0.662
0.0734077
0.662
0.216541
0.662
0.415937
0.662
0.320237
0.354537
0.043955
0.662
0.0391052
0.123256
0.662
0.113153
0.122535
0.662
0.662
0.322549
0.662
0.264463
0.662
0.45595
0.662
0.601135
0.662
0.199573
0.209504
0.662
0.308035
0.0950114
0.662
0.465638
0.662
0.662
0.662
0.0285921
0.662
0.662
0.662
0.47099
0.662
0.264078
0.662
0.662
0.662
0.662
0.435967
0.662
0.272296
0.504886
0.104173
0.332068
0.662
0.662
0.662
0.132201
0.137763
0.662
0.662
0.662
0.466668
0.662
0.662
0.662
0.263921
0.662
0.662
0.662
0.662
0.662
0.173001
0.662
0.662
0.431442
0.662
0.447142
0.498773
0.662
0.662
0.662
0.47436
0.662
0.114273
0.662
0.366732
0.662
0.662
0.242317
0.395822
0.239849
0.662
0.662
0.662
0.662
0.094435
0.339559
0.662
0.662
0.662
0.400968
0.662
6.1097e-05
0.662
0.347435
0.662
0.359093
0.179792
0.466993
0.577604
0.662
0.52155
0.662
0.306413
0.324252
0.469982
0.257083
0.662
0.662
0.662
0.662
0.388144
0.662
0.662
0.662
0.662
0.662
0.662
0.0173187
0.662
0.277092
0.662
0.662
0.420506
0.329195
0.662
0.662
0.391398
0.241714
0.662
0.662
0.662
0.246094
0.0609867
0.662
0.662
0.451411
0.154008
0.119963
0.092157
0.180722
0.662
0.211805
0.662
0.662
0.0761407
0.25435
0.0305854
0.662
0.662
0.662
0.292687
0.221839
0.436223
0.274605
0.662
0.662
0.662
0.402631
0.662
0.662
0.417489
0.330243
0.355343
0.0595258
0.662
0.455244
0.412223
0.238499
0.662
0.662
0.662
0.251777
0.0391567
0.410002
0.463821
0.0670005
0.662
0.105467
0.0531907
0.662
0.282421
0.662
0.240051
0.662
0.37733
0.0192272
0.662
0.167169
0.662
0.498857
0.285147
0.228327
0.662
0.662
0.662
0.39802
0.471852
0.662
0.0709221
0.662
0.0794031
0.517424
0.662
0.308415
0.388478
0.40633
0.389209
0.438631
0.410465
0.340063
0.662
0.34951
0.662
0.0819652
0.221271
0.0131124
0.535051
0.0267312
0.289801
0.311949
0.300033
0.271502
0.662
0.298856
0.130888
0.662
0.136725
0.402154
0.662
0.180186
0.025294
0.662
0.281238
0.662
0.662
0.662
0.662
0.137051
0.447096
0.237521
0.662
0.662
0.662
0.296821
0.439012
0.662
0.662
0.202725
0.662
0.662
0.662
0.109231
0.30016
0.358078
0.662
0.380754
0.455386
0.662
0.662
0.662
0.413817
0.662
0.285487
0.410273
0.166439
0.662
0.662
0.662
0.310571
0.662
0.662
0.662
0.662
0.559336
0.662
0.00544099
0.662
0.390669
0.662
0.662
0.662
0.662
0.40629
0.662
0.662
0.662
0.662
0.662
0.662
0.662
0.662
0.662
0.662
0.0562979
0.662
0.248541
0.662
0.662
0.662
0.662
0.662
0.662
0.0411016
0.00108527
0.0123123
0.423927
0.662
0.662
0.662
0.662
0.662
0.662
0.450165
0.662
0.662
0.40182
0.332987
0.631071
0.662
0.158503
0.4736
0.297486
0.341798
0.662
0.471072
0.662
0.662
0.185623
0.558845
0.534829
0.662
0.238397
0.662
0.0948209
0.662
0.170598
0.0154077
0.662
0.188086
0.662
0.392365
0.662
0.149672
0.662
0.662
0.662
0.662
0.620108
0.662
0.662
0.662
0.0193674
0.410121
0.266937
0.0166675
0.146288
0.264604
0.662
0.211555
0.662
0.662
0.183782
0.662
0.662
0.662
0.19899
0.308271
0.662
0.33816
0.662
0.466336
0.146288
0.662
0.662
0.257335
0.662
0.662
0.662
0.662
0.662
0.662
0.307344
0.143251
0.662
0.183176
0.662
0.00956691
0.278357
0.550505
0.662
0.662
0.522284
0.662
0.662
0.349589
0.662
0.662
0.662
0.662
0.662
0.662
0.477553
0.662
0.662
0.662
0.275356
0.112401
0.662
0.255081
0.298043
0.633694
0.662
0.662
0.662
0.662
0.180472
0.662
0.41506
0.119397
0.279627
0.102157
0.662
0.662
0.662
0.662
0.662
0.18707
0.662
0.0421441
0.211376
0.662
0.228205
0.145741
0.139605
0.230481
0.662
0.0968694
0.662
0.662
0.161849
0.662
0.00374037
0.118292
0.662
0.662
0.662
0.000280024
0.0550683
0.662
0.347139
0.662
0.662
0.18821
0.662
0.662
0.402904
0.163103
0.662
0.443171
0.0364443
0.60862
0.159682
0.662
0.451573
0.0206329
0.662
0.662
0.662
0.662
0.662
0.662
0.0858096
0.0475039
0.662
0.662
0.662
0.429681
0.222972
0.164695
0.255531
0.366501
0.00397748
0.413835
0.662
0.662
0.612342
0.662
0.662
0.0722418
0.409218
0.552748
0.662
0.662
0.47099
0.339996
0.662
0.202206
0.224182
0.173532
0.662
0.662
0.14814
0.408785
0.270509
0.251559
0.364059
0.662
0.662
0.662
0.662
0.662
0.15174
0.662
0.662
0.152848
0.662
0.662
0.662
0.662
0.662
0.409354
0.662
0.662
0.662
0.662
0.19804
0.662
0.662
0.662
0.662
0.662
0.662
0.662
0.456546
0.462225
0.662
0.662
0.662
0.268454
0.289376
0.662
0.662
0.662
0.254204
0.3745
0.662
0.662
0.662
0.662
0.662
0.662
0.41613
0.662
0.662
0.662
0.2547
0.662
0.662
0.0701855
0.366484
0.121719
0.662
0.464429
0.0241381
0.662
0.662
0.370964
0.662
0.335106
0.662
0.662
0.284346
0.662
0.662
0.340235
0.662
0.662
0.196348
0.662
0.0202989
0.378207
0.157479
0.662
0.140037
0.662
0.154688
0.662
0.662
0.662
0.259019
0.115582
0.121786
0.0354199
0.662
0.662
0.394973
0.662
0.294767
0.662
0.662
0.662
0.662
0.200561
0.662
0.446927
0.218011
0.662
0.460792
0.556337
0.662
0.0868193
0.662
0.263309
0.662
0.208976
0.662
0.662
0.662
0.662
0.662
0.0877296
0.662
0.468651
0.119332
0.464993
0.662
0.0397368
0.662
0.662
0.662
0.283077
0.662
0.208732
0.418244
0.662
0.367163
0.662
0.404238
0.143445
0.662
0.662
0.155802
0.662
0.662
0.0335653
0.662
0.662
0.538245
0.437295
0.213083
0.662
0.0714346
0.3746
0.345337
0.133236
0.662
0.662
0.662
0.662
0.662
0.662
0.406767
0.00535006
0.662
0.304565
0.662
0.265544
0.662
0.662
0.2602
0.662
0.662
0.114946
0.662
0.662
0.282742
0.662
0.662
0.394409
0.37714
0.662
0.662
0.662
0.177365
0.198499
0.0309899
0.662
0.66107
0.428886
0.662
