0.662
0.249695
0.662
0.386503
0.662
0.0388468
0.284261
0.211906
0.2202
0.511225
0.450118
0.454034
0.412277
0.330913
0.662
0.120963
0.0259293
0.279403
0.0408831
0.662
0.662
0.662
0.662
0.0429622
0.410861
0.662
0.23711
0.662
0.662
0.662
0.282548
0.1723
0.101329
0.662
0.000563044
0.154446
0.662
0.662
0.473263
0.662
0.662
0.662
0.662
0.00255681
0.662
0.662
0.224479
0.625179
0.662
0.346046
0.439235
0.662
0.374808
0.662
0.662
0.261217
0.405798
0.662
0.22353
0.00136933
0.592352
0.662
0.662
0.0291599
0.662
0.662
0.662
0.662
0.161659
0.662
0.123635
0.662
0.453389
0.662
0.662
0.662
0.662
0.46754
0.418717
0.215677
0.0188496
0.662
0.662
0.0315693
0.662
0.0439147
0.662
0.662
0.662
0.354926
0.662
0.662
0.662
0.264597
0.662
0.289231
0.662
0.662
0.662
0.476757
0.20616
0.273671
0.18599
0.106553
0.103828
0.662
0.662
0.662
0.662
0.662
0.662
0.662
0.662
0.415918
0.310467
0.0253714
0.234519
0.662
0.662
0.00464975
0.246253
0.126624
0.273437
0.662
0.662
0.662
0.356988
0.662
0.662
0.118382
0.216887
0.42573
0.662
0.124149
0.662
0.196918
0.662
0.662
0.309446
0.662
0.335365
0.481098
0.109988
0.662
0.662
0.662
0.662
0.662
0.662
0.662
0.662
0.13133
0.157219
0.208156
0.662
0.662
0.271484
0.144833
0.662
0.662
0.228507
0.375203
0.662
0.662
0.293717
0.372414
0.410722
0.662
0.276663
0.662
0.409766
0.1962
0.0700359
0.603586
0.0998015
0.196667
0.398866
0.304847
0.145309
0.662
0.238907
0.0944253
0.451289
0.44401
0.499033
0.130631
0.662
0.662
0.309588
0.63339
0.174131
0.662
0.662
0.662
0.662
0.442688
0.662
0.516815
0.662
0.662
0.662
0.158834
0.662
0.245968
0.203061
0.662
0.662
0.662
0.389019
0.662
0.662
0.662
0.662
0.0262691
0.662
0.662
0.3821
0.283703
0.662
0.341357
0.662
0.662
0.662
0.662
0.662
0.381964
0.662
0.210046
0.0169936
0.563632
0.653292
0.662
0.662
0.662
0.662
0.274889
0.662
0.662
0.420798
0.368821
0.127088
0.662
0.662
0.445395
0.098081
0.0338325
0.662
0.662
0.146683
0.662
0.662
0.217039
0.662
0.662
0.367316
0.662
0.662
0.662
0.662
0.662
0.662
0.662
0.0153468
0.662
0.662
0.0237724
0.101589
0.0155877
0.662
0.662
0.210864
0.43952
0.662
0.662
0.662
0.662
0.662
0.662
0.662
0.390097
0.249454
0.662
0.310679
0.662
0.662
0.662
0.362948
0.00342553
0.451311
0.0755596
0.662
0.451001
0.662
0.0684222
0.10179
0.662
0.662
0.662
0.662
0.386575
0.435367
0.662
0.662
0.662
0.286213
0.10341
0.402918
0.493847
0.348676
0.662
0.100598
0.314808
0.600183
0.119372
0.402506
0.109219
0.662
0.169026
0.233036
0.240105
0.662
0.0727262
0.662
0.204226
0.189297
0.662
0.0763201
0.662
0.40682
0.662
0.652732
0.294468
0.662
0.662
0.662
0.483535
0.662
0.662
0.662
0.662
0.662
0.239675
0.662
0.176436
0.182386
0.265913
0.344778
0.662
0.570681
0.662
0.481802
0.662
0.662
0.572096
0.0544494
0.633761
0.662
0.408712
0.662
0.662
0.293958
0.267674
0.182099
0.443463
0.662
0.662
0.397593
0.427961
0.662
0.662
0.662
0.662
0.322627
0.240552
0.36255
0.401207
0.239667
0.599234
0.662
0.123886
0.410551
0.441105
0.432877
0.240606
0.662
0.662
0.662
0.171299
0.662
0.662
0.662
0.662
0.662
0.662
0.662
0.662
0.662
0.426489
0.0932094
0.662
0.317302
0.662
0.662
0.205758
0.662
0.662
0.0188267
0.032545
0.141429
0.312922
0.662
0.174843
0.457298
0.662
0.662
0.662
0.0405183
0.289511
0.662
0.662
0.662
0.00531876
0.186622
0.662
0.662
0.455685
0.0357635
0.662
0.410291
0.0443455
0.662
0.282547
0.193384
0.069532
0.662
0.436559
0.662
0.662
0.383041
0.662
0.368422
0.662
0.662
0.289931
0.662
0.662
0.0121638
0.662
0.0531416
0.296738
0.662
0.0163235
0.291707
0.662
0.389025
0.662
0.453763
0.662
0.222459
0.662
0.662
0.309133
0.662
0.314021
0.662
0.662
0.188567
0.41818
0.662
0.0348346
0.662
0.662
0.662
0.0653732
0.662
0.662
0.662
0.0611076
0.108123
0.328334
0.662
0.662
0.662
0.662
0.662
0.271512
0.418478
0.662
0.363449
0.662
0.662
0.165383
0.454921
0.204282
0.396427
0.317371
0.106635
0.238398
0.662
0.291301
0.19216
0.662
0.389279
0.662
0.662
0.403476
0.662
0.202901
0.248437
0.105965
0.289992
0.662
0.662
0.662
0.662
0.662
0.0674488
0.115224
0.537492
0.662
0.0538693
0.662
0.662
0.446858
0.662
0.0435642
0.662
0.430347
0.662
0.346892
0.662
0.449544
0.252503
0.662
0.414221
0.455569
0.47591
0.0512126
0.662
0.224302
0.48446
0.0467623
0.662
0.662
0.662
0.304419
0.267745
0.287646
0.145704
0.3966
0.662
0.662
0.379465
0.662
0.662
0.15986
0.662
0.303565
0.5648
0.0598496
0.662
0.495943
0.662
0.662
0.193046
0.662
0.228667
0.662
0.209504
0.406872
0.14791
0.662
0.662
0.293429
0.593911
0.343263
0.488609
0.662
0.191564
0.662
0.448592
0.370902
0.14755
0.0871442
0.662
0.345114
0.662
0.662
0.268251
0.322755
0.662
0.662
0.396521
0.628981
0.222926
0.405968
0.662
0.275751
0.662
0.662
0.662
0.662
0.217301
0.662
0.025614
0.662
0.662
0.662
0.662
0.247543
0.475935
0.662
0.662
0.139919
0.662
0.12669
0.662
0.345188
0.241072
0.337855
0.662
0.230793
0.235193
0.0756664
0.662
0.662
0.382155
0.662
0.000576119
0.0547366
0.108331
0.662
0.662
0.214502
0.305546
0.662
0.200149
0.662
0.662
0.11782
0.662
0.662
0.662
0.126928
0.662
0.662
0.496781
0.292207
0.192357
0.0168864
0.662
0.118187
0.268658
0.384759
0.662
0.662
0.0337386
0.662
0.662
0.662
0.662
0.662
0.298856
0.043278
0.203523
0.468069
0.662
0.629706
0.653318
0.485711
0.662
0.662
0.372545
0.0994255
0.662
0.443219
0.662
0.332022
0.252184
0.161974
0.338808
0.383073
0.662
0.487554
0.662
0.662
0.211721
0.662
0.273727
0.662
0.662
0.662
0.56613
0.662
0.336985
0.226636
0.662
0.296937
0.662
0.512217
0.0148348
0.662
0.662
0.662
0.332617
0.662
0.119318
0.328312
0.143843
0.662
0.402983
0.448
0.662
0.278545
0.10138
0.221942
0.662
0.662
0.662
0.662
0.662
0.304757
0.47684
0.662
0.404335
0.219183
0.662
0.0577819
0.22145
0.00278841
0.662
0.39572
0.427284
0.128017
0.361191
0.662
0.301039
0.662
0.370787
0.662
0.662
0.194355
0.235747
0.205535
0.283506
0.662
0.662
0.662
0.662
0.662
0.662
0.662
0.159264
0.388926
0.662
0.662
0.662
0.590226
0.662
0.662
0.422598
0.662
0.186717
0.541733
0.296184
0.515459
0.37681
0.662
0.22403
0.353529
0.315468
0.220256
0.469355
0.260602
0.662
0.365721
0.662
0.213038
0.128338
0.662
0.409197
0.142289
0.268339
0.662
0.662
0.662
0.662
0.662
0.302204
0.0139909
0.581464
0.662
0.662
0.662
0.662
0.0063794
0.662
0.142087
0.662
0.662
0.662
0.662
0.662
