0.248733
0.491836
0.457844
0.470594
0.662
0.414825
0.662
0.650258
0.525068
0.662
0.662
0.380501
0.333663
0.662
0.251712
0.394705
0.0240871
0.398778
0.258015
0.662
0.662
0.662
0.188419
0.662
0.121285
0.662
0.348856
0.476682
0.0662432
0.464339
0.662
0.102306
0.40928
0.662
0.662
0.14747
0.662
0.352994
0.662
0.662
0.662
0.465569
0.662
0.36082
0.409244
0.662
0.662
0.662
0.662
0.410228
0.588073
0.662
0.506572
0.435267
0.134144
0.662
0.396553
0.662
0.124908
0.447742
0.662
0.662
0.460676
0.432729
0.662
0.662
0.22258
0.242412
0.662
0.0851968
0.662
0.662
0.458621
0.662
0.464808
0.431871
0.662
0.662
0.21818
0.662
0.662
0.662
0.662
0.662
0.662
0.386032
0.309886
0.662
0.00462874
0.662
0.209772
0.349047
0.662
0.662
0.662
0.370202
0.662
0.662
0.425037
0.662
0.662
0.411199
0.327845
0.662
0.63339
0.662
0.274042
0.662
0.662
0.662
0.241458
0.662
0.122808
0.662
0.662
0.165973
0.209277
0.484936
0.662
0.63533
0.302771
0.119356
0.38963
0.662
0.662
0.444108
0.313775
0.662
0.662
5.79814e-06
0.662
0.662
0.475519
0.662
0.386532
0.0381512
0.241918
0.662
0.662
0.662
0.0852339
0.662
0.271016
0.0179962
0.412634
0.662
0.662
0.662
0.662
0.137453
0.662
0.140665
0.0968038
0.128242
0.662
0.220605
0.662
0.662
0.662
0.459937
0.0462403
0.662
0.662
0.662
0.662
0.662
0.662
0.601385
0.048069
0.127667
0.662
0.662
0.662
0.0338609
0.662
0.112009
0.00667309
0.662
0.529862
0.127344
0.00740425
0.662
0.629763
0.662
0.109751
0.472264
0.662
0.0971232
0.427643
0.279952
0.662
0.164888
0.289093
0.662
0.662
0.662
0.132512
0.662
0.35372
0.461375
0.662
0.192601
0.662
0.662
0.237777
0.126286
0.662
0.662
0.440353
0.662
0.662
0.593165
0.662
0.475105
0.577248
0.662
0.40977
0.662
0.662
0.388759
0.283914
0.662
0.662
0.662
0.204052
0.662
0.662
0.662
0.405687
0.662
0.662
0.28635
0.662
0.662
0.662
0.216483
0.176142
0.662
0.155312
0.166898
0.662
0.104246
0.662
0.662
0.260301
0.662
0.0572216
0.662
0.303762
0.662
0.42437
0.662
0.662
0.662
0.422923
0.421755
0.339092
0.416395
0.662
0.662
0.464395
0.662
0.662
0.198271
0.375371
0.662
0.662
0.662
0.662
0.662
0.662
0.662
0.403434
0.662
0.662
0.271932
0.662
0.468566
0.439963
0.662
0.662
0.40225
0.440804
0.662
0.37878
0.662
0.289289
0.437732
0.0385802
0.662
0.662
0.662
0.420559
0.662
0.397092
0.662
0.0890729
0.00231543
0.662
0.662
0.662
0.284013
0.0732612
0.0781755
0.301265
0.662
0.662
0.662
0.40226
0.662
0.662
0.662
0.416668
0.211021
0.662
0.32723
0.662
0.221776
0.662
0.662
0.662
0.662
0.662
0.662
0.662
0.662
0.0713471
0.662
0.662
0.0618968
0.392401
0.662
0.662
0.275302
0.377456
0.140863
0.662
0.0420978
0.609199
0.00355241
0.213638
0.662
0.448328
0.662
0.662
0.662
0.116741
0.202808
0.662
0.662
0.291426
0.421267
0.662
0.116039
0.349594
0.662
0.224426
0.416361
0.101494
0.662
0.662
0.662
0.662
0.662
0.0766524
0.662
0.325343
0.299557
0.0415575
0.662
0.662
0.662
0.305768
0.0346097
0.662
0.0426345
0.402074
0.0458971
0.662
0.0562849
0.259799
0.662
0.662
0.662
0.321115
0.662
0.662
0.427482
0.662
0.662
0.541332
0.220461
0.0426836
0.468491
0.662
0.408494
0.662
0.662
0.662
0.662
0.662
0.662
0.393906
0.377345
0.0812887
0.180143
0.662
0.421387
0.353088
0.448712
0.441271
0.662
0.662
0.0276945
0.662
0.662
0.277662
0.662
0.222417
0.662
0.662
0.246198
0.467201
0.662
0.111651
0.339481
0.0041023
0.662
0.662
0.179564
0.662
0.662
0.662
0.662
0.160266
0.126079
0.412063
0.0510121
0.0244284
0.109365
0.246414
0.238543
0.662
0.161475
0.662
0.662
0.0877025
0.662
0.289307
0.662
0.662
0.433411
0.662
0.544194
0.103641
0.165138
0.662
0.42022
0.662
0.124564
0.586269
0.662
0.662
0.159593
0.662
0.173079
0.662
0.662
0.177104
0.662
0.662
0.0431177
0.153162
0.629763
0.445339
0.662
0.303612
0.662
0.16616
0.604108
0.662
0.196617
0.558458
0.324691
0.183425
0.156473
0.662
0.345412
0.662
0.662
0.662
0.662
0.662
0.662
0.662
0.595869
0.199819
0.662
0.395713
0.662
0.662
0.323576
0.0575158
0.662
0.662
0.234205
0.0832756
0.135012
0.662
0.239228
0.589764
0.0303818
0.662
0.0459863
0.662
0.662
0.662
0.662
0.662
0.538736
0.662
0.662
0.0542665
0.41412
0.662
0.662
0.279102
0.0375855
0.0158307
0.0559171
0.662
0.662
0.143158
0.662
0.662
0.662
0.662
0.662
0.322761
0.662
0.662
0.227746
0.146591
0.397745
0.396543
0.237563
0.0546366
0.399881
0.662
0.042839
0.662
0.662
0.662
0.662
0.443083
0.662
0.662
0.419451
0.662
0.662
0.662
0.662
0.662
0.662
0.34145
0.662
0.662
0.380162
0.129076
0.662
0.662
0.662
0.302834
0.1609
0.200274
0.662
0.138471
0.45697
0.180075
0.375357
0.0636451
0.662
0.662
0.0839716
0.117075
0.227151
0.0272057
0.286264
0.102757
0.125683
0.662
0.662
0.662
0.216978
0.271521
0.451565
