0.129107
0.662
0.662
0.31834
0.662
0.209519
0.479204
0.662
0.193019
0.297159
0.662
0.662
0.223028
0.15062
0.662
0.405578
0.662
0.662
0.662
0.662
0.662
0.662
0.662
0.662
0.0768391
0.341481
0.110537
0.237041
0.662
0.662
0.662
0.27728
0.486613
0.261353
0.662
0.372168
0.348919
0.662
0.662
0.269634
0.662
0.643682
0.0171034
0.662
0.662
0.223578
0.662
0.28614
0.662
0.662
0.348845
0.662
0.359341
0.662
0.288616
0.662
0.662
0.429199
0.662
0.167209
0.453369
0.662
0.662
0.662
0.409277
0.136157
0.241841
0.662
0.662
0.458421
0.662
0.662
0.422482
0.473951
0.154993
0.662
0.275975
0.403773
0.445704
0.0189332
0.662
0.127144
0.573907
0.220247
0.365786
0.0953083
0.662
0.118972
0.103867
0.378732
0.662
0.419604
0.662
0.662
0.662
0.662
0.662
0.662
0.662
0.152747
0.425341
0.0114925
0.662
0.662
0.0728979
0.662
0.662
0.662
0.662
0.312937
0.464162
0.662
0.645736
0.00751126
0.0951173
0.662
0.29811
0.151071
0.662
0.662
0.662
0.662
0.209668
0.552886
0.662
0.662
0.662
0.439272
0.408789
0.662
0.0850924
0.290951
0.662
0.442392
0.37887
0.662
0.662
0.662
0.662
0.662
0.107696
0.131103
0.662
0.403552
0.644013
0.662
0.137583
0.662
0.49314
0.662
0.438326
0.40226
0.662
0.662
0.662
0.662
0.151175
0.662
0.662
0.662
0.448856
0.662
0.270303
0.194772
0.662
0.662
0.0774813
0.0750108
0.662
0.662
0.662
0.15467
0.662
0.430117
0.394358
0.277245
0.662
0.474637
0.662
0.296088
0.662
0.358512
0.307626
0.338488
0.121329
0.662
0.472027
0.662
0.662
0.662
0.662
0.662
0.131897
0.200092
0.021865
0.362339
0.662
0.662
0.522469
0.662
0.132295
0.0262698
0.662
0.138518
0.00887649
0.662
0.374023
0.662
0.427964
0.153285
0.404155
0.292069
0.662
0.200604
0.662
0.50839
0.662
0.662
0.662
0.0944104
0.0523216
0.662
0.559586
0.381432
0.107403
0.662
0.662
0.662
0.306558
0.662
0.523764
0.662
0.662
0.562207
0.472968
0.662
0.0868985
0.662
0.662
0.152063
0.287055
0.662
0.662
0.662
0.256538
0.479888
0.662
0.662
0.662
0.252826
0.662
0.662
0.500425
0.329773
0.349249
0.662
0.110556
0.32204
0.00727808
0.662
0.258963
0.109043
0.662
0.347327
0.351612
0.662
0.116528
0.0197995
0.10492
0.662
0.426646
0.148501
0.435622
0.662
0.461524
0.662
0.662
0.662
0.662
0.219266
0.28964
0.662
0.662
0.662
0.662
0.40248
0.662
0.662
0.396795
0.662
0.095549
0.188132
0.201389
0.662
0.0571622
0.662
0.395862
0.0662059
0.419995
0.437881
0.662
0.525564
0.133286
0.0653547
0.662
0.226792
0.0634776
0.368066
0.662
0.442652
0.452003
0.662
0.662
0.166185
0.0121468
0.323686
0.662
0.0102997
0.662
0.662
0.0516264
0.209686
0.207095
0.662
0.205703
0.115894
0.296792
0.662
0.462146
0.662
0.662
0.0567055
0.249258
0.51084
0.126697
0.464951
0.00117709
0.118466
0.662
0.662
0.662
0.0608244
0.361028
0.662
0.662
0.662
0.471632
0.662
0.417226
0.367163
0.0843492
0.662
0.291931
0.662
0.662
0.662
0.662
0.662
0.662
0.0113054
0.141664
0.138824
0.132081
0.662
0.662
0.662
0.662
0.662
0.662
0.0407317
0.198374
0.307788
0.662
0.098418
0.387466
0.26847
0.662
0.662
0.662
0.251756
0.0811354
0.662
0.662
0.662
0.662
0.085467
0.662
0.441785
0.250527
0.461874
0.311209
0.248066
0.662
0.157416
0.662
0.662
0.662
0.662
0.662
0.662
0.662
0.403242
0.0380659
0.316212
0.662
0.662
0.465406
0.662
0.662
0.359374
0.662
0.000658638
0.328212
0.662
0.281903
0.662
0.142153
0.185848
0.662
0.490438
0.457724
0.0374755
0.662
0.662
0.662
0.122719
0.214652
0.662
0.350091
0.353619
0.662
0.662
0.662
0.410194
0.662
0.433235
0.662
0.662
0.0638704
0.662
0.120468
0.410713
0.133349
0.662
0.312142
0.150655
0.364702
0.589083
0.662
0.256053
0.107252
0.399132
0.662
0.561004
0.418196
0.288928
0.662
0.662
0.440595
0.662
0.304177
0.662
0.662
0.662
0.662
0.662
0.407768
0.187927
0.662
0.662
0.16202
0.370839
0.221723
0.057203
0.662
0.662
0.662
0.662
0.367018
0.662
0.55298
0.129911
0.215789
0.662
0.218271
0.594251
0.567864
0.662
0.447506
0.458512
0.662
0.662
0.289195
0.113892
0.662
0.662
0.662
0.662
0.443337
0.449681
0.0543776
0.0682547
0.662
0.379124
0.662
0.662
0.662
0.662
0.160431
0.662
0.253838
0.662
0.662
0.662
0.662
0.364506
0.662
0.662
0.557055
0.662
0.662
0.206802
0.662
0.39884
0.137258
0.662
0.443439
0.662
0.662
0.200863
0.662
0.0848464
0.329545
0.662
0.662
0.662
0.662
0.662
0.134545
0.662
0.662
0.41535
0.317237
0.4119
0.662
0.0128783
0.662
0.405182
0.0460942
0.662
0.488443
0.3145
0.134578
0.255905
0.356021
0.34155
0.495997
0.315268
0.662
0.662
0.662
0.662
0.662
0.662
0.662
0.662
0.662
0.662
0.662
0.245364
0.0125956
0.662
0.662
0.662
0.662
0.662
0.221209
0.336195
0.413131
0.264051
0.268577
0.662
0.662
0.65931
0.29303
0.662
0.662
0.662
0.256427
0.108543
0.208196
0.286873
0.209709
0.432991
0.205891
0.662
0.662
0.257634
0.139662
0.367443
0.133189
0.662
0.662
0.176157
0.186566
0.190008
0.662
0.214694
0.662
0.662
0.168662
0.662
0.0306346
0.662
0.662
0.0294657
0.662
0.662
0.129211
0.321482
0.17069
0.662
0.662
0.662
0.662
0.0347776
0.662
0.151277
0.431865
0.662
0.662
0.378525
0.0241868
0.662
0.434686
0.212162
0.662
0.18149
0.662
0.662
0.0121745
0.133619
0.662
0.140722
0.662
0.662
0.243473
0.662
0.505424
0.662
0.0851824
0.0385291
0.439773
0.662
0.662
0.381466
0.662
0.662
0.662
0.437113
0.507891
0.456473
0.662
0.662
0.662
0.662
0.0948897
0.457449
0.216059
0.631069
0.662
0.437063
0.451011
0.511552
0.0336089
0.0706555
0.662
0.662
0.662
0.662
0.280767
0.662
0.662
0.0636337
0.216121
0.13921
0.662
0.662
0.475424
0.662
0.662
0.411367
0.662
0.662
0.176038
0.347153
0.6607
0.487588
0.662
0.662
0.662
0.454945
0.414239
0.26299
0.267293
0.662
0.662
0.662
0.662
0.662
0.662
0.662
0.662
0.662
0.662
0.662
0.199961
0.176988
0.662
0.662
0.384132
0.0466759
0.297332
0.662
0.0381209
0.662
0.262904
0.310257
0.662
0.00612088
0.662
0.379999
0.662
0.637824
0.334969
0.662
0.010143
0.158437
0.0791018
0.347252
0.444074
0.434668
0.359742
0.16556
0.261084
0.0552244
0.0526039
0.662
0.318263
0.474795
0.276061
0.0319526
0.662
0.0591903
0.662
0.126614
0.662
0.662
0.662
0.662
0.43969
0.260843
0.221627
0.662
0.107488
0.662
0.519791
0.260277
0.662
0.468995
0.222998
0.662
0.444941
0.662
0.662
0.662
0.662
0.440409
0.662
0.310295
0.662
0.662
0.662
0.662
0.267373
0.662
0.537582
0.662
0.662
0.0346272
0.109736
0.109557
0.662
0.461993
0.662
0.11102
0.0480581
0.427365
0.241139
0.662
0.662
0.662
0.662
0.0789844
0.376594
0.662
0.662
0.662
0.662
0.335534
0.564964
0.662
0.662
0.662
0.198342
0.329986
0.662
0.106381
0.662
0.662
0.662
0.120886
0.662
0.143399
0.0467754
0.662
0.662
0.0739821
0.662
0.0802875
0.320883
0.662
0.662
0.212235
0.662
0.148564
0.221647
0.433112
0.662
0.264518
0.499665
0.662
0.22528
0.662
0.365385
0.0810403
0.394858
0.14815
0.196472
0.662
0.63339
0.0344502
0.662
0.662
0.484024
0.115255
0.240891
0.662
0.488841
0.662
0.396933
0.41155
0.0400269
0.662
0.662
0.662
0.662
0.246742
0.662
0.662
0.0296767
0.662
0.168447
0.662
0.662
0.662
0.662
0.44748
0.662
0.268608
0.662
0.662
0.0709473
0.662
0.662
0.262939
0.662
0.662
0.662
0.662
0.662
0.168791
0.662
0.662
0.662
0.662
0.0869457
0.247497
0.662
0.662
0.662
0.662
0.475174
0.662
0.265075
0.662
0.0701666
0.662
0.662
0.254947
0.178116
0.662
0.355738
0.662
0.0690713
0.423762
0.031632
0.662
0.0957771
0.662
0.662
0.360823
0.662
0.192654
0.662
0.662
0.662
0.231458
0.662
0.662
0.662
0.662
0.662
0.339227
0.314752
0.662
0.662
0.482592
0.662
0.0280051
0.0295936
0.662
0.63096
0.00512676
0.471147
0.662
0.418666
0.662
0.662
0.429213
0.393197
0.662
0.235199
0.662
0.662
0.585404
0.302534
0.590526
0.450318
0.149855
0.110894
0.0387022
0.127279
0.662
0.144461
0.662
0.388423
0.457239
0.2879
0.662
0.662
0.326911
0.662
0.662
0.662
0.662
0.150316
0.0948995
0.662
0.467565
0.662
0.662
0.662
0.662
0.291919
0.662
0.311617
0.662
0.247652
0.405556
0.662
0.432281
0.16918
0.662
0.441339
0.254703
0.258815
0.662
0.662
0.32256
0.662
0.662
0.363322
0.0154684
0.662
0.471649
0.423883
0.133463
0.347716
0.0598152
0.662
0.0961892
0.662
0.662
0.662
0.0656456
0.458458
0.243372
0.662
0.346952
0.662
0.662
0.662
0.662
0.380217
0.662
0.662
0.662
0.0756826
0.662
0.398681
0.662
0.662
0.662
0.662
0.313886
0.0948042
0.310838
0.186391
0.17298
0.652622
0.371701
0.46069
0.662
0.662
0.471699
0.423844
0.211624
0.662
0.368814
0.662
0.662
0.662
0.460951
0.299863
0.662
0.422393
0.662
0.662
0.0605695
0.662
0.101958
0.662
0.403499
0.133711
0.166022
0.662
0.662
0.32292
0.082769
0.662
0.662
0.662
0.662
0.173368
0.052735
0.111819
0.662
0.0487865
0.662
0.662
0.422406
0.0947255
0.194011
0.662
0.0324053
0.37076
0.406233
0.662
0.662
0.662
0.662
0.346111
0.662
0.136917
0.497641
0.455847
0.0900533
0.662
0.662
0.469428
0.662
0.0809786
0.236349
0.662
0.662
0.071891
0.225489
0.662
0.662
0.662
0.289918
0.662
0.535398
0.197085
0.662
0.662
0.186241
0.40007
0.349526
0.662
0.662
0.662
0.469556
0.354381
0.662
0.662
0.662
0.42007
0.662
0.662
0.662
0.0240361
0.0437961
0.255339
0.104049
0.103894
0.102668
0.662
0.662
0.662
0.0518818
0.662
0.662
0.188418
0.662
0.662
0.662
0.662
0.662
0.662
0.154267
0.215946
0.662
0.662
0.383244
0.0926975
0.662
0.662
0.477628
0.662
0.662
0.662
0.662
0.662
0.264728
0.662
0.662
0.662
0.438943
0.633694
0.353295
0.106695
0.35234
0.662
0.662
0.662
0.408071
0.662
0.662
0.343975
0.375846
0.662
0.662
0.372744
0.662
0.318008
0.662
0.570902
0.662
0.662
0.510093
0.191662
0.3795
0.662
0.662
0.662
0.533406
0.346802
0.662
0.662
0.0577122
0.662
0.662
0.33582
0.662
0.662
0.662
0.128677
0.269211
0.662
0.662
0.662
