0.662
0.577802
0.284013
0.662
0.464808
0.662
0.10513
0.662
0.662
0.662
0.662
0.662
0.166898
0.662
0.302834
0.0161646
0.662
0.662
0.662
0.662
0.662
0.662
0.449836
0.662
0.662
0.662
0.0927082
0.662
0.170183
0.140863
0.409244
0.662
0.558458
0.662
0.662
0.662
0.662
0.279102
0.397882
0.0729109
0.251712
0.662
0.662
0.417322
0.662
0.439963
0.662
0.472997
0.662
0.662
0.662
0.662
0.126857
0.242412
0.662
0.662
0.662
0.461375
0.662
0.281715
0.397092
0.464395
0.662
0.629763
0.662
0.662
0.662
0.165973
0.662
0.662
0.662
0.662
0.662
0.662
0.662
0.43284
0.662
0.662
0.662
0.662
0.662
0.662
0.662
0.410228
0.588073
0.662
0.662
0.662
0.286264
0.166548
0.662
0.662
0.662
0.112009
0.40928
0.662
0.0832756
0.662
0.662
0.662
0.0200721
0.216978
0.40178
0.662
0.662
0.0375855
0.662
0.662
0.662
0.662
0.662
0.0923042
0.229368
0.662
0.662
0.177104
0.662
0.126079
0.662
0.219391
0.159593
0.662
0.662
0.662
0.662
0.179564
0.662
0.662
0.662
0.662
0.662
0.662
0.63339
0.662
0.16616
0.263356
0.662
0.662
0.0536931
0.662
0.400782
0.662
0.160205
0.662
0.662
0.662
0.344029
0.435267
0.662
0.662
0.662
0.662
0.171267
0.153162
0.0426836
0.662
0.662
0.249172
0.662
0.662
0.648266
0.246414
0.662
0.662
0.0546366
0.662
0.662
0.271521
0.662
0.242155
0.173391
0.662
0.662
0.421387
0.155312
0.462862
0.055018
0.662
0.662
0.375371
0.238543
0.40977
0.662
0.662
0.341989
0.413135
0.662
0.662
0.431871
0.127212
0.427643
0.662
0.662
0.455103
0.662
0.0428176
0.662
0.662
0.271016
0.662
0.662
0.432739
0.662
0.22685
0.420424
0.662
0.349047
0.662
0.662
0.37878
0.662
0.491704
0.662
0.662
0.662
0.370202
0.421267
0.395571
0.609199
0.202808
0.662
0.416395
0.662
0.662
0.662
0.0303818
0.352994
0.662
0.662
0.176142
0.662
0.662
0.662
0.349594
0.405687
0.239917
0.662
0.165138
0.465569
0.662
0.662
0.662
0.662
0.0492053
0.662
0.156407
0.662
0.662
0.662
0.662
0.662
0.662
0.412063
0.399881
0.662
0.662
0.662
0.662
0.662
0.662
0.274042
0.28734
0.299557
0.0415575
0.662
0.662
0.662
0.395713
0.042839
0.309886
0.302514
0.662
0.0257394
0.422923
0.662
0.662
0.662
0.662
0.662
0.662
0.662
0.446572
0.662
0.662
0.662
0.662
0.662
0.464605
0.662
0.662
0.270921
0.437732
0.239228
0.662
0.662
0.662
0.451565
0.662
0.116741
0.662
0.28635
0.0851968
0.662
0.662
0.662
0.397745
0.662
0.662
0.419451
5.79814e-06
0.476682
0.386532
0.662
0.166742
0.662
0.662
0.662
0.662
0.662
0.259799
0.662
0.662
0.132512
0.429112
0.337308
0.662
0.421755
0.662
0.662
0.386882
0.386032
0.662
0.662
0.662
0.411199
0.416361
0.0618968
0.662
0.478897
0.662
0.662
0.0774928
0.248733
0.662
0.662
0.662
0.662
0.491836
0.662
0.34145
0.662
0.662
0.662
0.128242
0.0458971
0.194649
0.0431177
0.662
0.662
0.366677
0.662
0.662
0.662
0.241458
0.662
0.220461
0.0459863
0.439541
0.662
0.402919
0.662
0.555443
0.0493981
0.228803
0.134144
0.662
0.475519
0.662
0.394705
0.338483
0.42787
0.662
0.0884984
0.662
0.0385802
0.662
0.662
0.186911
0.662
0.662
0.309154
0.074629
0.662
0.458621
0.552834
0.121285
0.445339
0.662
0.662
0.223961
0.662
0.662
0.202362
0.320665
0.662
0.21818
0.662
0.662
0.348856
0.662
0.248915
0.662
0.116039
0.0780242
0.662
0.662
0.662
0.433411
0.662
0.662
0.459937
0.662
0.662
0.662
0.377163
0.267179
0.440804
0.233107
0.662
0.0917607
0.662
0.662
0.588487
0.0781755
0.339481
0.541332
0.662
0.662
0.358946
0.662
0.662
0.30606
0.22492
0.258015
0.0233121
0.662
0.0420978
0.033285
0.662
0.472264
0.214992
0.161475
0.522945
0.0732612
0.131504
0.234833
0.662
0.662
0.0877025
0.399968
0.160266
0.111288
0.215108
0.662
0.662
0.0352556
0.662
0.662
0.388127
0.662
0.178981
0.0559171
0.662
0.662
0.662
0.662
0.662
0.662
0.662
0.662
0.439655
0.662
0.00740425
0.662
0.662
0.662
0.181802
0.662
0.0575158
0.175579
0.327845
0.662
0.662
0.357347
0.662
0.286643
0.124908
0.42022
0.484936
0.662
0.662
0.662
0.454658
0.221776
0.662
0.662
0.0562849
0.112641
0.662
0.444108
0.342297
0.662
0.22258
0.662
0.0338609
0.662
0.0041023
0.595869
0.662
0.604108
0.662
0.283914
0.662
0.662
0.0158307
0.662
0.662
0.216483
0.407659
0.662
0.662
0.662
0.396543
0.237563
0.662
0.091642
0.093325
0.35444
0.662
0.255295
0.662
0.662
0.460676
0.305768
0.199819
0.302771
0.119356
0.204052
0.662
0.457041
0.321115
0.662
0.196617
0.662
0.42437
0.662
0.370013
0.213638
0.662
0.662
0.269858
0.0839716
0.586269
0.0968038
0.38963
0.0510121
0.193605
0.377345
0.0812887
0.529862
0.662
0.353701
0.101183
0.00645552
0.662
0.467201
0.662
0.380162
0.662
0.289307
0.441271
0.32723
0.662
0.457844
0.275302
0.259962
0.470594
0.388759
0.662
0.662
0.323576
0.662
0.662
0.662
0.662
0.166663
0.490878
0.227546
0.277662
0.662
0.14747
0.380501
0.662
0.662
0.662
0.132802
0.662
0.662
0.662
0.339298
0.306722
0.662
0.39159
0.190482
0.662
0.180143
0.0346097
0.662
0.662
0.662
0.662
0.209277
0.28575
0.40226
0.279535
0.662
0.319092
0.662
0.662
0.662
0.127344
0.400259
0.126286
0.107055
0.227151
0.35372
