0.662
0.662
0.30016
0.662
0.662
0.169331
0.662
0.139804
0.662
0.47218
0.662
0.000280024
0.427121
0.60862
0.662
0.62951
0.269735
0.662
0.251276
0.163002
0.621184
0.364059
0.0913169
0.662
0.246094
0.662
0.279627
0.662
0.662
0.130888
0.662
0.662
0.662
0.662
0.3745
0.327714
0.662
0.662
0.662
0.662
0.662
0.254204
0.00544099
0.0197749
0.662
0.662
0.222343
0.662
0.662
0.522087
0.361653
0.274605
0.361826
0.32917
0.256306
0.0054011
0.662
0.662
0.662
0.323009
0.662
0.662
0.662
0.662
0.0552593
0.347417
0.331072
0.662
0.662
0.662
0.259232
0.662
0.662
0.0118239
0.662
0.422472
0.321128
0.662
0.331173
0.662
0.662
0.662
0.103013
0.662
0.559046
0.0544936
0.662
0.662
0.662
0.662
0.662
0.662
0.662
0.461374
0.662
0.662
0.662
0.662
0.662
0.662
0.211381
0.499805
0.662
0.377203
0.662
0.662
0.662
0.464002
0.187282
0.0192272
0.292687
0.430482
0.662
0.662
0.662
0.662
0.662
0.662
0.662
0.446927
0.662
0.388144
0.0693465
0.662
0.662
0.136725
0.411865
0.662
0.166053
0.270509
0.662
0.0734077
0.662
0.662
0.662
0.662
0.662
0.662
0.285147
0.0616384
0.662
0.662
0.0894202
0.662
0.449413
0.340063
0.277719
0.232271
0.662
0.0826265
0.182626
0.662
0.442726
0.400412
0.301706
0.662
0.662
0.370125
0.413835
0.406767
0.289376
0.662
0.662
0.662
0.662
0.662
0.662
0.121786
0.662
0.662
0.010047
0.376612
0.662
0.662
0.326506
0.662
0.662
0.662
0.450165
0.662
0.273751
0.662
0.662
0.662
0.662
0.310571
0.662
0.662
0.662
0.3786
0.330243
0.662
0.662
0.662
0.662
0.0722418
0.662
0.662
0.154008
0.467439
0.34629
0.662
0.46156
0.662
0.0055931
0.662
0.259669
0.662
0.662
0.662
0.662
0.00535006
0.183782
0.341798
0.662
0.248338
0.662
0.280986
0.662
0.662
0.662
0.330314
0.383558
0.384375
0.36642
0.662
0.304132
0.662
0.662
0.415507
0.662
0.355028
0.662
0.211805
0.662
0.662
0.662
0.316217
0.354537
0.284346
0.662
0.662
0.662
0.662
0.601135
0.662
0.408979
0.662
0.662
0.662
0.662
0.380754
0.47436
0.662
0.307924
0.603928
0.170598
0.445064
0.662
0.662
0.63339
0.300673
0.662
0.2888
0.662
0.662
0.662
0.662
0.662
0.662
0.662
0.662
0.300033
0.662
0.662
0.662
0.304565
0.662
0.662
0.213209
0.662
0.092157
0.662
0.662
0.662
0.447142
0.662
0.4086
0.266791
0.662
0.662
0.662
0.662
0.662
0.662
0.662
0.662
0.662
0.662
0.662
0.662
0.662
0.662
0.100982
0.309339
0.662
0.581651
0.662
0.473076
0.46112
0.662
0.662
0.419401
0.662
0.0794031
0.662
0.0121834
0.662
0.662
0.662
0.662
0.662
0.264463
0.662
0.662
0.373641
0.445466
0.662
0.662
0.662
0.451293
0.662
0.662
0.0529993
0.662
0.150413
0.332284
0.662
0.662
0.360739
0.662
0.662
0.662
0.454962
0.465582
0.371639
0.662
0.662
0.662
0.662
0.450149
0.311949
0.662
0.662
0.662
0.073387
0.662
0.415937
0.662
0.662
0.662
0.0471693
0.662
0.662
0.662
0.662
0.662
0.322687
0.662
0.235005
0.662
0.662
0.347435
0.662
0.0948209
0.18821
0.0819652
0.662
0.434249
0.662
0.18707
0.145741
0.0165616
0.662
0.662
0.251559
0.662
0.45364
0.662
0.228327
0.466668
0.662
0.662
0.0858096
0.464429
0.185623
0.232145
0.214962
0.662
0.662
0.392124
0.662
0.662
0.662
0.0331217
0.274803
0.52155
0.23422
0.662
0.662
0.662
0.662
0.0267312
0.662
0.662
0.0661798
0.662
0.0154077
0.216096
0.662
0.662
0.437592
0.328303
0.662
0.662
0.400564
0.662
0.535051
0.662
0.118403
0.662
0.662
0.34951
0.468651
0.662
0.020365
0.662
0.30696
0.474278
0.576669
0.00830331
0.662
0.662
0.367163
0.662
0.662
0.460531
0.431217
0.662
0.662
0.522284
0.662
0.182217
0.662
0.0384399
0.498773
0.662
0.662
0.662
0.662
0.662
0.457852
0.662
0.662
0.205875
0.662
0.543986
0.155802
0.662
0.451734
0.404598
0.662
0.451573
0.0206329
0.662
0.662
0.662
0.662
0.662
0.662
0.662
0.662
0.281238
0.272494
0.392365
0.355343
0.662
0.427859
0.662
0.662
0.662
0.662
0.662
0.662
0.662
0.438631
0.180472
0.662
0.41506
0.662
0.662
0.41613
0.0572357
0.662
0.198151
0.662
0.404238
0.662
0.662
0.272042
0.662
0.662
0.662
0.487105
0.0354199
0.662
0.662
0.175246
0.662
0.441572
0.662
0.282742
0.662
0.0701684
0.662
0.412312
0.157479
0.662
0.297486
0.119963
0.394409
0.662
0.662
0.269578
0.0687778
0.401385
0.662
0.662
0.0726885
0.662
0.140037
0.350992
0.662
0.352876
0.180722
0.108382
0.0411016
0.662
0.662
0.211555
0.312953
0.255081
0.402904
0.662
0.264604
0.45127
0.662
0.0595258
0.662
0.333732
0.662
0.662
0.522409
0.662
0.378848
0.11695
0.104804
0.391398
0.662
0.662
0.448797
0.187533
0.0142011
0.662
0.662
0.662
0.662
0.662
0.230481
0.137767
0.662
0.662
0.662
0.433489
0.353806
0.662
0.662
0.662
0.662
0.662
0.662
0.333436
0.662
0.115582
0.662
0.265544
0.662
0.235317
0.517424
0.662
0.562161
0.662
0.662
0.662
0.662
0.662
0.662
0.662
0.662
0.662
0.662
0.529384
0.208732
0.662
0.21853
0.662
0.152848
0.460792
0.662
0.00374037
0.662
0.437295
0.255531
0.662
0.332987
0.662
0.234839
0.662
0.662
0.0285921
0.662
0.293059
0.662
0.662
0.662
0.662
0.662
0.662
0.662
0.574524
0.662
0.466336
0.662
0.11368
0.662
0.662
0.0397368
6.1097e-05
0.428163
0.020953
0.0855681
0.662
0.662
0.662
0.662
0.264333
0.662
0.662
0.359631
0.662
0.662
0.135141
0.577946
0.248541
0.662
0.662
0.410273
0.662
0.271502
0.662
0.662
0.230791
0.175288
0.347837
0.662
0.662
0.445478
0.431442
0.105764
0.662
0.662
0.662
0.435951
0.662
0.0868193
0.662
0.428637
0.156976
0.662
0.400766
0.0354863
0.662
0.662
0.662
0.335106
0.662
0.354775
0.662
0.0761407
0.324252
0.662
0.210932
0.662
0.0306952
0.0877296
0.228205
0.474868
0.353692
0.662
0.130485
0.328319
0.662
0.179792
0.025294
0.458128
0.662
0.662
0.662
0.662
0.367862
0.662
0.421935
0.240051
0.306885
0.41182
0.120762
0.662
0.662
0.662
0.662
0.662
0.418244
0.662
0.662
0.552748
0.662
0.0270571
0.662
0.0379467
0.0123123
0.469982
0.10795
0.0240849
0.662
0.662
0.662
0.538245
0.289852
0.175305
0.232375
0.457084
0.218863
0.413817
0.662
0.296821
0.149672
0.534829
0.173771
0.294763
0.395822
0.662
0.662
0.662
0.130637
0.216511
0.662
0.38937
0.662
0.662
0.662
0.457187
0.435045
0.662
0.503038
0.40182
0.662
0.662
0.288372
0.662
0.662
0.31019
0.329422
0.299463
0.320235
0.662
0.45595
0.662
0.19664
0.0155674
0.662
0.120774
0.662
0.662
0.274344
0.0701097
0.211329
0.662
0.662
0.662
0.263309
0.37714
0.0505272
0.662
0.662
0.451411
0.415757
0.0193674
0.0166675
0.662
0.662
0.662
0.662
0.347139
0.223234
0.0768916
0.662
0.477149
0.662
0.137051
0.196348
0.00397748
0.237521
0.662
0.662
0.662
0.662
0.662
0.662
0.662
0.662
0.662
0.662
0.662
0.251234
0.251777
0.662
0.662
0.410121
0.662
0.349548
0.0756867
0.232841
0.255476
0.662
0.662
0.662
0.662
0.410002
0.550505
0.662
0.662
0.662
0.662
0.292413
0.662
0.662
0.662
0.462818
0.0400688
0.662
0.662
0.15174
0.662
0.19804
0.662
0.306413
0.662
0.0475039
0.315643
0.451059
0.662
0.662
0.662
0.662
0.662
0.4331
0.662
0.662
0.0355143
0.662
0.662
0.161849
0.662
0.662
0.215916
0.133236
0.662
0.662
0.662
0.662
0.284078
0.662
0.662
0.662
0.0484137
0.662
0.621337
0.662
0.283152
0.0701855
0.0642358
0.662
0.117124
0.221271
0.662
0.365868
0.662
0.662
0.662
0.662
0.376052
0.662
0.0391052
0.662
0.402665
0.294767
0.662
0.662
0.662
0.662
0.662
0.59041
0.0714346
0.563581
0.662
0.662
0.662
0.481982
0.464993
0.241714
0.431564
0.121719
0.662
0.662
0.662
0.662
0.662
0.662
0.662
0.662
0.268454
0.138534
0.662
0.042984
0.662
0.132201
0.224249
0.268847
0.455244
0.662
0.0907073
0.662
0.662
0.00108527
0.213768
0.662
0.149825
0.0452306
0.22391
0.662
0.158503
0.486974
0.557112
0.24836
0.662
0.662
0.173072
0.479412
0.662
0.4736
0.361307
0.662
0.662
0.373865
0.662
0.662
0.662
0.108985
0.662
0.439012
0.00956691
0.118292
0.662
0.423443
0.39802
0.471852
0.662
0.662
0.66107
0.662
0.662
0.387668
0.662
0.662
0.125454
0.662
0.369842
0.662
0.109803
0.272296
0.662
0.662
0.00426024
0.662
0.662
0.0730311
0.0435028
0.328411
0.409218
0.350895
0.662
0.662
0.388478
0.662
0.662
0.662
0.266528
0.662
0.662
0.662
0.662
0.116882
0.662
0.662
0.105984
0.662
0.662
0.662
0.205898
0.319626
0.662
0.662
0.244407
0.662
0.662
0.662
0.662
0.332685
0.662
0.128385
0.25435
0.34232
0.662
0.662
0.662
0.497845
0.662
0.662
0.391783
0.662
0.213083
0.341298
0.662
0.662
0.662
0.662
0.662
0.662
0.662
0.662
0.202613
0.441153
0.404892
0.662
0.662
0.104173
0.662
0.662
0.662
0.21263
0.211376
0.375331
0.257083
0.117889
0.662
0.662
0.662
0.0454084
0.662
0.662
0.662
0.662
0.511808
0.0108765
0.236163
0.25315
0.662
0.157245
0.424567
0.662
0.662
0.322549
0.662
0.0421441
0.00369598
0.662
0.662
0.662
0.662
0.662
0.662
0.47099
0.662
0.662
0.156327
0.662
0.662
0.383683
0.300403
0.662
0.662
0.662
0.662
0.662
0.308569
0.662
0.167169
0.283077
0.662
0.497494
0.522343
0.409354
0.215133
0.662
0.423725
0.0346846
0.662
0.662
0.0986608
0.662
0.662
0.249625
0.166439
0.662
0.662
0.662
0.662
0.662
0.662
0.238499
0.662
0.662
0.100826
0.662
0.393591
0.662
0.662
0.015473
0.662
0.113153
0.0562979
0.239104
0.662
0.662
0.662
0.662
0.094435
0.339559
0.459759
0.393642
0.662
0.178518
0.27331
0.631071
0.662
0.389512
0.662
0.662
0.662
0.662
0.662
0.662
0.218011
0.662
0.455386
0.587188
0.0048575
0.662
0.436331
0.662
0.662
0.662
0.236576
0.198499
0.662
0.102157
0.410465
0.662
0.662
0.200561
0.0609867
0.190942
0.662
0.662
0.238397
0.662
0.2602
0.662
0.662
0.123256
0.366732
0.662
0.290399
0.662
0.088861
0.662
0.662
0.662
0.662
0.662
0.662
0.257335
0.662
0.662
0.662
0.662
0.218214
0.662
0.358078
0.662
0.662
0.137763
0.52688
0.438149
0.39071
0.258404
0.370964
0.662
0.19899
0.0709221
0.662
0.662
0.662
0.662
0.470175
0.662
0.662
0.614757
0.216541
0.662
0.662
0.662
0.339996
0.0550683
0.51341
0.662
0.662
0.143251
0.662
0.171644
0.222681
0.662
0.662
0.114273
0.662
0.479789
0.662
0.662
0.662
0.662
0.662
0.662
0.662
0.662
0.662
0.443171
0.662
0.662
0.662
0.662
0.2547
0.233684
0.463821
0.253841
0.662
0.662
0.662
0.0305854
0.662
0.662
0.171192
0.323382
0.662
0.0196339
0.662
0.662
0.662
0.662
0.662
0.497789
0.662
0.359093
0.662
0.662
0.456546
0.662
0.469141
0.662
0.662
0.33816
0.504886
0.662
0.662
0.40633
0.662
0.417489
0.662
0.237358
0.0452454
0.662
0.395894
0.662
0.0931354
0.662
0.164695
0.662
0.289801
0.420506
0.662
0.662
0.0657436
0.662
0.0906409
0.662
0.662
0.424924
0.224182
0.662
0.662
0.357561
0.662
0.662
0.168106
0.662
0.298856
0.662
0.454129
0.620108
0.264078
0.662
0.180928
0.559336
0.662
0.662
0.434398
0.131441
0.477016
0.662
0.0564988
0.0305799
0.397618
0.438364
0.239849
0.0858
0.208976
0.342513
0.329987
0.407863
0.662
0.662
0.308415
0.662
0.662
0.662
0.37428
0.662
0.662
0.200068
0.278054
0.662
0.296989
0.112401
0.662
0.662
0.298043
0.662
0.408785
0.351844
0.662
0.355453
