0.662
0.662
0.547575
0.662
0.662
0.267586
0.268143
0.367258
0.662
0.662
0.178031
0.40677
0.662
0.0175804
0.662
0.662
0.404031
0.125661
0.662
0.170162
0.0417863
0.662
0.662
0.175705
0.113375
0.662
0.662
0.662
0.662
0.377781
0.271017
0.662
0.00225509
0.623713
0.662
0.384951
0.662
0.172395
0.254812
0.662
0.662
0.662
0.662
0.562283
0.662
0.662
0.155866
0.662
0.662
0.0374293
0.662
0.662
0.560962
0.229118
0.662
0.0108838
0.121339
0.443809
0.662
0.662
0.662
0.662
0.662
0.662
0.662
0.662
0.662
0.662
0.662
0.662
0.298399
0.324224
0.334094
0.662
0.0171211
0.576952
0.662
0.662
0.662
0.662
0.443187
0.662
0.202679
0.662
0.0293866
0.662
0.357401
0.157061
0.0372166
0.171778
0.662
0.217426
0.662
0.466962
0.15307
0.380838
0.363213
0.662
0.452008
0.474716
0.662
0.662
0.662
0.662
0.662
0.662
0.662
0.662
0.662
0.662
0.159026
0.662
0.254996
0.518539
0.184438
0.307464
0.166662
0.162027
0.42515
0.662
0.276974
0.662
0.662
0.662
0.152659
0.662
0.218956
0.014739
0.662
0.662
0.662
0.662
0.63049
0.662
0.662
0.252469
0.412084
0.0671726
0.662
0.336918
0.662
0.120897
0.0190244
0.662
0.662
0.662
0.662
0.0232813
0.426572
0.0664017
0.662
0.662
0.401608
0.662
0.454559
0.4391
0.662
0.226969
0.662
0.233291
0.662
0.329852
0.430253
0.325094
0.662
0.201056
0.662
0.662
0.611122
0.327981
0.404635
0.0351038
0.179545
0.662
0.662
0.405922
0.662
0.288361
0.662
0.116736
0.450719
0.662
0.662
0.662
0.662
0.662
0.174576
0.342961
0.662
0.525971
0.662
0.560192
0.662
0.662
0.662
0.662
0.0791333
0.662
0.662
0.662
0.662
0.0134517
0.662
0.662
0.147895
0.474444
0.0764952
0.662
0.326495
0.429252
0.662
0.612194
0.432666
0.662
0.335102
0.662
0.0969174
0.351478
0.662
0.0975873
0.00224871
0.361832
0.524256
0.662
0.37443
0.662
0.662
0.181796
0.662
0.662
0.662
0.662
0.12663
0.0766205
0.662
0.662
0.40936
0.662
0.662
0.662
0.662
0.662
0.662
0.506336
0.662
0.614705
0.245061
0.298526
0.662
0.287539
0.471953
0.662
0.141784
0.662
0.662
0.662
0.662
0.09817
0.396822
0.533213
0.244014
0.417927
0.173642
0.662
0.295817
0.662
0.662
0.0376495
0.662
0.662
0.359043
0.0830347
0.330093
0.662
0.662
0.662
0.457798
0.0561952
0.662
0.443069
0.662
0.259816
0.120399
0.662
0.662
0.662
0.662
0.662
0.662
0.143295
0.662
0.662
0.179261
0.457063
0.173758
0.282823
0.0489615
0.0798769
0.0437169
0.662
0.662
0.662
0.662
0.662
0.662
0.662
0.662
0.46466
0.662
0.481323
0.224615
0.662
0.662
0.499811
0.471433
0.131741
0.662
0.662
0.0495678
0.159706
0.662
0.250921
0.662
0.547537
0.662
0.0360859
0.154875
0.662
0.662
0.396686
0.53482
0.662
0.27924
0.101627
0.662
0.662
0.169313
0.662
0.662
0.344455
0.662
0.149317
0.662
0.662
0.450442
0.202257
0.662
0.402272
0.493905
0.436416
0.662
0.24322
0.662
0.321946
0.662
0.662
0.065142
0.662
0.358468
0.025569
0.5445
0.131991
0.662
0.154288
0.337499
0.662
0.139367
0.662
0.662
0.662
0.662
0.0540038
0.662
0.662
0.494338
0.319231
0.662
0.662
0.662
0.140415
0.519079
0.018042
0.662
0.299374
0.662
0.662
0.662
0.662
0.370278
0.410531
0.00558804
0.662
0.662
0.662
0.662
0.112419
0.662
0.196209
0.476231
0.662
0.0687897
0.662
0.662
0.662
0.0188473
0.12543
0.275549
0.662
0.662
0.188229
0.662
0.662
0.169595
0.111673
0.662
0.662
0.662
0.662
0.662
0.662
0.662
0.430615
0.662
0.229117
0.662
0.0778784
0.111781
0.662
0.0569995
0.662
0.0212867
0.126883
0.177278
0.00669263
0.662
0.287081
0.662
0.226607
0.0245813
0.43716
0.662
0.662
0.365093
0.662
0.310936
0.05752
0.662
0.464481
0.608853
0.0818061
0.198621
0.662
0.158568
0.662
0.662
0.32888
0.452281
0.36387
0.324275
0.662
0.662
0.662
0.338345
0.0729373
0.662
0.662
0.662
0.475241
0.0163555
0.662
0.135159
0.330757
0.257454
0.295634
0.432346
0.662
0.459816
0.171588
0.662
0.662
0.662
0.662
0.36542
0.263238
0.662
0.248072
0.228184
0.320912
0.240227
0.407198
0.662
0.411755
0.187433
0.662
0.662
0.662
0.111129
0.662
0.662
0.440546
0.361708
0.662
0.662
0.662
0.662
0.360625
0.149222
0.662
0.662
0.252279
0.239416
0.16479
0.359844
0.662
0.662
0.437032
0.236321
0.662
0.662
0.465296
0.219123
0.328225
0.662
0.662
0.0333731
0.303469
0.662
0.491392
0.662
0.325673
0.662
0.10717
0.662
0.278724
0.112979
0.662
0.409131
0.662
0.0189438
0.268417
0.122943
0.14804
0.219274
0.426516
0.0459027
0.662
0.662
0.662
0.441379
0.662
0.662
0.448046
0.0220421
0.662
0.337247
0.662
0.662
0.662
0.249063
0.662
0.662
0.662
0.314169
0.587876
0.495621
0.267367
0.494389
0.662
0.261551
0.662
0.407405
0.662
0.305789
0.381481
0.0601959
0.662
0.0177635
0.431323
0.163202
0.662
0.344446
0.451275
0.192155
0.307115
0.466554
0.336857
0.303692
0.662
0.662
0.273207
0.231159
0.397434
0.662
0.212574
0.397064
0.466028
0.433865
0.662
0.662
0.662
0.196626
0.387391
0.263922
0.20335
0.128971
0.662
0.46297
0.0845841
0.662
0.662
0.662
0.662
0.420887
0.441699
0.662
0.662
0.095007
0.662
0.12696
0.662
0.401134
0.404842
0.662
0.151375
0.662
0.0261263
0.353898
0.662
0.662
0.509473
0.662
0.662
0.662
0.273102
0.169553
0.428613
0.662
0.662
0.662
0.44216
0.662
0.662
0.119136
0.131753
0.662
0.250426
0.662
0.662
0.241146
0.662
0.662
0.662
0.662
0.662
0.662
0.662
0.662
0.0449369
0.662
0.0141202
0.662
0.662
0.662
0.305701
0.415522
0.41337
0.662
0.662
0.09463
0.662
0.662
0.148241
0.662
0.662
0.1754
0.611938
0.662
0.662
0.662
0.662
0.0165778
0.662
0.518264
0.0861917
0.394238
0.174025
0.662
0.662
0.356058
0.662
0.199872
0.23826
0.662
0.662
0.142281
0.456925
0.662
0.229352
0.662
0.662
0.44198
0.443366
0.662
0.662
0.662
0.662
0.41074
0.207678
0.662
0.304018
0.441743
0.662
0.662
0.425913
0.403365
0.484082
0.662
0.143449
0.568783
0.662
0.213018
0.662
0.662
0.365191
0.329614
0.662
0.662
0.376512
0.662
0.133128
0.244229
0.662
0.15038
0.662
0.0852785
0.662
0.104461
0.163891
0.662
0.662
0.662
0.105075
0.44383
0.0131964
0.132376
0.662
0.380302
0.662
0.662
0.662
0.662
0.662
0.662
0.662
0.662
0.316543
0.662
0.412527
0.0473622
0.662
0.662
0.290305
0.396267
0.250369
0.662
0.135425
0.282645
0.247696
0.662
0.662
0.662
0.662
0.346302
0.116015
0.662
0.108623
0.662
0.228038
0.335774
0.662
0.218964
0.461783
0.662
0.551459
0.662
0.662
0.0973783
0.0706733
0.662
0.662
0.662
0.0931764
0.209167
0.662
0.458351
0.345933
0.662
0.662
0.625267
0.662
0.662
0.227113
0.531844
0.186252
0.662
0.662
0.662
0.150832
0.385808
0.662
0.662
0.662
0.662
0.662
0.0558666
0.662
0.570351
0.44345
0.662
0.662
0.662
0.662
0.425954
0.313028
0.662
0.41521
0.662
0.662
0.152893
0.299094
0.662
0.662
0.662
0.109799
0.662
0.662
0.662
0.208779
0.662
0.103672
0.662
0.353692
0.32906
0.495407
0.590464
0.662
0.0183842
0.662
0.662
0.662
0.450153
0.662
0.034091
0.0318948
0.323102
0.240828
0.0411805
0.662
0.264932
0.662
0.662
0.37454
0.662
0.662
0.662
0.662
0.662
0.212241
0.662
0.662
0.399873
0.662
0.254099
0.322009
0.349646
0.312956
0.662
0.662
0.662
0.386378
0.225771
0.0109414
0.308272
0.483603
0.301205
0.392184
0.662
0.662
0.662
0.326547
0.662
0.662
0.662
0.662
0.662
0.662
0.62897
0.0569254
0.662
0.662
0.041769
0.176924
0.662
0.662
0.662
0.662
0.472058
0.417168
0.662
0.662
0.439611
0.662
0.662
0.443683
0.0218419
0.662
0.662
0.327247
0.662
0.164266
0.300769
0.662
0.189716
0.662
0.662
0.662
0.260912
0.662
0.456141
0.662
0.447344
0.662
0.331858
0.662
0.662
0.662
0.662
0.662
0.662
0.662
0.14144
0.662
0.466159
0.204835
0.662
0.662
0.662
0.662
0.437809
0.512193
0.662
0.425919
0.662
0.241298
0.662
0.297959
0.145203
0.169536
0.370234
0.60974
0.662
0.662
0.137741
0.0441617
0.662
0.662
0.216653
0.662
0.662
0.662
0.36344
0.662
0.222081
0.0648158
0.41819
0.662
0.662
0.662
0.662
0.166155
0.19185
0.499834
0.0194129
0.225937
0.282086
0.662
0.662
0.662
0.662
0.662
0.662
0.662
0.213119
0.662
0.317713
0.115479
0.274011
0.384936
0.439024
0.662
0.662
0.643426
0.662
0.0146925
0.351595
0.662
0.100877
0.662
0.662
0.225042
0.208655
0.662
0.662
0.345153
0.662
0.0382263
0.662
0.662
0.662
0.662
0.381942
0.169838
0.468799
0.318211
0.662
0.662
0.305392
0.662
0.52165
0.662
0.214085
0.354556
0.662
0.0305029
0.662
0.464623
0.662
0.662
0.662
0.662
0.662
0.662
0.662
0.551563
0.457808
0.662
0.204381
0.662
0.662
0.483866
0.417466
0.662
0.662
0.311986
0.416284
0.662
0.285886
0.662
0.662
0.122066
0.662
0.32973
0.585021
0.662
0.662
0.306795
0.193267
0.662
0.464628
0.22705
0.662
0.146557
0.662
0.662
0.662
0.662
0.0324146
0.662
0.133543
0.277511
0.137586
0.662
0.350747
0.662
0.0211524
0.425458
0.418679
0.662
0.292182
0.662
0.662
0.396378
0.468429
0.662
0.298463
0.662
0.662
0.01434
0.662
0.662
0.662
0.662
0.662
0.662
0.18514
0.361848
0.662
0.181918
0.629763
0.662
0.662
0.203804
0.26497
0.662
0.255268
0.161395
0.559342
0.662
0.662
0.662
0.662
0.205888
0.662
0.662
0.662
0.517819
0.0248957
0.276292
0.19145
0.405749
0.342549
0.226781
0.662
0.363165
0.421178
0.191907
0.662
0.299596
0.14501
0.338163
0.662
0.662
0.662
0.662
0.662
0.662
0.662
0.662
0.161804
0.301833
0.105091
0.662
0.662
0.662
0.662
0.0398615
0.277604
0.637364
0.662
0.238411
0.662
0.662
0.662
0.367989
0.315869
0.195917
0.398444
0.662
0.230037
0.362516
0.292312
0.662
0.205697
0.0752523
0.662
0.662
0.314475
0.0823388
0.662
0.310845
0.662
0.333187
0.662
0.662
0.52359
0.662
0.662
0.662
0.662
0.0647885
0.662
0.662
0.0780721
0.392279
0.390076
0.468312
0.252623
0.473761
0.460737
0.662
0.262899
0.0970273
0.234262
0.207827
0.485425
0.118913
0.662
0.217651
0.121952
0.662
0.662
0.662
0.662
0.453238
0.662
0.606536
0.473888
0.662
0.662
0.435479
0.448162
0.662
0.662
0.219722
0.662
0.662
0.251148
0.662
0.662
0.162131
0.385914
0.263771
0.662
0.311265
0.405018
0.662
0.322437
0.10124
0.662
0.662
0.662
0.662
0.539257
0.0318343
0.0356
0.467213
0.662
0.662
0.662
0.662
0.662
0.298201
0.662
0.662
0.430718
0.662
0.213037
0.260399
0.662
0.662
0.662
0.662
0.662
0.662
0.231996
0.662
0.259623
0.298757
0.29313
0.662
0.662
0.200697
0.662
0.662
0.662
0.662
0.662
0.237304
0.662
0.662
0.662
0.662
0.662
0.662
0.21332
0.32467
0.293008
0.491649
0.662
0.662
0.662
0.294134
0.183747
0.123133
0.662
0.427866
0.662
0.18936
0.662
0.662
0.662
0.662
0.154455
0.423889
0.440753
0.422211
0.662
0.54579
0.585418
0.163758
0.322692
