0.662
0.578429
0.18599
0.662
0.0756664
0.409486
0.662
0.662
0.662
0.405798
0.662
0.345013
0.0202204
0.330913
0.136842
0.662
0.662
0.662
0.365019
0.662
0.568227
0.662
0.662
0.662
0.26348
0.130064
0.454458
0.0928834
0.468412
0.662
0.0932094
0.662
0.140522
0.662
0.146101
0.662
0.188908
0.446994
0.662
0.662
0.189297
0.662
0.10179
0.662
0.625179
0.228507
0.256523
0.662
0.662
0.207929
0.662
0.662
0.416289
0.200562
0.133118
0.273671
0.662
0.453804
0.14646
0.204226
0.362948
0.662
0.662
0.248437
0.166982
0.662
0.474092
0.662
0.146742
0.662
0.662
0.662
0.662
0.0898014
0.662
0.446356
0.662
0.662
0.662
0.36385
0.452825
0.662
0.662
0.662
0.662
0.0407171
0.662
0.662
0.662
0.128967
0.280002
0.662
0.662
0.662
0.662
0.662
0.662
0.135425
0.662
0.416123
0.662
0.42573
0.662
0.351813
0.1103
0.0467623
0.662
0.0413631
0.662
0.662
0.201954
0.662
0.0879887
0.396427
0.0570811
0.662
0.453683
0.473349
0.662
0.629696
0.662
0.409197
0.662
0.662
0.662
0.0345577
0.09807
0.662
0.0480605
0.662
0.530705
0.37368
0.00342553
0.33868
0.662
0.662
0.662
0.248988
0.662
0.662
0.662
0.562204
0.487554
0.23398
0.332037
0.662
0.0700359
0.662
0.662
0.0611869
0.662
0.364219
0.434998
0.662
0.662
0.662
0.662
0.0284218
0.662
0.0512126
0.662
0.0714397
0.0337694
0.219184
0.262906
0.662
0.662
0.662
0.662
0.268108
0.662
0.662
0.0259293
0.662
0.662
0.662
0.662
0.125947
0.106553
0.335098
0.662
0.130631
0.191979
0.662
0.191929
0.142808
0.662
0.662
0.662
0.662
0.662
0.541733
0.662
0.0419735
0.403792
0.662
0.662
0.662
0.662
0.194162
0.662
0.662
0.662
0.328334
0.495943
0.000702717
0.662
0.332022
0.662
0.192357
0.382618
0.662
0.662
0.441368
0.402506
0.662
0.319063
0.366688
0.662
0.662
0.662
0.662
0.419399
0.22353
0.662
0.204656
0.662
0.258775
0.662
0.237854
0.662
0.662
0.346893
0.662
0.360393
0.662
0.662
0.468444
0.662
0.345951
0.662
0.32497
0.662
0.432672
0.442688
0.313263
0.662
0.304831
0.18457
0.662
0.662
0.169937
0.418478
0.225465
0.662
0.289231
0.662
0.662
0.662
0.171299
0.247524
0.101329
0.111324
0.0135014
0.219934
0.430938
0.662
0.662
0.662
0.662
0.228686
0.662
0.662
0.495649
0.662
0.325436
0.662
0.0723596
0.320571
0.00278841
0.662
0.662
0.662
0.662
0.030313
0.662
0.662
0.476757
0.662
0.298026
0.662
0.231358
0.662
0.662
0.662
0.662
0.341357
0.662
0.0360193
0.662
0.188567
0.0278973
0.662
0.662
0.157491
0.122766
0.44401
0.029024
0.662
0.406247
0.662
0.105916
0.210708
0.427912
0.662
0.246132
0.662
0.355109
0.161736
0.662
0.496781
0.135416
0.662
0.0560373
0.124149
0.238907
0.662
0.662
0.662
0.434664
0.662
0.0859155
0.662
0.161974
0.662
0.662
0.662
0.0760133
0.390243
0.662
0.662
0.662
0.662
0.0338325
0.422799
0.662
0.215677
0.150014
0.662
0.662
0.662
0.32432
0.662
0.662
0.363681
0.101589
0.662
0.275958
0.662
0.662
0.388926
0.183477
0.662
0.10341
0.187606
0.336792
0.489052
0.317937
0.418717
0.3966
0.662
0.662
0.662
0.291301
0.629763
0.325172
0.662
0.118382
0.662
0.662
0.662
0.662
0.443463
0.662
0.662
0.662
0.662
0.370312
0.662
0.034059
0.662
0.531429
0.662
0.662
0.662
0.662
0.158585
0.662
0.311426
0.362561
0.177327
0.259723
0.662
0.662
0.662
0.662
0.662
0.662
0.662
0.176816
0.662
0.662
0.220256
0.662
0.662
0.0743646
0.303565
0.363407
0.170821
0.35336
0.662
0.662
0.196267
0.0109438
0.662
0.662
0.0684222
0.662
0.662
0.662
0.455685
0.0198472
0.0784454
0.662
0.140056
0.662
0.117912
0.662
0.128749
0.662
0.662
0.662
0.167109
0.0893709
0.662
0.138429
0.662
0.347536
0.449266
0.662
0.662
0.662
0.328312
0.662
0.37993
0.662
0.662
0.46754
0.662
0.662
0.015861
0.316467
0.662
0.662
0.198711
0.662
0.0237486
0.662
0.322755
0.570681
0.414343
0.253532
0.272396
0.662
0.662
0.193369
0.662
0.107287
0.662
0.662
0.662
0.195384
0.662
0.268674
0.662
0.662
0.662
0.257575
0.662
0.662
0.433595
0.327004
0.386575
0.662
0.363423
0.662
0.662
0.662
0.383406
0.154991
0.333218
0.00230688
0.662
0.103828
0.379804
0.33493
0.176436
0.337855
0.662
0.662
0.662
0.662
0.662
0.198224
0.14469
0.662
0.662
0.484124
0.326586
0.662
0.662
0.218812
0.662
0.662
0.0127047
0.36268
0.662
0.149271
0.241931
0.662
0.662
0.156446
0.0911688
0.127057
0.662
0.583439
0.662
0.609027
0.247423
0.662
0.662
0.662
0.662
0.662
0.209496
0.662
0.662
0.662
0.662
0.133084
0.662
0.662
0.286058
0.437932
0.456654
0.662
0.662
0.193814
0.662
0.337662
0.662
0.662
0.662
0.412125
0.0155875
0.662
0.283182
0.455186
0.368431
0.0650348
0.0522791
0.212764
0.286553
0.662
0.313841
0.0168864
0.203523
0.188179
0.451001
0.662
0.468954
0.662
0.370787
0.662
0.662
0.142087
0.483535
0.356988
0.662
0.662
0.212144
0.662
0.662
0.662
0.662
0.662
0.449322
0.662
0.32113
0.662
0.328012
0.662
0.662
0.662
0.662
0.375165
0.662
0.317302
0.662
0.469355
0.662
0.138922
0.662
0.662
0.24609
0.662
0.662
0.662
0.534063
0.662
0.662
0.457318
0.662
0.662
0.662
0.500527
0.0063794
0.662
0.662
0.662
0.662
0.662
0.172562
0.662
0.662
0.0531416
0.662
0.662
0.305546
0.126965
0.280819
0.000576119
0.47591
0.662
0.662
0.662
0.662
0.662
0.662
0.662
0.662
0.662
0.0805984
0.662
0.0466911
0.361694
0.662
0.0913548
0.662
0.662
0.662
0.662
0.662
0.662
0.662
0.662
0.0315746
0.030695
0.662
0.439074
0.662
0.422544
0.662
0.662
0.662
0.662
0.190838
0.662
0.0181553
0.662
0.662
0.16169
0.304847
0.11782
0.302688
0.624937
0.662
0.662
0.295611
0.182723
0.662
0.0154856
0.0879655
0.662
0.56613
0.662
0.662
0.662
0.662
0.0871442
0.157905
0.662
0.662
0.227707
0.198739
0.662
0.0125238
0.662
0.662
0.662
0.628981
0.662
0.3689
0.191495
0.662
0.346651
0.421515
0.662
0.146683
0.662
0.662
0.662
0.662
0.662
0.00136933
0.183211
0.662
0.0731776
0.662
0.662
0.662
0.662
0.662
0.00296748
0.662
0.662
0.0845208
0.0408831
0.0753771
0.448202
0.475935
0.0533203
0.662
0.662
0.191506
0.662
0.662
0.662
0.662
0.481802
0.662
0.662
0.662
0.421911
0.607263
0.330815
0.204282
0.662
0.394026
0.171632
0.662
0.238483
0.235593
0.662
0.368422
0.397208
0.363841
0.232724
0.213038
0.194076
0.662
0.492886
0.662
0.499121
0.662
0.289992
0.219237
0.331359
0.662
0.662
0.662
0.662
0.662
0.444838
0.412277
0.390097
0.232207
0.0109411
0.327677
0.267674
0.362163
0.296937
0.662
0.662
0.662
0.126928
0.384821
0.182861
0.301039
0.662
0.433647
0.662
0.662
0.366705
0.662
0.662
0.129224
0.216887
0.662
0.662
0.662
0.662
0.462361
0.392474
0.265286
0.662
0.167848
0.662
0.662
0.243855
0.662
0.405968
0.32859
0.662
0.306885
0.662
0.356135
0.0457879
0.662
0.0736961
0.662
0.662
0.662
0.205758
0.19216
0.662
0.23998
0.662
0.391051
0.210864
0.115628
0.662
0.662
0.662
0.0110652
0.344575
0.00983086
0.662
0.284261
0.662
0.324327
0.662
0.362441
0.662
0.197626
0.0544494
0.662
0.145704
0.662
0.319452
0.240665
0.662
0.662
0.289479
0.662
0.105647
0.662
0.662
0.396119
0.130945
0.0260544
0.280422
0.0318521
0.662
0.662
0.662
0.662
0.662
0.408712
