0.144095
0.617721
0.662
0.441271
0.0460596
0.26313
0.662
0.244937
0.662
0.662
0.662
0.662
0.662
0.447742
0.244529
0.662
0.272417
0.662
0.0352556
0.109365
0.329363
0.662
0.662
0.0381487
0.662
0.0295213
0.0119037
0.662
0.662
0.662
0.498447
0.116964
0.662
0.340615
0.662
0.662
0.00148538
0.662
0.105529
0.662
0.257206
0.0852339
0.416819
0.292451
0.286264
0.177104
0.662
0.662
0.144473
0.105874
0.662
0.27736
0.662
0.662
0.274042
0.142934
0.175297
0.662
0.296432
0.662
0.166999
0.298093
0.169685
0.662
0.662
0.0968038
0.662
0.662
0.127667
0.662
5.79814e-06
0.140829
0.662
0.662
0.0751747
0.121285
0.454334
0.0844364
0.662
0.662
0.662
0.662
0.662
0.641705
0.662
0.662
0.662
0.564033
0.662
0.132512
0.662
0.190095
0.662
0.662
0.420559
0.340249
0.662
0.423515
0.0106952
0.662
0.189706
0.109732
0.306206
0.384351
0.30606
0.662
0.291902
0.662
0.662
0.662
0.662
0.662
0.464956
0.43904
0.0890046
0.662
0.662
0.662
0.330671
0.662
0.472166
0.350948
0.266597
0.662
0.662
0.662
0.662
0.461739
0.43881
0.662
0.126079
0.396354
0.476682
0.329855
0.317571
0.459825
0.662
0.265447
0.662
0.662
0.148456
0.267078
0.178392
0.662
0.662
0.0546366
0.13769
0.662
0.0822823
0.662
0.258015
0.662
0.662
0.251712
0.662
0.662
0.662
0.30213
0.662
0.494661
0.201545
0.662
0.474233
0.210807
0.662
0.0955397
0.390146
0.0520788
0.662
0.00645552
0.214618
0.662
0.662
0.662
0.662
0.217892
0.219599
0.126286
0.662
0.662
0.662
0.662
0.662
0.662
0.433411
0.153525
0.662
0.662
0.662
0.662
0.662
0.662
0.140863
0.662
0.662
0.662
0.662
0.475487
0.662
0.662
0.0459863
0.662
0.662
0.217149
0.404592
0.165662
0.309517
0.662
0.157876
0.662
0.662
0.662
0.662
0.662
0.303762
0.662
0.0559171
0.662
0.662
0.451358
0.205776
0.151969
0.079857
0.0458971
0.175647
0.662
0.475105
0.662
0.662
0.593165
0.465993
0.662
0.662
0.662
0.662
0.0618968
0.662
0.255969
0.141665
0.199018
0.662
0.104246
0.662
0.662
0.0369238
0.173079
0.662
0.0766524
0.0194919
0.148575
0.662
0.405284
0.662
0.294899
0.662
0.662
0.662
0.662
0.662
0.303612
0.662
0.192883
0.439302
0.344819
0.102127
0.662
0.381611
0.22792
0.662
0.662
0.0216614
0.662
0.111651
0.0624861
0.115029
0.662
0.662
0.41412
0.662
0.662
0.662
0.662
0.383362
0.15455
0.662
0.0304435
0.662
0.389977
0.662
0.662
0.0346097
0.00578995
0.0385802
0.662
0.662
0.279151
0.429198
0.0817453
0.337308
0.146754
0.662
0.662
0.1656
0.662
0.16616
0.662
0.102667
0.443083
0.662
0.299557
0.284874
0.180075
0.662
0.662
0.662
0.267285
0.662
0.325343
0.476612
0.23413
0.662
0.203447
0.662
0.348856
0.662
0.259962
0.662
0.0338609
0.253173
0.662
0.104333
0.023986
0.270769
0.662
0.182626
0.662
0.339092
0.662
0.365387
0.407682
0.662
0.662
0.662
0.662
0.662
0.662
0.662
0.180143
0.662
0.662
0.662
0.460676
0.662
0.662
0.117075
0.662
0.438501
0.662
0.662
0.662
0.662
0.662
0.662
0.36082
0.662
0.085442
0.662
0.662
0.391794
0.662
0.662
0.0195694
0.193998
0.662
0.27904
0.174967
0.398778
0.202376
0.652276
0.416395
0.327696
0.207906
0.662
0.662
0.662
0.380973
0.183857
0.448712
0.662
0.662
0.0272057
0.161475
0.223994
0.026691
0.510884
0.226837
0.337188
0.662
0.662
0.0242383
0.173505
0.472264
0.662
0.662
0.662
0.211303
0.0575158
0.662
0.252074
0.662
0.0643091
0.175297
0.662
0.469992
0.662
0.127311
0.662
0.466072
0.587007
0.149759
0.403434
0.124345
0.42022
0.291426
0.414825
0.433049
0.420424
0.289093
0.45697
0.662
0.159554
0.395713
0.662
0.662
0.338024
0.662
0.427482
0.662
0.662
0.662
0.662
0.662
0.662
0.613429
0.0347953
0.421755
0.662
0.662
0.662
0.662
0.662
0.662
0.00139925
0.0107952
0.662
0.639285
0.494251
0.662
0.662
0.135246
0.396388
0.589764
0.460665
0.135653
0.350525
0.0887858
0.662
0.51231
0.662
0.335992
0.662
0.662
0.411246
0.662
0.325638
0.143158
0.662
0.440353
0.662
0.640184
0.296321
0.318654
0.662
0.224426
0.462495
0.662
0.662
0.279785
0.662
0.195063
0.168008
0.136296
0.662
0.366916
0.662
0.662
0.662
0.246198
0.662
0.662
0.461296
0.00231543
0.124564
0.0832756
0.662
0.0147488
0.410524
0.662
0.662
0.263466
0.662
0.662
0.662
0.662
0.662
0.220605
0.662
0.192903
0.322761
0.408435
0.662
0.255465
0.468566
0.662
0.198271
0.0741976
0.464808
0.0473784
0.415829
0.662
0.567298
0.0650584
0.119983
0.407031
0.662
0.288352
0.285428
0.249297
