0.35444
0.662
0.281659
0.215108
0.0874499
0.662
0.4757
0.522945
0.662
0.166898
0.16616
0.081197
0.569661
0.662
0.0851968
0.662
0.662
0.417894
0.179564
0.126286
0.251381
0.309886
0.165335
0.662
0.662
0.662
0.446572
0.662
0.025614
0.408402
0.648326
0.540548
0.444108
0.662
0.365432
0.662
0.41176
0.662
0.299511
0.662
0.123635
0.148456
0.662
0.529862
0.662
0.35978
0.662
0.327845
0.146126
0.662
0.662
0.662
0.284161
0.662
0.166548
0.204052
0.662
0.662
0.339095
0.662
0.662
0.662
0.213638
0.171095
0.277662
0.662
0.388759
0.134144
0.431
0.127791
0.662
0.662
0.0329976
0.0303818
0.662
0.0227907
0.662
0.662
0.662
0.127344
0.662
0.266556
0.250678
0.662
0.0766524
0.455103
0.387247
0.662
0.314621
0.467201
0.662
0.662
0.382331
0.662
0.662
0.552834
0.302204
0.662
0.662
0.2401
0.662
0.465569
0.662
0.662
0.43152
0.367532
0.662
0.662
0.0944253
0.0431177
0.266352
0.662
0.549904
0.400259
0.662
0.380162
0.662
0.662
0.662
0.464605
0.662
0.492643
0.662
0.378235
0.431959
0.662
0.662
0.662
0.662
0.281918
0.662
0.662
0.662
0.341244
0.662
0.00740425
0.227546
0.0381714
0.662
0.170183
0.662
0.662
0.662
0.662
0.461375
0.662
0.339298
0.662
0.633391
0.662
0.662
0.662
0.662
0.662
0.423717
0.021902
0.21625
0.0672977
0.662
0.662
0.0492053
0.236267
0.662
0.662
0.662
0.662
0.662
0.662
0.191592
0.662
0.377345
0.0812887
0.413355
0.190883
0.0624861
0.662
0.662
0.377456
0.662
0.313343
0.662
0.662
0.357442
0.603586
0.662
0.0504115
0.470594
0.434375
0.662
0.366677
0.662
0.662
0.110501
0.5417
0.132198
0.662
0.662
0.468256
0.257018
0.198669
0.662
0.474902
0.421267
0.227955
0.373719
0.662
0.662
0.440043
0.662
0.42787
0.662
0.449836
0.662
0.662
0.662
0.333921
0.662
0.662
0.45696
0.662
0.121285
0.160266
0.662
0.375371
0.360309
0.662
0.402919
0.0749879
0.229822
0.662
0.0164988
0.472264
0.21909
0.439541
0.662
0.662
0.662
0.449505
0.189761
0.217055
0.433577
0.219085
0.403377
0.0923042
0.204832
0.662
0.662
0.662
0.662
0.0527416
0.662
0.662
0.0366454
0.662
0.0358663
0.21468
0.38963
0.246414
0.435238
0.22258
0.224632
0.464691
0.662
0.34358
0.662
0.662
0.662
0.121642
0.30677
0.0357635
0.37281
0.662
0.662
0.662
0.662
0.662
0.113406
0.219016
0.662
0.662
0.0233121
0.419451
0.662
0.662
0.386532
0.662
0.662
0.662
0.454921
0.662
0.662
0.336008
0.662
0.302806
0.662
0.662
0.283914
0.662
0.662
0.662
0.662
0.406103
0.40928
0.662
0.196617
0.662
0.263356
0.541332
0.662
0.588487
0.0781755
0.662
0.20616
0.662
0.662
0.662
0.28635
0.0460596
0.662
0.662
0.662
0.662
0.20046
0.284351
0.662
0.662
0.662
0.0573941
0.662
0.245811
0.662
0.662
0.662
0.662
0.249172
0.662
0.441271
0.662
0.662
0.456256
0.662
0.120206
0.662
0.359397
0.348809
0.174653
0.320665
0.662
0.662
0.586269
0.0383469
0.662
0.662
0.167788
0.662
0.532371
0.662
0.662
0.662
0.165138
0.426078
0.302514
0.0744267
0.231545
0.662
0.440802
0.284764
0.0871346
0.56068
0.171849
0.258566
0.156407
0.464808
0.662
0.599234
0.662
0.662
0.662
0.662
0.291517
0.543602
0.662
0.484936
0.662
0.175588
0.414486
0.343613
0.662
0.662
0.662
0.662
0.284013
0.074629
0.349047
0.662
0.662
0.662
0.386032
0.349594
0.155318
0.662
0.662
0.0562849
0.370202
0.257541
0.662
0.662
0.662
0.662
0.662
0.662
0.662
0.399968
0.201028
0.25059
0.0448242
0.287091
0.662
0.662
0.310047
0.662
0.574346
0.0839716
0.00139925
0.29044
0.340615
0.662
0.662
0.662
0.662
0.662
0.0426836
0.272863
0.37878
0.412063
0.394422
0.295635
0.586015
0.662
0.155312
0.662
0.662
0.472997
0.0729109
0.202837
0.394705
0.274042
0.28734
0.190482
0.662
0.339481
0.0257394
0.662
0.00699934
0.662
0.662
0.283117
0.375199
0.662
0.662
0.34243
0.125298
0.662
0.662
0.221853
0.662
0.662
0.662
0.662
0.662
0.662
0.21818
0.662
0.0433651
0.662
0.662
0.662
0.440804
0.662
0.206527
0.662
0.662
0.662
0.662
0.662
0.662
0.380501
0.0346421
0.221776
0.662
0.662
0.0179962
0.176472
0.0205499
0.166133
0.053252
0.662
0.662
0.184852
0.411719
0.301996
0.0385802
0.22492
0.662
0.0107029
0.367698
0.2139
0.662
0.662
0.662
0.662
0.662
0.662
0.323576
0.662
0.426489
0.197639
0.279629
0.662
0.0546366
0.293717
0.662
0.662
0.662
0.662
0.410809
0.662
0.324169
0.662
0.662
0.227617
0.242155
0.662
0.662
0.662
0.662
0.662
0.438422
0.0709479
0.662
0.0667928
0.112009
0.662
0.662
0.246253
0.031702
0.248733
0.0162602
0.218457
0.444107
0.377266
0.662
0.246685
0.662
0.662
0.662
0.662
0.662
0.475519
0.166386
0.166663
0.275302
0.662
0.662
0.411199
0.405687
0.408454
0.402983
0.662
0.662
0.662
0.662
0.662
0.662
0.42157
0.219391
0.358946
0.662
0.662
0.174131
0.662
0.400782
0.648266
0.516815
0.113702
0.397092
0.183192
0.662
0.196559
0.662
0.662
0.662
0.662
0.588073
0.63497
0.085442
0.459383
0.393433
0.479519
0.101949
0.662
0.662
0.662
0.115775
0.662
0.662
0.662
0.336661
0.662
0.126079
0.491704
0.226344
0.662
0.662
0.545964
0.462862
0.440934
0.0495723
0.0459863
0.222111
0.14747
0.317754
0.662
0.662
0.662
0.153162
0.662
0.662
0.662
0.662
0.662
0.662
0.662
0.281599
0.662
0.662
0.662
0.47225
0.662
0.344029
0.490878
0.662
0.662
0.63339
0.662
0.662
0.0732612
0.384101
0.340843
0.116741
0.409244
0.422923
0.230816
0.662
0.662
0.132512
0.219266
0.662
0.419933
0.398866
0.33246
0.155945
0.662
0.662
0.40399
0.662
0.662
0.455585
0.662
0.662
0.662
0.429092
