0.247496
0.662
0.662
0.00275993
0.169947
0.662
0.662
0.391738
0.662
0.429835
0.662
0.390313
0.662
0.448642
0.353262
0.662
0.231895
0.662
0.449091
0.300538
0.0709173
0.662
0.662
0.152274
0.662
0.662
0.662
0.205617
0.662
0.148417
0.662
0.363693
0.0166493
0.662
0.662
0.194809
0.217999
0.430466
0.38148
0.255596
0.409735
0.662
0.449049
0.435353
0.139552
0.662
0.662
0.375961
0.662
0.662
0.662
0.0314295
0.22599
0.374244
0.442692
0.662
0.0886961
0.453037
0.356891
0.662
0.662
0.229233
0.147457
0.0295162
0.059716
0.0279748
0.662
0.662
0.662
0.0770247
0.294498
0.662
0.217363
0.662
0.212253
0.662
0.396453
0.113346
0.662
0.662
0.172507
0.662
0.445334
0.139375
0.200778
0.318889
0.662
0.662
0.662
0.28811
0.662
0.379237
0.627518
0.662
0.662
0.373683
0.0374913
0.662
0.0502671
0.662
0.358832
0.412609
0.662
0.662
0.662
0.446098
0.662
0.310204
0.662
0.662
0.20525
0.662
0.191401
0.379222
0.389405
0.662
0.21083
0.380723
0.662
0.43995
0.662
0.662
0.264407
0.241688
0.662
0.131012
0.204682
0.662
0.662
0.331995
0.0609702
0.071064
0.0499726
0.662
0.662
0.425201
0.662
0.473801
0.662
0.662
0.662
0.662
0.662
0.662
0.44505
0.662
0.370607
0.662
0.662
0.662
0.662
0.662
0.0165963
0.662
0.662
0.662
0.662
0.662
0.338574
0.662
0.295746
0.315433
0.662
0.265684
0.248539
0.345536
0.438489
0.662
0.445075
0.31148
0.456159
0.011633
0.489045
0.662
0.0665135
0.662
0.662
0.662
0.662
0.662
0.246917
0.30403
0.312896
0.662
0.662
0.662
0.0937002
0.189887
0.662
0.422531
0.662
0.662
0.0911973
0.662
0.295441
0.049236
0.398913
0.662
0.662
0.662
0.103719
0.293354
0.346825
0.662
0.662
0.137897
0.662
0.662
0.224514
0.662
0.373404
0.430414
0.379101
0.662
0.0622781
0.662
0.662
0.662
0.662
0.471758
0.167405
0.1513
0.122819
0.404812
0.662
0.227123
0.662
0.662
0.662
0.00360702
0.243072
0.662
0.662
0.25277
0.0590117
0.662
0.662
0.242482
0.662
0.55479
0.662
0.662
0.290046
0.599439
0.241927
0.446978
0.662
0.662
0.662
0.662
0.662
0.11129
0.662
0.137018
0.348852
0.19026
0.662
0.231823
0.662
0.662
0.662
0.185747
0.125452
0.115787
0.662
0.662
0.446627
0.662
0.0551753
0.662
0.662
0.662
0.456744
0.662
0.40876
0.662
0.662
0.430092
0.662
0.662
0.468149
0.662
0.354062
0.662
0.662
0.662
0.662
0.662
0.662
0.168117
0.117394
0.462847
0.15798
0.451801
0.662
0.662
0.611712
0.662
0.38981
0.662
0.662
0.539017
0.662
0.270355
0.662
0.662
0.662
0.662
0.249162
0.0664182
0.152826
0.662
0.662
0.475842
0.368928
0.662
0.0773283
0.361295
0.662
0.377303
0.662
0.662
0.662
0.351744
0.662
0.662
0.662
0.662
0.662
0.412386
0.662
0.662
0.662
0.662
0.662
0.662
0.662
0.662
0.0958688
0.285589
0.662
0.662
0.662
0.00827845
0.46595
0.662
0.0437147
0.380412
0.662
0.662
0.662
0.662
0.330433
0.171635
0.662
0.662
0.662
0.22844
0.376736
0.146363
0.477834
0.662
0.662
0.662
0.453966
0.662
0.0367193
0.0741094
0.662
0.662
0.147967
0.204363
0.662
0.527982
0.662
0.662
0.662
0.662
0.662
0.0477524
0.662
0.662
0.662
0.0462061
0.476775
0.138548
0.662
0.398959
0.662
0.181513
0.203338
0.662
0.662
0.662
0.662
0.662
0.662
0.286786
0.662
0.40023
0.662
0.662
0.662
0.662
0.570081
0.203888
0.00466578
0.183806
0.20783
0.218961
0.255671
0.436772
0.662
0.662
0.461468
0.662
0.467498
0.509591
0.200648
0.435448
0.662
0.0549875
0.378336
0.662
0.155585
0.305244
0.403319
0.662
0.662
0.662
0.208969
0.662
0.17367
0.662
0.662
0.662
0.199129
0.662
0.662
0.662
0.662
0.394279
0.143825
0.223161
0.188877
0.662
0.662
0.481243
0.662
0.246841
0.0965022
0.102105
0.377093
0.662
0.662
0.557828
0.414685
0.386775
0.662
0.662
0.325978
0.662
0.662
0.662
0.662
0.662
0.662
0.244719
0.662
0.662
0.662
0.396364
0.662
0.662
0.662
0.662
0.45321
0.329753
0.662
0.301082
0.662
0.556431
0.662
0.662
0.662
0.420877
0.205866
0.244192
0.39596
0.662
0.662
0.405662
0.662
0.662
0.257111
0.265665
0.662
0.662
0.456151
0.327444
0.128292
0.519946
0.565914
0.435843
0.662
0.662
0.662
0.662
0.391186
0.662
0.662
0.502796
0.42391
0.124045
0.449956
0.662
0.662
0.662
0.382084
0.474167
0.662
0.345101
0.662
0.662
0.662
0.662
0.0336705
0.181537
0.662
0.662
0.292637
0.662
0.419342
0.116987
0.364334
0.219058
0.414124
0.662
0.410401
0.662
0.662
0.207538
0.662
0.662
0.662
0.662
0.426427
0.662
0.140718
0.261723
0.662
0.409488
0.662
0.662
0.662
0.662
0.662
0.568374
0.662
0.662
0.173211
0.662
0.408865
0.354622
0.662
0.3372
0.662
0.662
0.340482
0.662
0.662
0.662
0.487934
0.0366491
0.212115
0.662
0.420199
0.662
0.662
0.662
0.0546747
0.0559044
0.298137
0.662
0.320198
0.662
0.0755568
0.662
0.401972
0.47808
0.662
0.51162
0.662
0.149617
0.662
0.662
0.662
0.191648
0.360356
0.662
0.100654
0.307101
0.501716
0.662
0.183208
0.426374
0.407546
0.662
0.662
0.662
0.0465721
0.662
0.662
0.662
0.364199
0.604932
0.219945
0.143067
0.662
0.307929
0.00884477
0.595084
0.395198
0.174376
0.662
0.662
0.141826
0.128669
0.662
0.662
0.565402
0.0797123
0.662
0.662
0.369643
0.662
0.0568205
0.174768
0.662
0.160262
0.662
0.468702
0.662
0.0537733
0.275161
0.662
0.272385
0.662
0.662
0.662
0.398388
0.662
0.662
0.662
0.662
0.662
0.220516
0.662
0.264983
0.305559
0.662
0.402479
0.662
0.662
0.662
0.0451191
0.386924
0.345372
0.21924
0.662
0.432561
0.662
0.662
0.288748
0.461686
0.662
0.662
0.237595
0.0328812
0.260271
0.302104
0.00901334
0.662
0.662
0.338439
0.662
0.662
0.662
0.239934
0.662
0.168202
0.591483
0.662
0.662
0.662
0.429473
0.289123
0.662
0.662
0.662
0.239668
0.662
0.662
0.662
0.662
0.00285056
0.662
0.662
0.662
0.241219
0.662
0.379739
0.302516
0.187356
0.348784
0.195151
0.289319
0.662
0.662
0.662
0.662
0.662
0.662
0.662
0.662
0.238857
0.467471
0.199998
0.662
0.209204
0.662
0.519577
0.662
0.662
0.662
0.360578
0.662
0.662
0.153579
0.279354
0.662
0.295069
0.662
0.286688
0.501272
0.662
0.662
0.344385
0.662
0.372232
0.662
0.154776
0.26994
0.662
0.303129
0.206053
0.662
0.662
0.534941
0.54006
0.396873
0.662
0.662
0.662
0.0585923
0.662
0.304858
0.476955
0.662
0.662
0.662
0.662
0.662
0.662
0.662
0.662
0.662
0.410634
0.662
0.662
0.662
0.662
0.662
0.222921
0.274318
0.662
0.20828
0.662
0.337427
0.254958
0.0894823
0.662
0.662
0.135772
0.662
0.457449
0.662
0.662
0.662
0.662
0.662
0.633391
0.662
0.0101522
0.662
0.662
0.347257
0.662
0.0637693
0.121593
0.662
0.662
0.662
0.662
0.662
0.662
0.141891
0.0611007
0.481125
0.355306
0.235266
0.271474
0.662
0.22004
0.125767
0.662
0.662
0.113654
0.0474295
0.279626
0.360293
0.662
0.29208
0.662
0.662
0.322417
0.662
0.662
0.662
0.492339
0.662
0.662
0.184973
0.662
0.662
0.173289
0.662
0.405898
0.00331163
0.384536
0.662
0.662
0.662
0.662
0.662
0.662
0.662
0.662
0.662
0.00993217
0.568125
0.662
0.662
0.219279
0.414751
0.662
0.662
0.20071
0.662
0.662
0.662
0.662
0.662
0.662
0.244361
0.662
0.662
0.662
0.662
0.662
0.0714238
0.316793
0.662
0.11877
0.662
0.662
0.390563
0.662
0.662
0.463625
0.662
0.533466
0.247216
0.662
0.25161
0.662
0.662
0.16178
0.310838
0.662
0.491664
0.662
0.577133
0.662
0.356832
0.206044
0.45932
0.275824
0.662
0.662
0.384001
0.662
0.662
0.662
0.662
0.0806159
0.499542
0.662
0.662
0.662
0.474887
0.138814
0.394604
0.409027
0.662
0.118739
0.662
0.0551961
0.662
0.662
0.418668
0.10379
0.662
0.0621566
0.662
0.502079
0.474111
0.662
0.460006
0.0945354
0.662
0.662
0.662
0.662
0.662
0.127997
0.123994
0.662
0.662
0.0682733
0.662
0.449026
0.441187
0.662
0.662
0.662
0.662
0.662
0.662
0.246764
0.662
0.662
0.23047
0.662
0.31695
0.662
0.662
0.56915
0.662
0.426602
0.475913
0.662
0.424141
0.662
0.427984
0.662
0.295816
0.389343
0.198705
0.172121
0.267968
0.213226
0.103473
0.456784
0.662
0.284088
0.662
0.662
0.344739
0.662
0.146538
0.190499
0.662
0.561974
0.662
0.472381
0.469223
0.662
0.361626
0.662
0.246516
0.00822371
0.188448
0.662
0.369367
0.182452
0.662
0.40191
0.0959675
0.662
0.662
0.126167
0.662
0.662
0.662
0.390267
0.662
0.473787
0.0369779
0.394411
0.404798
0.662
0.0514774
0.455925
0.0306771
0.400495
0.382996
0.662
0.662
0.662
0.662
0.294896
0.662
0.662
0.662
0.489655
0.227313
0.46318
0.662
0.300395
0.662
0.662
0.662
0.576222
0.412114
0.662
0.662
0.414599
0.0483642
0.414756
0.662
0.131609
0.32253
0.662
0.11584
0.17246
0.662
0.662
0.662
0.158403
0.116936
0.662
0.662
0.662
0.662
0.662
0.662
0.117559
0.662
0.398843
0.4406
0.662
0.662
0.662
0.631316
0.477595
0.330194
0.662
0.149692
0.662
0.0760252
0.164704
0.662
0.662
0.288244
0.662
0.662
0.662
0.662
0.662
0.662
0.662
0.662
0.662
0.0840148
0.662
0.240123
0.662
0.662
0.662
0.662
0.172776
0.662
0.157859
0.662
0.316954
0.662
0.245411
0.390311
0.662
0.662
0.662
0.662
0.662
0.186134
0.312351
0.662
0.662
0.662
0.652469
0.369278
0.371448
0.468303
0.662
0.662
0.662
0.167776
0.556055
0.662
0.162013
0.0366143
0.471387
0.629706
0.0369453
0.377468
0.425023
0.299023
0.662
0.662
0.662
0.388743
0.662
0.662
0.0793745
0.63339
0.662
0.662
0.662
0.343562
0.662
0.498654
0.662
0.662
0.429408
0.662
0.453135
0.662
0.662
0.662
0.0783946
0.463037
0.312555
0.439153
0.144419
0.662
0.184264
0.2136
0.045567
0.0475431
0.531151
0.44374
0.229553
0.662
0.662
0.449712
0.348104
0.662
0.0163659
0.0529278
0.662
0.662
0.342947
0.662
0.441665
0.370197
0.662
0.640582
0.447975
0.662
0.662
0.166907
0.662
0.662
0.662
0.421983
0.662
0.662
0.403512
0.397536
0.280948
0.662
0.662
0.662
0.662
0.662
0.662
0.34648
0.398678
0.282931
0.189041
0.662
0.251839
0.0561536
0.263496
0.662
0.662
0.472898
0.662
0.376869
0.198981
0.662
0.0473552
0.662
0.274429
0.528551
0.165189
0.662
0.662
0.119528
0.662
0.441046
0.662
0.662
0.662
0.662
0.662
0.0517509
0.662
0.662
0.284024
0.291794
0.662
0.662
0.126653
0.090123
0.222615
0.662
0.662
0.662
0.45503
0.287401
0.263034
0.444484
0.410316
0.533847
0.662
0.662
0.662
0.662
0.662
0.662
0.662
0.662
0.662
0.662
0.662
0.662
0.662
0.662
0.288914
0.38602
0.662
0.662
0.662
0.662
0.662
0.0636609
0.662
0.662
0.357944
0.662
0.662
0.662
0.662
0.112349
0.39822
0.662
0.430365
0.662
0.118244
0.662
0.334903
0.0496514
0.662
0.662
0.469346
0.397987
0.662
0.373786
0.21838
0.662
0.0212116
0.401293
0.265003
0.216652
0.662
0.662
0.39838
0.424032
0.662
0.662
0.662
0.662
0.662
0.662
0.662
0.25518
0.662
0.439253
0.295202
0.473616
0.662
0.662
0.391156
0.662
0.123681
0.493764
0.29216
0.662
0.537007
0.284168
0.662
0.489323
0.456556
0.662
0.662
0.662
0.662
0.30602
0.662
0.544918
0.434719
0.662
0.662
0.662
0.662
0.662
0.662
0.662
0.662
0.662
0.170426
0.662
0.662
0.449584
0.400348
0.00901462
0.662
0.287944
0.662
0.662
0.590511
0.312104
0.441144
0.160796
0.662
0.662
0.308648
0.662
0.662
0.202145
0.43059
0.662
0.662
0.318929
0.662
0.662
0.662
0.662
0.400847
0.662
0.137013
0.662
0.118839
0.662
0.662
0.662
0.353901
0.662
0.356756
0.189332
0.0154952
0.662
0.662
0.662
0.662
0.00201144
0.484139
0.662
0.412838
0.160271
0.16884
0.0583479
0.662
0.662
0.662
0.377163
0.445607
0.662
0.662
0.225264
0.662
0.372477
0.39223
0.294205
0.662
0.662
0.280062
0.662
0.662
0.31144
0.43484
0.662
0.391665
0.662
