0.262428
0.662
0.662
0.662
0.662
0.662
0.662
0.662
0.412386
0.380412
0.662
0.662
0.289319
0.279491
0.0760252
0.105947
0.439884
0.471125
0.164754
0.662
0.448483
0.105631
0.662
0.274318
0.451801
0.049236
0.331484
0.520724
0.662
0.459839
0.662
0.375343
0.662
0.662
0.185747
0.662
0.662
0.662
0.520501
0.295816
0.22136
0.662
0.457449
0.388705
0.426427
0.160757
0.473787
0.206272
0.662
0.662
0.662
0.00750379
0.124182
0.662
0.662
0.137897
0.662
0.662
0.21111
0.0894823
0.662
0.662
0.316793
0.662
0.280701
0.662
0.662
0.406923
0.662
0.330089
0.379921
0.0569214
0.662
0.662
0.19383
0.662
0.662
0.662
0.390537
0.662
0.662
0.662
0.662
0.103183
0.662
0.662
0.662
0.662
0.662
0.662
0.662
0.418398
0.662
0.662
0.425023
0.662
0.662
0.662
0.228751
0.662
0.563053
0.102049
0.0113036
0.163828
0.0246102
0.662
0.30403
0.662
0.53297
0.662
0.426545
0.254277
0.662
0.261723
0.0120739
0.662
0.662
0.662
0.301505
0.0451191
0.662
0.662
0.662
0.36784
0.662
0.662
0.00360702
0.662
0.662
0.264305
0.222693
0.662
0.662
0.197779
0.219058
0.662
0.662
0.128292
0.662
0.568374
0.426602
0.662
0.662
0.662
0.662
0.312095
0.662
0.662
0.662
0.108849
0.662
0.662
0.662
0.0789231
0.316641
0.662
0.113654
0.425201
0.159975
0.662
0.662
0.662
0.0462061
0.662
0.662
0.162013
0.357944
0.430832
0.357989
0.502079
0.271474
0.662
0.0565854
0.378894
0.440005
0.662
0.438489
0.090123
0.662
0.595084
0.662
0.473159
0.662
0.319833
0.662
0.468303
0.662
0.662
0.662
0.662
0.137018
0.662
0.662
0.662
0.662
0.662
0.662
0.390313
0.662
0.662
0.662
0.396364
0.421983
0.662
0.0234286
0.386775
0.13152
0.662
0.662
0.662
0.662
0.662
0.218359
0.662
0.309293
0.25277
0.324957
0.0366491
0.662
0.402305
0.662
0.291794
0.662
0.096526
0.662
0.0336602
0.328058
0.662
0.662
0.662
0.662
0.0881901
0.662
0.332635
0.266323
0.662
0.662
0.662
0.662
0.318207
0.662
0.662
0.662
0.0883844
0.662
0.662
0.610837
0.125499
0.662
0.662
0.654584
0.206053
0.399961
0.00884477
0.662
0.456744
0.662
0.662
0.657287
0.231895
0.662
0.662
0.247216
0.0255609
0.0423016
0.662
0.662
0.662
0.662
0.378561
0.115484
0.662
0.662
0.514086
0.228225
0.448319
0.43059
0.662
0.12061
0.662
0.662
0.0931787
0.0741094
0.662
0.0551753
0.662
0.662
0.662
0.394161
0.662
0.0101522
0.139375
0.662
0.662
0.662
0.662
0.193794
0.662
0.662
0.227817
0.0546747
0.662
0.662
0.332368
0.662
0.662
0.662
0.662
0.185262
0.0434057
0.3968
0.662
0.187237
0.439257
0.00285056
0.296758
0.333267
0.662
0.295047
0.662
0.173211
0.393708
0.662
0.662
0.662
0.0367193
0.224864
0.662
0.662
0.0537733
0.662
0.662
0.541142
0.662
0.662
0.662
0.324453
0.372477
0.662
0.662
0.662
0.662
0.662
0.430466
0.00795958
0.178278
0.189102
0.662
0.662
0.662
0.662
0.662
0.473749
0.662
0.662
0.332003
0.662
0.662
0.137665
0.662
0.380873
0.662
0.662
0.662
0.662
0.662
0.662
0.662
0.662
0.662
0.112949
0.414152
0.526219
0.301673
0.662
0.662
0.513606
0.662
0.450547
0.662
0.410448
0.194648
0.0388486
0.0770247
0.662
0.662
0.0126321
0.662
0.662
0.417689
0.662
0.142613
0.198981
0.344455
0.0356425
0.662
0.0465721
0.662
0.662
0.662
0.662
0.662
0.662
0.262942
0.213318
0.662
0.343562
0.662
0.662
0.279973
0.662
0.662
0.312351
0.662
0.662
0.225461
0.0496514
0.533847
0.34648
0.356756
0.662
0.367316
0.662
0.150751
0.310128
0.662
0.662
0.51223
0.380723
0.662
0.662
0.662
0.449722
0.214715
0.469874
0.662
0.255596
0.0772487
0.662
0.662
0.22386
0.662
0.31775
0.173519
0.142944
0.662
0.662
0.389343
0.662
0.662
0.384001
0.325453
0.662
0.360578
0.606577
0.157859
0.119528
0.662
0.270296
0.662
0.350392
0.662
0.456975
0.662
0.662
0.0887585
0.117559
0.257111
0.429408
0.113346
0.445607
0.487191
0.662
0.662
0.443831
0.446978
0.154776
0.662
0.662
0.0844612
0.662
0.662
0.662
0.662
0.54452
0.662
0.204363
0.662
0.390824
0.662
0.662
0.279805
0.176895
0.112329
0.364153
0.662
0.353901
0.662
0.0499608
0.362896
0.222582
0.662
0.662
0.372232
0.662
0.662
0.181537
0.662
0.662
0.116315
0.662
0.195151
0.430414
0.261442
0.662
0.302516
0.0610066
0.175546
0.662
0.0185886
0.395819
0.662
0.662
0.662
0.0437147
0.2081
0.225264
0.511525
0.633391
0.662
0.662
0.154597
0.662
0.379739
0.662
0.282931
0.662
0.0658558
0.662
0.662
0.662
0.662
0.662
0.662
0.662
0.662
0.380666
0.524343
0.44651
0.662
0.662
0.662
0.00183698
0.348784
0.662
0.0985028
0.148367
0.662
0.662
0.662
0.299215
0.662
0.662
0.00993217
0.662
0.662
0.662
0.662
0.662
0.0625913
0.0514774
0.662
0.662
0.477595
0.662
0.473616
0.662
0.662
0.307929
0.662
0.408447
0.0805285
0.662
0.424347
0.417641
0.192451
0.662
0.662
0.258577
0.287401
0.662
0.662
0.662
0.662
0.662
0.548024
0.196374
0.280062
0.662
0.402026
0.662
0.662
0.662
0.662
0.378336
0.662
0.363022
0.662
0.662
0.662
0.662
0.662
0.662
0.662
0.662
0.662
0.103822
0.662
0.662
0.469346
0.0549875
0.662
0.350584
0.0365306
0.662
0.123681
0.25518
0.62774
0.142873
0.370197
0.406684
0.662
0.292464
0.662
0.662
0.662
0.377093
0.662
0.432561
0.662
0.272935
0.662
0.0170499
0.54006
0.313225
0.226331
0.374976
0.148417
0.662
0.662
0.662
0.662
0.662
0.662
0.662
0.0272253
0.301082
0.321024
0.662
0.0937002
0.662
0.662
0.191648
0.311187
0.0468713
0.662
0.390563
0.188486
0.662
0.662
0.377163
0.120098
0.0243969
0.4406
0.186134
0.15859
0.0143166
0.662
0.162153
0.662
0.662
0.359705
0.556011
0.199998
0.446627
0.662
0.662
0.0298162
0.662
0.662
0.290046
0.565914
0.410714
0.303476
0.662
0.662
0.143825
0.378308
0.35436
0.662
0.400619
0.662
0.662
0.335648
0.662
0.621867
0.453731
0.662
0.299028
0.414067
0.226856
0.662
0.0609702
0.662
0.0165292
0.662
0.329753
0.662
0.662
0.509515
0.467752
0.662
0.662
0.462946
0.662
0.19139
0.662
0.662
0.662
0.662
0.662
0.662
0.32058
0.662
0.662
0.463677
0.280492
0.662
0.662
0.246458
0.662
0.662
0.459435
0.662
0.662
0.662
0.662
0.662
0.0146505
0.662
0.425765
0.21924
0.662
0.662
0.662
0.112349
0.662
0.510765
0.662
0.376051
0.662
0.318889
0.662
0.228446
0.46149
0.0793745
0.662
0.662
0.662
0.0666984
0.662
0.662
0.662
0.662
0.342947
0.662
0.478488
0.662
0.662
0.662
0.662
0.22308
0.201147
0.662
0.662
0.662
0.662
0.42544
0.227123
0.00331163
0.662
0.662
0.662
0.662
0.662
0.396476
0.261804
0.662
0.662
0.662
0.662
0.181513
0.0888572
0.397987
0.662
0.662
0.662
0.662
0.662
0.125386
0.662
0.611712
0.662
0.272385
0.662
0.662
0.380822
0.662
0.662
0.188594
0.662
0.662
0.662
0.662
0.662
0.662
0.0144425
0.322501
0.662
0.137013
0.189332
0.0562803
0.662
0.662
0.662
0.377903
0.41009
0.249162
0.662
0.175528
0.476955
0.530465
0.485953
0.199719
0.31695
0.152884
0.125452
0.392226
0.662
0.097014
0.0306771
0.662
0.662
0.662
0.435353
0.646921
0.146538
0.461686
0.391665
0.0737628
0.662
0.662
0.662
0.662
0.662
0.662
0.390267
0.662
0.662
0.662
0.662
0.463625
0.190096
0.197712
0.662
0.662
0.44505
0.662
0.662
0.662
0.4101
0.218844
0.302104
0.286068
0.662
0.448642
0.662
0.295746
0.662
0.286688
0.662
0.474167
0.662
0.662
0.450951
0.662
0.662
0.662
0.381516
0.185754
0.410316
0.662
0.662
0.115907
0.336971
0.361295
0.00541569
0.435749
0.584195
0.662
0.00901462
0.662
0.1199
0.662
0.662
0.376287
0.435841
0.434125
0.474044
0.662
0.0573225
0.662
0.662
0.662
0.662
0.662
0.662
0.662
0.473305
0.00307169
0.44374
0.662
0.662
0.662
0.662
0.541278
0.662
0.662
0.246112
0.662
0.0958688
0.662
0.0433862
0.373754
0.662
0.662
0.0474295
0.138119
0.662
0.404352
0.200271
0.662
0.662
0.421475
0.0701088
0.477561
0.662
0.16823
0.662
0.404026
0.662
0.662
0.662
0.39838
0.16178
0.316013
0.239304
0.662
0.176651
0.260296
0.662
0.662
0.31207
0.662
0.662
0.293311
0.662
0.463829
0.662
0.327444
0.117944
0.662
0.432198
0.662
0.649338
0.662
0.296163
0.662
0.662
0.662
0.163869
0.662
0.00416395
0.662
0.662
0.662
0.662
0.26994
0.541792
0.462847
0.15798
0.290993
0.662
0.662
0.662
0.312685
0.39822
0.662
0.418668
0.424699
0.00750366
0.662
0.439073
0.171499
0.365911
0.205333
0.662
0.662
0.662
0.279725
0.515961
0.369278
0.662
0.188877
0.662
0.662
0.662
0.160271
0.258589
0.662
0.473801
0.0328812
0.158947
0.662
0.429473
0.662
0.662
0.212609
0.442871
0.662
0.662
0.355335
0.662
0.279626
0.662
0.662
0.0517509
0.662
0.662
0.662
0.662
0.662
0.187746
0.662
0.662
0.662
0.00901334
0.0450814
0.662
0.662
0.232187
0.0369453
0.662
0.438486
0.348104
0.662
0.662
0.662
0.466182
0.226433
0.337369
0.662
0.662
0.662
0.0911973
0.103719
0.662
0.39596
0.662
0.662
0.662
0.539017
0.449712
0.662
0.134261
0.662
0.235966
0.162644
0.119491
0.662
0.474111
0.662
0.662
0.662
0.165189
0.359121
0.662
0.662
0.00827845
0.662
0.196089
0.662
0.662
0.425989
0.662
0.662
0.662
0.662
0.662
0.432648
0.288914
0.425118
0.662
0.412273
0.662
0.41878
0.662
0.662
0.662
0.662
0.662
0.662
0.662
0.662
0.662
0.662
0.393519
0.662
0.662
0.0852021
0.662
0.662
0.662
0.306819
0.662
0.662
0.662
0.662
0.334174
0.200466
0.662
0.662
0.349853
0.662
0.662
0.276692
0.662
0.662
0.662
0.662
0.662
0.16122
0.662
0.662
0.662
0.370607
0.662
0.46318
0.464113
0.662
0.150732
0.662
0.662
0.324445
0.406202
0.155585
0.662
0.662
0.338797
0.662
0.376869
0.325868
0.662
0.662
0.662
0.662
0.662
0.662
0.633391
0.662
0.662
0.662
0.662
0.662
0.662
0.00941365
0.662
0.662
0.233491
0.171293
0.0529278
0.188048
0.561974
0.0133517
0.358345
0.375197
0.172776
0.166907
0.662
0.662
0.662
0.662
0.017961
0.169051
0.662
0.662
0.0164457
0.0829722
0.0395415
0.128669
0.662
0.454827
0.662
0.662
0.662
0.662
0.662
0.125754
0.432135
0.324774
0.662
0.662
0.41997
0.0649383
0.311497
0.349715
0.199394
0.245411
0.662
0.274429
0.437171
0.662
0.662
0.662
0.662
0.662
0.662
0.662
0.292637
0.475495
0.662
0.662
0.275072
0.0358878
0.237767
0.662
0.213226
0.662
0.398678
0.198745
0.183675
0.662
0.188448
0.429753
0.662
0.662
0.662
0.174768
0.662
0.662
0.662
0.012642
0.215133
0.375904
0.662
0.445155
0.662
0.295069
0.662
0.50015
0.103473
0.662
0.407257
0.0295162
0.323815
0.662
0.662
0.662
0.052983
0.662
0.300307
0.662
0.662
0.662
0.662
0.321653
0.132767
0.365887
0.160262
0.0475652
0.662
0.662
0.662
0.662
0.662
0.662
0.10379
0.251839
0.662
0.662
0.251219
0.375961
0.662
0.474981
0.662
0.662
0.254629
0.662
0.441665
0.364199
0.662
0.158403
0.132742
0.531151
0.0664182
0.338609
0.662
0.662
0.460725
0.662
0.125133
0.662
0.662
0.467498
0.474011
0.662
0.662
0.662
0.662
0.662
0.662
0.136234
0.662
0.662
0.0720803
0.492339
0.662
0.283829
0.455925
0.263174
0.153072
0.662
0.396873
0.662
0.260468
0.00201144
0.662
0.419741
0.662
0.340065
0.0783946
0.483785
0.461392
0.169795
0.662
0.213978
0.223161
0.276346
0.662
0.0336705
0.662
0.662
0.505976
0.337433
0.260271
0.662
0.375443
0.662
0.662
0.662
0.313229
0.45932
0.146796
0.103675
0.662
0.662
0.662
0.129667
0.662
0.662
0.339909
0.576222
0.286522
0.662
0.662
0.662
0.0714238
0.662
0.409488
0.662
0.662
0.662
0.259747
0.0682733
0.662
0.662
0.662
0.191656
0.334563
0.662
0.662
0.662
0.662
0.255671
