0.662
0.662
0.662
0.42022
0.116741
0.662
0.0346097
0.454334
0.476612
0.0953907
0.0817453
0.662
0.0130665
0.079857
0.570239
0.662
0.494661
0.662
0.662
0.35242
0.423515
0.662
0.198271
0.314473
0.662
0.662
0.466072
0.447742
0.662
0.662
0.662
0.662
0.662
0.279785
0.662
0.325343
0.286264
0.153525
0.662
0.662
0.365387
0.0996715
0.0546366
0.161475
0.101494
0.662
0.450307
0.266556
0.662
0.662
0.662
0.662
0.662
0.662
0.102127
0.177104
0.165662
0.395713
0.662
0.278807
0.385008
0.662
0.662
0.662
0.662
0.021942
0.0164988
0.469992
0.467201
0.662
0.662
0.662
0.289093
0.381611
0.386032
0.221711
0.124564
0.201545
0.476682
0.662
0.192903
0.662
0.460665
0.408435
0.662
0.662
0.662
0.190762
0.275811
0.249297
0.662
0.662
0.662
0.662
0.00740425
0.121285
0.140863
0.662
0.414825
0.662
0.662
0.0147488
0.662
0.662
0.186139
0.662
0.662
0.111651
0.0596221
0.0237027
0.440353
0.132512
0.433049
0.662
0.662
0.258015
0.662
0.662
0.581719
0.662
0.662
0.0459863
0.126286
0.0520788
0.196819
0.333591
0.439302
0.593165
0.0106952
0.390146
0.0766524
0.366282
0.104333
0.662
0.193998
0.662
0.662
0.350948
0.420559
0.662
0.443083
0.0536931
0.315906
0.416836
0.0607033
0.432132
0.662
0.296321
0.662
0.662
0.105529
0.0358016
0.0722182
0.662
0.662
0.662
0.211021
0.662
0.348856
0.272784
0.27736
0.441271
0.662
0.379367
0.405687
0.662
0.0618968
0.662
0.662
0.213638
0.558458
0.662
0.662
0.662
0.662
0.0262891
0.662
0.662
0.337188
0.451358
0.662
0.216759
0.165973
0.662
0.41412
0.250281
0.109365
0.652276
0.15455
0.662
0.662
0.246198
0.464808
0.662
0.32723
0.498447
0.105874
0.0717964
0.135653
0.662
0.662
0.662
5.79814e-06
0.662
0.42437
0.288352
0.662
0.299557
0.0415575
0.209277
0.662
0.183857
0.662
0.662
0.0832756
0.00231543
0.662
0.662
0.309886
0.662
0.662
0.026691
0.565036
0.662
0.404592
0.329855
0.662
0.178797
0.462495
0.16616
0.662
0.662
0.662
0.662
0.134144
0.617721
0.662
0.662
0.00578995
0.19595
0.662
0.294899
0.322089
0.322761
0.317571
0.240243
0.139486
0.166898
0.0602651
0.662
0.146754
0.662
0.102667
0.420424
0.142934
0.342667
0.662
0.224426
0.662
0.662
0.662
0.662
0.411246
0.662
0.662
0.192883
0.662
0.17775
0.0515781
0.510884
0.662
0.0458971
0.303762
0.662
0.662
0.267179
0.27904
0.662
0.662
0.662
0.36082
0.189339
0.662
0.0852339
0.23413
0.662
0.0661012
0.330671
0.461375
0.662
0.0460596
0.416819
0.662
0.0107952
0.45697
0.167383
0.465967
0.271016
0.380973
0.662
0.662
0.0272057
0.337308
0.662
0.662
0.378336
0.662
0.0871346
0.662
0.662
0.202376
0.662
0.662
0.662
0.291426
0.662
0.421755
0.0968038
0.259962
0.662
0.662
0.662
0.127667
0.313056
0.223994
0.662
0.662
0.662
0.187216
0.662
0.662
0.187427
0.662
0.321121
0.662
0.396543
0.662
0.0751747
0.662
0.662
0.662
0.662
0.662
0.662
0.429198
0.448712
0.662
0.220605
0.412712
0.210807
0.175297
0.662
0.0999229
0.431166
0.468566
0.348194
0.51231
0.252074
0.662
0.0624861
0.143158
0.370164
0.475487
0.662
0.257206
0.391794
0.662
0.267285
0.662
0.662
0.353027
0.30213
0.0955397
0.0559171
0.0848565
0.168248
0.662
0.662
0.338272
0.662
0.313598
0.178392
0.416395
0.662
0.155312
0.662
0.662
0.662
0.662
0.427482
0.116039
0.662
0.126079
0.662
0.299526
0.662
0.662
0.263466
0.662
0.157876
0.662
0.662
0.042839
0.662
0.662
0.662
0.662
0.140829
0.0451959
0.338024
0.662
0.40225
0.217892
0.662
0.0529299
0.153162
0.662
0.432729
0.171095
0.0194919
0.274042
0.662
0.662
0.662
0.464956
0.662
0.165259
0.662
0.662
0.662
0.662
0.662
0.662
0.0650584
0.662
0.662
0.662
0.403434
0.461296
0.662
0.662
0.104246
0.496947
0.662
0.662
0.472264
0.662
0.180075
0.0385802
0.152987
0.662
0.173079
0.662
0.662
0.219599
0.494251
0.662
0.662
0.662
0.662
0.609199
0.662
0.214618
0.662
0.411199
0.662
0.180143
0.127311
0.662
0.662
0.251712
0.166999
0.662
0.398778
0.166285
0.085442
0.36204
0.0714667
0.662
0.662
0.0749214
0.109732
0.224495
0.662
0.281181
0.662
0.216978
0.662
0.662
0.662
0.662
0.34145
0.662
0.303612
0.662
0.662
0.0241073
0.662
0.410524
0.662
0.160212
0.662
0.165335
0.662
0.433411
0.589764
0.323704
0.0338609
0.0890729
0.662
0.161047
0.0783319
0.447236
0.662
0.125639
0.662
0.662
0.327351
0.662
0.662
0.165138
0.662
0.662
0.662
0.459825
0.433577
0.0822823
0.129744
0.662
0.662
0.662
0.662
0.0236546
0.194169
0.662
0.662
0.460676
0.117075
0.094174
0.662
0.339092
0.662
0.662
0.475105
0.662
0.221776
0.296432
0.29991
0.662
0.465569
0.662
0.152808
0.662
0.2701
0.662
0.412634
0.662
0.662
0.662
0.662
0.0575158
0.564033
0.662
