0.662
0.0672548
0.662
0.553887
0.662
0.662
0.662
0.662
0.662
0.0042044
0.662
0.465145
0.662
0.662
0.662
0.334612
0.0709504
0.662
0.662
0.446779
0.662
0.319369
0.271705
0.25045
0.662
0.0256806
0.340933
0.662
0.0912231
0.662
0.324543
0.662
0.454126
0.662
0.358992
0.662
0.662
0.0983405
0.488952
0.662
0.468428
0.378914
0.133393
0.463321
0.662
0.662
0.308705
0.46642
0.474378
0.662
0.662
0.662
0.0835742
0.662
0.662
0.0361513
0.662
0.130097
0.662
0.662
0.662
0.662
0.662
0.138019
0.662
0.662
0.662
0.662
0.128945
0.242491
0.000172616
0.193545
0.115421
0.662
0.662
0.403709
0.662
0.607259
0.0450836
0.662
0.662
0.662
0.662
0.662
0.662
0.465784
0.587045
0.641809
0.409801
0.662
0.662
0.662
0.662
0.29797
0.329986
0.662
0.662
0.662
0.0677878
0.662
0.0811354
0.0295936
0.611701
0.662
0.662
0.662
0.662
0.662
0.236481
0.13657
0.438573
0.662
0.160533
0.662
0.0904639
0.662
0.662
0.662
0.662
0.662
0.662
0.295036
0.662
0.474518
0.662
0.299465
0.307647
0.015563
0.662
0.662
0.255252
0.23032
0.216392
0.628167
0.458105
0.662
0.205393
0.662
0.390473
0.662
0.0241868
0.452699
0.107959
0.662
0.0239941
0.551572
0.662
0.662
0.291323
0.4274
0.662
0.662
0.502955
0.435851
0.184501
0.662
0.662
0.344009
0.662
0.48414
0.662
0.391842
0.662
0.662
0.662
0.662
0.662
0.662
0.626926
0.458829
0.662
0.662
0.662
0.662
0.662
0.417595
0.662
0.662
0.0810561
0.194469
0.662
0.244634
0.662
0.662
0.662
0.662
0.592706
0.662
0.662
0.662
0.662
0.282499
0.342764
0.662
0.662
0.662
0.662
0.662
0.38024
0.662
0.377671
0.662
0.662
0.662
0.395523
0.0141907
0.662
0.328405
0.662
0.0983361
0.479511
0.662
0.662
0.662
0.662
0.662
0.303423
0.236789
0.460654
0.0308926
0.662
0.371016
0.662
0.662
0.662
0.662
0.662
0.48792
0.558819
0.295362
0.662
0.341438
0.662
0.257061
0.662
0.662
0.207406
0.474558
0.662
0.662
0.319927
0.662
0.662
0.10355
0.185525
0.662
0.662
0.662
0.288929
0.662
0.662
0.662
0.153518
0.662
0.662
0.463847
0.662
0.662
0.662
0.662
0.662
0.0632201
0.0511406
0.662
0.662
0.0403927
0.166041
0.662
0.542504
0.662
0.662
0.662
0.662
0.353894
0.0034634
0.148065
0.37403
0.662
0.662
0.662
0.662
0.662
0.662
0.662
0.129352
0.416269
0.662
0.662
0.0272968
0.662
0.662
0.280605
0.57881
0.662
0.290416
0.308366
0.662
0.662
0.190301
0.662
0.471824
0.391149
0.662
0.662
0.323208
0.0470808
0.662
0.662
0.662
0.662
0.662
0.662
0.662
0.179319
0.662
0.662
0.662
0.662
0.318263
0.662
0.319666
0.662
0.662
0.662
0.22293
0.662
0.662
0.662
0.318375
0.404203
0.335389
0.662
0.662
0.088887
0.0507045
0.662
0.662
0.662
0.662
0.289405
0.0381858
0.0368514
0.292106
0.662
0.258134
0.662
0.297159
0.471029
0.662
0.662
0.662
0.230733
0.0302756
0.25503
0.461058
0.278149
0.662
0.662
0.0269362
0.0517632
0.290237
0.290257
0.662
0.199262
0.662
0.662
0.46706
0.662
0.662
0.473306
0.662
0.662
0.375032
0.662
0.349822
0.49282
0.149718
0.662
0.662
0.662
0.662
0.278578
0.662
0.662
0.00730194
0.45277
0.357972
0.436505
0.382398
0.662
0.257044
0.282134
0.370417
0.287806
0.408759
0.336777
0.257181
0.211247
0.166598
0.375608
0.662
0.662
0.662
0.662
0.662
0.662
0.0623003
0.662
0.0197624
0.170749
0.146833
0.152449
0.662
0.118906
0.662
0.242445
0.662
0.662
0.101577
0.662
0.662
0.422907
0.662
0.438562
0.0635953
0.000537101
0.662
0.662
0.662
0.553031
0.290947
0.0348318
0.662
0.132219
0.662
0.662
0.662
0.662
0.662
0.662
0.662
0.347339
0.662
0.426743
0.0664186
0.662
0.23478
0.0474945
0.47339
0.662
0.0345645
0.021865
0.662
0.662
0.662
0.662
0.662
0.14609
0.331823
0.662
0.453769
0.662
0.0128307
0.22287
0.458834
0.458034
0.105373
0.0924273
0.662
0.409587
0.662
0.0686531
0.662
0.00525521
0.1424
0.662
0.662
0.212661
0.662
0.662
0.0642488
0.662
0.277098
0.662
0.662
0.662
0.662
0.338473
0.662
0.662
0.662
0.662
0.371213
0.585073
0.454088
0.662
0.0435559
0.486558
0.356877
0.350266
0.662
0.420201
0.271333
0.662
0.397943
0.662
0.309938
0.662
0.543696
0.523266
0.447809
0.662
0.662
0.662
0.662
0.662
0.662
0.662
0.181228
0.662
0.662
0.662
0.11289
0.662
0.35405
0.4388
0.214788
0.662
0.662
0.662
0.662
0.283996
0.134374
0.662
0.662
0.662
0.662
0.662
0.317066
0.662
0.662
0.662
0.662
0.112217
0.662
0.662
0.662
0.082769
0.662
0.440065
0.470531
0.662
0.662
0.662
0.662
0.122269
0.384217
0.176751
0.477225
0.557766
0.159175
0.222734
0.662
0.312154
0.241449
0.27496
0.662
0.662
0.398055
0.662
0.662
0.393066
0.295482
0.350797
0.330985
0.662
0.662
0.0939551
0.662
0.413476
0.662
0.662
0.662
0.0949053
0.662
0.147956
0.186824
0.0200706
0.662
0.310852
0.662
0.662
0.662
0.662
0.605104
0.662
0.662
0.662
0.324864
0.662
0.27583
0.11044
0.00224814
0.13823
0.662
0.152097
0.170988
0.0621863
0.469529
0.157646
0.662
0.662
0.0166257
0.662
0.387996
0.662
0.0403338
0.662
0.662
0.662
0.662
0.662
0.461263
0.264212
0.662
0.257329
0.662
0.662
0.662
0.122029
0.470748
0.662
0.308576
0.0317536
0.237346
0.662
0.459628
0.0254137
0.662
0.662
0.431736
0.662
0.662
0.662
0.662
0.662
0.662
0.169751
0.0472141
0.267007
0.13649
0.468819
0.662
0.550911
0.662
0.662
0.561114
0.284935
0.662
0.662
0.662
0.257189
0.662
0.24115
0.466998
0.662
0.662
0.340309
0.129668
0.490306
0.662
0.183739
0.472157
0.45428
0.324526
0.435422
0.662
0.021741
0.662
0.662
0.091694
0.662
0.53948
0.384472
0.662
0.662
0.662
0.449195
0.662
0.662
0.662
0.662
0.662
0.307178
0.282001
0.662
0.662
0.662
0.264892
0.433921
0.454887
0.267955
0.662
0.662
0.662
0.662
0.15161
0.662
0.662
0.0600417
0.662
0.249287
0.223517
0.662
0.662
0.662
0.662
0.662
0.662
0.184755
0.187971
0.662
0.662
0.662
0.662
0.662
0.662
0.662
0.662
0.406285
0.432552
0.662
0.525479
0.446394
0.662
0.441498
0.662
0.20998
0.104175
0.423047
0.44187
0.662
0.662
0.662
0.388635
0.662
0.427946
0.00274583
0.662
0.629706
0.451056
0.662
0.662
0.142155
0.401898
0.323707
0.662
0.662
0.662
0.662
0.165697
0.422696
0.662
0.662
0.662
0.662
0.662
0.662
0.662
0.662
0.379314
0.150408
0.662
0.31523
0.143765
0.0369996
0.662
0.662
0.662
0.662
0.662
0.662
0.662
0.141729
0.180669
0.662
0.662
0.042276
0.662
0.662
0.251507
0.662
0.454028
0.0233752
0.368009
0.662
0.390428
0.217635
0.20283
0.662
0.662
0.126616
0.0504114
0.110531
0.662
0.662
0.246806
0.0593917
0.662
0.491372
0.519787
0.662
0.662
0.376362
0.662
0.607072
0.337759
0.662
0.211453
0.662
0.200711
0.662
0.640828
0.412248
0.662
0.662
0.662
0.662
0.385756
0.127927
0.662
0.432427
0.418262
0.516079
0.383978
0.662
0.662
0.662
0.662
0.318851
0.662
0.662
0.141559
0.662
0.662
0.412659
0.205527
0.662
0.662
0.0610299
0.24149
0.33761
0.0947255
0.662
0.226564
0.281396
0.662
0.216864
0.382843
0.662
0.207872
0.0802701
0.325758
0.137543
0.662
0.662
0.422794
0.0252157
0.412273
0.662
0.662
0.281838
0.662
0.192888
0.479365
0.153669
0.471968
0.407306
0.662
0.259979
0.436829
0.662
0.662
0.662
0.662
0.182133
0.662
0.662
0.662
0.662
0.662
0.119852
0.662
0.662
0.0602132
0.662
0.662
0.0285288
0.164524
0.662
0.400655
0.662
0.662
0.662
0.662
0.662
0.532389
0.369039
0.662
0.662
0.662
0.139445
0.662
0.434686
0.662
0.174313
0.258586
0.662
0.416247
0.156451
0.662
0.662
0.227955
0.662
0.662
0.32776
0.662
0.662
0.662
0.154511
0.662
0.154045
0.0193689
0.662
0.482643
0.662
0.440016
0.184064
0.264125
0.662
0.0510435
0.662
0.662
0.662
0.662
0.221647
0.515618
0.662
0.662
0.662
0.662
0.662
0.15552
0.130812
0.199861
0.662
0.662
0.662
0.662
0.310677
0.113373
0.401899
0.434328
0.0546806
0.662
0.588415
0.662
0.286053
0.254703
0.360815
0.662
0.199078
0.195868
0.0623398
0.662
0.662
0.662
0.662
0.137669
0.662
0.215192
0.662
0.271312
0.257731
0.662
0.662
0.436962
0.662
0.324608
0.0138256
0.662
0.662
0.662
0.662
0.662
0.261696
0.662
0.662
0.446935
0.662
0.662
0.510033
0.466451
0.189209
0.662
0.0789543
0.662
0.303494
0.53591
0.34424
0.662
0.0543603
0.464833
0.0212129
0.163311
0.0577104
0.451545
0.321261
0.662
0.314201
0.662
0.662
0.662
0.662
0.662
0.662
0.662
0.148043
0.11229
0.662
0.12139
0.662
0.662
0.374372
0.662
0.345462
0.272921
0.300935
0.120827
0.513982
0.345851
0.662
0.662
0.662
0.0277985
0.324743
0.662
0.00537843
0.662
0.662
0.662
0.662
0.662
0.662
0.662
0.329452
0.662
0.662
0.662
0.396291
0.662
0.662
0.274729
0.261964
0.272525
0.662
0.662
0.102961
0.497683
0.405548
0.32593
0.662
0.662
0.662
0.013123
0.116941
0.662
0.456142
0.662
0.662
0.352221
0.113721
0.662
0.662
0.463221
0.662
0.662
0.662
0.421738
0.0710677
0.355211
0.349359
0.101066
0.662
0.31712
0.419081
0.484886
0.662
0.662
0.662
0.0449624
0.662
0.449406
0.662
0.662
0.0284867
0.0999047
0.662
0.658568
0.198892
0.662
0.388763
0.662
0.662
0.662
0.662
0.662
0.111031
0.662
0.662
0.0441037
0.662
0.662
0.122329
0.0967934
0.662
0.662
0.662
0.662
0.662
0.198798
0.662
0.662
0.0435165
0.662
0.105782
0.662
0.545908
0.319921
0.662
0.662
0.662
0.0995178
0.0346483
0.662
0.662
0.241364
0.117153
0.30373
0.662
0.662
0.322148
0.0359488
0.452365
0.317283
0.662
0.662
0.662
0.662
0.662
0.662
0.662
0.662
0.662
0.407811
0.375846
0.662
0.662
0.284124
0.662
0.662
0.437462
0.662
0.662
0.505877
0.0304685
0.400299
0.662
0.350867
0.429776
0.397362
0.662
0.662
0.424215
0.0983024
0.608048
0.662
0.662
0.385077
0.463717
0.157643
0.662
0.662
0.509058
0.662
0.662
0.341742
0.405372
0.296973
0.537728
0.662
0.662
0.38213
0.295623
0.662
0.0699312
0.607292
0.662
0.662
0.662
0.279645
0.32618
0.311793
0.662
0.292214
0.662
0.154128
0.1559
0.278098
0.662
0.280245
0.442468
0.662
0.195601
0.350565
0.662
0.288533
0.662
0.205664
0.269344
0.175902
0.463848
0.00249504
0.44336
0.662
0.662
0.0289801
0.662
0.102414
0.00495493
0.662
0.662
0.268954
0.662
0.662
0.0569171
0.662
0.662
0.637824
0.419271
0.662
0.662
0.662
0.112047
0.485047
0.662
0.662
0.204735
0.662
0.413983
0.662
0.662
0.662
0.0409957
0.256392
0.123545
0.154567
0.207519
