0.138922
0.198224
0.662
0.460546
0.235593
0.259457
0.662
0.662
0.662
0.381964
0.662
0.662
0.327677
0.322755
0.662
0.157491
0.662
0.662
0.391051
0.662
0.412125
0.330913
0.662
0.662
0.662
0.662
0.18599
0.286553
0.441368
0.105923
0.0467623
0.662
0.219237
0.662
0.662
0.394026
0.39647
0.347536
0.662
0.662
0.0533203
0.662
0.568227
0.662
0.0318521
0.5648
0.029024
0.662
0.422544
0.168971
0.44401
0.662
0.00342553
0.662
0.125947
0.425568
0.662
0.0879655
0.316467
0.662
0.304847
0.09807
0.662
0.183211
0.662
0.662
0.408712
0.662
0.430938
0.662
0.185351
0.662
0.171299
0.662
0.111324
0.662
0.0338325
0.0139909
0.136842
0.662
0.662
0.128017
0.624937
0.662
0.219934
0.210792
0.0063794
0.662
0.578429
0.362163
0.427912
0.662
0.194162
0.0611869
0.280652
0.0723596
0.370787
0.0893709
0.607263
0.47591
0.455685
0.662
0.32859
0.662
0.662
0.192357
0.625179
0.662
0.355109
0.662
0.662
0.662
0.662
0.662
0.215677
0.662
0.662
0.662
0.662
0.662
0.662
0.662
0.662
0.179008
0.662
0.662
0.475935
0.662
0.161736
0.473156
0.662
0.213038
0.662
0.662
0.662
0.328012
0.335465
0.662
0.662
0.293554
0.662
0.662
0.662
0.252965
0.662
0.662
0.403476
0.662
0.662
0.0599218
0.662
0.662
0.328334
0.273671
0.365019
0.662
0.662
0.0259293
0.0181553
0.662
0.36268
0.280002
0.662
0.301039
0.00296748
0.662
0.662
0.101329
0.662
0.662
0.135416
0.154991
0.232724
0.0642489
0.422799
0.662
0.662
0.284261
0.662
0.382618
0.662
0.439074
0.662
0.662
0.305546
0.662
0.662
0.662
0.662
0.0913548
0.662
0.303565
0.364219
0.662
0.0960675
0.662
0.103828
0.662
0.662
0.260917
0.662
0.662
0.662
0.662
0.662
0.229927
0.0736961
0.662
0.146683
0.527074
0.662
0.662
0.662
0.662
0.247277
0.325172
0.000702717
0.32432
0.662
0.662
0.161974
0.384073
0.337662
0.23398
0.662
0.662
0.496781
0.177327
0.662
0.662
0.0384568
0.419399
0.279835
0.500527
0.662
0.662
0.138429
0.433647
0.662
0.362441
0.10179
0.662
0.662
0.317937
0.662
0.188567
0.662
0.268108
0.662
0.333218
0.662
0.662
0.248437
0.662
0.0345577
0.133084
0.662
0.662
0.662
0.662
0.662
0.662
0.662
0.212144
0.326586
0.147989
0.402506
0.662
0.198739
0.662
0.662
0.662
0.140522
0.469355
0.662
0.662
0.266529
0.662
0.662
0.430117
0.662
0.662
0.662
0.662
0.662
0.662
0.346046
0.0650348
0.23711
0.662
0.662
0.662
0.392474
0.11782
0.171632
0.662
0.267674
0.457318
0.421515
0.0871442
0.388334
0.360393
0.662
0.662
0.195384
0.662
0.662
0.662
0.356135
0.662
0.43952
0.652732
0.662
0.272093
0.203523
0.319452
0.662
0.238483
0.356988
0.662
0.117912
0.145704
0.662
0.662
0.662
0.662
0.166982
0.662
0.000563044
0.662
0.662
0.662
0.662
0.182099
0.662
0.296937
0.444838
0.231358
0.662
0.662
0.10844
0.0260544
0.0560373
0.375165
0.662
0.662
0.386669
0.662
0.662
0.351813
0.662
0.662
0.662
0.454325
0.662
0.662
0.662
0.662
0.030695
0.662
0.662
0.662
0.32113
0.390097
0.207929
0.283182
0.289231
0.662
0.662
0.662
0.122766
0.363681
0.227707
0.16169
0.662
0.325436
0.662
0.126928
0.662
0.330815
0.0337694
0.204282
0.662
0.662
0.662
0.476757
0.185576
0.662
0.247109
0.662
0.0407171
0.0531416
0.191979
0.0154856
0.662
0.662
0.133118
0.662
0.662
0.33493
0.291301
0.317302
0.662
0.662
0.0826904
0.662
0.662
0.662
0.382956
0.311426
0.541733
0.662
0.184278
0.432672
0.418478
0.662
0.662
0.662
0.662
0.335098
0.146742
0.662
0.0763201
0.662
0.662
0.662
0.662
0.495943
0.295006
0.653318
0.662
0.662
0.662
0.118382
0.234932
0.662
0.662
0.248988
0.662
0.662
0.0517726
0.662
0.499121
0.662
0.416289
0.662
0.662
0.228507
0.662
0.662
0.662
0.495649
0.662
0.156314
0.257575
0.662
0.200562
0.232113
0.280422
0.662
0.662
0.662
0.662
0.662
0.0360193
0.142087
0.000576119
0.662
0.0298555
0.346651
0.209504
0.662
0.662
0.662
0.240665
0.662
0.662
0.114195
0.609027
0.662
0.662
0.101589
0.662
0.0859155
0.416123
0.662
0.328312
0.434998
0.570681
0.210708
0.405798
0.414343
0.662
0.662
0.354926
0.3966
0.141429
0.662
0.492886
0.662
0.194076
0.662
0.184221
0.341765
0.0195867
0.235747
0.298026
0.362561
0.662
0.421911
0.662
0.662
0.662
0.429435
0.662
0.286058
0.662
0.412277
0.205758
0.662
0.128749
0.0466911
0.662
0.408986
0.362948
0.435304
0.662
0.662
0.62179
0.0291599
0.662
0.662
0.0898014
0.269481
0.46754
0.449266
0.662
0.662
0.662
0.662
0.209496
0.662
0.662
0.252503
0.126965
0.23998
0.0932094
0.0611076
0.348143
0.14646
0.336792
0.170821
0.455186
0.662
0.662
0.662
0.363407
0.662
0.0700359
0.238907
0.662
0.662
0.662
0.015861
0.0753115
0.662
0.384759
0.662
0.106553
0.662
0.662
0.662
0.662
0.247524
0.662
0.662
0.406247
0.662
0.468444
0.662
0.33868
0.662
0.176816
0.130631
0.662
0.662
0.662
0.19216
0.662
0.218812
0.662
0.662
0.662
0.662
0.00983086
0.579473
0.662
0.237854
0.662
0.182861
0.363841
0.662
0.0408831
0.204226
0.118187
0.0544494
0.454458
0.662
0.662
0.141277
0.487554
0.662
0.662
0.437932
0.662
0.662
0.0415746
0.662
0.662
0.662
0.245535
0.662
0.662
0.00896919
0.105965
0.00526203
0.662
0.181495
0.662
0.0109411
0.662
0.662
0.662
0.368422
0.662
0.662
0.662
0.662
0.531429
0.397208
0.662
0.662
0.662
0.0425379
0.10341
0.0155875
0.487309
0.662
0.662
0.361694
0.115237
0.662
0.662
0.662
0.662
0.662
0.468412
0.662
0.662
0.0168864
0.662
0.337333
0.662
0.443463
0.662
0.122967
0.368431
0.370312
0.662
0.167109
0.662
0.662
0.662
0.662
0.474092
0.0845208
0.344778
0.372414
0.662
0.628981
0.662
0.228686
0.37368
0.1103
0.520961
0.662
0.662
0.456654
0.662
0.0743646
0.662
0.662
0.662
0.662
0.662
0.662
0.433595
0.268674
0.0278973
0.0339063
0.662
0.662
0.574161
0.409197
0.662
0.662
0.662
0.0928834
0.662
0.662
0.306885
0.3689
0.662
0.0206257
0.0954375
0.379804
0.256523
0.662
0.662
0.662
0.37993
0.0413631
0.662
0.0109438
0.289511
0.295611
0.289992
0.451001
0.662
0.662
0.662
0.662
0.662
0.331359
0.332037
0.210046
0.662
0.210864
0.662
0.388926
0.662
0.662
0.42573
0.243855
0.0753771
0.448202
0.662
0.284101
0.176436
0.662
0.366705
0.386575
0.662
0.662
0.449322
0.662
0.662
0.403792
0.367316
0.187606
0.662
0.662
0.662
0.662
0.214257
0.662
0.107287
0.0346161
0.157905
0.662
0.662
0.662
0.530705
0.273995
0.662
0.662
0.662
0.662
0.149271
0.56613
0.341357
0.662
0.662
0.662
0.662
0.662
0.662
0.662
0.662
0.662
0.662
0.662
0.583439
0.662
0.304831
0.00136933
0.405968
0.662
0.662
0.26858
0.662
0.00278841
0.662
0.483535
0.662
0.169937
0.662
0.0237486
0.662
0.191929
0.124149
0.446356
0.453804
0.396427
0.662
0.0480605
0.662
0.662
0.223434
0.428306
0.337855
0.324327
0.183477
0.289479
0.662
0.662
0.662
0.662
0.662
0.662
0.662
0.030313
0.530919
0.473349
0.189297
0.662
0.219184
0.662
0.662
0.662
0.662
0.172562
0.662
0.220256
0.662
0.0419735
0.0684222
0.662
0.662
0.662
0.662
0.662
0.662
0.302688
0.161211
0.662
0.0512126
0.662
0.662
0.662
0.662
0.481802
0.0276142
0.662
0.418717
0.662
0.662
0.35336
0.662
0.461358
0.366714
0.0579902
0.332022
0.662
