0.298093
0.27736
0.662
0.296321
0.662
0.445973
0.662
0.587007
0.272061
0.662
0.325638
0.662
0.447658
0.360214
0.203447
0.662
0.662
0.662
0.125683
0.383999
0.662
0.104333
0.292006
0.662
0.662
0.0481099
0.026691
0.662
0.342745
0.662
0.662
0.662
0.662
0.42797
0.662
0.662
0.537274
0.475487
0.662
0.662
0.327036
0.662
0.47642
0.662
0.662
0.662
0.121285
0.223994
0.662
0.469992
0.662
0.662
0.662
0.662
0.0338609
0.662
0.662
0.662
0.662
0.662
0.662
0.221734
0.662
0.662
0.662
0.105529
0.167077
0.267242
0.662
0.203
0.662
0.251928
0.4214
0.662
0.451358
0.459825
0.662
0.662
0.662
0.662
0.211303
0.448712
0.124908
0.63266
0.135653
0.662
0.662
0.662
0.263466
0.662
0.0830507
0.662
0.235917
0.662
0.0822823
0.321246
0.0346097
0.474233
0.662
0.662
0.350525
0.102127
0.662
0.662
0.141665
0.4509
0.662
0.662
0.153525
0.251712
0.252377
0.662
0.662
0.662
0.662
0.244937
0.286629
0.662
0.662
0.279785
0.662
0.0852339
0.662
0.507738
0.662
0.41412
0.407754
0.433062
0.662
0.18196
0.662
0.662
0.140863
0.44768
0.662
0.257206
0.381611
0.284874
0.662
0.315349
0.318654
0.662
0.252876
0.203303
0.662
0.662
0.662
0.242366
0.633391
0.0677371
0.224268
0.24725
0.461739
0.662
0.662
0.662
0.460665
0.662
0.662
0.444398
0.344819
0.127642
0.662
0.475105
0.4458
0.662
0.662
0.662
0.0754382
0.301429
0.166285
0.173079
0.45171
0.662
0.494661
0.157876
0.44959
0.662
0.662
0.662
0.385008
0.662
0.396388
0.662
0.662
0.356918
0.662
0.662
0.662
0.275939
0.662
0.0744267
0.662
0.379551
0.662
0.662
0.0887138
0.291202
0.662
0.662
0.662
0.662
0.465993
0.0474175
0.0574264
0.662
0.0696496
0.288352
0.207906
0.355654
0.662
0.662
0.328412
0.662
0.0041023
0.662
0.382151
0.468596
0.662
0.662
0.0742165
0.00231543
0.662
0.226837
0.662
0.142934
0.662
0.662
0.0361607
0.241092
0.218712
0.652276
0.662
0.471543
0.662
0.662
0.213186
0.0180351
0.312222
0.662
0.338024
0.210807
0.337308
0.329855
0.662
0.662
0.00148538
0.662
0.662
0.407682
0.393164
0.15455
0.317166
0.662
0.662
0.327696
0.662
0.268661
0.398568
0.289093
0.662
0.229077
0.0195694
0.662
0.476612
0.662
0.0433651
0.175301
0.662
0.079857
0.662
0.662
0.267078
0.149759
0.662
0.662
0.117075
0.195063
0.662
0.0165875
0.267285
0.662
0.662
0.662
0.662
0.333689
0.150305
0.144473
0.292451
0.00578995
0.662
0.0458971
0.662
0.193998
0.662
0.662
0.662
0.494251
0.662
0.414163
0.662
0.662
0.662
0.662
0.178392
0.0650584
0.39307
0.662
0.421755
0.662
0.452224
0.662
0.157035
0.116964
0.662
0.300781
0.255969
0.662
0.497671
0.662
0.662
0.476682
0.199505
0.662
0.27845
0.662
0.662
0.662
0.348734
0.111651
0.662
0.317571
0.0278604
0.662
0.466072
0.662
0.662
0.662
0.662
0.214112
0.662
0.567298
0.662
0.662
0.662
0.662
0.351468
0.662
0.183857
0.246699
0.662
0.662
0.662
0.192883
0.662
0.662
0.159404
0.120167
0.454334
0.662
0.230843
0.662
0.173505
0.662
0.662
0.662
0.266066
0.662
0.325343
0.662
0.171199
0.233007
0.472891
0.662
0.662
0.279151
0.662
0.662
0.662
0.662
0.662
0.662
0.662
0.662
0.662
0.464956
0.0575158
0.146754
0.236618
0.522935
0.272417
0.352162
0.662
0.0107952
0.384351
0.662
0.662
0.319049
0.260291
0.0742177
0.265447
0.15333
0.399233
0.340249
0.200737
0.639285
0.662
0.662
0.128883
0.662
0.662
0.433049
0.0515781
0.249297
0.422101
0.27294
0.411246
0.153961
0.27904
0.296478
0.205776
0.342297
0.405466
0.662
0.662
0.445337
0.662
0.662
0.617721
0.443464
0.261869
0.246198
0.662
0.302027
0.0740186
0.662
0.346663
0.662
0.641705
0.662
0.0886971
0.202376
0.662
0.662
0.662
0.662
0.662
0.662
0.201545
0.489685
0.662
0.662
0.102667
0.662
0.109365
0.109897
0.662
0.662
0.180075
0.662
0.420424
0.0347953
0.662
0.662
0.292425
0.662
0.192903
0.662
0.662
0.662
0.662
0.313728
0.662
0.662
0.662
0.662
0.374238
0.662
0.662
0.0106952
0.405034
0.662
0.662
0.294899
0.244529
0.662
0.662
0.662
0.662
0.0424809
0.395426
0.0107029
0.662
0.662
0.662
0.662
0.662
0.329363
0.0799908
0.177915
0.662
0.224426
0.207135
0.662
0.294417
0.187821
0.43881
0.662
0.202916
0.662
0.662
0.0918029
0.247091
0.198271
0.0334785
0.415829
0.127212
