0.662
0.662
0.0121638
0.566266
0.662
0.662
0.662
0.662
0.662
0.154408
0.350117
0.662
0.210046
0.662
0.662
0.662
0.662
0.443463
0.222926
0.378645
0.495943
0.662
0.235193
0.662
0.662
0.332617
0.662
0.662
0.241072
0.662
0.662
0.662
0.662
0.0674488
0.662
0.662
0.662
0.372545
0.126624
0.662
0.662
0.455685
0.662
0.0315693
0.662
0.662
0.662
0.662
0.662
0.662
0.662
0.662
0.662
0.662
0.386503
0.662
0.314808
0.0727262
0.0755596
0.662
0.662
0.662
0.12669
0.662
0.662
0.662
0.662
0.282547
0.193384
0.662
0.372414
0.662
0.210222
0.354926
0.662
0.0684222
0.662
0.662
0.276663
0.662
0.470312
0.662
0.662
0.210864
0.159264
0.469355
0.203523
0.355484
0.662
0.662
0.427961
0.662
0.662
0.652732
0.662
0.2202
0.375203
0.146683
0.662
0.662
0.662
0.662
0.0063794
0.662
0.662
0.662
0.032545
0.0983786
0.47591
0.268339
0.662
0.662
0.662
0.247543
0.475935
0.484767
0.662
0.443219
0.0763201
0.662
0.436559
0.662
0.275751
0.662
0.662
0.662
0.291301
0.346892
0.282548
0.304419
0.662
0.445395
0.388926
0.662
0.224302
0.662
0.662
0.662
0.662
0.662
0.662
0.662
0.311342
0.261217
0.446858
0.43952
0.662
0.36255
0.662
0.143843
0.00699934
0.662
0.662
0.662
0.106635
0.662
0.124763
0.662
0.662
0.29044
0.662
0.662
0.360156
0.512217
0.662
0.662
0.0554681
0.662
0.662
0.0262691
0.406872
0.662
0.662
0.662
0.662
0.662
0.142289
0.40682
0.662
0.662
0.629706
0.0338325
0.662
0.662
0.0439147
0.662
0.63339
0.662
0.662
0.662
0.109219
0.662
0.0408831
0.344778
0.662
0.211906
0.283703
0.563632
0.0467623
0.300508
0.662
0.483238
0.127088
0.335034
0.118382
0.662
0.662
0.0598496
0.367316
0.32389
0.201669
0.662
0.662
0.0139909
0.420798
0.234519
0.662
0.662
0.101589
0.10341
0.662
0.662
0.302515
0.662
0.662
0.662
0.188567
0.662
0.483535
0.309133
0.662
0.662
0.411003
0.603586
0.662
0.662
0.662
0.000576119
0.289231
0.662
0.410291
0.480413
0.662
0.662
0.398866
0.662
0.485711
0.662
0.662
0.130631
0.662
0.0611076
0.0253714
0.226636
0.284161
0.662
0.410861
0.662
0.662
0.662
0.37651
0.22353
0.662
0.633761
0.382155
0.662
0.662
0.454034
0.662
0.662
0.439721
0.662
0.361234
0.455473
0.15986
0.47556
0.405968
0.662
0.0944253
0.304847
0.0871442
0.662
0.662
0.221942
0.142087
0.0634834
0.408712
0.283506
0.451311
0.662
0.430347
0.662
0.148541
0.662
0.144833
0.662
0.56613
0.340541
0.662
0.662
0.662
0.662
0.455569
0.662
0.662
0.662
0.000563044
0.662
0.140076
0.662
0.145309
0.662
0.409766
0.204226
0.274889
0.662
0.662
0.662
0.662
0.662
0.0911554
0.22145
0.662
0.20616
0.662
0.46754
0.662
0.0577819
0.143102
0.662
0.033285
0.662
0.410551
0.402918
0.662
0.537492
0.662
0.0994255
0.0269549
0.23711
0.662
0.662
0.391569
0.662
0.252503
0.662
0.115213
0.410722
0.157208
0.662
0.157219
0.00342553
0.662
0.293717
0.141429
0.662
0.182386
0.662
0.369861
0.0679322
0.219266
0.662
0.397593
0.390097
0.185178
0.662
0.662
0.154625
0.625179
0.662
0.662
0.386575
0.156257
0.267745
0.662
0.662
0.662
0.00531876
0.662
0.422598
0.295721
0.662
0.427284
0.240105
0.662
0.662
0.662
0.662
0.662
0.192357
0.115224
0.662
0.415918
0.662
0.228507
0.00464975
0.108331
0.662
0.103828
0.296184
0.42573
0.662
0.314021
0.662
0.662
0.662
0.662
0.662
0.291707
0.662
0.361191
0.128715
0.338808
0.145704
0.078183
0.662
0.224479
0.14755
0.628981
0.341357
0.571322
0.170183
0.662
0.271223
0.662
0.662
0.11782
0.218392
0.472997
0.0168864
0.662
0.662
0.662
0.346046
0.44401
0.662
0.368422
0.0103117
0.662
0.662
0.662
0.468069
0.143529
0.662
0.418478
0.267674
0.0388468
0.662
0.542624
0.662
0.0153468
0.662
0.238398
0.208156
0.515459
0.662
0.248437
0.214476
0.662
0.161659
0.426489
0.215677
0.572096
0.239675
0.662
0.119372
0.242964
0.662
0.39572
0.662
0.662
0.662
0.662
0.025614
0.316091
0.200149
0.662
0.662
0.442688
0.662
0.662
0.662
0.662
0.662
0.662
0.389025
0.662
0.305546
0.662
0.662
0.439235
0.450118
0.124149
0.662
0.0443455
0.169026
0.233036
0.662
0.662
0.662
0.0998015
0.541733
0.0405183
0.662
0.154446
0.0538693
0.402446
0.205758
0.0188496
0.662
0.662
0.662
0.662
0.662
0.0435642
0.330913
0.662
0.662
0.209504
0.662
0.662
0.662
0.662
0.448
0.662
0.662
0.662
0.368821
0.662
0.370787
0.662
0.662
0.196667
0.662
0.662
0.662
0.662
0.0512126
0.279403
0.0307528
0.581464
0.653292
0.662
0.662
0.662
0.118187
0.176436
0.662
0.662
0.662
0.247778
0.291106
0.123635
0.662
0.0429622
0.662
0.662
0.0475892
0.342937
0.19216
0.662
0.662
0.265913
0.1723
0.441105
0.453763
0.440147
0.662
0.599234
0.383073
0.662
0.123886
0.662
0.662
0.662
0.043278
0.662
0.662
0.214502
0.158834
0.409197
0.662
0.662
0.0237724
0.293429
0.662
0.662
0.662
0.128017
0.294468
0.662
0.662
0.662
0.265297
0.662
0.0756664
0.662
0.662
0.662
0.662
0.662
0.662
0.194355
0.384759
0.662
0.1962
0.662
0.662
0.662
0.662
0.662
0.662
0.3821
0.296937
0.315468
0.662
0.662
0.662
0.662
0.186622
0.480868
0.662
0.354824
0.108123
0.662
0.662
0.662
0.662
0.00136933
0.429092
0.662
0.662
0.662
0.268658
0.343263
0.0357635
0.451289
0.317371
0.662
0.662
0.662
0.289931
0.055018
0.493847
0.662
0.396427
0.392519
0.412277
0.336985
0.289992
0.0531416
0.662
0.662
0.0653732
0.662
0.448592
0.662
0.171299
0.174843
0.662
0.662
0.662
0.662
0.662
0.662
0.448962
0.309446
0.217039
0.0544494
0.662
0.662
0.260602
0.00278841
0.662
0.481098
0.592352
0.128338
0.0291599
0.48446
0.662
0.271512
0.662
0.516815
0.662
0.662
0.662
0.662
0.662
0.286213
0.235658
0.662
0.230793
0.273671
0.28502
0.662
0.337855
0.662
0.501134
0.496781
0.662
0.182099
0.0700359
0.662
0.0932094
0.662
0.662
0.662
0.662
0.662
0.662
0.662
0.00255681
0.662
0.662
0.662
0.377384
0.662
0.189297
0.217301
0.0188267
0.662
0.41818
0.453389
0.662
0.593911
0.139919
0.662
0.488609
0.310467
0.56559
0.662
0.570681
0.662
0.662
0.662
0.662
0.405798
0.126928
0.0527416
0.662
0.662
0.0259293
0.662
0.662
0.205535
0.272009
0.435924
0.333921
0.252995
0.499033
0.662
0.426473
0.198669
0.454921
0.0547366
0.662
0.590226
0.662
0.220256
0.662
0.0169936
0.611282
0.662
0.403476
0.13133
0.662
0.662
0.662
0.662
0.662
0.204282
0.322755
0.432877
0.662
0.239667
0.232399
0.511225
0.460768
0.662
0.216317
0.662
0.191564
0.662
0.662
0.662
0.101329
