0.662
0.271016
0.246198
0.416395
0.339092
0.209277
0.522302
0.00740425
0.0536931
0.662
0.252074
0.662
0.228902
0.662
0.662
0.257206
0.0852339
0.465569
0.153162
0.662
0.662
0.662
0.122004
0.216978
0.439302
0.390146
0.662
0.662
0.432729
0.390153
0.662
0.348856
0.104366
0.662
0.662
0.662
0.0338609
0.042839
0.416819
0.662
0.249297
0.403434
0.429198
0.102757
0.299557
0.0415575
0.662
0.472264
0.398778
0.662
0.460676
0.662
0.662
0.662
0.0147488
0.0236546
0.291426
0.662
0.0459863
0.662
0.0890729
0.168248
0.662
0.133081
0.190762
0.662
0.662
0.662
0.111651
0.662
0.211763
0.416361
0.303762
0.0529299
0.662
0.448712
0.662
0.201545
0.662
0.221711
0.101494
0.412712
0.662
0.0953907
0.662
0.662
0.338272
0.193998
0.662
0.662
0.662
0.662
0.146754
0.085442
0.026691
0.662
0.662
0.309886
0.104246
0.662
0.564033
0.662
0.0156207
0.662
0.662
0.104333
0.126286
0.662
0.662
0.00552742
0.464956
0.662
0.662
0.662
0.662
0.662
0.0897578
0.662
0.0783319
0.662
0.662
0.27736
0.126079
0.296432
0.662
0.440353
0.662
0.102127
0.662
0.23413
0.313056
0.662
0.317571
0.662
0.662
0.662
0.662
0.0396287
0.0751747
0.662
0.313598
0.198271
0.662
0.0766524
0.213638
0.662
0.459937
0.662
0.662
0.662
0.288352
0.662
0.662
0.662
0.662
0.662
0.464808
0.662
0.218536
0.420559
0.662
0.662
0.135653
0.0237027
0.165335
0.175297
0.662
0.662
0.0661012
0.421755
0.240243
0.662
0.662
0.662
0.662
0.0749214
0.155312
0.662
0.460665
0.662
0.42022
0.380973
0.662
0.27904
0.0520788
0.662
0.241458
0.662
0.0996715
0.662
0.662
0.662
0.662
0.662
0.420424
0.443083
0.496947
0.662
0.662
0.125639
0.289093
0.662
0.662
0.662
0.662
0.662
0.662
0.142934
0.178797
0.662
0.662
0.662
0.662
0.662
0.408435
0.662
0.441271
0.662
0.227151
0.662
0.662
0.609199
0.166999
0.662
0.662
0.662
0.192903
0.415301
0.200862
0.662
0.662
0.662
0.662
0.475105
0.662
0.662
0.140863
0.662
0.662
0.0650584
0.662
0.662
0.662
0.0462508
0.156383
0.662
0.34145
0.303612
0.0106952
0.414825
0.272784
0.525068
0.116741
0.32723
0.662
0.662
0.165138
0.662
0.386032
0.662
0.177104
0.662
0.330671
0.565036
0.662
0.187427
0.365387
0.0848565
0.286264
0.662
0.593165
0.662
0.662
0.134144
0.662
0.381611
0.00578995
0.0618968
0.322089
0.322761
0.662
0.662
0.662
0.454334
0.662
0.30213
0.0262891
0.279785
0.662
0.131356
0.662
0.0385802
0.109365
0.467201
0.662
0.662
0.662
0.0107952
0.266556
0.41412
0.662
0.662
0.662
0.662
5.79814e-06
0.662
0.226571
0.194169
0.338024
0.662
0.143158
0.404592
0.662
0.275811
0.662
0.662
0.662
0.662
0.380162
0.662
0.662
0.662
0.105874
0.109732
0.469992
0.223994
0.662
0.476612
0.152808
0.662
0.659157
0.161475
0.259962
0.410524
0.589764
0.662
0.662
0.405687
0.662
0.459825
0.662
0.296321
0.220605
0.662
0.2701
0.140829
0.461375
0.662
0.219599
0.132512
0.0194919
0.217892
0.468566
0.662
0.129744
0.180075
0.315906
0.313643
0.174313
0.475487
0.157876
0.423515
0.396543
0.662
0.323704
0.146591
0.094174
0.662
0.662
0.662
0.16616
0.662
0.662
0.662
0.0714667
0.0906249
0.0515781
0.40225
0.0871346
0.0817453
0.662
0.21818
0.0822823
0.662
0.180143
0.662
0.0272057
0.662
0.662
0.274042
0.652276
0.192883
0.461296
0.662
0.165973
0.0832994
0.38963
0.662
0.395713
0.214618
0.650258
0.662
0.127667
0.221776
0.662
0.494661
0.662
0.662
0.662
0.662
0.427482
0.662
0.662
0.662
0.662
0.334369
0.662
0.466072
0.0832756
0.216759
0.662
0.45697
0.662
0.327351
0.662
0.116039
0.662
0.662
0.105529
0.662
0.391794
0.166285
0.0955397
0.662
0.334095
0.662
0.498447
0.462495
0.662
0.0559171
0.510884
0.0546366
0.0130665
0.662
0.662
0.224426
0.079857
0.0607033
0.265053
0.662
0.662
0.662
0.127311
0.662
0.288449
0.15455
0.165259
0.289791
0.662
0.0575158
0.662
0.662
0.211021
0.341492
0.0241073
0.662
0.433049
0.36204
0.638976
0.337188
0.662
0.662
0.171095
0.662
0.662
0.662
0.202376
0.662
0.0596221
0.662
0.494251
0.193404
0.662
0.662
0.0966594
0.0346097
0.662
0.329855
0.274369
0.662
0.662
0.258015
0.662
0.325343
0.662
0.117075
0.662
0.581719
0.251712
0.662
0.662
0.662
0.294899
0.124564
0.36082
0.662
0.0968038
0.376278
0.433411
0.662
0.0793492
0.662
0.412634
0.662
0.662
0.0451959
0.662
0.662
0.183857
0.662
0.662
0.662
0.321121
0.422923
0.662
0.662
0.662
0.299526
0.189339
0.42437
0.447742
0.662
0.662
0.662
0.160212
0.662
0.476682
0.0602651
0.662
0.662
0.59651
0.662
0.148582
0.662
0.337308
0.662
0.166898
0.662
0.662
0.662
0.216483
0.662
0.102667
0.662
0.121285
0.51231
0.0717964
0.411199
0.00231543
0.662
0.0460596
0.173079
0.23459
0.240147
0.558458
0.662
0.662
0.662
0.662
