0.468412
0.662
0.662
0.662
0.662
0.662
0.662
0.662
0.662
0.662
0.662
0.662
0.46754
0.0338325
0.015861
0.662
0.662
0.133084
0.238483
0.0570811
0.662
0.262906
0.117912
0.662
0.495943
0.662
0.370312
0.361694
0.662
0.246132
0.475935
0.662
0.662
0.662
0.662
0.157491
0.182861
0.107287
0.14469
0.662
0.0221829
0.161974
0.662
0.363423
0.09807
0.662
0.662
0.295611
0.662
0.662
0.662
0.662
0.662
0.23398
0.662
0.662
0.662
0.103828
0.0432667
0.392474
0.662
0.187606
0.662
0.56613
0.289992
0.662
0.662
0.662
0.662
0.212144
0.247524
0.105721
0.530705
0.662
0.662
0.362948
0.0345577
0.662
0.662
0.662
0.662
0.662
0.409486
0.0805984
0.662
0.336792
0.287636
0.662
0.662
0.662
0.662
0.662
0.212764
0.662
0.154991
0.662
0.662
0.662
0.662
0.124149
0.662
0.662
0.662
0.365019
0.662
0.188908
0.662
0.662
0.235593
0.662
0.662
0.662
0.468444
0.662
0.0859155
0.0237486
0.125947
0.0260544
0.169937
0.662
0.0419735
0.0466911
0.000576119
0.662
0.662
0.290531
0.662
0.140056
0.662
0.662
0.662
0.662
0.111324
0.254493
0.662
0.662
0.468954
0.416289
0.662
0.662
0.662
0.662
0.662
0.662
0.662
0.662
0.662
0.662
0.662
0.662
0.662
0.662
0.662
0.662
0.662
0.662
0.662
0.662
0.106553
0.662
0.194162
0.176436
0.662
0.171632
0.662
0.305546
0.662
0.439074
0.662
0.662
0.268108
0.183142
0.662
0.662
0.662
0.0522791
0.0278973
0.197626
0.662
0.0650348
0.14646
0.662
0.662
0.662
0.00136933
0.662
0.662
0.662
0.166982
0.662
0.363681
0.662
0.396119
0.434998
0.625179
0.367633
0.344575
0.418717
0.662
0.662
0.662
0.662
0.662
0.662
0.23998
0.662
0.662
0.448202
0.146683
0.662
0.662
0.662
0.662
0.534063
0.662
0.662
0.662
0.194076
0.568227
0.140522
0.370787
0.296937
0.146101
0.412125
0.662
0.662
0.0360193
0.135416
0.198739
0.453804
0.662
0.662
0.363407
0.662
0.662
0.662
0.457318
0.662
0.0932094
0.330522
0.662
0.0879887
0.662
0.034059
0.0913548
0.662
0.662
0.32432
0.455186
0.662
0.240665
0.662
0.662
0.198224
0.238907
0.0920655
0.10179
0.0560373
0.662
0.662
0.418478
0.142087
0.36268
0.316467
0.0435642
0.219237
0.0784454
0.662
0.356135
0.662
0.662
0.662
0.403792
0.662
0.397208
0.662
0.662
0.662
0.624937
0.324327
0.662
0.662
0.0337694
0.662
0.662
0.451001
0.157219
0.662
0.177327
0.662
0.662
0.345951
0.191929
0.0135014
0.101589
0.328312
0.662
0.396427
0.187057
0.662
0.662
0.0760133
0.662
0.20181
0.662
0.662
0.662
0.0512126
0.0127047
0.662
0.487554
0.317302
0.341357
0.33868
0.662
0.231358
0.220256
0.662
0.449322
0.240806
0.662
0.662
0.332022
0.662
0.105916
0.42573
0.662
0.265286
0.0155875
0.662
0.662
0.662
0.161736
0.662
0.662
0.200562
0.241927
0.0723596
0.474092
0.145704
0.136842
0.176133
0.662
0.453683
0.662
0.33493
0.662
0.662
0.0731776
0.662
0.662
0.662
0.196267
0.662
0.191979
0.662
0.326586
0.662
0.489052
0.0467623
0.438579
0.26645
0.662
0.0181553
0.422799
0.346893
0.662
0.213038
0.32113
0.662
0.268674
0.662
0.0318537
0.322755
0.430938
0.662
0.662
0.662
0.382618
0.171044
0.662
0.662
0.662
0.662
0.662
0.328012
0.216887
0.0352678
0.662
0.406677
0.662
0.172562
0.662
0.578429
0.291301
0.662
0.302688
0.662
0.3689
0.198711
0.029024
0.363841
0.662
0.0296309
0.662
0.662
0.405968
0.662
0.662
0.0315746
0.26348
0.662
0.662
0.226063
0.662
0.662
0.662
0.0684222
0.3966
0.433647
0.662
0.662
0.662
0.228507
0.256523
0.662
0.304847
0.190838
0.407243
0.662
0.469355
0.203523
0.37368
0.47591
0.662
0.662
0.662
0.662
0.662
0.0714579
0.662
0.455685
0.0109411
0.0408831
0.273671
0.662
0.662
0.662
0.135425
0.421911
0.576549
0.607263
0.355109
0.662
0.257575
0.406247
0.176816
0.356988
0.362561
0.47684
0.210708
0.200065
0.662
0.662
0.662
0.122766
0.662
0.662
0.32859
0.218812
0.237854
0.662
0.662
0.662
0.320571
0.662
0.0259293
0.304831
0.662
0.662
0.662
0.499501
0.662
0.662
0.325436
0.0457879
0.306885
0.189297
0.662
0.207628
0.495558
0.0911688
0.662
0.337855
0.319063
0.00296748
0.662
0.422544
0.201018
0.662
0.496781
0.662
0.232207
0.115628
0.662
0.167109
0.342982
0.662
0.375165
0.662
0.585669
0.499121
0.225465
0.662
0.1103
0.662
0.360393
0.531429
0.267674
0.662
0.0110652
0.662
0.662
0.662
0.366705
0.662
0.662
0.492886
0.662
0.662
0.361721
0.662
0.562204
0.0560104
0.662
0.570681
0.468684
0.030695
0.662
0.662
0.248437
0.662
0.662
0.462361
0.0544494
0.662
0.662
0.158585
0.199512
0.500527
0.449266
0.446356
0.662
0.19216
0.228686
0.286058
0.662
0.662
0.662
0.149271
0.662
0.662
0.662
0.662
0.662
0.662
0.662
0.662
0.36385
0.662
0.364219
0.368431
0.662
0.10341
0.662
0.662
0.493953
0.662
0.150014
0.662
0.333218
0.662
0.446872
0.0318521
0.662
0.662
0.662
0.662
0.662
0.128967
0.301039
0.441368
0.662
0.662
0.662
0.662
0.662
0.662
0.0845208
0.0168864
0.662
0.662
0.330913
0.0756664
0.138922
0.662
0.662
0.419399
0.22353
0.662
0.662
0.662
0.662
0.662
0.662
0.662
0.662
0.130945
0.405798
0.662
0.270349
0.662
0.662
0.412277
0.662
0.662
0.0063794
0.662
0.662
0.209496
0.609027
0.662
0.316255
0.662
0.662
0.662
0.662
0.384821
0.101329
0.662
0.0533203
0.219934
0.280422
0.219184
0.662
0.662
0.00983086
0.210864
0.662
0.662
0.283182
0.662
0.334807
0.390097
0.662
0.386575
0.662
0.662
0.662
0.662
0.183477
0.379804
0.191495
0.662
0.662
0.662
0.662
0.662
0.332037
0.662
0.662
0.662
0.662
0.662
0.416123
0.662
0.24609
0.105647
0.662
0.662
0.662
0.662
0.662
0.391051
0.00230688
0.662
0.662
0.309414
0.126965
0.662
0.195384
0.0898014
0.215677
0.662
0.330815
0.304832
0.35336
0.662
0.286553
0.662
0.345013
0.0611869
0.662
0.662
0.383406
0.662
0.662
0.662
0.311426
0.541733
0.473349
0.232724
0.662
0.662
0.662
0.280002
0.662
0.442688
0.662
0.662
0.662
0.662
0.662
0.133118
0.662
0.20194
0.327677
0.456654
0.11782
0.662
0.662
0.443463
0.662
0.325172
0.662
0.662
0.34986
0.662
0.662
0.277861
0.662
0.0928834
0.328334
0.303565
0.289231
0.662
0.662
0.433595
0.662
0.662
0.662
0.204226
0.662
0.289479
0.0480605
0.662
0.662
0.18599
0.662
0.253532
0.662
0.171299
0.662
0.662
0.362163
0.0893709
0.437932
0.662
0.662
0.146742
0.628981
0.662
0.662
0.247423
0.130064
0.394026
0.662
0.126928
0.662
0.107228
0.248988
0.00278841
0.662
0.662
0.662
0.662
0.629696
0.662
0.662
0.662
0.662
0.662
0.662
0.0736961
0.662
0.662
0.0871442
0.188567
0.346651
0.662
0.662
0.662
0.48562
0.662
0.662
0.662
0.44401
0.351813
0.662
0.32497
0.662
0.145296
0.427912
0.421515
0.204656
0.157905
0.662
0.152483
0.0407171
0.662
0.662
0.662
0.201954
0.662
0.662
0.662
0.662
0.662
0.583439
0.495649
0.662
0.454458
0.138429
0.362441
0.183211
0.335098
0.000702717
0.16169
0.207929
0.662
0.0413631
0.662
0.210252
0.0753771
0.662
0.662
0.414343
0.662
0.662
0.662
0.37993
0.662
0.662
0.317937
0.118382
0.662
0.662
0.409197
0.662
0.662
0.337662
0.204282
0.662
0.662
0.662
0.284261
0.662
0.402506
0.662
0.127057
0.662
0.481802
0.662
0.0715465
0.0198472
0.0396995
0.476757
0.432672
0.331359
0.662
0.128749
0.662
0.0743646
0.368422
0.662
