0.662
0.662
0.662
0.662
0.662
0.662
0.283632
0.662
0.662
0.410697
0.105924
0.662
0.347012
0.662
0.662
0.662
0.662
0.297487
0.662
0.43473
0.662
0.662
0.662
0.662
0.0816348
0.662
0.662
0.662
0.662
0.295981
0.220629
0.58857
0.662
0.180334
0.547131
0.662
0.662
0.0708457
0.662
0.662
0.446257
0.662
0.662
0.662
0.662
0.11611
0.662
0.474283
0.662
0.662
0.465389
0.20491
0.662
0.242466
0.662
0.662
0.21309
0.458028
0.10258
0.662
0.46104
0.662
0.662
0.0890556
0.662
0.496057
0.662
0.662
0.247371
0.662
0.662
0.431959
0.662
0.397085
0.662
0.333271
0.662
0.200528
0.426277
0.343778
0.662
0.662
0.0224875
0.283574
0.201635
0.662
0.662
0.242767
0.426761
0.662
0.137004
0.662
0.582521
0.662
0.631074
0.0799417
0.662
0.145066
0.662
0.0402808
0.662
0.138423
0.277149
0.240519
0.512327
0.662
0.662
0.662
0.312325
0.662
0.429705
0.153784
0.662
0.22006
0.662
0.45701
0.662
0.662
0.662
0.311142
0.662
0.662
0.230447
0.662
0.586893
0.337085
0.0963618
0.662
0.662
0.662
0.662
0.0167816
0.184429
0.662
0.0251217
0.453646
0.216436
0.140038
0.662
0.662
0.662
0.662
0.0822633
0.662
0.662
0.662
0.312724
0.334771
0.141103
0.0128971
0.662
0.426705
0.399098
0.127237
0.662
0.538299
0.662
0.662
0.662
0.662
0.51663
0.144481
0.152399
0.270963
0.569751
0.100334
0.00182366
0.662
0.451323
0.662
0.662
0.352553
0.662
0.355326
0.0872413
0.662
0.437082
0.662
0.469117
0.134617
0.558353
0.125848
0.662
0.346274
0.662
0.166121
0.0798346
0.662
0.102994
0.101529
0.662
0.461983
0.349236
0.348757
0.405423
0.662
0.662
0.410317
0.662
0.193912
0.662
0.129625
0.0173283
0.662
0.662
0.275086
0.662
0.662
0.431491
0.457344
0.333238
0.192592
0.102297
0.316662
0.662
0.662
0.662
0.120498
0.208747
0.662
0.398146
0.160405
0.321773
0.294582
0.365941
0.554162
0.662
0.662
0.255455
0.160643
0.662
0.319867
0.662
0.35595
0.372574
0.305899
0.662
0.662
0.312255
0.662
0.662
0.662
0.662
0.100219
0.662
0.662
0.662
0.44228
0.662
0.662
0.456839
0.0744865
0.662
0.471697
0.662
0.391203
0.662
0.0699621
0.32644
0.064163
0.629706
0.662
0.45698
0.662
0.192541
0.662
0.0754278
0.662
0.0230361
0.662
0.254989
0.135759
0.662
0.662
0.216656
0.442757
0.662
0.650812
0.261621
0.662
0.662
0.1253
0.531982
0.662
0.662
0.662
0.057963
0.00503371
0.662
0.662
0.465105
0.482801
0.662
0.570717
0.662
0.662
0.181239
0.662
0.0875644
0.211727
0.662
0.19508
0.380843
0.310823
0.662
0.304802
0.662
0.633694
0.266487
0.662
0.662
0.40358
0.393074
0.662
0.128116
0.259296
0.662
0.662
0.175081
0.662
0.662
0.225792
0.662
0.432877
0.662
0.662
0.355269
0.365482
0.166882
0.662
0.0040277
0.0900738
0.662
0.0574181
0.225581
0.308192
0.197717
0.662
0.662
0.453618
0.0729924
0.292111
0.0781479
0.441252
0.450543
0.376913
0.662
0.662
0.225737
0.189608
0.662
0.228355
0.358678
0.662
0.662
0.662
0.119131
0.38119
0.383692
0.403022
0.0149435
0.34
0.662
0.662
0.179688
0.662
0.662
0.625731
0.624312
0.662
0.662
0.458317
0.662
0.152705
0.662
0.662
0.662
0.351075
0.345792
0.301292
0.455006
0.662
0.431139
0.662
0.662
0.216239
0.662
0.662
0.539595
0.344322
0.0274207
0.115187
0.662
0.662
0.662
0.662
0.0333626
0.645751
0.662
0.662
0.333198
0.662
0.213461
0.228663
0.662
0.369615
0.184694
0.662
0.662
0.662
0.662
0.131845
0.662
0.662
0.662
0.662
0.638742
0.164404
0.28675
0.26987
0.662
0.662
0.662
0.11582
0.662
0.662
0.662
0.662
0.662
0.662
0.205512
0.662
0.662
0.662
0.662
0.662
0.662
0.662
0.250861
0.0535369
0.662
0.421336
0.123905
0.662
0.418799
0.281562
0.662
0.290672
0.19968
0.26482
0.413008
0.662
0.662
0.281924
0.458328
0.238652
0.662
0.662
0.662
0.662
0.662
0.662
0.662
0.662
0.662
0.419117
0.662
0.662
0.662
0.662
0.263483
0.474902
0.662
0.662
0.662
0.29166
0.662
0.662
0.662
0.0921815
0.662
0.63339
0.388219
0.469685
0.662
0.459538
0.662
0.662
0.376853
0.221021
0.388145
0.387159
0.662
0.662
0.662
0.662
0.662
0.443761
0.662
0.662
0.662
0.662
0.385844
0.662
0.662
0.662
0.662
0.440716
0.283688
0.628166
0.662
0.662
0.662
0.662
0.251942
0.662
0.662
0.662
0.384169
0.662
0.662
0.0661176
0.662
0.662
0.662
0.0572621
0.266637
0.662
0.662
0.350076
0.266399
0.662
0.162576
0.17868
0.662
0.662
0.662
0.662
0.662
0.662
0.662
0.389124
0.306179
0.662
0.376233
0.383662
0.662
0.23943
0.662
0.323019
0.325017
0.17262
0.662
0.662
0.662
0.318027
0.662
0.403834
0.662
0.662
0.662
0.662
0.662
0.662
0.662
0.0834241
0.285529
0.662
0.363025
0.125257
0.339266
0.662
0.662
0.662
0.662
0.476253
0.662
0.662
0.18721
0.662
0.0919032
0.267776
0.228424
0.662
0.357827
0.510598
0.662
0.261548
0.160592
0.662
0.0283112
0.426617
0.662
0.495155
0.514853
0.662
0.662
0.662
0.662
0.662
0.662
0.0158795
0.662
0.662
0.375388
0.662
0.453372
0.345768
0.662
0.662
0.195641
0.466842
0.662
0.336488
0.204177
0.662
0.218925
0.662
0.0946538
0.662
0.317567
0.662
0.662
0.0390853
0.662
0.153141
0.662
0.662
0.0307617
0.662
0.662
0.662
0.273257
0.662
0.018032
0.662
0.0178126
0.28898
0.0755227
0.662
0.662
0.26258
0.662
0.461306
0.662
0.662
0.099235
0.298628
0.662
0.662
0.336998
0.260937
0.460284
0.662
0.662
0.662
0.662
0.662
0.662
0.662
0.179648
0.662
0.0184598
0.662
0.238715
0.662
0.423821
0.469071
0.662
0.405647
0.404003
0.477118
0.662
0.662
0.662
0.662
0.662
0.0272936
0.244636
0.662
0.662
0.357975
0.662
0.662
0.0206431
0.152244
0.340275
0.0937596
0.309194
0.397723
0.413965
0.662
0.414249
0.662
0.122722
0.370792
0.36828
0.0476798
0.145916
0.118585
0.191505
0.430714
0.291442
0.662
0.0898614
0.514836
0.662
0.39402
0.285778
0.662
0.662
0.336176
0.662
0.662
0.662
0.24388
0.662
0.662
0.421791
0.466146
0.447166
0.662
0.308229
0.662
0.662
0.221066
0.26226
0.167651
0.424643
0.361984
0.662
0.323872
0.337425
0.662
0.405708
0.662
0.491725
0.662
0.412989
0.662
0.662
0.662
0.552115
0.45037
0.662
0.662
0.662
0.662
0.662
0.139663
0.662
0.662
0.0422089
0.495898
0.160343
0.662
0.199147
0.662
0.400769
0.0735012
0.291264
0.295262
0.00141401
0.0770369
0.662
0.413683
0.0014155
0.251822
0.662
0.253947
0.052406
0.47762
0.662
0.662
0.662
0.538189
0.173512
0.0832712
0.662
0.662
0.662
0.475772
0.30273
0.185052
0.662
0.273498
0.234389
0.0321239
0.308937
0.160711
0.662
0.662
0.208899
0.662
0.662
0.450943
0.63339
0.662
0.662
0.108818
0.140518
0.195426
0.662
0.662
0.662
0.662
0.662
0.662
0.46765
0.662
0.0419683
0.233932
0.135356
0.662
0.662
0.410577
0.231834
0.271653
0.12447
0.0190625
0.224368
0.268098
0.662
0.662
0.662
0.46389
0.206779
0.350063
0.662
0.0695077
0.662
0.0703303
0.662
0.662
0.258643
0.432228
0.172879
0.206115
0.376172
0.662
0.187439
0.662
0.662
0.148429
0.287037
0.662
0.662
0.234834
0.662
0.210126
0.662
0.662
0.560368
0.391892
0.662
0.662
0.662
0.0867814
0.662
0.662
0.662
0.362811
0.473505
0.662
0.124103
0.160705
0.662
0.662
0.0374102
0.165806
0.342495
0.662
0.662
0.662
0.662
0.432673
0.169707
0.404215
0.553995
0.163918
0.662
0.202478
0.0716021
0.44695
0.662
0.662
0.211452
0.195351
0.160303
0.42526
0.662
0.662
0.662
0.662
0.14172
0.0677225
0.662
0.011181
0.662
0.471943
0.438238
0.662
0.662
0.23089
0.218533
0.476602
0.282593
0.662
0.186444
0.356262
0.662
0.662
0.662
0.662
0.662
0.365655
0.662
0.316377
0.193405
0.231589
0.227526
0.0135631
0.399521
0.662
0.348702
0.662
0.662
0.105628
0.662
0.662
0.662
0.662
0.662
0.662
0.127347
0.445993
0.662
0.0337376
0.0666769
0.338537
0.662
0.315291
0.662
0.662
0.110168
0.662
0.313342
0.035695
0.447073
0.541173
0.028478
0.320766
0.662
0.206766
0.662
0.662
0.499121
0.353656
0.351341
0.662
0.0685753
0.354973
0.662
0.662
0.662
0.662
0.662
0.662
0.662
0.356252
0.662
0.662
0.361896
0.662
0.662
0.273047
0.662
0.129269
0.662
0.662
0.466809
0.176296
0.439566
0.662
0.662
0.218601
0.444302
0.662
0.378984
0.204933
0.235267
0.290701
0.24704
0.662
0.662
0.226706
0.662
0.662
0.662
0.662
0.343113
0.442548
0.662
0.562142
0.662
0.279407
0.404103
0.400536
0.439263
0.662
0.662
0.662
0.662
0.445522
0.512154
0.662
0.130085
0.662
0.662
0.662
0.292353
0.662
0.438131
0.171596
0.662
0.662
0.662
0.662
0.364418
0.662
0.662
0.662
0.662
0.190497
0.662
0.662
0.662
0.414174
0.0454535
0.662
0.390566
0.662
0.283584
0.662
0.386384
0.662
0.194291
0.203016
0.359611
0.30295
0.496579
0.662
0.662
0.455848
0.662
0.662
0.213019
0.662
0.470242
0.662
0.662
0.662
0.662
0.662
0.662
0.571478
0.212413
0.662
0.662
0.662
0.218415
0.662
0.161623
0.662
0.141118
0.662
0.662
0.662
0.662
0.0380263
0.662
0.662
0.0200119
0.662
0.662
0.662
0.464066
0.662
0.662
0.662
0.49817
0.187343
0.662
0.662
0.662
0.296541
0.662
0.662
