0.662
0.230894
0.378705
0.307846
0.463225
0.662
0.409767
0.13508
0.371769
0.662
0.146785
0.169625
0.662
0.0160925
0.662
0.662
0.350381
0.254458
0.286914
0.662
0.258593
0.401597
0.315592
0.245532
0.662
0.538209
0.220343
0.106652
0.662
0.662
0.457048
0.662
0.662
0.662
0.336185
0.453641
0.662
0.662
0.374809
0.662
0.662
0.41471
0.644976
0.470707
0.270904
0.112987
0.29826
0.662
0.662
0.662
0.174816
0.662
0.662
0.419537
0.318446
0.662
0.662
0.295217
0.433516
0.197488
0.662
0.291005
0.662
0.662
0.662
0.662
0.662
0.662
0.662
0.112325
0.221675
0.662
0.45452
0.662
0.182634
0.662
0.662
0.662
0.662
0.662
0.662
0.343956
0.662
0.394453
0.0373312
0.455053
0.662
0.662
0.0594353
0.662
0.314783
0.662
0.662
0.451302
0.662
0.662
0.284722
0.192808
0.36026
0.662
0.397832
0.662
0.469331
0.662
0.192441
0.22031
0.662
0.662
0.662
0.662
0.662
0.662
0.274454
0.662
0.662
0.187217
0.141681
0.662
0.662
0.00326995
0.662
0.0564775
0.662
0.096763
0.662
0.662
0.622257
0.336573
0.662
0.161479
0.662
0.5648
0.662
0.294598
0.392972
0.662
0.414174
0.0387039
0.170845
0.1837
0.662
0.12865
0.363628
0.662
0.0614248
0.459099
0.662
0.367533
0.662
0.127985
0.662
0.662
0.662
0.662
0.662
0.400334
0.662
0.662
0.662
0.662
0.662
0.662
0.662
0.0731386
0.662
0.168351
0.662
0.133389
0.111602
0.322324
0.662
0.405602
0.662
0.662
0.662
0.662
0.166103
0.662
0.312755
0.662
0.269743
0.298777
0.4246
0.662
0.662
0.202177
0.662
0.662
0.662
0.662
0.3404
0.662
0.0364125
0.460281
0.369687
0.662
0.662
0.373459
0.662
0.662
0.662
0.440493
0.662
0.199123
0.265451
0.0213673
0.592498
0.662
0.662
0.662
0.662
0.662
0.650939
0.292845
0.43741
0.552439
0.662
0.629763
0.662
0.24504
0.447649
0.662
0.287811
0.414074
0.404952
0.288572
0.662
0.662
0.372781
0.138868
0.662
0.662
0.0898612
0.662
0.31327
0.491233
0.355351
0.23567
0.271054
0.662
0.662
0.231275
0.662
0.02
0.662
0.662
0.662
0.0311089
0.662
0.662
0.299566
0.662
0.182947
0.0289513
0.662
0.0651755
0.298598
0.662
0.662
0.662
0.0837646
0.0970942
0.257655
0.662
0.662
0.289922
0.388086
0.662
0.211759
0.662
0.298718
0.0212703
0.662
0.185876
0.214373
0.662
0.662
0.0407912
0.130391
0.662
0.662
0.662
0.662
0.239079
0.662
0.662
0.0135837
0.662
0.662
0.518612
0.0977261
0.246811
0.0672162
0.398401
0.662
0.662
0.662
0.662
0.203304
0.378645
0.244106
0.662
0.340266
0.377371
0.662
0.164485
0.230853
0.310075
0.662
0.662
0.662
0.295286
0.662
0.14645
0.662
0.314824
0.235773
0.285611
0.662
0.164866
0.39588
0.258187
0.613113
0.0275531
0.662
0.233459
0.662
0.662
0.0385113
0.154973
0.0802666
0.662
0.291336
0.583846
0.662
0.506873
0.662
0.0831168
0.445155
0.662
0.662
0.119186
0.190147
0.662
0.423306
0.0848765
0.00700531
0.194541
0.662
0.156934
0.662
0.662
0.662
0.579432
0.275138
0.662
0.662
0.3983
0.0200402
0.364865
0.465359
0.662
0.662
0.662
0.662
0.0160319
0.662
0.173082
0.662
0.662
0.662
0.662
0.662
0.662
0.033136
0.662
0.330859
0.662
0.220622
0.45396
0.186844
0.662
0.277878
0.28438
0.39571
0.312786
0.220557
0.662
0.662
0.662
0.515014
0.218784
0.662
0.662
0.662
0.662
0.0273909
0.662
0.662
0.380686
0.177837
0.662
0.231668
0.662
0.349862
0.662
0.510292
0.126084
0.0926375
0.662
0.662
0.662
0.294402
0.398023
0.662
0.132582
0.662
0.474503
0.450993
0.662
0.662
0.390974
0.662
0.662
0.662
0.0263691
0.662
0.662
0.662
0.359101
0.363632
0.662
0.151001
0.662
0.662
0.662
0.662
0.434865
0.662
0.343211
0.313895
0.362805
0.662
0.662
0.3658
0.662
0.662
0.662
0.387107
0.662
0.662
0.324396
0.662
0.224347
0.662
0.0111554
0.662
0.662
0.307779
0.208382
0.0699458
0.466925
0.10186
0.662
0.262936
0.453047
0.662
0.46362
0.268496
0.662
0.662
0.0706313
0.36813
0.662
0.394195
0.121967
0.393943
0.30439
0.662
0.662
0.662
0.364439
0.662
0.662
0.662
0.662
0.662
0.0738725
0.173791
0.662
0.662
0.375593
0.0932365
0.466496
0.643508
0.0449948
0.558524
0.532389
0.662
0.507285
0.19619
0.169492
0.16917
0.662
0.452103
0.662
0.662
0.662
0.662
0.662
0.662
0.400195
0.475039
0.231329
0.662
0.160782
0.662
0.337125
0.662
0.123138
0.378539
0.480184
0.662
0.268146
0.224278
0.662
0.662
0.0175765
0.662
0.662
0.662
0.392374
0.298072
0.40704
0.149031
0.662
0.437713
0.662
0.662
0.662
0.377489
0.662
0.662
0.662
0.662
0.174598
0.00226013
0.370154
0.419995
0.662
0.662
0.662
0.165092
0.105939
0.113584
0.662
0.662
0.114352
0.482584
0.662
0.054092
0.0384766
0.031029
0.662
0.458166
0.465499
0.364697
0.662
0.662
0.662
0.662
0.175431
0.33899
0.203563
0.662
0.354085
0.373538
0.0198325
0.135666
0.319582
0.662
0.662
0.662
0.309004
0.662
0.514798
0.0877311
0.662
0.662
0.662
0.222339
0.477267
0.662
0.662
0.241555
0.418181
0.0308202
0.0910529
0.014118
0.662
0.662
0.405371
0.662
0.662
0.662
0.662
0.169711
0.662
0.0564751
0.300311
0.662
0.662
0.662
0.662
0.662
0.120526
0.662
0.420726
0.662
0.662
0.00215306
0.662
0.203705
0.662
0.0905304
0.0641383
0.293235
0.438231
0.662
0.118832
0.662
0.183472
0.150231
0.662
0.662
0.253249
0.200025
0.662
0.662
0.662
0.115866
0.101372
0.662
0.662
0.662
0.0831572
0.367175
0.662
0.213285
0.662
0.18211
0.0122158
0.044639
0.662
0.662
0.11392
0.348485
0.662
0.662
0.0663124
0.447559
0.662
0.464433
0.438672
0.2583
0.662
0.461691
0.662
0.662
0.662
0.662
0.539591
0.153029
0.0772929
0.662
0.662
0.662
0.662
0.462529
0.254006
0.662
0.662
0.662
0.662
0.204232
0.662
0.418682
0.277494
0.132235
0.662
0.662
0.428216
0.662
0.0070357
0.272122
0.122298
0.491182
0.408607
0.219575
0.21785
0.662
0.662
0.245098
0.46877
0.275319
0.314068
0.145076
0.662
0.44376
0.662
0.662
0.0630027
0.662
0.340719
0.662
0.195119
0.198293
0.662
0.662
0.359501
0.662
0.115353
0.223462
0.662
0.63339
0.441388
0.662
0.26897
0.13146
0.662
0.662
0.662
0.402341
0.662
0.662
0.447983
0.662
0.662
0.662
0.662
0.388206
0.662
0.662
0.662
0.662
0.662
0.662
0.662
0.662
0.662
0.662
0.662
0.311612
0.497561
0.662
0.191598
0.662
0.662
0.662
0.662
0.662
0.662
0.662
0.491642
0.662
0.662
0.662
0.415462
0.040939
0.662
0.542688
0.185835
0.204635
0.234034
0.662
0.662
0.440256
0.662
0.662
0.662
0.662
0.662
0.587173
0.662
0.662
0.199763
0.448528
0.662
0.662
0.662
0.373878
0.403457
0.662
0.662
0.662
0.0469118
0.427866
0.121238
0.662
0.15623
0.46287
0.0649815
0.372312
0.662
0.472881
0.0723118
0.613539
0.102916
0.662
0.529179
0.662
0.662
0.454103
0.146676
0.208264
0.662
0.155325
0.059234
0.662
0.662
0.662
0.4539
0.662
0.00242184
0.331723
0.662
0.191308
0.662
0.204899
0.662
0.378653
0.181875
0.193373
0.104002
0.662
0.0813253
0.662
0.662
0.662
0.662
0.662
0.208235
0.297708
0.0817906
0.662
0.30069
0.662
0.662
0.32608
0.0857877
0.273253
0.172768
0.633391
0.216976
0.662
0.662
0.147216
0.0946754
0.662
0.662
0.232081
0.305773
0.662
0.662
0.662
0.00709055
0.511049
0.161713
0.662
0.662
0.260568
0.177
0.476686
0.0705185
0.329212
0.512994
0.662
0.662
0.662
0.158341
0.662
0.51471
0.488554
0.662
0.662
0.360463
0.662
0.0453807
0.198721
0.662
0.662
0.662
0.662
0.147918
0.662
0.662
0.231468
0.0256322
0.662
0.340184
0.189988
0.26101
0.0426058
0.299663
0.662
0.662
0.662
0.281675
0.0132902
0.662
0.662
0.662
0.394286
0.662
0.147061
0.318126
0.662
0.0136785
0.283715
0.662
0.662
0.41671
0.662
0.368242
0.662
0.523039
0.305457
0.155839
0.662
0.662
0.662
0.280431
0.662
0.662
0.662
0.44802
0.662
0.381533
0.662
0.662
0.303875
0.164566
0.588962
0.337973
0.662
0.662
0.662
0.662
0.185826
0.662
0.662
0.662
0.662
0.351973
0.662
0.662
0.662
0.517305
0.339655
0.662
0.662
0.251991
0.662
0.662
0.202394
0.332234
0.0923124
0.662
0.466227
0.662
0.662
0.137889
0.327942
0.0612406
0.0538494
0.662
0.186699
0.175252
0.365912
0.441058
0.26972
0.348665
0.662
0.269731
0.662
0.559985
0.662
0.662
0.47645
0.322077
0.063949
0.662
0.435526
0.287441
0.662
0.662
0.662
0.662
0.0706858
0.0146741
0.23425
0.1887
0.164409
0.662
0.662
0.662
0.662
0.308221
0.215508
0.662
0.662
0.662
0.662
0.662
0.474599
0.662
0.25115
0.61267
