0.662
0.119144
0.662
0.4729
0.502156
0.662
0.443494
0.662
0.268073
0.662
0.0134695
0.662
0.662
0.327221
0.12375
0.339643
0.234458
0.662
0.389939
0.662
0.662
0.662
0.662
0.662
0.662
0.662
0.258555
0.171726
0.662
0.662
0.662
0.662
0.662
0.278278
0.228891
0.235534
0.662
0.441773
0.662
0.662
0.662
0.0313608
0.662
0.662
0.169837
0.662
0.0401326
0.662
0.297995
0.258937
0.53681
0.662
0.662
0.380492
0.352551
0.275684
0.662
0.662
0.662
0.662
0.662
0.327036
0.662
0.662
0.475267
0.662
0.662
0.662
0.190176
0.662
0.50914
0.157265
0.261326
0.662
0.379878
0.344758
0.662
0.662
0.662
0.329836
0.337415
0.662
0.662
0.662
0.662
0.662
0.312565
0.662
0.0850565
0.388056
0.507818
0.0763248
0.303608
0.0274515
0.662
0.584446
0.662
0.662
0.662
0.399316
0.335951
0.330496
0.475138
0.000484332
0.0156475
0.662
0.266367
0.662
0.364388
0.29956
0.662
0.466639
0.662
0.662
0.662
0.273978
0.408574
0.662
0.662
0.662
0.155408
0.120591
0.662
0.662
0.662
0.662
0.662
0.340695
0.601572
0.154998
0.25226
0.662
0.346931
0.662
0.0983859
0.0538451
0.662
0.662
0.200234
0.662
0.662
0.31504
0.662
0.662
0.662
0.662
0.662
0.662
0.153379
0.261165
0.00826124
0.0155301
0.662
0.361851
0.662
0.662
0.281883
0.662
0.662
0.662
0.471912
0.662
0.340195
0.662
0.662
0.662
0.090235
0.662
0.662
0.333222
0.662
0.320259
0.662
0.662
0.553104
0.169352
0.037144
0.402422
0.662
0.662
0.252315
0.106037
0.662
0.662
0.662
0.0159258
0.662
0.662
0.662
0.301152
0.662
0.158643
0.662
0.662
0.28946
0.0266487
0.21677
0.344888
0.222897
0.269059
0.662
0.365618
0.364853
0.4386
0.467946
0.662
0.45925
0.201365
0.454774
0.116391
0.243465
0.14551
0.271022
0.307675
0.313909
0.42653
0.662
0.662
0.371074
0.662
0.662
0.214196
0.662
0.256225
0.662
0.193599
0.662
0.175729
0.662
0.255849
0.34273
0.249145
0.581438
0.482167
0.360346
0.433995
0.662
0.662
0.0851334
0.479018
0.662
0.48474
0.296447
0.662
0.662
0.662
0.36979
0.219246
0.34286
0.154168
0.270145
0.662
0.465439
0.205967
0.116905
0.662
0.662
0.662
0.662
0.662
0.662
0.0124877
0.662
0.0810111
0.461282
0.138182
0.662
0.0336896
0.662
0.662
0.662
0.662
0.662
0.222219
0.662
0.0172151
0.662
0.662
0.00881456
0.662
0.276778
0.662
0.662
0.565721
0.662
0.193923
0.662
0.662
0.372136
0.231315
0.224944
0.662
0.048279
0.662
0.122962
0.325357
0.662
0.662
0.662
0.662
0.662
0.189225
0.585702
0.662
0.352098
0.662
0.662
0.662
0.524119
0.662
0.10397
0.561091
0.167806
0.0905378
0.436625
0.477161
0.433939
0.288584
0.446732
0.662
0.0502464
0.0432903
0.373727
0.644766
0.221723
0.448713
0.662
0.278988
0.552267
0.662
0.488244
0.662
0.234579
0.662
0.662
0.662
0.635319
0.662
0.30561
0.662
0.662
0.662
0.662
0.243828
0.0459713
0.575029
0.0363137
0.201971
0.484512
0.662
0.367292
0.662
0.662
0.509043
0.662
0.662
0.426466
0.662
0.662
0.662
0.23612
0.387542
0.382055
0.662
0.311137
0.0956146
0.0748126
0.662
0.662
0.662
0.662
0.662
0.662
0.327238
0.29409
0.333203
0.662
0.3566
0.203878
0.662
0.662
0.662
0.662
0.0686047
0.351635
0.353208
0.662
0.662
0.192713
0.10865
0.187833
0.225036
0.314928
0.475251
0.174512
0.662
0.662
0.662
0.28676
0.662
0.662
0.461763
0.485389
0.337541
0.391723
0.662
0.662
0.30015
0.662
0.662
0.37546
0.312209
0.662
0.453954
0.662
0.025479
0.662
0.662
0.431221
0.260865
0.662
0.662
0.467197
0.662
0.120294
0.662
0.662
0.662
0.662
0.00564608
0.662
0.526395
0.662
0.155933
0.0622728
0.327604
0.662
0.662
0.662
0.662
0.662
0.000918355
0.662
0.662
0.662
0.662
0.662
0.191543
0.256502
0.37734
0.247372
0.201578
0.273518
0.0259918
0.662
0.662
0.662
0.662
0.662
0.662
0.662
0.662
0.662
0.662
0.662
0.291801
0.211298
0.662
0.662
0.522174
0.443338
0.662
0.662
0.349814
0.662
0.662
0.662
0.160103
0.662
0.662
0.349171
0.27586
0.662
0.116505
0.662
0.386876
0.0122291
0.0402951
0.662
0.468641
0.404898
0.473111
0.317996
0.662
0.459914
0.662
0.475849
0.662
0.331331
0.284089
0.662
0.375078
0.40547
0.662
0.464327
0.662
0.662
0.662
0.246343
0.404978
0.505958
0.290246
0.386887
0.277631
0.662
0.415654
0.662
0.662
0.512045
0.645954
0.662
0.662
0.126309
0.662
0.455909
0.662
0.662
0.662
0.0941487
0.165285
0.662
0.357559
0.662
0.0703112
0.476386
0.200172
0.28127
0.205558
0.245532
0.455812
0.254846
0.0720509
0.404238
0.662
0.662
0.662
0.662
0.662
0.333363
0.406671
0.0690221
0.662
0.424572
0.256088
0.392409
0.243337
0.662
0.269791
0.381271
0.662
0.266804
0.662
0.0955129
0.662
0.0866067
0.491842
0.662
0.0566494
0.662
0.466569
0.41567
0.0469385
0.0297984
0.662
0.343022
0.662
0.411595
0.17971
0.662
0.466349
0.662
0.662
0.117815
0.233186
0.406574
0.662
0.662
0.662
0.662
0.287212
0.662
0.662
0.662
0.194321
0.662
0.0140518
0.255255
0.0557438
0.213677
0.14652
0.153933
0.349922
0.420713
0.662
0.0982329
0.662
0.114286
0.126123
0.111966
0.662
0.296564
0.396346
0.23129
0.662
0.662
0.317121
0.662
0.543177
0.662
0.662
0.36007
0.405315
0.662
0.662
0.0188265
0.662
0.662
0.662
0.19409
0.480811
0.662
0.0943162
0.662
0.411963
0.00868912
0.150091
0.408994
0.662
0.662
0.263941
0.662
0.0112397
0.662
0.662
0.662
0.662
0.662
0.662
0.463383
0.662
0.662
0.662
0.662
0.174265
0.662
0.662
0.662
0.346021
0.662
0.662
0.662
0.448907
0.0135172
0.662
0.248383
0.496906
0.662
0.46718
0.662
0.113519
0.1918
0.382943
0.662
0.662
0.662
0.086183
0.662
0.662
0.20629
0.662
0.662
0.485721
0.0445837
0.662
0.296411
0.662
0.662
0.0304155
0.105177
0.359473
0.662
0.662
0.00211314
0.662
0.488055
0.247551
0.662
0.662
0.274367
0.662
0.662
0.662
0.662
0.662
0.662
0.662
0.653127
0.279982
0.662
0.662
0.662
0.662
0.662
0.264639
0.191343
0.662
0.662
0.662
0.205743
0.527604
0.662
0.662
0.436556
0.662
0.261477
0.662
0.297303
0.150823
0.662
0.238412
0.662
0.0802164
0.662
0.265076
0.662
0.156158
0.662
0.662
0.662
0.662
0.497909
0.451759
0.111981
0.126608
0.662
0.662
0.662
0.662
0.0721915
0.397143
0.662
0.662
0.662
0.662
0.662
0.662
0.662
0.662
0.321743
0.375392
0.662
0.530909
0.662
0.14567
0.187856
0.301513
0.291795
0.662
0.420902
0.0344213
0.130757
0.123845
0.473333
0.344046
0.662
0.662
0.502053
0.662
0.346975
0.662
0.662
0.4352
0.662
0.662
0.662
0.461977
0.330293
0.662
0.125749
0.418109
0.662
0.421222
0.662
0.040435
0.662
0.0147495
0.178793
0.458706
0.451738
0.12012
0.662
0.129184
0.662
0.662
0.31705
0.409236
0.571264
0.52874
0.662
0.432532
0.662
0.271063
0.195986
0.662
0.662
0.662
0.662
0.0112042
0.31392
0.662
0.246054
0.160164
0.441212
0.0449984
0.29543
0.62107
0.28926
0.662
0.13727
0.445281
0.433283
0.180952
0.278689
0.662
0.662
0.297561
0.314532
0.662
0.46533
0.460636
0.529657
0.124614
0.662
0.662
0.34603
0.452192
0.662
0.662
0.306877
0.662
0.188177
0.662
0.112341
0.662
0.43436
0.662
0.662
0.412198
0.294622
0.662
0.662
0.327268
0.662
0.662
0.0458703
0.580418
0.0289036
0.457511
0.662
0.662
0.418217
0.400016
0.662
0.171051
0.662
0.662
0.412206
0.662
0.662
0.662
0.662
0.662
0.268636
0.662
0.662
0.662
0.662
0.0140794
0.662
0.0424237
0.110034
0.516572
0.0969151
0.470365
0.233468
0.238205
0.341821
0.662
0.662
0.357402
0.197322
0.00655139
0.662
0.333711
0.416938
0.662
0.405202
0.662
0.253009
0.113156
0.205542
0.662
0.49894
0.662
0.662
0.204163
0.157695
0.185174
0.662
0.550807
0.662
0.662
0.662
0.662
0.297799
0.220646
0.104252
0.207244
0.289415
0.0266439
0.277142
0.590775
0.662
0.018608
0.662
0.662
0.32382
0.662
0.140045
0.662
0.461923
0.662
0.402269
0.607916
0.662
0.0864729
0.148515
0.662
0.0275649
0.662
0.662
0.662
0.662
0.662
0.429122
0.662
0.662
0.662
0.662
0.662
0.403679
0.254304
0.00847402
0.662
0.662
0.424555
0.162325
0.662
0.154965
0.662
0.500427
0.48941
0.662
0.129125
0.662
0.368643
0.0720875
0.188532
0.0019349
0.293351
0.662
0.039572
0.662
0.495303
0.110871
0.0919285
0.454524
0.662
0.172953
0.0773622
0.0730192
0.662
0.662
0.662
0.0120878
0.662
0.0546509
0.031555
0.662
0.662
0.662
0.297749
0.662
0.386058
0.197024
0.662
0.662
0.274551
0.15158
0.485748
0.470665
0.209354
0.289824
0.662
0.325262
0.164095
0.662
0.662
0.662
0.228345
0.662
0.0960941
0.662
0.129191
0.343903
0.267718
0.662
0.168428
0.027894
0.036385
0.662
0.139925
0.662
0.604384
0.173941
0.662
0.662
0.662
0.662
0.662
0.662
0.115666
0.662
0.662
0.662
0.350056
0.662
0.662
0.662
0.197488
0.151135
0.662
0.195292
0.662
0.32369
0.662
0.662
0.337748
0.662
0.451214
0.662
0.662
0.662
0.433124
0.22508
0.662
0.35315
0.662
0.230774
0.114443
0.441563
0.365383
0.662
0.287437
0.662
0.662
0.4909
0.662
0.296438
0.662
0.662
0.662
0.662
0.662
0.46788
0.166177
0.0194952
0.662
0.662
0.662
0.198862
