0.662
0.662
0.662
0.219765
0.662
0.00700531
0.662
0.662
0.41888
0.662
0.662
0.200206
0.356912
0.424803
0.283573
0.662
0.633391
0.662
0.662
0.662
0.47851
0.0200402
0.662
0.445113
0.0993294
0.382214
0.415889
0.172768
0.0429701
0.191644
0.662
0.662
0.463826
0.662
0.393073
0.532845
0.241621
0.481445
0.662
0.662
0.0418759
0.116032
0.552439
0.417114
0.570652
0.662
0.238476
0.662
0.662
0.0618561
0.662
0.34227
0.468722
0.662
0.471114
0.160782
0.662
0.662
0.662
0.0368883
0.469979
0.662
0.662
0.47029
0.662
0.424386
0.421778
0.662
0.662
0.662
0.662
0.662
0.662
0.662
0.187565
0.391234
0.662
0.662
0.0905304
0.662
0.662
0.662
0.231468
0.662
0.252087
0.662
0.662
0.662
0.662
0.662
0.199763
0.662
0.217461
0.210133
0.662
0.0229567
0.662
0.662
0.662
0.333316
0.216455
0.662
0.662
0.0256322
0.101372
0.662
0.230814
0.662
0.352322
0.662
0.293271
0.194495
0.662
0.662
0.662
0.0970942
0.662
0.10129
0.327942
0.144826
0.662
0.662
0.662
0.662
0.662
0.662
0.662
0.295473
0.118093
0.662
0.662
0.662
0.662
0.265788
0.213285
0.662
0.161479
0.662
0.323444
0.225838
0.389855
0.0959162
0.662
0.662
0.662
0.374946
0.662
0.359101
0.471856
0.662
0.662
0.662
0.00590498
0.662
0.662
0.22278
0.469331
0.662
0.662
0.662
0.662
0.402727
0.230427
0.662
0.414174
0.662
0.0275531
0.415595
0.662
0.371019
0.332227
0.662
0.466496
0.290447
0.662
0.662
0.662
0.662
0.662
0.662
0.24133
0.303195
0.0706858
0.441058
0.662
0.662
0.265485
0.662
0.0321271
0.3542
0.20342
0.662
0.389446
0.662
0.662
0.0153003
0.00430572
0.662
0.095946
0.43532
0.662
0.246811
0.662
0.369687
0.226163
0.275466
0.662
0.207332
0.30632
0.305457
0.41715
0.662
0.662
0.662
0.662
0.662
0.662
0.662
0.0426058
0.1766
0.662
0.662
0.662
0.662
0.662
0.662
0.662
0.331727
0.662
0.662
0.070678
0.662
0.311612
0.409767
0.662
0.199123
0.662
0.43649
0.0886313
0.208264
0.662
0.00982107
0.20184
0.362209
0.662
0.402422
0.662
0.296692
0.662
0.242603
0.662
0.662
0.662
0.662
0.662
0.518612
0.451119
0.662
0.383296
0.662
0.662
0.125952
0.0234775
0.662
0.662
0.662
0.662
0.662
0.461975
0.441359
0.662
0.284906
0.358013
0.5648
0.466227
0.662
0.0932365
0.200374
0.662
0.594312
0.169781
0.010828
0.662
0.108844
0.212164
0.662
0.620266
0.662
0.662
0.662
0.662
0.390083
0.0311089
0.662
0.150806
0.662
0.51195
0.29434
0.662
0.192081
0.392374
0.427678
0.282201
0.662
0.298718
0.596752
0.662
0.345941
0.662
0.336698
0.136653
0.0385113
0.0672162
0.662
0.662
0.634672
0.662
0.164622
0.662
0.25012
0.662
0.295217
0.271437
0.662
0.662
0.157719
0.0946345
0.662
0.0705185
0.662
0.662
0.101048
0.393943
0.662
0.662
0.662
0.662
0.662
0.662
0.403457
0.662
0.210559
0.451302
0.662
0.194469
0.40698
0.500336
0.259184
0.662
0.662
0.662
0.662
0.662
0.662
0.662
0.41471
0.181875
0.15338
0.387705
0.313895
0.662
0.352914
0.662
0.402341
0.662
0.275872
0.168589
0.400334
0.399493
0.582961
0.445155
0.0801128
0.185876
0.662
0.190147
0.115866
0.662
0.662
0.662
0.330859
0.195795
0.292687
0.662
0.422478
0.277176
0.331723
0.294538
0.437031
0.289039
0.662
0.662
0.120633
0.662
0.166148
0.39252
0.278638
0.115164
0.205005
0.151001
0.441388
0.662
0.456585
0.203705
0.662
0.662
0.174942
0.040939
0.662
0.662
0.377367
0.662
0.482744
0.662
0.327678
0.0173895
0.417864
0.662
0.245091
0.662
0.197446
0.0273909
0.0969021
0.662
0.224405
0.662
0.662
0.598711
0.662
0.180845
0.662
0.451519
0.464433
0.662
0.36026
0.662
0.350678
0.405602
0.179255
0.662
0.14409
0.662
0.662
0.662
0.175584
0.662
0.662
0.15058
0.662
0.662
0.113584
0.662
0.160222
0.662
0.662
0.433804
0.211759
0.662
0.662
0.662
0.662
0.31327
0.662
0.662
0.662
0.662
0.126084
0.116419
0.662
0.662
0.662
0.662
0.494263
0.201879
0.239848
0.0732044
0.155481
0.256006
0.230853
0.662
0.662
0.662
0.662
0.210873
0.155325
0.662
0.662
0.662
0.662
0.652735
0.662
0.662
0.662
0.662
0.662
0.395826
0.662
0.662
0.662
0.277499
0.370154
0.662
0.662
0.251385
0.137387
0.174626
0.063949
0.662
0.662
0.229001
0.662
0.662
0.662
0.662
0.433185
0.662
0.662
0.133607
0.662
0.662
0.662
0.447559
0.318124
0.662
0.662
0.662
0.137889
0.662
0.387779
0.442675
0.415028
0.452723
0.13315
0.0141878
0.662
0.519793
0.662
0.204247
0.662
0.192441
0.662
0.662
0.373459
0.662
0.662
0.662
0.662
0.186699
0.662
0.662
0.662
0.662
0.662
0.214546
0.662
0.662
0.662
0.662
0.662
0.662
0.662
0.662
0.662
0.662
0.356186
0.662
0.120526
0.662
0.662
0.122732
0.340266
0.662
0.662
0.412326
0.662
0.662
0.114068
0.662
0.0471179
0.13124
0.662
0.662
0.662
0.458507
0.662
0.198293
0.662
0.523039
0.662
0.662
0.662
0.662
0.662
0.269904
0.365165
0.662
0.662
0.662
0.662
0.424239
0.662
0.138645
0.0365256
0.662
0.637836
0.0947397
0.314824
0.662
0.129898
0.576821
0.317998
0.662
0.662
0.443839
0.662
0.662
0.351973
0.662
0.662
0.58621
0.662
0.662
0.662
0.662
0.662
0.368766
0.662
0.0491863
0.24406
0.408607
0.662
0.0557875
0.662
0.313308
0.207925
0.205028
0.359471
0.662
0.115579
0.662
0.415135
0.474678
0.662
0.662
0.662
0.662
0.315695
0.0955776
0.662
0.287811
0.662
0.662
0.662
0.423594
0.41438
0.48107
0.196451
0.662
0.0564775
0.662
0.662
0.662
0.245098
0.662
0.397832
0.368374
0.662
0.00684926
0.429969
0.14981
0.0270359
0.662
0.485283
0.258593
0.192122
0.409273
0.662
0.662
0.152225
0.265669
0.662
0.662
0.291577
0.662
0.426525
0.662
0.662
0.662
0.662
0.430447
0.314783
0.24813
0.662
0.662
0.276899
0.662
0.662
0.236626
0.466925
0.662
0.405884
0.662
0.662
0.0630027
0.662
0.155839
0.662
0.662
0.0946754
0.662
0.662
0.389581
0.662
0.13146
0.262086
0.0607649
0.662
0.662
0.662
0.272263
0.203013
0.662
0.511049
0.662
0.163329
0.054092
0.454103
0.108337
0.662
0.481204
0.340719
0.076915
0.662
0.35219
0.662
0.662
0.662
0.40122
0.662
0.662
0.0314904
0.29826
0.296488
0.522098
0.662
0.662
0.662
0.643508
0.662
0.3658
0.662
0.461576
0.0212703
0.662
0.0699458
0.215508
0.662
0.507396
0.30439
0.662
0.662
0.286396
0.410519
0.197289
0.662
0.381533
0.662
0.662
0.662
0.662
0.0446786
0.662
0.353073
0.662
0.565237
0.662
0.662
0.300311
0.256439
0.662
0.662
0.477708
0.490557
0.177849
0.662
0.662
0.662
0.212026
0.315592
0.662
0.446271
0.662
0.662
0.662
0.604184
0.662
0.006399
0.662
0.662
0.537494
0.163342
0.662
0.662
0.662
0.211831
0.378539
0.308221
0.059234
0.135666
0.443578
0.662
0.662
0.217505
0.138868
0.662
0.662
0.390724
0.662
0.410736
0.363632
0.383347
0.355548
0.26972
0.223634
0.115106
0.553846
0.397717
0.662
0.340757
0.123138
0.662
0.017858
0.662
0.259885
0.662
0.662
0.662
0.306204
0.440835
0.452689
0.35871
0.150622
0.662
0.177
0.662
0.102916
0.532389
0.662
0.662
0.662
0.662
0.662
0.662
0.192808
0.662
0.662
0.662
0.662
0.662
0.0115845
0.158341
0.104014
0.397645
0.662
0.662
0.662
0.662
0.662
0.662
0.459582
0.662
0.224278
0.327401
0.662
0.662
0.118832
0.662
0.662
0.000902312
0.662
0.231449
0.662
0.662
0.662
0.662
0.243997
0.22481
0.662
0.192314
0.662
0.450403
0.662
0.662
0.662
0.106462
0.44376
0.662
0.662
0.184758
0.662
0.154973
0.462079
0.662
0.662
0.0135837
0.662
0.662
0.158822
0.662
0.502399
0.662
0.191528
0.662
0.482231
0.662
0.662
0.0271309
0.662
0.662
0.360463
0.625996
0.00986572
0.662
0.662
0.662
0.353389
0.662
0.662
0.662
0.662
0.121438
0.3983
0.662
0.662
0.662
0.219324
0.662
0.662
0.662
0.662
0.240434
0.191308
0.662
0.662
0.662
0.232081
0.3404
0.24626
0.0646864
0.662
0.463383
0.662
0.662
0.662
0.662
0.408475
0.662
0.255313
0.662
0.0723118
0.662
