0.418736
0.244128
0.326257
0.662
0.474368
0.662
0.396986
0.286674
0.639026
0.662
0.662
0.401293
0.393348
0.124043
0.662
0.24384
0.662
0.0326824
0.662
0.662
0.662
0.662
0.662
0.206706
0.662
0.662
0.662
0.662
0.634259
0.323267
0.441976
0.662
0.662
0.131181
0.662
0.195279
0.204177
0.43925
0.426414
0.205001
0.662
0.662
0.479529
0.662
0.662
0.662
0.633693
0.429758
0.662
0.662
0.152705
0.662
0.662
0.383408
0.464614
0.00735279
0.157423
0.0310938
0.173967
0.365412
0.066002
0.662
0.662
0.662
0.662
0.0186024
0.103901
0.436964
0.662
0.233119
0.00186307
0.662
0.457121
0.0670337
0.662
0.120716
0.0658603
0.662
0.662
0.438863
0.261527
0.451851
0.662
0.662
0.662
0.662
0.416664
0.304381
0.100452
0.433055
0.107833
0.324625
0.662
0.377665
0.662
0.278801
0.123482
0.0872413
0.290737
0.304588
0.321792
0.381418
0.629706
0.662
0.279986
0.662
0.662
0.372904
0.662
0.662
0.662
0.662
0.0834959
0.261447
0.662
0.331642
0.662
0.441805
0.662
0.428617
0.293193
0.662
0.435115
0.662
0.662
0.389123
0.662
0.662
0.0664662
0.662
0.277051
0.44812
0.159439
0.662
0.662
0.0323997
0.418799
0.662
0.251637
0.662
0.46099
0.398078
0.444755
0.355091
0.0312275
0.144432
0.662
0.662
0.316781
0.230096
0.413576
0.388452
0.469559
0.00118596
0.662
0.662
0.261866
0.282693
0.475685
0.662
0.329553
0.662
0.277009
0.185482
0.359991
0.662
0.0779206
0.246517
0.330124
0.662
0.662
0.189002
0.466809
0.217025
0.662
0.662
0.0140042
0.662
0.662
0.296481
0.662
0.470333
0.662
0.662
0.662
0.662
0.662
0.662
0.662
0.217748
0.662
0.662
0.662
0.662
0.662
0.662
0.662
0.300985
0.314753
0.662
0.662
0.0946958
0.431959
0.662
0.426277
0.0040277
0.29497
0.662
0.0595261
0.198364
0.483839
0.0942277
0.163348
0.662
0.662
0.14865
0.0947568
0.662
0.0514965
0.662
0.662
0.205794
0.194988
0.662
0.077282
0.334193
0.0577041
0.269491
0.662
0.248263
0.0195191
0.216331
0.662
0.662
0.662
0.662
0.424734
0.662
0.313373
0.662
0.662
0.0628215
0.130481
0.192048
0.662
0.662
0.662
0.662
0.222176
0.400648
0.0552014
0.470242
0.662
0.662
0.126033
0.0777674
0.662
0.662
0.662
0.662
0.174471
0.29846
0.662
0.0964502
0.143408
0.451892
0.165861
0.43173
0.376358
0.662
0.662
0.662
0.468415
0.0179722
0.662
0.128359
0.662
0.425036
0.662
0.134627
0.662
0.662
0.662
0.339641
0.662
0.662
0.211651
0.000782825
0.334769
0.662
0.662
0.108787
0.189485
0.662
0.662
0.22713
0.404568
0.662
0.662
0.662
0.63339
0.662
0.662
0.662
0.662
0.662
0.662
0.662
0.00751406
0.35454
0.662
0.292625
0.216119
0.662
0.662
0.662
0.386672
0.662
0.662
0.662
0.662
0.662
0.662
0.161623
0.662
0.419909
0.205906
0.236234
0.662
0.662
0.405278
0.629706
0.662
0.0929305
0.662
0.662
0.662
0.662
0.21036
0.0991263
0.362586
0.662
0.662
0.662
0.0257549
0.662
0.662
0.347035
0.662
0.22914
0.662
0.169437
0.451676
0.662
0.662
0.662
0.5367
0.662
0.662
0.307796
0.662
0.43512
0.296541
0.662
0.169165
0.662
0.662
0.662
0.662
0.662
0.378337
0.662
0.0883411
0.07329
0.662
0.340267
0.662
0.662
0.0574095
0.4515
0.472717
0.456433
0.662
0.198083
0.275094
0.39295
0.437082
0.260748
0.114189
0.136185
0.662
0.662
0.212238
0.294238
0.662
0.662
0.423323
0.662
0.662
0.662
0.288107
0.2827
0.662
0.226872
0.0581165
0.2618
0.00645272
0.662
0.191245
0.662
0.545322
0.662
0.662
0.662
0.662
0.506635
0.474444
0.662
0.662
0.662
0.662
0.662
0.662
0.662
0.242351
0.662
0.165421
0.662
0.133938
0.662
0.662
0.185206
0.662
0.217496
0.217511
0.418231
0.662
0.662
0.278519
0.662
0.662
0.519086
0.12229
0.0716021
0.662
0.510055
0.662
0.662
0.200136
0.662
0.0198216
0.452812
0.662
0.438824
0.662
0.0712712
0.662
0.229325
0.662
0.662
0.662
0.512943
0.432845
0.662
0.662
0.662
0.393323
0.662
0.662
0.083717
0.341994
0.608655
0.157979
0.163357
0.662
0.519917
0.189023
0.662
0.041492
0.662
0.662
0.531972
0.662
0.0490548
0.443558
0.00364156
0.662
0.286817
0.382309
0.436302
0.297487
0.514853
0.662
0.662
0.662
0.662
0.261676
0.662
0.662
0.662
0.12025
0.405577
0.662
0.662
0.662
0.533242
0.662
0.662
0.662
0.337331
0.662
0.475134
0.488852
0.443267
0.662
0.23377
0.662
0.662
0.662
0.662
0.205835
0.662
0.269478
0.662
0.662
0.528361
0.662
0.662
0.134546
0.662
0.213228
0.662
0.662
0.662
0.383233
0.462619
0.662
0.662
0.662
0.662
0.322639
0.104411
0.662
0.368426
0.662
0.662
0.662
0.662
0.662
0.662
0.662
0.662
0.470015
0.662
0.186625
0.662
0.371197
0.662
0.0919624
0.332341
0.662
0.662
0.662
0.444366
0.662
0.662
0.236532
0.284164
0.153303
0.261548
0.43399
0.662
0.662
0.38992
0.662
0.0560518
0.370288
0.662
0.662
0.662
0.248049
0.318132
0.0784823
0.0135631
0.0406137
0.451413
0.404316
0.662
0.662
0.0739955
0.662
0.102641
0.662
0.662
0.405867
0.317419
0.387214
0.339628
0.662
0.432964
0.321072
0.662
0.662
0.24556
0.258968
0.655257
0.662
0.662
0.662
0.662
0.662
0.14602
0.662
0.103223
0.473549
0.422533
0.662
0.662
0.138472
0.662
0.662
0.301056
0.453657
0.240297
0.138995
0.662
0.184687
0.662
0.662
0.662
0.433349
0.298628
0.662
0.0410984
0.662
0.662
0.662
0.335824
0.425877
0.662
0.662
0.662
0.130085
0.446508
0.273433
0.397493
0.662
0.662
0.05766
0.11443
0.190445
0.662
0.662
0.662
0.213148
0.225792
0.662
0.662
0.662
0.662
0.457912
0.662
0.305198
0.157005
0.44107
0.247083
0.662
0.07305
0.662
0.0344462
0.101714
0.423002
0.662
0.662
0.197839
0.236398
0.662
0.449412
0.662
0.184949
0.0554022
0.662
0.662
0.662
0.0228863
0.411339
0.18915
0.251585
0.662
0.662
0.662
0.322877
0.662
0.137407
0.662
0.662
0.316973
0.662
0.0831221
0.662
0.281436
0.107352
0.290747
0.0599567
0.617533
0.662
0.662
0.662
0.457128
0.464582
0.662
0.467829
0.163223
0.662
0.662
0.662
0.662
0.12068
0.662
0.491157
0.662
0.662
0.662
0.206797
0.662
0.136972
0.101681
0.662
0.662
0.662
0.0685753
0.111646
0.0881018
0.474349
0.662
0.00360626
0.662
0.20406
0.662
0.662
0.662
0.166661
0.662
0.662
0.662
0.662
0.662
0.338872
0.179874
0.662
0.020564
0.662
0.391603
0.257675
0.662
0.0644626
0.54463
0.283633
0.155828
0.330604
0.662
0.129467
0.478448
0.662
0.425294
0.662
0.00297969
0.662
0.184694
0.20537
0.662
0.662
0.214545
0.662
0.381444
0.662
0.662
0.662
0.445075
0.315663
0.471469
0.662
0.165811
0.662
0.662
0.170658
0.472029
0.662
0.0937286
0.248763
0.662
0.662
0.41654
0.662
0.373434
0.662
0.662
0.662
0.662
0.662
0.662
0.0723404
0.352411
0.249466
0.100077
0.662
0.186049
0.48965
0.340852
0.662
0.662
0.662
0.662
0.662
0.662
0.0229433
0.662
0.189926
0.662
0.662
0.662
0.662
0.662
0.20491
0.662
0.24332
0.38454
0.662
0.662
0.248334
0.206206
0.662
0.662
0.118356
0.662
0.662
0.0613923
0.41334
0.662
0.341248
0.662
0.239878
0.197717
0.452119
0.662
0.662
0.662
0.662
0.29912
0.370792
0.450068
0.662
0.0481945
0.418086
0.662
0.106967
0.310866
0.336998
0.662
0.662
0.369889
0.364507
0.121542
0.0575498
0.352297
0.662
0.282862
0.662
0.662
0.662
0.301271
0.248174
0.662
0.232987
0.662
0.662
0.662
0.662
0.662
0.244122
0.274595
0.337013
0.662
0.0456683
0.107313
0.0567411
0.285815
0.662
0.662
0.662
0.662
0.369821
0.468787
0.113826
0.480954
0.100953
0.380979
0.190368
0.662
0.117528
0.529408
0.205764
0.662
0.563884
0.474664
0.286963
0.662
0.662
0.662
0.0399847
0.0418887
0.204933
0.662
0.662
0.662
0.44641
0.22773
0.192007
0.470959
0.16602
0.0370349
0.662
0.0190625
0.157731
0.662
0.482514
0.662
0.662
0.337328
0.662
0.662
0.456709
0.662
0.662
0.662
0.662
0.662
0.662
0.356262
0.188953
0.662
0.0116328
0.662
0.492293
0.250518
0.662
0.0663876
0.662
0.662
0.662
0.662
0.662
0.662
0.571686
0.662
0.662
0.662
0.662
0.408961
0.046589
0.662
0.010332
0.662
0.215817
0.662
0.662
0.00710954
0.662
0.662
0.643431
0.662
0.271848
0.662
0.662
0.662
0.33758
0.247373
0.662
0.46044
0.662
0.662
0.112905
0.402714
0.662
0.221249
0.662
0.230723
0.0420667
0.446943
0.662
0.662
0.295038
0.662
0.662
0.662
0.662
0.472801
0.473756
0.662
0.395073
0.662
0.662
0.589729
0.662
0.662
0.380671
0.350701
0.162984
0.662
0.345719
0.662
0.662
0.0206431
0.227681
0.662
0.662
0.629706
0.662
0.647382
0.415971
0.473902
0.349993
0.349482
0.291244
0.662
0.662
0.346547
0.0463563
0.662
0.215169
0.662
0.662
0.662
0.662
0.0482172
0.123045
0.140624
0.662
0.33373
0.662
0.326861
0.662
0.37384
0.322992
0.369108
0.585453
0.29886
0.662
0.373931
0.662
0.662
0.411139
0.662
0.662
0.143044
0.662
0.247181
0.662
0.662
0.0448299
0.289705
0.662
0.662
0.662
0.662
0.0766025
0.266061
0.662
0.662
0.120827
0.163724
0.488661
0.662
0.45309
0.225786
0.028306
0.453424
0.266931
0.662
0.191787
0.34381
0.662
0.662
0.237826
0.662
0.662
0.662
0.662
0.135705
0.662
0.385681
0.662
0.0734298
0.662
0.239821
0.662
0.401507
0.662
0.436096
0.21309
0.156652
0.662
0.662
0.662
0.662
0.236865
0.662
0.662
0.161179
0.662
0.158587
0.662
0.26015
0.662
0.662
0.256004
0.662
0.662
0.662
0.287708
0.479486
0.662
0.662
0.274077
0.147729
0.662
0.493277
0.148671
0.462972
0.662
