0.662
0.110009
0.0875457
0.662
0.662
0.289856
0.388295
0.662
0.406469
0.304439
0.123238
0.662
0.662
0.662
0.662
0.662
0.481443
0.355105
0.320528
0.199487
0.662
0.662
0.662
0.435766
0.582306
0.608655
0.662
0.662
0.202049
0.321448
0.662
0.23181
0.385832
0.662
0.000810074
0.662
0.662
0.662
0.662
0.662
0.662
0.321164
0.662
0.408538
0.0656824
0.397884
0.662
0.662
0.662
0.325563
0.53554
0.662
0.662
0.662
0.333414
0.313594
0.520486
0.046613
0.114462
0.662
0.662
0.213216
0.662
0.662
0.370226
0.662
0.477325
0.662
0.662
0.398133
0.37214
0.662
0.662
0.10839
0.662
0.229486
0.564107
0.662
0.415284
0.0916766
0.179702
0.662
0.662
0.662
0.662
0.662
0.548969
0.364015
0.662
0.303793
0.662
0.147126
0.662
0.00723746
0.662
0.292227
0.662
0.376799
0.662
0.662
0.662
0.317734
0.171975
0.662
0.662
0.365081
0.112757
0.662
0.662
0.662
0.299909
0.474855
0.662
0.662
0.320458
0.467083
0.42746
0.662
0.254313
0.662
0.16474
0.662
0.0104566
0.451931
0.125087
0.062072
0.662
0.167499
0.13851
0.662
0.662
0.100105
0.123364
0.417678
0.662
0.662
0.662
0.437473
0.662
0.662
0.662
0.391725
0.662
0.662
0.279236
0.662
0.662
0.181375
0.662
0.662
0.534337
0.321187
0.541758
0.200487
0.423473
0.662
0.662
0.413365
0.662
0.237747
0.662
0.662
0.461602
0.662
0.362431
0.662
0.211636
0.34412
0.212706
0.662
0.662
0.662
0.662
0.328088
0.0468003
0.662
0.662
0.438762
0.285951
0.662
0.172933
0.662
0.0278772
0.662
0.662
0.0429245
0.180887
0.0852652
0.121882
0.662
0.662
0.662
0.342905
0.167857
0.662
0.662
0.475714
0.0767902
0.0504817
0.354511
0.229861
0.612792
0.662
0.662
0.367635
0.336014
0.662
0.662
0.499403
0.662
0.427297
0.212897
0.662
0.315992
0.017937
0.662
0.388739
0.662
0.662
0.662
0.662
0.303286
0.326635
0.662
0.662
0.388773
0.253532
0.420923
0.662
0.662
0.662
0.0950256
0.662
0.398663
0.567086
0.662
0.411934
0.662
0.312324
0.216673
0.662
0.268722
0.258616
0.662
0.267456
0.28239
0.366586
0.662
0.412884
0.662
0.19789
0.37266
0.662
0.662
0.0246586
0.606826
0.153213
0.662
0.662
0.662
0.119296
0.662
0.130046
0.662
0.662
0.633391
0.662
0.662
0.468915
0.662
0.405284
0.41568
0.315118
0.662
0.662
0.662
0.662
4.6962e-05
0.0258085
0.364198
0.294923
0.347257
0.662
0.364672
0.662
0.219556
0.662
0.305274
0.0826838
0.299698
0.424202
0.662
0.299854
0.662
0.662
0.146578
0.489139
0.14121
0.662
0.662
0.662
0.662
0.0780993
0.0828586
0.218378
0.662
0.0457662
0.662
0.417878
0.662
0.271451
0.0717056
0.662
0.662
0.0331262
0.662
0.136615
0.662
0.662
0.662
0.662
0.662
0.467138
0.349737
0.490702
0.662
0.0833568
0.310101
0.165877
0.662
0.662
0.344472
0.662
0.123327
0.0716688
0.196495
0.662
0.662
0.662
0.662
0.662
0.00199178
0.402471
0.346268
0.0200109
0.662
0.662
0.662
0.662
0.662
0.662
0.662
0.662
0.662
0.662
0.662
0.662
0.662
0.0337517
0.662
0.486616
0.662
0.662
0.113048
0.135316
0.662
0.0442199
0.363506
0.662
0.168993
0.662
0.662
0.464682
0.662
0.662
0.500909
0.662
0.623064
0.662
0.662
0.662
0.509862
0.662
0.43393
0.662
0.558538
0.662
0.662
0.662
0.172033
0.662
0.662
0.662
0.662
0.662
0.662
0.207472
0.662
0.662
0.662
0.275194
0.662
0.388146
0.390424
0.662
0.662
0.407125
0.662
0.662
0.440856
0.411354
0.662
0.662
0.662
0.0828367
0.362927
0.143069
0.662
0.662
0.499789
0.662
0.662
0.0231739
0.662
0.662
0.11851
0.662
0.662
0.290206
0.02268
0.662
0.662
0.459697
0.118703
0.586234
0.662
0.0954385
0.0977988
0.662
0.662
0.00793993
0.0507637
0.0271589
0.0604236
0.662
0.196644
0.662
0.170943
0.662
0.662
0.662
0.448137
0.2932
0.662
0.465887
0.662
0.378694
0.662
0.162086
0.662
0.662
0.432046
0.662
0.345574
0.662
0.292382
0.264855
0.662
0.266667
0.662
0.662
0.525161
0.33776
0.662
0.185865
0.457199
0.482743
0.160724
0.662
0.340446
0.484338
0.322528
0.662
0.662
0.0492922
0.417584
0.189194
0.662
0.472848
0.662
0.54184
0.099639
0.662
0.497442
0.662
0.355476
0.662
0.662
0.662
0.662
0.662
0.662
0.662
0.248333
0.662
0.251155
0.543428
0.414945
0.662
0.662
0.276149
0.662
0.383248
0.662
0.394044
0.662
0.662
0.352016
0.230765
0.573693
0.269366
0.0356909
0.252927
0.0699946
0.414841
0.57476
0.322238
0.242666
0.421231
0.0406411
0.0432063
0.0433199
0.662
0.662
0.662
0.662
0.0254466
0.203158
0.662
0.662
0.26503
0.662
0.662
0.0481724
0.662
0.16065
0.208643
0.662
0.662
0.662
0.662
0.441529
0.348374
0.662
0.0943568
0.364662
0.276746
0.662
0.234107
0.662
0.662
0.662
0.662
0.662
0.23154
0.314914
0.0660942
0.662
0.0259538
0.402167
0.662
0.662
0.290322
0.272438
0.662
0.0595119
0.142002
0.662
0.386914
0.227608
0.274319
0.0445496
0.370401
0.324119
0.662
0.351357
0.408338
0.662
0.331238
0.156634
0.350446
0.662
0.0615665
0.140493
0.662
0.544138
0.662
0.430623
0.470754
0.662
0.35313
0.196272
0.662
0.472422
0.356184
0.662
0.29079
0.662
0.486848
0.662
0.662
0.662
0.662
0.662
0.248204
0.246438
0.662
0.662
0.0137744
0.338511
0.46035
0.388409
0.662
0.662
0.662
0.662
0.244
0.473819
0.662
0.662
0.218952
0.662
0.662
0.662
0.662
0.180817
0.662
0.161405
0.392609
0.662
0.0293871
0.662
0.177028
0.662
0.254219
0.662
0.662
0.0196066
0.44876
0.662
0.337636
0.000988028
0.228507
0.662
0.662
0.259418
0.0532531
0.662
0.662
0.199341
0.433331
0.662
0.662
0.662
0.662
0.662
0.662
0.0294193
0.000686222
0.662
0.662
0.00207069
0.188666
0.382148
0.662
0.662
0.34807
0.662
0.662
0.662
0.503096
0.662
0.662
0.24273
0.3952
0.423758
0.662
0.662
0.590606
0.662
0.662
0.223022
0.662
0.406904
0.662
0.662
0.391143
0.662
0.48248
0.228174
0.662
0.0799829
0.0350275
0.204394
0.662
0.479608
0.662
0.662
0.31809
0.0615794
0.00373474
0.662
0.48417
0.0270865
0.662
0.289313
0.472782
0.273856
0.662
0.215471
0.0971702
0.414742
0.662
0.662
0.0235871
0.0406287
0.477724
0.662
0.381468
0.0746581
0.662
0.13894
0.270828
0.662
0.662
0.662
0.662
0.097388
0.662
0.41
0.662
0.662
0.483477
0.313924
0.489896
0.662
0.662
0.662
0.101804
0.215892
0.662
0.225947
0.140606
