0.662
0.0242407
0.662
0.000782825
0.662
0.662
0.662
0.0685753
0.312724
0.202478
0.662
0.662
0.0257549
0.612737
0.662
0.662
0.267573
0.662
0.662
0.176
0.466809
0.103223
0.662
0.662
0.662
0.662
0.662
0.427509
0.662
0.662
0.24384
0.205512
0.662
0.30027
0.248174
0.407507
0.283584
0.353656
0.662
0.662
0.662
0.00511471
0.662
0.268098
0.662
0.662
0.662
0.662
0.363522
0.365941
0.554162
0.394719
0.287512
0.0228863
0.662
0.313342
0.431959
0.336998
0.464066
0.236532
0.00559273
0.234062
0.453657
0.0661176
0.662
0.662
0.662
0.662
0.241177
0.348757
0.190497
0.214403
0.662
0.662
0.0675472
0.532222
0.0158795
0.468415
0.157005
0.61099
0.167651
0.269478
0.628166
0.662
0.115187
0.0140042
0.662
0.662
0.662
0.662
0.662
0.451892
0.299958
0.235754
0.662
0.662
0.457121
0.0402808
0.662
0.238715
0.282693
0.662
0.662
0.180334
0.662
0.662
0.662
0.304802
0.662
0.0788694
0.662
0.662
0.662
0.0759897
0.286674
0.662
0.662
0.41651
0.662
0.088265
0.662
0.42526
0.255031
0.662
0.323872
0.662
0.662
0.662
0.662
0.0919032
0.0988979
0.662
0.0975065
0.662
0.437082
0.446257
0.662
0.255231
0.662
0.233363
0.662
0.662
0.662
0.381042
0.662
0.662
0.662
0.230948
0.295501
0.662
0.347364
0.225737
0.388452
0.07305
0.317272
0.662
0.303189
0.136492
0.376884
0.662
0.662
0.662
0.662
0.662
0.662
0.662
0.662
0.405057
0.662
0.662
0.662
0.662
0.333198
0.662
0.189352
0.0963618
0.29172
0.662
0.662
0.308192
0.662
0.662
0.266931
0.662
0.514853
0.405738
0.238771
0.662
0.531972
0.392993
0.136717
0.662
0.451894
0.16703
0.662
0.219317
0.19316
0.11611
0.418799
0.662
0.275074
0.662
0.277149
0.662
0.662
0.662
0.662
0.662
0.662
0.662
0.662
0.0781479
0.160003
0.204933
0.662
0.662
0.237462
0.273047
0.662
0.197717
0.0695077
0.662
0.206779
0.662
0.662
0.318027
0.0583213
0.662
0.260748
0.662
0.662
0.308229
0.662
0.301824
0.391892
0.662
0.662
0.375388
0.662
0.0297742
0.662
0.398672
0.662
0.662
0.0964502
0.662
0.662
0.443761
0.662
0.662
0.662
0.284164
0.662
0.0463563
0.298628
0.355644
0.662
0.443558
0.443249
0.662
0.662
0.662
0.193912
0.662
0.662
0.0527526
0.662
0.662
0.0699621
0.662
0.662
0.228424
0.182499
0.662
0.662
0.662
0.388521
0.662
0.12068
0.662
0.429758
0.285005
0.662
0.662
0.662
0.291442
0.4515
0.0834241
0.662
0.662
0.662
0.662
0.662
0.21309
0.19968
0.662
0.662
0.156652
0.476333
0.662
0.662
0.662
0.662
0.662
0.662
0.662
0.0200241
0.662
0.662
0.295739
0.34381
0.17913
0.662
0.662
0.38913
0.662
0.214545
0.662
0.662
0.310706
0.285529
0.447798
0.362811
0.662
0.662
0.662
0.339641
0.225792
0.662
0.662
0.662
0.662
0.662
0.349993
0.0162758
0.662
0.45309
0.662
0.662
0.662
0.662
0.662
0.127493
0.662
0.22068
0.376243
0.662
0.0040277
0.662
0.662
0.662
0.258047
0.662
0.170009
0.662
0.662
0.408961
0.46389
0.662
0.359252
0.662
0.08871
0.475685
0.377865
0.00431072
0.662
0.347068
0.662
0.132524
0.662
0.460284
0.0149435
0.662
0.662
0.0307617
0.662
0.662
0.662
0.662
0.662
0.398078
0.662
0.267862
0.662
0.220629
0.662
0.638742
0.662
0.662
0.438402
0.662
0.193405
0.321072
0.662
0.662
0.35595
0.662
0.12025
0.0878485
0.662
0.662
0.141118
0.238677
0.662
0.41334
0.662
0.359611
0.662
0.17627
0.662
0.662
0.221021
0.662
0.0952532
0.662
0.662
0.662
0.662
0.185052
0.662
0.662
0.662
0.289853
0.662
0.662
0.662
0.472717
0.38119
0.0937286
0.186444
0.083717
0.0595842
0.286939
0.357183
0.662
0.662
0.011181
0.50981
0.662
0.384169
0.662
0.662
0.662
0.291097
0.0735012
0.662
0.503331
0.406362
0.662
0.166882
0.283632
0.662
0.662
0.662
0.177044
0.104266
0.0481945
0.662
0.362245
0.662
0.662
0.662
0.662
0.662
0.662
0.662
0.662
0.662
0.340391
0.662
0.662
0.19182
0.347828
0.362586
0.432197
0.662
0.662
0.101815
0.45501
0.662
0.279407
0.226706
0.662
0.662
0.457344
0.219503
0.662
0.0505766
0.662
0.662
0.662
0.662
0.0179722
0.176341
0.417461
0.662
0.206115
0.00535831
0.662
0.0669294
0.366106
0.662
0.662
0.662
0.662
0.662
0.662
0.662
0.129625
0.323929
0.662
0.209351
0.162576
0.662
0.662
0.662
0.253053
0.383233
0.662
0.0574095
0.475134
0.0678406
0.345768
0.662
0.352411
0.662
0.662
0.662
0.0927543
0.662
0.662
0.397736
0.662
0.662
0.350713
0.311805
0.662
0.459746
0.482514
0.662
0.662
0.662
0.662
0.662
0.168009
0.662
0.105628
0.662
0.337577
0.662
0.662
0.256844
0.365412
0.17868
0.182646
0.662
0.662
0.0643802
0.662
0.341248
0.662
0.662
0.662
0.662
0.160643
0.306189
0.205001
0.0204152
0.0711609
0.190234
0.662
0.662
0.25301
0.21036
0.662
0.662
0.662
0.662
0.188332
0.107352
0.300246
0.0272936
0.662
0.662
0.441021
0.662
0.106587
0.450518
0.370792
0.457915
0.662
0.0014155
0.247951
0.662
0.662
0.662
0.278519
0.662
0.662
0.662
0.662
0.662
0.662
0.662
0.0370349
0.231373
0.662
0.662
0.158545
0.662
0.662
0.662
0.401631
0.403834
0.662
0.662
0.662
0.662
0.662
0.662
0.662
0.381418
0.662
0.470242
0.662
0.662
0.512327
0.662
0.662
0.662
0.243316
0.219271
0.662
0.0950461
0.662
0.22006
0.447671
0.662
0.141193
0.662
0.662
0.235442
0.662
0.662
0.662
0.474664
0.398146
0.294238
0.662
0.251822
0.0326824
0.444755
0.662
0.0898614
0.662
0.633391
0.123905
0.33533
0.111646
0.662
0.487834
0.662
0.662
0.662
0.452285
0.662
0.100953
0.266399
0.662
0.102297
0.0664662
0.174251
0.662
0.416061
0.662
0.16602
0.662
0.153141
0.662
0.167706
0.283633
0.662
0.662
0.639026
0.218601
0.295262
0.307261
0.418086
0.662
0.662
0.370245
0.271653
0.662
0.662
0.426277
0.662
0.662
0.662
0.662
0.662
0.662
0.0270791
0.662
0.3733
0.431139
0.662
0.466662
0.662
0.349793
0.662
0.634259
0.204177
0.401293
0.411139
0.662
0.321792
0.38992
0.572137
0.662
0.217814
0.662
0.0644626
0.662
0.662
0.662
0.189608
0.514836
0.662
0.662
0.443267
0.401681
0.662
0.190445
0.074914
0.662
0.235267
0.579
0.662
0.662
0.662
0.0575505
0.172879
0.662
0.122722
0.662
0.662
0.662
0.22773
0.322639
0.477118
0.11769
0.662
0.662
0.662
0.293193
0.0717805
0.355091
0.662
0.662
0.662
0.662
0.347878
0.413965
0.662
0.402714
0.0102154
0.192592
0.26015
0.138423
0.662
0.469336
0.221249
0.662
0.662
0.662
0.662
0.353907
0.662
0.0872413
0.290672
0.662
0.662
0.086217
0.662
0.191245
0.662
0.369889
0.662
0.662
0.120827
0.662
0.662
0.662
0.662
0.662
0.0654861
0.44812
0.0198216
0.662
0.662
0.4933
0.00574969
0.662
0.662
0.528332
0.365527
0.662
0.286963
0.662
0.0420667
0.662
0.662
0.662
0.662
0.662
0.662
0.0965876
0.224368
0.100334
0.00360626
0.241707
0.256072
0.662
0.662
0.189485
0.662
0.662
0.662
0.466861
0.662
0.44228
0.317555
0.217949
0.296541
0.258643
0.432228
0.662
0.152705
0.662
0.662
0.662
0.662
0.662
0.380843
0.44776
0.662
0.662
0.157731
0.662
0.662
0.662
0.018032
0.662
0.662
0.200583
0.437098
0.662
0.662
0.662
0.662
0.108364
0.662
0.662
0.403022
0.662
0.662
0.662
0.662
0.662
0.662
0.662
0.662
0.0490548
0.662
0.662
0.662
0.662
0.662
0.191521
0.662
0.451851
0.20491
0.00735279
0.662
0.164404
0.472029
0.0798346
0.287708
0.305318
0.662
0.662
0.662
0.39402
0.662
0.662
0.252367
0.662
0.421441
0.101827
0.404215
0.662
0.472604
0.662
0.662
0.662
0.165421
0.662
0.662
0.662
0.444302
0.662
0.376233
0.298205
0.421791
0.662
0.459108
0.228663
0.0492688
0.281924
0.662
0.662
0.165806
0.212508
0.662
0.662
0.470959
0.0875644
0.662
0.380671
0.662
0.662
0.662
0.460856
0.662
0.662
0.662
0.662
0.662
0.337425
0.373434
0.208899
0.662
0.629706
0.662
0.662
0.36776
0.662
0.662
0.662
0.0895749
0.39964
0.662
0.662
0.356262
0.269303
0.411681
0.662
0.662
0.662
0.0382183
0.662
0.662
0.662
0.114189
0.662
0.662
0.290737
0.0527389
0.662
0.376358
0.0135631
0.399521
0.296121
0.662
0.419787
0.662
0.154096
0.393348
0.662
0.259296
0.369493
0.0867814
0.662
0.050314
0.139663
0.662
0.352397
0.662
0.662
0.0380263
0.662
0.662
0.0535369
0.436964
0.662
0.305787
0.662
0.20104
0.184694
0.324129
0.662
0.0224875
0.662
0.662
0.662
0.662
0.662
0.662
0.662
0.322031
0.226857
0.145522
0.662
0.662
0.662
0.370595
0.662
0.47825
0.289862
0.161623
0.662
0.359991
0.224756
0.423821
0.469071
0.144432
0.662
0.662
0.662
0.30929
0.179752
0.662
0.44902
0.214552
0.662
0.0770369
0.0316746
0.662
0.0405783
0.028478
0.293296
0.662
0.662
0.662
0.382385
0.351341
0.371964
0.230527
0.261676
0.357827
0.662
0.341994
0.662
0.117481
0.662
0.373931
0.359845
0.662
0.662
0.662
0.662
0.0937596
0.662
0.662
0.369172
0.18341
0.662
0.0716021
0.662
0.329482
0.662
0.643431
0.0310938
0.424734
0.662
0.662
0.460096
0.233366
0.662
0.662
0.662
0.290701
0.662
0.0190625
0.265665
0.145773
0.662
0.147729
0.662
0.420111
0.662
0.363025
0.662
0.662
0.00503371
0.662
0.425877
0.662
0.662
0.662
0.0777674
0.662
0.662
0.424535
0.160303
0.0575498
0.185206
0.662
0.662
0.662
0.433672
0.662
0.662
0.316739
0.442548
0.214694
0.662
0.31156
0.662
0.157979
0.318517
0.662
0.0323997
0.662
0.662
0.347722
0.261548
0.662
0.662
0.662
0.439103
0.173512
0.662
0.662
0.662
0.169437
0.662
0.213148
0.119083
0.662
0.662
0.161179
0.461983
0.662
0.662
0.662
0.662
0.662
0.435385
0.662
0.662
0.662
0.0890556
0.662
