0.153141
0.306179
0.0046045
0.662
0.156124
0.662
0.146753
0.271755
0.477118
0.662
0.0454535
0.450315
0.327657
0.662
0.278003
0.662
0.662
0.410697
0.662
0.662
0.189329
0.662
0.397267
0.662
0.662
0.299899
0.662
0.662
0.662
0.188385
0.662
0.418788
0.662
0.662
0.662
0.377105
0.662
0.193862
0.662
0.206779
0.267776
0.662
0.397723
0.0580271
0.662
0.662
0.405647
0.389122
0.148429
0.662
0.662
0.662
0.101185
0.662
0.662
0.473847
0.405423
0.299189
0.662
0.662
0.662
0.413374
0.662
0.662
0.355326
0.662
0.662
0.179648
0.662
0.234389
0.372201
0.650812
0.662
0.662
0.662
0.662
0.283014
0.662
0.662
0.547948
0.273498
0.662
0.662
0.242518
0.112634
0.273257
0.0797263
0.495422
0.662
0.662
0.662
0.0812356
0.662
0.141118
0.662
0.191311
0.662
0.662
0.438356
0.217235
0.662
0.662
0.662
0.662
0.145773
0.0014155
0.00182366
0.662
0.662
0.662
0.445522
0.662
0.113681
0.459292
0.662
0.662
0.148765
0.662
0.506594
0.349545
0.365941
0.662
0.35334
0.3365
0.148092
0.510598
0.662
0.469685
0.0616451
0.319481
0.323872
0.662
0.662
0.598602
0.662
0.1687
0.629763
0.662
0.302518
0.662
0.448317
0.662
0.099235
0.662
0.662
0.122555
0.0895749
0.0258196
0.662
0.662
0.252153
0.37832
0.662
0.662
0.662
0.450758
0.662
0.157931
0.255455
0.662
0.0299845
0.662
0.662
0.45698
0.662
0.116764
0.662
0.229439
0.409737
0.0218589
0.0744865
0.662
0.662
0.662
0.662
0.050314
0.0921815
0.662
0.662
0.662
0.56554
0.662
0.370792
0.662
0.450543
0.503755
0.335885
0.119131
0.662
0.662
0.662
0.102994
0.371794
0.421658
0.662
0.662
0.289467
0.662
0.662
0.350063
0.101529
0.149699
0.0943831
0.662
0.662
0.465105
0.662
0.662
0.417346
0.476253
0.0764083
0.355213
0.662
0.196484
0.238231
0.662
0.312255
0.662
0.142171
0.662
0.196804
0.42942
0.662
0.662
0.662
0.26754
0.662
0.20066
0.221066
0.114684
0.662
0.15518
0.662
0.662
0.662
0.662
0.662
0.662
0.313342
0.662
0.0355749
0.0755227
0.45044
0.228424
0.375863
0.662
0.662
0.662
0.244636
0.0937596
0.0516811
0.662
0.528751
0.279407
0.662
0.662
0.285717
0.312325
0.160303
0.662
0.662
0.662
0.662
0.351341
0.662
0.662
0.38866
0.455848
0.474152
0.118641
0.662
0.499121
0.439168
0.446162
0.662
0.202194
0.238652
0.662
0.293139
0.662
0.662
0.474902
0.174117
0.117481
0.390056
0.269729
0.417825
0.331275
0.662
0.268147
0.662
0.662
0.662
0.662
0.662
0.414872
0.187109
0.194291
0.662
0.662
0.662
0.662
0.247371
0.662
0.353062
0.340161
0.662
0.662
0.410577
0.662
0.662
0.662
0.662
0.662
0.514768
0.151809
0.662
0.446257
0.110168
0.662
0.662
0.29527
0.362042
0.662
0.205157
0.662
0.0766661
0.662
0.662
0.662
0.164002
0.118936
0.662
0.662
0.662
0.662
0.074914
0.662
0.662
0.662
0.662
0.198867
0.662
0.662
0.3649
0.662
0.662
0.662
0.662
0.418748
0.0986175
0.662
0.662
0.662
0.662
0.404436
0.662
0.662
0.219666
0.662
0.662
0.0419683
0.26482
0.662
0.662
0.662
0.30295
0.662
0.662
0.322936
0.662
0.0867814
0.285529
0.376295
0.662
0.662
0.662
0.107694
0.115187
0.662
0.662
0.662
0.662
0.160711
0.302803
0.662
0.225581
0.0224875
0.471603
0.231589
0.662
0.24867
0.662
0.662
0.408839
0.339266
0.662
0.662
0.662
0.662
0.319867
0.662
0.455662
0.662
0.173727
0.0337761
0.0447115
0.662
0.662
0.527938
0.662
0.662
0.472805
0.0916025
0.458028
0.662
0.281562
0.182631
0.191758
0.337425
0.561773
0.662
0.662
0.36442
0.0519842
0.613172
0.662
0.296762
0.662
0.662
0.662
0.662
0.341785
0.662
0.662
0.662
0.662
0.662
0.662
0.662
0.109244
0.662
0.312426
0.0149435
0.166882
0.452359
0.662
0.282593
0.0587295
0.662
0.662
0.451939
0.662
0.662
0.662
0.391911
0.18721
0.193912
0.662
0.238715
0.662
0.662
0.405414
0.294127
0.175123
0.0613818
0.222967
0.662
0.11611
0.662
0.161395
0.361896
0.0770369
0.319521
0.228261
0.662
0.662
0.662
0.35016
0.242767
0.662
0.662
0.662
0.662
0.118056
0.0402808
0.662
0.662
0.207387
0.413683
0.344322
0.662
0.354973
0.434203
0.458328
0.342495
0.145066
0.662
0.280021
0.327822
0.264718
0.662
0.0153049
0.662
0.662
0.662
0.662
0.0274207
0.662
0.437751
0.662
0.662
0.195125
0.662
0.662
0.150209
0.662
0.662
0.662
0.662
0.211636
0.662
0.409106
0.064163
0.662
0.662
0.662
0.459224
0.316794
0.662
0.188397
0.432259
0.662
0.475237
0.662
0.0852712
0.46556
0.633391
0.662
0.662
0.439067
0.108437
0.662
0.662
0.40358
0.223237
0.662
0.162576
0.662
0.140518
0.662
0.662
0.662
0.0919032
0.662
0.662
0.273047
0.662
0.234834
0.662
0.662
0.0210078
0.662
0.347012
0.214206
0.221021
0.466729
0.308192
0.336176
0.0178126
0.662
0.662
0.662
0.662
0.662
0.0798346
0.457344
0.424947
0.189205
0.230447
0.662
0.293549
0.285778
0.662
0.662
0.457356
0.236376
0.662
0.0272809
0.625731
0.372574
0.453646
0.662
0.210126
0.662
0.104766
0.381015
0.662
0.662
0.644376
0.662
0.180483
0.0469484
0.662
0.662
0.571478
0.662
0.662
0.662
0.662
0.662
0.257024
0.662
0.308479
0.662
0.391203
0.0307617
0.662
0.662
0.194878
0.487101
0.0533215
0.323019
0.662
0.0498081
0.662
0.662
0.662
0.662
0.662
0.662
0.662
0.662
0.0235101
0.129625
0.662
0.220184
0.662
0.14172
0.291264
0.662
0.0951054
0.662
0.42526
0.219825
0.0462301
0.135356
0.662
0.662
0.662
0.662
0.662
0.412378
0.271653
0.662
0.316311
0.662
0.647602
0.662
0.662
0.662
0.662
0.662
0.404215
0.662
0.540551
0.287966
0.662
0.0128971
0.200015
0.662
0.0168788
0.0321239
0.662
0.662
0.662
0.662
0.512327
0.131845
0.662
0.0574181
0.662
0.21324
0.421996
0.662
0.662
0.466092
0.662
0.125848
0.662
0.466842
0.662
0.662
0.662
0.0809063
0.219423
0.662
0.662
0.662
0.662
0.662
0.598548
0.412306
0.662
0.662
0.662
0.438238
0.662
0.372661
0.0638424
0.662
0.662
0.440716
0.388145
0.573153
0.464118
0.662
0.662
0.422651
0.662
0.662
0.662
0.662
0.625216
0.212631
0.355269
0.317209
0.26226
0.190497
0.391892
0.662
0.662
0.128259
0.020613
0.662
0.283632
0.21528
0.662
0.662
0.166471
0.0535369
0.224368
0.292153
0.662
0.662
0.662
0.662
0.662
0.38631
0.662
0.662
0.662
0.384387
0.307522
0.662
0.662
0.159989
0.194423
0.423821
0.662
0.662
0.662
0.662
0.662
0.630325
0.662
0.251567
0.296953
0.662
0.662
0.662
0.662
0.409511
0.437698
0.662
0.662
0.662
0.441307
0.662
0.662
0.662
0.662
0.473505
0.662
0.662
0.495898
0.662
0.662
0.662
0.1855
0.662
0.0396584
0.662
0.199147
0.516479
0.0272936
0.489987
0.0572621
0.662
0.12447
0.168264
0.662
0.662
0.662
0.662
0.425236
0.662
0.527953
0.662
0.662
0.662
0.662
0.01241
0.662
0.0422089
0.5137
0.213019
0.662
0.662
0.409399
0.27109
0.662
0.662
0.160592
0.0711856
0.662
0.662
0.662
0.0465491
0.146469
0.662
0.662
0.662
0.662
0.390719
0.0158795
0.662
0.317918
0.662
0.469952
0.662
0.376853
0.278551
0.662
0.376172
0.662
0.662
0.228542
0.662
0.662
0.662
0.186202
0.225792
0.343108
0.662
0.662
0.0617856
0.127493
0.248211
0.185293
0.662
0.662
0.662
0.0264997
0.662
0.662
0.28675
0.662
0.662
0.662
0.0353243
0.662
0.54288
0.662
0.662
0.662
0.662
0.662
0.662
0.413946
0.662
0.662
0.183446
0.385844
0.662
0.662
0.359292
0.662
0.370718
0.662
0.252982
0.000573587
0.662
0.138535
0.30273
0.181881
0.662
0.662
0.662
0.662
0.662
0.183173
0.662
0.662
0.662
0.322371
0.662
0.662
0.264433
0.421336
0.503455
0.662
0.424643
0.449464
0.277831
0.395601
0.36265
0.662
0.0822633
0.194711
0.251969
0.40288
0.662
0.471697
0.399521
0.211452
0.600412
0.609056
0.312353
0.662
0.400536
0.662
0.662
0.497569
0.49817
0.662
0.662
0.662
0.662
0.662
0.662
0.662
0.662
0.357827
0.662
0.122103
0.662
0.249206
0.662
0.662
0.662
0.662
0.662
0.318026
0.447073
0.662
0.662
0.662
0.0816348
0.396752
0.141103
0.662
0.662
0.662
0.231834
0.662
0.240407
0.662
0.662
0.662
0.662
0.0927543
0.10236
0.662
0.662
0.662
0.243297
0.413965
0.662
0.44129
0.662
0.662
0.177854
0.662
0.3035
0.662
0.662
0.413008
0.36588
0.255738
0.0594206
0.380843
0.0374102
0.662
0.662
0.662
0.334477
0.662
0.402984
0.662
0.234118
0.263244
0.205512
0.662
0.0815059
0.662
0.662
0.26258
0.662
0.0476798
0.662
0.399408
0.426705
0.662
0.455182
0.662
0.372566
0.429705
0.662
0.662
0.437146
0.662
0.662
0.120823
0.226138
0.471943
0.283574
0.637293
0.44228
0.0159302
0.662
0.662
0.662
0.333275
0.476602
0.0220661
0.662
0.662
0.662
0.430706
0.47797
0.662
0.662
0.662
0.296558
0.364418
0.516484
0.517644
0.554918
0.662
0.662
0.662
0.662
0.662
0.662
0.192592
0.102297
0.662
0.367044
0.213461
0.662
0.350076
0.179267
0.465794
0.662
0.146351
0.662
0.127596
0.662
0.203016
0.662
0.471288
0.202628
0.00312364
0.0152549
0.296398
0.216239
0.662
0.22105
