0.270621
0.662
0.662
0.662
0.313626
0.662
0.662
0.187362
0.662
0.662
0.662
0.254331
0.265861
0.662
0.326638
0.228314
0.278346
0.662
0.322838
0.662
0.662
0.313756
0.0078984
0.140128
0.299518
0.417476
0.206384
0.662
0.0778891
0.262093
0.662
0.563315
0.62931
0.0139942
0.662
0.175565
0.00207069
0.288049
0.662
0.662
0.418666
0.0532531
0.662
0.423693
0.662
0.475444
0.318831
0.662
0.662
0.373381
0.662
0.662
0.066558
0.662
0.662
0.337202
0.662
0.230312
0.055802
0.629706
0.354187
0.662
0.0666446
0.662
0.148196
0.206473
0.386285
0.662
0.394282
0.662
0.0240746
0.662
0.662
0.129585
0.275319
0.472113
0.236962
0.662
0.662
0.271243
0.662
0.662
0.662
0.216088
0.662
0.662
0.662
0.354823
0.261943
0.188648
0.662
0.662
0.0380879
0.662
0.0773464
0.0659187
0.584329
0.164157
0.411354
0.297577
0.662
0.662
0.544665
0.662
0.662
0.061305
0.367635
0.365714
0.294724
0.662
0.662
0.662
0.662
0.662
0.323238
0.662
0.32732
0.662
0.662
0.636806
0.662
0.224996
0.662
0.662
0.215471
0.403718
0.373064
0.662
0.662
0.0878105
0.260303
0.662
0.158913
0.474472
0.662
0.165749
0.662
0.662
0.662
0.662
0.662
0.662
0.662
0.662
0.503204
0.662
0.334192
0.00646667
0.405766
0.341186
0.331236
0.662
0.662
0.310466
0.463617
0.662
0.386363
0.662
0.662
0.0689795
0.282028
0.338004
0.208844
0.328915
0.521298
0.36242
0.217979
0.662
0.662
0.662
0.637337
0.662
0.207624
0.382226
0.662
0.662
0.0148276
0.662
0.662
0.662
0.662
0.662
0.0147822
0.142002
0.0548813
0.662
0.0432063
0.662
0.0441826
0.662
0.662
0.2431
0.521847
0.155995
0.662
0.381188
0.413329
0.443936
0.0456136
0.662
0.662
0.0414907
0.318313
0.662
0.618382
0.594986
0.662
0.662
0.662
0.219959
0.111513
0.662
0.143258
0.662
0.662
0.662
0.530923
0.3743
0.033837
0.662
0.662
0.373772
0.241107
0.662
0.662
0.662
0.625399
0.217008
0.174569
0.662
0.0461694
0.0453508
0.412918
0.270026
0.662
0.333377
0.662
0.662
0.351661
0.218844
0.662
0.119708
0.662
0.662
0.363081
0.42349
0.320528
0.662
0.122093
0.519454
0.662
0.23858
0.00965271
0.372841
0.229453
0.662
0.662
0.662
0.287521
0.338063
0.662
0.0770376
0.662
0.662
0.608655
0.141486
0.662
0.662
0.662
0.341154
0.662
0.393557
0.662
0.662
0.128388
0.662
0.246476
0.662
0.158355
0.305032
0.662
0.344872
0.662
0.662
0.662
0.0568179
0.332828
0.662
0.662
0.662
0.662
0.662
0.662
0.662
0.662
0.662
0.662
0.0504817
0.384764
0.662
0.435804
0.662
0.662
0.662
0.100604
0.662
0.662
0.425185
0.662
0.444629
0.662
0.662
0.21649
0.42746
0.662
0.662
0.662
0.380961
0.247657
0.662
0.662
0.662
0.443419
0.662
0.662
0.662
0.469523
0.662
0.0718485
0.662
0.662
0.584475
0.662
0.353618
0.662
0.200783
0.662
0.662
0.662
0.662
0.662
0.662
0.662
0.662
0.662
0.662
0.207098
0.303875
0.0305088
0.422258
0.662
0.662
0.124328
0.662
0.0728898
0.662
0.478774
0.662
0.40744
0.662
0.306285
0.662
0.0241104
0.00793993
0.3832
0.662
0.662
0.391503
0.468667
0.662
0.19544
0.402329
0.662
0.662
0.662
0.662
0.662
0.112374
0.662
0.662
0.356697
0.0890958
0.212758
0.414841
0.662
0.335356
0.662
0.662
0.662
0.436678
0.451399
0.662
0.662
0.0305028
0.662
0.662
0.662
0.230198
0.662
0.299179
0.662
0.0796126
0.662
0.662
0.486973
0.662
0.212084
0.662
0.662
0.376322
0.662
0.451529
0.662
0.662
0.416821
0.450988
0.111104
0.629706
0.122391
0.662
0.0760596
0.662
0.662
0.086067
0.502848
0.0295857
0.302301
0.406978
0.0532658
0.442444
0.662
0.662
0.224949
0.662
0.167238
0.662
0.450496
0.662
0.379102
0.662
0.246406
0.662
0.389979
0.0381393
0.662
0.000486744
0.434793
0.662
0.662
0.230685
0.317464
0.662
0.662
0.0142943
0.662
0.0904297
0.459792
0.228812
0.662
0.662
0.662
0.662
0.00468456
0.27411
0.470244
0.233636
0.412463
0.413878
0.438313
0.401807
0.190202
0.590606
0.400717
0.662
0.202049
0.662
0.150508
0.0676105
0.662
0.662
0.164899
0.356964
0.662
0.252321
0.29548
0.239661
0.662
0.241122
0.662
0.662
0.662
0.422847
0.0638378
0.662
0.0943584
0.164437
0.662
0.474998
0.408506
0.124187
0.261928
0.280682
0.662
0.662
0.2289
0.662
0.0321869
0.662
0.662
0.662
0.63339
0.662
0.23443
0.33859
0.662
0.662
0.120388
0.167144
0.662
0.662
0.147377
0.662
0.662
0.308514
0.662
0.662
0.662
0.388185
0.662
0.34134
0.662
0.662
0.662
0.363591
0.662
0.662
0.235487
0.662
0.419652
0.384939
0.662
0.385375
0.305139
0.218965
0.662
0.453676
0.188654
0.662
0.662
0.421661
0.662
0.662
0.63339
0.0281663
0.430403
0.662
0.107696
0.662
0.662
0.35286
0.337915
0.662
0.662
0.559361
0.331106
0.662
0.662
0.662
0.662
0.662
0.662
0.235754
0.662
0.114792
0.662
0.662
0.166824
0.124452
0.662
0.662
0.662
0.662
0.662
0.662
0.662
0.0971995
0.468875
0.207368
0.239938
0.135901
0.453445
0.0154897
0.259818
0.333005
0.00499883
0.317419
0.662
0.44565
0.662
0.115405
0.662
0.0427433
0.662
0.662
0.22135
0.27961
0.276553
0.662
0.0566153
0.662
0.662
0.590562
0.197349
0.43107
0.448816
0.662
0.316763
0.662
0.662
0.0192886
0.0165584
0.662
0.307967
0.662
0.662
0.662
0.662
0.304531
0.117437
0.320162
0.662
0.662
0.477325
0.629251
0.662
0.662
0.418711
0.662
0.662
0.662
0.0490598
0.662
0.662
0.662
0.0828052
0.662
0.662
0.198973
0.315933
0.0156995
0.305159
0.662
0.31809
0.223711
0.662
0.469512
0.662
0.662
0.423478
0.662
0.662
