0.272461
0.662
0.0193798
0.662
0.246945
0.662
0.662
0.662
0.096763
0.662
0.358795
0.662
0.662
0.662
0.140001
0.662
0.662
0.028731
0.420713
0.191644
0.604384
0.662
0.662
0.662
0.662
0.662
0.43766
0.662
0.662
0.662
0.36369
0.475849
0.662
0.392261
0.330496
0.43237
0.662
0.0894976
0.331364
0.662
0.662
0.031555
0.398401
0.662
0.0426058
0.662
0.662
0.662
0.132582
0.336185
0.23425
0.662
0.0511118
0.363241
0.552439
0.398673
0.348665
0.662
0.662
0.662
0.662
0.288572
0.44222
0.278925
0.32608
0.662
0.477267
0.364853
0.267607
0.453047
0.662
0.662
0.392972
0.364865
0.662
0.448338
0.133389
0.203304
0.662
0.471329
0.379607
0.297708
0.662
0.452103
0.662
0.442894
0.398023
0.286195
0.644976
0.470707
0.662
0.662
0.102916
0.24504
0.662
0.662
0.662
0.437713
0.662
0.662
0.662
0.662
0.662
0.662
0.43436
0.662
0.0326565
0.662
0.265212
0.662
0.662
0.662
0.662
0.063949
0.662
0.662
0.662
0.397832
0.662
0.343211
0.662
0.662
0.662
0.662
0.0947397
0.181783
0.111849
0.0618561
0.662
0.250868
0.11392
0.202688
0.662
0.662
0.662
0.662
0.650939
0.662
0.662
0.662
0.419477
0.165008
0.662
0.245959
0.662
0.211351
0.662
0.662
0.662
0.0653323
0.3197
0.662
0.123138
0.662
0.662
0.363628
0.177689
0.643508
0.0663124
0.662
0.352123
0.243178
0.283715
0.415462
0.257646
0.662
0.662
0.662
0.662
0.662
0.662
0.662
0.334262
0.662
0.662
0.662
0.120363
0.662
0.445039
0.662
0.662
0.121179
0.192853
0.378222
0.662
0.229684
0.662
0.00242184
0.118832
0.457415
0.662
0.164566
0.662
0.154172
0.662
0.662
0.662
0.662
0.121983
0.662
0.662
0.662
0.333819
0.291795
0.662
0.0874005
0.216401
0.0731386
0.0301542
0.110155
0.662
0.618834
0.3596
0.662
0.006399
0.45396
0.662
0.120526
0.0582256
0.214373
0.662
0.12865
0.359501
0.662
0.662
0.0334613
0.662
0.135939
0.368242
0.662
0.662
0.466451
0.241621
0.662
0.247554
0.662
0.662
0.181875
0.246564
0.329212
0.662
0.662
0.662
0.167806
0.662
0.662
0.297634
0.662
0.662
0.207764
0.662
0.130391
0.662
0.662
0.662
0.662
0.662
0.662
0.662
0.662
0.662
0.31327
0.0708471
0.226674
0.346076
0.662
0.307646
0.351968
0.115353
0.662
0.662
0.662
0.103442
0.0614159
0.662
0.662
0.662
0.440493
0.47317
0.539623
0.129111
0.662
0.662
0.662
0.662
0.459099
0.662
0.0813253
0.122339
0.662
0.0486569
0.262936
0.662
0.662
0.214196
0.662
0.105423
0.662
0.255555
0.198862
0.662
0.0620513
0.662
0.662
0.662
0.662
0.662
0.104002
0.662
0.379552
0.662
0.662
0.662
0.662
0.662
0.194321
0.484591
0.662
0.662
0.48812
0.662
0.245119
0.582183
0.479375
0.662
0.371205
0.119673
0.309004
0.662
0.662
0.26897
0.662
0.438231
0.662
0.136592
0.173794
0.0175765
0.662
0.170845
0.638226
0.662
0.662
0.419323
0.662
0.662
0.44296
0.25115
0.499786
0.662
0.662
0.126123
0.161479
0.349803
0.4729
0.287396
0.662
0.662
0.662
0.662
0.662
0.446823
0.662
0.0359999
0.0146741
0.169711
0.0387039
0.15046
0.662
0.662
0.421778
0.662
0.662
0.662
0.423306
0.198681
0.440256
0.662
0.418682
0.662
0.662
0.662
0.242309
0.123851
0.61267
0.160782
0.507986
0.662
0.662
0.435006
0.662
0.350028
0.322077
0.211607
0.662
0.662
0.662
0.10865
0.115558
0.297749
0.306327
0.382135
0.662
0.662
0.174973
0.662
0.268707
0.593928
0.662
0.293211
0.21104
0.477161
0.134416
0.662
0.662
0.269008
0.662
0.358287
0.662
0.244106
0.22031
0.0259918
0.319903
0.662
0.662
0.662
0.144826
0.129563
0.662
0.400195
0.0910529
0.301734
0.0135837
0.511049
0.476686
0.26101
0.138261
0.662
0.662
0.662
0.194291
0.018354
0.662
0.196084
0.414174
0.237542
0.662
0.662
0.0699458
0.662
0.382318
0.253416
0.206541
0.662
0.200172
0.662
0.482584
0.378653
0.662
0.662
0.662
0.662
0.662
0.662
0.466496
0.662
0.662
0.662
0.662
0.662
0.458166
0.662
0.662
0.610621
0.662
0.662
0.662
0.662
0.0346945
0.259991
0.662
0.662
0.662
0.174816
0.294598
0.0639535
0.313532
0.662
0.662
0.319389
0.426085
0.0431558
0.662
0.662
0.662
0.662
0.433734
0.549121
0.662
0.453641
0.2928
0.662
0.221503
0.494185
0.662
0.662
0.662
0.00826124
0.662
0.662
0.662
0.662
0.662
0.662
0.662
0.0612406
0.143624
0.385263
0.119745
0.0888536
0.202962
0.0247038
0.662
0.662
0.662
0.0605798
0.469331
0.182634
0.662
0.45446
0.662
0.419537
0.662
0.662
0.662
0.662
0.433799
0.380686
0.300149
0.662
0.0706858
0.267571
0.198406
0.318126
0.662
0.662
0.420509
0.662
0.273253
0.662
0.662
0.662
0.212227
0.0344213
0.662
0.662
0.662
0.662
0.116949
0.134481
0.110852
0.420154
0.562158
0.00190177
0.662
0.0737853
0.662
0.662
0.033136
0.235534
0.001499
0.662
0.111873
0.23567
0.662
0.662
0.4539
0.204232
0.270904
0.0456841
0.662
0.662
0.662
0.662
0.349768
0.255497
0.662
0.662
0.372605
0.412206
0.662
0.0945138
0.0501618
0.662
0.662
0.662
0.662
0.662
0.444296
0.314824
0.0663394
0.662
0.0831168
0.662
0.252735
0.662
0.662
0.215508
0.352555
0.164485
0.350381
0.662
0.662
0.421421
0.15623
0.476036
0.662
0.145076
0.158541
0.22521
0.406722
0.400955
0.662
0.662
0.662
0.408391
0.662
0.126084
0.197488
0.662
0.662
0.0202643
0.662
0.662
0.662
0.662
0.196313
0.662
0.279109
0.662
0.662
0.662
0.662
0.148661
0.662
0.358735
0.662
0.662
0.662
0.119724
0.420726
0.514798
0.168505
0.0706313
0.662
0.436482
0.662
0.635037
0.0593175
0.662
0.662
0.369687
0.203988
0.282972
0.662
0.662
0.662
0.662
0.475039
0.565876
0.662
0.662
0.131161
0.289824
0.662
0.0273909
0.662
0.330859
0.662
0.662
0.662
0.027425
0.201971
0.285611
0.662
0.662
0.509876
0.662
0.662
0.270085
0.212647
0.372312
0.474503
0.662
0.322016
0.0159258
0.169625
0.662
0.51042
0.262116
0.159913
0.324858
0.205003
0.165308
0.529085
0.0878231
0.114443
0.662
0.662
0.662
0.662
0.0213673
0.662
0.192808
0.124496
0.463225
0.662
0.220493
0.662
0.223649
0.120294
0.662
0.588962
0.662
0.662
0.662
0.629706
0.662
0.342671
0.662
0.406122
0.443562
0.349814
0.662
0.662
0.662
0.662
0.454103
0.662
0.662
0.662
0.662
0.662
0.662
0.19493
0.42257
0.662
0.284851
0.662
0.442783
0.418227
0.308006
0.662
0.422336
0.662
0.662
0.287441
0.0576961
0.662
0.662
0.662
0.662
0.37546
0.334608
0.208264
0.662
0.662
0.186699
0.175252
0.147374
0.662
0.662
0.662
0.662
0.662
0.613113
0.480425
0.289922
0.46287
0.16917
0.662
0.662
0.662
0.211021
0.324396
0.281295
0.662
0.662
0.263552
0.662
0.662
0.662
0.298777
0.462529
0.0758664
0.662
0.4246
0.662
0.662
0.387978
0.367175
0.0122158
0.662
0.198721
0.20342
0.116433
0.282268
0.151001
0.662
0.662
0.287855
0.635455
0.662
0.662
0.423033
0.662
0.481625
0.662
0.470472
0.222339
0.662
0.662
0.662
0.662
0.662
0.618352
0.261865
0.662
0.662
0.183859
0.272122
0.3658
0.037144
0.662
0.13508
0.273412
0.662
0.662
0.465359
0.662
0.226884
0.662
0.662
0.254458
0.662
0.662
0.181878
0.401597
0.4147
0.153151
0.662
0.662
0.378705
0.0435607
0.558524
0.662
0.47645
0.662
0.662
0.662
0.206002
0.177
0.208382
0.662
0.662
0.662
0.323733
0.662
0.412934
0.266955
0.173791
0.662
0.662
0.662
0.0953707
0.662
0.662
0.337973
0.662
0.662
0.428216
0.662
0.231668
0.161713
0.662
0.314068
0.294402
0.172768
0.0118069
0.112325
0.206188
0.662
0.396926
0.258937
0.662
0.662
0.394195
0.662
0.0136939
0.522543
0.662
0.405371
0.518673
0.382008
0.0672162
0.216225
0.432596
0.662
0.092044
0.662
0.662
0.662
0.662
0.273033
0.662
0.662
0.447559
0.150622
0.662
0.340266
0.662
0.538209
0.433516
0.219575
0.0811115
0.662
0.662
0.662
0.662
0.246811
0.662
0.18211
0.662
0.662
0.051657
0.368622
0.662
0.662
0.507285
0.662
0.662
0.120541
0.662
0.662
0.195054
0.662
0.662
0.662
0.269743
0.662
0.662
0.662
0.297799
0.336573
0.662
0.23452
0.232046
0.466673
0.310766
0.174598
0.444535
0.286914
0.508334
0.532389
0.0282884
0.662
0.116685
0.662
0.662
0.662
0.662
0.662
0.480184
0.662
0.377489
0.662
0.144403
0.325285
0.662
0.395863
0.662
0.662
0.0111554
0.662
0.662
0.0256322
0.662
0.662
0.662
0.323308
0.474406
0.662
0.463158
0.31392
0.44657
0.312786
0.0564751
0.0835212
0.168351
0.662
0.17644
0.291005
0.312843
0.353526
0.662
0.662
0.662
0.662
0.0817906
0.207997
0.662
0.662
0.662
0.662
0.662
0.662
0.662
0.662
0.312121
0.0837646
0.662
0.258187
0.662
