0.662
0.662
0.662
0.662
0.662
0.662
0.662
0.436678
0.291175
0.561356
0.662
0.662
0.333377
0.662
0.662
0.662
0.146426
0.662
0.662
0.662
0.662
0.662
0.00249931
0.662
0.197549
0.662
0.0718485
0.662
0.662
0.662
0.159686
0.662
0.662
0.662
0.558344
0.662
0.41403
0.662
0.120587
0.218334
0.0444913
0.662
0.662
0.230685
0.446166
0.0588257
0.662
0.662
0.120388
0.00437573
0.484476
0.662
0.397113
0.662
0.662
0.662
0.246406
0.662
0.315933
0.294153
0.164157
0.662
0.662
0.124328
0.662
0.662
0.066499
0.662
0.379102
0.0145074
0.662
0.662
0.457921
0.662
0.662
0.662
0.33968
0.662
0.417476
0.413329
0.662
0.662
0.662
0.662
0.662
0.662
0.100507
0.396253
0.24804
0.662
0.41472
0.662
0.662
0.662
0.662
0.271243
0.662
0.662
0.129219
0.662
0.173283
0.0280184
0.662
0.260245
0.033837
0.662
0.217469
0.206473
0.42802
0.662
0.662
0.459706
0.662
0.662
0.155977
0.662
0.662
0.351609
0.662
0.229453
0.662
0.63339
0.662
0.548907
0.662
0.662
0.19703
0.662
0.566256
0.662
0.450988
0.662
0.202522
0.38214
0.136149
0.662
0.662
0.662
0.219959
0.662
0.662
0.309776
0.483381
0.662
0.662
0.662
0.321305
0.341963
0.0305028
0.0646045
0.0142943
0.662
0.662
0.404734
0.159911
0.373381
0.227845
0.662
0.196124
0.454226
0.288371
0.1592
0.662
0.662
0.0666015
0.443831
0.662
0.662
0.662
0.662
0.662
0.662
0.338321
0.261081
0.662
0.662
0.662
0.662
0.477325
0.0401327
0.460088
0.228314
0.0363457
0.662
0.662
0.662
0.287521
0.662
0.356697
0.662
0.662
0.662
0.662
0.662
0.662
0.662
0.662
0.538745
0.662
0.662
0.419474
0.103961
0.368658
0.662
0.662
0.0755698
0.096282
0.0944932
0.199571
0.662
0.0497304
0.0321869
0.662
0.45201
0.167054
0.662
0.353524
0.662
0.465244
0.463969
0.662
0.0851475
0.662
0.40997
0.662
0.662
0.662
0.348224
0.30986
0.106416
0.0773464
0.662
0.198973
0.3431
0.662
0.662
0.650544
0.662
0.662
0.662
0.303884
0.128388
0.662
0.318333
0.662
0.047853
0.432594
0.333965
0.662
0.446302
0.662
0.662
0.662
0.431607
0.662
0.662
0.00782513
0.662
0.662
0.423076
0.662
0.0505911
0.218865
0.224148
0.662
0.662
0.662
0.417709
0.0575937
0.474472
0.384764
0.662
0.662
0.262716
0.662
0.234443
0.418711
0.391503
0.662
0.662
0.662
0.662
0.456452
0.389979
0.662
0.662
0.0789865
0.44565
0.0699225
0.662
0.662
0.263044
0.662
0.662
0.158913
0.662
0.160242
0.662
0.662
0.299163
0.200783
0.662
0.662
0.0532658
0.0281663
0.662
0.662
0.662
0.662
0.662
0.478324
0.662
0.180115
0.662
0.662
0.662
0.228358
0.224076
0.662
0.662
0.662
0.662
0.328656
0.662
0.170233
0.662
0.156061
0.662
0.0251349
0.0714797
0.385375
0.448816
0.662
0.178236
0.662
0.662
0.662
0.662
0.662
0.662
0.468339
0.662
0.662
0.662
0.662
0.662
0.468667
0.0129935
0.662
0.207368
0.553899
0.469523
0.662
0.139624
0.662
0.662
0.0024273
0.662
0.599853
0.662
0.453819
0.662
0.662
0.351386
0.250758
0.662
0.25704
0.208891
0.662
0.662
0.662
0.40744
0.125303
0.425229
0.376334
0.163952
0.111513
0.662
0.129585
0.662
0.396475
0.0230806
0.417146
0.122093
0.662
0.662
0.63339
0.0796126
0.662
0.662
0.662
0.0115467
0.662
0.395292
0.662
0.662
0.662
0.452245
0.389218
0.297169
0.000444489
0.662
0.43266
0.662
0.662
0.430403
0.186096
0.662
0.398458
0.444629
0.537815
0.662
0.146983
0.662
0.662
0.0493848
0.662
0.38192
0.112374
0.443936
0.282214
0.662
0.662
0.560649
0.451606
0.662
0.662
0.354037
0.123372
0.362163
0.313626
0.662
0.241357
0.351661
0.235611
0.662
0.662
0.662
0.0783455
0.0828052
0.226822
0.47883
0.662
0.274133
0.662
0.307047
0.662
0.662
0.662
0.247369
0.148196
0.0490598
0.612547
0.662
0.662
0.662
0.320228
0.662
0.0620915
0.0925322
0.662
0.662
0.0172058
0.190188
0.662
0.164106
0.662
0.27135
0.662
0.662
0.228213
0.172295
0.662
0.135901
0.111104
0.662
0.369162
0.186204
0.419685
0.47706
0.662
0.662
0.662
0.662
0.614648
0.252878
0.662
0.473515
0.0760596
0.662
0.662
0.0359934
0.662
0.662
0.662
0.326104
0.302614
0.662
0.662
0.363081
0.255773
0.373772
0.175962
0.425792
0.662
0.19368
0.333413
0.347313
0.413867
0.662
0.662
0.662
0.0461694
0.662
0.662
0.498785
0.133845
0.254497
0.420207
0.662
0.0756589
0.00150173
0.21324
0.374491
0.27042
0.208844
0.662
0.662
0.396565
0.181706
0.00627994
0.443054
0.662
0.48938
0.0228081
0.203107
0.0344246
0.662
0.662
0.0361113
0.197349
0.197121
0.205508
0.63339
0.0669166
0.246474
0.0341146
0.662
0.419325
0.23751
0.38569
0.662
0.662
0.662
0.214265
0.662
0.662
0.362618
0.192677
0.662
0.270621
0.662
0.662
0.662
0.254334
0.0994085
0.662
0.412463
0.471178
0.422389
0.662
0.419143
0.662
0.662
0.662
0.662
0.107696
0.239139
0.662
0.315008
0.017957
0.662
0.662
0.35812
0.305032
0.662
0.257698
0.20946
0.662
0.059127
0.662
0.662
0.662
0.662
0.662
0.662
0.167373
0.662
0.311767
0.126076
0.662
0.662
0.48031
0.662
0.330189
0.662
0.662
0.0772263
0.662
0.240555
0.159846
0.662
0.662
0.662
0.662
0.662
0.662
0.0888298
0.490528
0.36242
0.194712
0.139847
0.519779
