0.225224
0.329682
0.305851
0.662
0.341918
0.662
0.186158
0.524559
0.181229
0.662
0.107947
0.662
0.0650828
0.0779391
0.662
0.32324
0.662
0.662
0.662
0.366905
0.461774
0.336267
0.662
0.0341999
0.662
0.662
0.662
0.444296
0.662
0.283391
0.662
0.662
0.662
0.0645407
0.34924
0.662
0.158756
0.662
0.662
0.0773522
0.662
0.662
0.287863
0.662
0.662
0.218056
0.202806
0.662
0.662
0.129608
0.332358
0.662
0.364821
0.391618
0.662
0.310377
0.491396
0.662
0.662
0.289537
0.662
0.152992
0.496339
0.662
0.662
0.662
0.662
0.104459
0.662
0.14932
0.127733
0.662
0.662
0.662
0.324793
0.13345
0.662
0.662
0.662
0.399588
0.662
0.363163
0.10375
0.277906
0.418295
0.526757
0.662
0.662
0.304885
0.128824
0.662
0.18302
0.257013
0.509793
0.662
0.0523916
0.257809
0.662
0.24417
0.662
0.662
0.461816
0.242338
0.662
0.227734
0.662
0.662
0.662
0.662
0.176981
0.662
0.662
0.231105
0.662
0.394306
0.137183
0.662
0.662
0.662
0.11113
0.662
0.662
0.662
0.285899
0.350139
0.21751
0.206313
0.201528
0.662
0.39163
0.361574
0.166688
0.662
0.662
0.662
0.445985
0.182743
0.411924
0.210869
0.303312
0.314003
0.396693
0.474233
0.662
0.662
0.299283
0.516511
0.662
0.433863
0.198571
0.534079
0.662
0.396654
0.393443
0.662
0.662
0.662
0.662
0.422071
0.662
0.662
0.662
0.203016
0.0892257
0.662
0.243397
0.38618
0.304441
0.662
0.662
0.0766841
0.662
0.662
0.0876025
0.662
0.554198
0.0151315
0.662
0.662
0.662
0.197617
0.361452
0.662
0.662
0.00064432
0.393046
0.0254723
0.385578
0.334201
0.662
0.662
0.400064
0.334052
0.662
0.659601
0.662
0.323811
0.474177
0.379145
0.204209
0.156483
0.662
0.662
0.662
0.101733
0.662
0.662
0.662
0.662
0.0363171
0.175434
0.662
0.291888
0.662
0.662
0.179801
0.662
0.416802
0.662
0.662
0.662
0.472368
0.213311
0.278733
0.358072
0.176494
0.662
0.426081
0.483642
0.410873
0.410422
0.662
0.206212
0.422208
0.662
0.662
0.662
0.163823
0.264557
0.662
0.486797
0.662
0.662
0.348254
0.292564
0.662
0.464154
0.662
0.551515
0.662
0.662
0.421328
0.151971
0.115783
0.264622
0.470436
0.201492
0.175904
0.662
0.472128
0.662
0.662
0.662
0.475365
0.662
0.662
0.662
0.662
0.376516
0.662
0.357056
0.662
0.662
0.662
0.662
0.151695
0.0498445
0.440552
0.182447
0.209091
0.662
0.662
0.11273
0.662
0.662
0.186347
0.662
0.659505
0.662
0.662
0.45423
0.104441
0.662
0.458521
0.662
0.461776
0.662
0.662
0.651414
0.191276
0.420229
0.523084
0.353064
0.191725
0.662
0.592414
0.662
0.662
0.561068
0.371296
0.33535
0.122562
0.662
0.0964161
0.662
0.662
0.662
0.662
0.627542
0.662
0.37815
0.662
0.662
0.0820026
0.662
0.0194542
0.0255593
0.662
0.662
0.177671
0.662
0.246236
0.383314
0.662
0.662
0.662
0.662
0.227505
0.662
0.662
0.662
0.236422
0.662
0.447686
0.662
0.0316938
0.332666
0.662
0.472682
0.662
0.0263742
0.662
0.321997
0.662
0.195577
0.662
0.444732
0.662
0.662
0.425461
0.662
0.662
0.443194
0.662
0.662
0.662
0.230131
0.151664
0.36663
0.662
0.662
0.662
0.662
0.662
0.376955
0.280981
0.662
0.662
0.0595426
0.0909762
0.662
0.662
0.298439
0.662
0.662
0.30038
0.410563
0.662
0.122752
0.181931
0.177478
0.662
0.662
0.201165
0.240022
0.662
0.662
0.3686
0.02905
0.662
0.109894
0.295452
0.662
0.2501
0.662
0.409887
0.186209
0.199707
0.662
0.299241
0.386017
0.662
0.409854
0.662
0.324279
0.662
0.662
0.0445173
0.662
0.474179
0.0569301
0.295936
0.662
0.662
0.662
0.246383
0.662
0.662
0.662
0.203138
0.149989
0.662
0.662
0.31148
0.243946
0.662
0.0794825
0.662
0.458857
0.662
0.662
0.168516
0.662
0.662
0.662
0.233987
0.216848
0.173077
0.566179
0.662
0.662
0.662
0.108037
0.662
0.125105
0.137546
0.662
0.662
0.426137
0.662
0.0784145
0.662
0.0101137
0.439376
0.662
0.662
0.662
0.662
0.662
0.201913
0.662
0.662
0.662
0.280428
0.662
0.662
0.462706
0.109783
0.0456602
0.625199
0.662
0.662
0.216586
0.189661
0.0431586
0.191115
0.662
0.662
0.191676
0.0852312
0.429706
0.662
0.662
0.662
0.662
0.662
0.0257733
0.14979
0.0171321
0.282499
0.282642
0.337837
0.662
0.00373591
0.662
0.18724
0.404287
0.582876
0.106927
0.662
0.662
0.154776
0.459977
0.400401
0.662
0.310404
0.422221
0.332864
0.662
0.662
0.315454
0.319352
0.662
0.662
0.662
0.0980794
0.409749
0.0218546
0.425317
0.662
0.219647
0.0865901
0.214396
0.662
0.0809616
0.662
0.662
0.662
0.662
0.325501
0.662
0.089088
0.662
0.662
0.662
0.0193592
0.662
0.399366
0.662
0.662
0.662
0.662
0.662
0.662
0.662
0.662
0.116425
0.556627
0.0303669
0.662
0.662
0.490633
0.219722
0.662
0.662
0.00817652
0.662
0.662
0.662
0.464268
0.662
0.662
0.131182
0.477424
0.00700867
0.662
0.0638377
0.33393
0.662
0.10375
0.244059
0.662
0.662
0.662
0.16035
0.662
0.190881
0.662
0.175038
0.619255
0.662
0.662
0.193573
0.662
0.0597322
0.662
0.409361
0.662
0.337576
0.662
0.662
0.273284
0.662
0.316787
0.662
0.662
0.662
0.145481
0.427019
0.662
0.662
0.662
0.662
0.662
0.662
0.273471
0.472317
0.252492
0.662
0.662
0.662
0.662
0.662
0.461593
0.226375
0.662
0.338874
0.268785
0.662
0.662
0.290205
0.39884
0.662
0.662
0.662
0.662
0.240873
0.662
0.662
0.461972
0.462625
0.662
0.662
0.233144
0.662
0.302833
0.0726272
0.662
0.45272
0.662
0.662
0.662
0.263472
0.440597
0.662
0.662
0.0603029
0.662
0.662
0.662
0.662
0.422919
0.662
0.662
0.603114
0.662
0.482653
0.662
0.252494
0.662
0.662
0.662
0.565481
0.662
0.662
0.662
0.24205
0.662
0.203639
0.662
0.253093
0.662
0.182402
0.296337
0.212489
0.662
0.662
0.224842
0.662
0.662
0.662
0.282336
0.662
0.662
0.662
0.120468
0.445367
0.662
0.0253904
0.379659
0.48941
0.342173
0.662
0.662
0.662
0.631889
0.190241
0.437539
0.0775383
0.589245
0.138025
0.662
0.662
0.60855
0.662
0.120741
0.662
0.662
0.193623
0.662
0.333237
0.662
0.365114
0.562553
0.461524
0.0480038
0.0998865
0.662
0.422365
0.138808
0.13029
0.452427
0.214404
0.396918
0.0382756
0.0229813
0.075301
0.662
0.662
0.662
0.488802
0.662
0.278128
0.662
0.229374
0.662
0.662
0.662
0.662
0.312154
0.662
0.662
0.662
0.662
0.662
0.662
0.227025
0.396404
0.662
0.662
0.662
0.662
0.0931761
0.662
0.662
0.662
0.151678
0.662
0.662
0.357935
0.662
0.206584
0.227554
0.409608
0.662
0.662
0.408292
0.266833
0.223473
0.662
0.133592
0.662
0.662
0.0104346
0.662
0.0842237
0.662
0.516666
0.426056
0.662
0.425737
0.395953
0.242333
0.0353481
0.259071
0.350306
0.445085
0.0763634
0.194307
0.662
0.32749
0.178013
0.662
0.0396742
0.275826
0.418548
0.662
0.417408
0.662
0.320461
0.662
0.662
0.30402
0.662
0.662
0.662
0.459405
0.662
0.662
0.00815127
0.203723
0.204135
0.662
0.662
0.662
0.148472
0.240104
0.662
0.387469
0.452922
0.662
0.514917
0.662
0.0837773
0.662
0.662
0.220887
0.662
0.662
0.662
0.662
0.0718909
0.389184
0.662
0.0113624
0.662
0.662
0.404604
0.662
0.662
0.108336
0.0279329
0.0063163
0.262504
0.548948
0.662
0.662
0.662
0.426899
0.104302
0.662
0.439646
0.302281
0.662
0.662
0.662
0.662
0.47322
0.662
0.348295
0.0951075
0.662
0.588144
0.662
0.488432
0.662
0.198234
0.662
0.662
0.662
0.662
0.415627
0.662
0.662
0.127488
0.662
0.0896772
0.450909
0.398317
0.357654
0.662
0.41866
0.662
0.0674836
0.662
0.662
0.662
0.662
0.662
0.662
0.662
0.662
0.0606362
0.662
0.662
0.662
0.662
0.490936
0.22022
0.108934
0.662
0.445085
0.0230711
0.347215
0.662
0.662
0.357992
0.329653
0.40364
0.0416637
0.270496
0.662
0.662
0.0698264
0.536883
0.405547
0.662
0.662
0.662
0.662
0.139391
0.405233
0.662
0.284318
0.594147
0.662
0.387212
0.324626
0.662
0.216407
0.250451
0.662
0.0565211
0.662
0.490699
0.0269497
0.269175
0.662
0.662
0.570904
0.662
0.662
0.0137944
0.662
0.662
0.662
0.662
0.662
0.662
0.259424
0.171681
0.13516
0.489463
0.0307705
0.0209727
0.662
0.13793
0.426504
0.0454543
0.662
0.662
0.355244
0.185988
0.662
0.230276
0.369856
0.106993
0.198293
0.662
0.296081
0.440437
0.233956
0.234653
0.662
0.662
0.662
0.094351
0.662
0.662
0.662
0.662
0.662
0.662
0.352316
0.662
0.538284
0.232899
0.662
0.467663
0.456255
0.389809
0.116039
0.24982
0.662
0.358443
0.156292
0.662
0.662
0.662
0.662
0.211461
0.155014
0.662
0.367416
0.206967
0.0460083
0.456479
0.17544
0.662
0.0523323
0.662
0.294907
0.662
0.279938
0.411653
0.46731
0.101539
0.388276
0.035836
0.662
0.662
0.0503698
0.662
0.572138
0.145245
0.662
0.170086
0.35799
0.662
0.36453
0.191817
0.662
0.00283588
0.662
0.130744
0.662
0.662
0.0925743
0.662
0.662
0.662
0.662
0.0955252
0.662
0.343147
0.662
0.662
0.409553
0.662
0.46377
0.662
0.213712
0.662
0.662
0.662
0.662
0.0500054
0.662
0.0255594
0.299131
0.662
0.662
0.662
0.662
0.662
0.432461
0.12944
0.662
0.43898
0.662
0.662
0.662
0.662
0.662
0.0570182
0.342055
0.121138
0.417812
0.0376474
0.662
0.662
0.662
0.662
0.0954304
0.662
0.302783
0.472484
0.662
0.0957557
0.123523
0.662
0.662
0.5234
0.0811301
0.662
0.430908
0.200783
0.38931
0.662
0.662
0.417462
0.43946
0.662
0.149807
0.0434927
0.18621
0.662
0.466549
0.662
0.662
0.662
0.461981
0.536902
0.662
0.662
0.662
0.662
0.662
0.662
0.125087
0.662
0.553514
0.495971
0.341653
0.662
0.662
0.662
0.662
0.187186
0.662
0.388143
0.521775
0.22796
0.252081
0.20296
0.662
0.504736
0.662
0.383702
0.662
0.193562
0.0314357
0.662
0.198008
0.662
0.247129
0.662
0.222248
0.662
0.201501
0.662
0.662
0.662
0.662
0.0066394
0.355405
0.228621
0.253128
0.662
0.224442
0.662
0.443109
0.168068
0.662
0.278832
0.662
0.662
0.280898
0.662
0.122305
0.432595
0.662
0.662
0.341411
0.662
0.662
0.6085
0.373888
0.249164
0.0113294
0.662
0.151747
0.0929829
0.662
0.662
0.662
0.662
0.232066
0.343573
0.662
0.662
0.662
0.662
0.0864945
0.00982919
0.186654
0.0154978
0.406656
0.568727
0.119581
0.18124
0.662
0.662
0.662
0.473204
0.501585
0.662
0.662
0.662
0.176663
0.193422
0.302124
0.662
0.662
0.662
0.662
0.407083
0.662
0.329143
0.263406
0.662
0.406121
0.405993
0.662
