0.28851
0.476033
0.662
0.521651
0.328895
0.440479
0.16687
0.382367
0.323984
0.662
0.633391
0.662
0.662
0.662
0.331062
0.456167
0.210599
0.662
0.476355
0.662
0.127024
0.662
0.0825598
0.662
0.662
0.662
0.662
0.662
0.662
0.296233
0.662
0.662
0.662
0.40266
0.662
0.435758
0.662
0.368064
0.662
0.662
0.662
0.296942
0.0334731
0.662
0.424529
0.445611
0.662
0.198003
0.1934
0.662
0.662
0.662
0.462864
0.662
0.010439
0.226763
0.662
0.465083
0.323315
0.662
0.437534
0.215049
0.124704
0.0643983
0.434246
0.151622
0.351314
0.662
0.460954
0.662
0.662
0.162661
0.662
0.662
0.662
0.662
0.361292
0.0386274
0.662
0.218226
0.662
0.662
0.0262319
0.173441
0.662
0.662
0.662
0.187734
0.418612
0.662
0.182315
0.662
0.662
0.662
0.35619
0.662
0.662
0.662
0.311003
0.346964
0.205822
0.400739
0.476483
0.215794
0.244358
0.662
0.1831
0.00737202
0.662
0.662
0.301954
0.662
0.386135
0.662
0.662
0.353149
0.662
0.595629
0.662
0.662
0.0569251
0.662
0.228029
0.662
0.662
0.662
0.121881
0.662
0.662
0.662
0.662
0.662
0.662
0.662
0.204051
0.662
0.662
0.230834
0.662
0.260285
0.344546
0.662
0.0868424
0.0837854
0.269498
0.662
0.662
0.267037
0.662
0.563639
0.662
0.418147
0.0439816
0.300534
0.503735
0.662
0.180161
0.662
0.0171101
0.662
0.662
0.487202
0.38763
0.662
0.294236
0.662
0.662
0.662
0.391033
0.662
0.111356
0.662
0.662
0.662
0.015873
0.0727022
0.128363
0.662
0.163198
0.662
0.662
0.662
0.662
0.662
0.662
0.129842
0.252877
0.105063
0.12869
0.0613618
0.33473
0.103618
0.410636
0.662
0.508098
0.662
0.12157
0.440136
0.662
0.453023
0.662
0.317261
0.662
0.662
0.662
0.374787
0.235392
0.219569
0.662
0.392651
0.339572
0.204111
0.662
0.662
0.662
0.662
0.0487404
0.662
0.293516
0.0555857
0.204843
0.0654737
0.662
0.232441
0.3361
0.0760898
0.377797
0.461797
0.662
0.662
0.662
0.662
0.662
0.662
0.662
0.662
0.662
0.662
0.171795
0.662
0.662
0.662
0.662
0.354051
0.662
0.662
0.443889
0.662
0.437986
0.0570541
0.171603
0.400682
0.269648
0.368904
0.36134
0.662
0.368511
0.662
0.381183
0.276478
0.440404
0.662
0.662
0.16391
0.566646
0.662
0.436815
0.662
0.662
0.662
0.662
0.074668
0.662
0.438694
0.390157
0.662
0.469565
0.662
0.495047
0.391845
0.0308903
0.662
0.0242101
0.37732
0.195459
0.662
0.662
0.418786
0.084324
0.329945
0.662
0.662
0.662
0.662
0.299296
0.0240524
0.662
0.662
0.462949
0.259108
0.662
0.473303
0.662
0.662
0.169093
0.662
0.647977
0.662
0.131691
0.00415666
0.662
0.379222
0.0156458
0.662
0.662
0.0789456
0.242336
0.662
0.662
0.662
0.124354
0.662
0.662
0.0256873
0.662
0.196276
0.378853
0.662
0.662
0.662
0.662
0.662
0.0852753
0.662
0.198495
0.504912
0.274488
0.386108
0.662
0.662
0.662
0.469781
0.279196
0.662
0.662
0.662
0.0301125
0.398736
0.662
0.662
0.0712047
0.358573
0.662
0.292952
0.662
0.103141
0.223851
0.662
0.383815
0.145964
0.227193
0.662
0.395681
0.662
0.443635
0.277562
0.662
0.0272498
0.662
0.662
0.0955602
0.662
0.662
0.662
0.662
0.662
0.662
0.662
0.662
0.217436
0.662
0.662
0.662
0.662
0.662
0.199725
0.367315
0.423969
0.00982171
0.53307
0.182594
0.405784
0.662
0.0931461
0.0820986
0.428804
0.662
0.0779081
0.662
0.123249
0.662
0.662
0.662
0.196501
0.368316
0.282779
0.380123
0.662
0.49
0.449847
0.000447326
0.0464094
0.662
0.662
0.662
0.662
0.662
0.662
0.662
0.662
0.39104
0.136586
0.464873
0.662
0.662
0.662
0.65209
0.662
0.270821
0.121536
0.176831
0.396874
0.662
0.1312
0.662
0.662
0.288917
0.662
0.0618047
0.427394
0.428477
0.237454
0.518573
0.23172
0.277177
0.10532
0.662
0.662
0.206487
0.155202
0.207188
0.51721
0.662
0.357793
0.10808
0.662
0.175741
0.662
0.28712
0.0649418
0.662
0.248454
0.0188898
0.662
0.350255
0.662
0.572395
0.662
0.437528
0.662
