0.320162
0.331761
0.322248
0.662
0.662
0.135297
0.025734
0.662
0.228873
0.218334
0.33898
0.129585
0.662
0.205011
0.662
0.439973
0.662
0.230935
0.305033
0.662
0.662
0.662
0.662
0.326104
0.218865
0.662
0.662
0.662
0.662
0.662
0.662
0.0145074
0.662
0.662
0.662
0.662
0.443831
0.662
0.662
0.662
0.662
0.0310505
0.662
0.0300547
0.205261
0.0181098
0.390188
0.375798
0.662
0.662
0.194712
0.401368
0.662
0.446166
0.297203
0.223687
0.107933
0.294494
0.662
0.00249931
0.385375
0.662
0.463951
0.662
0.16019
0.217372
0.662
0.662
0.398396
0.548907
0.463969
0.599853
0.662
0.662
0.317271
0.630141
0.662
0.260245
0.227845
0.119488
0.0232529
0.662
0.333125
0.662
0.662
0.0851829
0.084233
0.258317
0.0844976
0.662
0.662
0.47482
0.662
0.662
0.0944932
0.316872
0.662
0.419685
0.394324
0.662
0.662
0.662
0.425229
0.0773464
0.246823
0.190602
0.662
0.135901
0.441348
0.0276808
0.662
0.662
0.662
0.662
0.066499
0.176191
0.31662
0.561403
0.662
0.662
0.662
0.662
0.279551
0.612547
0.23543
0.662
0.396
0.305032
0.662
0.662
0.662
0.13942
0.0868424
0.00882047
0.393092
0.187905
0.662
0.243853
0.315933
0.662
0.662
0.389218
0.297169
0.662
0.662
0.662
0.539823
0.662
0.662
0.252878
0.662
0.244764
0.662
0.650544
0.229453
0.412391
0.662
0.0666015
0.42747
0.390387
0.662
0.017957
0.662
0.662
0.662
0.662
0.662
0.662
0.0664727
0.484476
0.35812
0.662
0.133548
0.662
0.397113
0.190188
0.0615682
0.662
0.247369
0.662
0.662
0.662
0.662
0.353524
0.124452
0.188948
0.662
0.102552
0.182961
0.662
0.662
0.280029
0.0718485
0.432594
0.137642
0.662
0.4763
0.662
0.158913
0.662
0.0588257
0.196219
0.662
0.40997
0.336054
0.662
0.662
0.662
0.662
0.662
0.374491
0.662
0.0128289
0.662
0.662
0.662
0.662
0.178284
0.662
0.662
0.662
0.662
0.662
0.368009
0.193536
0.662
0.112374
0.662
0.662
0.279932
0.32341
0.341209
0.662
0.662
0.662
0.662
0.425792
0.0361113
0.662
0.105457
0.662
0.42524
0.561356
0.0954809
0.443936
0.271456
0.358338
0.00437573
0.662
0.662
0.662
0.0301125
0.0778891
0.662
0.662
0.404734
0.122093
0.0367083
0.662
0.662
0.428708
0.662
0.662
0.0620915
0.662
0.14356
0.662
0.662
0.662
0.662
0.168882
0.662
0.11301
0.196371
0.187224
0.226296
0.662
0.355469
0.0441826
0.186204
0.502095
0.63339
0.662
0.662
0.498785
0.427636
0.330189
0.662
0.662
0.662
0.662
0.662
0.662
0.219959
0.662
0.420907
0.662
0.0228081
0.551819
0.059127
0.266561
0.0461694
0.205508
0.662
0.662
0.662
0.116054
0.44135
0.662
0.1592
0.662
0.270026
0.662
0.662
0.305685
0.662
0.662
0.0491739
0.662
0.279064
0.662
0.332164
0.662
0.461604
0.0925322
0.395292
0.595901
0.662
0.558344
0.328182
0.662
0.197648
0.0959208
0.0161106
0.662
0.662
0.271243
0.662
0.240555
0.662
0.432355
0.0512345
0.662
0.662
0.662
0.662
0.662
0.662
0.662
0.318671
0.662
0.543857
0.662
0.425885
0.100473
0.662
0.255592
0.662
0.662
0.112447
0.662
0.488056
0.369091
0.662
0.662
0.662
0.662
0.662
0.0767555
0.662
0.178236
0.133845
0.526961
0.12795
0.662
0.242575
0.255209
0.477916
0.391023
0.478324
0.6321
0.254847
0.662
0.227523
0.662
0.662
0.662
0.328656
0.553899
0.662
0.662
0.662
0.0444913
0.264108
0.0633753
0.662
0.096282
0.662
0.0760596
0.662
0.151886
0.662
0.38214
0.0756589
0.662
0.11946
0.662
0.168264
0.103655
0.662
0.662
0.662
0.210599
0.662
0.124224
0.662
0.662
0.662
0.662
0.419143
0.662
0.662
0.00127845
0.0755698
0.42757
0.318994
0.662
0.336122
0.399026
0.347313
0.662
0.662
0.662
0.451669
0.207113
0.662
0.662
0.0294561
0.662
0.662
0.662
0.154808
0.662
0.101215
0.662
0.19703
0.662
0.662
0.662
0.103961
0.662
0.662
0.662
0.662
0.292248
0.662
0.662
0.207368
0.262716
0.180115
0.662
0.242516
0.662
0.662
0.24804
0.391503
0.662
0.0697817
0.662
0.243444
0.662
0.662
0.662
0.662
0.662
0.167238
0.342203
0.478966
0.662
0.662
0.0497304
0.243165
0.118355
0.662
0.347768
0.662
0.662
0.662
0.662
0.662
0.316441
0.216144
0.10761
0.662
0.662
0.159911
0.662
0.662
0.416232
0.0029929
0.30986
0.662
0.00276869
0.662
0.662
0.614648
0.453819
0.302336
0.662
0.533136
0.213236
0.662
0.662
0.662
0.348224
0.451366
0.303488
0.289562
0.257698
0.200783
0.662
0.662
0.662
0.662
0.359287
0.263044
0.662
0.662
0.662
0.351661
0.214265
0.662
0.662
0.180751
0.473515
0.662
0.00990974
0.247906
0.662
0.662
0.662
0.0816921
0.662
0.662
0.662
0.662
0.662
0.226822
0.0115467
0.662
0.13679
0.41472
0.254334
0.320846
0.662
0.662
0.662
0.662
0.662
0.662
0.662
0.662
0.662
0.662
0.228504
0.662
0.461293
0.333377
0.662
0.193747
0.356697
0.362296
0.326404
0.662
0.246871
0.662
0.436678
0.0913948
0.163952
0.225486
0.662
0.537815
0.662
0.310391
0.662
0.383435
0.662
0.460007
0.357165
0.662
0.20911
0.662
0.662
0.117575
0.38192
0.417709
0.420207
0.187723
0.422389
0.662
0.577087
0.662
0.662
0.662
0.412081
