0.211759
0.662
0.662
0.662
0.166103
0.662
0.4246
0.662
0.471856
0.286914
0.15058
0.579432
0.373878
0.0649815
0.662
0.336185
0.0705185
0.409273
0.295654
0.662
0.662
0.662
0.662
0.0672162
0.255064
0.356912
0.662
0.662
0.343211
0.199763
0.287733
0.662
0.662
0.531548
0.662
0.52692
0.191308
0.662
0.662
0.47645
0.662
0.662
0.295217
0.203563
0.662
0.662
0.542688
0.00461187
0.0135899
0.127985
0.0146741
0.662
0.662
0.0279545
0.662
0.662
0.420253
0.662
0.662
0.288572
0.0434428
0.151001
0.662
0.0392021
0.552823
0.319815
0.447649
0.591304
0.662
0.662
0.662
0.662
0.662
0.662
0.00700531
0.547451
0.434531
0.662
0.0261978
0.197488
0.662
0.662
0.359101
0.383509
0.662
0.662
0.662
0.41888
0.0946754
0.0723118
0.214546
0.662
0.662
0.0614248
0.662
0.662
0.348485
0.307779
0.662
0.662
0.258593
0.209942
0.662
0.662
0.205273
0.070678
0.418181
0.203304
0.662
0.370624
0.662
0.119186
0.481487
0.662
0.0617432
0.662
0.662
0.271054
0.662
0.662
0.138868
0.137387
0.440256
0.662
0.312755
0.662
0.662
0.0069484
0.121967
0.662
0.662
0.662
0.662
0.278362
0.164409
0.662
0.662
0.643508
0.377371
0.662
0.15623
0.300311
0.282861
0.513395
0.662
0.035047
0.662
0.106652
0.662
0.662
0.0136785
0.378645
0.063949
0.175431
0.662
0.270904
0.662
0.214373
0.264082
0.634672
0.14645
0.662
0.0905304
0.418467
0.116419
0.432913
0.662
0.0792366
0.662
0.662
0.441058
0.662
0.662
0.166148
0.451302
0.231329
0.662
0.269743
0.494263
0.662
0.662
0.24406
0.268496
0.662
0.438231
0.662
0.633391
0.662
0.662
0.331935
0.120526
0.662
0.447559
0.0831572
0.273717
0.11392
0.662
0.662
0.662
0.595029
0.373538
0.0967126
0.662
0.662
0.662
0.391788
0.662
0.662
0.662
0.662
0.662
0.403457
0.662
0.173791
0.662
0.662
0.364865
0.662
0.662
0.00652948
0.662
0.662
0.419537
0.141681
0.26972
0.662
0.405371
0.662
0.414174
0.662
0.662
0.0538494
0.0384766
0.662
0.397832
0.303875
0.0602483
0.662
0.662
0.130285
0.662
0.662
0.30439
0.662
0.662
0.662
0.180604
0.224278
0.662
0.662
0.662
0.161713
0.662
0.259991
0.662
0.662
0.662
0.330859
0.401597
0.502399
0.172768
0.662
0.135666
0.662
0.662
0.204247
0.662
0.469331
0.0273909
0.510292
0.662
0.139738
0.204232
0.662
0.662
0.000902312
0.388206
0.662
0.662
0.180027
0.338674
0.41438
0.662
0.662
0.392374
0.354661
0.662
0.662
0.662
0.0160319
0.00952823
0.662
0.465359
0.378539
0.400195
0.0970942
0.662
0.662
0.0700589
0.662
0.662
0.662
0.251858
0.0706858
0.230708
0.662
0.662
0.662
0.054092
0.662
0.169781
0.156934
0.662
0.312786
0.169625
0.367175
0.662
0.359122
0.45396
0.322077
0.662
0.157719
0.480603
0.466496
0.662
0.190147
0.662
0.629763
0.662
0.662
0.662
0.662
0.0387039
0.662
0.217461
0.349862
0.662
0.662
0.662
0.662
0.378705
0.662
0.662
0.662
0.177
0.402774
0.314783
0.662
0.662
0.23328
0.435526
0.662
0.662
0.662
0.331454
0.322324
0.308221
0.662
0.662
0.181262
0.662
0.662
0.662
0.017953
0.662
0.475039
0.662
0.112325
0.662
0.160782
0.662
0.662
0.0370803
0.662
0.662
0.13315
0.662
0.372781
0.474503
0.662
0.231468
0.532389
0.033136
0.662
0.662
0.372961
0.588962
0.523039
0.371769
0.379409
0.161111
0.364366
0.177837
0.0385113
0.173743
0.662
0.662
0.337973
0.662
0.287811
0.462364
0.477267
0.118832
0.662
0.00326995
0.1896
0.0200402
0.662
0.662
0.662
0.031029
0.427029
0.662
0.662
0.662
0.408607
0.460281
0.662
0.0108292
0.454103
0.370154
0.0263691
0.662
0.662
0.662
0.662
0.662
0.126084
0.662
0.662
0.499152
0.288542
0.0772929
0.662
0.319582
0.662
0.245098
0.337125
0.662
0.662
0.662
0.662
0.31327
0.662
0.662
0.191863
0.662
0.424239
0.378653
0.587173
0.662
0.662
0.344589
0.047462
0.170845
0.662
0.662
0.42556
0.421009
0.662
0.657358
0.662
0.662
0.198293
0.662
0.166087
0.662
0.662
0.63339
0.265788
0.435732
0.662
0.662
0.662
0.662
0.662
0.287441
0.662
0.371019
0.0630027
0.662
0.662
0.153029
0.662
0.662
0.662
0.662
0.040939
0.662
0.24925
0.662
0.220343
0.292845
0.662
0.662
0.662
0.662
0.662
0.400334
0.662
0.662
0.290447
0.662
0.662
0.662
0.662
0.3983
0.393943
0.662
0.370655
0.537966
0.145044
0.273214
0.354085
0.220622
0.662
0.662
0.662
0.662
0.185876
0.662
0.662
0.164554
0.662
0.662
0.662
0.662
0.28438
0.467178
0.613113
0.309571
0.662
0.662
0.101372
0.662
0.662
0.310075
0.662
0.260568
0.662
0.518612
0.229406
0.662
0.13121
0.662
0.662
0.662
0.238476
0.662
0.662
0.336573
0.662
0.445155
0.662
0.662
0.662
0.662
0.190674
0.125309
0.276899
0.409769
0.363632
0.662
0.662
0.662
0.36226
0.260812
0.662
0.115353
0.093917
0.662
0.194469
0.662
0.662
0.232081
0.662
0.303195
0.662
0.662
0.662
0.662
0.662
0.161479
0.0311089
0.662
0.662
0.221956
0.662
0.662
0.19909
0.222339
0.607478
0.662
0.662
0.291597
0.0212703
0.662
0.313895
0.273253
0.142869
0.00226013
0.662
0.261501
0.662
0.662
0.311612
0.662
0.662
0.377367
0.381533
0.423306
0.662
0.662
0.161262
0.662
0.351973
0.0365256
0.662
0.295291
0.662
0.3404
0.48556
0.662
0.123138
0.210133
0.662
0.452103
0.0910529
0.662
0.662
0.115495
0.185826
0.113584
0.662
0.662
0.662
0.662
0.0898612
0.662
0.662
0.662
0.662
0.662
0.662
0.662
0.662
0.174598
0.662
0.394195
0.662
0.662
0.662
0.662
0.208264
0.58733
0.662
0.213285
0.398953
0.662
0.662
0.474599
0.491182
0.511049
0.219575
0.662
0.662
0.662
0.082536
0.428216
0.662
0.325267
0.662
0.662
0.221004
0.662
0.662
0.0122158
0.0444784
0.662
0.215508
0.662
0.662
0.662
0.223462
0.340719
0.662
0.662
0.662
0.368242
0.662
0.662
0.662
0.662
0.662
0.662
0.662
0.239743
0.662
0.662
0.186699
0.175252
0.662
0.0308202
0.662
0.254006
0.662
0.662
0.402341
0.429316
0.23425
0.273273
0.348686
0.662
0.662
0.662
0.390724
0.29434
0.450993
0.662
0.662
0.192808
0.155839
0.16917
0.662
0.662
0.662
0.208382
0.293271
0.662
0.398023
0.305457
0.19728
0.662
0.378618
0.662
0.0480914
0.0229567
0.662
0.662
0.29826
0.493961
0.319361
0.662
0.662
0.662
0.313308
0.372312
0.169568
0.0426058
0.662
0.394453
0.662
0.662
0.662
0.294402
0.567756
0.662
0.662
0.0564775
0.662
0.390974
0.662
0.41471
0.662
0.662
0.466925
0.155325
0.662
0.44376
0.662
0.662
0.247937
0.662
0.0564751
0.292687
0.662
0.45452
0.662
0.662
0.464433
0.662
0.662
0.662
0.517305
0.662
0.662
0.331723
0.662
0.662
0.233459
0.426525
0.662
0.662
0.259885
0.662
0.662
0.662
0.144058
0.437713
0.662
0.662
0.220557
0.662
0.662
0.36026
0.0289513
0.662
0.662
0.662
0.662
0.405602
0.662
0.662
0.0768595
0.401799
0.662
0.375056
0.298072
0.246811
0.662
0.662
0.314775
0.22031
0.662
0.418177
0.662
0.172407
0.662
0.456585
0.662
0.461479
0.662
0.662
0.459099
0.0256322
0.241555
0.507285
0.059234
0.662
0.662
0.662
0.230853
0.662
0.662
0.662
0.334211
0.327942
0.622257
0.427866
0.33345
0.662
0.359471
0.662
0.662
0.662
0.552439
0.192441
0.373459
0.662
0.298079
0.238063
0.332919
0.662
0.40662
0.662
0.662
0.662
0.662
0.393073
0.5648
0.662
0.46362
0.662
0.662
0.041746
0.662
0.450403
0.558524
0.662
0.434865
0.662
0.662
0.315592
0.462529
0.324396
0.299566
0.078724
0.23567
0.662
0.0135837
0.409767
0.662
0.13146
0.662
0.662
0.662
0.441388
0.482584
0.0926459
0.662
0.662
0.164106
0.662
0.274454
0.0534623
0.662
0.662
0.662
0.662
0.662
0.662
0.294598
0.289922
0.662
0.463225
0.662
0.202161
0.662
0.369687
0.353389
0.466227
0.351085
0.0677221
0.662
0.662
0.662
0.12865
0.650939
0.298718
0.0831168
0.662
0.280431
0.662
0.662
0.662
0.45256
0.662
0.662
0.662
0.291336
0.607904
0.662
0.403437
0.662
0.662
0.339655
0.662
0.662
0.340266
0.3658
0.662
0.662
0.424803
0.101204
0.662
0.662
0.262086
0.154973
0.662
0.324648
0.181875
0.314824
0.662
0.662
0.662
0.662
0.662
0.662
0.360463
0.662
0.662
0.662
0.662
0.662
0.337064
0.662
0.275138
0.662
0.36813
0.637836
0.0699458
0.243997
0.0275531
0.463826
0.662
0.262116
0.662
0.662
0.662
0.424606
0.165834
0.662
0.662
0.514798
0.137889
0.633391
0.662
0.00709055
0.662
0.662
0.0364125
0.662
0.662
0.662
