0.228355
0.662
0.662
0.662
0.662
0.662
0.248211
0.277279
0.662
0.505647
0.223237
0.662
0.466842
0.662
0.662
0.349545
0.662
0.323872
0.662
0.217634
0.210126
0.11611
0.24652
0.662
0.421336
0.294127
0.662
0.339266
0.662
0.662
0.662
0.662
0.662
0.662
0.647602
0.662
0.400536
0.662
0.238771
0.335885
0.662
0.662
0.319481
0.281562
0.662
0.225581
0.662
0.662
0.662
0.662
0.251969
0.662
0.662
0.662
0.389122
0.332451
0.662
0.12447
0.662
0.662
0.397723
0.202628
0.662
0.662
0.662
0.662
0.574916
0.662
0.662
0.424947
0.662
0.0219012
0.471943
0.0943831
0.662
0.159989
0.273216
0.417825
0.271755
0.350063
0.662
0.662
0.662
0.336176
0.662
0.0711856
0.586893
0.153141
0.662
0.127596
0.662
0.450943
0.662
0.662
0.268147
0.662
0.145066
0.662
0.662
0.175081
0.662
0.476253
0.662
0.333271
0.662
0.662
0.233068
0.662
0.459292
0.662
0.662
0.662
0.312325
0.5993
0.662
0.000573587
0.317162
0.662
0.140518
0.26258
0.354599
0.369615
0.191758
0.662
0.110168
0.662
0.313186
0.662
0.662
0.662
0.662
0.662
0.0272809
0.662
0.404215
0.662
0.472805
0.662
0.273498
0.662
0.365482
0.446162
0.662
0.410244
0.450878
0.662
0.662
0.662
0.21391
0.662
0.0921815
0.662
0.662
0.177807
0.662
0.0867814
0.662
0.228542
0.109228
0.662
0.141118
0.662
0.662
0.662
0.00456468
0.662
0.662
0.172879
0.0447115
0.0816348
0.141103
0.662
0.662
0.662
0.662
0.662
0.662
0.131845
0.662
0.662
0.457344
0.301292
0.028478
0.662
0.160303
0.391892
0.111779
0.662
0.219825
0.221066
0.0220661
0.662
0.26754
0.405414
0.238652
0.662
0.156726
0.662
0.223204
0.347988
0.225792
0.662
0.662
0.662
0.372566
0.183446
0.662
0.0167816
0.662
0.662
0.662
0.662
0.368336
0.173512
0.445522
0.662
0.662
0.1687
0.662
0.468006
0.375863
0.662
0.42942
0.662
0.430403
0.625731
0.450315
0.361984
0.662
0.409399
0.662
0.662
0.662
0.179267
0.0153049
0.662
0.662
0.662
0.662
0.662
0.662
0.662
0.148092
0.662
0.662
0.662
0.474152
0.28898
0.506594
0.285778
0.662
0.32644
0.29536
0.662
0.376853
0.160711
0.662
0.145773
0.450543
0.020613
0.267776
0.264433
0.319867
0.360282
0.662
0.662
0.547948
0.662
0.662
0.136011
0.662
0.662
0.662
0.662
0.662
0.190497
0.662
0.662
0.386281
0.662
0.662
0.455662
0.662
0.662
0.662
0.37832
0.441934
0.282593
0.430706
0.662
0.662
0.0454535
0.0158795
0.545814
0.662
0.376352
0.662
0.227176
0.662
0.299945
0.662
0.129625
0.659541
0.662
0.662
0.662
0.477118
0.662
0.662
0.330489
0.662
0.421791
0.404369
0.299899
0.469952
0.662
0.662
0.662
0.662
0.662
0.662
0.662
0.662
0.662
0.385844
0.662
0.662
0.662
0.0159302
0.0149435
0.662
0.453646
0.662
0.439168
0.662
0.662
0.662
0.38119
0.283014
0.662
0.662
0.0402808
0.662
0.662
0.429705
0.350076
0.662
0.18721
0.191314
0.662
0.662
0.600412
0.662
0.662
0.662
0.662
0.662
0.662
0.426705
0.662
0.662
0.662
0.662
0.52482
0.662
0.662
0.218172
0.0014155
0.662
0.662
0.0587295
0.44129
0.505598
0.662
0.00182366
0.217235
0.662
0.662
0.0422089
0.219666
0.662
0.0380263
0.662
0.662
0.662
0.0916025
0.0178126
0.355263
0.662
0.662
0.662
0.615794
0.662
0.341785
0.662
0.0770369
0.285529
0.114684
0.465105
0.538489
0.662
0.662
0.662
0.662
0.662
0.662
0.662
0.458328
0.160592
0.662
0.376172
0.351341
0.662
0.0128971
0.662
0.662
0.662
0.188397
0.662
0.273257
0.662
0.662
0.438238
0.662
0.344322
0.662
0.0168788
0.457356
0.662
0.662
0.0572621
0.662
0.200015
0.662
0.662
0.357827
0.662
0.414872
0.662
0.662
0.662
0.662
0.662
0.0729924
0.662
0.662
0.102994
0.662
0.662
0.0834241
0.42526
0.662
0.322371
0.662
0.662
0.662
0.662
0.144481
0.363885
0.662
0.279407
0.0152549
0.192592
0.035695
0.662
0.047207
0.291264
0.662
0.302518
0.244636
0.662
0.662
0.430225
0.662
0.0703303
0.230447
0.0465491
0.540383
0.662
0.662
0.187109
0.194291
0.476602
0.49817
0.662
0.662
0.662
0.662
0.443761
0.0617856
0.662
0.662
0.662
0.662
0.355326
0.471697
0.662
0.173613
0.662
0.455182
0.0574181
0.234152
0.0374102
0.290701
0.0613818
0.662
0.662
0.36442
0.662
0.287966
0.662
0.662
0.662
0.662
0.662
0.0927543
0.119131
0.662
0.404642
0.662
0.662
0.365941
0.45663
0.662
0.662
0.662
0.150209
0.305738
0.296762
0.662
0.35016
0.371794
0.662
0.662
0.662
0.218533
0.307522
0.662
0.176296
0.38866
0.662
0.662
0.269729
0.308192
0.146639
0.0580271
0.100334
0.296953
0.662
0.662
0.662
0.0812356
0.148765
0.662
0.117481
0.390056
0.662
0.662
0.052406
0.446779
0.662
0.662
0.662
0.473505
0.662
0.662
0.152807
0.662
0.234389
0.662
0.662
0.662
0.101529
0.662
0.662
0.662
0.662
0.101185
0.0321239
0.662
0.517644
0.0695077
0.662
0.452312
0.413683
0.424643
0.0937596
0.662
0.206779
0.662
0.0755227
0.405423
0.571478
0.166882
0.662
0.662
0.372841
0.662
0.0353243
0.662
0.662
0.662
0.499121
0.573643
0.527953
0.662
0.278003
0.064163
0.662
0.662
0.662
0.662
0.242767
0.662
0.662
0.316794
0.662
0.317918
0.662
0.337425
0.662
0.662
0.214206
0.221021
0.466729
0.00184288
0.662
0.662
0.35876
0.161395
0.637293
0.471288
0.662
0.662
0.662
0.233001
0.662
0.662
0.662
0.30273
0.185052
0.380843
0.662
0.193405
0.662
0.662
0.257024
0.662
0.662
0.300046
0.662
0.662
0.512327
0.662
0.662
0.475237
0.662
0.29527
0.662
0.662
0.662
0.662
0.388145
0.662
0.662
0.0498081
0.189329
0.662
0.367146
0.662
0.440716
0.102297
0.662
0.135356
0.662
0.0224875
0.662
0.662
0.662
0.182631
0.431139
0.662
0.0822633
0.662
0.662
0.662
0.662
0.662
0.0165538
0.168321
0.662
0.662
0.662
0.662
0.495422
0.662
0.662
0.189205
0.0594206
0.662
0.662
0.26226
0.662
0.381004
0.662
0.354973
0.662
0.497423
0.662
0.243604
0.662
0.662
0.662
0.662
0.120823
0.662
0.662
0.662
0.343108
0.421658
0.451939
0.216239
0.662
0.662
0.0535369
0.662
0.662
0.662
0.417346
0.662
0.662
0.662
0.439285
0.259296
0.205512
0.662
0.662
0.662
0.662
0.308479
0.662
0.662
0.662
0.306179
0.372574
0.464118
0.00118596
0.289467
0.115187
0.662
0.20491
0.633391
0.388219
0.125848
0.662
0.662
0.140451
0.30295
0.399408
0.179648
0.0746102
0.234834
0.662
0.662
0.0516811
0.662
0.318026
0.662
0.118936
0.662
0.273047
0.662
0.0766661
0.662
0.662
0.662
0.0798346
0.662
0.662
0.207387
0.469685
0.662
0.662
0.662
0.662
0.662
0.662
0.0419683
0.231589
0.662
0.662
0.662
0.662
0.662
0.473847
0.662
0.378984
0.662
0.317209
0.199147
0.662
0.662
0.00880614
0.662
0.405647
0.5066
0.283574
0.662
0.218457
0.662
0.662
0.662
0.198867
0.662
0.662
0.662
0.437698
0.662
0.662
0.662
0.271653
0.662
0.257951
0.361896
0.247371
0.662
0.296398
0.662
0.0289598
0.168264
0.662
0.211455
0.15219
0.347012
0.662
0.238231
0.662
0.662
0.662
0.662
0.662
0.281924
0.662
0.238715
0.662
0.413965
0.11242
0.662
0.162576
0.050314
0.662
0.662
0.255455
0.662
0.312255
0.662
0.474902
0.662
0.662
0.662
0.662
0.662
0.40288
0.662
0.662
0.662
0.662
0.662
0.399521
0.662
0.662
0.179183
0.540551
0.662
0.28675
0.662
0.662
0.662
0.106043
0.662
0.662
0.471292
0.413008
0.662
0.662
0.662
0.662
0.364418
0.351828
0.122555
0.662
0.45698
0.662
0.0638424
0.26482
0.662
0.148429
0.662
0.662
0.331275
0.662
0.662
0.0919032
0.662
0.376846
0.26258
0.662
0.340275
0.662
0.181239
0.193912
0.318366
0.662
0.186511
0.662
0.662
0.0986175
0.662
0.662
0.296558
0.662
0.510598
0.432877
0.0272936
0.662
0.662
0.662
0.662
0.0274207
0.410577
0.0307617
0.410697
0.662
0.662
0.14172
0.662
0.662
0.662
0.662
0.196484
0.395601
0.312353
0.274878
0.149688
0.0744865
0.662
0.662
0.662
0.0355749
0.446257
0.164723
0.662
0.662
0.074914
0.323019
0.662
0.212631
0.662
0.662
0.662
0.662
0.662
0.164002
0.662
0.662
0.662
0.099235
0.662
0.240407
0.157931
0.662
0.662
0.206115
0.662
0.19508
0.662
0.662
0.662
0.662
0.468414
0.0329709
0.662
0.437751
0.662
0.0299845
0.662
0.495898
0.662
0.662
0.662
0.22105
0.662
0.107694
0.180483
0.149359
0.662
0.458028
0.662
0.662
0.22006
0.139663
0.283632
0.211536
0.662
0.662
0.662
0.0476798
0.226138
0.662
0.213461
0.430802
0.284958
0.662
0.211452
0.662
0.0759897
0.662
0.662
0.224368
0.662
0.21528
0.662
0.342495
0.44228
0.0706381
0.211267
0.00878817
0.0895749
0.662
0.362811
0.662
0.412306
0.662
0.662
0.514943
0.355269
0.662
0.370718
0.106751
0.662
0.312724
0.449011
0.662
0.303249
0.662
0.40358
0.36611
0.243297
0.396752
0.662
0.46389
0.662
0.455848
0.423821
0.662
0.662
0.662
0.650812
0.340161
0.0761214
0.662
0.662
0.234118
0.662
0.662
0.285717
0.662
0.1855
0.263483
0.662
0.370792
0.46556
0.213019
0.662
0.662
0.384169
0.662
0.203016
0.662
0.662
0.229439
0.242518
0.662
0.662
0.298533
0.447073
0.662
0.0337761
