0.662
0.250885
0.0789456
0.338015
0.391845
0.0367083
0.662
0.225801
0.662
0.187083
0.662
0.28712
0.662
0.662
0.662
0.662
0.17377
0.662
0.270289
0.386464
0.265174
0.215871
0.16981
0.662
0.00627994
0.461797
0.35619
0.193633
0.662
0.662
0.662
0.662
0.225544
0.662
0.662
0.662
0.449847
0.565435
0.0256873
0.662
0.419839
0.662
0.0237147
0.662
0.662
0.386002
0.0514229
0.521651
0.662
0.209054
0.41812
0.662
0.662
0.662
0.384989
0.662
0.662
0.660343
0.127115
0.0171379
0.354051
0.662
0.473515
0.199725
0.0848148
0.662
0.00982171
0.184024
0.305685
0.662
0.179917
0.662
0.459688
0.398719
0.328895
0.237242
0.662
0.662
0.662
0.662
0.662
0.662
0.662
0.662
0.662
0.662
0.662
0.662
0.662
0.662
0.662
0.662
0.662
0.445609
0.662
0.286728
0.662
0.280797
0.662
0.170233
0.662
0.161724
0.662
0.238852
0.0837854
0.440136
0.0390668
0.0564591
0.187734
0.135099
0.463257
0.662
0.428804
0.483472
0.607763
0.0350525
0.178271
0.662
0.662
0.503735
0.662
0.128328
0.111414
0.662
0.0228035
0.303275
0.387205
0.192745
0.662
0.662
0.662
0.662
0.259513
0.662
0.176375
0.662
0.456167
0.662
0.662
0.662
0.37762
0.563639
0.205261
0.034165
0.662
0.662
0.215794
0.310797
0.662
0.351328
0.662
0.662
0.662
0.463385
0.167469
0.662
0.662
0.662
0.662
0.662
0.662
0.0386274
0.204207
0.662
0.662
0.105063
0.662
0.662
0.423667
0.423969
0.347269
0.439322
0.662
0.662
0.662
0.662
0.662
0.662
0.556398
0.124354
0.252877
0.662
0.662
0.227193
0.421809
0.662
0.662
0.127269
0.440184
0.662
0.662
0.662
0.0755698
0.077911
0.368316
0.662
0.362296
0.427941
0.0820986
0.410636
0.235392
0.204111
0.566646
0.368511
0.146683
0.0854444
0.662
0.269498
0.524358
0.662
0.662
0.662
0.647282
0.662
0.163952
0.352849
0.662
0.662
0.662
0.271456
0.133882
0.662
0.662
0.41772
0.662
0.277177
0.485748
0.662
0.53136
0.12157
0.662
0.237359
0.0204962
0.662
0.662
0.662
0.662
0.204051
0.662
0.662
0.467624
0.662
0.662
0.0951915
0.572031
0.407736
0.248846
0.281301
0.662
0.156675
0.662
0.473029
0.662
0.662
0.0334731
0.487202
0.662
0.435758
0.662
0.662
0.662
0.662
0.662
0.322925
0.237454
0.662
0.662
0.662
0.0344246
0.27096
0.00249931
0.662
0.662
0.662
0.203411
0.392651
0.0341146
0.662
0.662
0.149187
0.539823
0.329648
0.662
0.662
0.436815
0.662
0.662
0.662
0.662
0.662
0.38763
0.197059
0.053996
0.0853968
0.4507
0.271838
0.084324
0.0161106
0.662
0.662
0.184851
0.662
0.662
0.662
0.662
0.351897
0.118387
0.49
0.662
0.662
0.662
0.484657
0.662
0.662
0.662
0.662
0.0635109
0.211771
0.662
0.662
0.662
0.0308903
0.662
0.252788
0.662
0.662
0.662
0.0286762
0.662
0.662
0.438694
0.216452
0.662
0.662
0.662
0.662
0.662
0.279196
0.395681
0.297203
0.440479
0.107032
0.662
0.662
0.662
0.16687
0.0418554
0.662
0.662
0.662
0.662
0.426037
0.420907
0.662
0.38192
0.386108
0.662
0.282452
0.476483
0.662
0.0663308
0.662
0.196276
0.572395
0.131444
0.171603
0.662
0.662
0.662
0.662
0.662
0.416055
0.0712047
0.662
0.323984
0.265524
0.218226
0.354024
0.593834
0.662
0.0997682
0.662
0.383476
0.368904
0.331062
0.662
0.130849
0.662
0.662
0.485273
0.662
0.0580949
0.0242101
0.662
0.338464
0.662
0.407068
0.339572
0.0617438
0.117575
0.662
0.662
0.662
0.0844976
0.662
0.453023
0.662
0.662
0.662
0.476355
0.551819
0.218245
0.47274
0.662
0.418147
0.177044
0.446788
0.662
0.662
0.662
0.11301
0.0603355
0.398736
0.662
0.662
0.566086
0.238615
0.0740034
0.662
0.662
0.371493
0.662
0.462949
0.28851
0.647977
0.662
0.662
0.354567
0.0267462
0.662
0.249416
0.295422
0.662
0.338187
0.662
0.662
0.662
0.180161
0.381183
0.662
0.662
0.357785
0.662
0.165945
0.662
0.0495929
0.394227
0.197419
0.662
0.662
0.0433884
0.348705
0.662
0.197648
0.662
0.662
0.662
0.662
0.101851
0.373049
0.662
0.471783
0.368064
0.662
0.391033
0.662
0.346964
0.662
0.662
0.662
0.1831
0.0807615
0.662
0.662
0.662
0.269648
0.420782
0.662
0.375441
0.0301125
0.373374
0.0961981
0.101215
0.443635
0.057729
0.662
0.662
0.662
0.662
0.662
