0.662
0.433053
0.662
0.362431
0.10839
0.35313
0.167499
0.212706
0.662
0.662
0.386914
0.662
0.402167
0.662
0.662
0.26503
0.662
0.662
0.662
0.364198
0.121353
0.438457
0.229714
0.662
0.662
0.23181
0.662
0.662
0.662
0.235942
0.0790582
0.662
0.0962071
0.282421
0.662
0.662
0.662
0.315386
0.662
0.662
0.662
0.200487
0.228174
0.244
0.0699946
0.662
0.662
0.385832
0.294923
0.662
0.130489
0.662
0.397884
0.097388
0.662
0.662
0.213216
0.34807
0.662
0.662
0.662
0.0331262
0.0429245
0.662
0.662
0.325563
0.554354
0.662
0.0144948
0.662
0.564879
0.0259538
0.662
0.170943
0.0129111
0.18784
0.662
0.662
0.392609
0.449658
0.662
0.0270865
0.340446
0.310101
0.662
0.662
0.662
0.662
0.662
0.484338
0.215471
0.662
0.662
0.662
0.0780993
0.0767902
0.321187
0.662
0.662
0.662
0.662
0.000988028
0.136615
0.662
0.0654893
0.662
0.558538
0.662
0.275194
0.662
0.662
0.662
0.168245
0.0746581
0.662
0.554507
0.0169995
0.398663
0.394888
0.662
0.662
0.662
0.57476
0.499789
0.0104566
0.662
0.185865
0.662
0.662
0.662
0.662
0.376799
0.662
0.438762
0.0870879
0.662
0.662
0.662
0.109799
0.423473
0.465887
0.662
0.150754
0.451931
0.662
0.193575
0.662
0.129055
0.017937
0.662
0.280423
0.364015
0.662
0.413365
0.662
0.230765
0.662
0.333414
0.331152
0.662
0.662
0.662
0.662
0.662
0.0350707
0.662
0.662
0.387603
0.662
0.162086
0.0635553
0.662
0.662
0.37214
0.351357
0.662
0.662
0.23154
0.662
0.662
0.662
0.662
0.394044
0.187445
0.102274
0.662
0.11076
0.662
0.662
0.440856
0.144498
0.16065
0.291151
0.272438
0.662
0.43393
0.509862
0.662
0.654149
0.475714
0.662
0.662
0.406469
0.472422
0.586234
0.662
0.218038
0.0730578
0.235318
0.662
0.0566654
0.662
0.662
0.299854
0.662
0.662
0.662
0.662
0.0231739
0.662
0.234127
0.172033
0.354511
0.204394
0.420923
0.662
0.662
0.419123
0.662
0.367409
0.662
0.0504817
0.000884515
0.373402
0.123238
0.662
0.662
0.0716688
0.156634
0.662
0.662
0.662
0.662
0.662
0.179271
0.095451
0.662
0.444723
0.662
0.662
0.391329
0.662
0.662
0.254313
0.378267
0.363566
0.662
0.614983
0.662
0.662
0.218378
0.662
0.662
0.662
0.662
0.408618
0.612792
0.662
0.662
0.179842
0.179702
0.171975
0.662
0.662
0.0532531
0.662
0.662
0.184469
0.105627
0.390424
0.662
0.662
0.364672
0.662
0.662
0.1293
0.382148
0.464682
0.0826374
0.662
0.246438
0.662
0.218952
0.662
0.662
0.0961141
0.662
0.0615794
0.640513
0.662
0.303286
0.0656824
0.169798
0.662
0.662
0.662
0.662
0.662
0.00786352
0.662
0.245403
0.0406287
0.0350275
0.0595119
0.365081
0.402471
0.662
0.359224
0.395553
0.0137744
0.662
0.662
0.662
0.662
0.662
0.338511
0.544138
0.417678
0.370401
0.662
0.386396
0.662
0.3952
0.525161
0.662
0.662
0.662
0.479608
0.174679
0.662
0.486616
0.482743
0.448137
0.391725
0.585868
0.0492922
0.320458
0.662
0.662
0.662
0.662
0.662
0.000810074
0.662
0.662
0.662
0.258616
0.346268
0.662
0.662
0.305274
0.662
0.662
0.0943568
0.662
0.0715748
0.468915
0.46035
0.160724
0.662
0.662
0.662
0.0254466
0.229861
0.662
0.662
0.662
0.0356909
0.662
0.662
0.662
0.662
0.130046
0.467083
0.662
0.167857
0.662
0.48417
0.662
0.662
0.364662
0.662
0.662
0.352016
0.168993
0.662
0.411934
0.486848
0.388773
0.662
0.662
0.662
0.662
0.016214
0.248409
0.41597
0.0371971
0.662
0.662
0.662
0.662
0.473819
0.662
0.228507
0.225947
0.662
0.662
0.662
0.662
0.407125
0.662
0.223445
0.443142
0.662
0.662
0.461602
0.280234
0.662
0.662
0.180817
0.229486
0.159239
0.662
0.662
0.489896
0.414841
0.662
0.662
0.236395
0.292227
0.198372
0.662
0.150054
0.312324
0.662
0.388409
0.662
0.662
0.549716
0.662
0.153213
0.662
0.662
0.662
0.0834943
0.324085
0.110009
0.662
0.662
0.268399
0.460873
0.662
0.662
0.662
0.662
0.662
0.0278772
0.0950256
0.388328
0.662
0.662
0.662
0.0852652
0.662
0.0271589
0.254219
0.662
0.417878
0.662
0.345874
0.662
0.423758
0.465309
0.424202
0.662
0.274711
0.190458
0.0977988
0.00793993
0.662
0.123327
0.662
0.662
0.221384
0.662
0.662
0.662
0.324254
0.662
0.662
0.662
0.203158
0.662
0.662
0.662
0.662
0.662
0.321448
0.662
0.662
0.185369
0.224955
0.0433199
0.538074
0.212897
0.0318883
0.662
0.662
0.662
0.279236
0.662
0.0858524
0.474855
0.414742
0.662
0.062072
0.394886
0.662
0.662
0.662
0.662
0.662
0.662
0.662
0.413081
0.0746894
0.514415
0.435256
0.448319
0.662
0.662
0.662
0.481443
0.662
0.412884
0.628287
0.105386
0.662
0.662
0.662
0.662
0.662
0.662
0.181375
0.119563
0.662
0.174024
0.328088
0.146578
0.662
0.289313
0.23993
0.161405
0.662
0.662
0.662
0.662
0.363506
0.489071
0.662
0.662
0.662
0.108818
0.662
0.662
0.662
0.324119
0.143069
0.662
0.142002
0.662
0.467138
0.662
0.662
0.662
0.101804
0.30698
0.662
0.304439
0.0449566
0.662
0.0685691
0.567086
0.330818
0.662
0.662
0.322528
0.120032
0.199196
0.292382
0.0804084
0.424545
0.433331
0.441529
0.628609
0.268722
0.662
0.421231
0.662
0.590606
0.11851
0.0196066
0.662
0.662
0.534337
0.0916075
0.662
0.0258085
0.336014
0.266667
0.606826
0.662
0.34412
0.180887
0.662
0.564107
0.662
0.623064
0.471913
0.37266
0.236239
0.208643
0.423701
0.662
0.662
0.662
0.067544
0.314914
0.270932
0.447762
0.541205
0.0380244
0.662
0.662
0.423025
0.662
0.662
0.276746
0.290885
0.662
0.662
0.662
0.662
0.383248
0.104229
0.00373474
0.662
0.086806
0.662
0.662
0.662
0.662
0.303793
0.0246586
0.0168224
0.662
0.662
0.662
0.662
0.662
0.662
0.662
0.113048
0.42746
0.662
0.662
0.140606
0.662
0.662
0.662
0.662
0.662
0.662
0.0457662
0.662
0.662
0.662
0.662
0.662
0.647128
0.118703
0.662
0.41458
0.388146
0.662
0.362367
0.0293871
0.662
0.499403
0.662
0.662
0.234107
0.368166
0.532615
0.662
0.299698
0.662
0.662
0.662
0.270828
0.378694
0.662
0.662
0.662
0.662
0.329172
0.435724
0.662
0.13894
0.295178
0.662
0.662
0.342905
0.662
0.0555981
0.662
0.129122
0.271451
0.662
0.662
0.662
0.662
0.662
0.367635
0.662
0.662
0.662
0.439179
0.315992
0.192735
0.662
0.500909
0.662
0.662
0.662
0.662
0.662
0.662
0.662
0.662
0.662
0.662
0.424003
0.300843
0.349737
0.414945
0.662
0.662
0.662
0.662
0.400072
0.489139
0.662
