0.662
0.662
0.409209
0.0367083
0.662
0.662
0.122883
0.662
0.662
0.102776
0.662
0.0301125
0.662
0.662
0.662
0.662
0.662
0.107933
0.662
0.662
0.341302
0.287785
0.662
0.265524
0.662
0.662
0.276006
0.662
0.195154
0.662
0.662
0.662
0.114768
0.133845
0.254847
0.662
0.0755698
0.0228081
0.0222212
0.662
0.593599
0.591339
0.662
0.279932
0.662
0.662
0.19135
0.255592
0.30986
0.662
0.662
0.662
0.662
0.662
0.180751
0.425792
0.662
0.394227
0.662
0.662
0.451158
0.662
0.392293
0.436678
0.662
0.662
0.662
0.662
0.015873
0.403162
0.0633753
0.495924
0.662
0.441348
0.197419
0.47719
0.662
0.356697
0.135897
0.362044
0.662
0.662
0.662
0.662
0.316872
0.662
0.129585
0.345103
0.11301
0.662
0.662
0.662
0.662
0.662
0.662
0.662
0.391503
0.17377
0.662
0.662
0.662
0.0154897
0.0416923
0.662
0.279759
0.662
0.0903163
0.331062
0.419685
0.451669
0.662
0.662
0.559903
0.662
0.662
0.662
0.662
0.662
0.662
0.323315
0.662
0.598514
0.478966
0.662
0.662
0.084324
0.228504
0.378643
0.338464
0.331761
0.391023
0.662
0.662
0.662
0.662
0.476033
0.155469
0.31036
0.662
0.662
0.0310505
0.312656
0.204207
0.249019
0.304406
0.662
0.662
0.662
0.662
0.662
0.662
0.662
0.662
0.662
0.662
0.662
0.662
0.109678
0.662
0.662
0.662
0.310797
0.239313
0.662
0.54571
0.662
0.662
0.662
0.31662
0.622776
0.463962
0.662
0.183353
0.662
0.662
0.662
0.105457
0.662
0.662
0.662
0.662
0.662
0.662
0.100224
0.662
0.662
0.662
0.128391
0.290409
0.662
0.182594
0.252878
0.662
0.0913948
0.662
0.0115467
0.662
0.286276
0.463969
0.439973
0.379333
0.0369571
0.583047
0.662
0.662
0.421809
0.662
0.215296
0.389186
0.556254
0.662
0.662
0.291545
0.537815
0.00221387
0.662
0.662
0.662
0.420207
0.167238
0.246823
0.354051
0.662
0.558344
0.662
0.113586
0.662
0.302336
0.662
0.250885
0.403384
0.336122
0.477916
0.662
0.662
0.662
0.401368
0.662
0.662
0.662
0.33898
0.201752
0.662
0.199725
0.367212
0.370635
0.281432
0.662
0.662
0.14356
0.662
0.662
0.662
0.225486
0.662
0.147432
0.295371
0.662
0.0453243
0.662
0.662
0.662
0.662
0.279064
0.569242
0.662
0.662
0.662
0.662
0.304343
0.662
0.10761
0.0943584
0.615652
0.662
0.662
0.402263
0.662
0.662
0.662
0.662
0.420907
0.662
0.662
0.11806
0.662
0.662
0.171122
0.355469
0.00647057
0.662
0.662
0.284125
0.21202
0.096282
0.193536
0.662
0.662
0.0127021
0.207335
0.479971
0.612547
0.662
0.662
0.413605
0.662
0.662
0.278954
0.662
0.432594
0.662
0.662
0.662
0.662
0.662
0.662
0.278555
0.293619
0.662
0.0592352
0.00249931
0.210599
0.662
0.662
0.662
0.662
0.494175
0.662
0.662
0.00468456
0.662
0.662
0.543857
0.183242
0.333818
0.44169
0.662
0.662
0.662
0.662
0.399021
0.0682002
0.662
0.213184
0.662
0.352704
0.38763
0.662
0.0232529
0.259513
0.322248
0.0278943
0.662
0.662
0.393439
0.370422
0.0402197
0.13679
0.662
0.484476
0.179842
0.313892
0.0564591
0.336054
0.662
0.662
0.662
0.23824
0.662
0.472916
0.398736
0.662
0.539823
0.662
0.662
0.662
0.662
0.662
0.18645
0.662
0.111641
0.662
0.129219
0.662
0.662
0.048621
0.662
0.333377
0.211771
0.326404
0.297203
0.662
0.0869014
0.390188
0.364899
0.118879
0.662
0.378159
0.662
0.47482
0.194712
0.662
0.662
0.662
0.435758
0.662
0.662
0.100473
0.2803
0.662
0.0145687
0.662
0.662
0.38214
0.502095
0.662
0.453181
0.0666015
0.428708
0.305496
0.662
0.207029
0.662
0.662
0.662
0.422389
0.662
0.218865
0.662
0.502692
0.662
0.662
0.662
0.107486
0.662
0.662
0.662
0.061514
0.662
0.662
0.662
0.41472
0.662
0.662
0.427636
0.614648
0.470618
0.190188
0.246871
0.662
0.357165
0.662
0.662
0.461604
0.336176
0.124452
0.662
0.0591195
0.662
0.662
0.662
0.662
0.119488
0.662
0.662
0.186096
0.662
0.662
0.00588282
0.0627634
0.147131
0.662
0.662
0.0300547
0.662
0.551819
0.662
0.526961
0.662
0.00065293
0.503037
0.610434
0.662
0.662
0.662
0.0835168
0.662
0.662
0.662
0.662
0.662
0.249162
0.662
0.662
0.662
0.662
0.456711
0.662
0.572031
0.463296
0.662
0.662
0.662
0.31592
0.662
0.662
0.271456
0.662
0.662
0.662
0.303488
0.662
0.192594
0.662
0.160948
0.0181098
0.465855
0.392502
0.243444
0.662
0.206482
0.188948
0.305685
0.662
0.485748
0.662
0.662
0.452258
0.281301
0.662
0.419578
0.242516
0.662
0.393092
0.0807615
0.360988
0.243165
0.662
0.252787
0.662
0.197648
0.662
0.662
0.662
0.662
0.662
0.38192
0.662
0.662
0.662
0.662
0.662
0.473515
0.0844976
