0.662
0.3696
0.662
0.42746
0.448137
0.352881
0.406469
0.123238
0.662
0.464634
0.0507637
0.062072
0.0164509
0.662
0.662
0.428277
0.662
0.467138
0.49812
0.662
0.662
0.34412
0.662
0.463902
0.662
0.16474
0.662
0.662
0.590562
0.662
0.662
0.662
0.146562
0.662
0.376972
0.282269
0.662
0.662
0.662
0.662
0.662
0.662
0.307967
0.662
0.311493
0.662
0.662
0.188648
0.129532
0.544138
0.662
0.662
0.195593
0.478225
0.662
0.662
0.662
0.662
0.662
0.662
0.662
0.662
0.417878
0.662
0.405284
0.662
0.586234
0.662
0.662
0.156634
0.662
0.472422
0.157753
0.192956
0.662
0.142002
0.364198
0.170943
0.000988028
0.271451
0.662
0.662
0.212758
0.662
0.662
0.662
0.629763
0.365081
0.662
0.00793993
0.477629
0.662
0.1592
0.662
0.0314767
0.662
0.198302
0.452279
0.662
0.662
0.662
0.0971702
0.662
0.314914
0.298953
0.294923
0.427132
0.43062
0.662
0.662
0.601449
0.662
0.376799
0.181375
0.662
0.662
0.489139
0.662
0.242295
0.323476
0.292633
0.321187
0.662
0.662
0.662
0.662
0.0255596
0.509731
0.377276
0.0406287
0.662
0.662
0.372841
0.662
4.6962e-05
0.662
0.000444489
0.117385
0.662
0.662
0.662
0.23858
0.662
0.662
0.477724
0.101804
0.608655
0.662
0.21254
0.662
0.662
0.00477225
0.662
0.662
0.662
0.0169397
0.662
0.0684642
0.662
0.662
0.0186319
0.0943568
0.662
0.662
0.0259538
0.662
0.662
0.335356
0.662
0.662
0.662
0.662
0.662
0.468875
0.662
0.106416
0.662
0.662
0.362431
0.662
0.662
0.0666446
0.662
0.662
0.662
0.662
0.394024
0.0256759
0.414742
0.662
0.222176
0.662
0.107537
0.52986
0.0147822
0.33859
0.151283
0.662
0.143069
0.662
0.0372738
0.218952
0.662
0.296313
0.477325
0.662
0.662
0.662
0.662
0.468391
0.662
0.662
0.279236
0.401294
0.662
0.333414
0.662
0.662
0.662
0.368438
0.140606
0.254219
0.662
0.292382
0.662
0.247553
0.662
0.662
0.17015
0.164157
0.211027
0.00882047
0.662
0.662
0.662
0.662
0.407425
0.633694
0.662
0.31923
0.662
0.662
0.662
0.662
0.351357
0.0869242
0.662
0.443339
0.662
0.662
0.423473
0.662
0.411354
0.153213
0.662
0.662
0.662
0.16065
0.332487
0.470053
0.34807
0.662
0.662
0.35313
0.662
0.662
0.259161
0.594986
0.662
0.662
0.662
0.662
0.662
0.451931
0.662
0.0104566
0.662
0.662
0.146578
0.202049
0.662
0.0468307
0.662
0.0746581
0.662
0.662
0.438762
0.292227
0.107696
0.662
0.248333
0.662
0.364662
0.662
0.662
0.662
0.383871
0.662
0.547339
0.662
0.288059
0.350446
0.0120777
0.662
0.662
0.0411647
0.119296
0.662
0.662
0.662
0.414841
0.662
0.203158
0.662
0.558538
0.662
0.662
0.0548813
0.0626505
0.662
0.662
0.662
0.662
0.662
0.662
0.0987967
0.662
0.662
0.662
0.0456136
0.662
0.212706
0.264855
0.146887
0.662
0.662
0.0493949
0.0156995
0.461602
0.397884
0.203978
0.662
0.662
0.3743
0.0414907
0.662
0.230765
0.444452
0.662
0.375372
0.662
0.269366
0.0492922
0.573397
0.662
0.42289
0.00699215
0.662
0.662
0.662
0.662
0.479608
0.662
0.453676
0.209564
0.662
0.0213185
0.135859
0.254875
0.0365225
0.445912
0.662
0.0659187
0.662
0.390424
0.662
0.662
0.662
0.46035
0.207128
0.662
0.260303
0.130046
0.662
0.19099
0.616423
0.662
0.511332
0.398663
0.114792
0.662
0.662
0.374843
0.262019
0.00176388
0.411934
0.170326
0.623064
0.43393
0.0323642
0.662
0.662
0.391725
0.662
0.426273
0.662
0.662
0.642318
0.0870879
0.0136273
0.662
0.662
0.662
0.0826838
0.0716688
0.662
0.662
0.25203
0.225947
0.662
0.289712
0.662
0.662
0.472848
0.662
0.662
0.13894
0.356184
0.39191
0.662
0.662
0.662
0.662
0.662
0.34134
0.139407
0.662
0.280565
0.662
0.662
0.662
0.321448
0.662
0.0879837
0.662
0.112062
0.584329
0.633391
0.662
0.413329
0.662
0.662
0.662
0.662
0.662
0.662
0.466325
0.168993
0.0350275
0.662
0.662
0.449767
0.662
0.419056
0.415284
0.00633698
0.662
0.273856
0.099639
0.0615794
0.645496
0.224949
0.413591
0.662
0.110697
0.298211
0.662
0.534337
0.140917
0.432046
0.27411
0.446428
0.448075
0.454395
0.662
0.00207069
0.662
0.208643
0.662
0.21649
0.269418
0.662
0.662
0.662
0.662
0.0910122
0.662
0.0254466
0.662
0.662
0.140493
0.662
0.242666
0.309115
0.662
0.662
0.662
0.215471
0.300643
0.662
0.205285
0.259362
0.662
0.00199178
0.48417
0.169145
0.662
0.509862
0.381468
0.185823
0.363506
0.426661
0.422258
0.220225
0.325563
0.0479899
0.662
0.662
0.662
0.0231739
0.662
0.00476547
0.394994
0.662
0.588142
0.662
0.662
0.320458
0.573693
0.662
0.662
0.196495
0.662
0.662
0.662
0.138276
0.45737
0.662
0.519779
0.564107
0.662
0.662
0.218378
0.662
0.251155
0.662
0.662
0.662
0.388295
0.662
0.662
0.662
0.662
0.662
0.593458
0.662
0.0885295
0.662
0.0341246
0.370903
0.662
0.662
0.491607
0.662
0.662
0.662
0.662
0.249185
0.431026
0.606826
0.421231
0.299698
0.061305
0.662
0.324119
0.662
0.662
0.662
0.310101
0.662
0.662
0.662
0.662
0.414945
0.662
0.662
0.662
0.550687
0.662
0.0950256
0.662
0.342905
0.662
0.235487
0.115405
0.662
0.0532531
0.662
0.662
0.335704
0.662
0.378694
0.662
0.275194
0.047853
0.662
0.662
0.662
0.202578
0.0260608
0.662
0.474855
0.252321
0.139992
0.662
0.662
0.367533
0.394044
0.662
0.662
0.000810074
0.0767902
0.662
0.206813
0.662
0.662
0.136615
0.0780993
0.662
0.662
0.349723
0.445775
0.266667
0.662
0.662
0.662
0.662
0.662
0.334192
0.364672
0.662
0.204394
0.662
0.0397175
0.662
0.662
0.662
0.662
0.166824
0.320528
0.662
0.662
0.244503
0.662
0.662
0.662
0.662
0.337256
0.31809
0.662
0.457846
0.22257
0.662
0.0278772
0.662
0.662
0.662
0.662
0.662
0.662
0.662
0.662
0.362196
0.283005
0.662
0.662
0.662
0.0432063
0.148403
0.662
0.0715599
0.662
0.153386
0.662
0.308238
0.662
0.251948
0.332663
0.662
0.662
0.662
0.290875
0.662
0.662
0.662
0.179702
0.31077
0.662
0.662
0.501598
0.121882
0.662
0.662
0.35133
0.0977988
0.662
0.180887
0.0433199
0.0226348
0.662
0.31137
0.662
0.341186
0.590606
0.416867
0.662
