0.0770376
0.662
0.662
0.0659187
0.662
0.662
0.0878105
0.662
0.0676105
0.662
0.442444
0.338941
0.662
0.459792
0.662
0.107696
0.503204
0.413329
0.662
0.662
0.403718
0.0666446
0.27411
0.662
0.662
0.351661
0.662
0.256561
0.206384
0.0192886
0.662
0.662
0.662
0.662
0.0532531
0.247657
0.662
0.662
0.637337
0.0828052
0.27961
0.271243
0.418666
0.662
0.230312
0.448816
0.412918
0.000486744
0.662
0.443936
0.662
0.443419
0.164437
0.662
0.662
0.662
0.662
0.411354
0.34698
0.662
0.662
0.662
0.521847
0.662
0.662
0.662
0.00499883
0.413878
0.321092
0.140128
0.235754
0.662
0.391702
0.662
0.438313
0.200783
0.662
0.177307
0.662
0.475444
0.086067
0.381188
0.261081
0.662
0.662
0.662
0.364198
0.662
0.367635
0.662
0.303875
0.00793993
0.179639
0.0943584
0.662
0.246406
0.128388
0.662
0.662
0.662
0.662
0.662
0.662
0.662
0.0432063
0.215471
0.454965
0.662
0.354187
0.609518
0.584329
0.662
0.618382
0.662
0.662
0.662
0.122391
0.662
0.43107
0.662
0.662
0.662
0.662
0.662
0.22135
0.223711
0.317464
0.0453508
0.123376
0.662
0.0532658
0.0295857
0.662
0.662
0.0121437
0.156634
0.662
0.662
0.662
0.662
0.40744
0.662
0.335356
0.193106
0.061305
0.662
0.662
0.590606
0.422258
0.408506
0.306817
0.384764
0.164899
0.0504817
0.662
0.662
0.662
0.662
0.662
0.662
0.0305028
0.332828
0.662
0.662
0.662
0.141486
0.164157
0.254597
0.662
0.241107
0.542567
0.662
0.662
0.662
0.662
0.662
0.662
0.305159
0.662
0.0728898
0.435804
0.662
0.662
0.662
0.662
0.662
0.421661
0.660028
0.400717
0.365714
0.302301
0.662
0.662
0.662
0.662
0.204394
0.662
0.430403
0.00567964
0.308514
0.629251
0.662
0.662
0.306285
0.212084
0.662
0.453676
0.313626
0.662
0.662
0.0154897
0.356964
0.502848
0.662
0.662
0.062072
0.662
0.662
0.662
0.333377
0.662
0.0978878
0.662
0.0681897
0.35286
0.0638378
0.199308
0.662
0.311391
0.662
0.662
0.662
0.662
0.469523
0.662
0.662
0.218844
0.405766
0.283464
0.212758
0.662
0.662
0.662
0.662
0.662
0.662
0.662
0.23858
0.468142
0.608655
0.304531
0.662
0.662
0.31809
0.662
0.662
0.328915
0.450496
0.391725
0.37121
0.0148276
0.662
0.662
0.662
0.662
0.0281663
0.470244
0.387289
0.393557
0.662
0.23443
0.288049
0.436678
0.34134
0.662
0.662
0.453692
0.662
0.119708
0.662
0.3743
0.519779
0.422847
0.662
0.354823
0.261943
0.224949
0.662
0.00468456
0.417476
0.432722
0.662
0.662
0.42746
0.662
0.341186
0.270026
0.662
0.215155
0.0147822
0.230765
0.662
0.322838
0.472113
0.63339
0.142002
0.662
0.662
0.662
0.20443
0.297577
0.662
0.662
0.662
0.662
0.662
0.662
0.662
0.662
0.662
0.662
0.662
0.662
0.662
0.662
0.477325
0.662
0.662
0.423478
0.0406287
0.202049
0.468667
0.114792
0.662
0.135901
0.662
0.662
0.662
0.0380879
0.662
0.662
0.662
0.662
0.338296
0.662
0.235487
0.662
0.662
0.662
0.662
0.0165584
0.662
0.662
0.406978
0.662
0.662
0.147377
0.32732
0.384939
0.0381393
0.117437
0.321448
0.662
0.662
0.530923
0.662
0.0139942
0.662
0.662
0.100604
0.0414907
0.662
0.480279
0.662
0.207368
0.662
0.662
0.278346
0.662
0.662
0.662
0.662
0.333005
0.206473
0.662
0.0078984
0.115405
0.468875
0.270621
0.207624
0.29548
0.662
0.662
0.294724
0.246476
0.0427433
0.662
0.662
0.0971995
0.662
0.662
0.559361
0.425185
0.169798
0.662
0.124328
0.145393
0.0796126
0.662
0.191358
0.337915
0.212799
0.662
0.338004
0.662
0.414872
0.662
0.662
0.662
0.307967
0.0904297
0.662
0.662
0.662
0.662
0.662
0.662
0.662
0.662
0.190202
0.662
0.662
0.662
0.474998
0.450988
0.2289
0.662
0.260303
0.63339
0.662
0.662
0.662
0.662
0.662
0.662
0.662
0.0778891
0.662
0.662
0.193831
0.662
0.662
0.148196
0.444629
0.662
0.066558
0.662
0.230198
0.310466
0.305032
0.662
0.21649
0.662
0.662
0.282028
0.662
0.662
0.662
0.662
0.373772
0.662
0.662
0.662
0.662
0.662
0.373374
0.3832
0.662
0.259818
0.662
0.662
0.313756
0.418676
0.233636
0.276553
0.0441826
0.0144049
0.662
0.662
0.662
0.523805
0.380961
0.166824
0.317419
0.318313
0.174569
0.0321869
0.418711
0.275913
0.662
0.228314
0.662
0.662
0.320162
0.176056
0.662
0.282803
0.292255
0.153992
0.662
0.42349
0.394024
0.662
0.662
0.662
0.240499
0.385375
0.414841
0.662
0.208844
0.167238
0.662
0.033837
0.594986
0.662
0.662
0.0156995
0.239611
0.309776
0.662
0.267956
0.49284
0.334192
0.662
0.112374
0.0456136
0.486973
0.356697
0.218965
0.662
0.531411
0.662
0.563315
0.0890958
0.20878
0.394282
0.662
0.662
0.402329
0.1592
0.662
0.229453
0.662
0.662
0.326638
0.167144
0.662
0.158913
0.0566153
0.662
0.244764
0.662
0.662
0.316763
0.224996
0.662
0.662
0.188648
0.00646667
0.662
0.386285
0.662
0.662
0.149112
0.0548813
0.662
0.662
0.155995
0.389979
0.262093
0.662
0.662
0.662
0.662
0.662
0.388185
0.662
0.232976
0.434793
0.261928
0.299179
0.662
0.318831
0.662
0.662
0.230685
0.323238
0.662
0.662
0.275319
0.0718485
0.0773464
0.299518
0.662
0.662
0.662
0.44565
0.662
0.197349
0.662
0.36242
0.662
0.187362
0.331236
0.662
0.315933
0.0305088
0.463617
0.662
0.055802
0.474472
0.0241104
0.124187
0.122093
0.662
0.305139
0.590562
0.662
0.662
0.412463
0.519454
0.662
0.662
0.0737043
0.662
0.662
0.175565
0.662
0.662
0.662
0.662
0.19544
0.662
0.662
0.252321
0.662
0.662
0.363081
0.120388
0.540351
0.625399
0.33859
0.419652
0.320528
0.0760596
0.453445
0.0490598
0.662
0.662
0.662
0.0352249
0.407425
0.391503
0.662
0.271059
0.468381
0.124452
0.0461694
0.372841
0.662
0.662
0.111513
0.662
0.45058
0.662
0.662
0.219959
0.662
0.265861
0.662
