0.0587569
0.202195
0.662
0.404969
0.190553
0.662
0.662
0.662
0.612674
0.662
0.662
0.662
0.286133
0.662
0.662
0.662
0.225284
0.342144
0.662
0.307164
0.662
0.433055
0.0885265
0.547175
0.662
0.662
0.134765
0.662
0.536883
0.0359262
0.662
0.662
0.662
0.662
0.0079396
0.0498445
0.380022
0.341756
0.662
0.662
0.662
0.662
0.662
0.0885861
0.662
0.662
0.662
0.662
0.467666
0.662
0.662
0.0991071
0.662
0.548141
0.662
0.662
0.662
0.204927
0.633694
0.662
0.662
0.247501
0.0844117
0.662
0.662
0.325448
0.662
0.662
0.662
0.442927
0.0945585
0.662
0.200826
0.662
0.0638377
0.317309
0.338361
0.318104
0.662
0.302272
0.662
0.662
0.0729799
0.662
0.662
0.64182
0.662
0.662
0.617556
0.662
0.662
0.348295
0.662
0.406859
0.0869844
0.467283
0.00393876
0.662
0.30417
0.369408
0.662
0.211106
0.662
0.212146
0.662
0.251532
0.662
0.434323
0.148423
0.0965608
0.029782
0.472817
0.600394
0.275771
0.0487699
0.292087
0.662
0.662
0.662
0.344498
0.662
0.342916
0.662
0.203605
0.216765
0.662
0.392022
0.662
0.662
0.156669
0.662
0.662
0.662
0.0204584
0.662
0.662
0.211279
0.34319
0.464154
0.409536
0.662
0.662
0.662
0.341295
0.662
0.662
0.212285
0.236647
0.207226
0.662
0.662
0.101787
0.662
0.662
0.662
0.187961
0.662
0.21837
0.662
0.662
0.662
0.305991
0.531917
0.662
0.662
0.662
0.662
0.187309
0.662
0.662
0.243946
0.662
0.662
0.0452856
0.516539
0.662
0.662
0.207178
0.30402
0.277211
0.323425
0.662
0.662
0.662
0.662
0.662
0.142325
0.153301
0.662
0.108037
0.658525
0.651358
0.662
0.662
0.383702
0.44451
0.662
0.662
0.131714
0.662
0.477599
0.217015
0.662
0.662
0.292741
0.300262
0.662
0.104555
0.662
0.662
0.169803
0.229055
0.662
0.662
0.148133
0.41995
0.243845
0.662
0.467173
0.0405082
0.662
0.00420246
0.662
0.662
0.329391
0.454862
0.0606738
0.662
0.156408
0.662
0.495574
0.288916
0.662
0.662
0.303961
0.341387
0.198008
0.207166
0.26669
0.211219
0.662
0.182982
0.515107
0.113538
0.662
0.662
0.662
0.662
0.413099
0.017838
0.246383
0.241107
0.662
0.100522
0.447162
0.662
0.662
0.0487399
0.662
0.447847
0.662
0.662
0.662
0.0541115
0.662
0.662
0.464629
0.191725
0.662
0.271089
0.455007
0.233443
0.228682
0.299875
0.0156213
0.292347
0.662
0.662
0.662
0.122653
0.288351
0.662
0.662
0.662
0.0980794
0.662
0.468476
0.662
0.662
0.191543
0.662
0.416466
0.3205
0.662
0.662
0.662
0.662
0.662
0.662
0.399673
0.431686
0.662
0.05663
0.00982919
0.662
0.186938
0.465357
0.413281
0.46973
0.662
0.662
0.0826286
0.58947
0.662
0.662
0.662
0.355163
0.508525
0.0979489
0.381422
0.239047
0.13516
0.662
0.103062
0.147289
0.485858
0.117985
0.662
0.662
0.662
0.662
0.315258
0.662
0.662
0.662
0.662
0.42405
0.662
0.198043
0.315769
0.366393
0.355053
0.662
0.383977
0.662
0.505478
0.0150526
0.261698
0.662
0.662
0.16537
0.491982
0.662
0.144303
0.394044
0.662
0.08834
0.146845
0.662
0.662
0.662
0.662
0.2248
0.351135
0.120764
0.0163263
0.355451
0.662
0.210241
0.662
0.662
0.442953
0.662
0.662
0.662
0.593335
0.662
0.270981
0.365445
0.662
0.662
0.662
0.662
0.662
0.662
0.0931761
0.662
0.662
0.222219
0.45893
0.662
0.0929829
0.662
0.30875
0.662
0.188431
0.444404
0.662
0.662
0.0263742
0.662
0.346558
0.662
0.662
0.440296
0.235884
0.662
0.662
0.662
0.408112
0.662
0.662
0.662
0.124479
0.662
0.465549
0.662
0.662
0.662
0.265659
0.662
0.526066
0.375033
0.662
0.115323
0.662
0.23052
0.00470694
0.662
0.662
0.662
0.0128744
0.190993
0.179448
0.349049
0.662
0.546321
0.662
0.189918
0.100239
0.255311
0.662
0.662
0.184641
0.662
0.662
0.662
0.0998865
0.445085
0.662
0.662
0.662
0.402595
0.190726
0.662
0.0747322
0.662
0.459431
0.662
0.662
0.662
0.662
0.662
0.373624
0.238205
0.662
0.359951
0.662
0.305221
0.43102
0.662
0.447504
0.662
0.662
0.398867
0.0166824
0.662
0.662
0.343124
0.662
0.662
0.349529
0.0513316
0.662
0.662
0.662
0.662
0.662
0.662
0.662
0.442683
0.315942
0.662
0.288021
0.452688
0.368456
0.235554
0.662
0.146341
0.662
0.136265
0.0615666
0.283096
0.405867
0.662
0.662
0.662
0.412198
0.469049
0.662
0.435784
0.662
0.176771
0.0823235
0.526774
0.662
0.368072
0.662
0.662
0.662
0.662
0.662
0.358245
0.234579
0.662
0.186956
0.662
0.662
0.662
0.662
0.662
0.662
0.415775
0.662
0.662
0.662
0.662
0.6085
0.662
0.662
0.662
0.182119
0.300233
0.155735
0.340945
0.662
0.662
0.662
0.662
0.662
0.431859
0.662
0.662
0.662
0.662
0.662
0.662
0.662
0.312293
0.0296363
0.43154
0.407083
0.662
0.0918159
0.662
0.431577
0.109109
0.394306
0.526952
0.662
0.662
0.104302
0.490338
0.527174
0.662
0.662
0.662
0.288031
0.510029
0.662
0.36319
0.662
0.662
0.200028
0.179008
0.279888
0.450826
0.495289
0.662
0.662
0.076116
0.490699
0.662
0.121089
0.662
0.662
0.662
0.0694314
0.662
0.164126
0.491115
0.321997
0.0600955
0.662
0.662
0.662
0.000801962
0.662
0.662
0.184994
0.0261711
0.348157
0.662
0.480894
0.0593262
0.662
0.152742
0.304948
0.226347
0.662
0.382581
0.0209727
0.662
0.662
0.0757167
0.173198
0.662
0.662
0.322675
0.152527
0.3285
0.662
0.662
0.662
0.41126
0.219722
0.662
0.662
0.662
0.662
0.360539
0.190985
0.662
0.662
0.662
0.662
0.0697858
0.662
0.184977
0.662
0.352646
0.662
0.662
0.662
0.396768
0.662
0.362759
0.662
0.384277
0.09786
0.428864
0.662
0.489129
0.0634952
0.273326
0.662
0.662
0.471593
0.433995
0.662
0.194872
0.662
0.00459007
0.157123
0.155803
0.421293
0.310101
0.588343
0.436574
0.127449
0.662
0.143025
0.662
0.662
0.224246
0.0366078
0.409926
0.662
0.662
0.662
0.248412
0.662
0.205745
0.320461
0.662
0.435947
0.662
0.662
0.028588
0.0853962
0.193422
0.662
0.308178
0.408084
0.557791
0.662
0.662
0.00452295
0.662
0.00602061
0.250239
0.662
0.662
0.662
0.538545
0.662
0.220548
0.662
0.655607
0.662
0.249905
0.662
0.184281
0.580278
0.662
0.662
0.662
0.662
0.662
0.403746
0.662
0.662
0.662
0.199707
0.242353
0.0462272
0.187959
0.00836781
0.662
0.423069
0.0763704
0.662
0.662
0.662
0.662
0.662
0.662
0.662
0.627447
0.101913
0.317106
0.154231
0.245179
0.662
0.662
0.662
0.261499
0.468641
0.662
0.45272
0.662
0.361705
0.342735
0.662
0.662
0.222248
0.408908
0.662
0.176743
0.662
0.662
0.0392652
0.662
0.0894372
0.44241
0.662
0.662
0.041097
0.662
0.662
0.662
0.138101
0.0609292
0.662
0.438321
0.184822
0.396693
0.586754
0.662
0.662
0.249848
0.662
0.662
0.368152
0.662
0.662
0.578097
0.662
0.662
0.662
0.662
0.184412
0.662
0.228356
0.662
0.662
0.274543
0.0296632
0.662
0.662
0.662
0.662
0.662
0.0677841
0.662
0.0109118
0.662
0.421378
0.662
0.662
0.662
0.472317
0.463741
0.202232
0.238159
0.243809
0.130056
0.318144
0.481249
0.0267351
0.418295
0.662
0.662
0.0217929
0.662
0.662
0.00880446
0.662
0.301743
0.299764
0.0946837
0.182038
0.0340082
0.581176
0.662
0.662
0.662
0.662
0.429048
0.662
0.662
0.662
0.662
0.662
0.662
0.440001
0.662
0.662
0.662
0.662
0.442003
0.182402
0.662
0.662
0.0960684
0.637288
0.662
0.472707
0.662
0.135707
0.104551
0.31565
0.397539
0.662
0.559647
0.662
0.662
0.662
0.446472
0.662
0.36061
0.662
0.662
0.202023
0.662
0.662
0.662
0.662
0.662
0.270967
0.662
0.662
0.461524
0.662
0.402196
0.662
0.152126
0.40123
0.24156
0.191896
0.00853174
0.662
0.330321
0.354356
0.662
0.268839
0.662
0.662
0.662
0.662
0.662
0.662
0.366579
0.662
0.0200933
0.662
0.662
0.0628592
0.41289
0.262168
0.479429
0.662
0.662
0.475371
0.662
0.662
0.662
0.662
0.0822492
0.662
0.662
0.36663
0.662
0.0293286
0.662
0.476942
0.334576
0.662
0.0371875
0.662
0.492086
0.662
0.14788
0.662
0.662
0.662
0.662
0.219973
0.335106
0.662
0.662
0.662
0.295371
0.402423
0.210398
0.138025
0.313606
0.306585
0.395699
0.662
0.662
0.662
0.662
0.662
0.439646
0.662
0.124099
0.285397
0.662
0.662
0.662
0.662
0.662
0.350607
0.293546
0.662
0.662
0.662
0.448323
0.662
0.128673
0.458478
0.662
0.211267
0.662
0.662
0.662
0.0432091
0.301916
0.662
0.662
0.450549
0.662
0.124496
0.287092
0.0114788
0.662
0.662
0.662
0.662
0.243707
0.662
0.662
0.662
0.662
0.662
0.302792
0.27478
0.662
0.662
0.662
0.662
0.148818
0.315454
0.121021
0.662
0.662
0.662
0.30484
0.403191
0.0785609
0.418274
0.425737
0.312486
0.184304
0.191676
0.662
0.662
0.065674
0.443378
0.662
0.662
0.662
0.025555
0.244424
0.662
0.429544
0.662
0.662
0.662
0.662
0.289772
0.109179
0.662
0.0276092
0.662
0.10369
0.436015
0.662
0.236935
0.662
0.594125
0.662
0.662
0.662
0.233871
0.662
0.662
0.342772
0.40942
0.662
0.252455
0.530315
0.158012
0.662
0.380048
0.369479
0.662
0.0196894
0.662
0.0730677
0.0468409
0.662
0.339491
0.501992
0.662
0.662
0.662
0.662
0.224887
0.662
0.662
0.35816
0.662
0.077018
0.662
0.662
0.373912
0.662
0.662
0.662
0.662
0.662
0.318094
0.662
0.123523
0.662
0.662
0.662
0.117483
0.662
0.662
0.269379
0.662
0.662
0.358226
0.662
0.662
0.662
0.352915
0.662
0.0207648
0.662
0.141457
0.662
0.662
0.36849
0.662
0.662
0.662
0.0720647
0.662
0.446014
0.0887285
0.424691
0.662
0.662
0.139715
0.662
0.124195
0.194054
0.662
0.416334
0.237698
0.662
0.211461
0.355904
0.662
0.223245
0.662
0.662
0.238809
0.662
0.213836
0.662
0.135152
0.662
0.625199
0.385975
0.540771
0.40454
0.662
0.662
0.263023
0.662
0.519682
0.0297984
0.662
0.0843414
0.662
0.192064
0.447779
0.205599
0.662
0.190303
0.662
0.450718
0.662
0.0431586
0.662
0.662
0.219318
0.105353
0.355989
0.435671
0.662
0.171419
0.473249
0.200673
0.155219
0.662
0.662
0.346997
0.662
0.662
0.336267
0.198322
0.662
0.297497
0.306758
0.662
0.153406
0.0443761
0.274072
0.413393
0.662
0.662
0.386071
0.662
0.662
0.662
0.0416792
0.662
0.662
0.470985
0.662
