0.404287
0.0829416
0.662
0.406257
0.0763634
0.414346
0.416129
0.662
0.662
0.662
0.662
0.20296
0.662
0.151664
0.662
0.662
0.662
0.295452
0.439833
0.37815
0.662
0.264557
0.662
0.662
0.662
0.217674
0.453149
0.36663
0.662
0.357654
0.662
0.206875
0.662
0.662
0.0603029
0.662
0.662
0.662
0.219296
0.662
0.662
0.662
0.662
0.289537
0.417462
0.024279
0.662
0.662
0.662
0.662
0.0964161
0.395021
0.549528
0.662
0.568727
0.662
0.662
0.0660228
0.410422
0.328394
0.662
0.0799502
0.662
0.662
0.662
0.371296
0.662
0.232066
0.193202
0.264622
0.662
0.662
0.252081
0.0773522
0.444296
0.138643
0.0416637
0.662
0.662
0.452427
0.662
0.662
0.662
0.120741
0.662
0.472128
0.662
0.662
0.332864
0.233987
0.461816
0.662
0.662
0.662
0.452922
0.13793
0.396654
0.662
0.662
0.662
0.662
0.13516
0.285012
0.0193592
0.662
0.662
0.242333
0.400401
0.662
0.589245
0.662
0.662
0.662
0.367416
0.299988
0.0896772
0.662
0.662
0.662
0.572138
0.342823
0.492992
0.445085
0.662
0.421666
0.662
0.662
0.483642
0.662
0.662
0.662
0.302833
0.662
0.191817
0.319352
0.662
0.0842237
0.0445173
0.662
0.472567
0.662
0.662
0.461524
0.267406
0.0113624
0.662
0.662
0.662
0.662
0.168516
0.0775383
0.0892762
0.662
0.662
0.662
0.662
0.366382
0.662
0.201528
0.188398
0.662
0.662
0.662
0.230131
0.1645
0.662
0.444732
0.662
0.662
0.0168838
0.342055
0.0876025
0.461774
0.240272
0.411891
0.129507
0.662
0.662
0.662
0.0595426
0.662
0.593496
0.662
0.0171321
0.662
0.0434927
0.116425
0.278733
0.662
0.662
0.662
0.662
0.662
0.662
0.0269497
0.662
0.662
0.14932
0.409854
0.662
0.662
0.203016
0.459638
0.299283
0.443109
0.398317
0.662
0.662
0.422919
0.662
0.440552
0.0743316
0.0951075
0.46731
0.386017
0.252494
0.370627
0.00700867
0.296081
0.662
0.662
0.662
0.662
0.662
0.662
0.662
0.221706
0.662
0.662
0.662
0.145481
0.125087
0.662
0.524559
0.662
0.0316938
0.467663
0.662
0.662
0.104263
0.222814
0.662
0.662
0.662
0.145245
0.662
0.662
0.662
0.22796
0.151678
0.329682
0.263406
0.631889
0.259424
0.369856
0.385578
0.181229
0.662
0.0635624
0.338587
0.662
0.662
0.662
0.175038
0.223965
0.662
0.39163
0.0454543
0.662
0.11273
0.33535
0.662
0.418295
0.662
0.324626
0.0363171
0.338894
0.662
0.419951
0.187127
0.662
0.0718909
0.662
0.35783
0.0497856
0.662
0.430908
0.035836
0.216848
0.662
0.662
0.662
0.363939
0.466549
0.287268
0.662
0.0645407
0.662
0.662
0.662
0.662
0.30402
0.662
0.662
0.615711
0.357056
0.662
0.662
0.418548
0.662
0.662
0.662
0.662
0.662
0.662
0.22037
0.662
0.389809
0.662
0.108336
0.662
0.213712
0.415627
0.228621
0.662
0.474233
0.662
0.662
0.662
0.662
0.662
0.662
0.584236
0.411385
0.416802
0.662
0.0989946
0.400064
0.426081
0.662
0.230276
0.240104
0.534079
0.662
0.139391
0.3686
0.662
0.0965608
0.582876
0.168068
0.662
0.412599
0.273284
0.662
0.662
0.662
0.662
0.662
0.089088
0.0820026
0.214404
0.0864945
0.411924
0.662
0.662
0.662
0.383314
0.662
0.201492
0.662
0.662
0.662
0.662
0.662
0.662
0.662
0.662
0.427019
0.662
0.662
0.662
0.662
0.0457881
0.662
0.105963
0.662
0.0218803
0.495183
0.349517
0.662
0.662
0.564922
0.662
0.47322
0.662
0.312154
0.662
0.662
0.0154978
0.432595
0.233952
0.0809616
0.464268
0.662
0.0104346
0.182743
0.662
0.00373591
0.13029
0.662
0.393443
0.0230711
0.426504
0.662
0.662
0.516511
0.662
0.389184
0.662
0.662
0.662
0.662
0.662
0.285397
0.662
0.0503698
0.0218546
0.376084
0.662
0.662
0.221378
0.189697
0.397792
0.662
0.332152
0.138808
0.662
0.662
0.252492
0.295936
0.662
0.662
0.505696
0.127733
0.662
0.337837
0.662
0.662
0.409887
0.0948555
0.662
0.662
0.662
0.662
0.324279
0.662
0.662
0.662
0.0946071
0.243256
0.662
0.0955252
0.662
0.0267095
0.662
0.187404
0.227505
0.662
0.662
0.662
0.662
0.662
0.301873
0.662
0.504736
0.662
0.662
0.662
0.382962
0.662
0.254075
0.521775
0.662
0.662
0.662
0.0151315
0.662
0.243946
0.662
0.299131
0.662
0.662
0.63339
0.662
0.472682
0.437539
0.662
0.331062
0.128824
0.662
0.293148
0.662
0.35799
0.408292
0.292359
0.662
0.662
0.240873
0.662
0.662
0.0257733
0.473204
0.0460083
0.662
0.283391
0.417812
0.662
0.662
0.119581
0.662
0.399366
0.011746
0.603114
0.662
0.424789
0.662
0.662
0.310377
0.491396
0.662
0.0650828
0.201913
0.0585224
0.244059
0.662
0.303312
0.662
0.269175
0.282413
0.662
0.43946
0.662
0.662
0.0639125
0.662
0.662
0.662
0.094351
0.662
0.0896489
0.662
0.359922
0.662
0.395738
0.556627
0.250076
0.0479176
0.0209727
0.662
0.204499
0.662
0.280898
0.662
0.662
0.662
0.662
0.348295
0.662
0.186654
0.0353481
0.338874
0.0649959
0.280036
0.411653
0.662
0.662
0.662
0.662
0.445085
0.662
0.462834
0.662
0.662
0.662
0.125105
0.662
0.662
0.304885
0.474177
0.545806
0.662
0.13345
0.173299
0.106278
0.662
0.388276
0.662
0.231105
0.242149
0.662
0.662
0.104441
0.662
0.662
0.216407
0.106927
0.0341999
0.516521
0.662
0.662
0.662
0.662
0.122305
0.662
0.662
0.662
0.662
0.16937
0.0604481
0.662
0.32749
0.278128
0.213843
0.662
0.120468
0.662
0.563196
0.662
0.662
0.662
0.553514
0.662
0.224442
0.662
0.662
0.440437
0.662
0.0521493
0.333237
0.662
0.662
0.227025
0.0698264
0.0931761
0.125535
0.443194
0.538284
0.0580688
0.0314357
0.662
0.662
0.36453
0.358443
0.156483
0.662
0.662
0.279938
0.662
0.662
0.149807
0.662
0.116039
0.0980794
0.177671
0.00656479
0.662
0.0448099
0.662
0.194609
0.662
0.662
0.662
0.662
0.662
0.662
0.425737
0.662
0.461593
0.662
0.662
0.0255593
0.662
0.662
0.662
0.318484
0.122752
0.329143
0.662
0.0779391
0.662
0.662
0.57627
0.662
0.246236
0.662
0.0229813
0.662
0.662
0.662
0.662
0.422221
0.662
0.662
0.151695
0.106993
0.662
0.662
0.662
0.359526
0.302783
0.162428
0.662
0.662
0.662
0.383702
0.287863
0.315454
0.343573
0.662
0.422365
0.662
0.331896
0.662
0.137546
0.426056
0.662
0.409553
0.662
0.00761663
0.133592
0.19966
0.200783
0.662
0.461981
0.156453
0.662
0.662
0.662
0.662
0.355704
0.662
0.395461
0.221647
0.662
0.662
0.387306
0.662
0.121138
0.189125
0.357992
0.391618
0.289118
0.365114
0.662
0.662
0.662
0.426899
0.662
0.363727
0.0811301
0.662
0.417499
0.662
0.104459
0.304441
0.472368
0.0382756
0.154776
0.662
0.662
0.662
0.263472
0.211613
0.662
0.0837773
0.400501
0.662
0.662
0.376516
0.482653
0.0565211
0.151747
0.122562
0.662
0.662
0.0113294
0.460957
0.332358
0.151971
0.358072
0.662
0.662
0.662
0.662
0.662
0.662
0.662
0.662
0.662
0.662
0.662
0.147389
0.662
0.662
0.400406
0.662
0.662
0.253093
0.0638377
0.511877
0.0852312
0.662
0.662
0.0674836
0.662
0.662
0.662
0.134118
0.38931
0.310404
0.0396742
0.662
0.0156721
0.662
0.662
0.123179
0.662
0.19871
0.662
0.0279329
0.662
0.662
0.170462
0.565481
0.285899
0.662
0.662
0.192704
0.662
0.662
0.662
0.662
0.662
0.662
0.00283588
0.662
0.191276
0.334201
0.182447
0.662
0.662
0.45423
0.662
0.212489
0.010729
0.0253904
0.363163
0.10375
0.404604
0.662
0.662
0.414052
0.157596
0.662
0.662
0.348254
0.662
0.432432
0.662
0.662
0.253028
0.662
0.662
0.00176183
0.470979
0.662
0.662
0.645061
0.662
0.662
0.19227
0.662
0.368163
0.148472
0.662
0.662
0.662
0.662
0.662
0.662
0.00815127
0.662
0.662
0.662
0.662
0.567981
0.195577
0.0194542
0.662
0.371787
0.662
0.662
0.662
0.037169
0.662
0.254042
0.350139
0.662
0.662
0.203138
0.662
0.662
0.00210819
0.662
0.0828645
0.662
0.662
0.290807
0.417408
0.14979
0.268785
0.0666613
0.445367
0.248615
0.662
0.662
0.662
0.662
0.662
0.662
0.106406
0.662
0.662
0.627542
0.662
0.662
0.232182
0.662
0.662
0.662
0.662
0.551515
0.43235
0.662
0.385913
0.662
0.662
0.662
0.662
0.662
0.226261
0.0784145
0.275088
0.662
0.18724
0.458857
0.130744
0.662
0.324793
0.662
0.0066394
0.662
0.115783
0.265682
0.662
0.662
0.662
0.662
0.332666
0.662
0.662
0.662
0.662
0.662
0.662
0.232899
0.662
0.562553
0.662
0.662
0.662
0.659601
0.662
0.662
0.302124
0.662
0.270714
0.662
0.662
0.38618
0.662
0.662
0.157174
0.0232579
0.662
0.0597322
0.376955
0.536902
0.444774
0.662
0.662
0.662
0.3544
0.662
0.153412
0.662
0.46966
0.203364
0.137183
0.662
0.393046
0.290205
0.214396
0.662
0.619255
0.316387
0.662
0.662
0.186347
0.662
0.662
0.131654
0.075301
0.158756
0.662
0.662
0.662
0.662
0.458277
0.662
0.662
0.662
0.662
0.662
0.662
0.341411
0.662
0.523084
0.662
0.662
0.662
0.60855
0.662
0.280981
0.662
0.270339
0.662
0.662
0.40123
0.477424
0.489478
0.662
0.310641
0.429706
0.662
0.205283
0.226375
0.0115159
0.109894
0.410873
0.662
0.662
0.111856
0.662
0.182782
0.662
0.462625
0.190241
0.275826
0.189419
0.662
0.191115
0.662
0.266388
0.662
0.0063163
0.662
0.662
0.662
0.433863
0.662
0.406656
0.662
0.662
0.662
0.662
0.52574
0.163823
0.219647
0.489463
0.0307705
0.372455
0.0929829
0.197617
0.439376
0.662
0.662
0.296042
0.0171155
0.475205
0.359687
0.32324
0.0569301
0.131888
0.171681
0.336267
0.662
0.278832
0.242338
0.305851
0.662
0.00064432
0.186158
0.442567
0.662
0.459977
0.662
0.422208
0.662
0.409749
0.662
0.193562
0.257013
0.662
0.662
0.662
0.566179
0.410938
0.662
0.156292
0.662
0.165644
0.266833
0.219722
0.662
0.662
0.252029
0.662
0.662
0.662
0.662
0.662
0.662
0.662
0.341918
0.662
0.662
0.0583203
0.662
0.662
0.40364
0.530317
0.396404
0.662
0.334052
0.662
0.325501
0.662
0.662
0.48481
0.282499
0.662
0.662
0.662
0.323811
0.356527
0.662
0.662
0.662
0.662
0.364821
0.662
0.662
0.409718
0.18621
0.43898
0.204135
0.100549
0.662
0.662
0.253486
0.379145
0.292754
0.662
0.514917
0.0927303
0.137369
0.662
0.662
0.202806
0.662
0.56499
0.662
0.662
0.192127
0.11113
0.662
0.662
0.160086
0.166688
