0.129261
0.662
0.662
0.662
0.12423
0.662
0.575473
0.662
0.271607
0.514283
0.372127
0.662
0.662
0.609434
0.405468
0.462074
0.662
0.0562897
0.480889
0.662
0.662
0.662
0.471469
0.662
0.662
0.662
0.662
0.426598
0.395591
0.662
0.250352
0.0121739
0.662
0.662
0.47101
0.58853
0.662
0.662
0.470333
0.662
0.662
0.662
0.100452
0.236865
0.662
0.194082
0.445011
0.662
0.662
0.662
0.662
0.163788
0.472655
0.468508
0.00389934
0.111145
0.476393
0.0516705
0.662
0.0195191
0.662
0.31386
0.662
0.438533
0.34162
0.662
0.171211
0.033713
0.662
0.662
0.662
0.662
0.172743
0.662
0.0777369
0.319388
0.662
0.261215
0.662
0.203932
0.662
0.48897
0.662
0.462834
0.662
0.0594805
0.662
0.662
0.662
0.230723
0.662
0.213463
0.662
0.662
0.662
0.662
0.662
0.265231
0.662
0.662
0.452035
0.431868
0.0792283
0.213868
0.662
0.2839
0.573288
0.186677
0.278305
0.662
0.662
0.662
0.662
0.0599567
0.662
0.662
0.106993
0.662
0.269199
0.662
0.178617
0.366589
0.0516627
0.439364
0.350463
0.0833069
0.529982
0.242475
0.0738781
0.662
0.662
0.241524
0.662
0.662
0.662
0.662
0.381572
0.662
0.253969
0.662
0.248781
0.662
0.662
0.464614
0.263987
0.437426
0.662
0.414464
0.662
0.662
0.662
0.190763
0.0736273
0.368163
0.662
0.662
0.662
0.662
0.427867
0.384378
0.249424
0.662
0.662
0.662
0.264622
0.662
0.244386
0.270229
0.662
0.219518
0.662
0.451011
0.662
0.114389
0.413666
0.0569281
0.177065
0.662
0.662
0.288529
0.662
0.662
0.125382
0.662
0.0472341
0.662
0.662
0.24966
0.384128
0.223284
0.28715
0.439051
0.316893
0.662
0.438341
0.662
0.662
0.662
0.662
0.478817
0.662
0.21086
0.456282
0.175959
0.662
0.662
0.242818
0.662
0.662
0.662
0.312144
0.662
0.662
0.662
0.662
0.399795
0.662
0.662
0.662
0.252029
0.400448
0.662
0.567145
0.662
0.306955
0.448772
0.394335
0.137369
0.430801
0.662
0.0202693
0.369305
0.662
0.216565
0.189876
0.662
0.662
0.268526
0.662
0.165612
0.0720599
0.662
0.662
0.387214
0.590651
0.662
0.662
0.380324
0.662
0.662
0.419077
0.662
0.0703338
0.662
0.135909
0.662
0.662
0.2926
0.121314
0.11223
0.662
0.461425
0.287377
0.662
0.601308
0.542959
0.662
0.662
0.662
0.594111
0.435954
0.662
0.662
0.209188
0.479285
0.662
0.662
0.468882
0.662
0.662
0.662
0.662
0.40474
0.347035
0.446164
0.104618
0.352857
0.662
0.662
0.2756
0.662
0.104807
0.662
0.237319
0.234222
0.391292
0.388859
0.662
0.662
0.662
0.188768
0.662
0.662
0.0831497
0.662
0.268648
0.00625822
0.153303
0.662
0.662
0.662
0.113249
0.662
0.662
0.337359
0.208187
0.662
0.662
0.662
0.219678
0.0595426
0.662
0.362044
0.571702
0.662
0.662
0.334295
0.662
0.662
0.662
0.0277428
0.662
0.662
0.662
0.662
0.455418
0.662
0.662
0.662
0.662
0.662
0.225713
0.278339
0.662
0.576577
0.358582
0.662
0.662
0.662
0.662
0.525517
0.662
0.332054
0.662
0.0811195
0.309002
0.12326
0.232927
0.662
0.662
0.662
0.662
0.440453
0.389399
0.662
0.662
0.191852
0.410713
0.662
0.662
0.335954
0.662
0.662
0.662
0.662
0.335504
0.362204
0.270843
0.662
0.357808
0.0107773
0.156625
0.439723
0.147114
0.662
0.0673923
0.100294
0.102641
0.662
0.0434077
0.662
0.662
0.33758
0.185494
0.28219
0.0284894
0.662
0.662
0.662
0.205401
0.662
0.662
0.662
0.331183
0.662
0.662
0.476397
0.662
0.368167
0.662
0.458771
0.171727
0.362464
0.234981
0.662
0.447549
0.109978
0.662
0.662
0.662
0.464727
0.0338462
0.662
0.309811
0.662
0.662
0.438658
0.472567
0.347801
0.197955
0.108918
0.114654
0.321001
0.332185
0.662
0.662
0.190112
0.662
0.375843
0.191772
0.662
0.662
0.303577
0.182653
0.24658
0.662
0.662
0.662
0.662
0.377816
0.662
0.490202
0.409207
0.336767
0.113812
0.662
0.0940191
0.662
0.662
0.225796
0.324566
0.662
0.0724572
0.561896
0.18969
0.393871
0.662
0.662
0.100958
0.662
0.662
0.662
0.662
0.662
0.594244
0.334137
0.280188
0.292953
0.662
0.662
0.662
0.662
0.662
0.413407
0.273078
0.556028
0.662
0.662
0.662
0.345527
0.662
0.464383
0.662
0.100217
0.247952
0.662
0.347738
0.662
0.662
0.534859
0.482667
0.662
0.662
0.287107
0.662
0.662
0.662
0.662
0.163223
0.118108
0.662
0.662
0.469837
0.662
0.128584
0.415178
0.0817884
0.662
0.662
0.662
0.662
0.0269497
0.0596418
0.0623683
0.662
0.14339
0.662
0.662
0.0247239
0.662
0.662
0.195972
0.662
0.129507
0.662
0.350982
0.543467
0.251886
0.269947
0.662
0.532457
0.662
0.662
0.191925
0.662
0.662
0.206458
0.662
0.662
0.662
0.174471
0.100677
0.0967373
0.662
0.662
0.537487
0.471501
0.662
0.417639
0.662
0.43616
0.662
0.181602
0.662
0.662
0.475103
0.209024
0.662
0.232646
0.662
0.186546
0.662
0.008025
0.662
0.662
0.662
0.441712
0.361015
0.201281
0.662
0.662
0.131997
0.662
0.662
0.662
0.434084
0.662
0.662
0.662
0.241365
0.662
0.662
0.662
0.662
0.633391
0.662
0.336981
0.662
0.662
0.334362
0.424693
0.662
0.0171155
0.0736599
0.207075
0.468526
0.381789
0.0849049
0.662
0.588502
0.662
0.121624
0.322276
0.638302
0.208498
0.662
0.662
0.662
0.662
0.662
0.29412
0.662
0.153201
0.662
0.662
0.288473
0.662
0.239878
0.662
0.662
0.488071
0.272868
0.662
0.291376
0.662
0.441296
0.662
0.662
0.182985
0.633694
0.662
0.435808
0.18669
0.662
0.662
0.338473
0.662
0.662
0.103658
0.368907
0.407688
0.442914
0.662
0.662
0.395248
0.662
0.335829
0.285136
0.662
0.505418
0.0208209
0.662
0.662
0.662
0.318256
0.0748201
0.662
0.662
0.415971
0.662
0.662
0.221236
0.662
0.662
0.0791505
0.231972
0.436922
0.218056
0.104261
0.662
0.662
0.230596
0.112862
0.288355
0.662
0.662
0.662
0.662
0.119126
0.662
0.662
0.146422
0.205551
0.662
0.0880153
0.236539
0.662
0.662
0.662
0.662
0.20272
0.662
0.662
0.662
0.0168838
0.662
0.256769
0.662
0.662
0.398943
0.284493
0.662
0.662
0.126032
0.662
0.662
0.332513
0.3544
0.15452
0.164744
0.662
0.662
0.662
0.662
0.00133134
0.662
0.382253
0.662
0.662
0.00429271
0.228679
0.403417
0.662
0.662
0.199432
0.293751
0.662
0.221378
0.662
0.464698
0.282849
0.170976
0.662
0.662
0.662
0.472303
0.662
0.340778
0.662
0.662
0.662
0.251285
0.662
0.662
0.415705
0.228314
0.185039
0.449282
0.235263
0.662
0.662
0.662
0.662
0.240272
0.662
0.131957
0.662
0.62897
0.185905
0.352883
0.412795
0.662
0.176994
0.662
0.662
0.662
0.392999
0.662
0.14874
0.662
0.662
0.662
0.236792
0.161946
0.662
0.382955
0.662
0.662
0.261352
0.213528
0.662
0.662
0.662
0.662
0.662
0.3399
0.662
0.144331
0.662
0.662
0.398865
0.662
0.662
0.447369
0.662
0.2462
0.662
0.662
0.212489
0.202069
0.166947
0.662
0.316422
0.368421
0.662
0.662
0.301496
0.662
0.662
0.662
0.0964774
0.229492
0.210324
0.605656
0.662
0.662
0.662
0.277073
0.662
0.543066
0.406221
0.299988
0.173967
0.662
0.109951
0.0238793
0.531743
0.227535
0.662
0.147672
0.662
0.272381
0.1645
0.662
0.339679
0.662
0.188333
0.41004
0.662
0.662
0.662
0.355262
0.662
0.662
0.0760254
0.662
0.318274
0.662
0.662
0.662
0.388375
0.662
0.622766
0.476894
0.137242
0.662
0.662
0.132494
0.662
0.137693
0.375784
0.662
0.662
0.662
0.444019
0.475706
0.662
0.662
0.419318
0.0938699
0.662
0.0185049
0.0473848
0.662
0.491138
0.25743
0.0114179
0.662
0.414481
0.662
0.662
0.208702
0.182628
0.662
0.662
0.0448099
0.401551
0.196824
0.391283
0.662
0.267513
0.200052
0.414015
0.0758648
0.662
0.662
0.645544
0.0658436
0.368705
0.149451
0.494187
0.207734
0.129139
0.662
0.633694
0.662
0.662
0.426218
0.662
0.662
0.662
0.662
0.465872
0.0340684
0.273986
0.0670337
0.198325
0.662
0.662
0.206024
0.662
0.408999
0.0739054
0.389376
0.662
0.662
0.483839
0.135147
0.105184
0.662
0.662
0.662
0.390383
0.662
0.662
0.662
0.662
0.662
0.662
0.662
0.113052
0.480619
0.662
0.662
0.413305
0.36637
0.662
0.662
0.662
0.662
0.662
0.0814773
0.662
0.474444
0.074591
0.662
0.256273
0.470873
0.451889
0.662
0.0232105
0.48603
0.189233
0.662
0.178648
0.152487
0.212383
0.527083
0.662
0.662
0.30427
0.662
0.662
0.662
0.18913
0.255993
0.662
0.416029
0.456433
0.662
0.662
0.419373
0.662
0.662
0.662
0.662
0.286225
0.205772
0.222534
0.662
0.169303
0.122914
0.443431
0.662
0.662
0.662
0.662
0.662
0.662
0.662
0.581475
0.136756
0.662
0.416385
0.662
0.337517
0.439792
0.3398
0.662
0.662
0.469745
0.662
0.662
0.319827
0.662
0.662
0.442567
0.382156
0.196015
0.662
0.662
0.0698524
0.491234
0.332171
0.662
0.34798
0.662
0.346726
0.19659
0.441015
0.549095
0.662
0.662
0.662
0.258968
0.662
0.662
0.285815
0.662
0.662
0.662
0.662
0.208257
0.662
0.662
0.662
0.662
0.662
0.662
0.52944
0.662
0.266213
0.0628679
0.556642
0.47599
0.662
0.491785
0.662
0.348215
0.662
0.0265797
0.662
0.232025
0.453911
0.314959
0.662
0.00656479
0.662
0.662
0.355197
0.111311
0.662
0.258292
0.246446
0.662
0.662
0.0567493
0.05766
0.232186
0.298315
0.662
0.662
0.438864
0.247749
0.51439
0.662
0.12757
0.662
0.662
0.662
0.160861
0.130159
0.529602
0.276594
0.132705
0.453141
0.662
0.662
0.662
0.662
0.4743
0.327708
0.404603
0.215419
0.246769
0.662
0.662
0.662
0.662
0.662
0.662
0.662
0.662
0.662
0.149584
0.662
0.0560518
0.662
0.282745
0.0497856
0.662
0.662
0.289503
0.295791
0.662
0.151747
0.662
0.662
0.662
0.0232727
0.0721088
0.617533
0.662
0.662
0.331076
0.662
0.662
0.345838
0.662
0.662
0.467202
0.662
0.287268
0.662
0.475581
0.662
0.662
0.662
0.662
0.0766025
0.662
0.662
0.399619
0.662
0.662
0.236706
0.240477
0.65676
0.662
0.460026
0.304415
0.662
0.443798
0.446597
0.0692034
0.329719
0.662
0.662
0.300925
0.662
0.405817
0.662
