0.456167
0.334133
0.662
0.662
0.0300547
0.662
0.662
0.662
0.662
0.662
0.662
0.107486
0.470115
0.662
0.662
0.662
0.662
0.390188
0.310797
0.0367083
0.142336
0.662
0.182594
0.662
0.310217
0.662
0.662
0.662
0.662
0.411604
0.569242
0.662
0.14356
0.10761
0.662
0.345103
0.465855
0.662
0.662
0.662
0.0286762
0.558344
0.246871
0.662
0.662
0.662
0.662
0.662
0.662
0.662
0.124775
0.662
0.401368
0.242516
0.662
0.403384
0.662
0.100473
0.662
0.0310793
0.662
0.662
0.428708
0.0227859
0.662
0.159558
0.662
0.0453243
0.662
0.0592352
0.362044
0.336122
0.662
0.279932
0.662
0.662
0.662
0.207098
0.662
0.662
0.662
0.662
0.662
0.662
0.472916
0.420907
0.180919
0.317566
0.314289
0.662
0.420445
0.662
0.591782
0.409209
0.451669
0.421809
0.662
0.419578
0.662
0.084233
0.662
0.190188
0.662
0.252878
0.454027
0.469303
0.015873
0.662
0.213472
0.662
0.662
0.0505911
0.662
0.317215
0.662
0.662
0.662
0.662
0.662
0.295371
0.662
0.38214
0.662
0.0457634
0.386002
0.662
0.24905
0.048621
0.662
0.662
0.390005
0.662
0.662
0.662
0.381183
0.510264
0.662
0.662
0.11806
0.151888
0.147432
0.662
0.0310505
0.662
0.662
0.662
0.31738
0.502692
0.662
0.2803
0.197648
0.197419
0.662
0.662
0.304837
0.00731305
0.478326
0.662
0.199725
0.662
0.249019
0.305496
0.379222
0.215794
0.662
0.0848148
0.303488
0.392502
0.38763
0.662
0.662
0.471783
0.662
0.662
0.662
0.336176
0.662
0.662
0.662
0.662
0.662
0.662
0.267213
0.662
0.662
0.563639
0.0402197
0.0755698
0.610434
0.662
0.425792
0.662
0.395681
0.00065293
0.662
0.662
0.422389
0.662
0.662
0.662
0.662
0.662
0.662
0.393092
0.389294
0.33898
0.662
0.662
0.0913948
0.14584
0.276006
0.662
0.662
0.13679
0.662
0.662
0.662
0.662
0.398719
0.662
0.662
0.391023
0.662
0.662
0.662
0.662
0.201752
0.662
0.662
0.662
0.526961
0.11301
0.418147
0.383485
0.198097
0.485748
0.662
0.662
0.207029
0.160948
0.662
0.147863
0.662
0.462949
0.0154897
0.255592
0.477249
0.186096
0.0228081
0.662
0.445609
0.662
0.280937
0.662
0.297408
0.662
0.662
0.135297
0.662
0.378643
0.13942
0.24448
0.662
0.105457
0.205508
0.662
0.662
0.175231
0.373374
0.662
0.336054
0.245705
0.0024273
0.662
0.221018
0.662
0.184851
0.662
0.662
0.114768
0.662
0.662
0.662
0.662
0.662
0.662
0.233196
0.351661
0.662
0.598488
0.662
0.662
0.561366
0.662
0.662
0.662
0.662
0.338464
0.662
0.662
0.662
0.662
0.622776
0.463962
0.662
0.662
0.406034
0.662
0.352704
0.662
0.0600044
0.593599
0.662
0.0835168
0.31592
0.360473
0.209054
0.662
0.662
0.662
0.473515
0.662
0.662
0.662
0.390566
0.402263
0.218865
0.662
0.38192
0.662
0.662
0.389186
0.662
0.662
0.432058
0.662
0.331062
0.662
0.328656
0.215296
0.662
0.662
0.662
0.662
0.662
0.0164063
0.662
0.21202
0.419839
0.662
0.543857
0.662
0.662
0.662
0.662
0.209528
0.304406
0.367212
0.430764
0.392293
0.662
0.662
0.662
0.662
0.662
0.662
0.662
0.662
0.662
0.662
0.394227
0.265524
0.662
0.00588282
0.407057
0.662
0.662
0.662
0.662
0.17377
0.662
0.662
0.662
0.0276436
0.662
0.662
0.662
0.463296
0.662
0.00249931
0.662
0.662
0.437641
0.662
0.102776
0.662
0.662
0.479971
0.662
0.00647057
0.662
0.662
0.438694
0.551819
0.662
0.413605
0.305032
0.259513
0.477916
0.355469
0.572031
0.0301125
0.662
0.235463
0.662
0.323195
0.0851475
0.662
0.204433
0.662
0.211771
0.662
0.662
0.662
0.662
0.662
0.662
0.662
0.662
0.439973
0.662
0.432485
0.00490821
0.662
0.662
0.330053
0.662
0.662
0.502095
0.270298
0.478966
0.36531
0.662
0.662
0.662
0.662
0.662
0.662
0.662
0.271099
0.360368
0.662
0.662
0.662
0.662
0.271456
0.166194
0.0369847
0.204207
0.662
0.662
0.279064
0.084324
0.249162
0.210599
0.662
0.398736
0.238615
0.662
0.662
0.662
0.662
0.305685
0.662
0.662
0.47482
0.272541
0.435758
0.0819596
0.662
0.0807615
0.662
0.662
0.662
0.662
0.633391
0.662
0.662
0.440184
0.31662
0.662
0.0514985
0.662
0.662
0.370422
0.354051
0.612547
0.662
0.662
0.194712
0.270866
0.662
0.662
0.662
0.662
0.662
0.662
0.114388
0.201422
0.375441
0.662
0.662
0.662
0.539823
0.250885
0.476033
0.3491
0.0666015
0.662
0.313892
0.0564591
