0.328356
0.662
0.662
0.662
0.434605
0.662
0.22719
0.161994
0.299081
0.148135
0.3075
0.662
0.662
0.275212
0.479429
0.0281173
0.662
0.309275
0.662
0.662
0.662
0.402687
0.662
0.332229
0.662
0.246276
0.33223
0.151184
0.662
0.236392
0.457175
0.662
0.662
0.662
0.662
0.662
0.662
0.662
0.495442
0.662
0.279667
0.662
0.662
0.0473723
0.0015613
0.662
0.662
0.662
0.0264399
0.155171
0.662
0.252308
0.0345794
0.662
0.528182
0.662
0.464676
0.1782
0.255128
0.576596
0.662
0.662
0.662
0.662
0.662
0.0815641
0.259771
0.662
0.61279
0.662
0.103099
0.662
0.0556586
0.662
0.662
0.662
0.247274
0.662
0.662
0.208195
0.662
0.648869
0.0791927
0.662
0.662
0.662
0.135094
0.662
0.662
0.623376
0.662
0.183341
0.435222
0.420932
0.662
0.662
0.662
0.655856
0.191152
0.662
0.662
0.423075
0.662
0.176138
0.6069
0.662
0.16076
0.662
0.298022
0.123813
0.662
0.662
0.662
0.230009
0.0499265
0.121541
0.0291684
0.448393
0.424634
0.662
0.208941
0.0591544
0.662
0.662
0.662
0.662
0.662
0.662
0.00348133
0.636988
0.404214
0.662
0.263467
0.235929
0.662
0.662
0.380707
0.000678498
0.662
0.103223
0.662
0.662
0.436696
0.662
0.24898
0.304122
0.662
0.446706
0.662
0.434555
0.662
0.153395
0.315506
0.38971
0.662
0.662
0.662
0.0161778
0.15047
0.264922
0.385612
0.458513
0.662
0.662
0.662
0.662
0.662
0.180903
0.662
0.662
0.662
0.662
0.662
0.556689
0.662
0.662
0.662
0.662
0.454669
0.312367
0.277061
0.239476
0.441923
0.662
0.662
0.662
0.662
0.361342
0.0768889
0.282783
0.662
0.662
0.662
0.662
0.662
0.241808
0.662
0.5589
0.662
0.00597971
0.428296
0.662
0.379236
0.662
0.662
0.357341
0.389378
0.662
0.662
0.401157
0.439929
0.131233
0.662
0.454202
0.662
0.644966
0.0704539
0.662
0.662
0.662
0.662
0.425691
0.662
0.404109
0.0912448
0.438202
0.319124
0.662
0.662
0.0363959
0.369966
0.204335
0.240726
0.072313
0.662
0.662
0.662
0.313953
0.662
0.177735
0.662
0.374276
0.303744
0.662
0.662
0.662
0.662
0.209505
0.662
0.662
0.662
0.325774
0.412117
0.662
0.662
0.0869183
0.574402
0.662
0.332838
0.662
0.480077
0.662
0.662
0.662
0.0528833
0.202496
0.662
0.662
0.13504
0.0215019
0.662
0.662
0.662
0.662
0.143138
0.662
0.156738
0.662
0.662
0.662
0.662
0.662
0.662
0.662
0.174192
0.662
0.324372
0.662
0.531927
0.662
0.662
0.662
0.0488495
0.662
0.311414
0.614035
0.662
0.437566
0.591772
0.302572
0.466475
0.0979955
0.662
0.662
0.442495
0.662
0.416374
0.387712
0.662
0.312007
0.662
0.662
0.332039
0.662
0.0904197
0.16737
0.662
0.662
0.662
0.0839501
0.662
0.662
0.662
0.107552
0.274279
0.124345
0.524705
0.662
0.662
0.662
0.662
0.552153
0.217488
0.0832881
0.662
0.662
0.662
0.229799
0.194967
0.662
0.662
0.0326913
0.662
0.662
0.662
0.662
0.00327239
0.662
0.0970905
0.662
0.0490364
0.21257
0.662
0.662
0.662
0.662
0.386939
0.266692
0.662
0.662
0.662
0.662
0.662
0.481449
0.662
0.164174
0.071966
0.662
0.441911
0.63612
0.456823
0.662
0.00317537
0.476315
0.662
0.304499
0.325444
0.662
0.350398
0.662
0.662
0.662
0.662
0.662
0.662
0.662
0.662
0.662
0.336705
0.379763
0.662
0.662
0.662
0.662
0.432139
0.277728
0.662
0.104134
0.15796
0.662
0.662
0.662
0.662
0.662
0.662
0.662
0.662
0.437459
0.662
0.662
0.315243
0.662
0.237485
0.662
0.662
0.47712
0.662
0.662
0.662
0.662
0.231165
0.662
0.324734
0.662
0.182813
0.662
0.380095
0.662
0.662
0.662
0.662
0.662
0.104962
0.587131
0.662
0.662
0.486152
0.662
0.662
0.38044
0.662
0.571963
0.196047
0.662
0.662
0.662
0.662
0.662
0.336855
0.662
0.662
0.36246
0.432993
0.105634
0.0520738
0.662
0.292108
0.662
0.507803
0.308202
0.0644661
0.662
0.351575
0.662
0.662
0.382749
0.387363
0.0613595
0.198113
0.662
0.662
0.32965
0.662
0.662
0.662
0.662
0.662
0.375185
0.406728
0.662
0.662
0.662
0.662
0.662
0.662
0.662
0.662
0.230892
0.662
0.195276
0.662
0.160591
0.133438
0.662
0.662
0.4036
0.381752
0.662
0.662
0.517053
0.405962
0.662
0.519294
0.662
0.19587
0.662
0.0416863
0.0877554
0.36052
0.212111
0.0690996
0.399583
0.662
0.662
0.205607
0.2966
0.504448
0.662
0.171
0.662
0.662
0.662
0.662
0.662
0.523247
