0.662
0.449959
0.662
0.662
0.662
0.442997
0.662
0.662
0.422075
0.662
0.662
0.662
0.214647
0.662
0.662
0.662
0.27941
0.188344
0.378941
0.662
0.0775168
0.662
0.662
0.662
0.417183
0.662
0.330474
0.355548
0.0835553
0.442309
0.455886
0.294947
0.464118
0.588384
0.662
0.388589
0.127524
0.662
0.401805
0.662
0.662
0.662
0.662
0.662
0.23951
0.153513
0.447646
0.662
0.611376
0.662
0.662
0.662
0.0057334
0.662
0.662
0.662
0.21472
0.305423
0.662
0.09072
0.0675779
0.627474
0.476193
0.662
0.662
0.163715
0.41004
0.662
0.373454
0.662
0.662
0.662
0.662
0.0419634
0.662
0.662
0.662
0.662
0.0521239
0.662
0.662
0.00145724
0.256288
0.662
0.662
0.418536
0.362437
0.361169
0.448253
0.37057
0.662
0.0360528
0.662
0.662
0.0466643
0.0774226
0.662
0.453368
0.374742
0.662
0.041623
0.662
0.38958
0.662
0.60462
0.297456
0.662
0.106916
0.155319
0.662
0.662
0.662
0.211786
0.662
0.662
0.147138
0.662
0.662
0.662
0.662
0.264815
0.662
0.662
0.453285
0.662
0.662
0.662
0.662
0.662
0.387028
0.216985
0.662
0.472056
0.421481
0.2146
0.247751
0.122701
0.662
0.464643
0.662
0.0785529
0.662
0.662
0.662
0.426136
0.662
0.199332
0.281445
0.662
0.662
0.043454
0.346439
0.404874
0.662
0.662
0.662
0.662
0.00122765
0.662
0.662
0.191045
0.520653
0.263407
0.35492
0.662
0.116402
0.662
0.662
0.662
0.429626
0.662
0.662
0.237834
0.662
0.384788
0.1047
0.310026
0.31269
0.662
0.662
0.262284
0.662
0.662
0.432653
0.662
0.396947
0.0246698
0.0604083
0.37829
0.662
0.10236
0.662
0.401754
0.454307
0.209992
0.662
0.662
0.662
0.662
0.662
0.662
0.47715
0.662
0.345099
0.0421888
0.662
0.662
0.662
0.154027
0.409588
0.662
0.662
0.465047
0.262359
0.148743
0.416394
0.662
0.255455
0.662
0.662
0.662
0.662
0.662
0.35344
0.0811051
0.344539
0.662
0.586446
0.109518
0.434349
0.662
0.662
0.079493
0.662
0.662
0.662
0.329804
0.052391
0.531606
0.662
0.662
0.662
0.662
0.662
0.662
0.103911
0.0255954
0.403234
0.662
0.662
0.662
0.200561
0.662
0.438878
0.662
0.662
0.0661501
0.662
0.0516811
0.212428
0.662
0.476374
0.662
0.662
0.0620837
0.138654
0.662
0.602846
0.321313
0.662
0.662
0.662
0.381191
0.251222
0.145227
0.186452
0.652835
0.403465
0.275009
0.284072
0.435838
0.0772894
0.662
0.662
0.662
0.662
0.662
0.662
0.662
0.317152
0.302746
0.267414
0.662
0.662
0.662
0.662
0.419528
0.185301
0.187927
0.662
0.662
0.662
0.408403
0.114084
0.662
0.0933912
0.662
0.0384907
0.662
0.658932
0.430016
0.661216
0.662
0.105172
0.662
0.662
0.566454
0.662
0.662
0.220952
0.662
0.662
0.662
0.662
0.0440442
0.662
0.662
0.054367
0.344517
0.431285
0.197326
0.662
0.662
0.404845
0.430622
0.662
0.0837161
0.52574
0.662
0.248543
0.662
0.662
0.115223
0.662
0.207387
0.662
0.0476531
0.390712
0.662
0.662
0.662
0.662
0.662
0.662
0.0748987
0.403134
0.662
0.662
0.345606
0.662
0.396421
0.662
0.662
0.662
0.662
0.662
0.189849
0.662
0.662
0.662
0.169171
0.322286
0.662
0.0267418
0.34945
0.662
0.457252
0.662
0.662
0.075306
0.662
0.662
0.662
0.662
0.662
0.193037
0.662
0.662
0.662
0.423355
0.662
0.0359291
0.662
0.662
0.467158
0.383344
0.662
0.662
0.662
0.364
0.662
0.662
0.450848
0.662
0.398324
0.662
0.662
0.662
0.0226412
0.316701
0.662
0.30328
0.662
0.428373
0.662
0.322622
0.662
0.662
0.382218
0.662
0.662
0.662
0.662
0.220592
0.0380554
0.662
0.662
0.116823
0.662
0.361984
0.662
0.662
0.271454
0.662
0.349202
0.0153994
0.39594
0.0329709
0.662
0.313658
0.662
0.662
0.427643
0.163918
0.389316
0.317517
0.377771
0.662
0.241973
0.662
0.325343
0.662
0.157931
0.662
0.662
0.662
0.0337761
0.662
0.662
0.0993528
0.662
0.662
0.28865
0.662
0.339638
0.662
0.452318
0.0171087
0.36759
0.662
0.662
0.662
0.662
0.662
0.0775651
0.662
0.662
0.223954
0.19995
0.662
0.409166
0.662
0.122624
0.0742581
0.0213271
0.662
0.29372
0.42119
0.12671
0.499891
0.662
0.662
0.136688
0.662
0.479373
0.0111915
0.220025
0.387303
0.131916
0.662
0.595043
0.662
0.662
0.662
0.662
0.662
0.662
0.662
0.662
0.662
0.042977
0.473847
0.619276
0.472141
0.662
0.662
0.396243
0.662
0.662
0.258875
0.662
0.662
0.662
0.165655
0.662
0.217447
0.662
0.662
0.0245053
0.00717288
0.662
0.662
0.151484
0.662
0.662
0.662
0.199306
0.662
0.336487
0.00374953
0.662
0.662
0.429659
0.206821
0.662
0.163642
0.662
0.0533215
0.226408
0.209349
0.662
0.177277
0.662
0.662
0.662
0.662
0.566122
0.104559
0.581175
0.662
0.662
0.662
0.662
0.209576
0.662
0.662
0.0673765
0.53641
0.288157
0.331597
0.212327
0.662
0.662
0.0610835
0.662
0.662
0.454216
0.662
0.0111765
0.09714
0.662
0.662
0.255306
0.441461
0.14172
0.464703
0.256058
0.275028
0.414477
0.662
0.356049
0.662
0.294956
0.0744091
0.662
0.19102
0.662
0.441722
0.662
0.662
0.662
0.662
0.662
0.448981
0.662
0.0951054
