0.19036
0.340716
0.411447
0.662
0.296825
0.298022
0.662
0.221041
0.662
0.317898
0.662
0.332734
0.662
0.277728
0.277235
0.662
0.181972
0.662
0.662
0.231165
0.662
0.197876
0.434605
0.208195
0.662
0.662
0.148135
0.117656
0.662
0.662
0.398997
0.00525755
0.104962
0.0877554
0.662
0.662
0.279821
0.48978
0.662
0.00597971
0.651933
0.662
0.180942
0.662
0.662
0.15047
0.662
0.662
0.662
0.0342486
0.492814
0.403234
0.384412
0.662
0.662
0.124345
0.662
0.662
0.0349034
0.662
0.147682
0.662
0.662
0.662
0.662
0.662
0.0703114
0.662
0.662
0.636988
0.662
0.515868
0.662
0.464676
0.380095
0.211451
0.662
0.662
0.340587
0.275212
0.662
0.644966
0.287174
0.0591544
0.610782
0.383154
0.195114
0.662
0.662
0.451724
0.662
0.662
0.432964
0.662
0.299869
0.457576
0.662
0.662
0.38971
0.240208
0.662
0.662
0.662
0.662
0.662
0.266692
0.662
0.61279
0.472868
0.480077
0.194816
0.662
0.662
0.503776
0.302572
0.385612
0.662
0.246886
0.457902
0.105634
0.0435491
0.151184
0.662
0.662
0.3217
0.388469
0.284071
0.662
0.662
0.428343
0.662
0.662
0.662
0.662
0.662
0.195276
0.662
0.662
0.426953
0.662
0.662
0.662
0.5589
0.452844
0.662
0.662
0.16145
0.0161778
0.226052
0.591772
0.662
0.662
0.662
0.428076
0.549887
0.131233
0.662
0.662
0.198113
0.662
0.359579
0.109686
0.662
0.662
0.662
0.662
0.662
0.662
0.180903
0.158288
0.662
0.662
0.662
0.662
0.662
0.662
0.00327239
0.407029
0.662
0.442505
0.662
0.63612
0.140899
0.662
0.662
0.423937
0.662
0.662
0.347282
0.662
0.662
0.662
0.084174
0.662
0.662
0.662
0.662
0.115937
0.662
0.662
0.662
0.662
0.17341
0.662
0.662
0.662
0.662
0.103099
0.218539
0.362759
0.662
0.662
0.662
0.197651
0.662
0.662
0.662
0.614035
0.149507
0.662
0.302448
0.439929
0.662
0.662
0.637485
0.411975
0.00317537
0.662
0.000678498
0.662
0.662
0.662
0.662
0.386939
0.662
0.662
0.662
0.382749
0.662
0.655856
0.246276
0.662
0.662
0.662
0.662
0.315243
0.662
0.662
0.662
0.648869
0.0801733
0.662
0.457067
0.662
0.424634
0.662
0.662
0.389378
0.662
0.662
0.146898
0.662
0.662
0.121541
0.662
0.662
0.319124
0.208941
0.662
0.0499265
0.662
0.662
0.662
0.10321
0.662
0.252308
0.662
0.176265
0.217488
0.662
0.436696
0.183341
0.277603
0.662
0.662
0.662
0.662
0.390476
0.662
0.413139
0.662
0.225748
0.662
0.662
0.108754
0.387712
0.333659
0.623376
0.315247
0.662
0.555011
0.662
0.072313
0.662
0.662
0.662
0.0653788
0.662
0.16076
0.662
0.662
0.662
0.2966
0.662
0.286197
0.662
0.662
0.662
0.662
0.0982425
0.195869
0.16646
0.435222
0.662
0.104134
0.662
0.662
0.395887
0.454669
0.531927
0.220789
0.662
0.196175
0.211243
0.437459
0.336855
0.144803
0.463684
0.662
0.551726
0.239476
0.662
0.161994
0.662
0.662
0.662
0.662
0.662
0.662
0.662
0.332838
0.662
0.662
0.662
0.662
0.662
0.662
0.662
0.241091
0.256975
0.662
0.662
0.662
0.662
0.662
0.0978274
0.0664629
0.662
0.0690996
0.662
0.662
0.662
0.446141
0.662
0.126877
0.274279
0.662
0.662
0.662
0.17075
0.662
0.342414
0.437566
0.574402
0.507803
0.662
0.662
0.15771
0.31615
0.0221419
0.153395
0.662
0.662
0.124795
0.17245
0.411983
0.662
0.179757
0.521652
0.662
0.123813
0.662
0.662
0.259636
0.126637
0.662
0.662
0.332039
0.250066
0.662
0.421783
0.662
0.662
0.318237
0.662
0.662
0.0810179
0.0854337
0.662
0.662
0.662
0.662
0.662
0.662
0.662
0.0889511
0.332417
0.662
0.420932
0.292461
0.0736777
0.423075
0.240726
0.662
0.311944
0.662
0.662
0.504308
0.662
0.662
0.293365
0.371028
0.662
0.104473
0.662
0.32965
0.135411
0.230009
0.517053
0.662
0.194109
0.662
0.662
0.335445
0.333283
0.662
0.662
0.662
0.662
0.662
0.0345794
0.662
0.662
0.662
0.127661
0.662
0.556689
0.237485
0.418419
0.474301
0.662
0.662
0.284757
0.662
0.125619
0.662
0.268611
0.662
0.423114
0.416374
0.450746
0.513086
0.662
0.662
0.428887
0.662
0.662
0.662
0.662
0.442307
0.229297
0.229799
0.662
0.24898
0.442551
0.0683216
0.445232
0.662
0.662
0.662
0.662
0.463774
0.662
0.486152
