0.662
0.258008
0.662
0.662
0.14967
0.319711
0.227384
0.257025
0.173505
0.193139
0.662
0.662
0.662
0.443274
0.662
0.662
0.467585
0.662
0.662
0.662
0.387006
0.662
0.250561
0.185874
0.328224
0.0201333
0.406116
0.662
0.662
0.662
0.662
0.330465
0.104751
0.221901
0.196296
0.662
0.662
0.0506512
0.662
0.662
0.662
0.246663
0.250777
0.0112329
0.662
0.662
0.662
0.465199
0.662
0.262561
0.662
0.111264
0.421522
0.662
0.662
0.662
0.662
0.167159
0.341657
0.467957
0.370041
0.441073
0.662
0.0294201
0.312785
0.662
0.256545
0.16807
0.0847773
0.3849
0.0164942
0.147273
0.662
0.662
0.662
0.662
0.662
0.662
0.662
0.662
0.155712
0.291129
0.377165
0.662
0.662
0.662
0.0138264
0.151514
0.412936
0.573985
0.226972
0.662
0.326263
0.0683357
0.404327
0.157977
0.662
0.662
0.512075
0.394357
0.662
0.662
0.662
0.662
0.662
0.662
0.340644
0.214721
0.514482
0.662
0.322724
0.151652
0.662
0.22681
0.662
0.662
0.662
0.662
0.662
0.662
0.662
0.337537
0.662
0.662
0.662
0.0489933
0.662
0.313288
0.0935903
0.185495
0.662
0.418284
0.662
0.409922
0.662
0.662
0.662
0.252712
0.165438
0.662
0.662
0.662
0.662
0.662
0.149283
0.266836
0.122353
0.425612
0.662
0.662
0.0862817
0.662
0.201855
0.0760102
0.662
0.284292
0.0496535
0.187345
0.662
0.662
0.662
0.662
0.662
0.257458
0.0755297
0.662
0.40811
0.662
0.0777167
0.662
0.662
0.154675
0.662
0.47938
0.390337
0.303007
0.662
0.331533
0.662
0.662
0.662
0.19189
0.0338476
0.662
0.662
0.185905
0.0645357
0.662
0.266289
0.298086
0.0546782
0.0946078
0.416891
0.522709
0.662
0.662
0.662
0.662
0.662
0.319051
0.0880583
0.662
0.348678
0.319744
0.662
0.346515
0.662
0.16937
0.633391
0.283792
0.356288
0.662
0.112027
0.283622
0.662
0.662
0.662
0.662
0.662
0.662
0.205714
0.662
0.442272
0.206211
0.238154
0.214456
0.662
0.662
0.662
0.662
0.269838
0.125388
0.389788
0.662
0.100155
0.662
0.119032
0.662
0.662
0.267476
0.662
0.179926
0.662
0.662
0.662
0.370434
0.324907
0.662
0.662
0.394599
0.135204
0.0128097
0.662
0.18859
0.132303
0.415591
0.662
0.662
0.662
0.264021
0.225311
0.473694
0.662
0.662
0.662
0.662
0.45634
0.662
0.662
0.259906
0.35321
0.662
0.181394
0.662
0.385018
0.169357
0.13867
0.178518
0.311047
0.31704
0.166306
0.161284
0.662
0.235402
0.662
0.0214755
0.662
0.128295
0.500942
0.662
0.662
0.662
0.192163
0.662
0.662
0.0958473
0.662
0.662
0.424937
0.662
0.462779
0.662
0.662
0.465479
0.196749
0.662
0.0507188
0.232444
0.662
0.256725
0.287702
0.195411
0.662
0.662
0.234917
0.472007
0.662
0.662
0.662
0.297181
0.647355
0.198808
0.305233
0.398886
0.377652
0.35623
0.116343
0.662
0.662
0.484579
0.662
0.662
0.250944
0.176829
0.154054
0.662
0.662
0.662
0.433173
0.353366
0.662
0.234973
0.662
0.455791
0.662
0.430005
0.27555
0.662
0.662
0.662
0.662
0.662
0.662
0.662
0.662
0.662
0.107648
0.211304
0.662
0.405944
0.413911
0.662
0.662
0.662
0.171485
0.662
0.266388
0.215507
0.0768186
0.662
0.662
0.662
0.662
0.126398
0.662
0.191624
0.0503513
0.662
0.662
0.662
0.443496
0.662
0.319398
0.662
0.662
0.123625
0.662
0.273515
0.662
0.662
0.106623
0.375558
0.662
0.291926
0.291294
0.662
0.662
0.341859
0.662
0.662
0.662
0.662
0.236284
0.163521
0.662
0.578733
0.333614
0.376223
0.662
0.254536
0.662
0.662
0.662
0.662
0.393376
0.302514
0.662
0.662
0.662
0.0364717
0.423875
0.662
0.662
0.662
0.0787726
0.0846906
0.662
0.662
0.468756
0.662
0.475179
0.208468
0.030278
0.662
0.097472
0.0655616
0.265244
0.662
0.662
0.477104
0.0460936
0.260326
0.307165
0.497997
0.662
0.662
0.241138
0.662
0.662
0.141453
0.662
0.143686
0.662
0.662
0.278228
0.206578
0.662
0.522881
0.662
0.662
0.662
0.63339
0.662
0.177725
0.662
0.662
0.176235
0.616231
0.662
0.662
0.662
0.38383
0.662
0.662
0.662
0.662
0.188932
0.662
0.307761
0.337169
0.16354
0.662
0.662
0.279293
0.41074
0.662
0.0695226
0.11855
0.450656
0.662
0.662
0.0649493
0.662
0.312566
0.662
0.120115
0.662
0.212383
0.343071
0.40645
0.255216
0.662
0.378183
0.662
0.300632
0.316713
0.149018
0.390732
0.420847
0.662
0.455834
0.0168904
0.662
0.662
0.662
0.662
0.662
0.406385
0.662
0.662
0.662
0.662
0.662
0.662
0.206874
0.367733
0.662
0.364082
0.662
0.286226
0.455193
0.414026
0.374801
0.443422
0.105125
0.662
0.662
0.130573
0.334435
0.662
0.662
0.662
0.467009
0.234056
0.0631498
0.359206
0.662
0.205262
0.293151
0.662
0.662
0.662
0.0530619
0.273737
0.0206073
0.662
0.264922
0.662
0.662
0.662
0.177729
0.662
0.662
0.662
0.395808
0.662
0.662
0.662
0.286112
0.0786755
0.662
0.662
0.255889
0.662
0.662
0.0451711
0.176255
0.302437
0.662
0.662
0.662
0.215968
0.126706
0.662
0.662
0.282491
0.380291
0.662
0.112983
0.561555
0.10397
0.662
0.0245817
0.662
0.662
0.662
0.662
0.662
0.662
0.0214806
0.277477
0.662
0.201301
0.662
0.456948
0.662
0.277551
0.18655
0.445288
0.407173
0.142599
0.662
0.662
0.662
0.662
0.317094
0.446586
0.662
0.662
0.662
0.662
0.128471
0.662
0.55589
0.662
0.662
0.662
0.662
0.662
0.436986
0.662
0.662
0.662
0.472054
0.662
0.63339
0.308867
0.662
0.391138
0.280764
0.404875
0.0469113
0.0840893
0.662
0.220423
0.662
0.662
0.362704
0.662
0.404189
0.153653
0.328171
0.662
0.662
0.662
0.662
0.153364
0.0795546
0.662
0.662
0.662
0.662
0.228782
0.31867
0.662
0.401136
0.662
0.116021
0.662
0.662
0.662
0.299113
0.507697
0.229128
0.394073
0.624024
0.662
0.662
0.402872
0.662
0.649942
0.662
0.381374
0.26575
0.662
0.662
0.238349
0.284632
0.32959
0.260138
0.662
0.147258
0.662
0.0244554
0.662
0.0984477
0.662
0.0942786
0.662
0.0096848
0.281411
0.446164
