0.462
0.662
0.468685
0.662
0.219424
0.0343094
0.662
0.662
0.662
0.111267
0.548155
0.662
0.267904
0.662
0.662
0.662
0.662
0.454075
0.662
0.662
0.662
0.363421
0.662
0.115586
0.230586
0.662
0.268701
0.415047
0.662
0.662
0.662
0.164046
0.662
0.173359
0.662
0.662
0.662
0.662
0.0233701
0.662
0.146939
0.662
0.662
0.662
0.662
0.397271
0.662
0.297581
0.0146851
0.0963621
0.662
0.397698
0.662
0.662
0.367462
0.34412
0.662
0.662
0.662
0.167957
0.662
0.0705483
0.366504
0.662
0.662
0.254048
0.662
0.448599
0.662
0.662
0.662
0.662
0.662
0.662
0.662
0.662
0.662
0.662
0.343278
0.662
0.662
0.370105
0.106367
0.662
0.662
0.662
0.662
0.662
0.370147
0.127369
0.586644
0.180346
0.662
0.450942
0.154353
0.220484
0.662
0.662
0.475624
0.662
0.662
0.662
0.468092
0.402111
0.275333
0.662
0.227275
0.307086
0.325084
0.618357
0.662
0.446934
0.662
0.662
0.0340983
0.662
0.662
0.662
0.164411
0.662
0.662
0.662
0.662
0.662
0.388467
0.180537
0.245832
0.662
0.662
0.662
0.662
0.259408
0.662
0.662
0.257824
0.420867
0.662
0.662
0.325688
0.0177566
0.266572
0.662
0.662
0.662
0.662
0.385972
0.172017
0.662
0.224791
0.424368
0.404363
0.662
0.662
0.428506
0.282153
0.662
0.662
0.287831
0.662
0.662
0.331367
0.38647
0.0775786
0.0842266
0.662
0.662
0.662
0.662
0.307475
0.662
0.662
0.341038
0.106945
0.662
0.416497
0.240739
0.662
0.662
0.598743
0.662
0.662
0.662
0.433103
0.662
0.662
0.108991
0.662
0.662
0.0832967
0.640009
0.158045
0.662
0.662
0.662
0.296358
0.268084
0.662
0.37614
0.43938
0.233169
0.0669824
0.662
0.662
0.662
0.662
0.199424
0.662
0.662
0.662
0.109355
0.166413
0.429211
0.662
0.350451
0.662
0.662
0.0199577
0.0931417
0.494976
0.662
0.662
0.464511
0.662
0.397051
0.662
0.445509
0.662
0.353081
0.0690054
0.662
0.662
0.662
0.662
0.662
0.662
0.662
0.662
0.120787
0.0493324
0.662
0.662
0.0402959
0.432065
0.548496
0.239421
0.321622
0.104503
0.293655
0.662
0.358309
0.662
0.136576
0.410553
0.662
0.0513322
0.662
0.553381
0.0596165
0.662
0.662
0.255686
0.029465
0.130451
0.0135653
0.657072
0.662
0.00672167
0.33498
0.109079
0.662
0.441067
0.390297
0.370694
0.662
0.662
0.662
0.246252
0.662
0.0501982
0.219499
0.026671
0.662
0.662
0.279928
0.662
0.662
0.662
0.662
0.662
0.442188
0.662
0.662
0.662
0.204655
0.105625
0.662
0.662
0.272478
0.662
0.662
0.220449
0.662
0.662
0.662
0.662
0.662
0.219616
0.447673
0.662
0.556531
0.253525
0.423692
0.219689
0.0312192
0.373688
0.662
0.194736
0.662
0.662
0.662
0.662
0.662
0.662
0.0657532
0.662
0.662
0.339555
0.177059
0.662
0.662
0.306452
0.339602
0.662
0.497124
0.662
0.662
0.443888
0.0601087
0.461082
0.662
0.132109
0.662
0.662
0.348771
0.662
0.430758
0.408067
0.662
0.227101
0.662
0.140737
0.235432
0.301
0.431573
0.02925
0.662
0.262699
0.45174
0.662
0.662
0.662
0.178226
0.662
0.662
0.662
0.662
0.192349
0.314878
0.561885
0.472929
0.662
0.228146
0.662
0.274091
0.662
0.662
0.327126
0.277757
0.390007
0.423383
0.662
0.662
0.662
0.65993
0.662
0.0950778
0.469189
0.345593
0.662
0.469663
0.220645
0.292799
0.662
0.662
0.150177
0.0224167
0.551057
0.483516
0.236648
0.662
0.309112
0.662
0.662
0.662
0.662
0.662
0.662
0.257515
0.662
0.51018
0.662
0.662
0.662
0.662
0.254789
0.36653
0.662
0.186699
0.662
0.498034
0.662
0.662
0.662
0.662
0.264094
0.319065
0.400705
0.662
0.662
0.662
0.0316075
0.466583
0.414121
0.0857772
0.662
0.244836
0.071368
0.662
0.662
0.662
0.291742
0.272649
0.0160146
0.662
0.662
0.378767
0.0752091
0.662
0.240901
0.383676
0.662
0.662
0.662
0.662
0.275833
0.662
0.0764001
0.473409
0.129713
0.662
0.662
0.281326
0.2057
0.608478
0.446153
0.662
0.662
0.662
0.34197
0.0959804
0.662
0.0789143
0.565389
0.134498
0.047124
0.662
0.662
0.358086
0.175644
0.0222562
0.291843
0.233433
0.662
0.662
0.662
0.662
0.318152
0.662
0.305421
0.662
0.662
