0.141328
0.302762
0.662
0.225178
0.369067
0.662
0.662
0.662
0.662
0.662
0.065463
0.662
0.662
0.221133
0.662
0.662
0.294658
0.40187
0.143978
0.662
0.115167
0.0201452
0.662
0.662
0.662
0.541968
0.356488
0.201976
0.662
0.0446311
0.484184
0.662
0.662
0.662
0.662
0.179649
0.464529
0.212461
0.662
0.662
0.662
0.240374
0.662
0.662
0.496617
0.494457
0.662
0.662
0.405064
0.662
0.0395712
0.386857
0.662
0.662
0.662
0.575952
0.183729
0.153914
0.402571
0.471141
0.662
0.662
0.662
0.0188819
0.662
0.662
0.240901
0.662
0.662
0.662
0.662
0.662
0.662
0.662
0.662
0.5331
0.252574
0.662
0.199574
0.662
0.0640488
0.453965
0.662
0.400679
0.0306006
0.368844
0.406001
0.23526
0.17002
0.662
0.431081
0.264455
0.0466041
0.662
0.398011
0.662
0.650453
0.539249
0.662
0.41213
0.662
0.0878773
0.337244
0.0737007
0.446153
0.662
0.662
0.662
0.662
0.14074
0.662
0.162303
0.662
0.662
0.0899421
0.3915
0.235234
0.662
0.662
0.156973
0.238257
0.0910609
0.143787
0.419948
0.662
0.18517
0.662
0.662
0.662
0.292743
0.662
0.662
0.0357872
0.17582
0.330919
0.662
0.428271
0.662
0.0195051
0.456256
0.662
0.190356
0.662
0.145365
0.662
0.662
0.662
0.662
0.581144
0.657673
0.135587
0.662
0.213588
0.0510032
0.0916764
0.562457
0.662
0.250541
0.662
0.39019
0.359225
0.662
0.192615
0.662
0.0533922
0.662
0.224015
0.609007
0.662
0.662
0.662
0.662
0.662
0.372673
0.100922
0.662
0.241929
0.570108
0.38701
0.662
0.0546576
0.662
0.662
0.448032
0.662
0.662
0.123457
0.662
0.662
0.662
0.309251
0.273895
0.662
0.662
0.156747
0.234152
0.662
0.662
0.274854
0.507043
0.26553
0.379462
0.341319
0.305105
0.662
0.0523174
0.662
0.410913
0.662
0.350071
0.0215786
0.662
0.445663
0.662
0.662
0.662
0.662
0.662
0.194106
0.662
0.25877
0.24114
0.21547
0.662
0.417678
0.272535
0.1764
0.125097
0.662
0.662
0.199487
0.111075
0.350746
0.206778
0.662
0.126459
0.662
0.662
0.303324
0.123429
0.662
0.662
0.662
0.662
0.662
0.342648
0.662
0.276645
0.0759679
0.662
0.2668
0.662
0.662
0.15822
0.457737
0.662
0.114669
0.324267
0.662
0.165791
0.662
0.662
0.662
0.107955
0.466211
0.662
0.662
0.662
0.501278
0.662
0.662
0.662
0.662
0.426033
0.662
0.196259
0.406733
0.662
0.662
0.170864
0.662
0.662
0.662
0.662
0.662
0.662
0.0144
0.0562118
0.662
0.579149
0.456092
0.662
0.348114
0.662
0.0461387
0.326412
0.662
0.662
0.662
0.662
0.220484
0.283244
0.662
0.662
0.378965
0.662
0.662
0.662
0.483212
0.662
0.197426
0.662
0.662
0.662
0.19492
0.662
0.534169
0.662
0.662
0.505729
0.662
0.0175859
0.0850349
0.662
0.116626
0.662
0.662
0.662
0.662
0.662
0.662
0.318776
0.373065
0.228099
0.124004
0.214648
0.346559
0.662
0.210817
0.662
0.370372
0.20485
0.654711
0.072873
0.662
0.0239346
0.662
0.662
0.180635
0.662
0.662
0.662
0.662
0.662
0.662
0.228187
0.662
0.662
0.00261698
0.127546
0.00272766
0.578986
0.662
0.353081
0.662
0.435465
0.662
0.662
0.662
0.662
0.662
0.662
0.662
0.662
0.662
0.00573222
0.0569485
0.0215956
0.662
0.0442222
0.662
0.40708
0.238302
0.393143
0.662
0.662
0.0109176
0.662
0.662
0.662
0.662
0.662
0.00288443
0.662
0.628292
0.176725
0.662
0.662
0.662
0.173323
0.0283869
0.193375
0.0489665
0.30304
0.0518903
0.662
0.343278
0.385994
0.239923
0.186183
0.483687
0.304083
0.239713
0.662
0.384462
0.0386576
0.00672167
0.0199577
0.662
0.101825
0.662
0.0440673
0.0416237
0.662
0.367462
0.0987906
0.452468
0.662
0.366503
0.224215
0.662
0.662
0.662
0.662
0.210303
0.016542
0.439438
0.0186045
0.662
0.291565
0.662
0.298803
0.501455
0.662
0.295612
0.0789143
0.662
0.662
0.662
0.662
0.512466
0.00667905
0.662
0.0411164
0.662
0.662
0.662
0.242762
0.662
0.0709286
0.62897
0.165592
0.662
0.352319
0.662
0.115594
0.0662328
0.662
0.662
0.0405767
0.662
0.498512
0.358013
