0.662
0.662
0.662
0.662
0.662
0.662
0.662
0.662
0.662
0.662
0.662
0.662
0.662
0.662
0.662
0.662
0.42119
0.188901
0.662
0.351753
0.662
0.662
0.662
0.662
0.662
0.662
0.048993
0.469374
0.0183178
0.662
0.662
0.662
0.0772894
0.662
0.349951
0.662
0.662
0.662
0.662
0.176846
0.662
0.421481
0.662
0.662
0.177324
0.662
0.662
0.662
0.662
0.662
0.387139
0.662
0.193037
0.662
0.153513
0.242005
0.554945
0.28333
0.662
0.19102
0.322247
0.298069
0.662
0.662
0.158504
0.464137
0.0169139
0.662
0.662
0.662
0.662
0.662
0.662
0.662
0.411963
0.662
0.662
0.662
0.662
0.197738
0.662
0.662
0.401631
0.379331
0.361984
0.317517
0.662
0.531356
0.662
0.662
0.662
0.662
0.178034
0.662
0.662
0.662
0.633391
0.662
0.662
0.14417
0.167765
0.569134
0.364
0.441722
0.116402
0.43101
0.0284975
0.122533
0.384245
0.662
0.662
0.148679
0.36894
0.662
0.662
0.207844
0.662
0.147495
0.041623
0.662
0.662
0.545859
0.662
0.662
0.308903
0.662
0.662
0.472897
0.345099
0.662
0.487262
0.392283
0.437318
0.662
0.17597
0.474558
0.0481513
0.662
0.346147
0.042977
0.0667683
0.459992
0.662
0.198258
0.662
0.132118
0.662
0.174784
0.237834
0.0634896
0.662
0.09072
0.121781
0.212428
0.662
0.662
0.662
0.662
0.662
0.662
0.662
0.662
0.662
0.189361
0.635078
0.662
0.662
0.662
0.662
0.494424
0.472056
0.455886
0.662
0.0057334
0.563858
0.466266
0.219007
0.302746
0.662
0.662
0.439316
0.662
0.662
0.160016
0.1179
0.662
0.662
0.662
0.232356
0.375513
0.573608
0.662
0.662
0.0761159
0.662
0.662
0.662
0.662
0.34731
0.662
0.662
0.396507
0.347093
0.662
0.662
0.400396
0.369811
0.415171
0.662
0.279672
0.662
0.662
0.134235
0.442309
0.662
0.224403
0.465196
0.484654
0.38958
0.407918
0.662
0.662
0.118378
0.662
0.0650885
0.273806
0.220592
0.28081
0.662
0.662
0.0761214
0.259941
0.161889
0.662
0.662
0.0888779
0.662
0.662
0.229366
0.594451
0.662
0.337885
0.199306
0.382789
0.399641
0.15219
0.147138
0.363535
0.0279275
0.662
0.337933
0.662
0.662
0.662
0.662
0.662
0.662
0.261167
0.662
0.662
0.588384
0.442997
0.662
0.157322
0.0788694
0.662
0.662
0.662
0.662
0.185387
0.213124
0.662
0.440333
0.00869347
0.662
0.105901
0.0199965
0.662
0.318528
0.21472
0.169304
0.306352
0.662
0.0359291
0.662
0.359978
0.662
0.662
0.662
0.662
0.662
0.662
0.662
0.481867
0.21032
0.303701
0.662
0.662
0.416784
0.662
0.662
0.662
0.662
0.662
0.662
0.662
0.384493
0.662
0.662
0.662
0.277034
0.662
0.468008
0.662
0.199882
0.245925
0.662
0.662
0.662
0.331502
0.023656
0.662
0.358997
0.662
0.322074
0.391246
0.149614
0.662
0.662
0.416451
0.637063
0.0861596
0.662
0.131461
0.662
0.662
0.233039
0.515499
0.662
0.662
0.0774226
0.46983
0.662
0.662
0.662
0.662
0.662
0.662
0.662
0.589685
0.662
0.332807
0.662
0.662
0.662
0.31487
0.20804
0.187369
0.662
0.662
0.334958
0.662
0.662
0.662
0.662
0.662
0.662
0.0329709
0.662
0.105244
0.662
0.453285
0.662
0.260051
0.23089
0.181835
0.132935
0.594475
0.662
0.662
0.0384907
0.336487
0.662
0.661216
0.268779
0.662
0.476374
0.662
0.100449
0.662
0.662
0.662
0.662
0.662
0.0504483
0.662
0.662
0.662
0.414623
0.662
0.390213
0.662
0.30206
0.662
0.28726
0.330929
0.662
0.662
0.662
0.662
0.662
0.662
0.662
0.046867
0.662
0.166678
0.662
0.662
0.662
0.0360528
0.335553
0.418536
0.305423
0.662
0.662
0.439928
0.36828
0.633391
0.349528
0.662
0.662
0.662
0.482102
0.662
0.00374953
0.662
0.662
0.61283
0.662
0.662
0.314857
0.021115
0.473628
0.662
0.662
0.662
0.497584
0.157118
0.40419
0.662
0.662
0.0322167
0.662
0.323704
0.662
0.662
0.662
0.0835553
0.195526
0.662
0.662
0.365167
0.662
0.374742
0.482801
0.662
0.662
0.662
0.373763
0.0580271
0.662
0.662
0.00697609
0.662
0.662
0.381917
0.662
0.201073
0.42734
0.358717
0.33128
0.400652
0.662
0.662
0.662
0.662
0.662
0.297777
0.115712
0.369423
0.662
0.0152549
0.0395659
0.104266
0.0494764
0.662
0.662
0.662
0.268623
0.12819
0.662
0.403465
0.662
0.347262
0.662
0.662
0.0964238
0.662
0.662
0.662
0.396243
0.662
0.662
0.263441
0.662
0.265653
0.662
0.662
0.662
0.294947
0.662
0.0934665
0.439349
0.203745
0.662
0.409251
0.662
0.662
0.662
0.403407
0.386492
0.161133
0.662
0.183496
0.28306
0.662
0.662
0.662
0.662
0.241973
0.0835489
0.662
0.246199
0.410599
0.401929
0.190943
0.179688
0.662
0.0294522
0.662
0.326327
0.122624
0.0806798
0.0634286
0.662
0.231408
0.462353
0.662
0.662
0.662
0.662
0.662
0.315712
0.288107
0.414477
0.53641
0.662
0.662
0.245811
0.662
0.386266
0.298109
0.662
0.155101
0.47715
0.662
0.470946
0.302549
0.298329
0.662
0.662
0.662
0.662
0.229123
0.662
0.115223
0.662
0.662
0.143024
0.662
0.187656
0.0841208
0.224192
0.0566782
0.662
0.662
0.448981
0.662
0.153928
0.662
0.0635774
0.662
0.662
0.662
