0.662
0.443416
0.662
0.248655
0.662
0.347671
0.662
0.662
0.662
0.0698294
0.662
0.662
0.269294
0.662
0.662
0.389609
0.662
0.662
0.662
0.111653
0.0491233
0.662
0.352909
0.347545
0.223387
0.662
0.662
0.662
0.397986
0.662
0.468051
0.662
0.662
0.662
0.316939
0.496113
0.179044
0.54284
0.662
0.316229
0.662
0.662
0.114951
0.424588
0.439767
0.662
0.662
0.662
0.662
0.662
0.125888
0.662
0.662
0.662
0.662
0.495321
0.417636
0.662
0.662
0.402367
0.615601
0.391499
0.662
0.159028
0.152805
0.662
0.662
0.662
0.0116493
0.662
0.662
0.440535
0.662
0.125821
0.471169
0.469539
0.134917
0.399241
0.662
0.00170064
0.474418
0.451418
0.662
0.0877374
0.145822
0.662
0.662
0.279921
0.383144
0.662
0.662
0.00553368
0.662
0.662
0.00470694
0.662
0.662
0.662
0.167716
0.662
0.662
0.662
0.305777
0.662
0.662
0.662
0.287623
0.662
0.270289
0.662
0.662
0.069126
0.662
0.214246
0.662
0.662
0.0679583
0.662
0.662
0.662
0.010833
0.0944388
0.662
0.337543
0.662
0.662
0.662
0.662
0.662
0.376277
0.0677359
0.662
0.0222944
0.662
0.325029
0.0961949
0.662
0.285416
0.662
0.662
0.594768
0.143789
0.662
0.662
0.662
0.604889
0.662
0.662
0.662
0.662
0.662
0.662
0.248643
0.662
0.662
0.00456747
0.0165439
0.662
0.662
0.236138
0.334729
0.26828
0.662
0.345002
0.118888
0.314312
0.0734318
0.208524
0.662
0.329843
0.662
0.662
0.662
0.198473
0.0235547
0.662
0.241551
0.0840765
0.412953
0.662
0.662
0.662
0.662
0.662
0.662
0.449947
0.135986
0.662
0.662
0.662
0.662
0.426625
0.372321
0.662
0.662
0.109179
0.662
0.662
0.275294
0.0589399
0.0194617
0.423884
0.662
0.0561463
0.662
0.662
0.21472
0.0600196
0.662
0.210548
0.662
0.415016
0.208419
0.662
0.662
0.511881
0.449975
0.662
0.662
0.662
0.662
0.662
0.155735
0.662
0.662
0.45909
0.662
0.0776684
0.145678
0.0433594
0.035485
0.37045
0.214961
0.14029
0.260683
0.662
0.662
0.216476
0.662
0.662
0.115943
0.662
0.662
0.221919
0.334764
0.662
0.29125
0.0028635
0.11496
0.662
0.261126
0.12406
0.662
0.662
0.321594
0.247091
0.173954
0.0136432
0.112559
0.267207
0.662
0.662
0.128887
0.304044
0.662
0.41942
0.314111
0.662
0.662
0.662
0.662
0.485896
0.662
0.249023
0.662
0.224784
0.662
0.205861
0.662
0.0771979
0.183293
0.662
0.662
0.0595585
0.033588
0.662
0.662
0.00104452
0.199517
0.662
0.662
0.375733
0.130004
0.121469
0.662
0.662
0.622024
0.390864
0.446469
0.662
0.334988
0.404795
0.662
0.662
0.662
0.425036
0.383477
0.662
0.662
0.662
0.443816
0.0717596
0.662
0.662
0.254869
0.599662
0.342202
0.662
0.225299
0.349
0.662
0.514268
0.110033
0.662
0.0575302
0.662
0.662
0.662
0.662
0.613593
0.476709
0.121647
0.0272787
0.419196
0.662
0.318048
0.662
0.268074
0.201763
0.662
0.293766
0.0120525
0.662
0.662
0.662
0.447616
0.662
0.662
0.662
0.662
0.662
0.662
0.662
0.662
0.0574193
0.240134
0.662
0.662
0.292227
0.477089
0.662
0.662
0.662
0.662
0.662
0.441191
0.0284946
0.662
0.0434585
0.287487
0.662
0.662
0.662
0.14959
0.576738
0.662
0.662
0.662
0.101824
0.422782
0.252709
0.662
0.141159
0.404875
0.662
0.662
0.443832
0.662
0.662
0.261157
0.662
0.662
0.662
0.662
0.662
0.165667
0.662
0.662
0.3051
0.097088
0.357042
0.662
0.19907
0.378542
0.327876
0.662
0.476371
0.275481
0.662
0.437122
0.662
0.662
0.229065
0.204564
0.662
0.662
0.626799
0.662
0.662
0.246554
0.568563
0.109009
0.662
0.662
0.662
0.586442
0.018344
0.294274
0.0695976
0.662
0.604398
0.662
0.662
0.662
0.312746
0.173215
0.221647
0.662
0.662
0.662
0.37078
0.662
0.205205
0.191854
0.662
0.662
0.662
0.662
0.145885
0.300427
0.662
0.662
0.662
0.662
0.25788
0.0705335
0.475067
0.248383
0.0855867
0.662
0.662
0.152436
0.662
0.430385
0.662
0.662
0.662
0.662
0.0473288
0.258165
0.662
0.662
0.461907
0.372232
0.356567
0.662
0.10485
0.221858
0.662
0.316636
0.662
0.662
0.504851
0.231431
0.339643
0.345717
0.277676
0.117307
0.366329
0.662
0.454587
0.662
0.23758
0.662
0.0088983
0.662
0.469622
0.322324
8.47035e-06
0.662
0.432601
0.662
0.662
0.662
0.277733
0.662
0.662
0.662
0.662
0.662
0.662
0.662
0.662
0.662
0.662
0.0623453
0.662
0.256721
0.190183
0.662
0.662
0.15968
0.131589
0.463963
0.662
0.662
0.272273
0.179295
0.571939
0.633391
0.35566
0.389259
0.662
0.662
0.384204
0.473193
0.662
0.662
0.662
0.662
0.662
0.662
0.298136
0.139715
0.254459
0.366829
0.120789
0.662
0.438835
0.374032
0.474392
0.0871194
0.662
0.252487
0.32697
0.373808
0.214411
0.445102
0.0812846
0.662
0.311183
0.662
0.113802
0.103144
0.662
0.662
0.662
0.435743
0.662
0.130483
0.462972
0.662
0.229038
0.662
0.143388
0.662
0.275744
0.44917
0.295184
0.662
0.195321
0.198669
0.662
0.662
0.662
0.662
0.662
0.426934
0.662
0.258711
0.0778189
0.662
0.662
0.345449
0.0617764
0.662
0.419614
0.662
0.662
0.662
0.376006
0.662
0.662
0.453978
0.662
0.662
0.662
0.328487
0.662
0.662
0.662
0.662
0.662
0.662
0.362236
0.266052
0.662
0.462589
0.163749
0.662
0.662
0.125279
0.662
0.523643
0.662
