0.662
0.662
0.662
0.183341
0.539144
0.15771
0.117656
0.662
0.185803
0.662
0.470478
0.662
0.374276
0.662
0.266692
0.464676
0.63612
0.662
0.298022
0.662
0.115937
0.387712
0.662
0.662
0.296825
0.662
0.662
0.662
0.452844
0.0551151
0.662
0.662
0.0683216
0.662
0.16646
0.662
0.662
0.363863
0.237485
0.333283
0.662
0.662
0.662
0.371028
0.662
0.662
0.662
0.571963
0.662
0.0499265
0.38971
0.000678498
0.190943
0.662
0.662
0.504448
0.435222
0.00597971
0.126877
0.662
0.126637
0.662
0.662
0.662
0.662
0.411983
0.180942
0.662
0.662
0.00227819
0.662
0.662
0.662
0.434605
0.198113
0.662
0.662
0.180903
0.233762
0.610268
0.662
0.662
0.662
0.00525755
0.00327239
0.197651
0.662
0.662
0.5589
0.0252437
0.379236
0.436696
0.359579
0.662
0.176138
0.463774
0.662
0.662
0.662
0.301975
0.256975
0.662
0.511689
0.614035
0.405962
0.662
0.662
0.385612
0.662
0.662
0.662
0.662
0.662
0.662
0.149507
0.662
0.662
0.662
0.662
0.662
0.662
0.507803
0.662
0.46258
0.662
0.662
0.342414
0.662
0.662
0.662
0.662
0.662
0.662
0.0215019
0.662
0.662
0.411975
0.662
0.662
0.506296
0.662
0.386939
0.273145
0.662
0.662
0.486152
0.208229
0.662
0.662
0.644966
0.662
0.161994
0.311944
0.380095
0.103099
0.229799
0.124345
0.24898
0.662
0.172769
0.662
0.40318
0.549887
0.340587
0.0810179
0.662
0.662
0.16076
0.662
0.109686
0.274279
0.651933
0.662
0.662
0.662
0.072313
0.662
0.662
0.246276
0.662
0.0664629
0.662
0.250066
0.432964
0.662
0.662
0.332417
0.662
0.662
0.662
0.47712
0.29371
0.420932
0.662
0.662
0.662
0.662
0.662
0.662
0.230009
0.299869
0.259313
0.662
0.124349
0.439929
0.662
0.662
0.662
0.648869
0.662
0.217488
0.662
0.662
0.302572
0.662
0.515868
0.662
0.312556
0.344017
0.316333
0.636988
0.662
0.662
0.457576
0.423075
0.662
0.662
0.662
0.0869183
0.662
0.662
0.0435491
0.662
0.662
0.662
0.662
0.662
0.662
0.551726
0.131233
0.662
0.662
0.662
0.662
0.211243
0.208941
0.211451
0.662
0.662
0.0345794
0.662
0.309553
0.197876
0.662
0.277603
0.662
0.662
0.662
0.428343
0.205607
0.662
0.382749
0.393802
0.662
0.662
0.418419
0.662
0.662
0.662
0.662
0.662
0.153395
0.00317537
0.0877554
0.340716
0.0653788
0.662
0.226052
0.0982425
0.00753079
0.662
0.424634
0.389378
0.446141
0.662
0.662
0.662
0.662
0.159249
0.662
0.388469
0.246886
0.662
0.144803
0.302448
0.662
0.0591544
0.662
0.332415
0.662
0.662
0.121541
0.0291684
0.662
0.284071
0.662
0.235648
0.404109
0.531927
0.662
0.662
0.0889511
0.662
0.655856
0.662
0.662
0.123813
0.662
0.556689
0.662
0.42442
0.662
0.286197
0.146275
0.36052
0.662
0.211583
0.0460046
0.32965
0.252308
0.662
0.662
0.336855
0.662
0.421783
0.662
0.662
0.332229
0.318237
0.104473
0.315243
0.662
0.403234
0.662
0.277728
0.0943893
0.0801733
0.160591
0.525375
0.662
0.662
0.517053
0.662
0.662
0.662
0.332838
0.15047
0.662
0.662
0.662
0.332039
0.275212
0.662
0.195905
0.662
0.337347
0.662
0.405087
0.0736777
0.223221
0.662
0.662
0.135411
0.591772
0.662
0.662
0.416374
0.503776
0.477163
0.395887
0.159145
0.342386
0.229297
0.662
0.662
0.147682
0.17245
0.555011
0.317653
0.545446
0.662
0.437566
0.662
0.662
0.324734
0.662
0.662
0.148135
0.662
0.0161778
0.662
0.662
0.662
0.662
0.146898
0.662
0.662
0.209505
0.0528833
0.662
0.662
0.662
0.334897
0.2966
0.662
0.474301
0.662
0.0912448
0.662
0.437459
0.264995
0.662
0.662
0.662
0.662
0.407029
0.0342486
0.662
0.208195
0.662
0.662
0.292461
0.0978274
0.221041
0.319124
0.247879
0.662
0.662
0.662
0.662
0.662
0.0559898
0.335445
0.38285
0.662
0.662
0.662
0.662
0.662
0.411447
0.662
0.662
0.108754
0.662
0.662
0.105634
0.662
0.623376
0.662
0.432003
0.104134
0.662
0.195276
0.1766
0.662
0.574402
0.662
0.442307
0.0690996
0.662
0.104962
0.48978
0.347282
0.662
0.362759
0.287174
0.662
0.662
0.384412
0.662
0.413139
0.662
0.662
0.179757
0.334828
0.662
0.480077
0.29208
0.662
0.135094
0.662
0.662
0.662
0.61279
0.22719
0.662
0.662
0.240726
0.662
0.662
0.662
0.662
0.454669
0.662
0.231165
0.0162125
0.295376
0.662
0.662
0.239476
0.662
0.662
0.662
0.662
0.662
0.433332
0.268611
0.662
0.423114
0.0390084
0.662
0.662
0.151184
0.662
0.662
0.662
