0.316624
0.263515
0.0258774
0.662
0.469989
0.662
0.26907
0.234056
0.0575754
0.662
0.662
0.234349
0.0847773
0.662
0.662
0.463912
0.389485
0.378183
0.0298563
0.526486
0.16354
0.662
0.111264
0.0862817
0.393376
0.323039
0.0496535
0.273515
0.0530619
0.662
0.24516
0.662
0.0294201
0.354416
0.662
0.662
0.662
0.662
0.416691
0.375809
0.211592
0.662
0.662
0.662
0.662
0.662
0.662
0.662
0.662
0.662
0.662
0.662
0.0773358
0.662
0.467009
0.542707
0.662
0.662
0.0379497
0.0695226
0.209464
0.662
0.324907
0.0655616
0.662
0.662
0.662
0.391138
0.662
0.662
0.662
0.662
0.0942786
0.475179
0.662
0.31822
0.254503
0.662
0.173372
0.662
0.165709
0.662
0.0851493
0.337169
0.662
0.3849
0.00664672
0.177729
0.662
0.0546782
0.662
0.381146
0.633391
0.167535
0.662
0.253247
0.340644
0.662
0.662
0.662
0.662
0.662
0.220551
0.662
0.209249
0.662
0.33237
0.662
0.662
0.326122
0.250162
0.445154
0.231317
0.446586
0.372433
0.662
0.662
0.662
0.278228
0.191624
0.662
0.176255
0.662
0.35321
0.4082
0.662
0.232444
0.395808
0.147273
0.361001
0.662
0.662
0.662
0.307165
0.250777
0.0506512
0.662
0.286226
0.662
0.662
0.662
0.662
0.272771
0.662
0.332154
0.416277
0.214456
0.238154
0.467485
0.238446
0.662
0.662
0.662
0.418272
0.662
0.0239371
0.380291
0.223153
0.662
0.436986
0.63339
0.00808916
0.227384
0.241138
0.662
0.359206
0.14411
0.662
0.500942
0.662
0.167159
0.583313
0.662
0.284632
0.662
0.383844
0.526904
0.662
0.662
0.229128
0.662
0.662
0.662
0.662
0.104751
0.43151
0.662
0.438823
0.662
0.258772
0.154675
0.662
0.227831
0.328171
0.662
0.219077
0.662
0.662
0.662
0.387006
0.386885
0.016832
0.662
0.123625
0.662
0.662
0.101121
0.406273
0.662
0.206578
0.0364717
0.412936
0.484681
0.662
0.662
0.364082
0.395602
0.455834
0.662
0.264754
0.662
0.662
0.63339
0.55589
0.161053
0.662
0.662
0.418284
0.270789
0.211304
0.662
0.662
0.442272
0.662
0.662
0.484579
0.0840893
0.662
0.0232105
0.662
0.662
0.130573
0.147892
0.662
0.662
0.662
0.116021
0.265244
0.455193
0.424937
0.0503513
0.662
0.662
0.662
0.397201
0.349063
0.6534
0.411081
0.12395
0.662
0.173445
0.291129
0.662
0.0755297
0.662
0.662
0.441073
0.662
0.662
0.124907
0.662
0.662
0.468927
0.35623
0.662
0.662
0.662
0.662
0.662
0.662
0.228782
0.155348
0.662
0.662
0.127111
0.312785
0.0865462
0.176235
0.415591
0.291294
0.662
0.662
0.662
0.427312
0.191717
0.662
0.662
0.662
0.662
0.662
0.537419
0.0102306
0.662
0.353366
0.255889
0.138665
0.662
0.466235
0.647355
0.220423
0.662
0.662
0.333614
0.212383
0.181602
0.662
0.211344
0.456759
0.258008
0.662
0.14967
0.662
0.662
0.430981
0.662
0.662
0.495269
0.662
0.662
0.0787726
0.662
0.662
0.292509
0.194082
0.00118087
0.189278
0.662
0.0649493
0.662
0.234973
0.662
0.261055
0.330738
0.662
0.662
0.662
0.662
0.316122
0.465199
0.662
0.362704
0.662
0.662
0.370889
0.0510741
0.402872
0.662
0.662
0.11223
0.662
0.15302
0.275664
0.262129
0.662
0.0933304
0.662
0.0795546
0.142599
0.176043
0.376233
0.662
0.662
0.183015
0.153771
0.662
0.662
0.662
0.662
0.662
0.662
0.323304
0.237122
0.163737
0.313451
0.303007
0.662
0.195411
0.662
0.662
0.662
0.12808
0.662
0.189263
0.662
0.380923
0.546156
0.662
0.662
0.235846
0.149283
0.662
0.662
0.225014
0.662
0.662
0.662
0.32147
0.662
0.200606
0.662
0.522881
0.179427
0.248703
0.662
0.662
0.662
0.662
0.104673
0.662
0.662
0.0323914
0.662
0.662
0.662
0.662
0.0206819
0.662
0.326263
0.662
0.100155
0.132303
0.662
0.030278
0.662
0.443957
0.662
0.185495
0.662
0.0958473
0.181782
0.201855
0.662
0.107648
0.356288
0.662
0.26575
0.662
0.662
0.662
0.662
0.0841161
0.662
0.125388
0.662
0.050492
0.42716
0.564838
0.662
0.446164
0.662
0.662
0.662
0.662
0.126706
0.514482
0.263781
0.352981
0.662
0.662
0.662
0.472007
0.662
0.309562
0.662
0.363221
0.662
0.147162
0.662
0.662
0.662
0.662
0.128598
0.662
0.163521
0.0607521
0.63339
0.662
0.035108
0.155712
0.662
0.662
0.662
0.373521
0.662
0.247985
0.154054
0.662
0.662
0.662
0.346515
0.106623
0.662
0.662
0.425538
0.219678
0.423875
0.22681
0.662
0.662
0.662
0.315887
0.0467102
0.256545
0.0507188
0.330465
0.662
0.0880583
0.662
0.662
0.0777167
0.0214755
0.662
0.45634
0.662
0.0168904
0.662
0.262397
0.306478
0.662
0.662
0.302514
0.662
0.662
0.46658
0.126476
0.652341
0.0786755
0.409922
0.662
0.122353
0.662
0.662
0.662
0.662
0.662
0.662
0.662
0.662
0.662
0.398636
0.489716
0.0651111
0.662
0.303103
0.211023
0.662
0.133866
0.281411
0.662
0.662
0.662
0.662
0.633391
0.662
0.662
0.662
0.204757
0.662
0.414026
0.662
0.196296
0.361075
0.153364
0.053124
0.443496
0.185905
0.370434
0.662
0.662
0.196793
0.662
0.0946078
0.662
0.467001
0.490071
0.215968
0.332584
0.0244554
0.662
0.225311
0.662
0.662
0.662
0.173505
0.662
0.662
0.222037
0.662
0.662
0.467585
0.662
0.266875
0.147258
0.371544
0.443422
0.662
0.194564
0.662
0.662
0.119032
0.662
0.180599
0.124199
0.662
0.662
0.520558
0.662
0.662
0.222024
0.662
0.29762
0.662
0.662
0.210962
0.662
0.662
0.662
0.662
0.153242
0.662
0.662
0.662
0.662
0.662
0.179926
0.549207
0.568575
0.662
0.662
0.662
0.662
0.662
0.662
0.662
0.662
0.0992048
0.662
0.662
0.409496
0.128389
0.235609
0.0245817
0.277551
0.662
0.662
0.116402
0.299113
0.662
0.662
0.662
0.662
0.271656
0.662
0.412114
0.435148
0.662
0.662
0.662
0.662
0.18655
0.662
0.662
0.2462
0.662
0.662
0.498446
0.662
0.153653
0.245002
0.662
0.460806
0.224288
0.176275
0.0948357
0.662
0.298086
