0.459838
0.483472
0.662
0.144948
0.662
0.662
0.0120519
0.662
0.662
0.662
0.332843
0.662
0.662
0.278702
0.662
0.662
0.293087
0.257079
0.146051
0.271181
0.385822
0.46719
0.274383
0.662
0.018098
0.479769
0.662
0.662
0.445711
0.344917
0.485064
0.662
0.662
0.0488495
0.662
0.169033
0.436254
0.662
0.662
0.662
0.39692
0.662
0.214487
0.30577
0.662
0.662
0.662
0.662
0.662
0.662
0.662
0.662
0.363189
0.662
0.662
0.662
0.662
0.369074
0.662
0.662
0.0537317
0.404843
0.662
0.280732
0.370243
0.662
0.126117
0.662
0.662
0.633694
0.424671
0.662
0.662
0.575791
0.0416863
0.662
0.662
0.41514
0.368904
0.212559
0.520993
0.205306
0.315262
0.662
0.280518
0.662
0.662
0.662
0.662
0.662
0.30148
0.662
0.662
0.662
0.409608
0.264799
0.36166
0.461745
0.0528833
0.662
0.662
0.0147216
0.662
0.662
0.662
0.662
0.347285
0.662
0.662
0.041005
0.0783615
0.662
0.662
0.662
0.662
0.662
0.179981
0.275859
0.662
0.294
0.442648
0.477176
0.662
0.367156
0.0484379
0.662
0.22286
0.0148382
0.662
0.337628
0.341161
0.662
0.662
0.662
0.344722
0.662
0.662
0.251157
0.28371
0.235024
0.454264
0.662
0.662
0.662
0.388716
0.32373
0.662
0.404447
0.14218
0.438878
0.662
0.439881
0.246138
0.662
0.662
0.482119
0.295568
0.303647
0.662
0.124456
0.662
0.0854126
0.662
0.662
0.410123
0.234042
0.365559
0.575118
0.662
0.662
0.662
0.101605
0.502906
0.662
0.0378472
0.662
0.373383
0.212223
0.205736
0.122701
0.329291
0.377467
0.0754984
0.405942
0.662
0.662
0.322536
0.105206
0.298418
0.662
0.212111
0.153317
0.662
0.197826
0.662
0.662
0.227648
0.662
0.199802
0.662
0.390712
0.662
0.369775
0.662
0.184933
0.662
0.662
0.451678
0.47887
0.353872
0.662
0.13911
0.662
0.662
0.30636
0.284282
0.425771
0.325725
0.338893
0.320501
0.662
0.428654
0.662
0.662
0.662
0.157325
0.329196
0.538323
0.662
0.338862
0.0955464
0.444129
0.662
0.252192
0.0996295
0.58198
0.273905
0.662
0.662
0.137486
0.662
0.274317
0.0348584
0.367981
0.197413
0.172762
0.423285
0.662
0.662
0.0854005
0.662
0.662
0.0700038
0.662
0.662
0.662
0.259627
0.662
0.662
0.593034
0.662
0.221611
0.256156
0.662
0.131554
0.662
0.662
0.362439
0.0230114
0.662
0.0160423
0.662
0.662
0.662
0.662
0.662
0.233776
0.662
0.662
0.662
0.662
0.14377
0.662
0.662
0.398324
0.662
0.359506
0.662
0.170774
0.0267418
0.662
0.662
0.0146434
0.0469881
0.284229
0.176993
0.288491
0.0233558
0.662
0.19587
0.301256
0.662
0.662
0.662
0.662
0.662
0.463806
0.298647
0.662
0.21906
0.662
0.662
0.120571
0.662
0.662
0.662
0.662
0.470225
0.662
0.662
0.662
0.481673
0.662
0.0980453
0.662
0.662
0.662
0.662
0.245558
0.319037
0.202389
0.662
0.460363
0.662
0.0839501
0.637538
0.662
0.371616
0.662
0.23946
0.662
0.662
0.662
0.662
0.662
0.437836
0.662
0.300944
0.376863
0.359692
0.662
0.662
0.404074
0.662
0.662
0.662
0.662
0.662
0.263433
0.662
0.662
0.100775
0.662
0.0777205
0.662
0.400284
0.662
0.336334
0.662
0.275342
0.662
0.0130342
0.662
0.662
0.662
0.662
0.662
0.463181
0.662
0.662
0.662
0.462695
0.662
0.662
0.662
0.662
0.368966
0.662
0.662
0.662
0.40233
0.449267
0.399335
0.662
0.450344
0.662
0.662
0.547064
0.166472
0.662
0.662
0.662
0.502926
0.662
0.231851
0.27027
0.128747
0.465975
0.662
0.662
0.662
0.199834
0.662
0.442125
0.662
0.662
0.662
0.188344
0.0644661
0.662
0.333886
0.225587
0.0555179
0.194758
0.662
0.263495
0.34871
0.662
0.354346
0.440029
0.376273
0.662
0.157752
0.662
0.386097
0.438597
0.662
0.382485
0.0367106
0.356434
0.662
0.0120792
0.342119
0.662
0.662
0.00210068
0.42135
0.272713
0.662
0.0443279
0.63733
0.396421
0.355825
0.662
0.662
0.26795
0.283901
0.249424
0.640868
0.197062
0.449016
0.232605
0.662
0.376646
0.38708
0.662
0.662
0.441361
0.0728397
0.662
0.662
0.662
0.282241
0.662
0.662
0.662
0.0853888
0.662
0.662
0.470938
0.445502
0.58462
0.194867
0.137066
0.446257
0.662
0.467373
0.662
0.662
0.417448
0.534
0.332919
0.662
0.23462
0.39253
0.662
0.236855
0.662
0.662
0.662
0.662
0.662
0.662
0.469085
0.662
0.662
0.244046
0.662
0.331597
0.0699101
0.662
0.0559201
0.662
0.306604
0.662
0.662
0.662
0.662
0.662
0.662
0.662
0.483649
0.185301
0.662
0.662
0.662
0.662
0.28227
0.118142
0.662
0.662
0.662
0.662
0.662
0.662
0.662
0.662
0.298457
0.377778
0.186749
0.662
0.662
0.0157528
0.662
0.662
0.451413
0.662
0.662
0.662
0.662
0.460799
0.333658
0.104245
0.662
0.662
0.413074
0.662
0.662
0.0715126
0.268572
0.0234784
0.662
0.662
0.463207
0.662
0.0916195
0.662
0.25968
0.662
0.259945
0.662
0.662
0.00797526
0.279667
0.376775
0.662
0.370461
0.662
0.662
0.662
0.336414
0.662
0.662
0.446547
0.662
0.662
0.468308
0.21062
0.388762
0.0149331
0.253955
0.399276
0.662
0.662
0.217203
0.662
0.0866762
0.662
0.46649
0.662
0.234364
0.160694
0.295523
0.35337
0.27881
0.662
0.35499
0.254734
0.662
0.295886
0.364696
0.662
0.433787
