0.0979572
0.662
0.0933414
0.28105
0.42379
0.662
0.234226
0.662
0.383894
0.662
0.662
0.662
0.662
0.662
0.459789
0.27693
0.442666
0.640461
0.154955
0.515402
0.662
0.473334
0.662
0.662
0.662
0.114714
0.662
0.0958361
0.184913
0.662
0.153211
0.437835
0.662
0.050845
0.662
0.227779
0.232628
0.395419
0.0373112
0.662
0.115126
0.000283025
0.0599836
0.662
0.662
0.31274
0.339254
0.662
0.439288
0.662
0.474558
0.260175
0.662
0.368406
0.533943
0.206638
0.662
0.662
0.455705
0.662
0.0222592
0.662
0.662
0.418198
0.116884
0.225748
0.662
0.662
0.662
0.175122
0.0421194
0.662
0.662
0.662
0.105692
0.466297
0.662
0.097599
0.423256
0.378897
0.208205
0.662
0.662
0.117783
0.531444
0.356691
0.662
0.561964
0.662
0.423484
0.662
0.0814661
0.662
0.662
0.0203257
0.662
0.662
0.3897
0.662
0.662
0.282227
0.662
0.662
0.662
0.117225
0.662
0.662
0.24722
0.662
0.662
0.662
0.250403
0.662
0.662
0.335783
0.467655
0.662
0.662
0.580117
0.662
0.662
0.458426
0.19909
0.662
0.662
0.662
0.662
0.662
0.0319479
0.249883
0.485693
0.507161
0.662
0.662
0.662
0.662
0.60313
0.662
0.662
0.662
0.434337
0.662
0.502751
0.662
0.662
0.104473
0.662
0.296222
0.475164
0.200367
0.193827
0.488636
0.515748
0.0403529
0.400339
0.662
0.662
0.662
0.314839
0.662
0.242909
0.405948
0.662
0.662
0.469953
0.662
0.212818
0.662
0.34799
0.662
0.465923
0.358442
0.186789
0.662
0.0109412
0.662
0.662
0.307995
0.662
0.662
0.662
0.314008
0.662
0.662
0.662
0.471203
0.316315
0.511129
0.662
0.662
0.225131
0.0750181
0.466172
0.364247
0.662
0.0891744
0.424175
0.559064
0.662
0.0550666
0.487871
0.420312
0.469979
0.662
0.191866
0.662
0.662
0.00887973
0.662
0.662
0.346733
0.114058
0.320563
0.446957
0.662
0.183973
0.383354
0.662
0.281107
0.369696
0.321907
0.326019
0.662
0.662
0.4395
0.662
0.662
0.0204531
0.0781932
0.662
0.662
0.662
0.662
0.0378514
0.662
0.662
0.201793
0.447757
0.662
0.662
0.415144
0.272911
0.662
0.662
0.407839
0.158804
0.379374
0.378258
0.662
0.662
0.662
0.393551
0.263885
0.662
0.662
0.662
0.662
0.420253
0.662
0.46042
0.115308
0.328742
0.662
0.662
0.550971
0.288443
0.270205
0.305272
0.256126
0.123321
0.295167
0.196175
0.104193
0.223072
0.0835677
0.662
0.131297
0.662
0.662
0.662
0.0576827
0.559583
0.392802
0.17018
0.267782
0.546291
0.662
0.662
0.0871437
0.450431
0.311557
0.662
0.457439
0.0238138
0.662
0.385639
0.662
0.249393
0.239286
0.662
0.052383
0.417054
0.662
0.27915
0.662
0.662
0.662
0.662
0.662
0.662
0.662
0.634385
0.662
0.111752
0.662
0.662
0.352028
0.662
0.662
0.0394185
0.210232
0.334563
0.662
0.295254
0.00525755
0.299101
0.662
0.183087
0.258714
0.662
0.243448
0.647119
0.269683
0.313573
0.152073
0.0235925
0.451629
0.662
0.662
0.662
0.662
0.662
0.436303
0.662
0.662
0.35405
0.662
0.442755
0.662
0.662
0.36095
0.263386
0.662
0.662
0.116077
0.134919
0.662
0.439453
0.113437
0.0992228
0.163478
0.0640281
0.0230485
0.209206
0.416583
0.487962
0.662
0.348002
0.463372
0.189587
0.126365
0.399132
0.0537226
0.352749
0.0764481
0.662
0.353748
0.662
0.178531
0.332761
0.370508
0.0653879
0.662
0.238395
0.445772
0.19707
0.662
0.662
0.662
0.217728
0.440376
0.0820558
0.376027
0.0903987
0.242494
0.0262847
0.539088
0.662
0.662
0.289985
0.0683216
0.662
0.662
0.156469
0.662
0.582086
0.662
0.249516
0.221788
0.134997
0.412036
0.662
0.662
0.018707
0.456936
0.662
0.105518
0.662
0.662
0.473418
0.662
0.662
0.662
0.117455
0.662
0.0322486
0.662
0.662
0.645564
0.662
0.662
0.662
0.168591
0.662
0.347282
0.367785
0.317576
0.147649
0.662
0.662
0.17253
0.662
0.0755917
0.662
0.128917
0.231414
0.662
0.662
0.41324
0.662
0.662
0.662
0.662
0.662
0.662
0.662
0.662
0.17075
0.662
0.662
0.138288
0.373821
0.662
0.662
0.516172
0.18709
0.0973302
0.0200265
0.662
0.203133
0.59042
0.662
0.515725
0.289277
0.0555354
0.278142
0.0519058
0.214981
0.0604822
0.163983
0.234174
0.662
0.662
0.662
0.440829
0.0848794
0.662
0.417453
0.662
0.662
0.662
0.185332
0.662
0.427512
0.287466
0.443798
0.219657
0.0248467
0.662
0.0940862
0.0455404
0.662
0.376775
0.662
0.112198
0.662
0.662
0.662
0.36992
0.662
0.662
0.662
0.240217
0.183228
0.662
0.533836
0.372124
0.662
0.474301
