0.345593
0.662
0.662
0.662
0.662
0.0115453
0.662
0.555188
0.114779
0.662
0.662
0.662
0.662
0.662
0.662
0.662
0.134062
0.662
0.145975
0.279851
0.662
0.662
0.446934
0.662
0.456475
0.662
0.366504
0.0491291
0.662
0.0786348
0.662
0.338391
0.662
0.175644
0.662
0.45174
0.662
0.662
0.586644
0.186699
0.260208
0.662
0.292799
0.0368468
0.441067
0.662
0.468092
0.662
0.662
0.662
0.662
0.662
0.662
0.177027
0.0950778
0.265809
0.662
0.662
0.662
0.180635
0.388467
0.640009
0.662
0.662
0.662
0.423383
0.326734
0.0991134
0.212177
0.662
0.226943
0.662
0.662
0.662
0.662
0.0565625
0.662
0.267272
0.662
0.275833
0.305105
0.662
0.35803
0.224215
0.662
0.662
0.662
0.071368
0.662
0.286936
0.662
0.662
0.662
0.134498
0.662
0.662
0.662
0.662
0.0103855
0.354148
0.461129
0.370105
0.446153
0.285037
0.662
0.662
0.662
0.662
0.588427
0.253684
0.0808173
0.662
0.662
0.268084
0.662
0.291492
0.662
0.662
0.00706376
0.234152
0.662
0.170113
0.224015
0.662
0.295036
0.662
0.662
0.662
0.383676
0.662
0.662
0.662
0.662
0.23553
0.662
0.662
0.240901
0.185286
0.662
0.662
0.662
0.662
0.662
0.662
0.662
0.210303
0.662
0.662
0.550017
0.0662328
0.662
0.662
0.662
0.0877537
0.115586
0.662
0.662
0.662
0.662
0.0759331
0.662
0.275301
0.662
0.662
0.195732
0.662
0.662
0.662
0.662
0.662
0.662
0.662
0.287831
0.367041
0.341038
0.662
0.501278
0.445663
0.662
0.662
0.136576
0.109379
0.469663
0.543482
0.662
0.173359
0.662
0.662
0.0393169
0.662
0.662
0.423692
0.104507
0.662
0.662
0.662
0.662
0.662
0.628292
0.0155383
0.283244
0.662
0.103288
0.662
0.662
0.662
0.662
0.233139
0.662
0.662
0.662
0.290298
0.662
0.662
0.0610273
0.0249368
0.662
0.662
0.662
0.662
0.62897
0.662
0.33498
0.0709286
0.219689
0.662
0.378142
0.662
0.0999337
0.662
0.662
0.565389
0.662
0.291111
0.662
0.662
0.662
0.501144
0.106367
0.0513322
0.469189
0.662
0.21301
0.29954
0.0416609
0.356399
0.662
0.662
0.662
0.662
0.662
0.662
0.39019
0.662
0.662
0.0461387
0.662
0.0690054
0.155305
0.662
0.662
0.129713
0.480504
0.662
0.339328
0.248122
0.662
0.0962943
0.0357872
0.307086
0.0658523
0.662
0.662
0.408971
0.662
0.18517
0.662
0.551057
0.459159
0.662
0.662
0.662
0.662
0.0963621
0.0857772
0.662
0.167957
0.662
0.182549
0.662
0.662
0.662
0.464833
0.662
0.662
0.0825174
0.23264
0.662
0.0749382
0.398201
0.662
0.662
0.029465
0.662
0.397698
0.662
0.225983
0.432374
0.442188
0.165492
0.114246
0.662
0.155938
0.662
0.347137
0.13281
0.662
0.662
0.662
0.0466041
0.662
0.662
0.0440673
0.662
0.662
0.0789143
0.183729
0.662
0.662
0.148313
0.314878
0.208824
0.662
0.650453
0.471091
0.662
0.404879
0.662
0.412534
0.662
0.662
0.342522
0.662
0.158031
0.662
0.026671
0.431081
0.662
0.0618903
0.209418
0.662
0.662
0.662
0.662
0.662
0.343669
0.13549
0.662
0.662
0.662
0.662
0.0457406
0.662
0.106945
0.662
0.662
0.320494
0.0333307
0.0160146
0.662
0.415047
0.00288443
0.494976
0.662
0.241446
0.0705483
0.662
0.162303
0.466139
0.0737007
0.39029
0.662
0.105625
0.662
0.0931417
0.233169
0.662
0.199424
0.47337
0.662
0.122695
0.662
0.38967
0.348771
0.662
0.662
0.294262
0.178226
0.34197
0.662
0.266572
0.0306006
0.343278
0.106416
0.662
0.295612
0.498034
0.662
0.662
0.226116
0.662
0.662
0.662
0.274152
0.406001
0.662
0.362724
0.662
0.249914
0.662
0.662
0.662
0.358086
0.662
0.662
0.662
0.662
0.662
0.402571
0.585351
0.662
0.476987
0.662
0.662
0.662
0.475624
0.38647
0.662
0.385972
0.662
0.0916764
0.662
0.0523174
0.662
0.662
0.662
0.662
0.132344
0.662
0.662
0.325688
0.662
0.381306
0.410553
0.367162
0.393143
0.662
0.244836
0.662
0.662
0.662
0.662
0.662
0.662
0.0475717
0.662
0.197224
0.465094
0.262699
0.662
0.662
0.662
0.662
0.398869
0.662
0.662
0.662
