0.662
0.508925
0.218799
0.662
0.115823
0.662
0.502926
0.662
0.376775
0.662
0.130914
0.662
0.662
0.456045
0.300614
0.477176
0.0801951
0.662
0.662
0.149037
0.520993
0.662
0.662
0.662
0.404074
0.365559
0.662
0.662
0.662
0.662
0.662
0.183064
0.460363
0.662
0.342713
0.662
0.194758
0.662
0.226408
0.400284
0.662
0.662
0.0465102
0.640868
0.00390467
0.662
0.287523
0.662
0.294
0.655351
0.662
0.662
0.568077
0.638139
0.662
0.662
0.153051
0.662
0.662
0.662
0.298647
0.662
0.662
0.303647
0.404711
0.430016
0.662
0.662
0.662
0.180621
0.662
0.342924
0.439162
0.662
0.332843
0.662
0.312446
0.662
0.34871
0.342626
0.662
0.662
0.662
0.662
0.662
0.662
0.394972
0.271315
0.662
0.125881
0.662
0.662
0.377467
0.662
0.202831
0.662
0.662
0.363189
0.662
0.662
0.662
0.0340324
0.370461
0.168225
0.0983714
0.272713
0.662
0.662
0.662
0.662
0.662
0.382485
0.392899
0.497861
0.662
0.403345
0.662
0.662
0.200561
0.457261
0.460593
0.662
0.170319
0.662
0.637538
0.662
0.320501
0.662
0.0889348
0.00797526
0.413143
0.470225
0.0587295
0.39678
0.662
0.662
0.662
0.662
0.662
0.662
0.662
0.0537317
0.222149
0.662
0.662
0.0359143
0.415497
0.662
0.0738716
0.662
0.334284
0.445502
0.412537
0.662
0.378163
0.187927
0.107075
0.407947
0.0660964
0.662
0.0157528
0.255455
0.662
0.662
0.293121
0.444129
0.662
0.200529
0.192131
0.662
0.245558
0.0849956
0.150386
0.0728397
0.0754984
0.662
0.21062
0.662
0.662
0.662
0.662
0.662
0.1415
0.172025
0.181537
0.662
0.662
0.662
0.248542
0.23946
0.132448
0.662
0.662
0.388762
0.12671
0.280518
0.21558
0.662
0.662
0.191045
0.662
0.662
0.0233558
0.662
0.13911
0.30636
0.662
0.662
0.455651
0.662
0.379743
0.278737
0.662
0.662
0.662
0.235024
0.662
0.662
0.0379795
0.662
0.2146
0.442577
0.662
0.402676
0.662
0.662
0.390712
0.662
0.662
0.294872
0.662
0.662
0.421593
0.552312
0.341292
0.446257
0.662
0.662
0.343499
0.662
0.662
0.422651
0.222287
0.662
0.662
0.216682
0.381059
0.662
0.662
0.367981
0.662
0.27465
0.357046
0.424671
0.33231
0.40233
0.662
0.662
0.662
0.662
0.662
0.0130342
0.249424
0.65796
0.205736
0.662
0.662
0.467373
0.662
0.662
0.662
0.662
0.264799
0.662
0.662
0.662
0.662
0.278858
0.662
0.662
0.31269
0.202389
0.662
0.193944
0.205306
0.314119
0.662
0.327395
0.662
0.662
0.157601
0.0267418
0.519528
0.439881
0.42707
0.338893
0.662
0.662
0.438878
0.662
0.35492
0.313658
0.662
0.0796861
0.0337761
0.662
0.317152
0.662
0.0804839
0.232605
0.154946
0.607702
0.361712
0.662
0.662
0.662
0.662
0.662
0.662
0.151952
0.244046
0.662
0.368042
0.14218
0.41514
0.662
0.662
0.157752
0.236749
0.158504
0.662
0.314492
0.662
0.662
0.662
0.58198
0.662
0.298
0.434587
0.131107
0.428106
0.662
0.122701
0.399433
0.662
0.662
0.662
0.234042
0.662
0.351051
0.662
0.662
0.662
0.280236
0.432653
0.111622
0.647419
0.207784
0.176993
0.662
0.662
0.136269
0.662
0.280732
0.303541
0.461745
0.0255954
0.0295576
0.662
0.439571
0.366432
0.0135204
0.283901
0.662
0.114882
0.376886
0.662
0.221611
0.662
0.125834
0.263433
0.662
0.206483
0.211135
0.60586
0.462695
0.111641
0.662
0.398324
0.449267
0.662
0.26795
0.662
0.662
0.0250655
0.32373
0.662
0.662
0.104871
0.662
0.662
0.550499
0.662
0.662
0.377771
0.104245
0.413721
0.662
0.662
0.437836
0.662
0.662
0.239074
0.602846
0.662
0.472242
0.226585
0.662
0.397258
0.662
0.662
0.364811
0.494711
0.476562
0.158655
0.662
0.662
0.662
0.662
0.662
0.197326
0.662
0.662
0.662
0.662
0.482119
0.662
0.662
0.662
0.662
0.662
0.662
0.261671
0.286868
0.271181
0.296666
0.662
0.122428
0.310026
0.153513
0.662
0.396421
0.662
0.662
0.0883843
0.662
0.0684027
0.662
0.0658909
0.0763134
0.662
0.662
0.0920771
0.662
0.662
0.662
0.662
0.122368
0.662
0.0245053
0.425322
0.662
0.321313
0.0150832
0.662
0.662
0.662
0.662
0.354346
0.435272
0.662
0.275859
0.329291
0.662
0.662
0.0153994
0.161613
0.333658
0.441361
0.662
0.662
0.662
0.170425
0.662
0.269705
0.627474
0.0980453
0.662
0.662
0.662
0.211904
0.662
0.167747
0.216037
0.662
0.662
0.0057334
0.219003
0.662
0.376171
0.662
0.662
0.208727
0.662
0.662
0.0699101
0.662
0.662
0.662
0.662
0.662
0.662
0.662
0.428328
0.361773
0.331523
0.217203
0.223168
0.459838
0.662
0.258837
0.294956
0.0853888
0.662
0.662
0.662
0.662
0.662
0.373454
0.131922
0.368966
0.347149
0.662
0.459458
0.662
0.364573
0.265519
0.662
0.662
0.239434
0.662
0.100775
0.468308
0.463181
0.490771
0.29652
0.662
0.39253
0.662
0.279802
0.662
0.662
0.662
0.662
0.662
0.662
0.100555
0.041005
0.662
0.385822
0.47018
0.482475
0.662
0.379941
0.236855
0.217123
0.362439
0.662
0.662
0.662
0.662
0.446547
0.173334
0.662
0.208167
0.550879
0.662
0.298109
0.333886
0.0808245
0.352183
0.662
0.0933912
0.356434
0.662
0.39692
0.662
0.662
0.0817368
0.662
0.353466
0.220952
0.662
0.566122
0.662
0.193037
0.662
0.26216
0.662
0.30577
0.375863
0.662
0.662
0.662
0.662
0.662
0.662
0.662
0.662
0.662
0.0147216
0.0469881
0.481915
0.662
0.662
0.662
0.662
0.662
0.662
0.187093
0.0715628
0.662
0.62856
0.259728
0.0153772
0.662
0.662
0.662
0.662
0.662
0.662
0.662
0.131554
0.662
0.662
0.156982
0.662
