0.662
0.276252
0.662
0.42849
0.662
0.662
0.662
0.662
0.109586
0.0773358
0.296037
0.662
0.286044
0.662
0.427322
0.451151
0.662
0.662
0.0744172
0.0851493
0.0294384
0.180279
0.662
0.124907
0.662
0.244083
0.662
0.16269
0.460882
0.662
0.662
0.197564
0.662
0.082342
0.662
0.662
0.662
0.192684
0.16184
0.639872
0.662
0.662
0.0241933
0.662
0.662
0.662
0.662
0.157423
0.199315
0.55589
0.180599
0.662
0.00901326
0.143888
0.662
0.662
0.0129614
0.123873
0.662
0.361001
0.662
0.662
0.662
0.662
0.584499
0.662
0.662
0.212237
0.397814
0.452669
0.662
0.646141
0.662
0.268377
0.662
0.4617
0.662
0.413995
0.662
0.104618
0.662
0.0206819
0.454813
0.263515
0.662
0.0492613
0.409691
0.662
0.250162
0.258556
0.662
0.234349
0.662
0.297668
0.181782
0.0862817
0.387162
0.662
0.662
0.662
0.437837
0.235026
0.662
0.662
0.662
0.662
0.662
0.010071
0.6534
0.662
0.365219
0.11494
0.21817
0.662
0.662
0.662
0.662
0.662
0.119005
0.662
0.419401
0.243728
0.662
0.662
0.0306537
0.0924304
0.0571241
0.404884
0.662
0.467316
0.405517
0.431558
0.662
0.662
0.383844
0.142871
0.444549
0.304267
0.662
0.662
0.188404
0.153242
0.662
0.662
0.662
0.173372
0.662
0.342439
0.440242
0.662
0.662
0.309493
0.662
0.247985
0.381963
0.109899
0.662
0.410187
0.662
0.229128
0.116069
0.583646
0.463912
0.14511
0.360413
0.662
0.38232
0.662
0.325639
0.0546782
0.196015
0.0676109
0.662
0.662
0.662
0.662
0.0279248
0.362704
0.662
0.662
0.121753
0.0364717
0.460806
0.662
0.10852
0.662
0.662
0.662
0.101121
0.105922
0.662
0.662
0.26876
0.662
0.662
0.662
0.662
0.467009
0.343193
0.353133
0.662
0.033838
0.662
0.211304
0.662
0.29762
0.335723
0.662
0.662
0.33014
0.662
0.662
0.662
0.662
0.662
0.662
0.0888656
0.662
0.344454
0.662
0.00637009
0.131311
0.662
0.662
0.662
0.349656
0.662
0.528961
0.662
0.662
0.398899
0.26907
0.142727
0.158814
0.662
0.662
0.662
0.248703
0.662
0.195955
0.477033
0.353921
0.662
0.147258
0.662
0.662
0.0786706
0.662
0.0631558
0.25998
0.662
0.662
0.662
0.662
0.374945
0.162058
0.414207
0.662
0.662
0.662
0.0574277
0.479583
0.156856
0.270789
0.450015
0.662
0.662
0.662
0.662
0.411081
0.317094
0.662
0.662
0.662
0.0751953
0.472101
0.350625
0.662
0.189993
0.301851
0.188234
0.284337
0.662
0.254827
0.423255
0.662
0.662
0.662
0.662
0.432059
0.662
0.662
0.135489
0.662
0.335037
0.146384
0.662
0.494912
0.662
0.662
0.662
0.662
0.421163
0.662
0.662
0.662
0.207585
0.662
0.662
0.170781
0.662
0.288917
0.445766
0.662
0.662
0.381811
0.662
0.662
0.0537814
0.226096
0.442259
0.204788
0.662
0.662
0.662
0.662
0.264886
0.662
0.662
0.410316
0.662
0.154491
0.662
0.178789
0.662
0.455309
0.662
0.662
0.520424
0.662
0.662
0.60534
0.662
0.662
0.179926
0.563069
0.662
0.443725
0.0104312
0.662
0.662
0.662
0.138665
0.662
0.115314
0.662
0.274791
0.662
0.662
0.662
0.339784
0.662
0.662
0.662
0.662
0.662
0.662
0.662
0.566175
0.662
0.295611
0.662
0.332584
0.662
0.430931
0.378208
0.399488
0.211661
0.662
0.662
0.662
0.662
0.196878
0.662
0.662
0.514482
0.390257
0.0523803
0.662
0.16115
0.662
0.662
0.371544
0.662
0.424801
0.662
0.662
0.662
0.374095
0.662
0.662
0.662
0.405102
0.372433
0.662
0.305945
0.662
0.662
0.662
0.258637
0.662
0.0907417
0.0607457
0.21036
0.43151
0.662
0.662
0.392891
0.662
0.662
0.662
0.170047
0.325576
0.225311
0.662
0.317194
0.662
0.662
0.307875
0.662
0.452916
0.155979
0.662
0.390018
0.404032
0.329992
0.439824
0.662
0.662
0.662
0.458149
0.0214755
0.662
0.662
0.327413
0.662
0.219255
0.662
0.356199
0.662
0.408947
0.662
0.662
0.175497
0.662
0.141115
0.662
0.0679697
0.662
0.415694
0.662
0.0382508
0.662
0.472047
0.376032
0.662
0.662
0.0791505
0.528966
0.0694877
0.104673
0.264889
0.386036
0.662
0.468927
0.175591
0.662
0.152191
0.662
0.302514
0.405378
0.662
0.662
0.35969
0.298923
0.244366
0.662
0.662
0.184237
0.662
0.269634
0.662
0.662
0.662
0.0406013
0.662
0.662
0.095741
0.662
0.45052
0.662
0.352981
0.662
0.116986
0.662
0.662
0.662
0.662
0.100061
0.455906
0.0528574
0.296196
0.342867
0.662
0.662
0.159022
0.469989
0.662
0.662
0.104698
0.117328
0.211303
0.0374228
0.662
0.442005
0.662
0.334041
0.662
0.211023
0.662
0.310194
0.0575754
0.662
0.107648
0.300025
0.662
0.662
0.103765
0.662
0.662
0.662
0.662
0.429436
0.427312
0.223741
0.498446
0.310956
0.0224344
0.0341628
0.662
0.243166
0.096208
0.662
0.662
0.222993
0.662
0.198845
0.662
0.662
0.662
0.411482
0.662
0.662
0.490046
0.500718
0.285427
0.201236
0.198587
0.0933304
0.662
0.662
0.662
0.662
0.189278
0.253397
0.662
0.662
0.368573
0.235402
0.383137
0.204752
0.0357036
0.662
0.662
0.0102656
0.358959
0.662
0.327394
0.0880583
0.123625
0.324199
0.255328
0.662
0.485828
0.662
0.0491727
0.662
0.244457
0.662
0.234731
0.662
0.186966
0.0193852
0.00151458
0.662
0.662
0.662
0.361772
0.662
0.364808
0.442923
0.662
0.255626
0.205084
0.350296
0.20804
0.662
0.285269
0.662
0.241087
0.662
0.662
0.662
0.256545
0.330738
0.662
0.474755
0.662
0.662
0.662
0.662
0.159439
0.441449
0.0341965
0.246756
0.662
0.662
0.333875
0.662
0.459429
0.423298
0.662
0.662
0.662
0.662
0.662
0.662
0.662
0.662
0.0925409
0.393634
0.160207
0.0277879
