0.662
0.662
0.662
0.477176
0.662
0.662
0.662
0.662
0.662
0.662
0.344917
0.485064
0.662
0.146051
0.0484379
0.662
0.371616
0.329196
0.662
0.0469881
0.662
0.0157528
0.398324
0.32373
0.662
0.282241
0.36166
0.662
0.438878
0.221611
0.565926
0.518619
0.662
0.163914
0.662
0.662
0.272713
0.35337
0.454264
0.662
0.169033
0.662
0.575791
0.662
0.662
0.662
0.662
0.0733767
0.662
0.662
0.538323
0.662
0.662
0.662
0.662
0.662
0.21062
0.13911
0.330111
0.662
0.662
0.662
0.499518
0.662
0.128169
0.368904
0.662
0.0988276
0.662
0.217203
0.662
0.356434
0.376273
0.662
0.197413
0.662
0.567611
0.368966
0.41514
0.662
0.451413
0.662
0.662
0.662
0.27881
0.662
0.283901
0.131554
0.662
0.423285
0.298457
0.662
0.662
0.662
0.30636
0.662
0.662
0.662
0.662
0.488766
0.23951
0.365559
0.502926
0.176993
0.0754984
0.120571
0.424671
0.662
0.662
0.194758
0.662
0.662
0.662
0.399335
0.21906
0.662
0.338862
0.470938
0.662
0.662
0.363189
0.157325
0.662
0.662
0.470225
0.662
0.58198
0.662
0.662
0.662
0.166472
0.662
0.662
0.63339
0.153317
0.390712
0.662
0.118142
0.662
0.370462
0.46649
0.329646
0.463181
0.662
0.0528833
0.662
0.662
0.662
0.662
0.662
0.293087
0.18346
0.662
0.662
0.481673
0.274383
0.30577
0.662
0.662
0.410123
0.018098
0.662
0.20104
0.662
0.437836
0.446547
0.14218
0.662
0.662
0.662
0.428654
0.662
0.382485
0.0866762
0.295886
0.662
0.662
0.300944
0.662
0.662
0.467373
0.662
0.662
0.662
0.333658
0.0839501
0.278702
0.27027
0.0601483
0.662
0.483649
0.280518
0.662
0.662
0.357697
0.461745
0.254734
0.170774
0.662
0.662
0.662
0.103223
0.662
0.0700038
0.0677075
0.510492
0.30148
0.662
0.662
0.38708
0.137066
0.284282
0.662
0.23946
0.275859
0.662
0.395308
0.0233558
0.194867
0.445502
0.0783615
0.0853888
0.662
0.662
0.640868
0.662
0.662
0.662
0.347285
0.662
0.376646
0.662
0.662
0.425771
0.662
0.662
0.662
0.662
0.446257
0.637538
0.575118
0.662
0.662
0.0664629
0.662
0.662
0.662
0.662
0.284229
0.662
0.662
0.662
0.662
0.662
0.662
0.385822
0.662
0.662
0.404074
0.232605
0.370461
0.662
0.00797526
0.662
0.662
0.0854126
0.0400332
0.662
0.593034
0.197062
0.662
0.137486
0.0544006
0.662
0.463806
0.34871
0.662
0.259627
0.662
0.662
0.662
0.233776
0.662
0.362439
0.0149331
0.253955
0.271181
0.26795
0.662
0.662
0.662
0.662
0.662
0.662
0.581007
0.662
0.186749
0.662
0.101605
0.662
0.359692
0.268572
0.662
0.245558
0.375936
0.227648
0.249424
0.144948
0.662
0.662
0.369074
0.662
0.396421
0.22286
0.19587
0.662
0.234042
0.463207
0.202831
0.662
0.662
0.294
0.662
0.662
0.469085
0.23475
0.662
0.662
0.662
0.662
0.295523
0.0120519
0.662
0.662
0.662
0.662
0.662
0.257079
0.662
0.329291
0.662
0.0537317
0.662
0.109337
0.46719
0.662
0.662
0.662
0.662
0.63733
0.662
0.404843
0.332919
0.662
0.662
0.442125
0.662
0.377778
0.662
0.306604
0.662
0.662
0.0348584
0.662
0.406794
0.405942
0.440029
0.662
0.662
0.662
0.23462
0.662
0.662
0.0728397
0.662
0.662
0.662
0.662
0.381284
0.47887
0.353872
0.367156
0.124456
0.451678
0.662
0.379629
0.547064
0.336334
0.355825
0.662
0.662
0.662
0.662
0.502906
0.243732
0.662
0.386097
0.322536
0.662
0.662
0.298418
0.662
0.662
0.0130342
0.662
0.662
0.662
0.104245
0.662
0.662
0.212111
0.164589
0.662
0.39692
0.0715126
0.662
0.662
0.662
0.662
0.662
0.662
0.662
0.662
0.662
0.662
0.443376
0.662
0.662
0.370243
0.662
0.662
0.212223
0.0488495
0.436254
0.191235
0.662
0.662
0.418085
0.0120351
0.662
0.662
0.460363
0.662
0.662
0.662
0.662
0.364696
0.445711
0.662
0.444129
0.535865
0.0367106
0.0769885
0.404447
0.662
0.662
0.662
0.0378472
0.442648
0.662
0.662
0.0980453
0.662
0.662
0.0591955
0.476472
0.662
0.338893
0.0403502
0.043454
0.256156
0.662
0.662
0.662
0.273905
0.662
0.126117
0.662
0.662
0.662
0.341161
0.40233
0.35499
0.128747
0.439881
0.246138
0.400284
0.369775
0.662
0.662
0.662
0.413074
0.332843
0.212559
0.205736
0.0559201
0.662
0.234364
0.041005
0.279667
0.251157
0.236855
0.0916195
0.662
0.662
0.662
0.662
0.441361
0.662
0.662
0.662
0.662
0.172762
0.662
0.462695
0.433787
0.633694
0.179981
0.280732
0.50023
0.662
0.0644661
0.274317
0.438597
0.38044
0.157752
0.14377
0.662
0.662
0.662
0.459838
0.100775
0.662
0.662
0.336414
0.479769
0.662
0.520993
0.460799
0.028929
0.449267
0.662
0.662
0.662
0.662
0.662
0.0147216
0.376775
0.662
0.662
0.259945
0.662
0.662
0.0699101
0.662
0.662
0.662
0.662
0.482119
0.662
0.662
0.662
0.264799
0.662
0.662
0.0160423
0.235024
0.534
0.662
0.662
0.380971
0.662
0.662
0.202389
0.662
0.397526
0.662
0.662
0.0120792
0.0996295
0.409608
0.662
0.424726
0.0955464
0.662
0.320501
0.662
0.662
0.662
0.662
0.662
0.399276
0.662
0.006706
0.662
0.662
0.275342
0.190804
0.662
0.0230114
0.354346
0.662
