0.662
0.203133
0.366384
0.662
0.662
0.249516
0.662
0.662
0.352749
0.0238138
0.63339
0.143778
0.404869
0.662
0.662
0.272786
0.662
0.662
0.186789
0.662
0.34193
0.662
0.116077
0.225131
0.374453
0.326019
0.662
0.467655
0.662
0.662
0.350249
0.662
0.662
0.662
0.134919
0.289985
0.252003
0.662
0.662
0.662
0.662
0.160481
0.463372
0.313573
0.366556
0.662
0.662
0.395419
0.662
0.662
0.662
0.662
0.295167
0.662
0.491023
0.662
0.662
0.052383
0.662
0.296222
0.334563
0.0235925
0.258714
0.662
0.662
0.210232
0.418198
0.662
0.128917
0.305611
0.662
0.19707
0.662
0.662
0.662
0.451629
0.0824997
0.662
0.0904434
0.36992
0.391751
0.315001
0.662
0.662
0.441898
0.466297
0.163983
0.662
0.662
0.662
0.662
0.084174
0.0108226
0.242909
0.465923
0.165062
0.662
0.347802
0.392802
0.17018
0.23204
0.662
0.662
0.662
0.662
0.662
0.662
0.662
0.270205
0.515402
0.662
0.223072
0.662
0.662
0.662
0.662
0.662
0.662
0.662
0.412036
0.189618
0.662
0.662
0.052297
0.0319479
0.662
0.478413
0.136404
0.662
0.662
0.241996
0.662
0.662
0.662
0.0404416
0.662
0.662
0.393551
0.000283025
0.662
0.662
0.24474
0.662
0.263386
0.487962
0.662
0.662
0.427512
0.256126
0.662
0.662
0.369696
0.662
0.393205
0.662
0.662
0.662
0.231414
0.662
0.256853
0.662
0.662
0.200367
0.662
0.662
0.662
0.662
0.662
0.662
0.662
0.662
0.249393
0.662
0.171821
0.34799
0.662
0.450431
0.662
0.0891744
0.189587
0.152073
0.662
0.662
0.662
0.662
0.662
0.368406
0.434337
0.662
0.183228
0.662
0.662
0.662
0.662
0.662
0.442755
0.474558
0.662
0.662
0.376027
0.113437
0.662
0.662
0.392973
0.662
0.0455404
0.226138
0.662
0.356691
0.122801
0.469953
0.662
0.0653879
0.288443
0.662
0.662
0.662
0.662
0.662
0.468364
0.533836
0.116884
0.101164
0.22647
0.662
0.662
0.0750181
0.238395
0.359077
0.472719
0.288338
0.662
0.662
0.662
0.299603
0.662
0.662
0.1617
0.260175
0.299101
0.662
0.662
0.0764481
0.0940862
0.528877
0.343078
0.305272
0.662
0.416583
0.295254
0.662
0.662
0.287903
0.662
0.0604822
0.662
0.662
0.345013
0.662
0.018707
0.662
0.662
0.662
0.662
0.0519058
0.0200265
0.105692
0.580117
0.662
0.662
0.490057
0.662
0.662
0.662
0.0386978
0.662
0.662
0.662
0.417453
0.662
0.0537226
0.662
0.662
0.234226
0.662
0.559583
0.234174
0.250403
0.209642
0.353748
0.662
0.662
0.183973
0.193336
0.307995
0.0373112
0.640461
0.447178
0.662
0.662
0.662
0.115308
0.0421194
0.243448
0.662
0.196175
0.0310597
0.4395
0.117225
0.32602
0.422206
0.0671534
0.423256
0.662
0.662
0.0332519
0.662
0.198244
0.455705
0.0394185
0.662
0.175122
0.662
0.662
0.0806237
0.662
0.405948
0.41324
0.126773
0.488636
0.662
0.491002
0.177448
0.311557
0.662
0.253353
0.59042
0.662
0.662
0.662
0.0272582
0.208205
0.662
0.662
0.439288
0.662
0.138288
0.662
0.662
0.0992228
0.662
0.662
0.185332
0.43992
0.662
0.662
0.00525755
0.509048
0.662
0.662
0.662
0.662
0.168591
0.221788
0.662
0.0739868
0.272911
0.662
0.662
0.178531
0.662
0.662
0.0480732
0.403745
0.392247
0.662
0.662
0.328742
0.662
0.662
0.662
0.662
0.471203
0.469979
0.662
0.662
0.662
0.111752
0.662
0.322262
0.46042
0.662
0.662
0.117455
0.289277
0.662
0.0809187
0.662
0.662
0.0299731
0.484284
0.292606
0.455799
0.35214
0.0082496
0.662
0.379374
0.214981
0.0703114
0.662
0.662
0.662
0.253846
0.662
0.38033
0.662
0.120078
0.0781932
0.662
0.204214
0.662
0.662
0.320563
0.662
0.662
0.662
0.662
0.239338
0.0554598
0.662
0.662
0.662
0.158804
0.662
0.495625
0.662
0.269683
0.662
0.662
0.123321
0.0230485
0.662
0.662
0.662
0.445772
0.662
0.662
0.633694
0.420312
0.0599836
0.662
0.15186
0.24505
0.561295
0.662
0.209129
0.0589443
0.42165
0.117783
0.473418
0.662
0.105518
0.662
0.662
0.44628
0.662
0.36095
0.298205
0.582086
0.662
0.254682
0.398997
0.662
0.0704726
0.153211
0.407839
0.662
0.662
0.662
0.166677
0.662
0.662
0.662
0.199273
0.146848
0.662
0.370508
0.662
0.458426
0.662
0.0933414
0.662
0.662
0.214456
0.662
0.417054
0.097599
0.24722
0.662
0.662
0.217728
0.126365
0.400339
0.662
0.423484
0.473334
0.662
0.662
0.0958361
0.219657
0.662
0.662
0.247703
0.263885
0.0203257
0.662
0.077811
0.242341
0.662
0.208612
0.191324
