0.662
0.319124
0.662
0.442307
0.662
0.662
0.662
0.00317537
0.662
0.662
0.336032
0.662
0.662
0.662
0.662
0.415429
0.380208
0.235648
0.074052
0.518456
0.662
0.428343
0.662
0.662
0.662
0.189488
0.662
0.0174037
0.662
0.662
0.194967
0.662
0.347336
0.662
0.555011
0.423937
0.396572
0.662
0.662
0.662
0.662
0.231165
0.662
0.125474
0.437895
0.0801733
0.398997
0.476315
0.662
0.662
0.112306
0.104665
0.662
0.647119
0.268383
0.662
0.662
0.662
0.474301
0.153889
0.556689
0.429243
0.662
0.411975
0.662
0.662
0.662
0.437605
0.662
0.662
0.335445
0.0648746
0.662
0.623887
0.274279
0.104134
0.662
0.423114
0.00409614
0.662
0.662
0.662
0.662
0.662
0.196175
0.319052
0.662
0.35216
0.662
0.387712
0.662
0.662
0.662
0.662
0.523155
0.662
0.662
0.662
0.662
0.662
0.662
0.0235925
0.230741
0.384603
0.192349
0.662
0.161994
0.662
0.492225
0.636988
0.662
0.662
0.662
0.662
0.513086
0.662
0.662
0.295076
0.241068
0.644966
0.662
0.185332
0.662
0.0541639
0.662
0.662
0.662
0.662
0.344542
0.22647
0.289277
0.363619
0.441693
0.662
0.2966
0.662
0.439929
0.144803
0.241249
0.424634
0.662
0.662
0.515868
0.209206
0.230009
0.446141
0.474006
0.000678498
0.179757
0.311064
0.662
0.284071
0.108754
0.662
0.100929
0.250066
0.662
0.662
0.662
0.662
0.218202
0.524835
0.277418
0.111726
0.662
0.662
0.346692
0.662
0.662
0.648869
0.317898
0.352536
0.242338
0.662
0.662
0.662
0.451538
0.662
0.195114
0.662
0.0342486
0.214217
0.662
0.662
0.662
0.662
0.117656
0.662
0.146898
0.662
0.0683216
0.438888
0.662
0.32588
0.346812
0.162081
0.464676
0.662
0.662
0.321008
0.662
0.451071
0.288172
0.662
0.662
0.662
0.662
0.114922
0.350202
0.662
0.347646
0.662
0.662
0.333954
0.662
0.662
0.172109
0.224352
0.662
0.662
0.390601
0.244343
0.378718
0.662
0.662
0.072313
0.662
0.253038
0.246593
0.662
0.662
0.662
0.126877
0.662
0.277603
0.662
0.0153633
0.141036
0.371028
0.332838
0.662
0.662
0.451724
0.662
0.347282
0.175225
0.049419
0.662
0.380095
0.206121
0.662
0.662
0.662
0.662
0.662
0.234603
0.135872
0.662
0.662
0.662
0.662
0.662
0.177366
0.662
0.0978274
0.662
0.00567068
0.61279
0.572936
0.217488
0.401311
0.662
0.662
0.244274
0.340716
0.662
0.15047
0.662
0.662
0.662
0.221041
0.662
0.456936
0.662
0.662
0.125487
0.662
0.662
0.178375
0.662
0.662
0.208195
0.375918
0.202104
0.24898
0.662
0.662
0.166677
0.524705
0.339837
0.204352
0.662
0.454669
0.662
0.183464
0.662
0.662
0.0810179
0.662
0.331962
0.00525755
0.662
0.662
0.662
0.418198
0.16646
0.0982425
0.17245
0.662
0.662
0.299869
0.0736777
0.662
0.356271
0.662
0.662
0.662
0.00597971
0.195276
0.463774
0.138018
0.526761
0.662
0.302448
0.436303
0.662
0.662
0.662
0.315964
0.0685657
0.662
0.662
0.224768
0.421783
0.662
0.662
0.662
0.662
0.662
0.637313
0.180903
0.662
0.662
0.246886
0.662
0.662
0.093878
0.058671
0.662
0.662
0.225748
0.662
0.662
0.0854337
0.380707
0.148135
0.662
0.169965
0.662
0.104962
0.442505
0.662
0.331218
0.662
0.662
0.384272
0.662
0.662
0.274493
0.344017
0.662
0.436615
0.662
0.193545
0.224378
0.662
0.662
0.153395
0.300219
0.104473
0.662
0.662
0.153979
0.180942
0.662
0.390881
0.433088
0.0819985
0.662
0.662
0.662
0.662
0.333659
0.0397173
0.340587
0.662
0.247703
0.0404726
0.331903
0.662
0.662
0.662
0.662
0.662
0.662
0.662
0.662
0.293365
0.382416
0.662
0.342414
0.662
0.662
0.393293
0.140137
0.267969
0.480498
0.17341
0.662
0.318631
0.662
0.28947
0.275212
0.662
0.237198
0.662
0.332417
0.224082
0.662
0.379889
0.662
0.662
0.662
0.662
0.662
0.311944
0.662
0.243118
0.429975
0.411198
0.662
0.662
0.662
0.208941
0.281122
0.164174
0.384412
0.337577
0.43316
0.662
0.119914
0.662
0.662
0.0411795
0.662
0.0918299
0.517053
0.662
0.0499265
0.42914
0.645564
0.606159
0.359579
0.287174
0.662
0.662
0.662
0.662
0.662
0.318237
0.298022
0.662
0.0435491
0.296825
0.662
