0.662
0.144432
0.439349
0.662
0.662
0.555798
0.340851
0.662
0.101497
0.33128
0.662
0.662
0.662
0.369665
0.358713
0.285642
0.662
0.478823
0.662
0.400652
0.662
0.662
0.662
0.373419
0.662
0.662
0.20804
0.390213
0.0919152
0.486409
0.662
0.268623
0.662
0.283305
0.662
0.348052
0.662
0.464791
0.317546
0.662
0.662
0.662
0.225421
0.466598
0.662
0.298329
0.156332
0.662
0.662
0.662
0.662
0.4492
0.662
0.46983
0.662
0.662
0.297777
0.662
0.662
0.47318
0.662
0.662
0.410599
0.411806
0.03686
0.033838
0.662
0.662
0.0590609
0.662
0.461579
0.323099
0.662
0.169642
0.377916
0.662
0.662
0.662
0.487262
0.662
0.308903
0.225029
0.456778
0.662
0.0322167
0.662
0.662
0.634631
0.662
0.143313
0.662
0.662
0.662
0.662
0.662
0.557128
0.0169139
0.662
0.243699
0.662
0.381228
0.0553179
0.662
0.662
0.277036
0.370903
0.662
0.662
0.495115
0.662
0.662
0.432719
0.411963
0.662
0.662
0.662
0.662
0.321879
0.404325
0.13572
0.194374
0.177594
0.662
0.662
0.441697
0.662
0.589685
0.416784
0.662
0.662
0.662
0.662
0.187656
0.662
0.662
0.662
0.358997
0.662
0.133039
0.23089
0.662
0.662
0.662
0.199306
0.423441
0.662
0.088265
0.160016
0.662
0.662
0.662
0.662
0.0982311
0.662
0.662
0.662
0.662
0.418536
0.240447
0.494235
0.330649
0.662
0.048993
0.195127
0.662
0.662
0.281358
0.662
0.0102154
0.144877
0.662
0.662
0.272465
0.381917
0.662
0.476683
0.662
0.437318
0.247554
0.28333
0.201392
0.662
0.662
0.501579
0.662
0.0375692
0.662
0.662
0.187445
0.105876
0.662
0.662
0.32041
0.358717
0.662
0.662
0.298333
0.662
0.662
0.662
0.662
0.662
0.594475
0.157118
0.662
0.662
0.191566
0.239986
0.662
0.662
0.492478
0.146985
0.662
0.662
0.0193472
0.662
0.662
0.662
0.662
0.662
0.473883
0.662
0.534488
0.662
0.410316
0.192007
0.662
0.0635774
0.187369
0.662
0.662
0.662
0.0891478
0.662
0.340808
0.647915
0.662
0.373893
0.662
0.662
0.662
0.361174
0.300644
0.662
0.662
0.662
0.662
0.662
0.662
0.662
0.662
0.662
0.662
0.662
0.20736
0.662
0.662
0.136671
0.409544
0.318729
0.662
0.662
0.662
0.662
0.286752
0.662
0.630406
0.662
0.221048
0.662
0.662
0.309493
0.662
0.220336
0.111861
0.48287
0.131461
0.32682
0.662
0.662
0.662
0.582907
0.484654
0.0764081
0.662
0.433077
0.662
0.662
0.662
0.662
0.159128
0.125933
0.662
0.126495
0.308989
0.662
0.662
0.166678
0.662
0.662
0.469943
0.156938
0.662
0.662
0.662
0.662
0.198258
0.662
0.224403
0.0634896
0.270004
0.662
0.153005
0.135759
0.407918
0.454415
0.330929
0.662
0.662
0.662
0.384245
0.662
0.359985
0.662
0.327681
0.662
0.662
0.662
0.662
0.161133
0.662
0.189704
0.406439
0.31487
0.104266
0.662
0.188901
0.662
0.662
0.532931
0.662
0.330407
0.662
0.279672
0.662
0.233024
0.331502
0.662
0.0243585
0.662
0.372092
0.662
0.662
0.662
0.319865
0.387303
0.662
0.662
0.662
0.279825
0.325299
0.662
0.568712
0.117775
0.662
0.495386
0.662
0.0831221
0.415185
0.303701
0.662
0.36894
0.662
0.0595261
0.662
0.662
0.335447
0.165511
0.260051
0.432085
0.662
0.389719
0.209702
0.205305
0.134576
0.662
0.163055
0.662
0.662
0.472845
0.662
0.147519
0.662
0.139533
0.282649
0.662
0.246199
0.469374
0.122533
0.139905
0.662
0.346996
0.662
0.662
0.245997
0.202218
0.662
0.00869347
0.662
0.662
0.662
0.29588
0.662
0.0528574
0.662
0.662
0.662
0.0996735
0.662
0.219007
0.662
0.437974
0.662
0.371286
0.0775941
0.662
0.662
0.0129273
0.662
0.0193149
0.662
0.0649585
0.662
0.662
0.0494764
0.662
0.401063
0.662
0.662
0.662
0.662
0.0717805
0.420662
0.662
0.662
0.662
0.40544
0.662
0.662
0.368288
0.432698
0.662
0.369423
0.662
0.0395659
0.138472
0.662
0.246569
0.0670877
0.662
0.52664
0.662
0.662
0.400396
0.662
0.662
0.397337
0.260625
0.662
0.287832
0.447645
0.392283
0.662
0.662
0.662
0.662
0.662
0.662
0.662
0.662
0.662
0.0587495
0.163724
0.475734
0.343161
0.662
0.662
0.548174
0.662
0.149614
0.100449
0.162024
0.662
0.662
0.662
0.662
0.174784
0.662
0.265044
0.662
0.134627
0.662
0.147495
0.662
0.662
0.362317
0.662
0.662
0.662
0.662
0.662
0.662
0.662
0.662
0.366072
0.662
0.00697609
0.662
0.662
0.662
0.261869
0.166121
0.424737
0.662
0.662
0.662
0.662
0.662
0.662
0.19475
0.169304
0.662
0.662
0.201456
0.662
0.662
0.311375
0.662
0.662
0.473104
0.662
0.662
0.662
0.264296
0.161889
0.315572
0.662
0.337949
0.662
0.662
0.403465
0.662
0.347143
0.662
0.140242
0.242146
0.223209
0.662
0.219936
0.662
0.190462
0.662
0.662
0.662
0.443053
0.662
0.546126
0.576321
0.130707
0.662
0.662
0.662
0.662
0.0583213
0.0226412
0.662
0.662
0.662
0.662
0.662
0.122624
0.462358
0.571139
0.662
0.193037
0.662
0.662
0.662
0.662
0.662
0.379331
0.662
0.459992
0.176846
0.662
0.662
0.302549
0.192739
0.380125
0.662
0.0488978
0.121781
0.403869
0.662
0.662
0.103173
0.360553
0.662
0.4164
0.0788694
0.662
0.462353
0.376218
0.662
0.662
0.662
0.662
0.662
0.152671
