0.662
0.202698
0.662
0.662
0.435222
0.212223
0.662
0.662
0.609356
0.0916195
0.662
0.662
0.364696
0.411888
0.0699561
0.662
0.662
0.279667
0.662
0.205736
0.217203
0.662
0.662
0.304521
0.375603
0.662
0.0672938
0.434983
0.662
0.338862
0.26799
0.662
0.662
0.662
0.662
0.662
0.0812473
0.662
0.387389
0.197062
0.37758
0.546374
0.00664934
0.662
0.322536
0.662
0.662
0.0130342
0.662
0.662
0.662
0.662
0.163718
0.662
0.363931
0.662
0.662
0.0378472
0.662
0.22286
0.0889511
0.365559
0.332919
0.662
0.662
0.407137
0.662
0.662
0.662
0.662
0.662
0.662
0.662
0.0412306
0.215234
0.662
0.639086
0.460363
0.152966
0.575791
0.0832881
0.662
0.662
0.241052
0.298418
0.21906
0.19587
0.662
0.662
0.0923914
0.662
0.368904
0.234364
0.662
0.662
0.662
0.119101
0.662
0.662
0.662
0.404074
0.662
0.0346652
0.462695
0.144948
0.103223
0.146051
0.38708
0.245558
0.662
0.662
0.131554
0.185261
0.308202
0.0879504
0.236855
0.662
0.662
0.662
0.662
0.662
0.662
0.343305
0.124456
0.662
0.662
0.662
0.164589
0.353594
0.662
0.126117
0.662
0.248688
0.662
0.662
0.662
0.662
0.662
0.662
0.356261
0.100775
0.105928
0.114573
0.018098
0.662
0.662
0.32763
0.0537317
0.662
0.662
0.662
0.497879
0.662
0.662
0.662
0.662
0.662
0.356818
0.23452
0.662
0.157987
0.662
0.662
0.662
0.662
0.662
0.662
0.662
0.291187
0.662
0.662
0.662
0.268233
0.0233558
0.21587
0.212559
0.444308
0.321439
0.229799
0.317964
0.396836
0.367156
0.423285
0.336855
0.36166
0.463806
0.293087
0.662
0.460799
0.662
0.662
0.662
0.662
0.662
0.662
0.293121
0.662
0.662
0.662
0.394031
0.482071
0.293354
0.662
0.662
0.394275
0.463207
0.364645
0.0149331
0.18677
0.662
0.662
0.172762
0.662
0.662
0.619811
0.662
0.662
0.531927
0.662
0.662
0.662
0.321019
0.470225
0.662
0.662
0.23462
0.655667
0.142157
0.662
0.662
0.662
0.662
0.451831
0.267438
0.662
0.662
0.38295
0.662
0.662
0.662
0.00312747
0.0715126
0.338893
0.366183
0.662
0.453691
0.154917
0.662
0.221971
0.399583
0.662
0.662
0.662
0.438597
0.662
0.662
0.662
0.662
0.662
0.662
0.662
0.380971
0.170774
0.041005
0.662
0.662
0.404843
0.662
0.19581
0.232605
0.00738656
0.662
0.523247
0.662
0.662
0.662
0.123166
0.662
0.662
0.662
0.662
0.467373
0.662
0.0120519
0.536399
0.662
0.662
0.662
0.0181172
0.662
0.637538
0.184782
0.373961
0.27027
0.662
0.202831
0.662
0.41514
0.662
0.662
0.137486
0.662
0.197709
0.662
0.344917
0.538401
0.20067
0.662
0.662
0.47887
0.353872
0.662
0.12733
0.0557961
0.156738
0.0160423
0.662
0.466131
0.245575
0.300944
0.662
0.502926
0.662
0.477176
0.0100669
0.0591955
0.662
0.662
0.406163
0.14218
0.662
0.259046
0.346934
0.486694
0.600456
0.662
0.304932
0.662
0.198465
0.416229
0.662
0.662
0.662
0.662
0.662
0.0664629
0.662
0.662
0.662
0.404265
0.375951
0.662
0.34871
0.662
0.257079
0.662
0.309614
0.662
0.376273
0.662
0.662
0.662
0.662
0.662
0.662
0.534
0.662
0.662
0.662
0.662
0.662
0.662
0.456089
0.484964
0.370647
0.254734
0.454264
0.662
0.113725
0.662
0.662
0.662
0.662
0.662
0.662
0.662
0.662
0.662
0.640868
0.662
0.662
0.662
0.662
0.662
0.662
0.662
0.662
0.432857
0.355825
0.0754984
0.428654
0.662
0.502906
0.0484379
0.662
0.662
0.0770248
0.662
0.0839501
0.378889
0.662
0.662
0.232988
0.171751
0.497743
0.662
0.23475
0.581554
0.662
0.386097
0.223245
0.662
0.313953
0.14377
0.662
0.662
0.00797526
0.379629
0.662
0.662
0.662
0.212111
0.662
0.399004
0.662
0.194758
0.449267
0.273905
0.662
0.16076
0.662
0.662
0.662
0.444129
0.120571
0.662
0.463181
0.662
0.437566
0.662
0.662
0.124817
0.515917
0.662
0.264995
0.0528833
0.662
0.662
0.274317
0.404447
0.662
0.105634
0.662
0.354346
0.662
0.662
0.662
0.0671431
0.368966
0.428296
0.662
0.662
0.662
0.333658
0.662
0.662
0.231129
0.399276
0.305423
0.662
0.662
0.421116
0.662
0.376775
0.397526
0.662
0.662
0.374276
0.662
0.351339
0.662
0.662
0.538323
0.157325
0.662
0.0153633
0.507914
0.169033
0.182745
0.505779
0.662
0.662
0.211243
0.662
0.209156
0.532544
0.662
0.494897
0.415504
0.662
0.662
0.477785
0.662
0.406728
0.662
0.359642
0.0488495
0.0980453
0.445711
0.0766499
0.662
0.662
0.363189
0.662
0.662
0.514512
0.662
0.0853888
0.662
0.218094
0.662
0.662
0.336334
0.662
0.324906
0.342312
0.662
0.662
0.662
0.536111
0.662
0.662
0.443199
0.425771
0.662
0.409608
0.451678
0.662
0.283726
0.218799
0.185605
0.487438
0.662
0.148478
0.662
0.495442
0.662
0.0469881
0.662
0.662
0.40233
0.662
0.662
0.662
0.128747
0.151584
0.384054
0.662
0.128169
0.103639
0.271181
0.0658909
0.662
0.662
0.662
0.662
0.662
0.662
0.52504
0.662
0.0601483
0.0668255
0.662
0.662
0.662
0.662
0.662
0.371616
