0.662
0.662
0.662
0.662
0.367484
0.271121
0.170642
0.258729
0.662
0.662
0.201448
0.662
0.465069
0.662
0.267179
0.662
0.117595
0.433103
0.662
0.321934
0.456218
0.662
0.0363327
0.662
0.318528
0.662
0.662
0.170266
0.662
0.20985
0.233318
0.662
0.615241
0.294302
0.0419058
0.662
0.0132351
0.0971491
0.662
0.21562
0.662
0.662
0.550571
0.389878
0.662
0.662
0.662
0.208983
0.162566
0.451623
0.662
0.662
0.310742
0.152759
0.662
0.571926
0.662
0.662
0.662
0.224293
0.662
0.662
0.229196
0.662
0.035706
0.320096
0.662
0.662
0.662
0.662
0.662
0.235773
0.129057
0.472356
0.411286
0.662
0.662
0.662
0.120943
0.0141648
0.662
0.662
0.662
0.582399
0.144781
0.662
0.662
0.662
0.662
0.119745
0.419157
0.662
0.244713
0.662
0.457003
0.286988
0.184639
0.662
0.662
0.391106
0.58376
0.662
0.662
0.185598
0.662
0.389479
0.662
0.121361
0.450923
0.166351
0.234019
0.662
0.662
0.662
0.378286
0.662
0.463571
0.662
0.662
0.662
0.662
0.662
0.662
0.385856
0.662
0.406378
0.396284
0.662
0.055294
0.0508865
0.662
0.362927
0.662
0.2049
0.385241
0.662
0.164999
0.662
0.0263126
0.662
0.662
0.49954
0.43691
0.662
0.662
0.662
0.0760987
0.331379
0.662
0.662
0.662
0.662
0.103442
0.248964
0.410322
0.540949
0.662
0.292515
0.48068
0.154835
0.662
0.662
0.662
0.662
0.662
0.662
0.662
0.662
0.465106
0.662
0.662
0.662
0.662
0.662
0.138589
0.194902
0.662
0.662
0.662
0.317897
0.662
0.662
0.662
0.662
0.343402
0.662
0.0825453
0.351163
0.662
0.321796
0.662
0.662
0.662
0.293448
0.639158
0.662
0.662
0.662
0.662
0.662
0.356579
0.491026
0.662
0.662
0.662
0.662
0.662
0.662
0.292446
0.662
0.19728
0.36813
0.402924
0.262443
0.662
0.662
0.273536
0.662
0.662
0.662
0.662
0.211351
0.662
0.662
0.415645
0.662
0.662
0.662
0.662
0.227874
0.662
0.662
0.662
0.662
0.662
0.506541
0.662
0.453365
0.355255
0.0610294
0.0373131
0.134903
0.662
0.662
0.662
0.532796
0.662
0.662
0.243197
0.662
0.662
0.662
0.30116
0.662
0.662
0.662
0.662
0.662
0.662
0.322276
0.662
0.272956
0.173922
0.43733
0.274374
0.443233
0.395245
0.662
0.662
0.662
0.131182
0.532882
0.662
0.662
0.662
0.662
0.361712
0.0182128
0.662
0.192216
0.662
0.662
0.662
0.221555
0.276929
0.384997
0.297942
0.662
0.380453
0.662
0.285352
0.0326609
0.662
0.0648222
0.662
0.400024
0.440831
0.36459
0.662
0.662
0.125582
0.662
0.549121
0.662
0.159048
0.662
0.662
0.662
0.398348
0.662
0.204729
0.376351
0.389571
0.396788
0.662
0.662
0.662
0.662
0.122833
0.662
0.662
0.662
0.662
0.12055
0.662
0.344972
0.384336
0.662
0.24831
0.662
0.662
0.354657
0.298482
0.162292
0.321492
0.662
0.662
0.662
0.462698
0.383516
0.367808
0.301703
0.662
0.24489
0.398078
0.662
0.662
0.00727476
0.524358
0.07871
0.662
0.461222
0.36191
0.662
0.213801
0.662
0.407873
0.662
0.662
0.662
0.128197
0.662
0.662
0.0428069
0.662
0.12609
0.0766075
0.226101
0.662
0.662
0.102718
0.239737
0.371631
0.249582
0.150197
0.0281846
0.662
0.0306658
0.430281
0.662
0.31737
0.0599338
0.662
0.662
0.0203427
0.160434
0.356235
0.662
0.662
0.0768256
0.662
0.0677221
0.662
0.530629
0.662
0.140045
0.662
0.233226
0.362052
0.272369
0.369604
0.343669
0.662
0.662
0.662
0.662
0.662
0.662
0.389411
0.411641
0.287187
0.662
0.319392
0.431654
0.220828
0.662
0.469272
0.215564
0.386397
0.552599
0.0137755
0.662
0.662
0.0511374
0.662
0.662
0.468028
0.662
0.374899
0.36598
0.662
0.662
0.197473
0.662
0.349768
0.662
0.662
0.662
0.662
0.662
0.408343
0.662
0.34985
0.364084
0.255917
0.502429
0.662
0.662
0.0449742
0.662
0.662
0.476323
0.662
0.379469
0.662
0.227443
0.662
0.41536
0.201587
0.0654933
0.153244
0.662
0.0420161
0.662
0.662
0.362063
0.232639
0.662
0.179704
0.662
0.474617
0.662
0.662
0.662
0.662
0.662
0.391928
0.662
0.0604725
0.173777
0.662
0.475082
0.202013
0.662
0.662
0.338605
0.259113
0.150351
0.662
0.662
0.662
0.269597
0.662
0.662
0.22848
0.662
0.250106
0.662
0.662
0.202445
0.662
0.382737
0.662
0.608958
0.662
0.111557
0.662
0.0425362
0.662
0.662
0.662
0.293416
0.0829035
0.408752
0.662
0.662
0.662
0.215785
0.662
0.477267
0.490236
0.662
0.662
0.662
0.662
0.662
0.662
0.465164
0.47625
0.366135
0.662
0.446928
0.662
0.662
0.662
0.287947
0.662
0.139216
0.293211
0.662
0.662
0.662
0.662
0.662
0.662
0.267463
0.662
0.190188
