0.662
0.662
0.662
0.235187
0.662
0.159048
0.662
0.662
0.662
0.208983
0.662
0.662
0.36598
0.287187
0.31737
0.362927
0.36813
0.662
0.226101
0.461222
0.400024
0.137396
0.0766075
0.662
0.30116
0.447526
0.662
0.458587
0.662
0.662
0.662
0.662
0.662
0.232639
0.402924
0.231773
0.662
0.0760987
0.465069
0.662
0.352187
0.662
0.662
0.662
0.385856
0.30126
0.662
0.662
0.362063
0.465106
0.662
0.662
0.451623
0.0363327
0.662
0.662
0.185598
0.662
0.662
0.662
0.158729
0.0630319
0.383516
0.411641
0.389411
0.662
0.662
0.662
0.0645181
0.662
0.532882
0.286988
0.662
0.662
0.448637
0.611298
0.382737
0.234294
0.220828
0.662
0.662
0.662
0.662
0.662
0.662
0.662
0.035706
0.170266
0.0660035
0.662
0.310742
0.575346
0.662
0.662
0.662
0.662
0.162566
0.256862
0.269597
0.491026
0.477267
0.662
0.465164
0.292446
0.47625
0.185383
0.662
0.367484
0.0971491
0.662
0.662
0.662
0.293211
0.258729
0.662
0.524358
0.391928
0.374899
0.48068
0.662
0.428105
0.662
0.0263126
0.472356
0.0479162
0.662
0.662
0.343402
0.415645
0.378286
0.662
0.662
0.152759
0.166351
0.0654933
0.138589
0.293448
0.662
0.160434
0.12055
0.662
0.662
0.662
0.34985
0.662
0.2049
0.662
0.662
0.662
0.662
0.662
0.0677221
0.110048
0.354657
0.294302
0.662
0.662
0.662
0.662
0.293198
0.229196
0.662
0.355255
0.280543
0.440187
0.512087
0.662
0.662
0.662
0.319392
0.201587
0.502429
0.249582
0.662
0.662
0.662
0.198681
0.469272
0.662
0.662
0.662
0.446928
0.233226
0.662
0.491155
0.662
0.662
0.343458
0.475082
0.302421
0.662
0.662
0.43277
0.548155
0.662
0.662
0.662
0.662
0.322276
0.204729
0.662
0.197473
0.662
0.364084
0.0281846
0.662
0.476323
0.344972
0.662
0.194902
0.662
0.297942
0.662
0.662
0.234581
0.662
0.662
0.179704
0.154835
0.0839561
0.320096
0.662
0.662
0.662
0.662
0.228408
0.662
0.122833
0.662
0.322956
0.103442
0.408752
0.662
0.0360245
0.273536
0.662
0.577295
0.331379
0.457003
0.662
0.662
0.662
0.140045
0.662
0.662
0.262443
0.315033
0.267463
0.662
0.662
0.173922
0.396284
0.276929
0.662
0.662
0.662
0.662
0.662
0.662
0.532796
0.662
0.662
0.190188
0.662
0.662
0.662
0.121361
0.496368
0.662
0.662
0.662
0.662
0.662
0.662
0.662
0.117595
0.662
0.385241
0.662
0.662
0.0660183
0.234019
0.138741
0.662
0.662
0.662
0.100695
0.662
0.662
0.662
0.233318
0.302276
0.398348
0.662
0.662
0.662
0.387293
0.662
0.662
0.662
0.662
0.362052
0.662
0.150351
0.134903
0.318528
0.662
0.111557
0.153244
0.271121
0.361712
0.662
0.662
0.662
0.662
0.662
0.22848
0.289263
0.143848
0.662
0.0825453
0.303164
0.662
0.662
0.19728
0.440949
0.044639
0.662
0.662
0.662
0.463571
0.662
0.662
0.0182128
0.662
0.552599
0.662
0.662
0.662
0.662
0.321796
0.662
0.662
0.131216
0.662
0.330837
0.662
0.662
0.662
0.119745
0.662
0.0449742
0.662
0.662
0.662
0.662
0.662
0.662
0.0511374
0.389571
0.243197
0.662
0.0508865
0.351163
0.662
0.395245
0.662
0.662
0.21562
0.662
0.662
0.662
0.265305
0.167975
0.0062482
0.662
0.170642
0.662
0.662
0.662
0.662
0.379801
0.303189
0.662
0.0289662
0.366135
0.662
0.662
0.20985
0.662
0.662
0.274374
0.662
0.0925692
0.259044
0.202013
0.00652941
0.662
0.662
0.0374014
0.662
0.662
0.338605
0.188051
0.343669
0.662
0.662
0.662
0.379156
0.36191
0.120943
0.24831
0.540949
0.386397
0.662
0.321934
0.662
0.662
0.662
0.662
0.287359
0.662
0.0669824
0.662
0.166103
0.662
0.356235
0.662
0.662
0.662
0.662
0.662
0.389878
0.0419058
0.450923
0.440831
0.662
0.662
0.430281
0.662
0.272956
0.662
0.215564
0.662
0.0829035
0.0141648
0.662
0.662
0.662
0.662
0.662
0.227874
0.662
0.662
0.223023
0.662
0.160627
0.410767
0.662
0.227443
0.173777
0.556758
0.191273
0.0420161
0.662
0.662
0.662
0.662
0.662
0.662
0.267179
0.662
0.662
0.662
0.285352
0.662
0.235773
0.044631
0.662
0.662
0.662
0.117314
0.662
0.367808
0.0604725
0.234078
0.244713
0.662
0.055294
0.662
0.214116
0.662
0.662
0.662
0.662
0.662
0.443233
0.662
0.662
0.359867
0.139216
0.287583
0.662
0.662
0.662
0.0373131
0.396788
0.662
0.662
0.0425362
0.662
0.408343
0.298482
0.662
0.0893854
0.0305914
0.662
0.662
0.662
0.662
0.453365
0.662
0.551404
0.662
0.662
0.210873
0.662
0.662
0.662
0.0610294
0.662
0.662
0.0326609
0.662
0.662
0.662
0.410322
0.353904
0.184639
0.662
0.407873
0.662
0.0969611
0.490236
0.0160171
0.662
0.662
0.662
0.662
0.662
0.24489
