0.662
0.522709
0.0755297
0.662
0.662
0.662
0.662
0.417941
0.328171
0.662
0.0168904
0.662
0.0645357
0.343071
0.233473
0.662
0.110394
0.662
0.0460936
0.412936
0.119755
0.276949
0.662
0.662
0.662
0.662
0.226589
0.15211
0.662
0.662
0.662
0.214721
0.237815
0.0475839
0.662
0.662
0.0451711
0.662
0.162795
0.337537
0.662
0.662
0.185874
0.363049
0.662
0.662
0.215968
0.445932
0.0936445
0.582822
0.662
0.153364
0.341657
0.662
0.376406
0.662
0.662
0.662
0.296611
0.284632
0.662
0.392007
0.392406
0.662
0.216817
0.662
0.662
0.291291
0.662
0.248244
0.662
0.662
0.662
0.662
0.662
0.662
0.662
0.662
0.662
0.662
0.662
0.267476
0.662
0.662
0.662
0.662
0.227075
0.237413
0.662
0.159552
0.662
0.662
0.539293
0.662
0.662
0.44497
0.662
0.424355
0.378961
0.390297
0.662
0.316027
0.662
0.573237
0.662
0.27786
0.662
0.662
0.662
0.27555
0.662
0.662
0.405944
0.0503513
0.186911
0.662
0.662
0.21255
0.662
0.662
0.215507
0.101776
0.0959178
0.247262
0.443741
0.662
0.529587
0.467585
0.662
0.256718
0.0946078
0.346618
0.662
0.662
0.662
0.662
0.246663
0.662
0.394078
0.662
0.482779
0.662
0.662
0.662
0.262861
0.662
0.662
0.662
0.465479
0.662
0.126398
0.662
0.662
0.662
0.662
0.662
0.0401286
0.662
0.662
0.662
0.13547
0.662
0.662
0.194244
0.662
0.308295
0.662
0.662
0.662
0.191123
0.40934
0.16822
0.662
0.662
0.275971
0.662
0.662
0.662
0.662
0.119032
0.662
0.662
0.662
0.662
0.369397
0.662
0.662
0.234973
0.227384
0.662
0.0768186
0.662
0.662
0.662
0.662
0.662
0.662
0.0908407
0.662
0.662
0.662
0.662
0.0840893
0.303007
0.367265
0.662
0.31704
0.662
0.662
0.465115
0.662
0.662
0.662
0.460453
0.00861714
0.662
0.662
0.00160436
0.662
0.662
0.662
0.662
0.402576
0.662
0.662
0.191624
0.258245
0.662
0.662
0.16807
0.662
0.662
0.0211278
0.185988
0.232881
0.662
0.131654
0.128127
0.662
0.662
0.662
0.467026
0.662
0.662
0.662
0.139166
0.662
0.662
0.0673834
0.393376
0.023548
0.662
0.445953
0.662
0.180576
0.662
0.28637
0.662
0.151403
0.662
0.135204
0.662
0.420042
0.662
0.38383
0.662
0.424225
0.45149
0.662
0.211445
0.662
0.662
0.662
0.134155
0.662
0.662
0.662
0.662
0.0244554
0.662
0.662
0.662
0.662
0.662
0.662
0.395988
0.662
0.662
0.0167307
0.662
0.662
0.0650828
0.466621
0.260326
0.662
0.330936
0.662
0.116525
0.662
0.162065
0.365494
0.397686
0.418284
0.662
0.662
0.532053
0.462779
0.22681
0.0958473
0.307165
0.319051
0.286112
0.214138
0.41839
0.454992
0.662
0.662
0.631235
0.662
0.662
0.420847
0.126128
0.433173
0.662
0.662
0.467957
0.662
0.252564
0.662
0.662
0.662
0.662
0.545457
0.662
0.404058
0.330616
0.662
0.215178
0.662
0.662
0.456948
0.662
0.662
0.294204
0.0604481
0.662
0.662
0.371586
0.248268
0.662
0.220837
0.224288
0.411428
0.0494792
0.662
0.172404
0.312466
0.662
0.662
0.662
0.662
0.146478
0.114054
0.624024
0.662
0.228782
0.394073
0.662
0.662
0.662
0.377652
0.662
0.432217
0.248793
0.196587
0.13867
0.662
0.120106
0.30066
0.662
0.662
0.00600425
0.0604653
0.662
0.662
0.662
0.662
0.662
0.662
0.662
0.107353
0.662
0.662
0.662
0.662
0.662
0.662
0.633694
0.369844
0.662
0.278734
0.00766682
0.662
0.662
0.0848395
0.662
0.662
0.662
0.234056
0.413331
0.370943
0.302873
0.662
0.662
0.662
0.662
0.662
0.662
0.55803
0.662
0.662
0.0760102
0.662
0.662
0.0469113
0.662
0.662
0.0771022
0.366049
0.19218
0.662
0.414934
0.662
0.662
0.662
0.662
0.365932
0.0433747
0.291959
0.662
0.662
0.198538
0.388286
0.376895
0.662
0.0207494
0.445431
0.662
0.310183
0.662
0.662
0.227422
0.340682
0.442272
0.662
0.662
0.662
0.662
0.610558
0.518779
0.662
0.662
0.662
0.445288
0.662
0.345878
0.269836
0.662
0.28158
0.662
0.348678
0.140716
0.662
0.662
0.662
0.290296
0.662
0.662
0.662
0.662
0.0206073
0.662
0.284416
0.333614
0.321379
0.171039
0.662
0.662
0.300842
0.107347
0.0558038
0.662
0.662
0.111264
0.334435
0.390337
0.662
0.194915
0.662
0.0847773
0.445928
0.186558
0.404327
0.469462
0.662
0.662
0.201855
0.132512
0.0712172
0.401492
0.662
0.23844
0.260874
0.662
0.112081
0.0489933
0.662
0.0443356
0.662
0.662
0.662
0.662
0.662
0.41074
0.662
0.232345
0.662
0.662
0.662
0.407608
0.662
0.534792
0.407897
0.662
0.662
0.455834
0.337397
0.662
0.662
0.662
0.438985
0.662
0.232444
0.662
0.662
0.662
0.662
0.662
0.662
0.662
0.662
0.372451
0.662
0.376223
0.662
0.662
0.662
0.346262
0.662
0.450656
0.662
0.308152
0.342469
0.662
0.328253
0.662
0.421373
0.662
0.662
0.662
0.0827152
0.0942786
0.458112
0.662
0.029637
0.662
0.337169
0.0666251
0.217016
0.415591
0.662
0.662
0.291584
0.507697
0.398336
0.662
0.662
0.444764
0.662
0.662
0.662
0.662
0.662
0.662
0.662
0.662
0.232934
0.319398
0.662
0.404875
0.243168
0.448464
0.662
0.662
0.544496
0.662
0.662
0.185905
0.662
0.269569
0.662
0.312403
0.662
0.662
0.662
0.350222
0.292083
0.335953
0.279293
0.662
0.633694
0.662
0.0846906
0.23984
0.213995
0.662
0.276186
0.662
0.401136
0.662
0.662
0.443496
0.388197
0.662
0.662
0.662
0.455791
0.662
0.662
0.662
0.662
0.203143
0.662
0.1482
0.299113
0.662
0.662
0.662
0.390732
0.437908
0.0631498
0.662
0.662
0.662
0.151669
0.0298589
0.206874
