0.662
0.158655
0.662
0.655351
0.662
0.662
0.662
0.418651
0.637538
0.662
0.0754984
0.381059
0.157601
0.662
0.662
0.150117
0.662
0.0537317
0.662
0.662
0.662
0.491225
0.662
0.662
0.662
0.194758
0.662
0.662
0.640868
0.0933912
0.662
0.244046
0.150386
0.100555
0.662
0.662
0.662
0.259275
0.436254
0.662
0.662
0.0326913
0.35018
0.662
0.662
0.662
0.662
0.184677
0.662
0.354346
0.199834
0.662
0.662
0.107075
0.234042
0.662
0.662
0.662
0.424671
0.205306
0.180621
0.527346
0.122428
0.233776
0.662
0.0700038
0.662
0.662
0.207784
0.662
0.426071
0.662
0.662
0.477176
0.662
0.662
0.0588493
0.662
0.662
0.662
0.342713
0.168225
0.662
0.662
0.662
0.114424
0.375863
0.662
0.662
0.223954
0.361773
0.404711
0.662
0.662
0.662
0.662
0.662
0.0153994
0.662
0.662
0.191045
0.662
0.166472
0.662
0.662
0.259945
0.662
0.153317
0.376886
0.0157528
0.0359143
0.410339
0.21062
0.425771
0.662
0.662
0.331597
0.264799
0.280236
0.662
0.662
0.662
0.662
0.662
0.377778
0.157752
0.390712
0.332843
0.293121
0.271181
0.423285
0.470225
0.176993
0.662
0.662
0.21558
0.662
0.662
0.0826285
0.40807
0.30577
0.662
0.115823
0.202831
0.0153772
0.32373
0.486575
0.333658
0.662
0.662
0.662
0.382485
0.0728397
0.375497
0.302107
0.662
0.662
0.0738716
0.217203
0.221611
0.662
0.662
0.662
0.60586
0.295898
0.662
0.662
0.662
0.460363
0.662
0.197062
0.217123
0.662
0.662
0.413143
0.39678
0.0120792
0.399433
0.172025
0.662
0.0205307
0.662
0.0980453
0.449267
0.13911
0.662
0.236855
0.35492
0.359375
0.332354
0.662
0.296666
0.662
0.320501
0.462695
0.662
0.460593
0.40233
0.662
0.463207
0.365559
0.248542
0.432653
0.662
0.235024
0.662
0.274383
0.662
0.200529
0.662
0.364573
0.662
0.662
0.332919
0.662
0.662
0.662
0.255455
0.373924
0.662
0.662
0.662
0.39253
0.662
0.662
0.662
0.602846
0.662
0.662
0.662
0.662
0.662
0.662
0.104871
0.2062
0.245558
0.662
0.662
0.662
0.104245
0.662
0.662
0.662
0.662
0.249424
0.275859
0.662
0.28227
0.647419
0.662
0.0840308
0.183064
0.662
0.438878
0.415497
0.0469881
0.131554
0.662
0.662
0.627474
0.662
0.347149
0.472242
0.662
0.662
0.662
0.0147216
0.662
0.398324
0.662
0.662
0.234707
0.662
0.370461
0.329291
0.662
0.331523
0.662
0.662
0.662
0.61418
0.39692
0.187927
0.662
0.363189
0.662
0.222149
0.662
0.662
0.132448
0.273137
0.662
0.312446
0.662
0.234364
0.662
0.300944
0.271315
0.263407
0.12671
0.422651
0.662
0.662
0.662
0.662
0.662
0.310026
0.34871
0.114882
0.662
0.662
0.662
0.662
0.662
0.263433
0.437836
0.662
0.467373
0.153051
0.303353
0.662
0.494244
0.279802
0.11439
0.662
0.441361
0.662
0.0817368
0.274764
0.377467
0.662
0.662
0.0660964
0.662
0.349993
0.662
0.170425
0.267115
0.200561
0.294
0.444129
0.662
0.2146
0.662
0.662
0.445502
0.376775
0.662
0.662
0.662
0.662
0.314492
0.131107
0.662
0.385822
0.662
0.502926
0.662
0.662
0.662
0.662
0.446547
0.662
0.662
0.662
0.0310192
0.388762
0.00797526
0.662
0.261671
0.487953
0.329196
0.662
0.662
0.0250655
0.193037
0.278737
0.482119
0.367981
0.403345
0.136269
0.662
0.58032
0.662
0.251215
0.445512
0.662
0.662
0.394972
0.206483
0.662
0.662
0.662
0.25229
0.662
0.0130342
0.662
0.14218
0.662
0.662
0.662
0.0839501
0.662
0.364696
0.26795
0.662
0.214487
0.662
0.662
0.662
0.662
0.280518
0.342626
0.459838
0.270127
0.0186767
0.662
0.662
0.662
0.182631
0.0982551
0.534886
0.272713
0.202389
0.662
0.662
0.662
0.662
0.662
0.662
0.399276
0.454264
0.211904
0.439571
0.442125
0.662
0.662
0.662
0.662
0.662
0.259728
0.662
0.0257233
0.172762
0.662
0.662
0.488766
0.254763
0.662
0.662
0.38305
0.662
0.435389
0.00346125
0.0233558
0.151324
0.0804839
0.421593
0.26216
0.662
0.662
0.520993
0.662
0.662
0.396421
0.287523
0.662
0.366432
0.662
0.207838
0.154946
0.662
0.662
0.662
0.0348584
0.122701
0.157325
0.199752
0.300614
0.662
0.58198
0.662
0.47887
0.662
0.0916195
0.100775
0.662
0.388716
0.662
0.662
0.249622
0.662
0.23946
0.211135
0.0202247
0.662
0.0149331
0.457261
0.662
0.662
0.662
0.0661832
0.227648
0.206638
0.375174
0.230715
0.662
0.662
0.662
0.662
0.662
0.439881
0.42707
0.662
0.55964
0.205736
0.662
0.0267418
0.662
0.0884909
0.338681
0.221971
0.463181
0.490771
0.662
0.662
0.321313
0.662
0.125881
0.0699101
0.255619
0.662
0.225803
0.194867
0.368966
0.185301
0.662
0.662
0.662
0.662
0.333886
0.479769
0.097241
0.445711
0.662
0.662
0.662
0.662
0.662
0.662
0.662
0.179981
0.662
0.662
0.662
0.30636
0.47018
0.662
0.662
0.404074
0.662
0.280732
0.041005
0.226585
0.0363036
0.34152
0.662
0.294956
0.662
0.317152
0.662
0.662
0.662
0.662
0.662
0.356434
0.662
0.283901
0.532831
0.338893
0.662
0.156982
0.423136
0.662
0.662
0.662
0.43797
0.662
0.41514
0.404447
0.428996
0.662
0.232605
0.662
0.662
0.662
0.461745
0.362439
0.446257
0.298647
0.376171
0.277086
0.662
0.137245
0.662
0.662
0.662
0.662
0.662
0.662
0.082795
0.662
0.0779739
0.662
0.662
0.479973
0.226408
0.662
0.662
0.662
0.662
0.442577
0.538323
0.662
0.0853888
0.662
0.662
0.662
0.662
0.269705
0.267317
0.662
0.0920771
0.662
0.468308
0.197326
0.662
0.400284
0.378889
