0.0653086
0.662
0.0655616
0.468756
0.0958473
0.662
0.662
0.662
0.386008
0.0496535
0.472007
0.662
0.662
0.662
0.662
0.467009
0.330465
0.662
0.391138
0.662
0.662
0.662
0.370539
0.456948
0.291294
0.16807
0.662
0.662
0.0507188
0.316713
0.149018
0.647355
0.381
0.482918
0.662
0.0787726
0.662
0.662
0.220423
0.662
0.272459
0.116021
0.662
0.662
0.662
0.205262
0.0469113
0.662
0.662
0.662
0.252712
0.255216
0.27555
0.662
0.662
0.135204
0.662
0.283622
0.662
0.662
0.312566
0.392406
0.662
0.467957
0.196749
0.390732
0.106623
0.0503513
0.662
0.662
0.662
0.662
0.376223
0.662
0.0777167
0.173505
0.662
0.662
0.662
0.446164
0.404327
0.0405794
0.336091
0.662
0.179926
0.228782
0.662
0.633693
0.362704
0.662
0.346515
0.662
0.662
0.662
0.662
0.662
0.662
0.662
0.662
0.662
0.662
0.0574915
0.277477
0.662
0.662
0.662
0.662
0.0760102
0.662
0.130573
0.662
0.662
0.662
0.450656
0.662
0.312785
0.662
0.662
0.169357
0.31704
0.662
0.394073
0.0942786
0.141453
0.0701541
0.122353
0.662
0.433173
0.100155
0.662
0.662
0.662
0.153364
0.554812
0.328224
0.662
0.0946078
0.662
0.242303
0.662
0.662
0.302514
0.662
0.0506512
0.662
0.662
0.377652
0.662
0.130442
0.662
0.662
0.662
0.662
0.459931
0.522709
0.662
0.662
0.662
0.662
0.662
0.662
0.455834
0.258008
0.662
0.662
0.0786755
0.662
0.63339
0.0245817
0.662
0.401136
0.215507
0.662
0.201855
0.185905
0.41074
0.662
0.196296
0.255889
0.662
0.45634
0.26575
0.662
0.0338476
0.662
0.284632
0.298086
0.286687
0.0846906
0.0401286
0.662
0.18859
0.662
0.608385
0.662
0.662
0.662
0.226972
0.662
0.337537
0.19189
0.437097
0.662
0.662
0.264922
0.662
0.416891
0.662
0.662
0.662
0.662
0.111264
0.662
0.662
0.662
0.0460936
0.662
0.153653
0.0500172
0.662
0.662
0.255326
0.662
0.662
0.662
0.662
0.250561
0.616231
0.662
0.662
0.662
0.662
0.662
0.446586
0.662
0.367733
0.377165
0.3849
0.177725
0.389788
0.662
0.662
0.277551
0.246663
0.404058
0.0768186
0.0755297
0.300632
0.307165
0.0124392
0.662
0.286112
0.279293
0.662
0.662
0.334435
0.248793
0.138987
0.362395
0.0168904
0.662
0.662
0.662
0.662
0.662
0.343071
0.662
0.662
0.662
0.35321
0.469615
0.326263
0.662
0.662
0.662
0.662
0.0164942
0.53947
0.319051
0.250777
0.662
0.662
0.662
0.507697
0.311047
0.0214755
0.0695226
0.185874
0.662
0.390337
0.214832
0.662
0.573985
0.404875
0.662
0.206874
0.380291
0.662
0.398886
0.561555
0.662
0.467585
0.662
0.214721
0.436986
0.220837
0.348678
0.662
0.0795546
0.662
0.662
0.105125
0.662
0.407173
0.662
0.420847
0.155712
0.662
0.662
0.662
0.662
0.662
0.662
0.662
0.259906
0.415591
0.662
0.662
0.412936
0.162795
0.466621
0.662
0.662
0.0294201
0.662
0.190019
0.151652
0.254536
0.47938
0.662
0.662
0.394357
0.662
0.234973
0.177729
0.662
0.662
0.662
0.340644
0.214456
0.443496
0.662
0.662
0.315382
0.662
0.662
0.0649493
0.662
0.465479
0.662
0.208468
0.662
0.0725012
0.120115
0.662
0.188932
0.662
0.662
0.662
0.264249
0.496065
0.662
0.341859
0.280764
0.260326
0.427775
0.662
0.662
0.662
0.030278
0.633391
0.442272
0.662
0.662
0.104751
0.662
0.662
0.291129
0.662
0.662
0.198808
0.128295
0.126398
0.116343
0.278228
0.662
0.662
0.662
0.443422
0.662
0.662
0.662
0.662
0.662
0.0530619
0.19203
0.154054
0.273515
0.662
0.662
0.132303
0.385018
0.662
0.662
0.267476
0.142599
0.662
0.662
0.662
0.662
0.662
0.662
0.662
0.559829
0.662
0.662
0.402872
0.0489933
0.662
0.393376
0.22681
0.662
0.356288
0.662
0.662
0.662
0.201026
0.662
0.662
0.662
0.662
0.662
0.590786
0.662
0.462779
0.662
0.662
0.314971
0.662
0.136698
0.662
0.662
0.421224
0.662
0.662
0.31867
0.662
0.662
0.211304
0.662
0.16354
0.662
0.16937
0.188875
0.662
0.662
0.374801
0.167159
0.497997
0.662
0.662
0.18945
0.662
0.662
0.662
0.662
0.662
0.029637
0.457135
0.662
0.662
0.351347
0.662
0.459225
0.662
0.662
0.662
0.662
0.0604481
0.662
0.662
0.424937
0.662
0.662
0.113979
0.662
0.269836
0.187375
0.0546782
0.662
0.522881
0.500942
0.238154
0.662
0.662
0.201301
0.662
0.662
0.378183
0.662
0.445288
0.257025
0.191624
0.147258
0.405944
0.0451711
0.0847773
0.195411
0.662
0.662
0.662
0.662
0.662
0.662
0.273737
0.35623
0.662
0.0244554
0.662
0.662
0.425612
0.662
0.662
0.119032
0.662
0.313288
0.662
0.662
0.662
0.297181
0.662
0.662
0.662
0.662
0.662
0.662
0.353366
0.662
0.328171
0.161284
0.218474
0.143318
0.233473
0.662
0.232444
0.662
0.455193
0.662
0.10397
0.662
0.356497
0.662
0.662
0.662
0.624024
0.662
0.662
0.662
0.337169
0.0631498
0.367948
0.662
0.424564
0.662
0.520152
0.662
0.662
0.24989
0.662
0.662
0.13867
0.189141
0.662
0.11855
0.0201333
0.662
0.350242
0.662
0.405658
0.324907
0.662
0.662
0.00624588
0.530323
0.662
0.262561
0.662
0.662
0.123625
0.0364717
0.0212568
0.662
0.0683357
0.662
0.662
0.484579
0.662
0.406385
0.662
0.283792
0.107648
0.662
0.287702
0.662
0.662
0.172679
0.14967
0.662
0.662
0.455791
0.399444
0.250623
0.662
0.456563
0.333614
0.176255
0.154675
0.206211
0.215968
0.299113
0.662
0.662
0.662
0.370434
0.303007
0.336903
0.662
0.38383
0.305233
0.662
0.265244
0.282491
0.359206
0.163521
0.662
0.364082
0.662
0.662
0.0840893
0.662
0.291926
0.465199
0.038404
0.227384
0.662
0.341657
0.662
0.662
0.316667
0.409922
0.206578
0.414026
0.237815
0.662
0.662
0.149283
0.662
0.662
0.241138
0.319398
0.0786555
0.441073
0.662
0.662
0.662
0.662
0.418284
0.662
0.662
0.662
0.662
0.662
0.662
0.125388
0.662
0.309306
0.379423
0.662
0.662
0.662
0.234056
0.0645357
0.0206073
0.662
0.0862817
0.662
0.662
0.662
0.662
0.312027
