0.218481
0.662
0.331523
0.662
0.662
0.278737
0.662
0.346494
0.263495
0.662
0.662
0.424671
0.662
0.662
0.446547
0.662
0.662
0.662
0.144948
0.662
0.236855
0.662
0.662
0.662
0.662
0.336414
0.662
0.662
0.662
0.662
0.662
0.662
0.662
0.0670214
0.662
0.662
0.662
0.662
0.265454
0.199802
0.662
0.259728
0.662
0.662
0.662
0.662
0.662
0.662
0.662
0.292647
0.103068
0.0728397
0.211904
0.662
0.662
0.364696
0.662
0.662
0.662
0.544055
0.662
0.662
0.205736
0.421517
0.662
0.662
0.356434
0.26216
0.269705
0.234364
0.662
0.662
0.322536
0.0754984
0.23462
0.662
0.304765
0.662
0.662
0.502906
0.347285
0.248542
0.100775
0.333658
0.205306
0.534886
0.662
0.154623
0.662
0.30148
0.451378
0.122428
0.662
0.153317
0.655351
0.662
0.398324
0.482119
0.25477
0.662
0.662
0.662
0.662
0.662
0.234042
0.662
0.528328
0.0146434
0.662
0.250432
0.662
0.14218
0.662
0.375497
0.34871
0.662
0.489477
0.662
0.444129
0.662
0.662
0.0909778
0.662
0.662
0.662
0.212223
0.662
0.662
0.463207
0.21062
0.0484379
0.662
0.254734
0.451636
0.662
0.662
0.11677
0.662
0.662
0.114882
0.404074
0.0660964
0.460363
0.477176
0.0148382
0.370243
0.662
0.662
0.275859
0.662
0.386097
0.662
0.662
0.0783615
0.41514
0.662
0.332843
0.662
0.393779
0.662
0.438306
0.662
0.39692
0.0854126
0.167052
0.375863
0.212559
0.662
0.396421
0.662
0.662
0.459838
0.662
0.662
0.369074
0.662
0.00130514
0.647419
0.662
0.367981
0.362439
0.662
0.274383
0.451678
0.662
0.38286
0.662
0.27229
0.662
0.479769
0.0724546
0.331597
0.637538
0.371368
0.442648
0.542113
0.157325
0.662
0.662
0.502926
0.440029
0.018098
0.259639
0.662
0.345934
0.662
0.256156
0.662
0.662
0.662
0.465975
0.662
0.662
0.662
0.662
0.662
0.170425
0.0845695
0.450344
0.418651
0.662
0.0120792
0.338893
0.662
0.363189
0.662
0.662
0.538359
0.662
0.662
0.520993
0.662
0.467373
0.662
0.662
0.662
0.441361
0.366432
0.0715126
0.436254
0.662
0.271181
0.300944
0.368966
0.662
0.662
0.381056
0.166441
0.662
0.487953
0.0738716
0.662
0.403345
0.662
0.194867
0.662
0.662
0.214487
0.662
0.423285
0.662
0.662
0.191496
0.662
0.179981
0.442125
0.0775168
0.136269
0.217123
0.122701
0.197826
0.662
0.437836
0.491225
0.662
0.662
0.662
0.662
0.404447
0.0121309
0.662
0.449267
0.662
0.150386
0.662
0.336487
0.0160423
0.329196
0.662
0.253821
0.662
0.662
0.662
0.63733
0.410339
0.460799
0.151324
0.0839501
0.428996
0.401404
0.662
0.662
0.40233
0.0149331
0.457261
0.662
0.662
0.282241
0.662
0.662
0.445502
0.662
0.367156
0.662
0.662
0.662
0.662
0.662
0.257079
0.662
0.413143
0.662
0.00346125
0.418485
0.472242
0.0916195
0.324653
0.662
0.662
0.00797526
0.662
0.0866762
0.662
0.463806
0.662
0.284229
0.662
0.280732
0.662
0.137486
0.662
0.35337
0.662
0.662
0.272713
0.662
0.662
0.61418
0.378889
0.233776
0.197491
0.662
0.662
0.662
0.2062
0.385822
0.278858
0.662
0.662
0.662
0.439571
0.227648
0.662
0.662
0.433787
0.662
0.399276
0.468308
0.390712
0.0416863
0.494244
0.662
0.662
0.13911
0.438878
0.439881
0.246138
0.35808
0.320501
0.344036
0.662
0.315327
0.442577
0.0348584
0.662
0.662
0.662
0.384495
0.662
0.662
0.340816
0.662
0.287859
0.0147216
0.329291
0.580897
0.662
0.332919
0.29402
0.662
0.662
0.662
0.446257
0.662
0.293087
0.662
0.231851
0.662
0.264799
0.336334
0.137066
0.377778
0.0923483
0.662
0.166472
0.662
0.338862
0.232605
0.662
0.662
0.420211
0.510995
0.662
0.041005
0.461745
0.470225
0.662
0.662
0.388716
0.244046
0.425771
0.303647
0.104639
0.368904
0.0700038
0.400284
0.365559
0.274317
0.0327974
0.0447278
0.199834
0.0579283
0.200529
0.538323
0.662
0.662
0.662
0.662
0.0257233
0.0157528
0.0980453
0.298647
0.662
0.662
0.662
0.176993
0.105206
0.662
0.177346
0.341161
0.197062
0.245558
0.662
0.662
0.662
0.662
0.662
0.662
0.32373
0.4798
0.662
0.662
0.662
0.662
0.662
0.662
0.662
0.296666
0.221611
0.662
0.662
0.662
0.232214
0.662
0.26795
0.662
0.226408
0.30577
0.143098
0.0537317
0.217203
0.662
0.662
0.202389
0.28227
0.662
0.662
0.662
0.602846
0.662
0.662
0.662
0.295898
0.185301
0.662
0.662
0.662
0.182467
0.131554
0.662
0.662
0.354346
0.662
0.226585
0.169033
0.662
0.157752
0.0267418
0.662
0.338681
0.409608
0.662
0.662
0.662
0.662
0.662
0.463181
0.662
0.36829
0.662
0.47887
0.455651
0.662
0.662
0.259627
0.38708
0.662
0.662
0.295523
0.662
0.662
0.172762
0.172025
0.0699101
0.0233558
0.146051
0.662
0.194758
0.640868
0.0853888
0.342713
0.662
0.259945
0.104245
0.0359143
0.662
0.30636
0.35492
0.373924
0.0817368
0.662
0.662
0.662
0.662
0.662
0.388762
0.0130342
0.662
0.332978
0.662
0.662
0.662
0.662
0.662
0.662
0.627474
0.0230114
0.662
0.377467
0.662
0.370721
0.662
0.662
0.445711
0.662
0.662
0.662
0.333886
0.23946
0.662
0.662
0.283901
0.662
0.0378472
0.662
0.662
0.275342
0.263433
0.212111
0.370461
0.662
0.662
0.662
0.662
0.155214
0.470938
0.298457
0.280518
0.662
0.662
0.662
0.603574
0.662
0.662
0.662
0.0134368
0.249424
0.483472
0.58198
0.302107
0.202831
0.662
0.124456
0.662
0.0469881
0.454264
0.662
0.662
0.662
0.662
0.662
0.662
0.382485
0.376775
0.662
0.662
0.662
0.247925
0.64809
0.462695
0.170774
0.39253
0.662
0.427196
0.662
0.534
0.662
0.662
0.294
