0.39678
0.301256
0.662
0.437836
0.662
0.0148382
0.662
0.662
0.662
0.662
0.456563
0.662
0.602846
0.0255954
0.265095
0.662
0.662
0.368042
0.370723
0.448253
0.662
0.662
0.39213
0.662
0.662
0.230769
0.662
0.662
0.294956
0.662
0.662
0.662
0.662
0.19995
0.662
0.0337761
0.662
0.317152
0.662
0.662
0.362437
0.438878
0.662
0.662
0.35492
0.662
0.662
0.041623
0.510583
0.662
0.662
0.662
0.662
0.662
0.662
0.47018
0.662
0.633391
0.122701
0.409166
0.662
0.662
0.662
0.662
0.662
0.409588
0.263349
0.662
0.662
0.662
0.662
0.383344
0.662
0.662
0.662
0.662
0.662
0.442002
0.662
0.396947
0.662
0.0245053
0.588384
0.211786
0.395196
0.430016
0.419528
0.662
0.662
0.662
0.662
0.325343
0.375863
0.398324
0.432653
0.043454
0.423254
0.31269
0.390712
0.292668
0.280732
0.662
0.262284
0.379353
0.581175
0.662
0.662
0.229642
0.662
0.212327
0.662
0.662
0.662
0.662
0.130914
0.662
0.42312
0.510049
0.662
0.0933912
0.662
0.662
0.662
0.662
0.662
0.0673765
0.355548
0.662
0.662
0.662
0.388589
0.662
0.203721
0.151484
0.429626
0.662
0.382218
0.662
0.662
0.269705
0.662
0.0153994
0.662
0.662
0.19102
0.106916
0.131922
0.248233
0.662
0.662
0.315301
0.662
0.662
0.662
0.270869
0.662
0.662
0.217447
0.662
0.662
0.223168
0.662
0.662
0.39594
0.455886
0.662
0.662
0.662
0.396243
0.662
0.662
0.0738716
0.662
0.209349
0.1415
0.662
0.355648
0.310026
0.662
0.662
0.479373
0.662
0.442309
0.142322
0.662
0.464118
0.662
0.662
0.465757
0.662
0.662
0.09072
0.662
0.662
0.662
0.0521239
0.662
0.364
0.259728
0.150445
0.662
0.140163
0.662
0.662
0.662
0.154027
0.662
0.662
0.206821
0.0580271
0.383475
0.662
0.662
0.662
0.142157
0.662
0.662
0.21472
0.662
0.662
0.259296
0.662
0.662
0.266118
0.662
0.281445
0.662
0.662
0.662
0.336487
0.190804
0.12671
0.662
0.103911
0.465047
0.662
0.662
0.116402
0.209576
0.079493
0.157601
0.0661501
0.00179264
0.439703
0.662
0.322286
0.662
0.662
0.662
0.662
0.262359
0.662
0.662
0.662
0.382175
0.378941
0.427821
0.662
0.662
0.662
0.541683
0.0057334
0.499891
0.662
0.47715
0.662
0.662
0.431285
0.662
0.662
0.2146
0.662
0.27941
0.662
0.163718
0.255455
0.264815
0.662
0.662
0.662
0.662
0.662
0.662
0.0796073
0.373454
0.662
0.0329709
0.376171
0.31494
0.220065
0.41004
0.441748
0.148743
0.647419
0.662
0.192056
0.182002
0.382933
0.118378
0.397294
0.662
0.359642
0.366432
0.364573
0.662
0.662
0.191045
0.256058
0.662
0.662
0.220025
0.275028
0.0533215
0.434587
0.473847
0.344539
0.627474
0.0993528
0.373924
0.662
0.662
0.662
0.662
0.662
0.662
0.404845
0.662
0.662
0.072238
0.662
0.662
0.410303
0.662
0.662
0.0359291
0.134324
0.662
0.662
0.459782
0.662
0.662
0.09714
0.662
0.662
0.662
0.0516811
0.662
0.662
0.400284
0.662
0.662
0.453368
0.442577
0.425322
0.209891
0.0476531
0.430928
0.0267418
0.0804839
0.662
0.662
0.443844
0.662
0.662
0.257079
0.662
0.662
0.662
0.00202277
0.662
0.51495
0.662
0.662
0.662
0.202193
0.611376
0.0675779
0.662
0.662
0.662
0.662
0.662
0.423355
0.662
0.662
0.0384907
0.115823
0.662
0.332431
0.662
0.2062
0.662
0.662
0.0111915
0.662
0.662
0.662
0.662
0.662
0.242256
0.0440442
0.0327974
0.662
0.566122
0.248543
0.377771
0.662
0.482312
0.662
0.662
0.4798
0.662
0.251222
0.0804462
0.0526435
0.216985
0.226408
0.662
0.0587295
0.662
0.662
0.662
0.421593
0.662
0.662
0.388602
0.237834
0.075306
0.662
0.662
0.542325
0.662
0.662
0.40809
0.662
0.662
0.662
0.662
0.185261
0.479656
0.346738
0.662
0.662
0.662
0.662
0.662
0.662
0.384788
0.248842
0.662
0.662
0.662
0.662
0.220952
0.662
0.662
0.0111765
0.662
0.0620837
0.662
0.662
0.662
0.0610835
0.662
0.197326
0.662
0.652835
0.662
0.0835553
0.188555
0.662
0.662
0.662
0.0870927
0.662
0.662
0.662
0.389316
0.131916
0.609539
0.403234
0.042977
0.662
0.586446
0.662
0.662
0.662
0.662
0.193532
0.435838
0.384623
0.662
0.330474
0.662
0.662
0.193037
0.662
0.0915267
0.662
0.662
0.297456
0.169171
0.662
0.662
0.332843
0.344517
0.188344
0.662
0.378074
0.662
0.662
0.396421
0.387028
0.479973
0.662
0.0837161
0.662
0.662
0.662
0.456695
0.662
0.662
0.662
0.662
0.662
0.662
0.11096
0.662
0.65796
0.428373
0.662
0.662
0.662
0.662
0.409939
0.662
0.662
0.187927
0.662
0.662
0.0875875
0.662
0.115223
0.662
0.185301
0.662
0.36759
0.302746
0.213732
0.662
0.476374
0.662
0.662
0.662
0.662
0.200561
0.662
0.662
0.662
0.662
0.368167
0.662
0.662
0.662
0.0151336
0.662
0.301012
0.345099
0.297582
0.662
0.662
0.286826
0.658932
0.662
0.662
0.153513
0.255704
0.60462
0.662
0.42119
0.0380554
0.662
0.662
0.13911
0.662
0.662
0.662
0.408403
0.662
0.662
0.662
0.374742
0.662
0.662
0.109518
0.662
0.662
0.662
0.662
0.662
0.662
0.662
0.662
0.662
0.662
0.313658
0.404711
0.661216
0.662
0.662
0.662
0.662
0.662
0.662
0.284282
0.662
0.284072
0.662
