0.173777
0.356235
0.349768
0.376351
0.662
0.662
0.463571
0.662
0.662
0.662
0.272956
0.540949
0.662
0.34985
0.662
0.662
0.662
0.662
0.662
0.0340785
0.256862
0.662
0.0508865
0.30116
0.389571
0.466946
0.400024
0.662
0.232639
0.359915
0.662
0.662
0.662
0.662
0.662
0.134903
0.662
0.213801
0.615241
0.0141648
0.662
0.249582
0.662
0.662
0.276929
0.662
0.662
0.343669
0.662
0.0425362
0.362063
0.662
0.248964
0.662
0.477191
0.662
0.662
0.662
0.550571
0.36191
0.662
0.395245
0.662
0.662
0.662
0.49954
0.662
0.662
0.662
0.662
0.662
0.465106
0.398348
0.201587
0.662
0.383516
0.662
0.662
0.662
0.343402
0.267463
0.379469
0.662
0.125582
0.662
0.338605
0.662
0.20985
0.662
0.662
0.662
0.662
0.0511374
0.662
0.465164
0.662
0.662
0.411641
0.662
0.353904
0.0182128
0.320096
0.662
0.258729
0.662
0.2049
0.662
0.662
0.662
0.662
0.662
0.407873
0.662
0.184639
0.450923
0.166351
0.343458
0.662
0.362052
0.443233
0.662
0.220828
0.36598
0.189334
0.121361
0.662
0.662
0.194902
0.662
0.662
0.662
0.140045
0.662
0.662
0.662
0.233318
0.662
0.271121
0.361712
0.214116
0.389411
0.384336
0.273536
0.408343
0.552599
0.285352
0.662
0.0281846
0.150197
0.662
0.662
0.662
0.035706
0.0137755
0.662
0.556758
0.662
0.662
0.532882
0.476323
0.662
0.160434
0.662
0.662
0.389878
0.549121
0.028292
0.662
0.662
0.227443
0.662
0.0825453
0.0420161
0.662
0.662
0.244713
0.662
0.662
0.662
0.662
0.662
0.662
0.662
0.662
0.662
0.322276
0.662
0.662
0.170266
0.662
0.662
0.215564
0.254367
0.331379
0.164999
0.379156
0.662
0.662
0.43733
0.352827
0.662
0.662
0.356579
0.662
0.662
0.371631
0.21562
0.662
0.662
0.0203427
0.662
0.662
0.662
0.662
0.662
0.662
0.344972
0.662
0.234108
0.475082
0.662
0.662
0.321796
0.662
0.662
0.152759
0.461222
0.662
0.283246
0.662
0.662
0.662
0.662
0.662
0.662
0.662
0.662
0.662
0.662
0.662
0.47625
0.662
0.364084
0.662
0.662
0.0374014
0.0648222
0.229196
0.662
0.385856
0.662
0.662
0.457003
0.428105
0.294302
0.31737
0.0599338
0.662
0.662
0.662
0.662
0.662
0.287187
0.267179
0.0373131
0.0760987
0.662
0.159048
0.662
0.662
0.0677221
0.259113
0.451623
0.226101
0.662
0.362927
0.351163
0.662
0.250106
0.382737
0.440831
0.662
0.456998
0.662
0.197473
0.662
0.662
0.662
0.310742
0.0766075
0.662
0.639158
0.662
0.138589
0.662
0.662
0.430281
0.662
0.453365
0.22848
0.0306658
0.138741
0.103442
0.183727
0.391928
0.662
0.662
0.298482
0.662
0.662
0.0289662
0.662
0.662
0.352187
0.662
0.243197
0.262443
0.662
0.318528
0.259044
0.202013
0.662
0.662
0.0419058
0.662
0.055294
0.662
0.662
0.293211
0.0610294
0.0326609
0.469272
0.662
0.235773
0.301703
0.154835
0.396284
0.662
0.662
0.297942
0.122833
0.0604725
0.532796
0.662
0.662
0.282664
0.502429
0.662
0.662
0.385241
0.662
0.662
0.662
0.0263126
0.662
0.319392
0.354657
0.149721
0.286988
0.465069
0.662
0.474617
0.662
0.0360245
0.662
0.662
0.662
0.662
0.662
0.662
0.227874
0.233226
0.662
0.662
0.292446
0.0654933
0.047725
0.662
0.662
0.36813
0.662
0.234019
0.662
0.662
0.662
0.662
0.662
0.0768256
0.662
0.662
0.662
0.185598
0.45413
0.472356
0.170642
0.662
0.662
0.321934
0.662
0.120943
0.662
0.415645
0.208983
0.662
0.662
0.190188
0.497433
0.166103
0.139216
0.662
0.287359
0.197535
0.366135
0.355255
0.662
0.24489
0.12055
0.662
0.662
0.662
0.662
0.662
0.662
0.662
0.662
0.396788
0.662
0.662
0.662
0.662
0.662
0.662
0.662
0.662
0.524358
0.488996
0.662
0.117595
0.506541
0.662
0.662
0.662
0.144781
0.0649815
0.293448
0.0829035
0.398434
0.662
0.662
0.662
0.111557
0.662
0.662
0.662
0.215785
0.662
0.662
0.0893854
0.662
0.662
0.662
0.662
0.662
0.662
0.19728
0.662
0.446928
0.184465
0.662
0.662
0.662
0.662
0.662
0.491026
0.173922
0.217465
0.48068
0.662
0.662
0.662
0.662
0.662
0.150351
0.322956
0.662
0.662
0.662
0.662
0.662
0.662
0.153244
0.24831
0.292515
0.0449742
0.367808
0.367484
0.41536
0.302276
0.07871
0.293416
0.662
0.662
0.662
0.274374
0.662
0.662
0.662
0.662
0.490236
0.408752
0.662
0.12609
0.662
0.662
0.662
0.204729
0.662
0.369604
0.0132351
0.477267
0.662
0.662
0.662
0.662
0.662
0.182738
0.269597
0.128197
0.662
0.162566
0.571926
0.378286
0.402924
0.662
0.374899
0.389479
0.662
0.662
0.119745
0.662
0.386397
0.662
0.0971491
0.662
0.662
0.662
0.410322
0.662
0.384997
0.662
0.0363327
0.662
0.662
0.662
0.179704
0.662
