0.1129
0.662
0.0879504
0.662
0.404447
0.662
0.36166
0.022016
0.662
0.662
0.662
0.662
0.662
0.662
0.662
0.662
0.662
0.299631
0.268033
0.662
0.662
0.662
0.410931
0.382594
0.662
0.399726
0.633693
0.0100669
0.342706
0.662
0.596621
0.463207
0.662
0.637538
0.355825
0.397526
0.126117
0.662
0.477211
0.419943
0.277728
0.232988
0.662
0.171751
0.662
0.662
0.494897
0.662
0.190943
0.090857
0.662
0.662
0.131554
0.515917
0.662
0.293087
0.662
0.662
0.662
0.18164
0.662
0.662
0.655667
0.293354
0.38708
0.428296
0.477176
0.662
0.322536
0.44587
0.662
0.662
0.103223
0.259046
0.662
0.662
0.662
0.538323
0.662
0.662
0.449267
0.662
0.662
0.662
0.662
0.662
0.0889511
0.0839501
0.662
0.202831
0.367156
0.662
0.662
0.432857
0.344123
0.409963
0.662
0.662
0.420927
0.217203
0.229799
0.283582
0.470225
0.114573
0.662
0.662
0.662
0.662
0.662
0.662
0.662
0.662
0.662
0.441911
0.655806
0.662
0.662
0.662
0.662
0.662
0.662
0.534
0.662
0.0389563
0.0761945
0.662
0.435222
0.0912448
0.156738
0.662
0.662
0.0412306
0.662
0.662
0.363931
0.443199
0.183555
0.662
0.662
0.229658
0.662
0.662
0.514512
0.662
0.662
0.342312
0.47712
0.662
0.662
0.662
0.662
0.0488495
0.163718
0.662
0.662
0.463806
0.400578
0.338893
0.662
0.662
0.364696
0.662
0.264922
0.662
0.278076
0.370647
0.399276
0.217123
0.662
0.399203
0.662
0.662
0.415914
0.460363
0.662
0.662
0.662
0.662
0.662
0.662
0.344917
0.662
0.662
0.662
0.662
0.203869
0.373961
0.662
0.662
0.0832881
0.662
0.662
0.662
0.662
0.662
0.375603
0.0856117
0.662
0.421116
0.662
0.662
0.662
0.217028
0.148371
0.662
0.662
0.0843848
0.662
0.662
0.00738656
0.662
0.426392
0.662
0.429312
0.662
0.662
0.662
0.662
0.662
0.12733
0.207517
0.662
0.662
0.444129
0.662
0.212111
0.385255
0.662
0.0980453
0.268233
0.0246561
0.662
0.662
0.662
0.0378472
0.662
0.467373
0.386097
0.662
0.662
0.662
0.0160423
0.0149331
0.662
0.197709
0.0264399
0.662
0.662
0.662
0.409608
0.156776
0.662
0.662
0.662
0.662
0.662
0.662
0.375951
0.531927
0.47887
0.353872
0.125292
0.330322
0.662
0.662
0.662
0.384054
0.0215019
0.662
0.353728
0.399004
0.265142
0.662
0.41514
0.662
0.662
0.32763
0.228465
0.490844
0.662
0.662
0.662
0.662
0.27027
0.0812473
0.662
0.662
0.662
0.662
0.0346652
0.662
0.0181172
0.0916195
0.267438
0.154917
0.105928
0.530993
0.662
0.662
0.197139
0.662
0.234364
0.662
0.662
0.523247
0.662
0.0179428
0.226426
0.376775
0.333658
0.662
0.640868
0.662
0.662
0.103639
0.466131
0.662
0.0591955
0.397187
0.662
0.662
0.486035
0.336334
0.662
0.00664934
0.662
0.437566
0.360248
0.380971
0.662
0.231129
0.662
0.662
0.662
0.434983
0.254734
0.308202
0.662
0.662
0.404109
0.536837
0.399583
0.662
0.662
0.662
0.662
0.457787
0.662
0.662
0.463181
0.662
0.0601483
0.662
0.259636
0.662
0.600456
0.662
0.438597
0.23452
0.662
0.557121
0.404265
0.662
0.662
0.460799
0.387389
0.662
0.662
0.662
0.662
0.21297
0.662
0.662
0.353594
0.245575
0.662
0.194758
0.662
0.0557961
0.662
0.495442
0.105634
0.662
0.0118208
0.386483
0.662
0.662
0.164589
0.662
0.379763
0.422957
0.662
0.662
0.0422915
0.662
0.374276
0.662
0.662
0.0529793
0.23462
0.148139
0.445711
0.662
0.376273
0.662
0.40233
0.414108
0.202698
0.662
0.662
0.416229
0.486694
0.662
0.24011
0.662
0.342462
0.662
0.662
0.662
0.018098
0.662
0.151584
0.113725
0.662
0.041005
0.394275
0.662
0.363189
0.662
0.209156
0.21906
0.10464
0.662
0.448393
0.662
0.662
0.662
0.662
0.662
0.487438
0.351339
0.662
0.332919
0.662
0.313953
0.662
0.662
0.124456
0.536399
0.662
0.662
0.662
0.515978
0.662
0.639086
0.662
0.662
0.439881
0.231235
0.662
0.662
0.546374
0.662
0.581554
0.662
0.662
0.662
0.662
0.662
0.099439
0.662
0.662
0.271119
0.662
0.380707
0.662
0.662
0.662
0.662
0.606341
0.662
0.662
0.662
0.662
0.409065
0.662
0.0715126
0.0120519
0.662
0.305423
0.451678
0.405962
0.0528833
0.574402
0.662
0.205736
0.662
0.088361
0.0153633
0.662
0.662
0.100775
0.0708703
0.662
0.423285
0.662
0.615345
0.662
0.221971
0.662
0.662
0.469085
0.245364
0.00797526
0.128169
0.356261
0.273905
0.662
0.293121
0.338862
0.662
0.00312747
0.662
0.662
0.425771
0.662
0.662
0.39046
0.662
0.454264
0.211243
0.662
0.662
0.662
0.104134
0.662
0.662
0.662
0.662
0.662
0.662
0.396836
0.144948
0.321019
0.662
0.336855
0.662
0.0664629
0.344347
0.662
0.36491
0.0325955
0.662
0.662
0.430744
0.662
0.662
0.662
0.662
0.430484
0.662
0.357829
0.662
0.264995
0.662
0.16076
0.170774
0.662
0.0484379
0.662
0.556689
0.456089
0.0766499
0.662
0.662
0.662
0.662
0.0469881
0.157325
0.662
0.662
0.19587
0.0671431
0.279667
0.271181
0.662
0.662
0.300944
0.662
0.0658909
0.14218
0.364645
0.0537317
0.662
0.662
0.0327841
0.575791
0.324906
0.662
0.662
0.119101
0.309614
0.128747
0.662
0.662
