0.635078
0.257703
0.441722
0.255851
0.442997
0.662
0.0661501
0.365167
0.662
0.662
0.662
0.662
0.662
0.400417
0.107373
0.662
0.662
0.662
0.662
0.662
0.333854
0.325343
0.662
0.293861
0.363535
0.662
0.662
0.662
0.662
0.247751
0.662
0.662
0.662
0.147138
0.0210458
0.456919
0.364
0.310026
0.662
0.662
0.662
0.662
0.662
0.438878
0.264671
0.662
0.336487
0.220592
0.127358
0.396243
0.200561
0.329804
0.454307
0.283789
0.254444
0.662
0.662
0.198258
0.662
0.42211
0.0329709
0.662
0.662
0.139005
0.662
0.467158
0.662
0.662
0.09072
0.250037
0.19361
0.448981
0.662
0.387028
0.041623
0.0360528
0.662
0.353337
0.662
0.662
0.662
0.0521239
0.388589
0.204002
0.662
0.662
0.0775651
0.662
0.662
0.662
0.318528
0.355335
0.652835
0.47312
0.662
0.662
0.662
0.662
0.662
0.409166
0.259393
0.662
0.662
0.442309
0.662
0.662
0.662
0.149614
0.426136
0.662
0.662
0.179688
0.662
0.476374
0.431285
0.662
0.0440639
0.0153994
0.103911
0.662
0.662
0.662
0.305423
0.662
0.662
0.0384907
0.403465
0.275009
0.662
0.662
0.400475
0.662
0.662
0.662
0.0116779
0.0951054
0.662
0.279302
0.662
0.662
0.662
0.330474
0.662
0.373763
0.531356
0.662
0.429256
0.308903
0.00374953
0.0185064
0.506633
0.662
0.662
0.662
0.21032
0.588384
0.322709
0.281445
0.429626
0.0111915
0.662
0.469407
0.662
0.662
0.632851
0.662
0.115172
0.662
0.36548
0.662
0.662
0.662
0.662
0.42119
0.473847
0.662
0.662
0.662
0.19102
0.662
0.662
0.662
0.662
0.0599774
0.662
0.15096
0.206821
0.662
0.374742
0.428373
0.207387
0.313658
0.662
0.255084
0.662
0.662
0.662
0.662
0.515139
0.662
0.450848
0.472056
0.161133
0.328282
0.662
0.662
0.662
0.157931
0.44489
0.662
0.662
0.662
0.662
0.435838
0.566122
0.662
0.662
0.662
0.188385
0.662
0.662
0.377771
0.46983
0.163918
0.662
0.662
0.662
0.662
0.361984
0.662
0.662
0.0516811
0.0620837
0.38958
0.264718
0.662
0.662
0.662
0.662
0.662
0.238591
0.662
0.0111765
0.662
0.662
0.662
0.662
0.662
0.662
0.662
0.662
0.662
0.396193
0.0724546
0.586446
0.662
0.662
0.361169
0.662
0.662
0.662
0.662
0.341292
0.662
0.105172
0.0156354
0.12671
0.358997
0.294947
0.662
0.220025
0.345099
0.209349
0.0772894
0.662
0.418536
0.662
0.224192
0.438236
0.662
0.187927
0.241973
0.121781
0.662
0.662
0.662
0.662
0.662
0.0742581
0.662
0.115223
0.662
0.662
0.662
0.637063
0.661216
0.662
0.662
0.662
0.421481
0.662
0.662
0.0835553
0.298069
0.662
0.662
0.15219
0.344322
0.662
0.662
0.53641
0.662
0.662
0.0617856
0.384575
0.662
0.662
0.662
0.0981315
0.662
0.396507
0.122624
0.0741562
0.307009
0.298647
0.416784
0.662
0.662
0.662
0.662
0.662
0.211786
0.662
0.383344
0.662
0.662
0.237834
0.662
0.415855
0.662
0.662
0.628981
0.662
0.662
0.469692
0.0588951
0.47715
0.662
0.408338
0.378941
0.121199
0.662
0.662
0.193037
0.104559
0.455886
0.19995
0.405644
0.0337761
0.2146
0.662
0.468008
0.662
0.453368
0.611376
0.662
0.349875
0.662
0.662
0.662
0.594436
0.662
0.662
0.317517
0.662
0.662
0.231408
0.662
0.662
0.662
0.259941
0.11677
0.535401
0.662
0.662
0.662
0.662
0.662
0.662
0.0359291
0.619639
0.662
0.472897
0.662
0.220952
0.359978
0.662
0.347262
0.499891
0.414477
0.0775168
0.422075
0.356049
0.169171
0.662
0.662
0.246456
0.0164674
0.155101
0.470946
0.597686
0.0134368
0.302746
0.662
0.662
0.662
0.431231
0.430159
0.662
0.0774226
0.662
0.0634896
0.153513
0.662
0.662
0.662
0.364069
0.384245
0.662
0.308869
0.662
0.662
0.662
0.273398
0.662
0.662
0.662
0.662
0.337885
0.368382
0.191045
0.185387
0.662
0.662
0.662
0.662
0.245472
0.1047
0.662
0.662
0.627474
0.0380554
0.662
0.440327
0.662
0.662
0.662
0.662
0.662
0.161727
0.157118
0.0958768
0.662
0.662
0.190779
0.36759
0.662
0.662
0.662
0.462944
0.662
0.366102
0.662
0.662
0.355548
0.14743
0.105901
0.662
0.31269
0.662
0.662
0.662
0.662
0.662
0.662
0.402479
0.662
0.14172
0.662
0.662
0.349554
0.0993528
0.662
0.662
0.256426
0.662
0.662
0.396546
0.662
0.0336997
0.319287
0.662
0.662
0.0199965
0.662
0.0837161
0.662
0.662
0.298329
0.079493
0.264815
0.662
0.662
0.132935
0.662
0.0731982
0.154027
0.042977
0.662
0.197326
0.662
0.109518
0.662
0.662
0.21472
0.390712
0.662
0.351753
0.391246
0.662
0.662
0.47436
0.662
0.216985
0.662
0.329843
0.662
0.439928
0.662
0.662
0.662
0.662
0.322286
0.662
0.662
0.0587495
0.380071
0.662
0.662
0.662
0.662
0.329632
0.662
0.212428
0.662
0.262284
0.662
0.116402
0.662
0.662
0.662
0.662
0.662
0.0533215
0.453285
0.662
0.281251
0.473259
0.528821
0.297456
0.046867
0.662
0.459746
0.662
0.662
0.662
0.662
0.126471
0.580263
0.362901
0.662
0.662
0.403407
0.0271203
0.662
0.60462
0.434573
0.458407
0.662
0.662
0.662
0.151484
0.189849
0.0139102
0.349202
0.662
0.0895695
0.0284975
0.0057334
0.486823
0.0252603
0.465047
