0.662
0.144803
0.465097
0.662
0.0281173
0.457665
0.428343
0.233684
0.662
0.20191
0.662
0.662
0.662
0.0368941
0.662
0.332417
0.662
0.662
0.662
0.662
0.108754
0.634492
0.0403529
0.662
0.0823766
0.00531081
0.662
0.662
0.662
0.393551
0.662
0.394335
0.384164
0.0104661
0.662
0.662
0.662
0.662
0.662
0.195114
0.0153648
0.0981647
0.0871868
0.11654
0.662
0.662
0.421783
0.164466
0.662
0.0604822
0.378718
0.476315
0.393293
0.148906
0.305008
0.662
0.662
0.662
0.423937
0.458699
0.446141
0.129634
0.662
0.103099
0.662
0.314839
0.662
0.460081
0.662
0.662
0.662
0.662
0.662
0.202104
0.662
0.662
0.272084
0.180942
0.662
0.60313
0.662
0.662
0.662
0.267782
0.292153
0.662
0.36786
0.662
0.321354
0.662
0.113437
0.662
0.662
0.443098
0.662
0.340716
0.533913
0.662
0.662
0.0781932
0.662
0.662
0.436303
0.662
0.111752
0.662
0.137276
0.378095
0.662
0.662
0.662
0.662
0.00409614
0.662
0.662
0.662
0.662
0.662
0.662
0.327071
0.469953
0.662
0.662
0.239286
0.662
0.662
0.662
0.166677
0.662
0.662
0.352749
0.460602
0.662
0.662
0.662
0.0942372
0.495957
0.156469
0.662
0.662
0.359986
0.374453
0.662
0.108333
0.0519071
0.662
0.258613
0.000962457
0.364415
0.467775
0.253038
0.662
0.662
0.335783
0.662
0.116203
0.662
0.454669
0.662
0.662
0.0854043
0.112306
0.451724
0.662
0.329733
0.452102
0.335445
0.662
0.0675821
0.662
0.662
0.662
0.321384
0.662
0.662
0.662
0.662
0.662
0.0108226
0.662
0.662
0.662
0.662
0.662
0.662
0.0973302
0.137739
0.472719
0.244274
0.24505
0.0190847
0.319124
0.662
0.310425
0.0736777
0.662
0.331903
0.662
0.0810179
0.662
0.662
0.443297
0.279954
0.442505
0.138018
0.242338
0.0481749
0.662
0.662
0.662
0.662
0.662
0.662
0.662
0.662
0.116077
0.00525755
0.662
0.180989
0.662
0.662
0.425847
0.112113
0.662
0.662
0.194967
0.331218
0.125487
0.480498
0.0454024
0.662
0.235376
0.662
0.343752
0.662
0.627613
0.662
0.662
0.348002
0.399132
0.662
0.662
0.484553
0.662
0.196175
0.292505
0.662
0.058671
0.390312
0.662
0.662
0.19693
0.662
0.474006
0.662
0.662
0.411198
0.662
0.662
0.094338
0.662
0.112531
0.426152
0.186781
0.662
0.662
0.315529
0.458159
0.359404
0.204561
0.662
0.662
0.475849
0.146848
0.423484
0.662
0.287426
0.662
0.662
0.185332
0.662
0.662
0.662
0.662
0.0599836
0.662
0.406891
0.662
0.662
0.342296
0.662
0.133818
0.662
0.16195
0.662
0.384083
0.00918905
0.0222857
0.662
0.243448
0.662
0.311557
0.662
0.331962
0.662
0.268383
0.429975
0.662
0.662
0.662
0.594216
0.163983
0.443128
0.662
0.0175757
0.550971
0.0710298
0.662
0.662
0.662
0.510648
0.239476
0.662
0.00317537
0.153211
0.662
0.344542
0.662
0.172427
0.110358
0.510805
0.662
0.662
0.0322486
0.662
0.662
0.356691
0.662
0.662
0.282227
0.64736
0.662
0.653285
0.291595
0.662
0.662
0.662
0.0904197
0.580117
0.08565
0.379889
0.393802
0.193569
0.662
0.298022
0.662
0.662
0.209787
0.662
0.103055
0.662
0.0307599
0.662
0.347282
0.662
0.662
0.662
0.471765
0.346812
0.662
0.219657
0.141036
0.117656
0.662
0.523155
0.072313
0.0518283
0.0854337
0.104473
0.559583
0.662
0.295076
0.662
0.662
0.526761
0.0134125
0.226041
0.0704539
0.557807
0.662
0.00683473
0.438801
0.662
0.645564
0.439624
0.0482764
0.210095
0.230009
0.153395
0.662
0.237467
0.662
0.216245
0.662
0.662
0.662
0.662
0.662
0.192361
0.329841
0.0316675
0.662
0.662
0.662
0.474929
0.662
0.662
0.463774
0.662
0.662
0.456936
0.135411
0.662
0.464676
0.662
0.0730631
0.311944
0.263386
0.662
0.662
0.356271
0.434337
0.17245
0.662
0.662
0.0698485
0.198488
0.662
0.332893
0.250066
0.0191193
0.662
0.289277
0.662
0.211451
0.647119
0.662
0.662
0.22647
0.311064
0.662
0.662
0.105518
0.662
0.662
0.561964
0.662
0.405424
0.662
0.301717
0.416583
0.443798
0.210487
0.490894
0.662
0.662
0.418198
0.16646
0.662
0.662
0.662
0.474301
0.0640281
0.0725136
0.164434
0.662
