0.380105
0.662
0.662
0.662
0.148245
0.169289
0.540514
0.293766
0.662
0.662
0.152068
0.662
0.662
0.662
0.597259
0.469622
0.0679271
0.662
0.662
0.425807
0.0172343
0.287487
0.662
0.662
0.662
0.662
0.191908
0.662
0.164166
0.662
0.249533
0.662
0.662
0.662
0.188619
0.662
0.36179
0.603418
0.049564
0.0561674
0.662
0.124231
0.454587
0.283622
0.161793
0.662
0.662
0.620118
0.662
0.662
0.2499
0.381663
0.662
0.209387
0.00683302
0.662
0.662
0.156707
0.223229
0.662
0.257935
0.190373
0.662
0.662
0.662
0.118846
0.138357
0.662
0.4543
0.470927
0.662
0.662
0.142553
0.107115
0.444418
0.364811
0.229675
0.509174
0.662
0.249844
0.210143
0.662
0.0833612
0.662
0.662
0.662
0.662
0.662
0.662
0.662
0.662
0.662
0.662
0.397693
0.662
0.122705
0.662
0.662
0.662
0.489453
0.379649
0.662
0.662
0.662
0.662
0.440959
0.016971
0.0438725
0.189809
0.662
0.662
0.319759
0.662
0.111645
0.191254
0.662
0.662
0.464018
0.662
0.662
0.662
0.662
0.662
0.662
0.662
0.246475
0.18318
0.662
0.662
0.662
0.164305
0.662
0.662
0.426474
0.252487
0.324608
0.662
0.189665
0.662
0.662
0.662
0.662
0.662
0.662
0.662
0.662
0.329794
0.662
0.151049
0.662
0.662
0.358288
0.662
0.286977
0.312108
0.285705
0.662
0.295974
0.271673
0.110541
0.243259
0.662
0.246463
0.662
0.298654
0.169358
0.662
0.223035
0.662
0.444934
0.662
0.423884
0.662
0.0293114
0.248269
0.216436
0.662
0.662
0.433198
0.662
0.662
0.662
0.173215
0.662
0.464178
0.662
0.662
0.662
0.220712
0.459002
0.662
0.102677
0.548783
0.572535
0.633391
0.662
0.167491
0.246776
0.33926
0.662
0.662
0.662
0.00170064
0.662
0.662
0.662
0.662
0.460773
0.662
0.11864
0.662
0.662
0.662
0.662
0.0414343
0.45925
0.370472
0.160687
0.342212
0.305426
0.662
0.662
0.662
0.662
0.662
0.662
0.166832
0.662
0.135387
0.236321
0.662
0.662
0.662
0.662
0.419637
0.662
0.662
0.0088983
0.587298
0.114391
0.662
0.662
0.342589
0.662
0.662
0.189057
0.266204
0.400651
0.662
0.497813
0.125897
0.491876
0.298644
0.662
0.662
0.662
0.374986
0.588084
0.662
0.662
0.662
0.662
0.0656509
0.662
0.417127
0.662
0.662
0.662
0.662
0.662
0.662
0.662
0.112559
0.185694
0.662
0.662
0.662
0.0320699
0.662
0.662
0.449344
0.191854
0.662
0.351832
0.267887
0.330429
0.0998608
0.662
0.236158
0.662
0.463527
0.662
0.271308
0.662
0.662
0.222294
0.368239
0.662
0.662
0.662
0.168592
0.662
0.0824577
0.662
0.126504
0.662
0.249047
0.422209
0.662
0.662
0.404875
0.419947
0.0762387
0.496113
0.106494
0.662
0.19453
0.662
0.267133
0.662
0.662
0.662
0.407569
0.12197
0.662
0.662
0.662
0.662
0.0433594
0.662
0.345422
0.662
0.102393
0.662
0.232653
0.367203
0.662
0.274089
0.662
0.662
0.662
0.347671
0.531604
0.253349
0.0893835
0.414521
0.107355
0.490766
8.47035e-06
0.251173
0.662
0.0301493
0.662
0.662
0.662
0.3703
0.317578
0.044505
0.662
0.264513
0.104076
0.391447
0.105177
0.11275
0.662
0.662
0.662
0.644054
0.662
0.443838
0.662
0.111245
0.0316078
0.662
0.474392
0.662
0.662
0.374973
0.0122291
0.441049
0.662
0.0222944
0.00456747
0.00141761
0.262013
0.662
0.116369
0.662
0.662
0.403655
0.662
0.662
0.462529
0.662
0.120789
0.0279597
0.0473491
0.662
0.662
0.662
0.356423
0.0780532
0.405901
0.662
0.264125
0.662
0.662
0.662
0.240083
0.35965
0.662
0.186359
0.662
0.662
0.662
0.163749
0.335002
0.526489
0.662
0.3257
0.0373638
0.662
0.107955
0.235005
0.662
0.662
0.540771
0.662
0.662
0.340043
0.662
0.291516
0.157695
0.194911
0.662
0.662
0.662
0.662
0.453725
0.190756
0.463657
0.662
0.662
0.19533
0.662
0.662
0.662
0.19602
0.662
0.0204404
0.662
0.662
0.169872
0.239903
0.662
0.662
0.0774472
0.0971538
0.662
0.195233
0.662
0.485204
0.178483
0.454536
0.662
0.662
0.104684
0.662
0.662
0.662
0.662
0.662
0.662
0.494187
0.219209
0.295762
0.342603
0.160988
0.662
0.662
0.662
0.0561463
0.662
0.504524
0.337454
0.662
0.662
0.183938
0.333152
0.662
0.662
0.662
0.662
0.662
0.262243
0.662
0.662
0.662
0.662
0.203149
0.42442
0.662
0.109845
0.435766
0.36077
0.662
0.125523
0.662
0.399241
0.118267
0.662
0.275744
0.662
0.662
0.662
0.381011
0.203039
0.307274
0.343568
0.662
0.662
0.136725
0.362992
0.304714
0.662
0.290498
0.662
0.662
0.047664
0.662
0.0669169
0.514268
0.662
0.464254
0.393966
0.662
0.198669
0.517466
0.0597958
0.662
0.662
0.0367025
0.662
0.532252
0.144403
0.352292
0.449067
0.662
0.662
0.260988
0.662
0.131612
0.662
0.491902
0.171617
0.360953
0.662
0.662
0.0648548
0.662
0.662
0.662
0.257022
0.422481
0.662
0.662
0.662
0.662
0.662
0.28372
0.662
0.121647
0.662
0.453745
0.188147
0.662
0.0309084
0.378018
0.0296991
0.221647
0.188532
0.25186
0.0206407
0.662
0.662
0.489145
0.662
0.662
0.00896527
0.662
0.0249369
0.662
0.662
0.319332
0.662
0.0942406
0.662
0.662
0.662
0.662
0.230834
0.662
0.662
0.662
0.0569966
0.662
0.662
0.662
0.662
0.662
0.662
0.404874
0.662
0.662
0.286429
0.662
0.151559
0.662
0.220158
0.662
0.0748377
0.211904
0.662
0.662
0.662
0.662
0.315275
0.1643
0.12342
0.449285
0.662
0.334988
0.662
0.277735
0.287336
0.662
0.207129
0.261126
0.662
0.662
0.406271
0.662
0.662
0.45432
0.662
0.0164323
0.228788
