0.662
0.662
0.304716
0.401631
0.358997
0.441722
0.662
0.0057334
0.662
0.662
0.662
0.329804
0.662
0.662
0.246199
0.662
0.431285
0.662
0.60462
0.307009
0.662
0.662
0.662
0.427021
0.611376
0.281445
0.362901
0.662
0.400417
0.31487
0.662
0.662
0.662
0.662
0.183661
0.115172
0.26127
0.662
0.662
0.662
0.662
0.662
0.662
0.161727
0.662
0.662
0.662
0.662
0.224192
0.662
0.378941
0.662
0.662
0.349875
0.46983
0.662
0.662
0.662
0.662
0.211786
0.662
0.662
0.468008
0.387028
0.19361
0.121199
0.662
0.662
0.662
0.19995
0.662
0.662
0.434573
0.041623
0.135935
0.662
0.122533
0.439928
0.294947
0.662
0.046867
0.349202
0.662
0.662
0.662
0.662
0.283305
0.0533215
0.662
0.662
0.662
0.347262
0.209349
0.662
0.221284
0.662
0.306491
0.442309
0.662
0.662
0.473847
0.662
0.246456
0.0516811
0.336487
0.628982
0.355548
0.298329
0.155101
0.458407
0.0073292
0.384245
0.0993528
0.612474
0.662
0.0824922
0.662
0.662
0.662
0.0661501
0.220592
0.662
0.198258
0.662
0.662
0.628729
0.662
0.662
0.36548
0.09072
0.662
0.662
0.1047
0.255851
0.305423
0.662
0.662
0.662
0.396507
0.662
0.345099
0.662
0.179688
0.421481
0.662
0.662
0.662
0.662
0.662
0.662
0.662
0.0895695
0.662
0.662
0.662
0.0774226
0.154027
0.329843
0.105901
0.662
0.662
0.662
0.403465
0.0724546
0.109518
0.662
0.662
0.484619
0.264815
0.662
0.662
0.128188
0.662
0.445467
0.322709
0.459746
0.237834
0.462944
0.453285
0.662
0.543576
0.662
0.453833
0.318528
0.0438726
0.662
0.361984
0.256426
0.662
0.409166
0.662
0.662
0.662
0.632851
0.662
0.662
0.637063
0.662
0.662
0.364069
0.662
0.662
0.15219
0.0111915
0.104559
0.147495
0.261348
0.308903
0.662
0.53641
0.662
0.351753
0.662
0.662
0.662
0.662
0.147138
0.662
0.662
0.662
0.662
0.662
0.662
0.662
0.662
0.662
0.662
0.265214
0.662
0.340902
0.662
0.662
0.662
0.418536
0.662
0.662
0.662
0.662
0.456926
0.662
0.662
0.36894
0.662
0.662
0.512955
0.36759
0.662
0.0329709
0.0384907
0.197225
0.662
0.662
0.355335
0.662
0.0826285
0.188385
0.662
0.344322
0.662
0.662
0.662
0.662
0.105172
0.302746
0.325343
0.662
0.662
0.662
0.469692
0.0269594
0.662
0.0199965
0.310026
0.662
0.662
0.662
0.212428
0.126471
0.299764
0.662
0.42211
0.414477
0.662
0.662
0.662
0.208734
0.662
0.662
0.662
0.662
0.472897
0.405359
0.220952
0.662
0.161133
0.470946
0.314338
0.662
0.662
0.662
0.662
0.0837161
0.662
0.403407
0.662
0.662
0.662
0.662
0.662
0.662
0.662
0.396243
0.586344
0.115223
0.0620837
0.163918
0.662
0.662
0.662
0.30206
0.322286
0.422075
0.0521239
0.21032
0.662
0.435838
0.662
0.132935
0.662
0.139005
0.662
0.662
0.472056
0.319287
0.662
0.662
0.594436
0.662
0.662
0.662
0.662
0.121781
0.273398
0.273325
0.662
0.0587495
0.662
0.662
0.482801
0.426136
0.662
0.662
0.662
0.369811
0.0395659
0.380071
0.122624
0.450848
0.0775651
0.662
0.459992
0.467158
0.448981
0.662
0.197326
0.662
0.042977
0.408338
0.662
0.206821
0.662
0.662
0.662
0.0284975
0.662
0.662
0.298069
0.662
0.662
0.662
0.662
0.187656
0.662
0.359978
0.00717288
0.662
0.662
0.662
0.661216
0.224457
0.662
0.662
0.662
0.662
0.127358
0.456919
0.662
0.662
0.662
0.17074
0.662
0.169229
0.662
0.662
0.281251
0.662
0.473259
0.363535
0.294882
0.529488
0.662
0.329569
0.429256
0.414355
0.377771
0.662
0.662
0.662
0.0772894
0.662
0.662
0.662
0.662
0.662
0.662
0.442997
0.662
0.662
0.396546
0.662
0.400396
0.47715
0.153513
0.447513
0.0634896
0.202106
0.662
0.662
0.662
0.26947
0.0554187
0.662
0.662
0.470691
0.662
0.428373
0.662
0.337885
0.185387
0.662
0.662
0.103911
0.0360528
0.662
0.170444
0.308869
0.227701
0.297777
0.662
0.12671
0.662
0.391246
0.662
0.149614
0.662
0.479847
0.662
0.662
0.151484
0.662
0.157118
0.190779
0.662
0.662
0.662
0.429626
0.662
0.259393
0.662
0.430159
0.464137
0.662
0.330474
0.00374953
0.635078
0.662
0.662
0.662
0.241973
0.383344
0.662
0.662
0.588384
0.199306
0.349554
0.531356
0.455886
0.662
0.079493
0.662
0.0359291
0.0134368
0.373763
0.364
0.662
0.193037
0.19339
0.213732
0.353337
0.662
0.662
0.662
0.453368
0.662
0.662
0.662
0.365167
0.44489
0.0617856
0.465047
0.250037
0.662
0.662
0.662
0.231408
0.374742
0.662
0.317517
0.234858
0.662
0.11066
0.416784
0.662
0.662
0.662
0.19102
0.662
0.476374
0.662
0.662
0.14172
0.662
0.21472
0.0835553
0.662
0.662
0.662
0.662
0.662
0.662
0.662
0.0164674
0.662
0.349951
0.189849
0.662
0.662
0.662
0.652835
0.662
0.566122
0.662
0.662
0.448698
0.662
0.662
0.662
0.662
0.238485
0.662
0.662
0.662
0.42119
0.414623
0.662
0.662
0.259941
0.662
0.2146
0.662
0.662
0.00708935
0.116402
0.662
0.662
0.662
0.662
0.275009
0.262284
0.396193
0.38958
0.484865
