0.413069
0.464134
0.662
0.662
0.662
0.106945
0.662
0.662
0.396951
0.662
0.662
0.180346
0.662
0.662
0.662
0.662
0.319065
0.662
0.662
0.487825
0.0987686
0.0910471
0.662
0.662
0.073582
0.662
0.662
0.662
0.662
0.0355929
0.662
0.177745
0.662
0.335977
0.662
0.163749
0.662
0.662
0.371687
0.548496
0.662
0.212576
0.0177566
0.599562
0.65993
0.219405
0.662
0.662
0.088232
0.662
0.662
0.523234
0.662
0.662
0.662
0.370147
0.502816
0.662
0.551057
0.229576
0.0224167
0.662
0.234058
0.662
0.105335
0.662
0.0238979
0.662
0.662
0.49766
0.662
0.662
0.0233701
0.662
0.662
0.662
0.662
0.23762
0.565389
0.399033
0.662
0.378181
0.662
0.662
0.0530991
0.662
0.662
0.662
0.420867
0.662
0.153819
0.317623
0.301
0.662
0.662
0.662
0.112715
0.219616
0.662
0.0360245
0.662
0.662
0.00582574
0.662
0.662
0.431573
0.662
0.123693
0.662
0.0607649
0.662
0.662
0.662
0.662
0.0470224
0.662
0.47625
0.662
0.662
0.354366
0.662
0.662
0.662
0.662
0.0760987
0.178226
0.662
0.662
0.0326609
0.287359
0.24649
0.662
0.662
0.662
0.662
0.275333
0.137396
0.662
0.395899
0.662
0.419289
0.173359
0.662
0.26225
0.207377
0.460717
0.662
0.662
0.662
0.662
0.662
0.414121
0.522262
0.0592121
0.662
0.229196
0.0214022
0.662
0.662
0.662
0.662
0.662
0.662
0.405026
0.662
0.662
0.365068
0.0746696
0.662
0.662
0.662
0.38647
0.662
0.0850442
0.556531
0.0444784
0.538564
0.0513322
0.662
0.380186
0.417746
0.117211
0.662
0.451972
0.0842266
0.662
0.43938
0.662
0.305234
0.117595
0.443888
0.662
0.662
0.662
0.662
0.284056
0.446444
0.581729
0.662
0.662
0.00952823
0.260876
0.662
0.662
0.662
0.662
0.662
0.408067
0.662
0.461975
0.321498
0.165606
0.662
0.662
0.585038
0.662
0.177906
0.662
0.662
0.392173
0.47042
0.485192
0.248971
0.00190177
0.141352
0.662
0.662
0.662
0.662
0.662
0.466583
0.662
0.291174
0.662
0.239421
0.662
0.662
0.00975707
0.662
0.662
0.234478
0.490236
0.662
0.247972
0.662
0.0991134
0.08416
0.662
0.662
0.662
0.662
0.460921
0.451127
0.304105
0.662
0.385337
0.662
0.662
0.227172
0.662
0.662
0.662
0.662
0.0773699
0.662
0.451422
0.233433
0.0839561
0.662
0.23248
0.418748
0.662
0.662
0.0475717
0.662
0.482307
0.662
0.662
0.33197
0.662
0.264732
0.662
0.662
0.662
0.148017
0.494307
0.219689
0.339328
0.662
0.662
0.132344
0.662
0.662
0.662
0.662
0.662
0.662
0.0809036
0.662
0.0963621
0.662
0.219219
0.662
0.662
0.204655
0.224791
0.235006
0.662
0.464511
0.439361
0.662
0.468685
0.662
0.247928
0.109079
0.662
0.0506222
0.00684926
0.662
0.662
0.164046
0.0752091
0.378424
0.0704244
0.662
0.267904
0.248458
0.391234
0.035043
0.497124
0.464918
0.662
0.178015
0.662
0.471856
0.367484
0.363088
0.662
0.662
0.662
0.227657
0.407795
0.662
0.210939
0.255009
0.306309
0.163998
0.662
0.662
0.232982
0.548155
0.662
0.662
0.662
0.277757
0.662
0.440187
0.25403
0.506258
0.662
0.235432
0.662
0.233318
0.494404
0.662
0.662
0.271468
0.662
0.662
0.662
0.662
0.662
0.264086
0.662
0.18498
0.294665
0.19549
0.662
0.411055
0.297292
0.662
0.272808
0.662
0.662
0.662
0.662
0.0160146
0.662
0.54103
0.662
0.662
0.662
0.486137
0.306452
0.662
0.629763
0.326984
0.662
0.662
0.17038
0.0649649
0.462
0.662
0.662
0.662
0.662
0.662
0.403529
0.348488
0.0160171
0.0705483
0.143609
0.0429701
0.662
0.442188
0.662
0.0902053
0.473515
0.138216
0.662
0.353904
0.662
0.00217339
0.662
0.662
0.506148
0.662
0.121051
0.272478
0.662
0.455179
0.662
0.662
0.662
0.534627
0.662
0.662
0.227246
0.285901
0.662
0.662
0.0962943
0.161734
0.220715
0.460846
0.00552071
0.297861
0.662
0.202937
0.662
0.268889
0.662
0.662
0.0675478
0.662
0.662
0.662
0.662
0.662
0.662
0.299955
0.473111
0.662
0.351234
0.662
0.232663
0.662
0.662
0.662
0.662
0.105625
0.380666
0.442357
0.0698143
0.662
0.170642
0.359867
0.457296
0.36653
0.541131
0.662
0.223023
0.662
0.447833
0.249732
0.357821
0.388467
0.100695
0.662
0.0962819
0.662
0.662
0.327789
0.653814
0.662
0.662
0.137547
0.150416
0.662
0.373688
0.443343
0.662
0.370105
0.396274
0.111267
0.662
0.662
0.355002
0.662
0.662
0.037622
0.662
0.194431
0.17358
0.662
0.498034
0.662
0.662
0.253525
0.358086
0.164411
