0.662
0.314542
0.662
0.662
0.49378
0.382737
0.662
0.327731
0.662
0.047388
0.219362
0.662
0.204783
0.662
0.0620179
0.43733
0.662
0.434678
0.662
0.17244
0.24489
0.389234
0.662
0.0629234
0.315036
0.216986
0.396695
0.662
0.214085
0.325735
0.209779
0.662
0.470159
0.190318
0.213949
0.444436
0.662
0.662
0.218438
0.662
0.662
0.662
0.432044
0.662
0.284956
0.411641
0.662
0.471784
0.0190815
0.662
0.662
0.662
0.519238
0.662
0.662
0.662
0.371631
0.662
0.314983
0.418314
0.110034
0.395863
0.0327699
0.662
0.194494
0.0291377
0.01658
0.0425362
0.274374
0.662
0.662
0.0528098
0.662
0.662
0.367756
0.314546
0.574999
0.662
0.264012
0.337433
0.662
0.662
0.662
0.0872707
0.326732
0.121361
0.461987
0.662
0.160841
0.559024
0.662
0.662
0.163749
0.662
0.343402
0.662
0.662
0.0203427
0.373623
0.0399797
0.662
0.662
0.662
0.204848
0.662
0.662
0.477591
0.230486
0.228551
0.477258
0.662
0.331214
0.564562
0.662
0.192333
0.210448
0.662
0.12139
0.662
0.570359
0.415317
0.662
0.0949238
0.662
0.13026
0.662
0.253696
0.662
0.13481
0.0882864
0.662
0.0172088
0.223987
0.662
0.255878
0.185598
0.662
0.329097
0.2049
0.662
0.23253
0.284063
0.26115
0.662
0.662
0.433506
0.386887
0.662
0.662
0.662
0.662
0.306502
0.662
0.662
0.662
0.662
0.261204
0.662
0.662
0.662
0.433723
0.0610294
0.662
0.662
0.662
0.662
0.662
0.662
0.662
0.0274085
0.312075
0.434037
0.125968
0.0534752
0.246945
0.662
0.148725
0.662
0.662
0.0233382
0.368
0.662
0.0799449
0.204393
0.662
0.387372
0.662
0.160687
0.662
0.557002
0.461222
0.0482927
0.41957
0.662
0.422292
0.44329
0.132581
0.662
0.662
0.662
0.495649
0.142482
0.578469
0.662
0.662
0.543584
0.662
0.662
0.423942
0.662
0.662
0.662
0.662
0.407595
0.662
0.662
0.272369
0.662
0.263122
0.0791626
0.662
0.662
0.662
0.450583
0.662
0.662
0.662
0.259629
0.662
0.662
0.662
0.662
0.662
0.384338
0.662
0.400024
0.0110189
0.662
0.662
0.662
0.469272
0.662
0.662
0.346284
0.662
0.254248
0.0520173
0.662
0.517023
0.662
0.265716
0.313779
0.241528
0.272724
0.420475
0.662
0.37147
0.662
0.662
0.662
0.662
0.662
0.662
0.662
0.427242
0.340403
0.388024
0.0137755
0.662
0.662
0.662
0.255917
0.452542
0.662
0.662
0.035471
0.102718
0.662
0.662
0.662
0.662
0.43058
0.662
0.372737
0.21959
0.582817
0.662
0.257126
0.662
0.662
0.662
0.422097
0.160854
0.399786
0.336573
0.0717989
0.662
0.662
0.662
0.662
0.0853234
0.403234
0.314309
0.662
0.662
0.662
0.662
0.662
0.397027
0.411822
0.142932
0.662
0.662
0.662
0.0204522
0.108123
0.368425
0.662
0.662
0.357331
0.344113
0.662
0.471461
0.380959
0.662
0.662
0.662
0.662
0.190965
0.314682
0.662
0.215564
0.662
0.532882
0.366618
0.662
0.465639
0.662
0.662
0.662
0.662
0.204729
0.366303
0.446928
0.662
0.0880276
0.662
0.341806
0.662
0.662
0.251487
0.662
0.662
0.16397
0.662
0.0448968
0.662
0.386397
0.431434
0.662
0.662
0.104402
0.662
0.662
0.369604
0.662
0.662
0.662
0.0802918
0.32043
0.662
0.447884
0.662
0.0597638
0.198061
0.321796
0.662
0.662
0.662
0.191276
0.0473361
0.662
0.298092
0.220245
0.662
0.200312
0.662
0.662
0.0185534
0.00257318
0.662
0.491026
0.662
0.355991
0.400651
0.459074
0.662
0.370642
0.0164323
0.250403
0.0842472
0.662
0.183043
0.662
0.478753
0.194208
0.662
0.662
0.00183982
0.662
0.662
0.15813
0.103442
0.662
0.662
0.0264617
0.262443
0.662
0.662
0.662
0.446312
0.662
0.385241
0.662
0.17689
0.474617
0.662
0.662
0.662
0.662
0.271389
0.218299
0.215148
0.0533849
0.54832
0.662
0.427347
0.28946
0.275177
0.662
0.662
0.662
0.302236
0.662
0.662
0.437682
0.3493
0.373024
0.230335
0.19412
0.218162
0.662
0.662
0.072671
0.240205
0.662
0.662
0.389411
0.0566216
0.662
0.662
0.378284
0.662
0.662
0.662
0.662
0.662
0.269597
0.662
0.0565169
0.662
0.0942406
0.444296
0.340821
0.662
0.662
0.662
0.662
0.662
0.662
0.662
0.0596816
0.312261
0.662
0.443552
0.335008
0.662
0.662
0.662
0.662
0.592846
0.134749
0.662
0.662
0.438336
0.662
0.662
0.000222415
0.662
0.662
0.22354
0.165191
0.536576
0.662
0.435957
0.228211
0.662
0.494193
0.438584
0.662
0.0516301
0.352272
0.544342
0.662
0.662
0.662
0.50896
0.662
0.662
0.152881
0.0665605
0.662
0.356042
0.433334
0.138143
0.382324
0.329513
0.662
0.662
0.662
0.272835
0.662
0.234961
0.154835
0.662
0.662
0.0125539
0.662
0.662
0.662
0.349327
0.662
0.172799
0.462698
0.662
0.662
0.662
0.662
0.662
0.662
0.432633
0.662
0.662
0.662
0.662
0.187328
0.227874
0.662
0.662
0.30607
0.662
0.405106
0.662
0.662
0.662
0.243197
0.662
0.168124
0.662
0.299222
0.662
0.662
0.135122
0.520123
0.662
0.662
0.662
0.662
0.662
0.293246
0.0731013
0.406104
0.244306
0.662
0.662
0.662
0.662
0.662
0.138589
0.662
0.662
0.662
0.662
0.662
0.448637
0.662
