0.662
0.662
0.662
0.268701
0.396951
0.273872
0.662
0.662
0.451972
0.0850442
0.112715
0.326984
0.482307
0.662
0.662
0.662
0.268889
0.662
0.0224167
0.662
0.0233701
0.662
0.380186
0.449817
0.662
0.662
0.134903
0.348488
0.662
0.255009
0.662
0.662
0.662
0.662
0.207377
0.662
0.317028
0.0238979
0.485192
0.464511
0.662
0.662
0.662
0.247972
0.662
0.267904
0.662
0.662
0.662
0.25403
0.662
0.325606
0.0177566
0.420867
0.0656005
0.260876
0.0962943
0.662
0.662
0.662
0.662
0.662
0.662
0.662
0.662
0.662
0.662
0.662
0.451422
0.662
0.298805
0.378181
0.662
0.271468
0.662
0.239421
0.662
0.0746696
0.551057
0.662
0.148017
0.662
0.497124
0.662
0.402816
0.662
0.662
0.180346
0.47625
0.403529
0.037622
0.662
0.662
0.305234
0.662
0.378903
0.662
0.0160171
0.662
0.662
0.00190177
0.460921
0.662
0.662
0.391234
0.490236
0.662
0.662
0.662
0.228458
0.662
0.498034
0.494307
0.370147
0.165606
0.232395
0.662
0.442357
0.662
0.0360245
0.177906
0.219689
0.662
0.662
0.662
0.235432
0.19549
0.662
0.662
0.565389
0.662
0.396274
0.662
0.662
0.662
0.662
0.662
0.301
0.270774
0.315633
0.266572
0.662
0.662
0.662
0.191801
0.380666
0.662
0.219616
0.65993
0.457296
0.662
0.447833
0.662
0.662
0.407795
0.662
0.317623
0.0809036
0.662
0.662
0.662
0.17358
0.662
0.466583
0.462
0.0214022
0.662
0.662
0.460717
0.662
0.662
0.662
0.443343
0.662
0.662
0.00684926
0.227172
0.415627
0.49766
0.662
0.0160146
0.391104
0.137547
0.0842266
0.662
0.662
0.388467
0.461975
0.088232
0.184778
0.662
0.662
0.442188
0.109079
0.662
0.662
0.662
0.662
0.0326609
0.662
0.541131
0.249732
0.0429701
0.662
0.0513322
0.662
0.662
0.662
0.194431
0.195502
0.662
0.224791
0.395899
0.662
0.662
0.227657
0.178015
0.662
0.662
0.662
0.662
0.662
0.662
0.662
0.304105
0.0649649
0.439361
0.137396
0.662
0.178226
0.210939
0.662
0.285901
0.662
0.662
0.662
0.204655
0.662
0.662
0.377499
0.662
0.123693
0.272478
0.378424
0.662
0.236648
0.662
0.662
0.581729
0.662
0.20451
0.517662
0.662
0.54103
0.385337
0.662
0.035043
0.414121
0.506258
0.662
0.662
0.662
0.191401
0.662
0.662
0.0444784
0.662
0.0470224
0.662
0.662
0.299955
0.534627
0.662
0.662
0.486137
0.662
0.473111
0.662
0.306309
0.272808
0.662
0.662
0.137667
0.662
0.662
0.662
0.556531
0.662
0.662
0.662
0.291174
0.0705483
0.662
0.662
0.08416
0.00952823
0.662
0.662
0.662
0.0760987
0.455179
0.111267
0.662
0.662
0.662
0.460846
0.662
0.662
0.599562
0.662
0.523234
0.662
0.173359
0.662
0.662
0.0274796
0.662
0.662
0.0839561
0.491909
0.351234
0.662
0.662
0.397698
0.662
0.662
0.502082
0.160547
0.371687
0.39228
0.662
0.100695
0.0475717
0.662
0.233433
0.662
0.363088
0.662
0.473515
0.662
0.23248
0.247928
0.164046
0.662
0.443888
0.471856
0.399033
0.662
0.234478
0.662
0.105625
0.38647
0.319065
0.662
0.405026
0.522262
0.662
0.662
0.662
0.662
0.0752091
0.662
0.138216
0.653814
0.108991
0.264086
0.662
0.548155
0.309272
0.103912
0.335977
0.662
0.662
0.662
0.662
0.586644
0.0675478
0.293655
0.132344
0.662
0.233318
0.662
0.662
0.662
0.227246
0.662
0.662
0.365068
0.451127
0.234058
0.662
0.0607649
0.121051
0.662
0.354366
0.487825
0.662
0.0773699
0.29437
0.662
0.0355929
0.662
0.662
0.662
0.662
0.105335
0.431573
0.662
0.106945
0.261146
0.662
0.47042
0.662
0.17038
0.662
0.0963621
0.662
0.297292
0.662
0.662
0.36653
0.662
0.277757
0.662
0.117595
0.0506222
0.662
0.662
0.548496
0.143609
0.662
0.219219
0.662
0.662
0.662
0.662
0.662
0.0354693
0.662
0.662
0.662
0.662
0.161734
0.662
0.662
0.662
0.662
0.299834
0.43938
0.662
0.662
0.177745
0.662
0.662
0.662
0.662
0.153819
0.417746
0.662
0.281326
0.275333
0.662
0.164411
0.662
0.284056
0.662
0.662
0.339328
0.662
0.662
0.42571
0.163749
0.418748
0.428197
0.408067
0.662
0.353904
0.662
0.357821
0.662
0.150416
0.358086
0.327789
0.662
0.662
0.42692
0.662
0.410553
0.202937
0.0962819
0.662
0.163998
0.662
0.519437
0.468685
0.662
0.662
0.306452
0.373688
0.370105
0.662
0.662
0.662
0.662
0.327126
0.26225
0.662
0.219405
0.0987686
0.00582574
0.0902053
0.662
0.464918
0.24649
0.402316
0.662
0.662
0.294665
0.662
0.662
0.253525
