0.463893
0.662
0.662
0.213574
0.453638
0.662
0.213599
0.662
0.662
0.662
0.662
0.0592121
0.23328
0.42025
0.662
0.662
0.476602
0.662
0.378286
0.662
0.662
0.417746
0.26225
0.662
0.662
0.245092
0.662
0.00190177
0.367484
0.389411
0.00552071
0.662
0.662
0.136712
0.285591
0.662
0.541131
0.47625
0.311795
0.337045
0.662
0.662
0.662
0.662
0.662
0.548155
0.662
0.318332
0.662
0.0829035
0.233501
0.662
0.328957
0.301317
0.0170764
0.662
0.204655
0.182941
0.367598
0.471856
0.393819
0.155311
0.428105
0.662
0.305234
0.662
0.662
0.662
0.662
0.662
0.327789
0.662
0.504677
0.311163
0.662
0.662
0.00952823
0.662
0.469189
0.662
0.1026
0.0892
0.662
0.0360245
0.662
0.398348
0.349862
0.178015
0.509195
0.662
0.662
0.164411
0.662
0.662
0.662
0.403529
0.662
0.238065
0.65993
0.662
0.662
0.662
0.00684926
0.109079
0.662
0.388122
0.217674
0.662
0.264645
0.662
0.272478
0.0850442
0.662
0.0752091
0.552599
0.329133
0.238581
0.137547
0.233433
0.662
0.662
0.284056
0.662
0.662
0.273536
0.662
0.132109
0.234058
0.662
0.300886
0.662
0.662
0.272956
0.18575
0.662
0.247972
0.662
0.227246
0.374485
0.662
0.346884
0.0801103
0.662
0.127526
0.156303
0.443888
0.662
0.662
0.662
0.111557
0.662
0.662
0.419091
0.662
0.662
0.357821
0.473515
0.275333
0.662
0.662
0.662
0.662
0.662
0.25403
0.662
0.662
0.662
0.314632
0.662
0.662
0.662
0.361526
0.662
0.0661151
0.662
0.662
0.662
0.401288
0.662
0.662
0.371687
0.662
0.662
0.662
0.662
0.378424
0.662
0.662
0.28535
0.486137
0.662
0.662
0.662
0.399033
0.385337
0.662
0.662
0.662
0.0796014
0.63339
0.662
0.54028
0.662
0.117595
0.371494
0.662
0.662
0.505064
0.277016
0.662
0.662
0.662
0.662
0.50276
0.28438
0.247928
0.177745
0.662
0.662
0.247393
0.473111
0.662
0.0839561
0.0895323
0.662
0.662
0.662
0.100695
0.434587
0.662
0.662
0.175224
0.440187
0.662
0.662
0.123693
0.662
0.447716
0.662
0.105335
0.338823
0.662
0.506258
0.00450742
0.662
0.573698
0.662
0.662
0.662
0.662
0.662
0.214416
0.577295
0.662
0.662
0.0903128
0.662
0.244425
0.0658523
0.365068
0.662
0.0224167
0.662
0.170266
0.662
0.662
0.662
0.459483
0.662
0.302938
0.204307
0.352888
0.662
0.662
0.662
0.0453807
0.343669
0.299955
0.0722957
0.662
0.662
0.662
0.662
0.662
0.219616
0.425818
0.0326609
0.662
0.164765
0.662
0.219689
0.523914
0.259044
0.120943
0.317623
0.662
0.517293
0.662
0.662
0.662
0.662
0.662
0.662
0.662
0.232134
0.23248
0.035043
0.662
0.269731
0.460846
0.662
0.662
0.662
0.36653
0.201587
0.662
0.662
0.0141648
0.462
0.164276
0.662
0.207854
0.289037
0.35156
0.00745581
0.252272
0.662
0.662
0.0238979
0.662
0.0696984
0.662
0.177837
0.249732
0.662
0.439361
0.662
0.150351
0.662
0.0667174
0.662
0.662
0.321934
0.276929
0.361712
0.0610273
0.490236
0.411055
0.185351
0.229196
0.662
0.287359
0.396951
0.131208
0.662
0.662
0.662
0.36813
0.435206
0.416116
0.287187
0.312746
0.223023
0.141703
0.120741
0.662
0.380186
0.219405
0.662
0.662
0.662
0.662
0.261976
0.662
0.662
0.662
0.662
0.213157
0.662
0.393053
0.662
0.662
0.163998
0.662
0.662
0.280164
0.662
0.464134
0.319115
0.662
0.0902053
0.662
0.207377
0.00975707
0.18505
0.515824
0.662
0.662
0.457296
0.662
0.662
0.662
0.662
0.260803
0.662
0.662
0.662
0.439661
0.662
0.662
0.112715
0.662
0.419289
0.450461
0.164046
0.0777924
0.662
0.246295
0.662
0.358244
0.662
0.148017
0.0705483
0.370105
0.464918
0.662
0.662
0.662
0.22848
0.0373131
0.662
0.224295
0.662
0.161318
0.662
0.662
0.297942
0.662
0.662
0.662
0.0971491
0.306452
0.662
0.311869
0.344589
0.137667
0.662
0.0429701
0.662
0.471986
0.662
0.507185
0.662
0.662
0.662
0.662
0.662
0.662
0.662
0.662
0.167844
0.662
0.662
0.354366
0.522262
0.662
0.662
0.662
0.662
0.138741
0.662
0.58111
0.2006
0.395899
0.662
0.662
0.662
0.662
0.18625
0.662
0.662
0.326984
0.485192
0.286988
0.662
0.662
0.454848
0.562897
0.232639
0.638403
0.662
0.162559
0.662
0.662
0.662
0.322276
0.497124
0.0654933
0.662
0.392173
0.662
0.177906
0.271468
0.233318
0.662
0.368627
0.662
0.662
0.471737
0.662
0.476323
0.13802
0.662
0.117211
0.662
0.581729
0.662
0.0406238
0.466227
0.662
0.0584853
0.185675
0.468685
0.662
0.301
0.662
