0.662
0.228551
0.662
0.662
0.450583
0.662
0.132832
0.270907
0.346415
0.0648222
0.519238
0.662
0.369485
0.662
0.220245
0.346418
0.0964887
0.662
0.662
0.662
0.40641
0.185317
0.662
0.662
0.662
0.30607
0.274707
0.223987
0.662
0.662
0.364404
0.149958
0.662
0.241528
0.341806
0.662
0.465639
0.293448
0.470159
0.662
0.384154
0.37147
0.135122
0.329513
0.297151
0.662
0.252345
0.662
0.662
0.662
0.432646
0.559024
0.662
0.662
0.43058
0.631851
0.272835
0.662
0.662
0.662
0.372781
0.16397
0.662
0.662
0.662
0.255878
0.662
0.662
0.662
0.662
0.662
0.471461
0.411822
0.662
0.662
0.662
0.662
0.662
0.662
0.662
0.662
0.340821
0.662
0.662
0.482057
0.662
0.263948
0.662
0.662
0.434037
0.662
0.141236
0.464297
0.373024
0.662
0.662
0.662
0.662
0.662
0.284063
0.286725
0.0203427
0.269597
0.0291377
0.45083
0.662
0.662
0.662
0.417833
0.662
0.662
0.443838
0.662
0.662
0.662
0.662
0.47462
0.662
0.662
0.662
0.27634
0.23253
0.662
0.662
0.662
0.168452
0.388024
0.31564
0.180067
0.326732
0.0565169
0.264012
0.662
0.662
0.662
0.662
0.32043
0.662
0.0482927
0.205967
0.431434
0.662
0.166473
0.501401
0.662
0.0695538
0.662
0.387998
0.386887
0.662
0.662
0.0842472
0.0327874
0.367068
0.662
0.662
0.662
0.662
0.256101
0.217355
0.662
0.0942406
0.662
0.662
0.570359
0.662
0.662
0.366457
0.662
0.662
0.114049
0.411641
0.662
0.198061
0.662
0.662
0.447884
0.0933444
0.0125539
0.662
0.662
0.336573
0.662
0.110034
0.378284
0.348746
0.662
0.662
0.0596816
0.662
0.662
0.662
0.662
0.439423
0.662
0.408213
0.437682
0.63339
0.0937051
0.141179
0.662
0.662
0.0782511
0.662
0.662
0.662
0.662
0.438336
0.662
0.662
0.662
0.662
0.662
0.662
0.2049
0.662
0.662
0.13026
0.557002
0.0323548
0.662
0.279199
0.494193
0.662
0.0528098
0.293246
0.434678
0.662
0.0533849
0.213949
0.662
0.662
0.364621
0.160854
0.381769
0.662
0.352827
0.199055
0.0391678
0.662
0.427242
0.662
0.0110189
0.662
0.662
0.215564
0.284956
0.662
0.662
0.662
0.0620179
0.662
0.662
0.662
0.0363631
0.662
0.0534752
0.25889
0.48068
0.662
0.662
0.662
0.185284
0.261204
0.0780312
0.0399797
0.662
0.386397
0.0062482
0.662
0.356042
0.355389
0.662
0.243197
0.228211
0.176612
0.380959
0.459074
0.662
0.662
0.662
0.28946
0.662
0.662
0.0780959
0.662
0.154835
0.0385275
0.662
0.543584
0.662
0.662
0.662
0.344113
0.662
0.662
0.662
0.00727476
0.433506
0.662
0.57761
0.312261
0.662
0.662
0.662
0.459886
0.662
0.101158
0.0977164
0.484465
0.389479
0.167206
0.662
0.0264617
0.210261
0.662
0.662
0.385241
0.408748
0.024418
0.367756
0.662
0.312075
0.662
0.662
0.662
0.357331
0.662
0.662
0.662
0.662
0.662
0.0800953
0.662
0.259629
0.203875
0.0327699
0.165191
0.662
0.662
0.662
0.662
0.387372
0.662
0.662
0.218299
0.00257318
0.662
0.662
0.125968
0.574999
0.662
0.662
0.103154
0.248167
0.662
0.00556778
0.662
0.000222415
0.662
0.360205
0.662
0.168124
0.662
0.662
0.0566216
0.662
0.662
0.662
0.662
0.662
0.662
0.204729
0.662
0.662
0.17244
0.662
0.662
0.662
0.333603
0.112123
0.0204522
0.662
0.474617
0.2024
0.662
0.662
0.662
0.662
0.432633
0.276144
0.00963307
0.424746
0.163749
0.662
0.0610294
0.265716
0.662
0.662
0.662
0.395863
0.417975
0.418314
0.46906
0.420475
0.662
0.662
0.592846
0.407595
0.148725
0.662
0.662
0.662
0.662
0.287947
0.185841
0.191273
0.446312
0.138589
0.295992
0.662
0.662
0.662
0.662
0.443552
0.135245
0.662
0.191253
0.434747
0.314682
0.0448968
0.314546
0.38635
0.662
0.104402
0.382737
0.331214
0.662
0.371631
0.313299
0.662
0.0190815
0.662
0.662
0.461116
0.418741
0.662
0.662
0.662
0.662
0.662
0.662
0.662
0.274374
0.662
0.194208
0.662
0.143876
0.109845
0.662
0.188161
0.124074
0.662
0.142932
0.402887
0.662
0.306854
0.662
0.662
0.182028
0.17689
0.662
0.200312
0.662
0.662
0.0206581
0.662
0.662
0.662
0.662
0.0306658
0.662
0.662
0.0114436
0.185598
0.0792497
0.190965
0.112387
0.478753
0.449285
0.120179
0.26115
0.441344
0.373588
0.159869
0.662
0.662
0.136887
0.165027
0.662
0.662
0.321796
0.662
0.152881
0.662
0.415317
0.355991
0.662
0.662
0.54832
0.662
0.662
0.320754
0.132581
0.0880276
0.208524
0.662
0.189463
0.662
0.662
0.194494
0.662
0.402159
0.329097
0.662
0.662
0.532882
0.192333
0.662
0.299222
0.662
0.662
0.304107
0.204783
0.314309
0.662
0.358481
0.3493
0.350195
0.662
0.208855
0.221077
0.315036
0.477591
0.662
0.662
0.662
0.662
0.369098
0.339044
0.662
0.662
0.102718
0.0872707
0.22112
0.662
0.662
0.30265
0.160841
0.400651
0.475983
0.662
0.662
0.662
0.662
0.349327
0.0704723
0.397693
0.662
0.662
0.0289328
0.520123
0.215148
0.428603
0.662
0.435957
0.22354
0.662
0.662
0.419805
0.13481
0.662
0.0164323
0.361348
0.662
0.662
0.461222
0.0394503
0.376051
0.106467
0.662
0.458242
0.662
0.448637
0.172799
0.335008
0.662
0.662
0.662
0.251487
0.662
0.397027
0.662
0.662
0.491026
0.662
0.662
