0.662
0.662
0.424491
0.0222613
0.457323
0.662
0.242536
0.114483
0.662
0.482084
0.207964
0.278751
0.662
0.662
0.0847521
0.662
0.0935351
0.305139
0.662
0.293844
0.254331
0.362513
0.662
0.292446
0.662
0.0487843
0.332863
0.662
0.325357
0.662
0.662
0.662
0.662
0.313643
0.662
0.536351
0.662
0.261211
0.0165199
0.0790668
0.662
0.662
0.662
0.290074
0.0314122
0.662
0.375543
0.208257
0.456227
0.22657
0.662
0.257563
0.445712
0.662
0.229747
0.286186
0.0800798
0.662
0.109661
0.467486
0.32157
0.662
0.662
0.662
0.236185
0.662
0.662
0.662
0.662
0.0676105
0.436041
0.11523
0.662
0.482633
0.334138
0.662
0.354852
0.468213
0.139796
0.489092
0.441478
0.662
0.543886
0.296456
0.463961
0.444063
0.662
0.662
0.565037
0.232535
0.22573
0.662
0.662
0.662
0.369136
0.184792
0.662
0.662
0.171018
0.662
0.26626
0.489348
0.633694
0.436581
0.2453
0.662
0.662
0.662
0.0443594
0.662
0.254649
0.310434
0.341557
0.662
0.662
0.662
0.267055
0.662
0.252201
0.419499
0.662
0.662
0.161973
0.662
0.662
0.13205
0.662
0.662
0.152681
0.662
0.662
0.376869
0.662
0.662
0.662
0.463999
0.662
0.639253
0.662
0.662
0.243991
0.662
0.662
0.361653
0.136135
0.662
0.662
0.662
0.662
0.492556
0.618436
0.203979
0.662
0.662
0.662
0.113141
0.662
0.662
0.451972
0.662
0.196777
0.662
0.198728
0.51214
0.196424
0.662
0.334996
0.662
0.347116
0.662
0.399016
0.464785
0.119648
0.472435
0.662
0.12951
0.662
0.662
0.662
0.662
0.135152
0.275549
0.23191
0.428253
0.468096
0.463495
0.662
0.0117729
0.315472
0.102289
0.459772
0.662
0.262866
0.662
0.602245
0.662
0.662
0.662
0.0747061
0.318808
0.341384
0.245156
0.662
0.470254
0.135464
0.443666
0.662
0.114847
0.378338
0.254211
0.0905169
0.662
0.224636
0.662
0.0282132
0.0985319
0.662
0.662
0.145717
0.0274085
0.662
0.662
0.662
0.662
0.0423778
0.662
0.243287
0.310116
0.449294
0.389677
0.662
0.662
0.662
0.0696988
0.197399
0.662
0.0836771
0.396751
0.228461
0.662
0.662
0.662
0.662
0.662
0.662
0.394644
0.402905
0.662
0.434054
0.662
0.480658
0.662
0.431607
0.662
0.662
0.169455
0.662
0.131467
0.0704485
0.421168
0.238079
0.662
0.185627
0.662
0.662
0.217357
0.465162
0.662
0.662
0.662
0.662
0.0504749
0.332878
0.662
0.290956
0.368977
0.0977815
0.155809
0.662
0.0252817
0.191024
0.477619
0.0519304
0.662
0.323096
0.662
0.662
0.346357
0.662
0.662
0.583538
0.406432
0.662
0.43543
0.367733
0.473049
0.662
0.662
0.662
0.210735
0.662
0.440523
0.366887
0.662
0.0382963
0.0856715
0.662
0.662
0.662
0.662
0.0833991
0.662
0.662
0.229194
0.662
0.662
0.662
0.662
0.651737
0.662
0.662
0.662
0.662
0.26076
0.662
0.11108
0.662
0.662
0.316763
0.662
0.662
0.39881
0.235
0.000720668
0.662
0.662
0.662
0.539609
0.246427
0.662
0.662
0.132683
0.662
0.662
0.299239
0.662
0.662
0.662
0.314449
0.662
0.662
0.0714911
0.0200786
