0.662
0.662
0.0934665
0.662
0.594451
0.361984
0.0580271
0.662
0.662
0.261167
0.310472
0.416451
0.0682169
0.470946
0.0183178
0.385571
0.041623
0.17597
0.20804
0.662
0.662
0.569134
0.662
0.662
0.187369
0.157118
0.220624
0.662
0.202542
0.662
0.662
0.662
0.662
0.199882
0.662
0.662
0.453697
0.662
0.298069
0.662
0.021115
0.662
0.662
0.181835
0.662
0.0667683
0.459992
0.183873
0.510525
0.198258
0.28726
0.364
0.662
0.662
0.0835489
0.374742
0.414623
0.662
0.472056
0.0481513
0.662
0.00869347
0.662
0.662
0.662
0.662
0.662
0.662
0.331502
0.662
0.179688
0.346147
0.662
0.662
0.662
0.134235
0.407918
0.0635774
0.662
0.662
0.383344
0.662
0.208395
0.662
0.387139
0.0294522
0.0111915
0.0329709
0.662
0.481867
0.662
0.441722
0.233039
0.373763
0.662
0.662
0.662
0.662
0.306491
0.662
0.345099
0.0395659
0.662
0.408338
0.662
0.662
0.662
0.545859
0.557128
0.442309
0.662
0.382789
0.662
0.662
0.422075
0.662
0.662
0.662
0.391246
0.203745
0.503714
0.662
0.662
0.662
0.662
0.662
0.155101
0.662
0.416784
0.178034
0.474558
0.662
0.533577
0.662
0.28306
0.662
0.662
0.212428
0.662
0.662
0.662
0.169304
0.662
0.396507
0.662
0.662
0.478936
0.662
0.662
0.662
0.662
0.396243
0.365167
0.662
0.147138
0.302746
0.662
0.153513
0.322074
0.662
0.662
0.048993
0.662
0.662
0.662
0.662
0.662
0.349528
0.662
0.662
0.369811
0.0774226
0.298109
0.132935
0.662
0.662
0.662
0.40419
0.28081
0.662
0.662
0.662
0.0359291
0.662
0.167765
0.176846
0.662
0.662
0.336487
0.662
0.662
0.662
0.249331
0.298329
0.47715
0.662
0.662
0.161889
0.166678
0.662
0.662
0.662
0.662
0.662
0.662
0.662
0.662
0.662
0.224192
0.662
0.195526
0.429626
0.662
0.0533455
0.588384
0.662
0.662
0.662
0.662
0.662
0.439928
0.0634286
0.662
0.662
0.662
0.19102
0.662
0.12819
0.0761214
0.116402
0.662
0.662
0.482801
0.662
0.662
0.242005
0.046867
0.662
0.662
0.661216
0.662
0.0835553
0.662
0.487262
0.158504
0.662
0.190943
0.280818
0.147495
0.662
0.662
0.662
0.0772894
0.476374
0.363535
0.662
0.213124
0.662
0.662
0.263441
0.662
0.662
0.238479
0.662
0.662
0.357774
0.21472
0.0284975
0.36828
0.662
0.662
0.662
0.662
0.329843
0.662
0.662
0.662
0.469374
0.355335
0.468008
0.662
0.0679187
0.662
0.564654
0.510266
0.662
0.662
0.104266
0.662
0.199306
0.552811
0.662
0.662
0.662
0.191915
0.297777
0.662
0.0650885
0.122533
0.308903
0.403407
0.662
0.662
0.662
0.662
0.403465
0.276368
0.662
0.662
0.633391
0.662
0.662
0.662
0.284549
0.12671
0.531356
0.662
0.662
0.662
0.662
0.401401
0.662
0.392283
0.662
0.662
0.246199
0.662
0.662
0.042977
0.409251
0.662
0.259941
0.662
0.662
0.662
0.662
0.662
0.662
0.229366
0.662
0.662
0.662
0.455886
0.303701
0.105901
0.410599
0.369423
0.662
0.662
0.662
0.294882
0.662
0.322247
0.464137
0.662
0.662
0.439316
0.662
0.662
0.662
0.0169139
0.662
0.318528
0.662
0.230937
0.662
0.279672
0.482935
0.662
0.326327
0.662
0.662
0.57352
0.662
0.662
0.515878
0.174784
0.401631
0.359978
0.310775
0.662
0.662
0.662
0.439349
0.662
0.332807
0.662
0.662
0.662
0.351753
0.0981695
0.662
0.662
0.662
0.662
0.157322
0.27189
0.662
0.467158
0.662
0.23089
0.662
0.448981
0.662
0.662
0.472587
0.662
0.245811
0.662
0.662
0.662
0.63339
0.185387
0.662
0.453285
0.662
0.662
0.265653
0.0057334
0.662
0.662
0.421481
0.286752
0.415171
0.42734
0.662
0.662
0.662
0.662
0.662
0.662
0.30206
0.131461
0.662
0.384245
0.53641
0.662
0.662
0.177324
0.662
0.662
0.662
0.662
0.0873576
0.662
0.662
0.132118
0.335553
0.418536
0.662
0.662
0.662
0.662
0.472897
0.662
0.662
0.662
0.347262
0.241973
0.662
0.31487
0.115223
0.466266
0.122624
0.473628
0.268779
0.220592
0.0360528
0.662
0.662
0.46983
0.662
0.161133
0.358997
0.317517
0.563858
0.143024
0.148679
0.662
0.662
0.662
0.662
0.662
0.364069
0.274556
0.00374953
0.662
0.206602
0.288107
0.0634896
0.662
0.662
0.662
0.662
0.189361
0.268623
0.662
0.121781
0.662
0.662
0.42119
0.662
0.662
0.0861596
0.662
0.197738
0.662
0.662
0.0811051
0.337933
0.28333
0.15219
0.662
0.662
0.21032
0.38958
0.442997
0.662
0.662
0.662
0.662
0.153928
0.0322167
0.662
0.149614
0.635078
0.453368
0.237834
0.662
0.36894
0.662
0.637063
0.662
0.662
0.662
0.662
0.400652
0.662
0.100449
0.414477
0.09072
0.379331
0.33128
0.662
0.662
0.231408
0.462353
0.662
0.662
0.26764
0.573608
0.589685
0.0152549
0.245925
0.246574
0.662
0.662
0.384493
0.349951
0.0199965
0.662
0.662
0.275009
0.0384907
0.662
0.662
0.440333
0.337885
0.662
0.662
0.662
0.0521239
0.294947
0.662
0.00697609
0.662
0.662
0.662
0.305423
0.662
0.662
0.254827
0.193037
0.34731
0.187656
0.400396
0.662
0.662
0.662
0.594475
0.662
0.0964238
0.662
0.260051
0.662
0.662
0.662
0.334958
0.437318
