0.0412544
0.408067
0.548155
0.662
0.662
0.421354
0.466227
0.662
0.132344
0.662
0.0722957
0.662
0.0654933
0.253525
0.396274
0.565389
0.027354
0.662
0.459483
0.0892
0.373344
0.47042
0.662
0.286988
0.662
0.0752091
0.373688
0.27153
0.662
0.662
0.662
0.275333
0.662
0.662
0.00552071
0.662
0.662
0.25403
0.177906
0.662
0.543198
0.662
0.442511
0.662
0.662
0.662
0.399033
0.0326609
0.662
0.432739
0.354965
0.662
0.662
0.662
0.662
0.1813
0.509195
0.035043
0.662
0.112715
0.662
0.0360245
0.407795
0.214416
0.662
0.0827357
0.662
0.662
0.662
0.662
0.662
0.326984
0.662
0.662
0.662
0.662
0.662
0.662
0.662
0.662
0.662
0.194791
0.120368
0.1026
0.138741
0.662
0.219405
0.662
0.378181
0.401288
0.150416
0.228222
0.00190177
0.662
0.662
0.662
0.662
0.662
0.177837
0.264086
0.662
0.472356
0.233318
0.662
0.462
0.127868
0.662
0.548496
0.368627
0.439361
0.662
0.662
0.662
0.392173
0.23328
0.163998
0.662
0.163749
0.662
0.662
0.662
0.662
0.419289
0.271468
0.473515
0.420867
0.265942
0.299955
0.249732
0.662
0.283316
0.384336
0.662
0.207854
0.662
0.0649649
0.380186
0.398348
0.385337
0.662
0.65993
0.662
0.662
0.662
0.662
0.178015
0.662
0.311869
0.662
0.0848216
0.662
0.662
0.204655
0.662
0.0675478
0.662
0.662
0.662
0.662
0.197304
0.354366
0.00975707
0.662
0.13802
0.219219
0.662
0.247382
0.662
0.662
0.662
0.662
0.23508
0.662
0.662
0.244314
0.164411
0.662
0.131208
0.662
0.662
0.662
0.662
0.243964
0.662
0.662
0.418748
0.662
0.229196
0.234058
0.662
0.0429701
0.556531
0.121051
0.662
0.100695
0.662
0.662
0.662
0.662
0.662
0.0733682
0.47226
0.662
0.662
0.662
0.420013
0.662
0.164765
0.0252501
0.662
0.145102
0.662
0.662
0.662
0.389573
0.662
0.272478
0.0705483
0.425818
0.662
0.662
0.662
0.662
0.662
0.0987686
0.461208
0.186812
0.47625
0.662
0.662
0.0513322
0.219616
0.662
0.662
0.662
0.662
0.069131
0.36653
0.464134
0.662
0.662
0.662
0.0982717
0.662
0.662
0.662
0.662
0.227246
0.662
0.662
0.662
0.460064
0.662
0.219689
0.662
0.278189
0.471986
0.662
0.234478
0.662
0.391234
0.0238979
0.395899
0.088232
0.662
0.662
0.662
0.573698
0.223023
0.662
0.164046
0.662
0.662
0.662
0.662
0.117211
0.483638
0.662
0.662
0.662
0.662
0.662
0.662
0.662
0.662
0.0850442
0.106945
0.662
0.662
0.662
0.305234
0.662
0.247928
0.506258
0.388467
0.662
0.269731
0.137396
0.26225
0.662
0.194431
0.662
0.149246
0.141703
0.287359
0.662
0.662
0.120741
0.210939
0.662
0.00952823
0.662
0.148017
0.411055
0.0777924
0.457296
0.662
0.00217339
0.662
0.662
0.512279
0.403529
0.662
0.662
0.486137
0.541131
0.170642
0.00684926
0.662
0.662
0.662
0.662
0.0495768
0.517293
0.662
0.662
0.490236
0.0470224
0.653814
0.662
0.662
0.335977
0.662
0.250106
0.662
0.123693
0.662
0.662
0.247972
0.327789
0.109079
0.662
0.133884
0.363921
0.38647
0.414121
0.306452
0.428105
0.371494
0.366135
0.662
0.662
0.38967
0.662
0.284056
0.662
0.371687
0.599562
0.662
0.0475717
0.437632
0.485192
0.662
0.662
0.662
0.202059
0.164609
0.662
0.58877
0.105335
0.662
0.662
0.0374014
0.464918
0.662
0.468685
0.473111
0.494307
0.662
0.38629
0.207377
0.307175
0.434587
0.357821
0.662
0.662
0.0160146
0.662
0.662
0.0921621
0.311795
0.662
0.662
0.338823
0.662
0.475686
0.522262
0.662
0.662
0.0823095
0.662
0.417746
0.662
0.662
0.451985
0.662
0.662
0.662
0.378424
0.301
0.662
0.0842266
0.0592121
0.662
0.662
0.662
0.264645
0.662
0.302938
0.662
0.662
0.662
0.319115
0.155311
0.662
0.662
0.396951
0.662
0.238581
0.161269
0.367484
0.662
0.662
0.00391736
0.259044
0.117595
0.662
0.23248
0.662
0.662
0.662
0.177745
0.0839561
0.0406238
0.662
0.324875
0.662
0.662
0.662
0.268889
0.662
0.581729
0.0269872
0.662
0.0160171
0.410567
0.662
0.0444784
0.662
0.0315641
0.662
0.35156
0.522613
0.551057
0.662
0.0224167
0.0963621
0.134544
0.455179
0.662
0.137547
0.267904
0.662
0.662
0.662
0.662
0.244425
0.662
0.662
0.324844
0.447716
0.325783
0.662
0.460846
0.497124
0.297942
0.662
0.317623
0.248821
0.662
0.322276
0.370105
0.662
0.662
0.449457
0.471856
0.662
0.662
0.351234
0.443888
0.662
0.440187
0.662
0.662
0.233433
0.148431
0.337058
0.451972
0.235432
0.662
