0.206731
0.662
0.662
0.662
0.410913
0.282721
0.662
0.662
0.662
0.662
0.662
0.662
0.662
0.189371
0.662
0.662
0.186183
0.225178
0.662
0.0103855
0.143978
0.412167
0.0897608
0.265952
0.318041
0.453208
0.100102
0.662
0.290117
0.351122
0.662
0.662
0.662
0.279802
0.662
0.564161
0.662
0.421552
0.662
0.662
0.662
0.276793
0.304083
0.564709
0.407303
0.181496
0.662
0.0959887
0.662
0.662
0.662
0.662
0.229539
0.662
0.19492
0.662
0.266182
0.662
0.0443579
0.342455
0.662
0.212461
0.0329711
0.0461387
0.114462
0.401675
0.277142
0.382215
0.382294
0.0716935
0.0759679
0.662
0.662
0.051502
0.662
0.662
0.0799352
0.464003
0.662
0.662
0.606888
0.111075
0.114779
0.662
0.483687
0.0186045
0.0607071
0.662
0.0266948
0.662
0.294658
0.662
0.107001
0.662
0.662
0.662
0.662
0.413691
0.662
0.0987906
0.134887
0.401238
0.662
0.662
0.662
0.662
0.662
0.291111
0.496617
0.0715599
0.662
0.662
0.415384
0.657673
0.662
0.662
0.662
0.327541
0.352674
0.662
0.662
0.0910609
0.079044
0.662
0.662
0.662
0.662
0.662
0.460142
0.277817
0.662
0.102715
0.662
0.471141
0.662
0.349186
0.317065
0.0606414
0.0280525
0.428271
0.662
0.662
0.662
0.662
0.375309
0.209276
0.384462
0.662
0.662
0.54184
0.241863
0.0789143
0.0446311
0.353587
0.27163
0.662
0.127461
0.417678
0.662
0.662
0.662
0.662
0.662
0.443142
0.662
0.00667905
0.662
0.662
0.475771
0.662
0.662
0.153989
0.662
0.662
0.662
0.393143
0.390603
0.662
0.662
0.00607769
0.662
0.662
0.456256
0.232138
0.662
0.662
0.662
0.356394
0.534883
0.662
0.445781
0.197426
0.509053
0.662
0.280098
0.662
0.40708
0.662
0.394958
0.352241
0.207499
0.410492
0.662
0.116626
0.0678558
0.362865
0.662
0.0916764
0.456092
0.47465
0.662
0.125097
0.662
0.199574
0.662
0.662
0.116472
0.662
0.259192
0.17582
0.235092
0.662
0.369067
0.359113
0.662
0.662
0.165791
0.0572148
0.329583
0.662
0.449329
0.662
0.340147
0.662
0.662
0.662
0.662
0.662
0.662
0.24114
0.177028
0.662
0.662
0.106334
0.388354
0.662
0.662
0.662
0.08931
0.156752
0.336345
0.107281
0.662
0.386857
0.662
0.294026
0.162559
0.662
0.662
0.662
0.443973
0.0971289
0.662
0.662
0.662
0.662
0.341479
0.662
0.176748
0.266286
0.662
0.221133
0.250541
0.373065
0.662
0.662
0.662
0.662
0.102686
0.662
0.662
0.386291
0.372673
0.404842
0.176725
0.194106
0.37214
0.662
0.171006
0.173323
0.414991
0.662
0.662
0.205698
0.210109
0.285717
0.00275388
0.0283869
0.60469
0.662
0.204936
0.0365225
0.662
0.662
0.412296
0.164751
0.494457
0.300119
0.395651
0.323978
0.662
0.292743
0.155397
0.662
0.662
0.662
0.662
0.281749
0.662
0.662
0.269059
0.662
0.526818
0.483212
0.662
0.126326
0.188584
0.0278914
0.0523174
0.662
0.662
0.662
0.0651087
0.662
0.662
0.201976
0.662
0.475752
0.662
0.298803
0.463055
0.662
0.237781
0.182768
0.662
0.016542
0.662
0.348597
0.309644
0.431414
0.30304
0.0274581
0.556203
0.662
0.459943
0.662
0.0357872
0.117285
0.662
0.390264
0.601837
0.662
0.602672
0.0569485
0.18634
0.100105
0.459191
0.662
0.662
0.0215956
0.662
0.662
0.662
0.662
0.662
0.640739
0.662
0.37157
0.339893
0.584071
0.662
0.662
0.0713171
0.662
0.662
0.662
0.662
0.662
0.662
0.589278
0.662
0.20688
0.466201
0.435772
0.228187
0.337621
0.109379
0.521606
0.257148
0.193375
0.662
0.48507
0.662
0.662
0.662
0.662
0.662
0.215407
0.514972
0.662
0.662
0.662
0.662
0.0269164
0.385994
0.610997
0.662
0.0878773
0.662
0.12391
0.170864
0.662
0.662
0.662
0.17002
0.662
0.662
0.427501
0.662
0.198918
0.541968
0.662
0.662
0.662
0.662
0.662
0.156842
0.662
0.507043
0.662
0.662
0.662
0.610752
0.662
0.662
0.662
0.662
0.662
0.242762
0.405064
0.00818231
0.662
0.23526
0.366503
0.662
0.127546
0.555419
0.206778
0.259418
0.662
0.2309
0.650453
0.662
0.662
0.41213
0.144769
0.662
0.459649
0.326905
0.336862
