0.662
0.662
0.662
0.662
0.502429
0.0432892
0.321934
0.662
0.662
0.20985
0.662
0.434272
0.662
0.433506
0.432044
0.662
0.662
0.662
0.187328
0.0468121
0.662
0.662
0.250403
0.662
0.662
0.0825453
0.662
0.235773
0.662
0.0326609
0.662
0.0119911
0.134903
0.267179
0.662
0.350686
0.250106
0.662
0.475082
0.662
0.662
0.662
0.662
0.371631
0.451623
0.269597
0.0434428
0.662
0.160434
0.217646
0.662
0.662
0.273536
0.662
0.662
0.662
0.0987002
0.662
0.190188
0.662
0.662
0.36459
0.440831
0.243197
0.242123
0.662
0.662
0.662
0.662
0.362927
0.662
0.035706
0.662
0.662
0.662
0.662
0.662
0.662
0.159048
0.662
0.276929
0.44372
0.552599
0.662
0.662
0.662
0.662
0.232639
0.153244
0.208855
0.367808
0.450923
0.43733
0.662
0.662
0.19728
0.465106
0.219146
0.457003
0.662
0.476323
0.662
0.662
0.0137755
0.294302
0.662
0.22848
0.378286
0.662
0.30116
0.215703
0.662
0.662
0.662
0.366135
0.662
0.662
0.662
0.662
0.474617
0.166039
0.532796
0.662
0.117595
0.117712
0.662
0.655912
0.662
0.185659
0.662
0.662
0.234019
0.0508865
0.662
0.662
0.362063
0.0182128
0.662
0.662
0.662
0.371908
0.662
0.465639
0.662
0.662
0.662
0.662
0.457079
0.662
0.662
0.662
0.662
0.324777
0.662
0.662
0.319392
0.135122
0.292515
0.662
0.662
0.432633
0.662
0.318528
0.662
0.662
0.461222
0.662
0.121361
0.268459
0.662
0.662
0.0185534
0.662
0.384997
0.389878
0.662
0.662
0.0829035
0.662
0.395245
0.662
0.662
0.36813
0.400024
0.662
0.185598
0.298482
0.662
0.0363327
0.662
0.662
0.662
0.202445
0.204729
0.662
0.12609
0.322276
0.662
0.662
0.662
0.0132351
0.201587
0.662
0.463571
0.662
0.662
0.293246
0.344972
0.662
0.24831
0.391928
0.639158
0.662
0.662
0.0110189
0.662
0.662
0.662
0.662
0.342892
0.662
0.662
0.662
0.249582
0.662
0.662
0.407873
0.447884
0.2049
0.662
0.662
0.662
0.662
0.581423
0.662
0.662
0.662
0.662
0.662
0.374899
0.662
0.045141
0.662
0.662
0.662
0.662
0.0141648
0.0419058
0.129057
0.662
0.662
0.662
0.662
0.662
0.662
0.0977164
0.662
0.0425362
0.361712
0.662
0.662
0.662
0.662
0.662
0.298145
0.662
0.662
0.321492
0.662
0.662
0.662
0.662
0.356465
0.662
0.662
0.446928
0.662
0.662
0.662
0.379469
0.448637
0.662
0.192738
0.240975
0.662
0.662
0.246945
0.662
0.662
0.122708
0.662
0.403472
0.21562
0.662
0.0842472
0.351163
0.385241
0.491026
0.358814
0.662
0.662
0.662
0.36191
0.349768
0.662
0.662
0.385856
0.343402
0.662
0.044639
0.383516
0.662
0.662
0.662
0.662
0.338605
0.662
0.662
0.227874
0.662
0.662
0.202858
0.662
0.396284
0.170266
0.0203427
0.662
0.662
0.524358
0.662
0.19158
0.34985
0.662
0.662
0.0516301
0.662
0.662
0.120943
0.662
0.0610294
0.662
0.662
0.220493
0.662
0.662
0.662
0.662
0.662
0.662
0.662
0.662
0.662
0.490236
0.662
0.662
0.662
0.662
0.662
0.662
0.469306
0.272369
0.662
0.662
0.262443
0.662
0.587078
0.662
0.662
0.662
0.662
0.393667
0.662
0.662
0.352472
0.662
0.662
0.662
0.662
0.154835
0.197473
0.662
0.215564
0.662
0.293448
0.662
0.662
0.438336
0.301703
0.662
0.163998
0.662
0.152759
0.662
0.662
0.234961
0.270899
0.271121
0.495051
0.662
0.443233
0.662
0.662
0.396788
0.662
0.662
0.662
0.662
0.17244
0.662
0.241522
0.662
0.662
0.138589
0.662
0.662
0.662
0.354657
0.662
0.293416
0.107511
0.662
0.0449742
0.662
0.662
0.24489
0.465164
0.662
0.662
0.662
0.662
0.321375
0.662
0.662
0.310742
0.398348
0.662
0.662
0.662
0.662
0.215785
0.435409
0.662
0.469272
0.194902
0.662
0.211351
0.415919
0.662
0.662
0.662
0.662
0.662
0.662
0.320096
0.662
0.662
0.662
0.293211
0.0648222
0.662
0.662
0.202013
0.220828
0.662
0.0511374
0.170635
0.662
0.408343
0.662
0.408752
0.662
0.160547
0.662
0.662
0.662
0.662
0.31737
0.662
0.662
0.131208
0.662
0.662
0.411641
0.662
0.355255
0.111557
0.662
0.662
0.229196
0.237599
0.150351
0.662
0.662
0.398078
0.662
0.662
0.662
0.662
0.055294
0.662
0.662
0.287187
0.662
0.662
0.662
0.662
0.356042
0.662
0.431654
0.662
0.540949
0.0629234
0.532882
0.294668
0.201176
0.382737
0.662
0.139216
0.233318
0.103442
0.662
0.662
0.173922
0.662
0.662
0.184639
0.453365
0.267463
0.662
0.227443
0.662
0.662
0.662
0.274374
0.409655
0.102718
0.662
0.389411
0.321796
0.173777
0.286988
0.466982
0.170561
0.0213461
0.662
0.662
0.662
0.662
0.472356
0.277364
0.119745
0.662
0.662
0.0565169
0.191722
0.465069
0.662
0.188847
0.662
0.662
0.662
0.369604
0.662
0.0760987
0.140045
0.0326565
0.662
0.662
0.662
0.662
0.272956
0.389571
