0.662
0.372623
0.0634896
0.180577
0.36828
0.0329709
0.662
0.411963
0.662
0.395882
0.662
0.662
0.234123
0.662
0.662
0.662
0.33128
0.31487
0.662
0.662
0.662
0.662
0.42602
0.259941
0.662
0.662
0.497477
0.662
0.121781
0.662
0.662
0.662
0.662
0.662
0.222838
0.662
0.662
0.0788694
0.662
0.554945
0.470946
0.662
0.662
0.305423
0.662
0.662
0.0590609
0.662
0.245811
0.662
0.662
0.415171
0.662
0.662
0.662
0.187369
0.662
0.237834
0.662
0.156938
0.662
0.384245
0.662
0.63339
0.662
0.662
0.662
0.662
0.252011
0.662
0.662
0.662
0.662
0.0934665
0.662
0.662
0.662
0.20804
0.662
0.174784
0.662
0.249133
0.662
0.662
0.381228
0.662
0.662
0.662
0.662
0.662
0.662
0.414477
0.188901
0.662
0.662
0.662
0.441697
0.662
0.416451
0.662
0.662
0.662
0.331502
0.662
0.662
0.662
0.544525
0.662
0.209576
0.662
0.662
0.15219
0.662
0.662
0.662
0.662
0.332807
0.421481
0.635078
0.246362
0.662
0.662
0.662
0.358997
0.472897
0.662
0.263441
0.662
0.662
0.165511
0.662
0.662
0.373763
0.662
0.662
0.260051
0.0835489
0.303701
0.449855
0.662
0.0964238
0.403869
0.212428
0.662
0.662
0.403465
0.662
0.662
0.589685
0.662
0.565535
0.662
0.47715
0.473628
0.662
0.662
0.368288
0.662
0.397229
0.179688
0.662
0.662
0.42119
0.662
0.0861596
0.224403
0.662
0.439349
0.662
0.662
0.662
0.662
0.349563
0.662
0.662
0.662
0.046867
0.662
0.176846
0.662
0.662
0.662
0.0642687
0.662
0.662
0.392283
0.187656
0.662
0.662
0.662
0.662
0.22035
0.662
0.464137
0.254146
0.268779
0.662
0.662
0.345355
0.203745
0.662
0.662
0.662
0.662
0.6444
0.459992
0.0169139
0.363535
0.260609
0.290543
0.662
0.0566782
0.400652
0.148679
0.662
0.662
0.662
0.662
0.361984
0.246199
0.440333
0.204848
0.122533
0.662
0.442309
0.381178
0.662
0.189704
0.308903
0.634631
0.662
0.169304
0.0650885
0.042977
0.414278
0.662
0.662
0.481145
0.330929
0.662
0.155089
0.318528
0.662
0.00869347
0.302549
0.662
0.662
0.662
0.0360528
0.662
0.241973
0.482801
0.662
0.221284
0.462353
0.116402
0.662
0.00697609
0.662
0.662
0.28333
0.662
0.157322
0.358713
0.662
0.21032
0.365167
0.662
0.545859
0.662
0.484654
0.662
0.166678
0.662
0.662
0.662
0.216937
0.588384
0.662
0.184238
0.662
0.662
0.662
0.468008
0.345099
0.317517
0.662
0.662
0.662
0.387993
0.662
0.369423
0.662
0.662
0.220592
0.358717
0.662
0.662
0.662
0.662
0.662
0.349951
0.662
0.662
0.662
0.662
0.277036
0.662
0.0395659
0.0635774
0.662
0.662
0.662
0.390213
0.662
0.048993
0.662
0.46983
0.662
0.383368
0.216276
0.131461
0.662
0.662
0.662
0.662
0.662
0.662
0.662
0.662
0.662
0.662
0.662
0.662
0.28081
0.347262
0.662
0.157118
0.662
0.662
0.346147
0.662
0.662
0.662
0.662
0.662
0.181835
0.219936
0.173692
0.662
0.662
0.662
0.662
0.662
0.193037
0.662
0.662
0.662
0.326327
0.662
0.377916
0.594475
0.662
0.401631
0.0152549
0.662
0.396243
0.662
0.662
0.400396
0.0870202
0.662
0.662
0.662
0.662
0.662
0.662
0.662
0.167765
0.662
0.322247
0.337885
0.409251
0.0774226
0.278597
0.532886
0.661216
0.662
0.391246
0.662
0.662
0.662
0.662
0.662
0.662
0.63339
0.28306
0.662
0.112692
0.662
0.662
0.662
0.662
0.297777
0.662
0.662
0.662
0.662
0.662
0.0294522
0.531356
0.662
0.662
0.53641
0.36894
0.662
0.411806
0.571139
0.29405
0.410599
0.563858
0.473883
0.662
0.662
0.662
0.105901
0.217176
0.118378
0.0494764
0.09072
0.662
0.662
0.371286
0.662
0.455886
0.662
0.437318
0.662
0.140875
0.662
0.662
0.662
0.147495
0.239986
0.153928
0.662
0.30206
0.662
0.662
0.161889
0.433398
0.662
0.40419
0.441722
0.662
0.662
0.416784
0.222258
0.662
0.662
0.662
0.662
0.662
0.662
0.115223
0.382789
0.160016
0.199306
0.407918
0.294947
0.132118
0.662
0.242005
0.662
0.662
0.166121
0.662
0.50159
0.662
0.319835
0.474558
0.169455
0.135759
0.662
0.198258
0.149614
0.662
0.298329
0.662
0.662
0.662
0.662
0.662
0.122624
0.662
0.466266
0.273806
0.42734
0.0322167
0.00374953
0.379331
0.190462
0.229123
0.34731
0.0199965
0.439928
0.662
0.241707
0.481575
0.23089
0.662
0.0772894
0.0761214
0.662
0.662
0.662
0.662
0.178034
0.662
0.195526
0.34995
0.298069
0.0279275
0.662
0.662
0.330331
0.161133
0.277034
0.662
0.662
0.662
0.662
0.403407
0.662
0.349528
0.662
0.662
0.662
0.0284975
0.662
0.487262
0.662
0.662
0.662
0.662
0.104266
0.288107
0.662
0.662
0.662
0.662
0.453285
0.44119
0.662
0.662
0.279672
0.662
0.662
0.662
0.662
0.38958
0.268623
0.100449
0.27271
0.251124
0.520128
0.662
0.662
0.662
0.219007
0.662
0.662
0.662
0.662
0.381917
0.662
0.335553
0.418536
0.662
0.662
0.662
0.662
0.662
0.662
0.662
0.041623
0.662
0.351753
0.662
0.396507
0.662
0.662
0.662
0.224192
0.318729
0.662
0.662
0.630415
