0.0466041
0.662
0.662
0.145365
0.0546576
0.578986
0.303324
0.662
0.62897
0.240901
0.662
0.662
0.628292
0.27038
0.0306006
0.662
0.516523
0.0215786
0.662
0.662
0.421219
0.376151
0.268263
0.662
0.662
0.662
0.476987
0.0215956
0.241929
0.100532
0.662
0.250541
0.662
0.662
0.662
0.662
0.662
0.0283869
0.662
0.428271
0.292743
0.283244
0.662
0.441067
0.662
0.2083
0.662
0.662
0.662
0.213588
0.500453
0.662
0.0395712
0.662
0.219003
0.016542
0.662
0.23526
0.662
0.305105
0.662
0.235234
0.0709286
0.662
0.106495
0.103928
0.662
0.662
0.662
0.662
0.00672167
0.662
0.453965
0.238302
0.379462
0.389524
0.330919
0.662
0.662
0.294658
0.571544
0.343278
0.662
0.20168
0.343669
0.162303
0.451278
0.662
0.260066
0.662
0.662
0.0461387
0.662
0.186038
0.662
0.0411164
0.662
0.227796
0.662
0.662
0.424043
0.662
0.662
0.662
0.220484
0.662
0.662
0.309251
0.451281
0.662
0.662
0.662
0.662
0.662
0.662
0.295612
0.318776
0.662
0.124004
0.0195051
0.662
0.662
0.307625
0.55876
0.662
0.326412
0.662
0.101825
0.0175859
0.662
0.417678
0.662
0.662
0.369067
0.40187
0.273895
0.662
0.163698
0.341319
0.372349
0.662
0.662
0.662
0.186183
0.339176
0.662
0.662
0.221133
0.662
0.193375
0.662
0.143978
0.308458
0.337244
0.662
0.183729
0.662
0.24114
0.216378
0.662
0.409328
0.662
0.662
0.662
0.662
0.662
0.662
0.446153
0.20485
0.662
0.662
0.662
0.324267
0.662
0.0510032
0.021437
0.662
0.39019
0.386086
0.498512
0.662
0.0186045
0.662
0.662
0.272535
0.116626
0.410913
0.0416237
0.326806
0.0910609
0.662
0.391226
0.662
0.164781
0.662
0.662
0.662
0.0569485
0.156973
0.541968
0.394452
0.662
0.662
0.0850349
0.17582
0.0439391
0.0662328
0.242762
0.662
0.662
0.400679
0.166391
0.165791
0.00288443
0.38701
0.419948
0.662
0.356399
0.347238
0.662
0.662
0.41213
0.0723742
0.0168943
0.153914
0.662
0.662
0.448032
0.405064
0.143787
0.662
0.662
0.156747
0.151871
0.662
0.154087
0.662
0.662
0.662
0.662
0.662
0.662
0.662
0.662
0.206731
0.408191
0.368844
0.662
0.0188819
0.662
0.179649
0.445663
0.163493
0.662
0.662
0.240374
0.609007
0.662
0.662
0.662
0.662
0.210303
0.662
0.662
0.206642
0.494457
0.662
0.496617
0.211131
0.123457
0.170113
0.662
0.662
0.432065
0.662
0.00261698
0.662
0.406001
0.135587
0.190356
0.662
0.127546
0.579149
0.662
0.00667905
0.654711
0.463287
0.358013
0.228099
0.662
0.0405767
0.224795
0.662
0.18517
0.534169
0.662
0.264455
0.662
0.0533922
0.662
0.197426
0.206778
0.662
0.156176
0.180635
0.662
0.581144
0.662
0.0899421
0.662
0.662
0.662
0.662
0.201976
0.662
0.289445
0.662
0.662
0.662
0.125097
0.662
0.471141
0.662
0.252127
0.662
0.662
0.385994
0.14074
0.662
0.662
0.662
0.662
0.0440673
0.5331
0.575952
0.662
0.662
0.662
0.170864
0.662
0.662
0.431081
0.662
0.662
0.662
0.662
0.470822
0.662
0.662
0.662
0.0987906
0.662
0.0759679
0.662
0.236711
0.234227
0.662
0.0463894
0.662
0.662
0.662
0.370372
0.662
0.662
0.662
0.662
0.662
0.266572
0.662
0.115594
0.662
0.0357872
0.662
0.238257
0.439438
0.507043
0.393143
0.0756209
0.662
0.462673
0.0562118
0.662
0.0446311
0.483687
0.456092
0.203185
0.484184
0.234152
0.304083
0.0737007
0.662
0.662
0.662
0.0640488
0.212461
0.0168685
0.662
0.662
0.662
0.662
0.426033
0.367462
0.276645
0.662
0.26553
0.662
0.0916764
0.376464
0.423383
0.378965
0.662
0.0442222
0.662
0.25877
0.464529
0.444227
0.228187
0.662
0.662
0.662
0.196259
0.0489665
0.662
0.0316075
0.386857
0.662
0.662
0.662
0.224215
0.382294
0.165592
0.662
0.334159
0.199533
0.199574
0.373065
0.477095
0.662
0.0853944
0.483212
0.00612007
0.662
0.662
0.501278
0.372673
0.662
0.662
0.662
0.173825
0.115167
0.0523174
0.662
0.662
0.662
0.662
0.662
0.0201279
0.396383
0.176725
0.0866169
0.3915
0.662
0.258111
0.252574
0.662
0.662
0.182215
0.108686
0.1764
0.321548
0.0386576
0.40708
0.194918
0.17002
0.0631445
0.662
0.650453
0.662
0.240122
0.662
0.210817
0.164751
0.662
0.353081
0.662
0.114669
0.402571
