0.181496
0.662
0.662
0.662
0.662
0.475752
0.662
0.309644
0.662
0.281749
0.0962071
0.662
0.285737
0.662
0.662
0.662
0.193375
0.300953
0.445781
0.0280525
0.226122
0.662
0.460235
0.0446311
0.662
0.662
0.541968
0.662
0.662
0.662
0.269626
0.304083
0.107281
0.662
0.662
0.662
0.662
0.662
0.245822
0.662
0.4302
0.0172195
0.201976
0.662
0.662
0.662
0.662
0.662
0.662
0.393143
0.662
0.662
0.662
0.329583
0.662
0.662
0.662
0.662
0.0266948
0.0899421
0.662
0.390264
0.662
0.662
0.216337
0.662
0.169114
0.662
0.662
0.0572148
0.317065
0.0908359
0.662
0.126326
0.0980968
0.662
0.0419505
0.662
0.373941
0.662
0.369067
0.366503
0.0715599
0.336862
0.428271
0.662
0.387744
0.662
0.662
0.662
0.110112
0.662
0.662
0.662
0.394888
0.189371
0.662
0.277817
0.662
0.100102
0.662
0.210109
0.662
0.662
0.662
0.662
0.0489665
0.260066
0.662
0.662
0.662
0.662
0.662
0.662
0.356394
0.662
0.266286
0.443973
0.18675
0.459191
0.239447
0.0885867
0.475771
0.662
0.662
0.662
0.662
0.662
0.662
0.662
0.48507
0.662
0.0457406
0.662
0.460142
0.662
0.285717
0.662
0.079044
0.662
0.662
0.662
0.662
0.556203
0.327669
0.662
0.662
0.662
0.382215
0.19492
0.410492
0.253809
0.326905
0.662
0.0759388
0.490331
0.662
0.27163
0.463055
0.662
0.456256
0.662
0.662
0.662
0.279802
0.185311
0.221133
0.130888
0.0916764
0.662
0.662
0.257148
0.362865
0.662
0.564161
0.250193
0.483212
0.662
0.225178
0.0971289
0.662
0.662
0.1875
0.294658
0.385994
0.662
0.662
0.662
0.662
0.128231
0.298803
0.417678
0.312024
0.237781
0.662
0.421552
0.662
0.296101
0.206778
0.156842
0.662
0.153989
0.662
0.173323
0.58302
0.2309
0.00612007
0.662
0.662
0.662
0.662
0.662
0.294026
0.0825174
0.662
0.016542
0.471141
0.662
0.662
0.534542
0.450963
0.127546
0.662
0.332669
0.051502
0.425067
0.340147
0.37214
0.344095
0.176409
0.148496
0.0562118
0.662
0.662
0.662
0.0274581
0.266182
0.0607071
0.662
0.187933
0.662
0.463766
0.662
0.0678558
0.662
0.437947
0.662
0.662
0.415384
0.386857
0.662
0.662
0.662
0.125097
0.180339
0.323978
0.662
0.662
0.662
0.197426
0.0569485
0.269059
0.229539
0.233008
0.493886
0.57851
0.662
0.662
0.211486
0.589278
0.54184
0.494457
0.662
0.662
0.116472
0.127461
0.398289
0.116626
0.0478657
0.108162
0.662
0.401289
0.405064
0.0625651
0.112851
0.359113
0.662
0.216627
0.47465
0.382294
0.662
0.412296
0.662
0.201385
0.0283869
0.236613
0.289197
0.0523174
0.201755
0.662
0.662
0.662
0.250541
0.282721
0.60469
0.151617
0.456092
0.662
0.662
0.662
0.662
0.662
0.229395
0.265967
0.165791
0.662
0.347876
0.39479
0.199687
0.662
0.510338
0.662
0.662
0.662
0.662
0.662
0.662
0.215543
0.00275388
0.662
0.290117
0.143978
0.662
0.28602
0.662
0.662
0.662
0.662
0.0159684
0.25492
0.662
0.662
0.117285
0.0443579
0.662
0.662
0.0215956
0.435465
0.443142
0.545614
0.324546
0.662
0.662
0.662
0.662
0.30304
0.662
0.662
0.662
0.662
0.395651
0.449806
0.662
0.662
0.441466
0.506545
0.662
0.318041
0.464003
0.0799352
0.459649
0.640739
0.138872
0.662
0.209276
0.662
0.468788
0.662
0.107001
0.662
0.353555
0.662
0.246808
0.662
0.351122
0.662
0.657673
0.111075
0.662
0.662
0.0878773
0.106334
0.662
0.662
0.662
0.584071
0.662
0.449329
0.662
0.176725
0.662
0.662
0.662
0.662
0.662
0.662
0.564709
0.662
0.662
0.37157
0.259192
0.662
0.610752
0.662
0.453208
0.428019
0.212461
0.662
0.333287
0.662
0.662
0.18634
0.435772
0.147432
0.662
0.662
0.0810212
0.259418
0.662
0.662
0.0317018
0.202562
0.662
0.342455
0.347599
0.662
0.662
0.0186045
0.00667905
0.41213
0.247801
0.0119663
0.662
0.662
0.12391
0.349186
0.12818
0.00818231
0.662
0.483687
0.662
0.372673
0.404842
0.466201
0.662
0.662
0.257508
0.401675
0.599014
0.662
0.384462
0.407303
0.246185
0.202578
0.662
0.662
0.662
0.662
0.662
0.220698
0.662
0.662
0.662
0.155095
