0.225178
0.662
0.209276
0.134323
0.662
0.393013
0.37214
0.382294
0.662
0.662
0.662
0.662
0.239447
0.27061
0.382448
0.0329532
0.662
0.662
0.441466
0.0215956
0.662
0.259192
0.662
0.079044
0.23345
0.662
0.0181837
0.660465
0.662
0.662
0.662
0.440205
0.662
0.662
0.662
0.0899421
0.662
0.220985
0.208392
0.58302
0.568536
0.662
0.662
0.662
0.662
0.662
0.428019
0.386857
0.181496
0.0723955
0.662
0.662
0.107281
0.363346
0.662
0.382215
0.57851
0.662
0.662
0.323978
0.662
0.107001
0.662
0.662
0.662
0.117285
0.662
0.662
0.294523
0.662
0.662
0.662
0.662
0.211613
0.662
0.662
0.435772
0.662
0.0908359
0.662
0.662
0.266286
0.662
0.051502
0.449329
0.369789
0.662
0.100102
0.662
0.116472
0.662
0.329583
0.662
0.313403
0.662
0.534542
0.0411164
0.640739
0.328958
0.463766
0.662
0.47465
0.287528
0.26553
0.662
0.662
0.166224
0.335267
0.372673
0.404842
0.662
0.0678558
0.372947
0.662
0.309712
0.662
0.244228
0.564709
0.468788
0.662
0.662
0.463543
0.662
0.662
0.662
0.269962
0.107955
0.443142
0.127461
0.368755
0.662
0.662
0.662
0.657673
0.527983
0.662
0.662
0.662
0.662
0.662
0.185311
0.662
0.0696741
0.662
0.434921
0.437947
0.459649
0.158462
0.662
0.662
0.584118
0.662
0.662
0.193375
0.445781
0.662
0.229539
0.662
0.662
0.662
0.662
0.662
0.662
0.27163
0.483212
0.662
0.662
0.662
0.0489665
0.662
0.198426
0.342455
0.541968
0.662
0.202578
0.37157
0.257508
0.300953
0.285717
0.662
0.260066
0.265215
0.662
0.556203
0.251268
0.662
0.233008
0.426241
0.185379
0.197426
0.662
0.662
0.395651
0.0971289
0.662
0.662
0.0569485
0.662
0.662
0.289197
0.662
0.662
0.116626
0.662
0.662
0.662
0.662
0.662
0.268308
0.662
0.48507
0.662
0.373941
0.0572148
0.113404
0.31184
0.156842
0.456256
0.662
0.0446311
0.662
0.439009
0.662
0.662
0.662
0.662
0.662
0.662
0.0976253
0.353555
0.662
0.201076
0.662
0.662
0.487847
0.216266
0.662
0.165791
0.662
0.143978
0.662
0.662
0.662
0.662
0.662
0.662
0.185823
0.232138
0.662
0.662
0.662
0.662
0.662
0.110708
0.662
0.662
0.662
0.490331
0.0386576
0.662
0.201385
0.662
0.294026
0.662
0.662
0.164447
0.394888
0.662
0.460142
0.662
0.00612007
0.210109
0.662
0.662
0.662
0.0761193
0.662
0.387744
0.0274581
0.464003
0.662
0.148496
0.269059
0.481607
0.410492
0.125273
0.435465
0.0885867
0.662
0.274288
0.629874
0.493661
0.0962071
0.662
0.210069
0.662
0.662
0.662
0.60469
0.662
0.662
0.662
0.662
0.662
0.221133
0.347599
0.0164509
0.0752946
0.662
0.384462
0.589278
0.201458
0.662
0.662
0.279802
0.269626
0.662
0.662
0.662
0.662
0.662
0.421552
0.54184
0.662
0.662
0.662
0.662
0.662
0.225974
0.0168943
0.662
0.662
0.662
0.662
0.662
0.51449
0.662
0.475752
0.47389
0.662
0.00818231
0.662
0.633391
0.662
0.662
0.662
0.662
0.266182
0.549134
0.215543
0.662
0.662
0.369067
0.662
0.662
0.463055
0.347876
0.554109
0.662
0.662
0.662
0.662
0.662
0.662
0.662
0.662
0.304083
0.244254
0.154694
0.198372
0.205716
0.662
0.494457
0.662
0.18634
0.662
0.0607071
0.662
0.147432
0.0799977
0.19492
0.662
0.0759388
0.662
0.662
0.028525
0.359113
0.0562118
0.662
0.662
0.662
0.610752
0.443973
0.461714
0.662
0.662
0.0308024
0.662
0.103928
0.662
0.564161
0.662
0.662
0.127546
0.662
0.662
0.662
0.233241
0.662
0.662
0.662
0.662
0.290117
0.212461
0.471141
0.662
0.662
0.138716
0.0159684
0.021437
0.302523
0.662
0.662
0.162861
0.0799352
0.662
0.662
0.016542
0.662
0.662
0.662
0.0266948
0.281749
0.662
0.126326
0.449806
0.362636
0.662
0.662
0.662
0.173323
0.662
0.662
0.662
0.662
0.191271
0.28602
