0.662
0.126326
0.165987
0.662
0.662
0.373941
0.662
0.428019
0.342455
0.662
0.159885
0.662
0.662
0.662
0.662
0.458658
0.362636
0.662
0.662
0.372307
0.662
0.449329
0.662
0.662
0.662
0.0333162
0.662
0.26553
0.662
0.662
0.0678558
0.662
0.439009
0.662
0.463766
0.662
0.225178
0.138716
0.502474
0.662
0.114035
0.662
0.662
0.270984
0.662
0.662
0.662
0.382215
0.662
0.63339
0.58302
0.266182
0.662
0.152408
0.408129
0.475752
0.662
0.0607071
0.662
0.372673
0.362333
0.662
0.662
0.662
0.662
0.662
0.662
0.662
0.194354
0.662
0.294618
0.662
0.662
0.640739
0.662
0.154742
0.211613
0.662
0.662
0.662
0.662
0.662
0.328958
0.0164509
0.662
0.662
0.662
0.105051
0.662
0.389585
0.0439391
0.662
0.447223
0.662
0.662
0.662
0.347086
0.445526
0.662
0.662
0.434418
0.662
0.198372
0.347876
0.158462
0.561895
0.57851
0.662
0.662
0.281749
0.662
0.662
0.662
0.662
0.662
0.457647
0.662
0.662
0.662
0.662
0.061575
0.662
0.369789
0.662
0.662
0.0193389
0.662
0.382448
0.662
0.662
0.127546
0.125273
0.510158
0.106603
0.185311
0.173323
0.662
0.158265
0.162861
0.662
0.234336
0.662
0.215543
0.294026
0.191271
0.394888
0.662
0.356801
0.31184
0.662
0.0696741
0.432238
0.193375
0.662
0.662
0.368755
0.662
0.662
0.126204
0.662
0.662
0.489712
0.471141
0.662
0.248555
0.662
0.437947
0.662
0.662
0.662
0.0962071
0.233008
0.0201279
0.662
0.124004
0.662
0.268308
0.662
0.662
0.28013
0.410492
0.459649
0.527983
0.197522
0.662
0.421552
0.234039
0.0619567
0.662
0.662
0.285717
0.126597
0.662
0.662
0.475314
0.461714
0.662
0.27163
0.662
0.426241
0.468788
0.309712
0.193659
0.662
0.192793
0.662
0.662
0.0752946
0.662
0.662
0.662
0.103928
0.662
0.662
0.0814562
0.238222
0.37157
0.116626
0.079543
0.63339
0.662
0.185379
0.371558
0.0308024
0.456256
0.662
0.662
0.175848
0.662
0.435465
0.107281
0.662
0.662
0.662
0.363346
0.662
0.119157
0.269059
0.662
0.221133
0.662
0.162651
0.0159684
0.662
0.564161
0.296672
0.426133
0.662
0.165791
0.662
0.662
0.568536
0.0274581
0.662
0.251155
0.0885867
0.127461
0.662
0.662
0.181806
0.662
0.26979
0.662
0.0723955
0.662
0.302775
0.28602
0.259192
0.662
0.662
0.662
0.662
0.662
0.324313
0.662
0.181496
0.0244973
0.601622
0.147432
0.148496
0.662
0.510216
0.662
0.0843764
0.228099
0.30147
0.166004
0.662
0.662
0.229539
0.328263
0.285631
0.0606414
0.0944369
0.156842
0.449806
0.255408
0.662
0.287528
0.201458
0.0414629
0.662
0.209331
0.463543
0.441466
0.662
0.662
0.662
0.662
0.117285
0.373802
0.302523
0.662
0.662
0.662
0.662
0.274288
0.662
0.393013
0.662
0.662
0.662
0.3438
0.662
0.110708
0.202578
0.662
0.662
0.662
0.662
0.662
0.662
0.662
0.0489665
0.662
0.269626
0.662
0.534542
0.238302
0.662
0.662
0.662
0.662
0.220985
0.0527398
0.662
0.0011852
0.662
0.279802
0.237781
0.589278
0.0329532
0.248712
0.629874
0.662
0.662
0.435772
0.662
0.662
0.662
0.113404
0.662
0.662
0.0386576
0.662
0.662
0.662
0.662
0.662
0.662
0.662
0.48507
0.490331
0.662
0.662
0.387744
0.662
0.662
0.190732
0.320259
0.294523
0.556203
0.19535
0.366822
0.662
0.051502
0.662
0.662
0.662
0.0569485
0.662
0.0759679
0.662
0.662
0.662
0.289197
0.662
0.662
0.662
0.662
0.451929
0.0579438
0.0799977
0.245455
0.662
0.662
0.662
0.464634
0.662
0.662
0.662
0.662
0.426998
0.320168
0.151696
0.44505
0.294179
0.662
0.662
0.197426
0.662
0.391366
0.445781
0.662
0.269962
0.662
0.0405767
0.662
0.662
0.662
0.436335
0.0611102
0.662
0.662
0.00818231
0.662
