0.0105874
0.344614
0.427076
0.426934
0.662
0.473773
0.262327
0.230314
0.662
0.662
0.662
0.376277
0.662
0.662
0.43011
0.662
0.227759
0.217445
0.662
0.0605805
0.662
0.662
0.662
0.391499
0.662
0.662
0.265526
0.662
0.662
0.662
0.210548
0.473193
0.662
0.293183
0.067764
0.662
0.0961949
0.662
0.0144021
0.101132
0.662
0.662
0.244855
0.662
0.662
0.662
0.662
0.0908595
0.662
0.449975
0.662
0.662
0.662
0.662
0.662
0.662
0.662
0.136879
0.396919
0.469606
0.662
0.257778
0.662
0.662
0.662
0.241551
0.662
0.662
0.0635273
0.459486
0.199803
0.662
0.461907
0.662
0.229611
0.179044
0.128193
0.662
0.662
0.662
0.0574193
0.25135
0.662
0.662
0.216476
0.662
0.198469
0.662
0.0377285
0.662
0.48796
0.662
0.0417848
0.343124
0.662
0.0965914
0.662
0.451999
0.662
0.662
0.00963196
0.397986
0.662
0.662
0.475067
0.662
0.662
0.662
0.662
0.223886
0.662
0.199944
0.473273
0.662
0.212417
0.104912
0.662
0.662
0.118665
0.208419
0.225488
0.377248
0.662
0.198669
0.662
0.10062
0.662
0.0073267
0.143388
0.662
0.511052
0.164589
0.29486
0.662
0.274244
0.29548
0.662
0.361395
0.662
0.662
0.369013
0.662
0.662
0.137841
0.53376
0.289083
0.662
0.421296
0.662
0.130004
0.231431
0.0617764
0.481325
0.163749
0.662
0.484373
0.662
0.0546932
0.139715
0.662
0.662
0.662
0.662
0.662
0.104713
0.662
0.662
0.113586
0.662
0.155735
0.257464
0.270544
0.662
0.662
0.662
0.662
0.662
0.179295
0.662
0.662
0.118888
0.362589
0.662
0.662
0.398289
0.103144
0.54284
0.443462
0.662
0.585009
0.662
0.662
0.00222938
0.662
0.662
0.662
0.0681401
0.523643
0.662
0.107655
0.445102
0.408306
0.101824
0.662
0.236491
0.426231
0.662
0.0628122
0.183107
0.662
0.662
0.662
0.662
0.385244
0.662
0.662
0.662
0.292227
0.32807
0.547955
0.317661
0.2711
0.662
0.491914
0.662
0.662
0.383461
0.229038
0.443416
0.662
0.662
0.662
0.662
0.0812846
0.531762
0.248841
0.662
0.662
0.662
0.662
0.662
0.0309398
0.0771979
0.248961
0.363033
0.662
0.312146
0.662
0.662
0.145885
0.662
0.411904
0.366761
0.662
0.662
0.662
0.662
0.267207
0.662
0.662
0.345717
0.662
0.662
0.662
0.662
0.334729
0.269294
0.662
0.662
0.662
0.662
0.662
0.662
0.41796
0.662
0.31612
0.662
0.662
0.662
0.419196
0.662
0.662
0.662
0.662
0.662
0.165278
0.662
0.499524
0.195321
0.662
0.137493
0.662
0.662
0.19907
0.662
0.662
0.586442
0.0266634
0.662
0.662
0.436569
0.662
0.662
0.662
0.0855867
0.594768
0.662
0.0272787
0.225078
0.662
0.662
0.662
0.400494
0.662
0.662
0.580339
0.662
0.0101137
0.662
0.662
0.662
0.204399
0.662
0.376074
0.108114
0.662
0.0695976
0.0398443
0.441191
0.662
0.662
0.662
0.383144
0.662
0.662
0.115616
0.662
0.252969
0.534925
0.662
0.356567
0.662
0.662
0.662
0.207812
0.662
0.342447
0.662
0.662
0.263588
0.0473288
0.312151
0.0116493
0.662
0.662
0.662
0.277676
0.662
0.339322
0.493514
0.0279878
0.128887
0.662
0.128685
0.393877
0.162654
0.662
0.662
0.662
0.25144
0.662
0.470949
0.0387516
0.419167
0.662
0.0194617
0.662
0.662
0.662
0.662
0.00104452
0.315697
0.0600196
0.662
0.662
0.662
0.662
0.237992
0.157375
0.662
0.662
0.662
0.662
0.0742934
0.420242
0.662
0.662
0.662
0.248655
0.662
0.662
0.662
0.662
0.662
0.26828
0.662
0.163003
0.340734
0.662
0.662
0.477089
0.662
0.415016
0.289877
0.662
0.662
0.662
0.662
0.655261
0.309094
0.205205
0.662
0.662
0.662
0.295771
0.183293
0.357042
0.248383
0.506986
0.662
0.307164
0.662
0.662
0.424642
0.662
0.317233
0.662
0.662
0.37537
0.662
0.0677359
0.252947
0.106038
0.328487
0.453978
0.662
0.662
0.050009
0.277733
0.662
0.293224
0.384591
0.662
0.662
0.662
0.662
0.662
0.662
0.432601
0.0623453
0.0895105
0.428963
0.662
0.329843
0.662
0.662
0.662
0.662
0.662
0.614291
0.662
0.662
0.662
0.141931
0.662
0.662
0.305777
0.662
0.0434585
0.530294
0.469539
0.0394258
0.662
0.221282
0.662
0.662
0.151061
0.662
0.397468
0.662
0.662
0.662
0.662
0.662
0.662
0.44917
0.662
0.476709
0.662
0.26528
0.495321
0.129748
0.662
0.254114
0.576012
0.235097
0.322675
0.293465
0.662
0.451418
0.662
0.117307
0.269107
0.662
0.0679583
0.662
0.662
0.662
0.662
0.662
0.378542
0.662
0.662
0.662
0.662
0.294267
0.662
0.662
0.252709
0.662
0.339643
0.662
0.662
0.445942
0.281574
0.662
0.0265658
0.662
0.662
0.662
0.476371
0.389609
0.0908542
0.662
0.289335
0.662
0.533627
0.662
0.091006
0.662
0.251562
0.622024
0.662
0.662
0.285416
0.035485
0.377396
0.662
0.662
0.662
0.268074
0.0543886
0.662
0.331298
0.662
0.380687
0.15968
0.662
0.662
0.662
0.662
0.184256
0.662
0.494864
0.283679
0.568289
0.0362774
0.353302
0.188123
0.662
0.662
0.662
0.662
0.662
0.662
0.111653
0.0778189
0.662
0.662
0.662
0.662
0.342202
0.662
0.662
0.662
0.318451
0.662
0.538033
0.214895
0.46292
0.662
0.51945
0.662
0.191145
0.662
0.662
0.205861
0.662
0.213716
0.179834
0.662
0.662
0.662
0.662
0.662
0.237862
0.0195401
0.662
0.287623
0.662
0.662
0.662
0.662
0.662
0.662
0.662
0.662
0.173954
0.662
0.662
0.662
0.662
0.253699
0.662
0.0752456
0.662
0.00356897
0.300427
0.0340775
0.662
0.0241713
0.662
0.662
0.462972
0.662
0.0491233
0.662
0.398292
0.662
0.432935
0.662
0.662
0.662
0.662
0.452862
0.662
0.662
0.662
