0.662
0.662
0.662
0.662
0.662
0.278442
0.136725
0.458242
0.333152
0.662
0.183853
0.278117
0.662
0.0380255
0.662
0.264513
0.3257
0.190414
0.662
0.283622
0.662
0.662
0.426808
0.662
0.381435
0.662
0.315459
0.662
0.662
0.662
0.662
0.120818
0.0352358
0.662
0.662
0.203039
0.662
0.147159
0.3703
0.662
0.662
0.662
0.0124126
0.662
0.662
0.17556
0.460773
0.315967
0.662
0.112559
0.662
0.662
0.464018
0.662
0.662
0.453745
0.373719
0.662
0.662
0.662
0.494187
0.662
0.122705
0.662
0.662
0.0780532
0.185161
0.662
0.662
0.489145
0.662
0.188532
0.662
0.662
0.662
0.662
0.530136
0.415925
0.45432
0.286977
0.287336
0.662
0.662
0.267075
0.118846
0.662
0.662
0.0316078
0.662
0.0345375
0.662
0.319759
0.381011
0.662
0.662
0.662
0.489731
0.662
0.662
0.662
0.662
0.449285
0.0998608
0.191254
0.411407
0.444418
0.662
0.662
0.222294
0.662
0.662
0.497813
0.662
0.014798
0.662
0.31211
0.662
0.397693
0.18318
0.662
0.662
0.662
0.662
0.662
0.662
0.340043
0.351832
0.662
0.491876
0.662
0.446461
0.662
0.662
0.248979
0.395645
0.0448968
0.107955
0.662
0.152795
0.662
0.588084
0.662
0.662
0.202562
0.662
0.3512
0.662
0.662
0.209387
0.448415
0.295762
0.662
0.19533
0.662
0.540771
0.106494
0.662
0.662
0.662
0.662
0.662
0.662
0.112123
0.19453
0.288284
0.662
0.662
0.252487
0.235005
0.172953
0.662
0.455943
0.28548
0.0406015
0.662
0.142553
0.202078
0.485204
0.662
0.662
0.662
0.662
0.17114
0.215847
0.662
0.24333
0.662
0.0942406
0.662
0.335872
0.257871
0.662
0.662
0.220712
0.104684
0.00896527
0.443838
0.230834
0.662
0.662
0.440959
0.502673
0.350526
0.662
0.662
0.662
0.662
0.662
0.662
0.0730192
0.662
0.662
0.391447
0.0177881
0.662
0.662
0.269397
0.662
0.662
0.662
0.662
0.662
0.0128747
0.662
0.337454
0.454536
0.0373638
0.260988
0.169872
0.371115
0.157695
0.662
0.195233
0.435766
0.229675
0.662
0.662
0.386355
0.662
0.662
0.662
0.426474
0.457531
0.210925
0.0647992
0.662
0.662
0.662
0.662
0.662
0.662
0.248167
0.662
0.662
0.316551
0.662
0.32975
0.0971538
0.257935
0.120541
0.662
0.407569
0.42442
0.277735
0.393966
0.662
0.118823
0.662
0.107115
0.047664
0.662
0.484465
0.0320699
0.662
0.205967
0.178483
0.662
0.469622
0.662
0.470927
0.163749
0.662
0.662
0.211904
0.398138
0.662
0.489453
0.0293114
0.662
0.662
0.295974
0.662
0.366816
0.232653
0.662
0.0266604
0.409792
0.662
0.662
0.414987
0.242918
0.662
0.662
0.662
0.164166
0.381769
0.662
0.464178
0.662
0.246463
0.0818494
0.216436
0.662
0.306119
0.342212
0.662
0.347454
0.662
0.0414343
0.167491
0.105177
0.144411
0.236158
0.444934
0.662
0.46598
0.662
0.662
0.244242
0.662
0.414397
0.662
0.662
0.480244
0.662
0.156593
0.662
0.12342
0.662
0.188147
0.194911
0.473045
0.33234
0.662
0.662
0.307274
0.0385275
0.662
0.0833612
0.421795
0.238616
0.662
0.200423
0.662
0.662
0.380105
0.167206
0.662
0.662
0.662
0.11275
0.662
0.166832
0.0473491
0.12197
0.662
0.433198
0.662
0.464807
0.257022
0.662
0.477591
0.662
0.28372
0.662
0.662
0.662
0.241099
0.662
0.00971471
0.662
0.662
0.662
0.662
0.662
0.662
0.662
0.662
0.662
0.633693
0.354338
0.662
0.662
0.662
0.0843748
0.644054
0.662
0.662
0.662
0.662
0.349327
0.367203
0.419588
0.125897
0.662
0.257702
0.662
0.298941
0.251173
0.662
0.319332
0.0934203
0.241088
0.662
0.0172343
0.662
0.662
0.342603
0.662
0.0877374
0.0441213
0.221647
0.662
0.248269
0.130757
0.662
0.662
0.662
0.494193
0.0561674
0.169358
0.403058
0.662
0.662
0.662
0.662
0.662
0.384564
0.662
0.111645
0.662
0.662
0.239903
0.662
0.662
0.662
0.102117
0.662
0.23587
0.375085
0.0249369
0.662
0.289299
0.662
0.662
0.152068
0.283393
0.662
0.46906
0.228788
0.36179
0.189809
0.449067
0.662
0.449344
0.00321609
0.662
0.662
0.662
0.240083
0.662
0.662
0.0597958
0.00170064
0.428675
0.210143
0.662
0.662
0.662
0.662
0.0150999
0.0872707
0.191868
0.662
0.662
0.226644
0.662
0.274089
0.662
0.182313
0.475515
0.422481
0.662
0.44572
0.0367025
0.125968
0.662
0.662
0.0122291
0.662
0.369098
0.111245
0.0309084
0.463527
0.662
0.496113
0.291516
0.662
0.662
0.203149
0.662
0.662
0.662
0.662
0.662
0.51109
0.662
0.179979
0.662
0.0140794
0.662
0.403655
0.469981
0.392096
0.662
0.125523
0.488268
0.662
0.662
0.239515
0.151128
0.662
0.662
0.201857
0.662
0.0327699
0.133702
0.160687
0.0893835
0.662
0.662
0.373024
0.662
0.164305
0.662
0.662
0.249047
0.45925
0.0164323
0.305426
0.419947
0.219209
0.662
0.32727
0.662
0.111916
0.662
0.370472
0.662
0.261126
0.14806
0.662
0.662
0.662
0.662
0.662
0.266204
0.662
0.0669169
0.156927
0.662
0.508576
0.391992
0.662
0.299077
0.662
0.441611
0.662
0.662
0.442307
0.662
0.662
0.662
0.156707
0.662
0.346418
0.662
0.662
0.283107
0.662
0.206605
0.662
0.0679271
0.662
0.662
0.352292
0.662
0.662
0.662
0.374973
0.0637468
0.249533
0.240962
0.478984
0.662
0.422209
0.662
0.662
0.514268
0.414521
0.320343
0.324869
0.360953
0.662
0.109845
0.662
0.662
0.262494
0.220158
0.662
0.368282
0.662
0.378018
0.662
0.662
0.169289
0.662
0.253349
0.190756
0.25186
0.124231
0.293766
0.104402
0.662
0.662
0.662
0.662
0.662
0.662
0.662
0.662
0.662
0.662
