0.149265
0.490331
0.662
0.00692416
0.453756
0.662
0.662
0.662
0.662
0.102136
0.444205
0.662
0.662
0.662
0.143332
0.662
0.662
0.162651
0.662
0.662
0.662
0.0403293
0.461714
0.662
0.662
0.30147
0.640739
0.662
0.401294
0.662
0.302523
0.564161
0.662
0.159051
0.662
0.463543
0.428271
0.662
0.662
0.662
0.215543
0.662
0.662
0.662
0.662
0.070414
0.0944369
0.662
0.464634
0.382448
0.0925322
0.662
0.266091
0.3438
0.428019
0.539008
0.320168
0.662
0.321503
0.165987
0.0382963
0.12467
0.327218
0.445526
0.662
0.0619567
0.662
0.662
0.261506
0.662
0.662
0.662
0.354066
0.662
0.184792
0.426241
0.366822
0.369789
0.217681
0.268308
0.662
0.662
0.662
0.662
0.466042
0.435772
0.662
0.662
0.662
0.413856
0.18074
0.447064
0.58302
0.119157
0.0359598
0.216689
0.662
0.173168
0.57851
0.662
0.662
0.259362
0.662
0.662
0.462707
0.32608
0.565742
0.662
0.525486
0.662
0.662
0.0620439
0.662
0.471449
0.534542
0.662
0.445177
0.28013
0.475848
0.662
0.662
0.662
0.662
0.225225
0.352831
0.0159684
0.662
0.150668
0.372858
0.241034
0.468788
0.568536
0.662
0.018838
0.079543
0.156752
0.294026
0.165791
0.662
0.662
0.662
0.238222
0.662
0.311774
0.662
0.662
0.000712476
0.125428
0.209331
0.662
0.205816
0.662
0.158462
0.0137076
0.294022
0.440985
0.662
0.662
0.478788
0.662
0.156842
0.111749
0.295173
0.449806
0.410404
0.277817
0.21018
0.0274085
0.662
0.662
0.662
0.662
0.320259
0.662
0.662
0.125273
0.439405
0.662
0.251155
0.416178
0.355546
0.162844
0.662
0.662
0.143425
0.28731
0.662
0.48507
0.662
0.662
0.475314
0.662
0.454966
0.162765
0.662
0.471141
0.556203
0.662
0.662
0.662
0.373802
0.459274
0.662
0.279802
0.662
0.0263672
0.454528
0.662
0.382764
0.662
0.211523
0.662
0.0887645
0.442172
0.662
0.283005
0.662
0.269626
0.662
0.411807
0.118896
0.662
0.662
0.407698
0.662
0.346503
0.662
0.662
0.269962
0.662
0.197426
0.662
0.249159
0.305918
0.0678022
0.662
0.221133
0.0962907
0.662
0.0527398
0.662
0.323767
0.662
0.270984
0.662
0.662
0.662
0.00339396
0.662
0.0280525
0.662
0.110708
0.662
0.328263
0.662
0.259192
0.149449
0.662
0.662
0.190732
0.662
0.293468
0.662
0.662
0.211613
0.662
0.248555
0.363346
0.662
0.662
0.550739
0.251514
0.0799977
0.373941
0.662
0.662
0.662
0.662
0.324313
0.662
0.662
0.399805
0.467741
0.309712
0.466046
0.159885
0.662
0.662
0.662
0.662
0.662
0.662
0.662
0.662
0.192793
0.0260608
0.662
0.263988
0.285631
0.0678558
0.662
0.662
0.0274581
0.0287371
0.162861
0.662
0.662
0.274288
0.202578
0.662
0.662
0.662
0.0662048
0.662
0.662
0.662
0.347086
0.0439391
0.201458
0.0494215
0.662
0.229539
0.662
0.662
0.0459409
0.113404
0.662
0.662
0.463961
0.662
0.662
0.154233
0.662
0.662
0.0611102
0.662
0.662
0.662
0.662
0.662
0.662
0.20074
0.208143
0.662
0.662
0.366169
0.662
0.0201279
0.510216
0.662
0.662
0.662
0.662
0.311436
0.662
0.662
0.17582
0.662
0.662
0.454872
0.354375
0.662
0.662
0.662
0.662
0.662
0.65019
0.662
0.662
0.662
0.662
0.662
0.387744
0.199644
0.662
0.438027
0.662
0.662
0.126204
0.506761
0.662
0.662
0.662
0.126597
0.148496
0.458658
0.662
0.44505
0.662
0.2505
0.0580301
0.207402
0.662
0.287528
0.0607071
0.292864
0.662
0.0715599
0.357984
0.408129
0.123003
0.662
0.235234
0.415359
0.662
0.662
0.188648
0.662
0.095821
0.662
0.662
0.117285
0.662
0.662
0.269059
0.662
0.182574
0.662
0.662
0.167845
0.148403
0.662
0.294179
0.662
0.662
