0.662
0.203143
0.662
0.565705
0.662
0.662
0.662
0.214721
0.662
0.662
0.380291
0.0206073
0.662
0.662
0.662
0.291129
0.662
0.662
0.662
0.662
0.662
0.662
0.13547
0.662
0.662
0.377652
0.662
0.662
0.662
0.0958473
0.0261769
0.0787726
0.662
0.662
0.417752
0.662
0.31771
0.662
0.522709
0.38383
0.662
0.662
0.648756
0.662
0.388197
0.279293
0.374801
0.662
0.205058
0.662
0.397686
0.269565
0.662
0.455834
0.662
0.662
0.662
0.662
0.420847
0.662
0.662
0.307881
0.401136
0.31704
0.662
0.418284
0.662
0.662
0.662
0.294204
0.662
0.662
0.459225
0.412936
0.424225
0.662
0.662
0.662
0.662
0.536915
0.662
0.0655616
0.662
0.269836
0.662
0.662
0.662
0.662
0.345878
0.662
0.662
0.445288
0.111264
0.662
0.343071
0.662
0.21255
0.186911
0.252564
0.218841
0.662
0.153364
0.404875
0.22499
0.662
0.0530619
0.392007
0.226972
0.662
0.15173
0.243574
0.170712
0.662
0.662
0.662
0.662
0.0942786
0.662
0.0631498
0.662
0.662
0.154095
0.195411
0.662
0.662
0.348678
0.662
0.248244
0.662
0.133977
0.662
0.662
0.662
0.214138
0.647355
0.00802266
0.662
0.467026
0.294441
0.662
0.234056
0.662
0.662
0.662
0.662
0.662
0.662
0.259906
0.283622
0.14967
0.246663
0.662
0.662
0.662
0.234973
0.662
0.662
0.662
0.131654
0.116525
0.132303
0.662
0.141453
0.296611
0.393376
0.662
0.662
0.662
0.448464
0.466621
0.662
0.662
0.0379418
0.662
0.662
0.0165593
0.316713
0.149018
0.0650424
0.662
0.662
0.455791
0.662
0.260874
0.346618
0.465479
0.13867
0.662
0.0848395
0.276949
0.662
0.662
0.0963037
0.662
0.662
0.662
0.662
0.266319
0.215507
0.192163
0.662
0.0314197
0.310183
0.662
0.662
0.662
0.341657
0.19075
0.330465
0.0196211
0.662
0.662
0.662
0.662
0.662
0.0946078
0.15211
0.662
0.337169
0.63339
0.376223
0.662
0.662
0.347723
0.0503513
0.662
0.662
0.662
0.662
0.662
0.212576
0.662
0.060261
0.662
0.147273
0.662
0.662
0.662
0.662
0.333614
0.144866
0.662
0.662
0.662
0.662
0.662
0.450656
0.224288
0.054882
0.662
0.195926
0.662
0.291584
0.662
0.662
0.662
0.662
0.0489933
0.167959
0.386736
0.662
0.662
0.130501
0.662
0.662
0.0443356
0.319051
0.662
0.386562
0.662
0.662
0.662
0.662
0.151669
0.140716
0.662
0.662
0.443496
0.662
0.482779
0.662
0.312466
0.662
0.462779
0.662
0.662
0.0245817
0.278228
0.662
0.662
0.662
0.662
0.662
0.662
0.201855
0.0460936
0.298086
0.405944
0.662
0.404327
0.138193
0.376895
0.286112
0.0861069
0.662
0.662
0.442272
0.662
0.662
0.185988
0.662
0.662
0.414026
0.662
0.191624
0.364671
0.662
0.662
0.662
0.411648
0.662
0.227384
0.662
0.662
0.662
0.433173
0.486947
0.0847773
0.662
0.662
0.662
0.662
0.662
0.267476
0.337537
0.662
0.467957
0.328253
0.415591
0.662
0.255889
0.662
0.662
0.662
0.662
0.662
0.662
0.0840893
0.49174
0.662
0.574401
0.437437
0.662
0.159552
0.662
0.662
0.662
0.662
0.376406
0.662
0.0645357
0.237815
0.128127
0.662
0.662
0.273515
0.662
0.241138
0.130573
0.23984
0.662
0.662
0.662
0.662
0.421224
0.662
0.662
0.406385
0.371586
0.513141
0.365932
0.389119
0.662
0.220837
0.662
0.456948
0.662
0.662
0.247262
0.300842
0.662
0.662
0.0771022
0.186558
0.662
0.334435
0.662
0.104751
0.0401286
0.662
0.260326
0.662
0.293317
0.662
0.370943
0.662
0.333145
0.206874
0.16807
0.662
0.267208
0.662
0.299113
0.624024
0.28637
0.106623
0.37105
0.662
0.662
0.662
0.303007
0.3849
0.185874
0.662
0.319398
0.662
0.662
0.662
0.130442
0.465115
0.288306
0.651387
0.151403
0.662
0.662
0.662
0.101816
0.662
0.662
0.662
0.662
0.662
0.27555
0.662
0.458112
0.662
0.662
0.243168
0.662
0.276186
0.132512
0.662
0.334854
0.662
0.291291
0.407897
0.662
0.539293
0.494128
0.0244554
0.232444
0.662
0.392406
0.662
0.662
0.662
0.662
0.370434
0.662
0.662
0.291959
0.662
0.406364
0.662
0.328171
0.662
0.372451
0.662
0.662
0.215178
0.662
0.424564
0.662
0.662
0.662
0.467585
0.662
0.41074
0.662
0.185905
0.0604653
0.662
0.425612
0.662
0.350222
0.284632
0.248793
0.662
0.662
0.662
0.370402
0.662
0.149283
0.662
0.662
0.0604481
0.662
0.582822
0.610558
0.552628
0.662
0.029637
0.445431
0.00490357
0.119032
0.324907
0.346262
0.255643
0.662
0.369397
0.436986
0.662
0.662
0.662
0.662
0.662
0.233473
0.662
0.662
0.390732
0.662
0.662
0.662
0.20101
0.662
0.0846906
0.662
0.662
0.662
0.307165
0.662
0.662
0.437097
0.662
0.31867
0.129239
0.0168904
0.662
0.662
0.662
0.662
0.662
0.0959178
0.0768186
0.662
0.662
0.662
0.162065
0.662
0.662
0.228782
0.662
0.0124324
0.662
0.151354
0.633391
0.662
0.452948
0.662
0.390337
0.662
0.662
0.662
0.662
0.142278
0.190019
0.151652
0.0755297
0.662
0.662
0.291294
0.162795
0.662
0.662
0.662
0.662
0.662
0.662
0.662
0.0469113
0.662
0.662
0.662
0.662
0.507697
0.662
0.196296
0.662
0.662
0.215968
0.662
0.662
0.662
0.662
0.662
0.662
0.662
0.473834
0.0701541
0.122353
0.428437
0.25462
0.359796
0.662
0.445152
0.662
0.395988
0.308152
0.366049
0.126398
0.662
0.662
0.662
0.499453
0.54415
0.0451711
0.22681
0.662
0.272463
0.556274
0.135204
0.441073
0.662
0.0760102
0.278734
0.250777
0.469462
0.394073
0.662
0.662
0.662
0.662
0.662
0.662
0.414934
0.662
0.261049
0.662
0.662
0.404058
0.534792
0.375775
0.662
0.662
0.662
0.662
0.662
0.352701
