0.453594
0.662
0.662
0.449294
0.633694
0.140166
0.662
0.662
0.229747
0.396751
0.43543
0.662
0.662
0.662
0.662
0.198728
0.662
0.320744
0.290956
0.662
0.662
0.662
0.136135
0.662
0.662
0.139796
0.662
0.00514529
0.399016
0.431266
0.22657
0.662
0.386142
0.662
0.662
0.11108
0.662
0.662
0.0274085
0.419795
0.113141
0.41854
0.282829
0.662
0.662
0.662
0.264368
0.437084
0.213369
0.662
0.662
0.2453
0.136756
0.459772
0.662
0.423124
0.114847
0.662
0.662
0.662
0.662
0.184792
0.114483
0.232535
0.662
0.662
0.434054
0.254649
0.662
0.662
0.310434
0.662
0.472435
0.662
0.662
0.457323
0.662
0.662
0.445863
0.0704485
0.305139
0.472047
0.662
0.662
0.0625725
0.376869
0.424491
0.0905169
0.207964
0.662
0.662
0.191024
0.662
0.662
0.238079
0.195783
0.456227
0.662
0.261211
0.662
0.161973
0.662
0.662
0.242536
0.662
0.662
0.11523
0.0977815
0.662
0.0423778
0.662
0.463999
0.662
0.662
0.102289
0.389677
0.346357
0.354032
0.662
0.662
0.468096
0.203979
0.451795
0.175705
0.236765
0.0487843
0.662
0.651737
0.662
0.398065
0.143901
0.662
0.662
0.139934
0.472139
0.340999
0.176704
0.258553
0.406432
0.23093
0.662
0.260822
0.228461
0.662
0.662
0.362513
0.492556
0.0484672
0.662
0.662
0.0676105
0.662
0.662
0.0382963
0.662
0.473049
0.286186
0.0251349
0.0300015
0.307923
0.254331
0.662
0.23191
0.275063
0.662
0.482633
0.12951
0.630364
0.662
0.662
0.662
0.662
0.662
0.662
0.118922
0.662
0.662
0.602245
0.262866
0.543886
0.662
0.236185
0.334996
0.26626
0.662
0.132683
0.662
0.662
0.662
0.662
0.186267
0.0800798
0.167166
0.618436
0.662
0.0311252
0.662
0.403718
0.662
0.662
0.662
0.39881
0.662
0.639253
0.323096
0.00966768
0.149076
0.0714911
0.282522
0.235
0.662
0.662
0.662
0.662
0.443666
0.662
0.258254
0.662
0.565949
0.662
0.0314122
0.662
0.343731
0.51214
0.662
0.296456
0.102327
0.662
0.662
0.662
0.662
0.385199
0.565037
0.662
0.00323418
0.0836771
0.662
0.135152
0.662
0.662
0.662
0.662
0.662
0.662
0.662
0.662
0.662
0.662
0.662
0.662
0.436581
0.293844
0.662
0.0243737
0.662
0.662
0.444063
0.662
0.314449
0.662
0.465162
0.103016
0.467486
0.436208
0.662
0.662
0.662
0.246427
0.171018
0.0222613
0.375543
0.217357
0.463495
0.662
0.662
0.310116
0.366887
0.662
0.0443594
0.0903233
0.662
0.463961
0.662
0.300353
0.662
0.45116
0.662
0.662
0.662
0.421168
0.662
0.662
0.583538
0.13205
0.0504749
0.662
0.468213
0.325357
0.152681
0.662
0.662
0.267055
0.339869
0.662
0.197399
0.662
0.662
0.662
0.210735
0.662
0.290074
0.662
0.391455
0.662
0.402905
0.318808
0.662
0.436041
0.440523
0.261857
0.169455
0.662
0.662
0.662
0.224636
0.662
0.0165199
0.662
0.155809
0.240264
0.313643
0.196424
0.662
0.662
0.662
0.128716
0.000720668
0.662
0.431607
0.470254
0.662
0.662
0.464785
0.32157
0.662
0.662
0.278751
0.208257
0.316763
0.378338
0.292802
0.662
0.252201
0.662
0.662
0.447208
