0.651387
0.662
0.0760102
0.662
0.662
0.662
0.273515
0.662
0.220837
0.348678
0.662
0.662
0.662
0.662
0.267476
0.662
0.662
0.522881
0.662
0.662
0.662
0.151403
0.28637
0.280359
0.662
0.662
0.662
0.662
0.0795546
0.662
0.0201333
0.393376
0.662
0.662
0.467585
0.539293
0.154675
0.662
0.16807
0.662
0.376895
0.662
0.662
0.319398
0.135204
0.662
0.404058
0.662
0.228782
0.662
0.662
0.662
0.328171
0.662
0.662
0.43456
0.0701541
0.122353
0.662
0.662
0.259763
0.358423
0.0786755
0.662
0.418284
0.662
0.433837
0.662
0.406385
0.662
0.662
0.251982
0.582822
0.662
0.196749
0.0244554
0.662
0.0645357
0.662
0.190019
0.151652
0.662
0.662
0.662
0.662
0.0846906
0.662
0.215178
0.455834
0.142599
0.662
0.662
0.662
0.662
0.662
0.662
0.233473
0.662
0.298086
0.662
0.662
0.662
0.158992
0.351347
0.662
0.185874
0.662
0.662
0.250561
0.328253
0.662
0.662
0.319051
0.662
0.177725
0.0861069
0.214721
0.0469113
0.662
0.261049
0.662
0.316713
0.149018
0.662
0.369397
0.662
0.465115
0.27555
0.662
0.662
0.662
0.662
0.662
0.465479
0.250777
0.662
0.130442
0.662
0.662
0.459225
0.662
0.662
0.662
0.467957
0.0401286
0.238154
0.662
0.662
0.662
0.662
0.149177
0.0847773
0.234973
0.662
0.662
0.662
0.662
0.132303
0.191624
0.215507
0.458112
0.662
0.662
0.450656
0.22681
0.23984
0.26575
0.176255
0.662
0.62801
0.662
0.662
0.317635
0.633304
0.662
0.662
0.393623
0.433173
0.391138
0.211792
0.662
0.662
0.662
0.662
0.662
0.662
0.0315704
0.177729
0.662
0.246663
0.662
0.662
0.624024
0.662
0.394073
0.662
0.3849
0.662
0.0451711
0.283792
0.662
0.662
0.662
0.662
0.662
0.390337
0.662
0.276186
0.35321
0.255643
0.0840893
0.662
0.662
0.662
0.627806
0.436986
0.380291
0.662
0.633391
0.662
0.662
0.0771022
0.662
0.662
0.291291
0.662
0.227384
0.662
0.337169
0.662
0.662
0.196296
0.392406
0.662
0.662
0.662
0.162795
0.662
0.477277
0.424564
0.662
0.0842602
0.662
0.662
0.31867
0.662
0.662
0.0958473
0.662
0.443496
0.662
0.662
0.662
0.662
0.215968
0.662
0.662
0.241138
0.248244
0.404875
0.37105
0.427775
0.662
0.414934
0.662
0.206874
0.307165
0.662
0.647355
0.0530619
0.333614
0.367733
0.279045
0.662
0.466621
0.662
0.265885
0.662
0.282491
0.662
0.370434
0.0168904
0.662
0.106623
0.281147
0.142553
0.662
0.662
0.662
0.14967
0.386736
0.662
0.662
0.275964
0.662
0.662
0.662
0.390732
0.662
0.370943
0.0787726
0.0503513
0.662
0.662
0.662
0.662
0.662
0.0245817
0.356288
0.662
0.374801
0.662
0.0631498
0.662
0.104751
0.662
0.662
0.414026
0.662
0.278915
0.662
0.352701
0.167959
0.662
0.185988
0.662
0.149283
0.473659
0.662
0.662
0.185905
0.119032
0.269836
0.253781
0.437437
0.662
0.324907
0.662
0.662
0.361725
0.467026
0.662
0.662
0.662
0.405944
0.662
0.252564
0.662
0.662
0.0460936
0.662
0.38383
0.662
0.334435
0.662
0.662
0.353366
0.662
0.522709
0.662
0.248793
0.662
0.310183
0.662
0.13867
0.662
0.662
0.288306
0.662
0.662
0.394357
0.359796
0.662
0.631227
0.279293
0.662
0.442272
0.102342
0.662
0.662
0.662
0.662
0.662
0.662
0.662
0.276949
0.662
0.132512
0.662
0.662
0.662
0.266319
0.662
0.0604653
0.662
0.662
0.507697
0.662
0.662
0.100155
0.322474
0.029637
0.214456
0.662
0.662
0.153364
0.662
0.662
0.405658
0.0650424
0.610558
0.264922
0.662
0.662
0.482779
0.455791
0.662
0.159552
0.662
0.662
0.662
0.441073
0.662
0.662
0.662
0.662
0.662
0.284632
0.462779
0.662
0.662
0.662
0.662
0.0891412
0.662
0.662
0.126398
0.662
0.662
0.662
0.662
0.662
0.662
0.432036
0.662
0.608385
0.366049
0.662
0.154054
0.432597
0.399079
0.662
0.0489933
0.151354
0.377652
0.350222
0.288298
0.206847
0.378183
0.16354
0.662
0.662
0.662
0.343071
0.372451
0.662
0.662
0.662
0.31704
0.448464
0.662
0.662
0.286112
0.662
0.143318
0.412936
0.662
0.272073
0.309231
0.662
0.662
0.662
0.425612
0.203143
0.255889
0.130573
0.662
0.0755297
0.662
0.662
0.437097
0.662
0.662
0.662
0.337537
0.303007
0.662
0.662
0.234056
0.662
0.662
0.662
0.662
0.424937
0.105125
0.465199
0.287055
0.662
0.662
0.534792
0.662
0.662
0.662
0.662
0.662
0.144866
0.224288
0.283622
0.662
0.662
0.376233
0.662
0.662
0.662
0.662
0.662
0.662
0.662
0.662
0.414813
0.662
0.280764
0.341657
0.41074
0.662
0.0655616
0.662
0.0653086
0.409922
0.662
0.662
0.259906
0.404327
0.662
0.662
0.662
0.662
0.163521
0.0946078
0.662
0.662
0.662
0.237815
0.195411
0.662
0.226972
0.662
0.122771
0.662
0.662
0.0604481
0.662
0.662
0.662
0.376223
0.111264
0.401136
0.662
0.662
0.142278
0.0942786
0.662
0.662
0.662
0.662
0.0768186
0.201855
0.662
0.662
0.141453
0.297181
0.662
0.421224
0.662
0.123625
0.437085
0.249238
0.662
0.406364
0.662
0.208468
0.662
0.662
0.662
0.662
0.662
0.662
0.662
0.662
0.662
0.662
0.214138
0.173505
0.47938
0.291294
0.662
0.662
0.260326
0.662
0.393558
0.0756954
0.420847
0.456948
0.662
0.60962
0.662
0.293317
0.662
0.662
0.662
0.662
0.662
0.662
0.662
0.662
0.662
0.415591
0.662
0.662
0.275389
0.662
0.188932
0.370497
0.0649493
0.365932
0.662
0.469615
0.662
0.662
0.291584
0.662
0.278228
0.292521
0.183913
0.662
0.662
0.662
0.0206073
0.662
0.291129
0.662
0.662
0.232444
0.311047
0.662
0.662
0.21255
0.63339
0.131654
0.445288
0.662
0.317277
0.488414
0.662
0.330465
0.299113
0.662
0.662
