0.156973
0.0855785
0.385994
0.0439391
0.436543
0.662
0.662
0.231195
0.662
0.0188819
0.662
0.662
0.662
0.662
0.662
0.210303
0.662
0.662
0.115586
0.662
0.444227
0.0440673
0.662
0.0357872
0.662
0.662
0.431081
0.472467
0.238257
0.662
0.326412
0.662
0.662
0.141328
0.662
0.273895
0.662
0.021437
0.0501982
0.662
0.341319
0.305761
0.0690054
0.342522
0.662
0.662
0.17002
0.662
0.662
0.106367
0.662
0.312549
0.662
0.662
0.0461387
0.662
0.662
0.662
0.662
0.538751
0.662
0.662
0.432055
0.662
0.0916764
0.662
0.662
0.356399
0.376464
0.662
0.320326
0.662
0.662
0.312906
0.662
0.662
0.662
0.662
0.17582
0.662
0.662
0.00667905
0.165592
0.27553
0.0859481
0.201212
0.234152
0.201976
0.476987
0.283244
0.662
0.662
0.0446311
0.662
0.662
0.662
0.662
0.662
0.662
0.37703
0.448032
0.662
0.662
0.289526
0.446153
0.662
0.38701
0.662
0.453965
0.662
0.377822
0.297332
0.255686
0.0180384
0.662
0.2083
0.662
0.662
0.662
0.662
0.662
0.633391
0.065137
0.220484
0.146093
0.662
0.662
0.662
0.358013
0.25877
0.473409
0.289445
0.662
0.662
0.0959887
0.662
0.410913
0.190272
0.221133
0.240901
0.662
0.662
0.662
0.0215956
0.662
0.0759331
0.662
0.662
0.0463894
0.662
0.662
0.662
0.662
0.29238
0.662
0.114779
0.662
0.127006
0.662
0.373065
0.628292
0.662
0.662
0.114302
0.662
0.662
0.662
0.18517
0.662
0.662
0.662
0.662
0.662
0.662
0.662
0.382294
0.415047
0.662
0.23526
0.662
0.176725
0.0442222
0.182549
0.40518
0.4016
0.5331
0.105601
0.428271
0.662
0.224215
0.662
0.662
0.662
0.662
0.183729
0.662
0.386552
0.190356
0.534169
0.242762
0.662
0.662
0.441067
0.662
0.662
0.370372
0.40708
0.662
0.156747
0.662
0.0489665
0.124004
0.472929
0.662
0.662
0.662
0.159562
0.662
0.129713
0.356488
0.193375
0.662
0.343669
0.662
0.229999
0.662
0.240374
0.662
0.309251
0.211131
0.662
0.662
0.662
0.114669
0.662
0.662
0.662
0.221518
0.266572
0.662
0.466139
0.423383
0.662
0.662
0.213588
0.662
0.0877537
0.662
0.128138
0.662
0.662
0.292799
0.662
0.662
0.433119
0.662
0.662
0.662
0.662
0.662
0.109379
0.662
0.662
0.662
0.417678
0.0393169
0.39019
0.662
0.662
0.662
0.662
0.662
0.500453
0.662
0.225983
0.662
0.662
0.517784
0.202783
0.149265
0.402571
0.662
0.662
0.37427
0.662
0.662
0.02925
0.662
0.307475
0.662
0.163493
0.662
0.662
0.501278
0.650453
0.662
0.386086
0.335267
0.455539
0.662
0.662
0.0562118
0.103928
0.662
0.320494
0.662
0.662
0.426033
0.62897
0.662
0.662
0.189305
0.0899421
0.343278
0.662
0.662
0.0662328
0.662
0.662
0.662
0.662
0.662
0.246724
0.55876
0.0466041
0.662
0.437034
0.0386576
0.295612
0.662
0.662
0.329808
0.0660025
0.662
0.324267
0.354148
0.662
0.432065
0.662
0.0333307
0.0181837
0.579149
0.662
0.662
0.662
0.228187
0.196259
0.662
0.662
0.662
0.662
0.662
0.398201
0.662
0.391226
0.476689
0.0533922
0.662
0.662
0.662
0.662
0.662
0.00288443
0.403958
0.168889
0.121075
0.662
0.662
0.662
0.654711
0.0283869
0.00261698
0.106495
0.0737007
0.662
0.0981044
0.662
0.662
0.385972
0.102686
0.662
0.662
0.318776
0.257206
0.662
0.17358
0.662
0.197426
0.397906
0.186183
0.125097
0.0987906
0.662
0.116626
0.41213
0.662
0.662
0.180635
0.170113
0.662
0.662
0.0168943
0.216378
0.662
0.662
0.441811
0.662
0.662
0.662
0.662
0.275005
0.451281
0.662
0.501144
0.662
0.662
0.151871
0.222779
0.498512
0.439918
0.073582
0.406001
0.662
0.662
0.0491291
0.662
0.0640488
0.662
0.393143
0.662
0.662
0.185286
0.662
0.662
0.662
0.305105
0.662
0.662
0.173359
0.532135
0.662
0.0306006
0.662
0.662
0.0709286
0.464529
0.662
0.662
0.250541
0.578986
0.0523174
0.662
0.294658
0.224795
0.662
0.662
0.662
0.199533
0.662
0.662
0.662
0.445663
0.662
0.0631445
0.332597
0.63339
0.40187
0.164781
0.662
0.662
0.206778
0.662
0.153914
0.662
0.14074
0.0723742
0.465094
0.321768
0.264273
0.496617
0.0177672
0.115167
0.354424
0.662
0.662
0.662
0.130208
0.662
0.662
0.662
0.662
0.0155383
0.276645
0.303324
0.662
0.662
0.0601087
0.456092
0.135587
0.662
0.662
0.662
0.1764
0.143978
0.400679
0.372673
0.662
0.662
0.662
0.662
0.203661
0.308458
0.662
0.0863229
