0.195186
0.462179
0.662
0.662
0.25186
0.426474
0.662
0.407192
0.0367025
0.662
0.662
0.0293114
0.662
0.662
0.391447
0.269397
0.45432
0.121647
0.169358
0.662
0.662
0.157695
0.662
0.662
0.662
0.662
0.455943
0.203149
0.662
0.407569
0.28372
0.662
0.662
0.662
0.340043
0.220712
0.333152
0.662
0.662
0.291866
0.662
0.662
0.662
0.662
0.205967
0.425702
0.662
0.662
0.662
0.306119
0.0637468
0.662
0.194911
0.662
0.404875
0.662
0.662
0.662
0.662
0.125897
0.164166
0.112123
0.392096
0.047664
0.662
0.454536
0.662
0.662
0.463527
0.230834
0.3257
0.662
0.0780532
0.662
0.662
0.662
0.0301493
0.0122291
0.662
0.662
0.662
0.662
0.662
0.105177
0.662
0.662
0.662
0.662
0.662
0.662
0.662
0.662
0.662
0.662
0.662
0.142553
0.42442
0.662
0.220158
0.662
0.662
0.368282
0.662
0.662
0.253349
0.662
0.662
0.485204
0.476114
0.0998608
0.662
0.45925
0.662
0.11275
0.662
0.662
0.411407
0.137475
0.662
0.662
0.114391
0.662
0.662
0.662
0.289299
0.662
0.662
0.662
0.469622
0.662
0.371115
0.307274
0.662
0.662
0.378018
0.662
0.267133
0.662
0.662
0.0124126
0.662
0.0872707
0.248167
0.662
0.547537
0.662
0.662
0.166832
0.00971471
0.167491
0.662
0.662
0.662
0.662
0.370472
0.662
0.662
0.449285
0.662
0.0757382
0.662
0.662
0.662
0.662
0.435766
0.0561463
0.169289
0.662
0.380105
0.216436
0.172953
0.662
0.662
0.46906
0.152068
0.0547985
0.662
0.0268508
0.662
0.662
0.489145
0.662
0.168255
0.444418
0.662
0.662
0.662
0.662
0.00141761
0.662
0.460773
0.662
0.421795
0.397693
0.352292
0.662
0.662
0.662
0.662
0.662
0.107955
0.662
0.3512
0.517466
0.0309084
0.0414343
0.367203
0.222294
0.110541
0.0320699
0.203039
0.662
0.662
0.662
0.662
0.662
0.257702
0.20107
0.138357
0.405901
0.190756
0.662
0.662
0.662
0.662
0.395645
0.51109
0.316551
0.354338
0.662
0.662
0.221647
0.210925
0.458242
0.364811
0.257022
0.662
0.662
0.662
0.662
0.470927
0.496113
0.662
0.0942406
0.514268
0.530136
0.0385275
0.662
0.319759
0.662
0.662
8.47035e-06
0.662
0.295974
0.662
0.662
0.662
0.662
0.464178
0.662
0.373024
0.662
0.662
0.342603
0.662
0.131612
0.254762
0.662
0.209387
0.662
0.662
0.0971538
0.249047
0.261126
0.662
0.00170064
0.662
0.662
0.374986
0.104402
0.304714
0.662
0.229675
0.662
0.662
0.240083
0.169872
0.374973
0.188532
0.0818494
0.662
0.662
0.662
0.12342
0.393966
0.662
0.662
0.0433594
0.662
0.375285
0.211904
0.044505
0.548548
0.210143
0.147159
0.662
0.662
0.453745
0.662
0.0164323
0.662
0.662
0.238616
0.662
0.662
0.246776
0.662
0.662
0.662
0.491876
0.0748377
0.662
0.426808
0.662
0.356423
0.662
0.190414
0.662
0.433198
0.198439
0.662
0.662
0.662
0.662
0.0833612
0.662
0.188147
0.283107
0.662
0.662
0.0373638
0.520821
0.295762
0.662
0.494193
0.662
0.489453
0.662
0.283622
0.662
0.6126
0.662
0.662
0.662
0.662
0.662
0.662
0.662
0.662
0.662
0.662
0.0762387
0.662
0.662
0.286429
0.662
0.662
0.662
0.662
0.241088
0.361271
0.662
0.111245
0.232653
0.195233
0.662
0.0473491
0.072223
0.662
0.662
0.662
0.662
0.662
0.662
0.662
0.484465
0.662
0.163749
0.0316078
0.00321609
0.662
0.662
0.662
0.662
0.236158
0.662
0.178483
0.662
0.662
0.662
0.662
0.662
0.662
0.662
0.337454
0.662
0.229832
0.662
0.662
0.0824577
0.662
0.151049
0.12197
0.662
0.262013
0.662
0.662
0.662
0.662
0.35965
0.494187
0.662
0.662
0.662
0.414521
0.107115
0.179979
0.662
0.130757
0.0249369
0.662
0.662
0.274089
0.433723
0.246463
0.287336
0.662
0.414397
0.662
0.662
0.662
0.18318
0.662
0.272264
0.662
0.457531
0.441049
0.0345375
0.249507
0.662
0.381769
0.662
0.324869
0.662
0.422209
0.662
0.124231
0.662
0.19533
0.662
0.662
0.662
0.662
0.368239
0.351832
0.298941
0.264513
0.342212
0.662
0.662
0.662
0.662
0.406271
0.425807
0.440959
0.305426
0.662
0.106494
0.662
0.191241
0.239903
0.662
0.662
0.662
0.662
0.248269
0.283393
0.112559
0.662
0.662
0.116232
0.36179
0.662
0.662
0.198669
0.191254
0.662
0.360953
0.662
0.604369
0.662
0.444934
0.662
0.662
0.662
0.662
0.273784
0.662
0.327012
0.662
0.464018
0.662
0.298654
0.662
0.0893835
0.3703
0.277735
0.219209
0.662
0.463657
0.225781
0.662
0.588084
0.662
0.662
0.373719
0.0669169
0.662
0.644054
0.476683
0.662
0.662
0.662
0.662
0.19602
0.662
0.662
0.662
0.443838
0.128214
0.662
0.662
0.403655
0.462529
0.622736
0.662
0.111645
0.449067
0.662
0.335705
0.662
0.235005
0.249533
0.381011
0.497813
0.419947
0.104684
0.662
0.152795
0.469981
0.662
0.662
0.662
0.540771
0.662
0.19453
0.0140794
0.662
0.28548
0.392524
0.662
0.252487
0.662
0.291516
0.0438725
0.189809
0.0561674
0.662
0.662
0.109845
0.251173
0.477591
0.00896527
0.167206
0.319332
0.662
0.662
0.442307
0.173978
0.156707
0.160687
0.662
0.662
0.122705
0.0222944
0.662
0.0296991
0.662
0.662
0.118846
0.662
0.104076
0.446461
0.0679271
0.662
0.228788
0.293766
0.286977
0.662
0.662
0.290498
0.662
0.449344
0.459865
0.391992
0.662
0.257935
0.260988
0.662
0.125968
0.662
0.662
0.125523
0.662
0.266204
0.151128
0.168592
0.662
0.0774472
0.136725
0.373689
0.0597958
0.662
0.662
0.164305
0.0172343
0.662
0.422481
0.662
0.182313
