0.632851
0.454307
0.255084
0.662
0.662
0.662
0.662
0.121199
0.109518
0.662
0.662
0.662
0.105901
0.662
0.662
0.341713
0.414477
0.387028
0.662
0.336487
0.662
0.046867
0.0835553
0.662
0.662
0.438878
0.224192
0.662
0.662
0.662
0.662
0.662
0.662
0.662
0.107373
0.15219
0.662
0.662
0.662
0.458407
0.662
0.408338
0.662
0.662
0.662
0.627474
0.105172
0.662
0.298069
0.0337761
0.619639
0.662
0.580263
0.662
0.302746
0.0190308
0.662
0.0380554
0.662
0.662
0.188385
0.662
0.442309
0.662
0.662
0.368955
0.355335
0.441722
0.207387
0.662
0.586446
0.662
0.358997
0.528821
0.169171
0.662
0.42119
0.450848
0.662
0.329843
0.662
0.662
0.662
0.145227
0.662
0.662
0.247751
0.11677
0.662
0.662
0.187927
0.298329
0.662
0.356049
0.662
0.662
0.041623
0.662
0.212428
0.662
0.00374953
0.151484
0.390712
0.473847
0.662
0.662
0.0951054
0.486823
0.0837161
0.662
0.422075
0.662
0.662
0.0153994
0.662
0.662
0.662
0.662
0.662
0.662
0.47715
0.662
0.662
0.662
0.127358
0.310026
0.662
0.155101
0.662
0.662
0.662
0.662
0.662
0.353337
0.421481
0.0533215
0.308903
0.662
0.662
0.662
0.635078
0.262284
0.662
0.380071
0.662
0.122624
0.662
0.662
0.388589
0.652835
0.373763
0.662
0.378941
0.246456
0.662
0.383344
0.53641
0.0742581
0.455886
0.662
0.0185064
0.662
0.662
0.305423
0.364
0.662
0.415855
0.278093
0.662
0.328282
0.101505
0.662
0.662
0.662
0.0164674
0.345099
0.662
0.418536
0.362437
0.662
0.662
0.259393
0.662
0.662
0.116402
0.147138
0.662
0.460084
0.662
0.285116
0.662
0.268221
0.566122
0.662
0.396243
0.121781
0.12671
0.662
0.662
0.453368
0.662
0.662
0.0634896
0.396546
0.662
0.362901
0.662
0.662
0.216985
0.662
0.662
0.662
0.448981
0.662
0.106916
0.435838
0.535646
0.351753
0.0933912
0.662
0.662
0.662
0.662
0.662
0.662
0.662
0.662
0.0772894
0.662
0.662
0.0673765
0.662
0.220025
0.662
0.662
0.338366
0.662
0.0360528
0.401754
0.360188
0.662
0.662
0.662
0.662
0.662
0.152645
0.359978
0.429256
0.662
0.122701
0.546279
0.662
0.662
0.0057334
0.154027
0.079493
0.662
0.0521239
0.0587495
0.662
0.409166
0.662
0.440327
0.662
0.662
0.662
0.662
0.132935
0.103911
0.317517
0.264815
0.662
0.355548
0.21472
0.0210458
0.198258
0.662
0.322286
0.36759
0.662
0.403465
0.662
0.0176017
0.662
0.662
0.662
0.216276
0.662
0.14172
0.339638
0.662
0.662
0.662
0.374742
0.054367
0.293861
0.662
0.662
0.662
0.662
0.662
0.662
0.662
0.662
0.273398
0.662
0.400475
0.304661
0.198695
0.662
0.662
0.662
0.662
0.662
0.662
0.0993528
0.662
0.281445
0.662
0.662
0.0753639
0.197326
0.662
0.429626
0.189849
0.619276
0.0111765
0.318739
0.0116779
0.662
0.662
0.14743
0.662
0.0440639
0.662
0.662
0.456919
0.662
0.200561
0.444624
0.662
0.662
0.662
0.662
0.662
0.0050738
0.662
0.662
0.241973
0.662
0.193037
0.662
0.41004
0.662
0.472897
0.0403502
0.662
0.662
0.396507
0.349202
0.0284975
0.662
0.662
0.533847
0.662
0.318528
0.662
0.297456
0.662
0.662
0.396193
0.255851
0.464118
0.428373
0.588384
0.662
0.662
0.0516811
0.662
0.220592
0.377771
0.662
0.662
0.594436
0.661216
0.0156354
0.472056
0.662
0.662
0.662
0.344322
0.662
0.185387
0.662
0.662
0.467158
0.662
0.439928
0.662
0.662
0.662
0.117833
0.21032
0.662
0.662
0.0271203
0.149614
0.662
0.468008
0.662
0.361169
0.662
0.499891
0.0661501
0.363535
0.115172
0.662
0.662
0.426136
0.662
0.262359
0.349875
0.662
0.662
0.365167
0.36548
0.662
0.662
0.313658
0.662
0.220952
0.434573
0.349554
0.325343
0.09072
0.662
0.662
0.465047
0.662
0.0775168
0.0440442
0.19995
0.662
0.662
0.1047
0.662
0.662
0.662
0.0329709
0.662
0.662
0.662
0.121083
0.163918
0.662
0.329632
0.662
0.591473
0.391246
0.637063
0.38958
0.662
0.662
0.396947
0.662
0.662
0.662
0.0359291
0.662
0.662
0.321098
0.405644
0.662
0.662
0.32048
0.0617856
0.662
0.662
0.256426
0.662
0.384245
0.547087
0.211786
0.104559
0.206821
0.361984
0.042977
0.0958768
0.662
0.0895695
0.662
0.662
0.229942
0.662
0.662
0.662
0.31269
0.662
0.2146
0.115223
0.662
0.662
0.19102
0.662
0.662
0.662
0.662
0.662
0.662
0.44308
0.662
0.662
0.60462
0.662
0.662
0.662
0.453285
0.662
0.662
0.662
0.662
0.662
0.400417
0.662
0.662
0.337885
0.611376
0.662
0.308869
0.237834
0.341292
0.662
0.662
0.662
0.662
0.662
0.662
0.662
0.442997
0.662
0.662
0.469692
0.662
0.662
0.662
0.662
0.662
0.662
0.662
0.662
0.662
0.535401
0.662
0.662
0.209349
0.662
0.662
0.0620837
0.476374
0.662
0.0775651
0.139005
0.662
0.597686
0.269072
0.431231
0.161943
0.347262
0.126471
0.662
0.431285
0.42211
0.662
0.0142987
0.662
0.662
0.479373
0.662
0.0774226
0.46983
0.00717288
0.531356
0.153513
0.190779
0.662
0.662
0.662
0.330474
0.405528
0.0384907
0.662
0.662
0.662
0.662
0.275009
0.329804
0.662
0.191045
0.662
0.288205
0.662
0.250037
0.294947
0.662
0.0111915
