0.662
0.662
0.662
0.136135
0.662
0.223566
0.662
0.434054
0.15966
0.662
0.439281
0.471881
0.215618
0.262866
0.453022
0.313643
0.133808
0.662
0.662
0.205431
0.293704
0.355066
0.662
0.266456
0.662
0.662
0.135152
0.421168
0.565949
0.153437
0.662
0.662
0.662
0.0903233
0.662
0.662
0.662
0.436208
0.662
0.440332
0.466701
0.662
0.032072
0.455752
0.662
0.662
0.662
0.0100366
0.0435433
0.266575
0.662
0.662
0.54681
0.0521782
0.662
0.254331
0.662
0.0367099
0.114483
0.11108
0.662
0.347056
0.311277
0.196741
0.198728
0.35468
0.662
0.132683
0.662
0.662
0.399016
0.662
0.662
0.662
0.662
0.662
0.32232
0.0964843
0.662
0.662
0.662
0.238079
0.00571664
0.662
0.412091
0.20074
0.662
0.414715
0.472139
0.662
0.197399
0.278751
0.662
0.216866
0.662
0.662
0.662
0.662
0.662
0.0488033
0.630364
0.334996
0.662
0.0327619
0.235
0.662
0.662
0.330983
0.662
0.662
0.662
0.0568179
0.210735
0.662
0.0300015
0.662
0.149709
0.651186
0.662
0.662
0.438027
0.0176677
0.662
0.662
0.662
0.662
0.51214
0.472047
0.0274085
0.462787
0.662
0.662
0.662
0.389677
0.0295857
0.662
0.662
0.662
0.662
0.662
0.098502
0.396584
0.366826
0.602245
0.662
0.316763
0.662
0.0657815
0.662
0.044573
0.662
0.247236
0.662
0.662
0.662
0.662
0.649465
0.662
0.662
0.412637
0.111749
0.662
0.662
0.386142
0.070414
0.662
0.000720668
0.662
0.0487843
0.662
0.662
0.662
0.11523
0.463961
0.662
0.597173
0.402905
0.143901
0.456511
0.662
0.662
0.662
0.662
0.308962
0.0806658
0.22657
0.43543
0.662
0.662
0.662
0.223877
0.662
0.266091
0.155809
0.662
0.662
0.662
0.662
0.662
0.662
0.375543
0.662
0.662
0.662
0.263711
0.662
0.296456
0.448516
0.468096
0.662
0.0256781
0.00499883
0.383863
0.00236806
0.662
0.506082
0.398308
0.0836771
0.204677
0.123003
0.662
0.662
0.39412
0.436581
0.662
0.46458
0.0137097
0.0527398
0.152681
0.171018
0.018838
0.662
0.618436
0.161973
0.662
0.501614
0.0676105
0.662
0.156202
0.662
0.0939616
0.662
0.016674
0.125428
0.662
0.662
0.662
0.0989539
0.662
0.193985
0.662
0.662
0.0299878
0.0314122
0.242536
0.470254
0.662
0.591148
0.113141
0.662
0.261211
0.662
0.662
0.651737
0.0136105
0.662
0.04365
0.332375
0.0945325
0.482633
0.44821
0.444744
0.662
0.662
0.260822
0.257539
0.662
0.370877
0.662
0.235101
0.383527
0.21677
0.102327
0.0393782
0.346357
0.662
0.363275
0.662
0.0678022
0.662
0.286432
0.246427
0.451673
0.0270872
0.662
0.662
0.0734832
0.274384
0.662
0.445551
0.662
0.662
0.662
0.104173
0.662
0.319981
0.461563
0.184792
0.662
0.662
0.309091
0.2453
0.0714911
0.662
0.163523
0.662
0.299415
0.0165199
0.166097
0.207624
0.466046
0.662
0.447698
0.30128
0.662
0.662
0.354032
0.662
0.662
0.00582394
0.662
0.662
0.473049
0.366887
0.662
0.662
0.37651
0.465162
0.293844
0.662
0.654466
0.282829
0.176704
0.464785
0.662
0.662
0.662
0.662
0.662
0.662
0.662
0.662
0.662
0.385199
0.662
0.662
0.583538
0.0799977
0.662
0.478353
0.453578
0.0311252
0.662
0.476146
0.662
0.662
0.438305
0.421533
0.662
0.367113
0.456227
0.662
0.216689
0.662
0.267055
0.662
0.662
0.444063
0.306783
0.0547825
0.662
0.318808
0.400571
0.486768
0.289754
0.307443
0.482154
0.662
0.424491
0.0494215
0.431607
0.662
0.333817
0.662
0.264017
0.662
0.286186
0.45116
0.662
0.424881
0.492556
0.662
0.662
0.662
0.662
