0.369209
0.662
0.320096
0.662
0.241528
0.662
0.662
0.350686
0.219362
0.232105
0.662
0.190173
0.0533849
0.433617
0.662
0.662
0.662
0.662
0.400024
0.234961
0.476693
0.662
0.325151
0.0736387
0.662
0.662
0.0610294
0.415317
0.662
0.52514
0.662
0.163749
0.233318
0.662
0.662
0.343402
0.662
0.437682
0.662
0.662
0.662
0.574999
0.662
0.293448
0.662
0.662
0.662
0.662
0.356042
0.662
0.366817
0.662
0.378599
0.662
0.167975
0.0298803
0.2049
0.294668
0.114465
0.662
0.662
0.662
0.662
0.570359
0.389878
0.662
0.662
0.662
0.286795
0.407595
0.662
0.429298
0.297525
0.509174
0.432044
0.407222
0.662
0.662
0.0825453
0.662
0.662
0.662
0.0853234
0.0534752
0.662
0.662
0.228211
0.269597
0.662
0.662
0.153352
0.368126
0.382219
0.662
0.662
0.431654
0.662
0.662
0.662
0.140045
0.449424
0.662
0.662
0.662
0.326732
0.662
0.662
0.662
0.331214
0.662
0.443982
0.361712
0.662
0.215148
0.212543
0.662
0.662
0.662
0.217674
0.662
0.382737
0.662
0.662
0.170266
0.341735
0.385239
0.192333
0.662
0.662
0.662
0.662
0.206743
0.502429
0.662
0.474617
0.662
0.433395
0.662
0.215272
0.662
0.0446783
0.662
0.0676913
0.662
0.194494
0.197456
0.272956
0.662
0.13481
0.662
0.662
0.24489
0.204729
0.242638
0.662
0.662
0.662
0.662
0.662
0.662
0.415587
0.662
0.662
0.362063
0.662
0.525879
0.662
0.662
0.173922
0.298482
0.662
0.662
0.441662
0.662
0.186296
0.117595
0.299985
0.662
0.662
0.433334
0.0137755
0.662
0.662
0.662
0.662
0.253696
0.662
0.662
0.224626
0.129057
0.227874
0.662
0.370651
0.532882
0.662
0.662
0.662
0.662
0.662
0.662
0.662
0.662
0.662
0.662
0.662
0.341806
0.044639
0.314542
0.520434
0.446928
0.662
0.072671
0.380959
0.159048
0.17244
0.272369
0.035706
0.662
0.42025
0.662
0.255917
0.0119911
0.662
0.131208
0.662
0.662
0.390097
0.662
0.662
0.662
0.662
0.22764
0.662
0.472476
0.662
0.662
0.662
0.662
0.153618
0.662
0.662
0.408343
0.662
0.662
0.662
0.0326609
0.125663
0.135122
0.662
0.662
0.662
0.0516301
0.217087
0.662
0.0414814
0.312075
0.187328
0.662
0.662
0.29276
0.403234
0.662
0.463571
0.419857
0.662
0.662
0.662
0.662
0.662
0.148725
0.154835
0.412988
0.118843
0.0203427
0.662
0.447884
0.662
0.432633
0.440831
0.385241
0.662
0.662
0.662
0.662
0.220828
0.518873
0.662
0.321796
0.491026
0.398078
0.153244
0.160434
0.662
0.223987
0.662
0.662
0.662
0.662
0.384045
0.662
0.371908
0.450583
0.294302
0.267463
0.351163
0.256917
0.273742
0.366135
0.662
0.357331
0.215564
0.662
0.662
0.107511
0.662
0.505661
0.0654023
0.262443
0.662
0.662
0.662
0.160854
0.662
0.662
0.451623
0.662
0.448637
0.42588
0.0213461
0.374899
0.662
0.662
0.662
0.216986
0.526177
0.0497339
0.130241
0.662
0.246945
0.205617
0.465069
0.0289662
0.662
0.662
0.185598
0.662
0.662
0.662
0.00183982
0.662
0.662
0.662
0.157697
0.662
0.165191
0.0508865
0.662
0.43733
0.662
0.112601
0.438336
0.662
0.662
0.662
0.399786
0.198061
0.662
0.662
0.0363327
0.662
0.662
0.662
0.428491
0.138589
0.662
0.0565169
0.211351
0.430153
0.662
0.662
0.662
0.30116
0.0629234
0.525359
0.0671011
0.0425362
0.385856
0.662
0.662
0.662
0.355255
0.662
0.662
0.0264617
0.662
0.378286
0.662
0.662
0.662
0.662
0.662
0.465605
0.272835
0.662
0.274374
0.121054
0.662
0.662
0.662
0.121361
0.102718
0.662
0.302236
0.662
0.662
0.662
0.411641
0.662
0.662
0.264156
0.134749
0.662
0.662
0.662
0.662
0.662
0.367808
0.662
0.453365
0.24831
0.662
0.369604
0.662
0.662
0.662
0.662
0.662
0.0110189
0.344972
0.12139
0.662
0.662
0.662
0.662
0.662
0.662
0.662
0.662
0.662
0.055294
0.192738
0.662
0.662
0.337223
0.662
0.662
0.396788
0.457003
0.662
0.662
0.662
0.662
0.450923
0.33302
0.662
0.662
0.662
0.37147
0.662
0.0790691
0.662
0.662
0.662
0.662
0.243197
0.662
0.662
0.462116
0.662
0.0173186
0.423439
0.662
0.662
0.348072
0.662
0.361054
0.662
0.662
0.227443
0.190188
0.200263
0.413868
0.469272
0.662
0.34985
0.354657
0.662
0.662
0.662
0.662
0.22354
0.662
0.662
0.662
0.0185534
0.633694
0.662
0.662
0.240975
0.340899
0.336573
0.662
0.662
0.662
0.420357
0.355991
0.662
0.662
0.662
0.164999
0.662
0.287187
0.312261
0.662
0.662
0.465106
0.662
0.662
0.371631
0.461222
0.197304
0.277665
0.271121
0.662
0.662
0.662
0.662
0.113848
0.662
0.662
0.662
0.662
0.662
0.389411
0.662
0.44372
0.662
0.662
0.662
0.459074
0.662
0.103192
0.662
0.662
0.298571
0.662
0.662
0.662
0.662
0.662
0.662
0.662
0.662
0.13026
0.662
0.662
0.318528
0.662
0.662
0.420944
0.344113
0.662
0.662
0.662
0.662
0.388024
0.662
0.662
0.0842472
0.662
0.435326
0.662
0.662
0.662
0.465639
