0.662
0.070414
0.156842
0.18074
0.0962907
0.662
0.57851
0.263988
0.185379
0.309712
0.445177
0.28013
0.475314
0.468788
0.454872
0.662
0.165791
0.662
0.211523
0.32608
0.556203
0.466042
0.211613
0.662
0.662
0.662
0.662
0.662
0.662
0.268308
0.455913
0.471141
0.444205
0.662
0.662
0.662
0.320259
0.662
0.662
0.48507
0.478788
0.453756
0.0494215
0.2505
0.217681
0.00339396
0.662
0.662
0.311436
0.662
0.259362
0.510216
0.217288
0.662
0.662
0.662
0.347876
0.235467
0.539008
0.0678558
0.662
0.106351
0.662
0.662
0.662
0.079543
0.662
0.662
0.0868107
0.662
0.662
0.662
0.0370686
0.662
0.662
0.662
0.207402
0.28731
0.188648
0.662
0.143425
0.662
0.297519
0.662
0.293468
0.662
0.277817
0.279802
0.662
0.0159684
0.662
0.662
0.251155
0.0619968
0.662
0.662
0.662
0.225225
0.662
0.662
0.167845
0.662
0.662
0.662
0.662
0.662
0.662
0.190732
0.445526
0.20074
0.662
0.0607071
0.662
0.662
0.018838
0.373802
0.269626
0.598049
0.662
0.662
0.155395
0.662
0.662
0.051502
0.462707
0.461714
0.259192
0.323767
0.662
0.149265
0.662
0.662
0.285631
0.662
0.143332
0.410404
0.270984
0.662
0.534542
0.119157
0.564161
0.321503
0.44505
0.662
0.662
0.662
0.662
0.662
0.662
0.229539
0.117285
0.126204
0.662
0.662
0.209331
0.662
0.662
0.662
0.662
0.095821
0.662
0.172824
0.662
0.662
0.463961
0.418795
0.662
0.471449
0.662
0.662
0.662
0.247994
0.458658
0.662
0.235234
0.662
0.662
0.0925322
0.662
0.3438
0.438027
0.328263
0.248555
0.113404
0.662
0.0489718
0.662
0.0799977
0.662
0.662
0.464634
0.311774
0.662
0.662
0.662
0.269962
0.215543
0.0439391
0.662
0.662
0.662
0.662
0.0678022
0.662
0.251514
0.192793
0.525486
0.662
0.662
0.662
0.662
0.662
0.662
0.162861
0.662
0.197426
0.662
0.0887645
0.662
0.662
0.662
0.662
0.662
0.506761
0.372858
0.0137076
0.217881
0.466046
0.662
0.357984
0.287528
0.662
0.662
0.662
0.662
0.662
0.662
0.662
0.0185208
0.662
0.462623
0.662
0.420811
0.662
0.662
0.221133
0.662
0.662
0.662
0.662
0.662
0.467741
0.662
0.125273
0.662
0.662
0.369789
0.127461
0.413856
0.662
0.662
0.662
0.662
0.662
0.662
0.662
0.238222
0.148403
0.162651
0.118896
0.0263672
0.662
0.428271
0.428019
0.662
0.662
0.0752946
0.662
0.662
0.662
0.294179
0.662
0.662
0.662
0.662
0.148496
0.192904
0.374011
0.0619567
0.382448
0.469288
0.662
0.0201279
0.662
0.126597
0.662
0.463543
0.0611102
0.662
0.662
0.17582
0.283005
0.662
0.662
0.373941
0.662
0.662
0.173168
0.302523
0.439405
0.662
0.662
0.0527398
0.125428
0.328846
0.220985
0.366822
0.490331
0.110708
0.419238
0.327218
0.564709
0.662
0.449806
0.0359598
0.0260608
0.662
0.662
0.202578
0.662
0.662
0.473552
0.662
0.662
0.159051
0.640739
0.662
0.662
0.165987
0.662
0.324313
0.411807
0.662
0.150668
0.185159
0.382764
0.265263
0.662
0.131942
0.111749
0.274288
0.662
0.0944369
0.65019
0.0274085
0.662
0.154233
0.662
0.363346
0.662
0.366169
0.662
0.387744
0.475848
0.550739
0.662
0.0382963
0.346503
0.662
0.201458
0.568536
0.0620439
0.259235
0.662
0.662
0.662
0.208143
0.000712476
0.662
0.662
0.435772
0.354375
0.269059
0.662
0.30147
0.162844
0.426241
0.0274581
0.662
0.662
0.0662048
0.662
0.662
0.662
0.454528
0.0459409
0.662
0.662
0.184792
0.662
0.298597
0.408129
0.662
0.354066
0.294026
0.662
0.662
0.662
0.266091
0.662
0.662
0.662
0.159885
0.58302
0.320168
0.486974
0.662
0.305918
0.662
0.662
0.662
0.158462
0.21018
0.162765
0.662
0.662
