0.437837
0.662
0.662
0.360553
0.662
0.662
0.662
0.662
0.662
0.186317
0.174509
0.34053
0.662
0.505681
0.662
0.210696
0.105876
0.441697
0.0937308
0.662
0.467626
0.662
0.662
0.662
0.384844
0.662
0.662
0.662
0.662
0.263515
0.117775
0.279905
0.474755
0.662
0.431164
0.409637
0.397114
0.662
0.0506089
0.662
0.662
0.417494
0.0798719
0.662
0.662
0.662
0.662
0.0751953
0.32041
0.250686
0.662
0.662
0.662
0.662
0.662
0.662
0.343756
0.662
0.228921
0.325576
0.662
0.662
0.238839
0.662
0.662
0.662
0.0925409
0.391537
0.662
0.0718496
0.662
0.662
0.662
0.662
0.10852
0.346816
0.662
0.662
0.662
0.662
0.201236
0.329992
0.662
0.662
0.111169
0.662
0.662
0.662
0.16184
0.662
0.0775941
0.662
0.662
0.662
0.662
0.662
0.662
0.662
0.662
0.662
0.662
0.662
0.662
0.662
0.662
0.662
0.0881383
0.662
0.662
0.662
0.662
0.392891
0.332677
0.662
0.00854573
0.662
0.662
0.662
0.662
0.126495
0.265044
0.180279
0.662
0.215124
0.662
0.0341965
0.0514314
0.00869347
0.337949
0.662
0.252962
0.662
0.662
0.662
0.0694877
0.662
0.662
0.662
0.662
0.662
0.662
0.662
0.662
0.0634286
0.662
0.662
0.662
0.662
0.0586031
0.662
0.662
0.662
0.285427
0.662
0.662
0.662
0.417586
0.432085
0.662
0.662
0.662
0.188404
0.662
0.0492613
0.662
0.662
0.188706
0.662
0.662
0.662
0.662
0.662
0.662
0.662
0.662
0.662
0.662
0.0342275
0.135489
0.662
0.662
0.31205
0.328795
0.0246235
0.421163
0.662
0.368337
0.662
0.345848
0.20804
0.271902
0.0353992
0.662
0.662
0.382736
0.662
0.662
0.253397
0.349656
0.364808
0.662
0.390257
0.662
0.662
0.662
0.662
0.662
0.662
0.0686713
0.283728
0.662
0.568712
0.662
0.141654
0.440391
0.662
0.662
0.0849151
0.0553179
0.662
0.225421
0.662
0.262139
0.456206
0.156332
0.662
0.0628215
0.367119
0.327681
0.300253
0.662
0.472317
0.0121639
0.662
0.662
0.414207
0.662
0.423441
0.451151
0.662
0.154491
0.290098
0.662
0.662
0.662
0.485828
0.340603
0.662
0.662
0.621216
0.32682
0.575454
0.398092
0.662
0.662
0.662
0.563069
0.662
0.0312275
0.662
0.662
0.242146
0.662
0.662
0.315572
0.142727
0.662
0.662
0.662
0.662
0.662
0.165507
0.662
0.156856
0.662
0.662
0.662
0.662
0.662
0.662
0.445766
0.178567
0.136884
0.244083
0.284337
0.662
0.458149
0.662
0.662
0.662
0.662
0.662
0.322195
0.662
0.662
0.452669
0.225029
0.473104
0.44806
0.443725
0.372433
0.662
0.662
0.662
0.109899
0.662
0.256343
0.30489
0.123873
0.158814
0.427322
0.662
0.0590609
0.662
0.19237
0.438847
0.275359
0.662
0.662
0.373893
0.572852
0.662
0.662
0.662
0.314382
0.439824
0.662
0.662
0.466598
0.662
0.662
0.365493
0.295102
0.662
0.350634
0.662
0.195394
0.300025
0.662
0.192684
0.210172
0.41684
0.434652
0.221048
0.662
0.151317
0.35969
0.662
0.298779
0.3434
0.397337
0.340808
0.0261967
0.662
0.662
0.662
0.0193472
0.662
0.662
0.662
0.662
0.106632
0.662
0.662
0.499795
0.662
0.45052
0.163724
0.662
0.419447
0.662
0.44625
0.298923
0.0744172
0.512179
0.662
0.662
0.189029
0.304158
0.662
0.404884
0.262129
0.662
0.380195
0.662
0.662
0.662
0.662
0.662
0.662
0.0982311
0.153178
0.145126
0.662
0.662
0.662
0.662
0.442259
0.662
0.662
0.662
0.662
0.662
0.662
0.0224344
0.662
0.662
0.662
0.11808
0.0713392
0.662
0.662
0.662
0.134194
0.662
0.662
0.662
0.662
0.662
0.21036
0.662
0.662
0.662
0.472336
0.342439
0.662
0.662
0.662
0.662
0.662
0.662
0.662
0.662
0.662
0.162649
0.0485653
0.191632
0.662
0.500718
0.662
0.223741
0.662
0.662
0.374095
0.662
0.662
0.189833
0.662
0.662
0.662
0.0924304
0.0749397
0.355094
0.662
0.662
0.25998
0.384964
0.174564
0.662
0.662
0.36526
0.662
0.472142
0.204615
0.662
0.662
0.459488
0.662
0.159439
0.662
0.662
0.456734
0.662
0.0934665
0.662
0.662
0.0129614
0.02758
0.285097
0.662
0.178789
0.662
0.662
0.0955836
0.441726
0.662
0.356199
0.662
0.17936
0.494235
0.662
0.146985
0.575306
0.662
0.662
0.309493
0.100061
0.370903
0.100721
0.0897635
0.226153
0.519743
0.662
0.662
0.323996
0.662
0.662
0.662
0.394335
0.662
0.515063
0.134576
0.662
0.662
0.662
0.662
0.662
0.317194
0.662
0.439765
0.662
0.662
0.662
0.0670877
0.646141
0.662
0.38929
0.191133
0.662
0.361355
0.662
0.233024
0.153242
0.662
0.288479
0.174672
0.256295
0.662
0.60534
0.662
0.455906
0.662
0.662
0.528966
0.469042
0.0687655
0.662
0.662
0.399088
0.662
0.662
0.235029
0.420293
0.662
0.139533
0.662
0.494912
0.662
0.662
0.662
0.0888656
0.662
0.269634
0.662
0.0239305
0.662
0.306505
0.219601
0.662
0.462358
0.662
0.662
0.662
0.662
0.662
0.184207
0.662
0.381811
0.662
0.431558
0.104698
0.302549
0.662
0.662
0.662
0.662
0.662
0.662
0.662
0.662
0.499651
0.190462
0.298333
0.662
0.662
0.421301
0.447306
0.662
0.662
0.234491
0.662
0.405475
0.40544
0.662
0.033838
0.329386
0.222013
0.662
0.0798849
0.662
0.0375692
0.662
0.662
0.662
0.200637
0.147519
0.214243
0.327413
0.662
0.662
0.662
0.255626
