0.662
0.662
0.662
0.219722
0.109179
0.269447
0.662
0.010833
0.208524
0.662
0.662
0.662
0.662
0.35965
0.248643
0.14029
0.662
0.662
0.594875
0.662
0.44917
0.662
0.662
0.0166357
0.662
0.578954
0.125821
0.266958
0.662
0.662
0.330328
0.613593
0.372232
0.662
0.662
0.662
0.662
0.662
0.662
0.262013
0.662
0.662
0.662
0.469539
0.469622
0.214598
0.662
0.662
0.125279
0.662
0.366885
0.662
0.662
0.662
0.662
0.244242
0.662
0.662
0.662
0.662
0.0448868
0.152552
0.333152
0.662
0.662
0.662
0.662
0.662
0.662
0.221919
0.240083
0.662
0.130004
0.662
0.662
0.0855867
0.662
0.662
0.112559
0.662
0.662
0.662
0.29125
0.0717596
0.662
0.202078
0.417919
0.20828
0.244533
0.134917
0.662
0.151559
0.426934
0.662
0.662
0.423884
0.215874
0.662
0.662
0.662
0.121469
0.190165
0.662
0.104684
0.662
0.356423
0.203359
0.346467
0.662
0.204578
0.172607
0.404517
0.428337
0.121647
0.033588
0.192742
0.097088
0.0624917
0.261157
0.662
0.318048
0.662
0.356
0.662
0.662
0.353851
0.372321
0.208419
0.662
0.662
0.662
0.362236
0.00456747
0.141711
0.662
0.471169
0.662
0.662
0.662
0.190204
0.300427
0.662
0.379649
0.662
0.662
0.430385
0.662
0.446581
0.205205
0.662
0.198669
0.662
0.327876
0.461907
0.252709
0.236158
0.523643
0.463657
0.662
0.662
0.00104452
0.662
0.382286
0.662
0.662
0.135698
0.662
0.662
0.662
0.662
0.0961949
0.390214
0.662
0.135967
0.334729
0.287623
0.662
0.0088983
0.103562
0.440535
0.662
0.662
0.325179
0.436829
0.378542
0.662
0.662
0.662
0.451418
0.259125
0.662
0.374986
0.0871194
0.184021
0.328487
0.662
0.353911
0.446008
0.662
0.199517
0.00470694
0.662
0.662
0.319308
0.662
0.0373638
0.179754
0.662
0.662
0.00553368
0.662
0.599662
8.47035e-06
0.0698294
0.335899
0.662
0.551217
0.662
0.662
0.36811
0.662
0.662
0.662
0.662
0.571939
0.662
0.293766
0.662
0.383144
0.662
0.37045
0.662
0.662
0.10485
0.163749
0.662
0.662
0.248719
0.17751
0.445102
0.662
0.662
0.190756
0.473505
0.662
0.662
0.662
0.349
0.393048
0.266052
0.231106
0.662
0.662
0.662
0.474392
0.659638
0.662
0.492485
0.662
0.404875
0.662
0.131612
0.662
0.195075
0.662
0.662
0.662
0.111645
0.147053
0.662
0.662
0.662
0.45909
0.662
0.662
0.662
0.439767
0.15968
0.376006
0.210548
0.662
0.285609
0.662
0.662
0.0433594
0.035485
0.237257
0.357042
0.662
0.662
0.0833612
0.662
0.130059
0.662
0.054361
0.40371
0.507218
0.662
0.286157
0.345002
0.36569
0.214246
0.662
0.662
0.662
0.407569
0.160988
0.450241
0.662
0.425805
0.662
0.662
0.316636
0.267207
0.662
0.662
0.662
0.662
0.498377
0.188886
0.662
0.210143
0.662
0.662
0.111245
0.662
0.504524
0.662
0.0473491
0.00170064
0.662
0.30839
0.662
0.159028
0.419196
0.281092
0.662
0.662
0.125888
0.662
0.275744
0.376277
0.662
0.662
0.186171
0.662
0.662
0.662
0.145822
0.242888
0.662
0.662
0.448443
0.351832
0.201302
0.167716
0.0345375
0.662
0.305433
0.221647
0.159082
0.662
0.662
0.662
0.433198
0.662
0.662
0.499913
0.655669
0.662
0.262411
0.662
0.662
0.173215
0.444418
0.662
0.337454
0.0438725
0.252536
0.151163
0.204564
0.453978
0.373808
0.662
0.130483
0.662
0.662
0.662
0.662
0.446876
0.236178
0.662
0.205836
0.433311
0.662
0.424138
0.329794
0.34552
0.265526
0.49164
0.662
0.399241
0.325213
0.576815
0.662
0.662
0.662
0.115943
0.662
0.3798
0.662
0.178483
0.662
0.662
0.371416
0.662
0.662
0.194978
0.662
0.662
0.662
0.662
0.457544
0.662
0.15973
0.285705
0.342589
0.662
0.662
0.662
0.662
0.662
0.662
0.662
0.662
0.252487
0.662
0.285416
0.183113
0.101824
0.662
0.662
0.335239
0.662
0.256721
0.466882
0.662
0.0362316
0.662
0.662
0.662
0.662
0.662
0.662
0.257355
0.390864
0.195321
0.0434585
0.298136
0.241551
0.248901
0.0748377
0.662
0.662
0.662
0.662
0.662
0.466632
0.46248
0.662
0.403655
0.662
0.0222944
0.264125
0.662
0.662
0.2155
0.662
0.0610578
0.470132
0.164621
0.662
0.0028635
0.337543
0.662
0.662
0.304971
0.393027
0.662
0.662
0.415016
0.662
0.662
0.1355
0.013876
0.229038
0.662
0.662
0.662
0.540771
0.135033
0.662
0.662
0.662
0.662
0.662
0.188379
0.0473288
0.370522
0.634835
0.662
0.662
0.662
0.662
0.662
0.662
0.662
0.662
0.662
0.259754
0.254459
0.662
0.662
0.454587
0.0116493
0.238359
0.662
0.39072
0.662
0.662
0.113802
0.662
0.352909
0.662
0.154065
0.662
0.662
0.444934
0.662
0.662
0.408744
0.50911
0.1643
0.662
0.173367
0.372308
0.435743
0.496113
0.156297
0.662
0.197159
0.662
0.626799
0.283622
0.397986
0.662
0.662
0.490405
0.239527
0.662
0.662
0.662
0.662
0.0194617
0.424825
0.2863
0.0463468
0.662
0.662
0.424008
0.662
0.662
0.662
0.604889
0.662
0.662
0.203361
0.662
0.141159
0.662
0.662
0.662
0.0561463
0.662
0.468051
0.392655
0.662
0.304714
0.662
0.662
0.662
0.514268
0.662
0.261126
0.365029
0.316469
0.159428
0.662
0.662
0.0235547
0.662
0.662
0.246554
0.662
0.662
0.322324
0.142553
0.0623453
0.662
0.662
0.662
0.268663
0.662
0.455187
0.662
0.347671
0.418466
0.334988
