0.312353
0.662
0.662
0.662
0.292049
0.662
0.662
0.662
0.662
0.662
0.662
0.214205
0.662
0.662
0.214355
0.246555
0.662
0.662
0.662
0.662
0.662
0.662
0.442082
0.291911
0.0413533
0.295431
0.356577
0.662
0.662
0.662
0.335542
0.212421
0.662
0.662
0.662
0.334815
0.285529
0.662
0.662
0.662
0.264433
0.662
0.261638
0.466135
0.662
0.438897
0.341401
0.662
0.0533071
0.662
0.383978
0.662
0.662
0.662
0.167583
0.251128
0.169152
0.45731
0.334471
0.544215
0.196804
0.662
0.662
0.297555
0.148092
0.238231
0.136801
0.209674
0.285782
0.662
0.662
0.213974
0.662
0.662
0.662
0.0770474
0.296565
0.662
0.361215
0.662
0.0396792
0.662
0.295879
0.662
0.662
0.662
0.662
0.234118
0.202628
0.662
0.662
0.0116429
0.201635
0.662
0.0811675
0.662
0.662
0.662
0.662
0.662
0.662
0.662
0.44685
0.662
0.662
0.662
0.662
0.662
0.662
0.0509527
0.260937
0.305437
0.149446
0.662
0.337643
0.662
0.389494
0.662
0.662
0.662
0.400601
0.346888
0.3505
0.451289
0.000573587
0.662
0.384959
0.211866
0.662
0.662
0.300956
0.662
0.662
0.337724
0.0878711
0.505643
0.662
0.0718466
0.375259
0.26596
0.662
0.662
0.0871763
0.252153
0.249551
0.136168
0.662
0.662
0.0634036
0.662
0.194878
0.104138
0.662
0.662
0.0403593
0.662
0.402063
0.3365
0.16492
0.310759
0.340838
0.662
0.216947
0.662
0.662
0.662
0.229712
0.662
0.662
0.405921
0.365817
0.168215
0.662
0.662
0.464806
0.497836
0.662
0.399314
0.662
0.131845
0.550444
0.0867792
0.662
0.662
0.409798
0.662
0.662
0.444977
0.489249
0.662
0.0781843
0.169129
0.322788
0.662
0.662
0.299795
0.662
0.662
0.00803042
0.662
0.101999
0.182208
0.131892
0.662
0.662
0.418666
0.662
0.662
0.662
0.662
0.662
0.662
0.248014
0.662
0.662
0.388946
0.246035
0.131263
0.662
0.662
0.126897
0.248635
0.662
0.662
0.0381862
0.0386382
0.662
0.0812356
0.101204
0.58882
0.662
0.662
0.662
0.662
0.662
0.662
0.662
0.431801
0.662
0.662
0.37717
0.662
0.194711
0.662
0.191173
0.662
0.662
0.662
0.662
0.662
0.662
0.194501
0.498444
0.125885
0.662
0.0713652
0.172737
0.216093
0.0400708
0.327041
0.662
0.409399
0.450596
0.662
0.0463909
0.0977792
0.419125
0.0929468
0.312285
0.0476798
0.662
0.662
0.662
0.662
0.662
0.457789
0.662
0.662
0.190798
0.107591
0.637293
0.662
0.143564
0.662
0.464996
0.662
0.662
0.106407
0.662
0.662
0.662
0.662
0.452689
0.358353
0.662
0.662
0.265997
0.662
0.662
0.0547642
0.662
0.662
0.0191606
0.0247836
0.225792
0.662
0.662
0.662
0.354728
0.662
0.133736
0.477299
0.662
0.662
0.340676
0.662
0.662
0.413946
0.662
0.418534
0.506594
0.662
0.662
0.168171
0.662
0.124125
0.244636
0.662
0.662
0.41027
0.662
0.662
0.662
0.662
0.0594206
0.662
0.662
0.662
0.187323
0.662
0.662
0.525651
0.662
0.238324
0.407223
0.600423
0.445522
0.0783187
0.294329
0.662
0.662
0.388678
0.39135
0.0709584
0.157662
0.408839
0.662
0.662
0.406422
0.374587
0.662
0.662
0.0715126
0.662
0.662
0.662
0.0709416
0.662
0.335007
0.662
0.334487
0.662
0.662
0.322936
0.662
0.37572
0.662
0.373026
0.227768
0.00763369
0.662
0.431803
0.371794
0.662
0.662
0.415213
0.662
0.358094
0.662
0.370461
0.662
0.392271
0.481845
0.210622
0.0465491
0.503538
0.0168788
0.662
0.378026
0.662
0.662
0.193862
0.113634
0.48591
0.414872
0.109088
0.0488787
0.662
0.662
0.220184
0.229439
0.591566
0.662
0.662
0.662
0.662
0.662
0.156885
0.662
0.662
0.467279
0.662
0.662
0.404725
0.282593
0.0399181
0.662
0.662
0.460799
0.662
0.662
0.662
0.662
0.662
0.0981033
0.212077
0.662
0.102093
0.477925
0.662
0.206779
0.137433
0.556578
0.444865
0.437698
0.662
0.662
0.421336
0.662
0.0543249
0.662
0.662
0.296177
0.662
0.271755
0.662
0.126398
0.257024
0.534477
0.662
0.261888
0.0313631
0.300149
0.662
0.455662
0.662
0.0321239
0.0307114
0.474902
0.183173
0.662
0.146469
0.662
0.17285
0.08923
0.662
0.115546
0.662
0.662
0.662
0.662
0.309614
0.662
0.662
0.662
0.662
0.0163065
0.398404
0.0572621
0.427848
0.462945
0.386662
0.662
0.662
0.662
0.662
0.112384
0.662
0.647602
0.13942
0.662
0.356625
0.662
0.0845082
0.240407
0.36385
0.0613818
0.662
0.418748
0.377237
0.662
0.10552
0.568267
0.662
0.662
0.129112
0.662
0.248211
0.623409
0.662
0.662
0.191219
0.662
0.417825
0.240314
0.334121
0.662
0.662
0.218533
0.658416
0.294713
0.662
0.662
0.0586089
0.0807745
0.115791
0.662
0.662
0.662
0.662
0.662
0.662
0.662
0.662
0.662
0.354636
0.662
0.662
0.355213
0.662
0.662
0.662
0.662
0.295039
0.662
0.662
0.662
0.0374485
0.662
0.186798
0.349574
0.316779
0.662
0.243637
0.424947
0.662
0.404004
0.662
0.662
0.662
0.471697
0.129045
0.384105
0.0656775
0.662
0.422295
0.662
0.662
0.196012
0.449988
0.662
0.662
0.662
0.662
0.662
0.662
0.662
0.662
0.662
0.276629
0.146722
0.662
0.662
0.662
0.662
0.662
0.0541387
0.269959
0.63339
0.662
0.662
0.662
0.662
0.461272
0.662
0.28629
0.443833
0.662
0.155524
0.415058
0.357588
0.0818307
0.123336
0.662
0.466729
0.662
0.625731
0.0378324
0.116764
0.285717
0.662
0.236022
0.514768
0.0409013
0.0153049
0.662
0.438914
0.662
0.662
0.662
0.662
0.662
0.21163
0.662
0.662
0.662
0.662
0.259945
0.662
0.662
0.53939
0.662
0.662
0.662
0.662
0.662
0.662
0.662
0.662
0.146911
0.422747
0.662
0.350586
0.662
0.662
0.662
0.633391
0.662
0.662
0.379002
0.41817
0.662
0.662
0.662
0.169376
0.662
0.357479
0.662
0.662
0.662
0.229818
0.36631
0.662
0.662
0.486578
0.468874
0.662
0.230518
0.662
0.662
0.662
0.662
0.19481
0.474152
0.662
0.662
0.432118
0.147311
0.662
0.471143
0.662
0.662
0.23099
0.168264
0.662
0.662
0.662
0.662
0.662
0.173229
0.662
0.235419
0.662
0.662
0.662
0.662
0.336962
0.662
0.50659
0.662
0.662
0.662
0.662
0.662
0.662
0.662
0.049371
0.168915
0.464872
0.662
0.0168178
0.594482
0.281521
0.397723
0.201461
0.237174
0.662
0.0235101
0.233822
0.111473
0.374014
0.662
0.0674164
0.133094
0.0729404
0.662
0.124995
0.0744865
0.0588741
0.662
0.0362739
0.662
0.369118
0.348292
0.327822
0.662
0.662
0.223451
0.136648
0.394885
0.238718
0.662
0.662
0.662
0.325789
0.398105
0.296398
0.450758
0.662
0.662
0.662
0.662
0.547948
0.662
0.662
0.0728605
0.662
0.471388
0.0050914
0.662
0.662
0.662
0.307748
0.19615
0.114173
0.213461
0.00708908
0.188368
0.662
0.439168
0.662
0.662
0.18831
0.288617
0.662
0.130736
0.243047
0.280765
0.662
0.662
0.356722
0.662
0.662
0.388145
0.662
0.260954
0.0141389
0.662
0.293505
0.187739
0.662
0.662
0.662
0.662
0.583328
0.472406
0.211135
0.662
0.662
0.662
0.662
0.662
0.662
0.662
0.0920771
0.153317
0.662
0.662
0.262098
0.409796
0.417346
0.662
0.662
0.662
0.401899
0.662
0.662
0.662
0.155448
0.662
0.323472
0.662
0.662
0.175426
0.662
0.662
0.3155
0.292995
0.310144
0.394818
0.264017
0.662
0.247291
0.662
0.662
0.662
0.0616451
0.662
0.662
0.175123
0.662
0.662
0.662
0.662
0.561773
0.466097
0.662
0.244256
0.662
0.662
0.662
0.662
0.101529
0.662
0.662
0.662
0.662
0.662
0.662
0.662
0.554635
0.662
0.662
0.662
0.662
0.206349
0.662
0.398009
0.0254152
0.662
0.197271
0.662
0.662
0.662
0.662
0.359292
0.404715
0.662
0.0986175
0.662
0.662
0.662
0.0355749
0.292358
0.103864
0.00372691
0.662
0.206575
0.202313
0.381993
0.452312
0.662
0.295103
0.150382
0.328834
0.0715496
0.662
0.321019
0.662
0.471962
0.227176
0.197845
0.212631
0.662
0.662
0.662
0.0797263
0.283014
0.274686
0.662
0.662
0.149073
0.396872
0.0372027
0.662
0.481943
0.662
0.0307247
0.065443
0.662
0.537154
0.662
0.662
0.662
0.217235
0.662
0.391693
0.335482
0.662
0.0870109
0.662
0.16748
0.662
0.662
0.662
0.662
0.150409
0.142555
0.662
0.662
0.662
0.0210078
0.473678
0.355269
0.662
0.554669
0.233571
0.662
0.148765
0.662
0.662
0.662
0.662
0.662
0.108537
0.662
0.217755
0.662
0.207076
0.662
0.662
0.0332986
0.109244
0.662
0.662
0.662
0.25967
0.662
0.662
0.187109
0.662
0.172537
0.662
0.262365
0.662
0.317209
0.662
0.662
0.114624
0.662
0.297812
0.162763
0.662
0.00993563
0.662
0.662
0.662
0.44039
0.274812
0.41837
0.0167816
0.248162
0.380854
0.203646
0.662
0.101524
0.662
0.662
0.662
0.0451856
0.589321
0.662
0.662
0.617609
0.662
0.235542
0.662
0.0300994
0.662
0.662
0.568748
0.424219
0.316794
0.662
