0.662
0.196648
0.391636
0.381892
0.270608
0.662
0.662
0.373857
0.662
0.41011
0.458882
0.209044
0.662
0.182255
0.502273
0.662
0.662
0.662
0.662
0.662
0.187412
0.658839
0.319434
0.412669
0.662
0.662
0.114155
0.627307
0.662
0.209168
0.662
0.381507
0.16278
0.662
0.662
0.127732
0.662
0.413613
0.662
0.0793139
0.252617
0.662
0.662
0.662
0.662
0.662
0.662
0.662
0.662
0.662
0.501845
0.209615
0.405194
0.662
0.414366
0.299528
0.662
0.34894
0.662
0.662
0.662
0.662
0.288658
0.260545
0.29664
0.142357
0.662
0.662
0.214456
0.0942844
0.662
0.0144835
0.480158
0.662
0.108707
0.389792
0.491378
0.264758
0.662
0.180508
0.662
0.662
0.662
0.662
0.662
0.349164
0.278928
0.154424
0.224048
0.0162174
0.662
0.662
0.662
0.244314
0.662
0.662
0.662
0.662
0.662
0.399675
0.662
0.421538
0.662
0.0877084
0.288187
0.033599
0.662
0.310621
0.662
0.662
0.433012
0.662
0.237267
0.0212436
0.662
0.272333
0.662
0.662
0.662
0.330267
0.0221019
0.27596
0.366448
0.662
0.662
0.662
0.662
0.216473
0.011155
0.662
0.134606
0.662
0.0572046
0.0367735
0.167764
0.662
0.662
0.4587
0.395623
0.491737
0.662
0.210329
0.183381
0.312099
0.662
0.448952
0.662
0.662
0.278654
0.662
0.173078
0.443948
0.448699
0.380363
0.662
0.662
0.662
0.389238
0.662
0.354689
0.18878
0.662
0.662
0.662
0.0974619
0.468903
0.0204251
0.662
0.468636
0.662
0.278016
0.150484
0.662
0.662
0.282734
0.662
0.0448761
0.40793
0.662
0.182186
0.662
0.317526
0.662
0.0855535
0.662
0.161617
0.662
0.662
0.197959
0.662
0.662
0.151968
0.662
0.408223
0.662
0.662
0.662
0.428644
0.662
0.662
0.468696
0.0403976
0.662
0.662
0.179422
0.45121
0.147348
0.173467
0.662
0.128814
0.662
0.388983
0.488239
0.503761
0.196562
0.195566
0.467741
0.662
0.0787941
0.662
0.662
0.662
0.662
0.221938
0.662
0.108266
0.223862
0.662
0.11234
0.662
0.284239
0.344563
0.662
0.662
0.201886
0.662
0.662
0.28548
0.662
0.662
0.271309
0.662
0.662
0.662
0.40035
0.320207
0.662
0.662
0.662
0.268906
0.662
0.4554
0.0471946
0.35368
0.343858
0.140904
0.662
0.418109
0.662
0.172523
0.188704
0.01354
0.40565
0.662
0.662
0.662
0.662
0.662
0.662
0.302902
0.662
0.32151
0.31111
0.00265783
0.298471
0.662
0.662
0.399178
0.221439
0.0346591
0.662
0.662
0.662
0.662
0.0594133
0.42614
0.662
0.662
0.347907
0.222526
0.4945
0.441849
0.662
0.662
0.18173
0.662
0.662
0.271777
0.258135
0.414613
0.0124608
0.449921
0.662
0.238714
0.662
0.662
0.662
0.662
0.662
0.0300443
0.426634
0.215889
0.662
0.662
0.413517
0.133397
0.662
0.662
0.268294
0.662
0.662
0.662
0.25619
0.662
0.662
0.0438446
0.662
0.662
0.293702
0.662
0.662
0.541082
0.343675
0.365422
0.662
0.197447
0.139615
0.351593
0.662
0.349105
0.662
0.445212
0.662
0.265664
0.662
0.662
0.0505581
0.662
0.662
0.160077
0.0637618
0.662
0.274544
0.186891
0.662
0.662
0.662
0.346695
0.662
0.310862
0.337564
0.662
0.431634
0.450528
0.389131
0.662
0.662
0.662
0.662
0.269956
0.464828
0.662
0.662
0.662
0.190791
0.400603
0.0407459
0.662
0.662
0.11542
0.371801
0.433042
0.662
0.188523
0.662
0.662
0.662
0.662
0.58609
0.662
0.270277
0.0917492
0.662
0.158741
0.662
0.0530013
0.182768
0.662
0.662
0.662
0.0639709
0.245204
0.662
0.662
0.662
0.348387
0.339514
0.662
0.662
0.662
0.662
0.662
0.0523536
0.662
0.662
0.400046
0.187957
0.662
0.373307
0.513214
0.662
0.662
0.174549
0.0331103
0.237346
0.662
0.430603
0.662
0.662
0.195009
0.263299
0.215414
0.662
0.0872163
0.662
0.662
0.0390705
0.662
0.662
0.662
0.450963
0.662
0.377423
0.0545981
0.662
0.21239
0.662
0.662
0.316075
0.1524
0.159549
0.390623
0.172173
0.418565
0.5878
0.0819721
0.534022
0.662
0.662
0.459998
0.0843995
0.662
0.662
0.47273
0.220144
0.662
0.23535
0.00753402
0.465166
0.662
0.662
0.662
0.531994
0.172012
0.662
0.662
0.662
0.662
0.068006
0.464415
0.662
0.662
0.662
0.478699
0.280098
0.662
0.180778
0.308108
0.662
0.662
0.662
0.662
0.662
0.662
0.662
0.222054
0.100468
0.662
0.662
0.154341
0.662
0.33473
0.444265
0.662
0.286185
0.662
0.662
0.662
0.662
0.125314
0.0236881
0.662
0.361751
0.662
0.263557
0.662
0.662
0.535359
0.505592
0.394685
0.662
0.662
0.1895
0.227271
0.431827
0.378392
