0.304415
0.662
0.468882
0.662
0.461089
0.118108
0.0314197
0.662
0.387464
0.412696
0.662
0.662
0.236706
0.662
0.662
0.191925
0.0284894
0.662
0.395248
0.175959
0.662
0.47101
0.282745
0.662
0.662
0.100958
0.15452
0.662
0.662
0.419563
0.617533
0.662
0.662
0.345456
0.4743
0.662
0.164744
0.662
0.352883
0.135147
0.662
0.62897
0.162984
0.449282
0.277051
0.662
0.662
0.350982
0.662
0.2462
0.18913
0.104039
0.222604
0.567145
0.335504
0.0623683
0.662
0.662
0.247749
0.340778
0.662
0.2839
0.662
0.662
0.662
0.662
0.662
0.662
0.662
0.357773
0.662
0.662
0.662
0.345838
0.662
0.457757
0.662
0.426598
0.662
0.662
0.662
0.662
0.375843
0.0734258
0.336981
0.662
0.662
0.662
0.196015
0.662
0.633391
0.662
0.662
0.33758
0.242818
0.662
0.0814773
0.662
0.48481
0.258292
0.662
0.309002
0.409812
0.662
0.662
0.662
0.662
0.474444
0.0338462
0.46526
0.0462894
0.662
0.662
0.662
0.662
0.662
0.405817
0.662
0.399795
0.19659
0.221236
0.448772
0.565761
0.203416
0.446164
0.483839
0.662
0.662
0.341665
0.662
0.2926
0.246769
0.131957
0.662
0.556325
0.28219
0.662
0.453483
0.0232105
0.176994
0.662
0.662
0.662
0.662
0.57001
0.662
0.144331
0.662
0.213528
0.662
0.178617
0.268648
0.662
0.662
0.289503
0.662
0.662
0.223284
0.662
0.662
0.322046
0.354206
0.280188
0.0207911
0.00153506
0.662
0.0156357
0.662
0.662
0.662
0.662
0.0739054
0.662
0.421805
0.662
0.662
0.662
0.662
0.662
0.662
0.662
0.463018
0.662
0.205772
0.0777369
0.200052
0.298273
0.0967373
0.662
0.369128
0.662
0.662
0.147672
0.662
0.662
0.103658
0.662
0.455418
0.318278
0.662
0.662
0.0748201
0.432722
0.277073
0.368421
0.12757
0.0594805
0.662
0.662
0.371713
0.662
0.0497856
0.662
0.662
0.662
0.662
0.662
0.662
0.435808
0.230723
0.178648
0.240477
0.638302
0.368167
0.662
0.109951
0.167825
0.662
0.662
0.0791505
0.662
0.662
0.662
0.171211
0.143929
0.662
0.662
0.662
0.662
0.662
0.413666
0.662
0.143503
0.393871
0.662
0.209024
0.662
0.339679
0.662
0.324566
0.662
0.153201
0.0209793
0.662
0.662
0.3453
0.662
0.662
0.361501
0.105184
0.0577041
0.662
0.11223
0.662
0.662
0.332513
0.662
0.662
0.266213
0.0811195
0.394335
0.100294
0.368705
0.520254
0.401551
0.467202
0.223065
0.448129
0.662
0.475103
0.352857
0.392999
0.662
0.201281
0.662
0.104618
0.384128
0.23049
0.276594
0.302131
0.662
0.347738
0.249424
0.662
0.662
0.234222
0.177426
0.119126
0.336767
0.662
0.662
0.285815
0.662
0.527083
0.369629
0.662
0.127047
0.633694
0.332054
0.662
0.437426
0.662
0.428471
0.529982
0.165334
0.414464
0.662
0.415705
0.0816789
0.442914
0.662
0.182985
0.0485685
0.230748
0.284493
0.662
0.102557
0.662
0.232025
0.171727
0.662
0.570318
0.662
0.662
0.337359
0.662
0.662
0.662
0.470422
0.662
0.662
0.269199
0.346726
0.662
0.662
0.408114
0.0628679
0.662
0.662
0.149451
0.0736599
0.662
0.482667
0.662
0.662
0.213868
0.157933
0.662
0.58853
0.248303
0.0766025
0.662
0.263987
0.195171
0.662
0.662
0.662
0.662
0.662
0.236792
0.351934
0.662
0.0720599
0.662
0.662
0.662
0.662
0.662
0.0757239
0.0247239
0.00625822
0.662
0.662
0.662
0.662
0.184687
0.662
0.34798
0.237319
0.662
0.662
0.453911
0.662
0.662
0.662
0.287107
0.451011
0.195972
0.662
0.185039
0.422533
0.226484
0.662
0.662
0.662
0.100677
0.662
0.306955
0.215419
0.662
0.662
0.662
0.662
0.662
0.475581
0.662
0.0599567
0.662
0.451505
0.288529
0.662
0.469745
0.662
0.662
0.417757
0.662
0.231646
0.662
0.05766
0.662
0.173967
0.662
0.662
0.662
0.092906
0.662
0.662
0.662
0.590651
0.662
0.662
0.662
0.439723
0.662
0.662
0.662
0.662
0.662
0.662
0.265231
0.239878
0.662
0.0473848
0.662
0.129139
0.662
0.15443
0.662
0.662
0.439792
0.13648
0.662
0.143408
0.462834
0.662
0.496652
0.277123
0.404603
0.435954
0.662
0.662
0.662
0.14491
0.232646
0.662
0.662
0.130481
0.662
0.453821
0.662
0.575473
0.501479
0.00133134
0.65676
0.662
0.662
0.662
0.453141
0.476393
0.662
0.0833069
0.662
0.662
0.662
0.662
0.662
0.271607
0.662
0.258968
0.662
0.662
0.662
0.662
0.662
0.0760254
0.662
0.194082
0.231118
0.323267
0.358582
0.662
0.662
0.542959
0.662
0.282151
0.350701
0.408999
0.662
0.491138
0.125382
0.205551
0.309811
0.662
0.335829
0.662
0.20268
0.662
0.494187
0.635486
0.662
0.662
0.662
0.464698
0.34162
0.662
0.314959
0.479285
0.662
0.334137
0.662
0.662
0.662
0.662
0.470333
0.480889
0.662
0.662
0.662
0.662
0.662
0.662
0.114389
0.208702
0.662
0.182065
0.163223
0.272868
0.0478645
0.662
0.662
0.0516705
0.0670337
0.219678
0.662
0.662
0.163788
0.662
0.165612
0.511229
0.662
0.0195191
0.0472341
0.36162
0.458771
0.362464
0.525517
0.340085
0.434084
0.074591
0.662
0.662
0.662
0.331076
0.198325
0.662
0.662
0.24658
0.301496
0.662
0.662
0.172743
0.662
0.662
0.398865
0.34429
0.662
0.382253
0.662
0.497585
0.331183
0.662
0.139612
0.334362
0.475791
0.662
0.256273
0.472303
0.033713
0.414015
0.662
0.662
0.662
0.295791
0.662
0.662
0.439051
0.488852
0.662
0.662
0.662
0.662
0.662
0.662
0.662
0.662
0.531743
0.662
0.662
0.278305
0.662
0.0567493
0.662
0.256769
0.530514
0.662
0.298315
0.438341
0.662
0.662
0.662
0.662
0.662
0.216898
0.662
0.662
0.462834
0.585865
0.662
0.206458
0.662
0.662
0.662
0.662
0.662
0.662
0.662
0.662
0.14339
0.662
0.149584
0.662
0.286225
0.0736273
0.207075
0.662
0.662
0.662
0.662
0.662
0.662
0.662
0.662
0.345527
0.403417
0.447549
0.662
0.662
0.662
0.0520486
0.395591
0.662
0.470771
0.662
0.662
0.662
0.218401
0.0107773
0.174471
0.662
0.662
0.662
0.513373
0.662
0.465872
0.305674
0.662
0.255993
0.662
0.662
0.602221
0.662
0.662
0.662
0.202069
0.219021
0.387214
0.662
0.662
0.662
0.113558
0.662
0.662
0.662
0.662
0.662
0.662
0.662
0.150692
0.662
0.662
0.476397
0.662
0.662
0.662
0.182628
0.662
0.0114179
0.662
0.662
0.662
0.182653
0.662
0.461431
0.662
0.113052
0.475706
0.662
0.662
0.662
0.244386
0.207187
0.662
0.662
0.113812
0.0263792
0.478817
0.318256
0.662
0.662
0.662
0.662
0.344041
0.662
0.0880153
0.662
0.662
0.662
0.662
0.605231
0.662
0.0692034
0.662
0.356096
0.287377
0.662
0.662
0.662
0.662
0.662
0.412242
0.662
0.100077
0.662
0.102641
0.236865
0.662
0.662
0.270843
0.571702
0.45075
0.248508
0.662
0.662
0.443431
0.0238793
0.29185
0.662
0.419687
0.0721088
0.439854
0.390383
0.177065
0.662
0.662
0.662
0.662
0.208257
0.542936
0.0964774
0.662
0.388859
0.247952
0.288473
0.235263
0.300925
0.662
0.284931
0.129261
0.241367
0.662
0.662
0.662
0.662
0.384378
0.372127
0.662
0.662
0.662
0.662
0.0248167
0.185494
0.662
0.662
0.662
0.662
0.131997
0.29762
0.291376
0.0341474
0.163458
0.231972
0.227681
0.462074
0.662
0.270229
0.511918
0.400448
0.662
0.662
0.662
0.436922
0.441712
0.662
0.543467
0.662
0.369305
0.464614
0.242475
0.622766
0.662
0.662
0.662
0.662
0.160861
0.662
0.662
0.662
0.662
0.31386
0.662
0.419373
0.050492
0.36637
0.41706
0.662
0.472655
0.431868
0.190763
0.662
0.662
0.662
0.269947
0.662
0.662
0.186049
0.11611
0.662
0.662
0.331656
0.662
0.40474
0.662
0.225713
0.0703338
0.662
0.662
0.662
0.662
0.662
0.662
0.222534
0.662
0.662
0.104261
0.514283
0.662
0.662
0.662
0.311473
0.662
0.24966
0.662
0.662
0.662
0.0792283
0.662
0.123089
0.377816
0.662
0.43408
0.129507
0.662
0.355262
0.662
0.662
0.662
0.468508
0.426218
0.122914
0.662
0.662
0.0993007
0.0673923
0.662
0.422748
0.273986
0.366589
0.0516627
0.12423
0.443798
0.662
0.562941
0.0738781
0.357808
0.662
0.662
0.156625
0.181602
0.662
0.662
0.419318
0.662
0.662
0.662
0.52944
0.613368
0.113249
0.662
0.662
0.114654
0.662
0.0514383
0.422608
0.415178
0.662
0.662
0.416565
0.633391
0.442567
0.662
0.191772
0.543066
0.662
0.662
0.662
0.662
0.662
0.662
0.179383
0.662
0.433515
0.662
0.662
0.0121739
0.137693
0.662
0.244128
0.662
0.132705
0.153303
0.169303
0.662
0.662
0.00389934
0.662
0.662
0.278339
0.662
0.190112
0.662
0.662
0.438658
0.472567
0.347801
0.008025
0.228314
0.662
0.230596
0.285136
0.544741
0.662
0.662
0.662
0.157423
0.534859
0.662
0.662
0.593439
0.191852
0.662
0.662
0.662
0.440453
0.662
0.662
0.662
0.662
0.662
0.662
0.662
0.662
0.448014
0.406221
0.609434
0.412795
0.662
0.662
0.662
0.662
0.285382
0.662
0.251886
0.355197
0.662
0.00429271
0.137242
0.253969
0.135909
0.468427
0.30427
0.428141
0.0817884
0.662
0.662
0.489943
0.662
0.662
0.662
0.567145
0.662
0.254666
0.662
0.0698524
0.662
0.491234
0.662
0.662
0.391292
0.662
0.413305
0.327708
0.189876
0.662
0.662
0.662
0.662
0.662
0.662
0.111311
0.662
0.662
0.438864
0.541343
0.662
0.662
0.0831497
0.662
0.173919
0.399619
0.299627
0.41004
0.662
0.662
0.662
0.662
0.662
0.662
0.662
0.662
0.662
0.111145
0.662
0.3399
0.662
0.645544
0.662
0.662
0.662
0.641195
0.662
0.662
0.182347
0.368907
0.415971
0.338473
0.662
0.662
0.662
0.416029
0.318274
0.662
0.662
0.389399
0.205401
0.222615
0.444019
0.0691008
0.228679
0.662
0.662
0.662
0.0277428
0.662
0.662
0.662
0.177725
0.662
0.662
0.171354
0.662
0.343107
0.662
0.662
0.427867
0.335954
0.662
0.662
0.425671
0.381789
0.662
0.321001
0.0265797
0.662
0.130159
0.456282
0.662
0.451889
0.662
0.382156
0.137369
0.464727
0.0239595
0.662
0.529602
0.371861
0.662
0.152487
0.212383
0.662
0.146422
0.662
0.491785
0.121624
0.662
0.225796
0.662
0.108918
0.662
0.662
0.265206
0.662
0.662
0.267513
0.662
0.662
0.216565
0.662
0.662
0.662
0.573288
0.662
0.456433
0.662
0.662
