0.025589
0.662
0.662
0.662
0.0825945
0.662
0.662
0.662
0.390777
0.253008
0.662
0.15151
0.662
0.662
0.662
0.164892
0.662
0.269175
0.22029
0.662
0.662
0.662
0.258323
0.662
0.662
0.0595723
0.662
0.662
0.662
0.662
0.662
0.313733
0.454628
0.46308
0.662
0.662
0.367048
0.662
0.662
0.211148
0.166369
0.662
0.662
0.662
0.662
0.662
0.662
0.449768
0.662
0.662
0.115616
0.292729
0.662
0.662
0.336109
0.662
0.662
0.662
0.385661
0.0867285
0.348141
0.662
0.662
0.0559842
0.662
0.380077
0.406351
0.23762
0.23189
0.662
0.188916
0.662
0.662
0.456712
0.144052
0.355445
0.662
0.662
0.662
0.662
0.253022
0.662
0.290014
0.662
0.637182
0.662
0.662
0.662
0.346491
0.281355
0.662
0.000684317
0.662
0.112057
0.662
0.662
0.662
0.382076
0.498932
0.337393
0.662
0.662
0.662
0.066677
0.662
0.383525
0.662
0.662
0.481235
0.662
0.662
0.537307
0.662
0.159864
0.662
0.460761
0.662
0.662
0.662
0.1699
0.144614
0.662
0.0987758
0.318875
0.590413
0.286723
0.0388335
0.447675
0.662
0.001843
0.392717
0.225856
0.459477
0.370908
0.662
0.662
0.0313546
0.662
0.402692
0.401607
0.0869079
0.662
0.662
0.232682
0.29097
0.475585
0.2912
0.326533
0.662
0.208511
0.0406939
0.662
0.123624
0.38887
0.662
0.407335
0.327912
0.662
0.155982
0.258181
0.662
0.662
0.308948
0.662
0.662
0.542435
0.0344888
0.320258
0.469832
0.147184
0.0886639
0.161441
0.662
0.188439
0.174258
0.662
0.243916
0.662
0.662
0.0776319
0.662
0.662
0.210515
0.360069
0.563635
0.409097
0.643273
0.662
0.662
0.34144
0.662
0.440734
0.662
0.455398
0.45622
0.377875
0.256241
0.662
0.434642
0.662
0.241023
0.662
0.337258
0.170561
0.662
0.662
0.117333
0.662
0.662
0.662
0.466016
0.662
0.0262465
0.248046
0.662
0.662
0.662
0.662
0.37767
0.662
0.215181
0.662
0.662
0.304571
0.662
0.662
0.662
0.662
0.662
0.000626911
0.190232
0.662
0.662
0.168179
0.662
0.662
0.662
0.662
0.295685
0.662
0.662
0.662
0.662
0.662
0.0866407
0.198938
0.259844
0.662
0.0841074
0.662
0.662
0.471811
0.662
0.662
0.662
0.346058
0.248437
0.662
0.376856
0.662
0.177022
0.662
0.662
0.662
0.367915
0.662
0.468948
0.128543
0.662
0.237119
0.606966
0.662
0.283238
0.662
0.0991821
0.236685
0.444941
0.662
0.160331
0.269091
0.33987
0.217369
0.662
0.207224
0.171448
0.662
0.662
0.662
0.298297
0.403548
0.662
0.662
0.294503
0.662
0.113596
0.662
0.662
0.115322
0.382093
0.199878
0.398432
0.662
0.662
0.662
0.662
0.662
0.225261
0.460787
0.415684
0.662
0.662
0.662
0.662
0.16302
0.45052
0.662
0.662
0.084276
0.662
0.211136
0.151212
0.662
0.242242
0.176057
0.396375
0.311725
0.662
0.662
0.662
0.132273
0.662
0.662
0.27928
0.662
0.662
0.225141
0.457614
0.392126
0.662
0.662
0.662
0.662
0.219161
0.662
0.0306444
0.662
0.662
0.662
0.604044
0.662
0.662
0.0669129
0.196116
0.267369
0.662
0.662
0.232147
0.662
0.061697
0.187262
0.196161
0.662
0.662
0.451885
0.662
0.463676
0.662
0.662
0.400801
0.0532457
0.0988339
0.662
0.331497
0.662
0.662
0.662
0.662
0.662
0.662
0.313808
0.534802
0.662
0.662
0.662
0.662
0.662
0.408038
0.178817
0.662
0.662
0.662
0.405053
0.662
0.428962
0.232694
0.00629969
0.431453
0.662
0.662
0.662
0.121419
0.45229
0.662
0.113938
0.662
0.209107
0.662
0.662
0.662
0.662
0.0180171
0.328024
0.159475
0.662
0.662
0.326129
0.662
0.662
0.662
0.191732
0.320717
0.662
0.0498784
0.0575575
0.662
0.126756
0.619437
0.357813
0.221125
0.455473
0.662
0.194519
0.662
0.662
0.662
0.259731
0.662
0.662
0.244414
0.662
0.662
0.306084
0.662
0.662
0.320179
0.662
0.662
0.00760869
0.463426
0.662
0.662
0.662
0.662
0.406057
0.271841
0.662
0.334964
0.233111
0.134878
0.662
0.475882
0.331544
0.662
0.147301
0.414771
0.0763894
0.662
0.662
0.20704
0.346989
0.394982
0.662
0.662
0.662
0.145058
0.26182
0.662
0.515221
0.662
0.554912
0.662
0.662
0.662
0.00658483
0.662
0.662
0.662
0.477817
0.662
0.662
0.110007
0.662
0.662
0.660225
0.560011
0.662
0.446308
0.397919
0.278903
0.125261
0.662
0.481245
0.178929
0.662
0.336185
0.17769
0.230634
0.155149
0.662
0.00926933
0.662
0.662
0.662
0.662
0.662
0.414856
0.662
0.662
0.218612
0.662
0.171676
0.662
0.662
0.297461
0.662
0.662
0.00351926
0.662
0.662
0.662
0.662
0.662
0.662
0.347822
0.144971
0.241188
0.662
0.213331
0.662
0.286345
0.00991911
0.387486
0.662
0.46097
0.662
0.311353
0.308489
0.662
0.334397
0.662
0.150249
0.662
0.662
0.662
0.662
0.662
0.662
0.662
0.662
0.223498
0.662
0.0270789
0.0159273
0.056122
0.662
0.662
0.662
0.285146
0.662
0.662
0.662
0.662
0.0131016
0.662
0.662
0.36553
0.662
0.0981631
0.662
0.662
0.325869
0.348324
0.662
0.662
0.662
0.662
0.662
0.141988
0.327759
0.165001
0.662
0.118988
0.0521769
0.662
0.450635
0.662
0.465337
0.662
0.383378
0.662
0.212665
0.662
0.662
0.295119
0.0759801
0.662
0.662
0.105314
0.662
0.526835
0.0251174
0.115709
0.0953534
0.0658435
0.251935
0.30363
0.199426
0.662
0.662
0.00503775
0.176764
0.401313
0.169829
0.662
0.662
0.0281101
0.662
0.444834
0.0723973
0.662
0.33581
0.662
0.662
0.662
0.662
0.662
0.662
0.662
0.196858
0.662
0.662
0.00990096
0.662
0.662
0.455135
0.662
0.662
0.199341
0.662
0.156969
0.0391138
0.069595
0.428245
0.662
0.662
0.662
0.662
0.102438
0.662
0.662
0.662
0.423748
0.390857
0.662
0.662
0.662
0.0738076
0.403611
0.157816
0.662
0.662
0.662
0.474396
0.441962
0.662
0.3309
0.662
0.112822
0.202729
0.314688
0.308925
0.289801
0.662
0.662
0.662
0.234708
0.662
0.195647
0.662
0.444863
0.662
0.130332
0.662
0.662
0.350729
