0.662
0.662
0.53884
0.389166
0.428982
0.662
0.662
0.662
0.662
0.282014
0.301834
0.662
0.65308
0.57027
0.662
0.011155
0.662
0.662
0.0323967
0.662
0.662
0.450528
0.113596
0.196266
0.662
0.01354
0.662
0.361178
0.662
0.662
0.227273
0.186891
0.662
0.206293
0.450501
0.662
0.662
0.662
0.662
0.662
0.270277
0.662
0.21239
0.662
0.458882
0.662
0.662
0.662
0.151553
0.197447
0.40565
0.662
0.662
0.662
0.412972
0.662
0.662
0.508476
0.282734
0.229319
0.662
0.176764
0.169379
0.662
0.662
0.662
0.662
0.188663
0.662
0.211148
0.662
0.28548
0.662
0.433294
0.662
0.0379902
0.375777
0.662
0.223003
0.43163
0.380748
0.121419
0.0221606
0.662
0.32515
0.419387
0.443081
0.246007
0.662
0.662
0.662
0.662
0.662
0.662
0.662
0.662
0.517908
0.419557
0.091353
0.662
0.245154
0.393453
0.662
0.662
0.438755
0.15151
0.662
0.662
0.41011
0.582637
0.459336
0.662
0.662
0.662
0.114155
0.280118
0.2912
0.0495224
0.662
0.272575
0.662
0.448419
0.662
0.34131
0.662
0.578747
0.363471
0.405194
0.662
0.393903
0.662
0.00367267
0.489827
0.124474
0.662
0.343941
0.44985
0.662
0.662
0.662
0.662
0.662
0.662
0.662
0.662
0.235041
0.662
0.662
0.662
0.166931
0.187987
0.0459853
0.662
0.468948
0.393079
0.599866
0.662
0.245364
0.662
0.662
0.151052
0.662
0.662
0.662
0.662
0.662
0.662
0.0236881
0.662
0.47364
0.45504
0.164892
0.304019
0.226752
0.662
0.662
0.662
0.0146209
0.333327
0.662
0.469645
0.0572046
0.233032
0.18173
0.662
0.222526
0.662
0.362795
0.351059
0.209895
0.662
0.0594133
0.662
0.662
0.25232
0.486045
0.662
0.127694
0.234371
0.662
0.662
0.165909
0.266456
0.229462
0.0210751
0.662
0.4669
0.662
0.662
0.662
0.662
0.0294095
0.662
0.0545981
0.402894
0.662
0.662
0.0819491
0.662
0.269956
0.438832
0.662
0.662
0.662
0.108145
0.180811
0.662
0.662
0.662
0.662
0.364026
0.221956
0.662
0.662
0.662
0.200699
0.662
0.662
0.0247507
0.319696
0.256536
0.45146
0.662
0.662
0.662
0.485318
0.364087
0.106969
0.0869773
0.662
0.499529
0.662
0.662
0.0168228
0.52119
0.662
0.662
0.662
0.195433
0.662
0.662
0.662
0.662
0.662
0.662
0.662
0.459335
0.358345
0.662
0.662
0.271749
0.150484
0.305695
0.662
0.662
0.662
0.311188
0.662
0.35016
0.662
0.662
0.0906348
0.151255
0.441849
0.662
0.662
0.662
0.662
0.662
0.662
0.662
0.21367
0.662
0.662
0.37888
0.19553
0.662
0.662
0.662
0.491888
0.662
0.449653
0.662
0.472512
0.662
0.662
0.662
0.662
0.662
0.31111
0.662
0.389131
0.560877
0.662
0.13036
0.662
0.662
0.343314
0.263642
0.38272
0.468989
0.119239
0.0281101
0.403142
0.662
0.662
0.662
0.164935
0.662
0.662
0.662
0.662
0.11164
0.662
0.207109
0.662
0.310621
0.662
0.662
0.413573
0.236685
0.662
0.662
0.662
0.389712
0.142357
0.232133
0.662
0.427387
0.451698
0.647176
0.662
0.662
0.0523536
0.180544
0.265199
0.424044
0.662
0.662
0.337564
0.662
0.662
0.662
0.0555901
0.662
0.662
0.662
0.138979
0.662
0.662
0.662
0.258522
0.1237
0.183645
0.662
0.662
0.209929
0.662
0.395905
0.662
0.662
0.346491
0.0391138
0.662
0.662
0.662
0.662
0.122308
0.662
0.662
0.371113
0.428413
0.45121
0.662
0.384139
0.662
0.662
0.154424
0.662
0.0885503
0.330267
0.388983
0.662
0.431723
0.238447
0.136034
0.662
0.0241496
0.662
0.662
0.348387
0.395357
0.444735
0.0614612
0.244487
0.662
0.0319372
0.662
0.402268
0.0254656
0.524699
0.662
0.662
0.402719
0.662
0.662
0.0572617
0.662
0.662
0.662
0.662
0.662
0.50826
0.662
0.662
0.386951
0.662
0.662
0.662
0.272172
0.252646
0.662
0.662
0.662
0.662
0.286723
0.662
0.375589
0.484556
0.422946
0.662
0.22461
0.279832
0.662
0.662
0.662
0.303279
0.662
0.174528
0.435586
0.662
0.377013
0.662
0.132273
0.258882
0.662
0.662
0.662
0.391636
0.40313
0.662
0.662
0.240586
0.222421
0.159711
0.0221019
0.662
0.662
0.662
0.662
0.662
0.662
0.662
0.662
0.662
0.662
0.0402582
0.662
0.224496
0.662
0.202811
0.258135
0.382268
0.662
0.662
0.662
0.662
0.662
0.209044
0.380363
0.378574
0.662
0.299528
0.662
0.662
0.0951324
0.662
0.179269
0.662
0.662
0.236972
0.222054
0.662
0.213144
0.41604
0.292792
0.662
0.490302
0.662
0.213924
0.414613
0.0936101
0.472835
0.662
0.662
0.446305
0.0195244
0.518226
0.662
0.662
0.445212
0.662
0.16278
0.128063
0.172523
0.662
0.662
0.662
0.662
0.349105
0.662
0.469832
0.662
0.662
0.662
0.662
0.19621
0.662
0.15339
0.0845209
0.362209
0.347907
0.071631
0.308911
0.0530013
0.662
0.662
0.662
0.662
0.373307
0.662
0.662
0.224357
0.662
0.662
0.159549
0.32727
0.289801
0.662
0.401015
0.28433
0.662
0.662
0.662
0.377283
0.662
0.167735
0.45581
0.0306444
0.188704
0.243816
0.458594
0.662
0.37462
0.662
0.662
0.662
0.662
