0.662
0.662
0.481235
0.662
0.662
0.662
0.448876
0.0582586
0.460388
0.401313
0.662
0.662
0.261021
0.662
0.662
0.662
0.662
0.466016
0.15364
0.412711
0.248437
0.132813
0.662
0.440734
0.475585
0.075177
0.662
0.275812
0.320717
0.374764
0.662
0.662
0.115322
0.662
0.103047
0.662
0.223498
0.505298
0.230084
0.606966
0.196161
0.223336
0.662
0.662
0.451894
0.199341
0.227392
0.241023
0.151745
0.662
0.273894
0.662
0.662
0.198938
0.204254
0.662
0.41852
0.662
0.476644
0.069595
0.662
0.662
0.00812079
0.444834
0.102438
0.144052
0.662
0.662
0.662
0.143098
0.662
0.662
0.45366
0.405053
0.403611
0.662
0.520706
0.0405127
0.662
0.662
0.662
0.662
0.662
0.662
0.662
0.222788
0.662
0.179171
0.340636
0.0561126
0.199878
0.662
0.484663
0.662
0.662
0.662
0.374702
0.662
0.662
0.518934
0.662
0.147868
0.662
0.323752
0.662
0.198576
0.662
0.400284
0.258181
0.662
0.395322
0.662
0.374198
0.463771
0.662
0.423748
0.389382
0.332105
0.662
0.222025
0.662
0.317511
0.662
0.662
0.22583
0.662
0.20704
0.662
0.662
0.245371
0.662
0.0823812
0.662
0.662
0.662
0.178817
0.0452018
0.662
0.662
0.163282
0.662
0.190764
0.662
0.32753
0.0282533
0.262755
0.00523837
0.391589
0.429171
0.0265106
0.662
0.662
0.662
0.662
0.068731
0.235036
0.662
0.0946243
0.662
0.542435
0.447365
0.662
0.0982753
0.662
0.460761
0.662
0.662
0.414266
0.460787
0.662
0.662
0.333355
0.662
0.662
0.63863
0.456712
0.662
0.662
0.173742
0.662
0.662
0.211055
0.0477104
0.074831
0.306084
0.00832227
0.662
0.662
0.662
0.662
0.662
0.662
0.662
0.432557
0.0738076
0.347822
0.210515
0.563651
0.662
0.564045
0.662
0.662
0.662
0.662
0.407147
0.141639
0.662
0.662
0.662
0.662
0.662
0.662
0.406535
0.662
0.662
0.662
0.171676
0.463426
0.125746
0.493947
0.662
0.153465
0.165001
0.136482
0.314893
0.662
0.662
0.662
0.662
0.178653
0.662
0.340509
0.294503
0.662
0.318875
0.0595723
0.662
0.662
0.662
0.23762
0.662
0.662
0.662
0.26699
0.328024
0.173877
0.0307061
0.158964
0.662
0.308489
0.662
0.541995
0.165915
0.662
0.237119
0.219161
0.397919
0.400628
0.662
0.11409
0.0119234
0.662
0.662
0.454628
0.662
0.662
0.662
0.420291
0.0869079
0.662
0.0320502
0.216221
0.662
0.662
0.428962
0.662
0.662
0.187262
0.662
0.662
0.337258
0.0867285
0.142054
0.637182
0.662
0.662
0.662
0.195861
0.662
0.345741
0.662
0.662
0.662
0.662
0.662
0.265231
0.662
0.662
0.167652
0.662
0.254183
0.129657
0.221489
0.459477
0.411127
0.662
0.450818
0.662
0.31274
0.662
0.662
0.662
0.662
0.397248
0.662
0.662
0.145058
0.662
0.662
0.376856
0.662
0.662
0.0880315
0.471649
0.0805099
0.0763894
0.662
0.465781
0.36553
0.662
0.184786
0.662
0.662
0.457614
0.22798
0.662
0.662
0.294564
0.662
0.405937
0.662
0.0298555
0.662
0.662
0.0936847
0.662
0.121338
0.662
0.662
0.450586
0.377875
0.662
0.452893
0.662
0.662
0.575977
0.662
0.662
0.662
0.662
0.239356
0.662
0.065317
0.662
0.44028
0.195647
0.238276
0.160772
0.662
0.321055
0.662
0.662
0.248544
0.662
0.662
0.190202
0.1106
0.662
0.420479
0.142651
0.662
0.662
0.0498784
0.662
0.325869
0.662
0.662
0.662
0.260654
0.22366
0.283426
0.444863
0.662
0.662
0.662
0.45052
0.398432
0.662
0.662
0.454957
0.39628
0.662
0.150249
0.662
0.662
0.239033
0.662
0.662
0.662
0.662
0.662
0.248524
0.662
0.662
0.242789
0.662
0.662
0.662
0.0837032
0.662
0.662
0.102008
0.662
0.662
0.662
0.662
0.662
0.141988
0.236459
0.662
0.662
0.0329965
0.00926933
0.208781
0.346989
0.222989
0.662
0.662
0.0841074
0.441554
0.662
0.136996
0.202421
0.662
0.469141
0.444941
0.662
0.0692201
0.311977
0.0255136
0.238841
0.0640831
0.662
0.617587
0.346058
0.0509944
0.662
0.308948
0.662
0.662
0.389357
0.662
0.176066
0.662
0.306156
0.662
0.662
0.662
0.619437
0.0715098
0.662
0.10927
0.662
0.662
0.662
0.662
0.33581
0.40004
0.662
0.1681
0.662
0.245369
0.204313
0.126656
0.662
0.662
0.662
0.274926
0.22756
0.215181
0.387578
0.25402
0.662
0.662
0.662
0.0491954
0.662
0.662
0.662
0.0763505
0.0681924
0.662
0.263782
0.259731
0.662
0.158156
0.662
0.662
0.662
0.662
0.000331683
0.265839
0.182927
0.662
0.662
0.662
0.662
0.313731
0.662
0.000626911
0.662
0.662
0.515221
0.662
0.662
0.112822
0.662
0.662
0.137733
0.212888
0.662
0.662
0.463429
0.662
0.220719
0.307354
0.662
0.662
0.662
0.291678
0.295685
0.662
0.225141
0.321049
0.662
0.662
0.662
0.0886639
0.384174
0.662
0.662
0.662
0.16302
0.112057
0.662
0.17769
0.662
0.662
0.158048
0.449341
0.662
0.662
0.115
0.662
0.0262465
0.248046
0.238907
0.662
0.662
0.256405
0.084276
0.176226
0.0532457
0.164892
0.662
0.662
0.0723973
0.662
0.662
0.662
0.454862
0.414894
0.22741
0.025589
0.347868
0.662
0.662
0.00629969
0.183453
0.180811
0.662
0.0834696
0.662
0.399141
0.333293
0.662
0.443015
0.662
0.0188538
0.662
0.662
0.662
0.0159273
0.126125
0.662
0.188916
0.662
0.662
0.662
0.507568
0.438643
0.662
0.662
0.393946
0.662
0.0251174
0.45229
0.385661
0.662
0.534802
0.662
0.662
0.243916
0.662
0.11355
0.662
0.662
0.0953534
0.662
0.662
0.662
0.463676
0.337444
0.144971
0.241188
0.495676
0.165185
0.662
0.662
0.662
0.662
0.662
0.0768766
0.662
0.259844
0.185048
0.662
0.662
0.662
0.662
0.213195
0.662
0.431453
0.662
0.662
0.662
0.598909
0.662
0.190764
0.435554
0.171448
0.414234
0.662
0.293467
0.662
0.662
0.662
0.662
0.662
0.662
0.662
0.360069
0.662
0.165957
0.318957
0.335871
0.219187
0.320258
0.251935
0.537307
0.662
0.238601
0.203988
0.662
0.320179
0.662
0.662
0.422571
0.185096
0.481245
0.26574
0.662
0.399672
0.461816
0.662
0.221125
0.117803
0.176946
0.176089
0.662
0.662
0.662
0.451056
0.23189
0.309864
0.359196
0.662
0.285146
0.205277
0.483851
0.105314
0.203476
0.662
0.662
0.662
0.115318
0.196999
0.605161
0.373821
0.326533
0.268097
0.662
0.662
0.662
0.307806
0.662
