0.576285
0.662
0.0595723
0.470389
0.662
0.3309
0.0691437
0.662
0.662
0.360847
0.388233
0.353774
0.662
0.662
0.662
0.662
0.662
0.662
0.174336
0.662
0.481245
0.662
0.239356
0.419686
0.662
0.381631
0.476644
0.662
0.349127
0.662
0.662
0.353205
0.662
0.662
0.437993
0.226138
0.122569
0.223336
0.662
0.232554
0.405937
0.347511
0.662
0.662
0.662
0.662
0.120101
0.308489
0.662
0.662
0.1681
0.23762
0.391589
0.0108867
0.417475
0.662
0.662
0.662
0.662
0.158156
0.0946243
0.0271618
0.662
0.662
0.662
0.434682
0.208781
0.352358
0.17432
0.662
0.662
0.165185
0.35929
0.662
0.188117
0.662
0.662
0.662
0.63863
0.0532457
0.662
0.272322
0.662
0.662
0.378823
0.662
0.662
0.662
0.329676
0.333531
0.265938
0.41852
0.662
0.662
0.235283
0.662
0.297846
0.662
0.662
0.326904
0.287525
0.662
0.662
0.662
0.662
0.662
0.115709
0.411127
0.0213396
0.311977
0.601211
0.460787
0.16058
0.662
0.662
0.662
0.662
0.101869
0.662
0.662
0.662
0.662
0.662
0.662
0.112948
0.662
0.181206
0.0719797
0.662
0.662
0.325221
0.238907
0.662
0.55918
0.183453
0.249078
0.170881
0.0109391
0.662
0.219161
0.163282
0.662
0.662
0.181707
0.126656
0.0123661
0.195647
0.662
0.662
0.662
0.662
0.424658
0.662
0.0188224
0.126713
0.401313
0.339188
0.662
0.662
0.141639
0.662
0.662
0.190381
0.2424
0.662
0.216707
0.444863
0.375332
0.0452018
0.463429
0.662
0.662
0.662
0.662
0.662
0.662
0.662
0.170275
0.662
0.473637
0.374934
0.483851
0.4204
0.662
0.662
0.662
0.153619
0.662
0.662
0.294138
0.164271
0.662
0.662
0.465781
0.662
0.0282533
0.236672
0.662
0.171676
0.294503
0.248544
0.662
0.0498784
0.662
0.337258
0.662
0.662
0.662
0.23473
0.662
0.662
0.662
0.662
0.417214
0.183554
0.435554
0.662
0.662
0.662
0.598909
0.662
0.231211
0.662
0.146973
0.185243
0.15092
0.662
0.27134
0.26699
0.662
0.662
0.662
0.662
0.662
0.662
0.0534641
0.662
0.662
0.662
0.551706
0.662
0.662
0.662
0.338556
0.32803
0.662
0.463844
0.22741
0.662
0.0426696
0.280652
0.39027
0.0982623
0.559505
0.475585
0.606966
0.196573
0.662
0.110045
0.261797
0.662
0.268264
0.662
0.662
0.129308
0.282616
0.303096
0.629706
0.662
0.662
0.340519
0.662
0.47192
0.662
0.239318
0.477414
0.174183
0.452168
0.662
0.259731
0.506853
0.662
0.662
0.662
0.210404
0.662
0.0219947
0.662
0.662
0.662
0.662
0.240873
0.662
0.662
0.205921
0.31267
0.171125
0.662
0.662
0.662
0.662
0.662
0.662
0.0828057
0.142651
0.662
0.293414
0.662
0.662
0.34934
0.662
0.662
0.662
0.662
0.662
0.662
0.270074
0.300799
0.485933
0.188745
0.662
0.165957
0.373012
0.662
0.662
0.014596
0.13023
0.428452
0.276301
0.428124
0.43077
0.0456361
0.26574
0.662
0.138544
0.662
0.662
0.0329965
0.353563
0.294005
0.112822
0.379893
0.662
0.662
0.101041
0.274926
0.662
0.662
0.662
0.662
0.00703238
0.453489
0.368529
0.475726
0.131989
0.219269
0.41793
0.662
0.662
0.151083
0.662
0.662
0.662
0.662
0.662
0.459477
0.662
0.282392
0.662
0.662
0.39628
0.662
0.337731
0.662
0.662
0.662
0.211509
0.662
0.662
0.662
0.0874266
0.662
0.662
0.379437
0.31691
0.659349
0.662
0.662
0.316189
0.662
0.662
0.229956
0.662
0.33265
0.662
0.662
0.0310285
0.275689
0.662
0.406789
0.481185
0.662
0.662
0.662
0.376856
0.0761536
0.221125
0.571009
0.662
0.662
0.662
0.662
0.540369
0.662
0.241895
0.393946
0.662
0.662
0.184041
0.662
0.0841074
0.291342
0.456363
0.522239
0.224222
0.662
0.068731
0.662
0.410338
0.132239
0.408857
0.662
0.0880949
0.662
0.662
0.662
0.346058
0.662
0.451056
0.662
0.662
0.031119
0.280941
0.662
0.662
0.180411
0.0671445
0.144971
0.63927
0.23189
0.662
0.0512997
0.662
0.630179
0.617587
0.198414
0.265231
0.662
0.662
0.0345743
0.662
0.662
0.352441
0.118274
0.662
0.662
0.662
0.662
0.662
0.662
0.361973
0.222025
0.662
0.22756
0.429171
0.662
0.248413
0.433745
0.429082
0.662
0.662
0.239067
0.662
0.662
0.275226
0.662
0.662
0.495993
0.142641
0.662
0.662
0.662
0.103405
0.662
0.338947
0.662
0.662
0.662
0.414234
0.221696
0.198938
0.109845
0.31085
0.187262
0.662
0.662
0.662
0.662
0.44028
0.662
0.573006
0.466211
0.475041
0.488774
0.662
0.155987
0.662
0.0613747
0.145058
0.662
0.449883
0.662
0.0718855
0.0822721
0.662
0.662
0.389357
0.178653
0.123624
0.662
0.397532
0.662
0.662
0.586649
0.662
0.195861
0.241023
0.397381
0.662
0.662
0.662
0.264008
0.274001
0.0916353
0.227377
0.662
0.662
0.662
0.662
0.662
0.173877
0.319268
0.662
0.0884529
0.662
0.470163
0.251935
0.457614
0.284157
0.239033
0.0594323
0.172893
0.269184
0.345569
0.662
0.258
0.662
0.662
0.399141
0.662
0.662
0.146276
0.662
0.322957
0.398432
0.662
0.238601
0.454862
0.662
0.662
0.442785
0.357494
0.662
0.388586
0.662
0.662
0.662
0.22366
0.428962
0.199794
0.270562
0.00923195
0.662
0.662
0.662
0.298795
0.443015
0.0640831
0.662
0.662
0.662
0.662
0.0316227
0.0433918
0.645749
0.215406
0.0363658
0.662
0.125746
0.441554
0.662
0.662
0.369939
0.215181
0.225137
0.275812
0.662
0.295098
0.662
0.662
0.662
0.662
0.662
0.662
0.0856587
0.662
0.195254
0.662
0.662
0.662
0.405864
0.327544
0.134878
0.662
0.434901
0.358588
0.564045
0.662
0.662
0.662
0.176946
0.0329397
0.304928
0.186299
0.0869079
0.662
0.448876
0.0988339
0.227392
0.662
0.123623
0.531778
0.662
0.662
0.662
0.662
0.662
0.662
0.662
0.662
0.662
0.662
0.060592
0.25402
0.473163
0.662
0.136996
0.34391
0.662
0.308948
0.662
0.320157
0.15364
0.662
0.40004
0.521404
0.662
0.266024
0.223875
0.662
0.193826
0.126857
0.662
0.662
0.662
0.662
0.662
0.662
0.662
0.189221
0.320258
0.662
0.460388
0.251764
0.309864
0.252903
0.662
0.662
0.307806
0.051119
0.662
0.0053133
0.336841
0.44341
0.662
0.662
0.416282
0.662
0.318045
0.662
0.662
0.662
0.161843
0.532093
0.662
0.662
0.181218
0.662
0.284592
0.662
0.252171
0.662
0.662
0.340396
0.388501
0.131991
0.662
0.662
0.662
0.238678
0.662
0.662
0.662
0.662
0.662
0.192228
0.160836
0.662
0.158477
0.164
0.662
0.662
0.0159273
0.662
0.662
0.0255136
0.662
0.432318
0.662
0.662
0.171448
0.260474
0.662
0.0798667
0.387578
0.662
0.662
0.283531
0.662
0.424367
0.534802
0.662
0.45052
0.154644
0.662
0.176089
0.662
0.271879
0.662
0.662
0.265839
0.244717
0.662
0.10295
0.662
0.354604
0.662
0.662
0.145706
0.266134
0.165915
0.662
0.400891
0.662
0.662
0.0763505
0.33782
0.662
0.245277
