0.0195359
0.384347
0.662
0.662
0.662
0.255557
0.196832
0.662
0.662
0.29654
0.662
0.662
0.662
0.662
0.662
0.290287
0.662
0.662
0.166908
0.662
0.153379
0.662
0.662
0.662
0.214442
0.43409
0.662
0.662
0.271552
0.157047
0.662
0.326822
0.293197
0.662
0.303762
0.101279
0.662
0.309787
0.0122863
0.256465
0.128751
0.447218
0.586132
0.0238542
0.499036
0.662
0.662
0.103552
0.662
0.138649
0.662
0.662
0.662
0.197335
0.662
0.471535
0.629706
0.55607
0.281302
0.662
0.662
0.0603581
0.318344
0.662
0.662
0.22227
0.315645
0.662
0.662
0.662
0.453507
0.662
0.477466
0.217257
0.123162
0.662
0.0686221
0.662
0.169801
0.130802
0.662
0.0635952
0.372573
0.662
0.0604169
0.213964
0.0363658
0.662
0.283555
0.476387
0.662
0.662
0.548418
0.662
0.662
0.263512
0.662
0.662
0.662
0.662
0.662
0.662
0.494534
0.662
0.662
0.355779
0.662
0.662
0.662
0.662
0.429385
0.18974
0.15364
0.662
0.662
0.476275
0.584564
0.411451
0.438094
0.027458
0.029414
0.474649
0.662
0.571666
0.309913
0.210288
0.662
0.334606
0.662
0.208012
0.662
0.662
0.662
0.263037
0.186954
0.662
0.0303853
0.662
0.39609
0.662
0.662
0.662
0.175884
0.662
0.662
0.0983375
0.662
0.188075
0.662
0.43933
0.662
0.380414
0.662
0.376494
0.662
0.125585
0.230681
0.085242
0.197671
0.662
0.662
0.662
0.620594
0.0711567
0.662
0.0589223
0.431839
0.086472
0.303935
0.254927
0.662
0.519066
0.662
0.42983
0.138704
0.662
0.397181
0.156269
0.662
0.204669
0.662
0.662
0.662
0.000491129
0.0576197
0.166719
0.662
0.662
0.408594
0.662
0.662
0.662
0.00227147
0.662
0.538264
0.662
0.662
0.662
0.662
0.129924
0.49062
0.662
0.268664
0.662
0.662
0.662
0.662
0.662
0.662
0.00830797
0.114164
0.0575939
0.36583
0.662
0.290045
0.09952
0.0261713
0.499814
0.337727
0.662
0.662
0.662
0.662
0.519619
0.356099
0.662
0.39861
0.662
0.250365
0.378823
0.38184
0.662
0.662
0.186472
0.662
0.447236
0.662
0.187372
0.0599375
0.662
0.662
0.272178
0.662
0.662
0.662
0.21032
0.662
0.302194
0.662
0.308587
0.662
0.662
0.662
0.662
0.662
0.354151
0.524835
0.348006
0.0324759
0.0717744
0.662
0.0427054
0.662
0.169352
0.273263
0.531409
0.209741
0.440587
0.662
0.471081
0.662
0.375736
0.662
0.0694938
0.662
0.162577
0.662
0.662
0.0959303
0.662
0.662
0.251344
0.662
0.177406
0.0231466
0.615332
0.662
0.662
0.268233
0.662
0.662
0.45523
0.662
0.662
0.390692
0.0459402
0.662
0.662
0.0666959
0.662
0.662
0.662
0.662
0.591612
0.662
0.40796
0.662
0.101379
0.662
0.662
0.141709
0.662
0.662
0.0805559
0.662
0.219513
0.662
0.662
0.125309
0.662
0.112471
0.358284
0.322501
0.262807
0.662
0.12534
0.662
0.662
0.662
0.158288
0.327071
0.465823
0.186875
0.411198
0.662
0.662
0.662
0.243089
0.662
0.662
0.320665
0.0658917
0.662
0.0476729
0.662
0.422782
0.662
0.409031
0.0654982
0.662
0.260553
0.134248
0.662
0.469651
0.190578
0.662
0.662
0.662
0.145648
0.266608
0.161843
0.662
0.455345
0.662
0.662
0.662
0.335783
0.662
0.662
0.388459
0.131989
0.662
0.551706
0.0102783
0.226214
0.364933
0.473524
0.662
0.445915
0.381519
0.662
0.590672
0.487339
0.662
0.662
0.662
0.662
0.193545
0.662
0.422943
0.662
0.449004
0.199229
0.662
0.662
0.662
0.476676
0.130793
0.206723
0.662
0.662
0.292985
0.17598
0.662
0.122554
0.662
0.662
0.662
0.142432
0.662
0.304531
0.213185
0.152026
0.172896
0.209332
0.662
0.54079
0.0268692
0.0280714
0.662
0.423595
0.188433
0.283941
0.662
0.100776
0.1244
0.151231
0.662
0.662
0.662
0.662
0.662
0.662
0.662
0.662
0.178587
0.171186
0.188814
0.662
0.139251
0.662
0.167351
0.662
0.127181
0.428819
0.312879
0.662
0.447882
0.662
0.662
0.662
0.641857
0.0986014
0.662
0.254793
0.662
0.527577
0.42292
0.662
0.206779
0.173731
0.0669189
0.662
0.320261
0.661598
0.662
0.662
0.376215
0.218486
0.309857
0.662
0.403678
0.379309
0.596447
0.662
0.235145
0.23694
0.0852001
0.662
0.662
0.662
0.662
0.322854
0.27754
0.662
0.202697
0.283521
0.662
0.662
0.662
0.166428
0.430484
0.466948
0.662
0.45178
0.662
0.662
0.662
0.379516
0.360904
0.662
0.519836
0.424279
0.50289
0.0773597
0.332913
0.662
0.0698715
0.49867
0.260851
0.154676
0.662
0.384742
0.0591544
0.0618678
0.662
0.662
0.283517
0.355825
0.42384
0.662
0.662
0.237027
0.662
0.662
0.662
0.408964
0.045634
0.00529706
0.342715
0.237941
0.0435903
0.379589
0.405571
0.311804
0.15932
0.662
0.309883
0.449725
0.662
0.176484
0.306832
0.662
0.320159
0.0844934
0.662
0.00650293
0.369946
0.662
0.349132
0.662
0.662
0.0860234
0.662
0.662
0.319491
0.0166634
0.662
0.662
0.662
0.662
0.662
0.662
0.354641
0.662
0.202167
0.0195807
0.662
0.662
0.662
0.386457
0.0286028
0.662
0.178574
0.662
0.662
0.596449
0.0978274
0.662
0.662
0.409035
0.662
0.662
0.0154113
0.662
0.662
0.662
0.34933
0.151616
0.448278
0.197979
0.662
0.136004
0.310089
0.662
0.662
0.504085
0.443775
0.123499
0.662
0.662
0.662
0.0962903
0.662
0.247636
0.662
0.214217
0.32861
0.440316
0.212161
0.662
0.398171
0.662
0.49078
0.530082
0.465324
0.662
0.662
0.200879
0.270666
0.192386
0.39922
0.662
0.662
0.662
0.602919
0.662
0.662
0.662
0.662
0.662
0.391484
0.129907
0.662
0.223767
0.0693266
0.0825914
0.192476
0.233548
0.0111966
0.662
0.662
0.662
0.453479
0.662
0.051427
0.662
0.571667
0.662
0.662
0.592833
0.662
0.210024
0.662
0.120021
0.0921976
0.228463
0.21797
0.662
0.662
0.0415023
0.35888
0.662
0.662
0.438208
0.017763
0.0603251
0.662
0.662
0.102695
0.393704
0.662
0.0123661
0.662
0.427998
0.662
0.0818117
0.662
0.662
0.662
0.204532
0.184303
0.0979518
0.662
0.662
0.280815
0.662
0.164174
0.338998
0.662
0.248011
0.38356
0.662
0.662
0.662
0.662
0.0539708
0.453803
0.359327
0.358051
0.662
0.43018
0.490894
0.662
0.662
0.392739
0.662
0.662
0.662
0.183254
0.473453
0.662
0.321205
0.662
0.219291
0.662
0.301727
0.662
0.260649
0.662
0.311211
0.662
0.662
0.662
0.662
0.347189
0.274908
0.374468
0.662
0.662
0.662
0.322835
0.662
0.662
0.272822
0.662
0.145706
0.0823766
0.662
0.662
0.662
0.516638
0.150371
0.0477493
0.324959
0.662
0.479356
0.277117
0.505288
0.224461
0.662
0.405253
0.369448
0.0140483
0.33534
0.323786
0.144627
0.0594323
0.161721
0.662
0.662
0.662
0.0159676
0.662
0.234006
0.290522
0.662
0.116469
0.662
0.662
0.172986
0.662
0.662
0.662
0.0752855
0.662
0.455414
0.264753
0.442146
0.662
0.662
0.0697437
0.662
0.662
0.662
0.446099
0.272647
0.662
0.137091
0.662
0.662
0.292459
0.662
0.662
0.00179065
0.447842
0.662
0.44372
0.662
0.662
0.662
0.395068
0.336624
0.662
0.148236
0.420631
0.0122966
0.662
0.228291
0.662
0.662
0.662
0.662
0.662
0.311707
0.62523
0.0619413
0.662
0.662
0.662
0.662
0.089804
0.662
0.662
0.662
0.662
0.662
0.256491
0.411975
0.662
0.269184
0.267782
0.662
0.453558
0.430594
0.474737
0.127341
0.383921
0.468496
0.662
0.662
0.662
0.662
0.662
0.662
0.662
0.662
0.334651
0.295113
0.206758
0.662
0.273714
0.662
0.20415
0.157274
0.662
0.662
0.275771
0.662
0.662
0.662
0.0118057
0.662
0.20409
0.662
0.0906283
0.662
0.662
0.499453
0.460816
0.0880949
0.662
0.662
0.0507643
0.0691519
0.134945
0.662
0.55282
0.128603
0.662
0.662
0.43799
0.214089
0.662
0.39449
0.426106
0.662
0.352752
0.30647
0.662
0.588375
0.662
0.662
0.662
0.0032884
0.662
0.316703
0.0281524
0.154719
0.346074
0.662
0.386536
0.662
0.662
0.311064
0.000259469
0.662
0.662
0.291166
0.223874
0.201656
0.404601
0.662
0.662
0.59935
0.662
0.662
0.0856361
0.662
0.662
0.662
0.662
0.662
0.662
0.662
0.230783
0.662
0.280941
0.662
0.33305
0.662
0.662
0.662
0.662
0.662
0.0702331
0.219517
0.662
0.32803
0.662
0.447441
0.425911
0.0715636
0.662
0.0147866
0.662
0.662
0.662
0.368856
0.138237
0.367222
0.662
0.662
