0.374114
0.0281101
0.662
0.662
0.454628
0.37767
0.423748
0.662
0.310989
0.662
0.129769
0.16302
0.662
0.662
0.662
0.662
0.662
0.662
0.268971
0.398432
0.662
0.0479544
0.460761
0.662
0.382076
0.662
0.662
0.537307
0.662
0.168179
0.025589
0.0776319
0.169829
0.662
0.297461
0.662
0.44985
0.252348
0.173602
0.662
0.397919
0.662
0.662
0.280442
0.156969
0.163397
0.662
0.662
0.662
0.662
0.2912
0.298297
0.0226262
0.662
0.662
0.662
0.308948
0.662
0.308925
0.662
0.334397
0.188916
0.25136
0.223824
0.662
0.252973
0.466016
0.662
0.662
0.662
0.290014
0.292061
0.662
0.619437
0.662
0.0819491
0.662
0.662
0.0988339
0.662
0.662
0.662
0.662
0.662
0.25246
0.662
0.0532457
0.312178
0.643273
0.662
0.0783526
0.662
0.662
0.662
0.662
0.662
0.662
0.662
0.662
0.662
0.326533
0.371814
0.151212
0.662
0.377875
0.0575575
0.509656
0.336109
0.428982
0.662
0.198938
0.414771
0.402082
0.662
0.111886
0.442845
0.662
0.144971
0.066677
0.367048
0.662
0.468948
0.191732
0.662
0.662
0.0885013
0.662
0.662
0.325286
0.662
0.662
0.662
0.360069
0.662
0.662
0.662
0.662
0.662
0.662
0.662
0.390857
0.662
0.20704
0.662
0.194002
0.662
0.329109
0.662
0.662
0.662
0.0867285
0.662
0.204814
0.606966
0.140543
0.0320502
0.662
0.637182
0.178817
0.662
0.662
0.662
0.287506
0.0882051
0.662
0.241188
0.662
0.662
0.662
0.662
0.00629969
0.239686
0.662
0.147301
0.662
0.0866407
0.177022
0.295685
0.00351926
0.662
0.662
0.662
0.662
0.327912
0.662
0.306084
0.313808
0.318957
0.0772208
0.662
0.662
0.123624
0.0558973
0.662
0.662
0.662
0.662
0.662
0.225261
0.662
0.253008
0.157816
0.662
0.662
0.662
0.662
0.33581
0.662
0.662
0.662
0.294952
0.289801
0.662
0.0941907
0.43276
0.0388335
0.392717
0.662
0.528298
0.662
0.662
0.662
0.662
0.336185
0.465337
0.219161
0.328024
0.662
0.662
0.121419
0.482422
0.662
0.662
0.191168
0.662
0.357813
0.662
0.0270789
0.297896
0.662
0.662
0.242789
0.662
0.166931
0.662
0.056122
0.662
0.662
0.662
0.662
0.662
0.221125
0.284987
0.662
0.0316421
0.662
0.199341
0.662
0.186601
0.662
0.388385
0.144614
0.121338
0.298529
0.662
0.662
0.199426
0.662
0.662
0.662
0.662
0.119858
0.474378
0.0251174
0.662
0.662
0.0469513
0.115616
0.662
0.662
0.662
0.662
0.243916
0.662
0.100332
0.662
0.362968
0.662
0.348324
0.348141
0.197623
0.400462
0.305695
0.662
0.311725
0.434642
0.285146
0.662
0.662
0.150249
0.459477
0.662
0.457614
0.398346
0.662
0.662
0.286391
0.124003
0.662
0.662
0.662
0.406057
0.358588
0.662
0.196116
0.662
0.662
0.490756
0.662
0.526888
0.662
0.456712
0.662
0.662
0.662
0.662
0.165001
0.662
0.662
0.662
0.662
0.662
0.0210651
0.112057
0.662
0.444941
0.662
0.662
0.662
0.474396
0.662
0.15151
0.662
0.458594
0.32569
0.662
0.444834
0.171676
0.140436
0.0886639
0.662
0.662
0.662
0.0825945
0.662
0.662
0.662
0.0159273
0.431453
0.662
0.662
0.662
0.662
0.563635
0.319937
0.662
0.061697
0.406224
0.643467
0.662
0.466746
0.662
0.481235
0.662
0.662
0.542435
0.662
0.217369
0.041042
0.662
0.084276
0.219212
0.662
0.159475
0.0953534
0.662
0.320258
0.662
0.662
0.22029
0.320179
0.266024
0.374702
0.662
0.162084
0.0987758
0.403611
0.662
0.382093
0.213331
0.0131016
0.662
0.418398
0.308489
0.144844
0.440734
0.662
0.350729
0.662
0.366445
0.134878
0.164892
0.110007
0.662
0.057881
0.662
0.662
0.662
0.662
0.207224
0.662
0.662
0.662
0.181218
0.662
0.662
0.662
0.662
0.662
0.178929
0.455367
0.662
0.417993
0.477817
0.662
0.662
0.662
0.662
0.132273
0.662
0.662
0.409097
0.269175
0.234422
0.216828
0.308785
0.0391138
0.283238
0.451885
0.181647
0.237685
0.662
0.17769
0.662
0.662
0.662
0.463426
0.31038
0.662
0.102438
0.662
0.170561
0.213203
0.662
0.137899
0.662
0.0204082
0.662
0.229319
0.39514
0.662
0.662
0.662
0.662
0.258181
0.404416
0.662
0.170986
0.351604
0.001843
0.662
0.395291
0.662
0.662
0.236685
0.417339
0.0406939
0.662
0.662
0.414856
0.662
0.662
0.232682
0.211148
0.662
0.113596
0.662
0.383525
0.347822
0.0572617
0.346058
0.662
0.662
0.180413
0.662
0.662
0.153931
0.662
0.0447315
0.662
0.108254
0.662
0.662
0.250873
0.662
0.662
0.3309
0.336508
0.662
0.662
0.662
0.385661
0.662
0.118988
0.568202
0.662
0.662
0.304897
0.176764
0.662
0.662
0.662
0.126756
0.662
0.662
0.00658483
0.662
0.179442
0.199878
0.662
0.662
0.662
0.662
0.469832
0.662
0.196858
0.662
0.248437
0.662
0.662
0.421357
0.662
0.662
0.662
0.447675
0.320157
0.662
0.0821924
0.662
0.45052
0.662
0.662
0.259844
0.662
0.662
0.662
0.212665
0.130332
0.662
0.662
0.662
0.325869
0.662
0.662
0.662
0.069595
0.331497
0.662
0.662
0.662
0.662
0.662
0.392126
0.15952
0.445626
0.282734
0.0585584
0.662
0.662
0.155982
0.662
0.662
0.662
0.662
0.662
0.662
0.662
0.0841074
0.662
0.662
0.662
0.0224287
0.604044
0.662
0.662
0.314688
0.049881
0.357134
0.662
0.662
0.295119
0.409784
0.662
0.662
0.138185
0.662
0.662
0.662
0.662
0.455473
0.662
0.423533
0.248158
0.662
0.370908
0.662
0.115149
0.662
0.662
0.662
0.662
0.662
0.105314
0.403548
0.662
0.662
0.662
0.383378
0.662
0.662
0.34144
0.662
0.110045
0.662
0.31574
0.662
0.662
0.251935
0.662
0.662
0.662
0.274044
0.584296
0.211136
0.662
0.449768
0.662
0.662
0.662
0.662
0.662
0.065317
0.662
0.662
0.662
0.662
0.662
0.213124
0.455398
0.0262465
0.662
0.399672
0.662
0.662
