0.378984
0.44228
0.662
0.0476798
0.385844
0.662
0.28675
0.662
0.361896
0.662
0.163918
0.662
0.344322
0.355269
0.662
0.0232577
0.662
0.662
0.140518
0.662
0.662
0.380843
0.662
0.662
0.357975
0.662
0.662
0.662
0.26258
0.662
0.662
0.368534
0.221021
0.466729
0.225737
0.662
0.11611
0.662
0.662
0.662
0.152431
0.281924
0.662
0.195641
0.291911
0.477118
0.235723
0.662
0.662
0.662
0.662
0.662
0.181239
0.662
0.662
0.662
0.194291
0.662
0.323019
0.367446
0.662
0.662
0.228542
0.276756
0.514853
0.662
0.404215
0.468414
0.33575
0.0816348
0.662
0.662
0.46556
0.662
0.432197
0.662
0.354973
0.446162
0.662
0.662
0.350076
0.11242
0.31156
0.662
0.662
0.251822
0.662
0.315994
0.423821
0.662
0.662
0.340275
0.662
0.662
0.662
0.662
0.312724
0.0890556
0.44129
0.385077
0.662
0.662
0.662
0.0353243
0.662
0.0898614
0.217235
0.662
0.662
0.336488
0.662
0.455182
0.662
0.243188
0.662
0.662
0.160343
0.662
0.662
0.662
0.662
0.662
0.662
0.0204152
0.426705
0.662
0.662
0.193405
0.0735012
0.0178126
0.662
0.662
0.662
0.662
0.662
0.145066
0.274878
0.0563505
0.662
0.662
0.662
0.662
0.662
0.0321239
0.662
0.510598
0.131845
0.0329709
0.662
0.662
0.662
0.410697
0.662
0.296558
0.662
0.662
0.0380263
0.662
0.662
0.291442
0.336176
0.457356
0.662
0.308479
0.211452
0.389122
0.662
0.205512
0.662
0.0770369
0.662
0.338537
0.558303
0.662
0.662
0.403022
0.662
0.662
0.662
0.440716
0.662
0.216239
0.662
0.273047
0.0248644
0.662
0.662
0.662
0.49817
0.662
0.197717
0.345768
0.461306
0.0272936
0.0919032
0.396752
0.662
0.662
0.295981
0.0272809
0.148092
0.662
0.662
0.662
0.662
0.274591
0.662
0.662
0.0186366
0.213247
0.662
0.662
0.662
0.0153049
0.662
0.175081
0.397723
0.662
0.662
0.662
0.388219
0.179688
0.662
0.662
0.662
0.662
0.662
0.662
0.662
0.662
0.662
0.662
0.662
0.517644
0.30273
0.185052
0.662
0.662
0.662
0.662
0.662
0.662
0.206115
0.283632
0.662
0.662
0.231589
0.281562
0.662
0.662
0.662
0.110254
0.376172
0.662
0.662
0.662
0.662
0.337425
0.662
0.267573
0.0168788
0.458028
0.662
0.299945
0.662
0.662
0.497423
0.662
0.662
0.662
0.662
0.662
0.662
0.662
0.308937
0.0436652
0.102297
0.662
0.662
0.662
0.405647
0.662
0.213019
0.0572621
0.473847
0.662
0.662
0.336998
0.303417
0.16419
0.0158795
0.149688
0.0355749
0.662
0.662
0.451939
0.224368
0.662
0.190497
0.520824
0.662
0.662
0.507803
0.449011
0.466842
0.361984
0.123905
0.21528
0.662
0.129625
0.26226
0.217634
0.662
0.44695
0.662
0.310823
0.662
0.662
0.662
0.662
0.662
0.321609
0.267776
0.662
0.662
0.193912
0.662
0.200528
0.662
0.662
0.243143
0.273498
0.397085
0.662
0.662
0.452369
0.662
0.359611
0.662
0.662
0.283574
0.00182366
0.662
0.662
0.662
0.662
0.372566
0.131717
0.662
0.662
0.585497
0.339266
0.662
0.662
0.471943
0.476253
0.662
0.662
0.202478
0.153141
0.662
0.131416
0.376853
0.662
0.662
0.312325
0.32644
0.397451
0.0128971
0.308192
0.662
0.050314
0.481897
0.160303
0.285529
0.662
0.662
0.45037
0.0613818
0.298628
0.662
0.115187
0.125848
0.662
0.0152549
0.662
0.662
0.204177
0.662
0.471697
0.662
0.0876886
0.218415
0.662
0.662
0.662
0.662
0.0729924
0.662
0.662
0.662
0.662
0.662
0.662
0.662
0.662
0.662
0.46104
0.662
0.662
0.294749
0.662
0.662
0.243264
0.191787
0.169707
0.662
0.662
0.15219
0.313342
0.662
0.662
0.568271
0.175655
0.662
0.662
0.662
0.662
0.350063
0.662
0.647602
0.187343
0.662
0.662
0.259296
0.662
0.424643
0.0875644
0.662
0.439681
0.135356
0.662
0.17868
0.662
0.116256
0.662
0.662
0.180483
0.662
0.662
0.349545
0.662
0.662
0.662
0.662
0.662
0.662
0.662
0.352553
0.662
0.0755227
0.662
0.0327915
0.662
0.662
0.260475
0.662
0.662
0.0206431
0.302949
0.172879
0.662
0.119884
0.446627
0.18831
0.662
0.0469484
0.662
0.662
0.662
0.633694
0.662
0.306179
0.405423
0.0937596
0.202628
0.662
0.474902
0.101545
0.662
0.662
0.0699621
0.662
0.662
0.160592
0.662
0.405414
0.247371
0.662
0.662
0.447337
0.662
0.24704
0.662
0.317209
0.662
0.414861
0.0370647
0.242767
0.0390853
0.662
0.290672
0.662
0.662
0.662
0.662
0.465105
0.482801
0.662
0.431139
0.662
0.279407
0.662
0.255455
0.662
0.14172
0.662
0.662
0.662
0.416456
0.447073
0.424947
0.37114
0.308229
0.662
0.173512
0.210126
0.458328
0.662
0.351573
0.365482
0.662
0.369615
0.0299845
0.238715
0.225792
0.410577
0.662
0.333198
0.662
0.226138
0.662
0.662
0.441252
0.353656
0.662
0.0173283
0.662
0.662
0.662
0.662
0.662
0.662
0.662
0.662
0.662
0.662
0.662
0.662
0.289467
0.10258
0.0535369
0.230447
0.662
0.662
0.662
0.035695
0.662
0.362951
0.662
0.662
0.139663
0.662
0.662
0.662
0.662
0.662
0.0135631
0.399521
0.218533
0.311142
0.334769
0.662
0.189329
0.499121
0.662
0.638742
0.376303
0.662
0.21156
0.662
0.413683
0.0296
0.662
0.228355
0.662
0.662
0.662
0.318027
0.662
0.662
0.451182
0.662
0.662
0.350677
0.662
0.662
0.662
0.662
0.662
0.0307617
0.46389
0.0289598
0.662
0.662
0.243297
0.167651
0.662
0.662
0.0274207
0.469952
0.662
0.141118
0.662
0.11582
0.438238
0.662
0.662
0.662
0.662
0.662
0.662
0.662
0.18721
0.0689609
0.473505
0.662
0.329181
0.287037
0.598173
0.662
0.0661176
0.177639
0.319065
0.662
0.0492688
0.19508
0.064163
0.662
0.437698
0.662
0.39402
0.421791
0.662
0.0516811
0.662
0.443761
0.662
0.662
0.40358
0.662
0.662
0.662
0.290701
0.238652
0.662
0.0943831
0.662
0.662
0.195426
0.028478
0.662
0.662
0.225581
0.662
0.0402808
0.662
0.662
0.108818
0.210099
0.662
0.662
0.221066
0.376913
0.662
0.404369
0.662
0.494693
0.429705
0.662
0.662
0.547948
0.662
0.291264
0.461983
0.375388
0.512327
0.662
0.662
0.102994
0.662
0.222937
0.285778
0.662
0.662
0.662
0.384169
0.662
0.0535181
0.662
0.662
0.662
0.662
0.662
0.662
0.0374102
0.662
0.213461
0.662
0.662
0.662
0.495898
0.42526
0.0224875
0.662
0.662
0.662
0.662
0.662
0.662
0.662
0.0194554
0.662
0.315291
0.662
0.662
0.662
0.474152
0.388145
0.341701
0.312255
0.662
0.455848
0.662
0.0706381
0.662
0.662
0.325017
0.199147
0.662
0.350486
0.0834241
0.662
0.372574
0.566084
0.662
0.364418
0.252982
0.662
0.273257
0.211536
0.662
0.24388
0.277149
0.192541
0.662
0.662
0.0963618
0.662
0.662
0.210828
0.334771
0.393478
0.333271
0.319743
0.662
0.12447
0.662
0.662
0.662
0.662
0.662
0.121781
0.577632
0.662
0.140038
0.662
0.250861
0.662
0.166882
0.540551
0.662
0.518448
0.0248076
0.662
0.662
0.432877
0.45698
0.662
0.662
0.421336
0.662
0.457344
0.662
0.364403
0.662
0.662
0.316794
0.413008
0.662
0.469117
0.662
0.662
0.662
0.662
0.0781479
0.18896
0.451323
0.432228
0.0149435
0.662
0.662
0.662
0.28898
0.662
0.662
0.271653
0.43097
0.662
0.370792
0.439168
0.662
0.662
0.36442
0.662
0.0867814
0.0921815
0.662
0.052406
0.662
0.12758
0.0638424
0.662
0.662
0.662
0.187356
0.341785
0.662
0.662
0.662
0.662
0.662
0.176296
0.361754
0.101185
0.662
0.162576
0.160711
0.456028
0.662
0.441054
0.119131
0.662
0.0337376
0.662
0.662
0.662
0.351341
0.662
0.0454535
0.662
0.231834
0.662
0.127237
0.475223
0.525507
0.662
0.446257
0.391892
0.662
0.099235
0.650812
0.662
0.662
0.26987
0.141103
0.144481
0.293891
0.134979
0.100334
0.662
0.292353
0.662
0.464066
0.662
0.662
0.662
0.662
0.405708
0.188397
0.234834
0.38119
0.514836
0.365941
0.554162
0.662
0.662
0.234389
0.662
0.662
0.386384
0.662
0.192592
0.652705
0.662
0.316468
0.357827
0.148429
0.662
0.0167816
0.662
0.282593
0.662
0.662
0.662
0.662
0.662
0.662
0.018032
0.662
0.316377
0.662
0.662
0.662
0.662
0.662
0.469685
0.51663
0.662
0.343113
0.662
0.662
0.662
0.20491
0.334592
0.662
0.295262
0.30295
0.662
0.228424
0.662
0.662
0.138423
0.662
0.662
0.662
0.662
0.662
0.662
0.181163
0.662
0.206779
0.662
0.571478
0.662
0.662
0.26482
0.662
0.662
0.301292
0.662
0.662
0.662
0.36828
0.662
0.0422089
0.453646
0.355326
0.662
0.196226
0.0744865
0.305899
0.662
0.351174
0.662
0.662
0.316662
0.662
0.401714
0.662
0.662
0.413965
0.0661377
0.662
0.0822633
0.662
0.662
0.342495
0.662
0.662
0.0703303
0.662
0.323872
0.662
0.662
0.22006
0.0695077
0.662
0.0798346
0.662
0.662
0.662
0.662
0.662
0.319867
0.469213
0.662
0.662
0.662
0.0419683
0.348702
0.662
0.625731
0.662
0.662
0.464118
0.662
0.662
0.662
0.101529
0.400536
0.662
0.0916025
0.496579
0.445522
0.662
0.662
0.662
0.662
0.476602
0.662
0.662
0.662
0.37951
0.0014155
0.662
0.0574181
0.263483
0.662
0.662
0.450943
0.203016
0.110168
0.277323
0.662
0.365655
0.00503371
0.662
0.662
0.362811
0.662
0.662
0.662
0.179648
0.662
0.244636
0.662
0.662
0.347012
0.218172
0.662
0.528476
0.383662
0.261548
0.662
0.450543
0.301812
0.662
0.662
0.586893
0.152705
