0.662
0.662
0.662
0.461876
0.333327
0.662
0.662
0.662
0.662
0.229462
0.662
0.662
0.662
0.503157
0.268906
0.662
0.450963
0.33473
0.662
0.662
0.662
0.209044
0.662
0.286185
0.662
0.662
0.0209185
0.662
0.0448761
0.662
0.662
0.662
0.662
0.387231
0.662
0.662
0.195566
0.237267
0.662
0.662
0.662
0.0471946
0.138612
0.662
0.662
0.662
0.136034
0.662
0.443948
0.662
0.188704
0.662
0.662
0.151968
0.662
0.662
0.662
0.662
0.196562
0.662
0.662
0.662
0.662
0.458882
0.186891
0.206807
0.662
0.44985
0.601905
0.662
0.662
0.662
0.159549
0.662
0.662
0.534547
0.468636
0.662
0.361751
0.197447
0.662
0.662
0.0236881
0.662
0.224048
0.662
0.320207
0.0991631
0.662
0.662
0.399178
0.662
0.449921
0.236146
0.662
0.658839
0.100468
0.662
0.433294
0.393178
0.662
0.662
0.40035
0.0241496
0.662
0.662
0.662
0.531421
0.662
0.380363
0.31111
0.662
0.662
0.418565
0.261808
0.235232
0.662
0.114155
0.662
0.178929
0.34894
0.662
0.662
0.391636
0.662
0.662
0.138979
0.662
0.0146209
0.662
0.472512
0.662
0.0660453
0.0620082
0.662
0.270277
0.662
0.398626
0.373857
0.426634
0.662
0.662
0.139615
0.4554
0.246007
0.662
0.662
0.662
0.222054
0.662
0.38272
0.0989866
0.402268
0.662
0.662
0.662
0.662
0.0530013
0.18173
0.28548
0.662
0.0390705
0.662
0.662
0.0770177
0.218227
0.441849
0.43417
0.662
0.662
0.268294
0.662
0.662
0.662
0.0614612
0.662
0.662
0.444187
0.662
0.662
0.501845
0.167518
0.662
0.662
0.428644
0.662
0.662
0.459998
0.662
0.662
0.662
0.0144835
0.209168
0.662
0.298682
0.169379
0.0631957
0.448952
0.662
0.662
0.662
0.662
0.662
0.662
0.662
0.662
0.662
0.662
0.662
0.0523022
0.298471
0.662
0.662
0.389131
0.662
0.662
0.214456
0.310663
0.277538
0.662
0.154424
0.662
0.0974619
0.21239
0.367575
0.662
0.662
0.662
0.373307
0.539846
0.662
0.496972
0.184195
0.317526
0.138232
0.280098
0.0523275
0.662
0.222421
0.662
0.53884
0.241207
0.662
0.0256385
0.343858
0.662
0.662
0.11805
0.0221019
0.662
0.474959
0.41011
0.662
0.41604
0.263642
0.347907
0.389937
0.351593
0.428413
0.42614
0.662
0.662
0.662
0.662
0.662
0.124474
0.662
0.0568928
0.662
0.662
0.662
0.662
0.213144
0.662
0.662
0.43163
0.662
0.358345
0.282734
0.378392
0.662
0.662
0.662
0.439994
0.662
0.662
0.164935
0.662
0.299528
0.11542
0.662
0.662
0.662
0.662
0.0860654
0.662
0.319498
0.662
0.662
0.662
0.16278
0.142357
0.325115
0.431634
0.19375
0.202255
0.278928
0.662
0.662
0.322956
0.662
0.0523536
0.430603
0.144844
0.011155
0.662
0.348387
0.00882809
0.0787941
0.19621
0.0866407
0.662
0.180778
0.662
0.403142
0.662
0.662
0.662
0.662
0.662
0.0855535
0.662
0.19761
0.158741
0.662
0.170112
0.662
0.662
0.662
0.662
0.183439
0.0861995
0.221938
0.01354
0.434527
0.662
0.662
0.662
0.446305
0.284156
0.459024
0.662
0.662
0.662
0.414366
0.240586
0.196648
0.487824
0.662
0.662
0.405194
0.318295
0.263299
0.252617
0.662
0.662
0.187957
0.662
0.278654
0.11234
0.310621
0.1524
0.255256
0.363471
0.330267
0.662
0.662
0.344563
0.45504
0.662
0.662
0.662
0.0314731
0.209929
0.0545981
0.662
0.662
0.400603
0.23474
0.223862
0.662
0.258135
0.662
0.662
0.662
0.662
0.662
0.662
0.662
0.388983
0.560877
0.662
0.0529643
0.166076
0.662
0.0323967
0.13918
0.662
0.0367735
0.346695
0.662
0.662
0.662
0.195009
0.662
0.316075
0.662
0.224357
0.662
0.45121
0.662
0.662
0.662
0.337564
0.662
0.662
0.662
0.141455
0.433042
0.413517
0.183381
0.662
0.662
0.321635
0.450528
0.662
0.531994
0.662
0.662
0.662
0.302902
0.238447
0.01122
0.662
0.172523
0.662
0.662
0.0294095
0.662
0.269956
0.414613
0.662
0.269874
0.140904
0.662
0.0594133
0.662
0.0738674
0.227271
0.45442
0.199876
0.662
0.458594
0.662
0.402719
0.662
0.662
0.198524
0.400182
0.464828
0.0826429
0.180413
0.662
0.395905
0.0819491
0.178722
0.662
0.662
0.200261
0.662
0.128063
0.662
0.662
0.47273
0.662
0.386692
0.292919
0.205572
0.662
0.174549
0.390542
0.662
0.40565
0.381507
0.662
0.662
0.662
0.662
0.662
0.662
0.662
0.662
0.265664
0.439235
0.371723
0.662
0.489533
0.662
0.349105
0.662
0.662
0.348267
0.258522
0.49045
0.0572046
0.387338
0.35016
0.662
0.0872163
0.662
0.662
0.222526
0.662
0.662
0.662
0.150484
0.662
0.662
0.319605
0.662
0.662
0.662
0.364087
0.400046
0.219174
0.662
0.418109
0.134606
0.266485
0.120804
0.662
0.343675
0.3977
0.163577
0.662
0.381892
0.0742746
0.445212
0.662
0.438755
0.662
0.272333
0.127694
0.662
0.229502
0.662
0.662
0.662
0.473627
0.202811
0.303463
0.662
0.399675
