0.662
0.662
0.313521
0.0304247
0.662
0.148515
0.40783
0.662
0.639398
0.418503
0.662
0.662
0.391723
0.662
0.104252
0.160164
0.363331
0.258809
0.192713
0.0720875
0.230912
0.471593
0.467197
0.252978
0.388021
0.653127
0.289415
0.662
0.0868738
0.662
0.662
0.44699
0.662
0.346975
0.662
0.330496
0.522174
0.662
0.279001
0.662
0.0472491
0.662
0.316918
0.56419
0.23213
0.662
0.662
0.662
0.662
0.328181
0.662
0.662
0.102461
0.259015
0.150091
0.353208
0.662
0.140045
0.167587
0.662
0.662
0.662
0.300493
0.342238
0.211106
0.662
0.100239
0.540771
0.440642
0.662
0.29956
0.195039
0.207467
0.197967
0.442927
0.304744
0.662
0.410532
0.662
0.662
0.662
0.119039
0.662
0.662
0.401988
0.662
0.662
0.662
0.333864
0.662
0.662
0.662
0.662
0.662
0.662
0.662
0.662
0.316934
0.662
0.662
0.662
0.662
0.662
0.662
0.662
0.662
0.662
0.662
0.604883
0.662
0.662
0.379878
0.662
0.590775
0.136495
0.662
0.405202
0.365746
0.662
0.0266439
0.662
0.190176
0.343391
0.662
0.662
0.0304155
0.274513
0.662
0.314532
0.34319
0.301023
0.119602
0.332431
0.662
0.356138
0.662
0.219137
0.662
0.662
0.00868912
0.662
0.118387
0.662
0.0730677
0.662
0.49894
0.662
0.662
0.174265
0.662
0.662
0.662
0.283345
0.662
0.45925
0.662
0.368643
0.00534079
0.025479
0.0402951
0.422525
0.662
0.662
0.248476
0.662
0.662
0.287437
0.113544
0.210398
0.662
0.396391
0.0274515
0.662
0.320191
0.662
0.306585
0.662
0.662
0.400338
0.662
0.247501
0.0960941
0.662
0.662
0.254304
0.662
0.662
0.29986
0.194874
0.136102
0.453437
0.578931
0.662
0.137383
0.662
0.662
0.390727
0.662
0.662
0.373912
0.179008
0.31581
0.662
0.662
0.662
0.662
0.461977
0.662
0.662
0.522059
0.0690221
0.662
0.662
0.458579
0.422481
0.355562
0.662
0.407273
0.662
0.662
0.186938
0.662
0.662
0.295254
0.662
0.270006
0.662
0.662
0.529657
0.34286
0.0606537
0.213353
0.662
0.662
0.359693
0.662
0.662
0.476337
0.662
0.662
0.495303
0.662
0.230333
0.217521
0.662
0.662
0.662
0.662
0.301152
0.662
0.401547
0.662
0.0866067
0.172953
0.662
0.662
0.463841
0.175447
0.443338
0.662
0.662
0.662
0.205542
0.662
0.190396
0.662
0.662
0.662
0.662
0.662
0.476962
0.662
0.247809
0.438483
0.662
0.662
0.662
0.37267
0.464327
0.343507
0.290246
0.31705
0.120591
0.662
0.662
0.0869844
0.662
0.247372
0.100522
0.662
0.662
0.111295
0.389294
0.662
0.367292
0.0487699
0.188798
0.325357
0.0114232
0.47325
0.662
0.662
0.194981
0.662
0.662
0.354469
0.662
0.662
0.0853962
0.365618
0.662
0.662
0.662
0.662
0.662
0.662
0.46949
0.662
0.662
0.662
0.662
0.0156475
0.30561
0.467173
0.0114788
0.379749
0.526395
0.161679
0.662
0.255787
0.662
0.662
0.0275649
0.278689
0.662
0.662
0.52874
0.333711
0.245179
0.662
0.662
0.662
0.268636
0.662
0.378466
0.662
0.458478
0.106037
0.662
0.662
0.662
0.385041
0.0666665
0.662
0.662
0.662
0.662
0.662
0.662
0.662
0.156355
0.662
0.662
0.662
0.297995
0.329836
0.0120878
0.662
0.187961
0.662
0.521108
0.480811
0.662
0.662
0.268649
0.662
0.662
0.662
0.662
0.114286
0.154877
0.662
0.343022
0.36849
0.235005
0.174512
0.418053
0.662
0.38259
0.46533
0.538603
0.361739
0.108299
0.281883
0.662
0.124099
0.662
0.0019349
0.662
0.662
0.662
0.662
0.662
0.662
0.662
0.662
0.0194881
0.662
0.211961
0.225036
0.418971
0.0851334
0.14355
0.662
0.662
0.662
0.0763704
0.662
0.252455
0.662
0.359352
0.662
0.662
0.662
0.662
0.662
0.579638
0.662
0.662
0.662
0.277691
0.662
0.17985
0.460064
0.331331
0.662
0.110871
0.372136
0.505958
0.662
0.249848
0.0450041
0.662
0.111728
0.027894
0.35497
0.0101007
0.662
0.331765
0.341992
0.418109
0.662
0.662
0.662
0.13727
0.0924775
0.662
0.490338
0.373727
0.662
0.662
0.662
0.473333
0.134531
0.662
0.579782
0.0267351
0.219345
0.448713
0.662
0.30484
0.23046
0.49827
0.0624456
0.662
0.46718
0.662
0.662
0.318134
0.381271
0.662
0.279888
0.662
0.0850565
0.445281
0.234016
0.187959
0.26545
0.662
0.662
0.337719
0.266804
0.662
0.662
0.576944
0.662
0.301916
0.057356
0.296438
0.398893
0.505849
0.662
0.0608044
0.360539
0.0983859
0.476386
0.662
0.180142
0.359196
0.150643
0.662
0.346697
0.113519
0.662
0.662
0.243029
0.662
0.662
0.0880157
0.662
0.662
0.195281
0.0941487
0.456509
0.0538451
0.2656
0.256225
0.662
0.662
0.662
0.662
0.43298
0.38319
0.662
0.0615666
0.662
0.287738
0.21677
0.662
0.662
0.28676
0.662
0.395973
0.662
0.402422
0.662
0.0502464
0.662
0.662
0.43102
0.662
0.333222
0.418963
0.662
0.662
0.340257
0.0310048
0.26412
0.662
0.365383
0.662
0.00881456
0.0887713
0.662
0.327268
0.662
0.561091
0.662
0.343476
0.662
0.662
0.14551
0.662
0.662
0.662
0.662
0.662
0.189225
0.350473
0.662
0.0622728
0.21837
0.497909
0.442005
0.125749
0.662
0.662
0.662
0.662
0.662
0.662
0.662
0.662
0.662
0.182387
0.662
0.26262
0.662
0.662
0.613857
0.219047
0.0463468
0.0979489
0.662
0.64182
0.662
0.255255
0.645954
0.662
0.662
0.662
0.662
0.662
0.662
0.662
0.662
0.157695
0.662
0.099726
0.372013
0.384542
0.017838
0.662
0.662
0.662
0.662
0.254846
0.662
0.662
0.0873557
0.662
0.233468
0.662
0.662
0.304939
0.662
0.460636
0.662
0.662
0.360082
0.0122291
0.126309
0.662
0.662
0.225342
0.662
0.265261
0.662
0.459731
0.296564
0.662
0.662
0.662
0.662
0.171051
0.343435
0.308592
0.271022
0.000484332
0.189874
0.662
0.662
0.662
0.28409
0.662
0.662
0.0445837
0.662
0.662
0.662
0.662
0.0140794
0.662
0.259512
0.662
0.662
0.0611319
0.449612
0.662
0.258555
0.662
0.0156213
0.662
0.284089
0.662
0.22477
0.662
0.662
0.157265
0.662
0.662
0.103062
0.433283
0.662
0.466569
0.0714296
0.131948
0.325448
0.662
0.437311
0.662
0.488244
0.491697
0.17821
0.171617
0.185939
0.103445
0.662
0.223989
0.352244
0.662
0.389878
0.28807
0.662
0.018608
0.662
0.0258159
0.296208
0.371074
0.465023
0.662
0.493489
0.662
0.662
0.238248
0.662
0.662
0.0952602
0.458706
0.662
0.375392
0.0297984
0.524119
0.662
0.593124
0.412198
0.105353
0.662
0.0721915
0.662
0.662
0.662
0.453253
0.662
0.294622
0.392409
0.119862
0.662
0.115179
0.029782
0.662
0.662
0.3566
0.203878
0.248383
0.662
0.119226
0.662
0.662
0.662
0.426264
0.189429
0.662
0.662
0.153301
0.662
0.662
0.410291
0.0516442
0.662
0.662
0.662
0.0133841
0.475138
0.48474
0.171166
0.285758
0.662
0.662
0.662
0.333363
0.174878
0.136174
0.261477
0.0712129
0.466639
0.0861201
0.662
0.662
0.662
0.662
0.662
0.662
0.419713
0.252315
0.662
0.243534
0.265076
0.662
0.662
0.662
0.662
0.461282
0.662
0.662
0.662
0.20733
0.662
0.662
0.662
0.213029
0.256747
0.339643
0.148133
0.083556
0.495574
0.380182
0.662
0.662
0.662
0.338683
0.662
0.662
0.662
0.247551
0.291934
0.155538
0.527604
0.00593578
0.321281
0.224246
0.468641
0.662
0.0810416
0.662
0.048279
0.662
0.662
0.0388971
0.424572
0.662
0.662
0.662
0.662
0.662
0.468614
0.662
0.464896
0.345542
0.039572
0.382943
0.662
0.662
0.662
0.662
0.0310351
0.0079396
0.662
0.424555
0.662
0.662
0.335371
0.662
0.0930408
0.662
0.231315
0.220646
0.662
0.0864729
0.662
0.662
0.345377
0.101913
0.4386
0.34413
0.12765
0.662
0.334981
0.041097
0.404978
0.0969151
0.44142
0.662
0.531944
0.375078
0.662
0.366393
0.116905
0.470081
0.662
0.0644567
0.662
0.509708
0.662
0.378986
0.662
0.26669
0.662
0.0658498
0.351754
0.090235
0.662
0.281029
0.662
0.662
0.662
0.398653
0.662
0.662
0.662
0.662
0.428864
0.272656
0.662
0.662
0.271288
0.662
0.662
0.111245
0.00459007
0.360834
0.107817
0.662
0.662
0.662
0.380293
0.662
0.387542
0.662
0.662
0.341821
0.368523
0.389418
0.662
0.662
0.662
0.662
0.0945585
0.662
0.662
0.0315791
0.48941
0.662
0.516572
0.350023
0.194938
0.662
0.0955129
0.662
0.257995
0.662
0.433124
0.662
0.491982
0.662
0.0463873
0.0147495
0.662
0.662
0.507818
0.481919
0.351623
0.662
0.146289
0.275684
0.184521
0.662
0.662
0.662
0.39099
0.130757
0.446213
0.662
0.662
0.662
0.239047
0.23573
0.374528
0.662
0.348157
0.662
0.0960684
0.471912
0.662
0.269784
0.4352
0.662
0.294751
0.662
0.236608
0.662
0.38788
0.662
0.228174
0.662
0.662
0.644766
0.662
0.156158
0.289022
0.0449984
0.198322
0.316977
0.406859
0.662
0.662
0.662
0.662
0.00490751
0.662
0.401712
0.0708968
0.662
0.662
0.14517
0.662
0.296555
0.340987
0.438872
0.662
0.662
0.662
0.662
0.662
0.131714
0.662
0.0859443
0.662
0.446062
0.662
0.662
0.216346
0.662
0.662
0.662
0.662
0.662
0.662
0.0566494
0.442419
0.0109118
0.0434879
0.344758
0.28926
0.662
0.662
0.662
0.662
0.454524
0.662
0.190756
0.133507
0.203227
0.453954
0.282018
0.471983
0.479429
0.0147802
0.22446
0.580278
0.662
0.242642
0.441212
0.662
0.662
0.662
0.485185
0.150823
0.662
0.197024
0.662
0.0505257
0.662
0.40696
0.662
0.289185
0.315737
0.662
0.662
0.403679
0.494079
0.00734661
0.0962161
0.189669
0.662
0.662
0.389821
0.324204
0.0730192
0.0956146
0.41826
0.662
0.662
0.662
0.662
0.153379
0.0546509
0.343903
0.662
0.114354
0.242353
0.662
0.191543
0.662
0.662
0.662
0.662
0.10992
0.662
0.386633
0.40454
0.433995
0.662
0.502053
0.266307
0.470665
0.662
