0.357827
0.355091
0.662
0.219503
0.0699621
0.295262
0.662
0.662
0.662
0.662
0.117844
0.662
0.662
0.164404
0.0535369
0.0224875
0.662
0.662
0.376884
0.662
0.662
0.662
0.308811
0.0716021
0.0711609
0.403022
0.0380263
0.545905
0.304802
0.662
0.443558
0.109846
0.115187
0.0943831
0.662
0.662
0.251822
0.359991
0.662
0.376456
0.662
0.288107
0.291442
0.21309
0.25301
0.662
0.0964502
0.662
0.0675472
0.173512
0.39402
0.31156
0.662
0.295501
0.174251
0.143587
0.208747
0.662
0.662
0.236532
0.662
0.337577
0.662
0.662
0.477
0.662
0.662
0.035695
0.343255
0.0587495
0.351341
0.662
0.662
0.662
0.662
0.0323997
0.662
0.662
0.662
0.19968
0.286674
0.662
0.144432
0.662
0.662
0.662
0.372574
0.290672
0.11611
0.662
0.0965876
0.662
0.501476
0.662
0.662
0.662
0.662
0.138423
0.662
0.43097
0.662
0.347068
0.468415
0.235211
0.269478
0.16877
0.330124
0.662
0.141118
0.662
0.662
0.662
0.662
0.662
0.186444
0.401293
0.662
0.208899
0.662
0.662
0.464066
0.407507
0.662
0.0669294
0.662
0.140518
0.662
0.662
0.662
0.204933
0.662
0.36828
0.662
0.662
0.213461
0.105314
0.139663
0.100953
0.662
0.662
0.662
0.215268
0.662
0.0310938
0.086217
0.17913
0.662
0.46389
0.662
0.402105
0.278519
0.662
0.0867814
0.662
0.283632
0.180334
0.0895749
0.662
0.662
0.662
0.489281
0.0872413
0.370792
0.431959
0.261621
0.218415
0.662
0.662
0.662
0.341994
0.16034
0.175081
0.662
0.662
0.411139
0.477118
0.662
0.12068
0.250539
0.266399
0.662
0.662
0.24704
0.662
0.662
0.662
0.365941
0.554162
0.12025
0.314753
0.285005
0.461847
0.450518
0.105628
0.5338
0.0595261
0.662
0.662
0.0460213
0.662
0.662
0.662
0.662
0.662
0.314685
0.510598
0.662
0.662
0.109268
0.662
0.662
0.662
0.233366
0.662
0.662
0.662
0.135965
0.662
0.662
0.662
0.662
0.662
0.156886
0.266931
0.074914
0.205512
0.0643802
0.662
0.662
0.190497
0.325567
0.662
0.662
0.236808
0.110168
0.356262
0.083717
0.662
0.662
0.521141
0.662
0.0946958
0.662
0.662
0.662
0.662
0.45501
0.662
0.279407
0.397521
0.662
0.261548
0.662
0.161179
0.341077
0.419787
0.662
0.662
0.431139
0.369889
0.662
0.662
0.030705
0.662
0.061026
0.538865
0.662
0.662
0.662
0.662
0.662
0.662
0.662
0.20491
0.528211
0.662
0.662
0.662
0.662
0.662
0.662
0.662
0.411028
0.662
0.662
0.0257489
0.19316
0.662
0.123905
0.662
0.0475255
0.662
0.0759897
0.662
0.662
0.212508
0.225737
0.662
0.662
0.0214463
0.662
0.334782
0.662
0.662
0.0420667
0.100334
0.662
0.662
0.662
0.224368
0.662
0.662
0.662
0.662
0.662
0.0178126
0.230409
0.662
0.662
0.662
0.401631
0.662
0.662
0.321792
0.0586655
0.662
0.662
0.662
0.662
0.344791
0.662
0.296121
0.662
0.662
0.662
0.00535831
0.276219
0.662
0.184694
0.117481
0.662
0.662
0.160643
0.662
0.283574
0.662
0.662
0.286817
0.442548
0.451894
0.662
0.318027
0.0583213
0.662
0.312724
0.291097
0.320766
0.221021
0.0333626
0.00735279
0.662
0.308521
0.662
0.339641
0.662
0.662
0.662
0.287708
0.662
0.662
0.662
0.408961
0.662
0.220629
0.662
0.662
0.218601
0.160303
0.662
0.391892
0.662
0.51793
0.278987
0.206115
0.206779
0.398146
0.442462
0.277748
0.380843
0.0370349
0.371378
0.283584
0.662
0.628166
0.466652
0.662
0.0788694
0.662
0.45309
0.4933
0.662
0.662
0.476102
0.662
0.0921815
0.662
0.305318
0.662
0.662
0.662
0.662
0.421942
0.384169
0.353656
0.293296
0.662
0.459746
0.662
0.662
0.0272936
0.662
0.325863
0.662
0.662
0.102297
0.298628
0.662
0.662
0.662
0.662
0.154096
0.0770369
0.662
0.0149435
0.0228863
0.662
0.586893
0.306179
0.375388
0.156967
0.662
0.443761
0.662
0.662
0.662
0.252842
0.662
0.662
0.662
0.662
0.662
0.662
0.41334
0.662
0.011181
0.166471
0.662
0.662
0.345768
0.0661176
0.662
0.662
0.0158795
0.662
0.662
0.295981
0.662
0.350713
0.0390853
0.212413
0.00574969
0.662
0.662
0.662
0.200807
0.340275
0.472717
0.38119
0.662
0.662
0.662
0.235267
0.662
0.22773
0.219317
0.216656
0.446257
0.662
0.193405
0.662
0.662
0.662
0.662
0.382385
0.662
0.662
0.099235
0.287935
0.311805
0.413516
0.318517
0.281924
0.662
0.662
0.662
0.662
0.662
0.662
0.0422089
0.662
0.3733
0.104266
0.662
0.662
0.428538
0.350076
0.662
0.457121
0.357975
0.662
0.0200241
0.230447
0.662
0.418799
0.0695077
0.415897
0.107352
0.300246
0.662
0.354973
0.206206
0.662
0.0685753
0.662
0.0735012
0.662
0.662
0.662
0.662
0.0774307
0.662
0.238715
0.166882
0.0904901
0.662
0.662
0.122722
0.662
0.261676
0.662
0.255012
0.662
0.662
0.662
0.259314
0.662
0.00559273
0.457915
0.0490548
0.662
0.662
0.0463563
0.662
0.662
0.421791
0.0963618
0.662
0.0632103
0.0666769
0.662
0.662
0.0798346
0.283633
0.129625
0.44812
0.348757
0.662
0.172964
0.662
0.662
0.438238
0.662
0.0644626
0.662
0.365482
0.662
0.662
0.662
0.662
0.306189
0.662
0.247951
0.662
0.219825
0.662
0.662
0.457344
0.662
0.185052
0.576416
0.662
0.662
0.662
0.374006
0.662
0.0938139
0.336998
0.662
0.0527389
0.662
0.470242
0.121363
0.662
0.662
0.662
0.662
0.258643
0.432228
0.418086
0.444302
0.0966293
0.404215
0.662
0.165806
0.662
0.219271
0.629706
0.337425
0.662
0.282693
0.0402808
0.662
0.662
0.662
0.662
0.453618
0.662
0.662
0.662
0.469336
0.301292
0.662
0.25503
0.662
0.406214
0.402714
0.108364
0.662
0.316662
0.662
0.0678406
0.662
0.662
0.662
0.662
0.662
0.662
0.137889
0.662
0.464148
0.33373
0.662
0.662
0.662
0.662
0.662
0.662
0.662
0.662
0.662
0.662
0.662
0.662
0.158545
0.175655
0.662
0.41651
0.453646
0.359611
0.662
0.662
0.662
0.317272
0.167706
0.662
0.662
0.352397
0.458328
0.0890556
0.662
0.662
0.450943
0.662
0.662
0.662
0.662
0.0919032
0.662
0.111646
0.287512
0.662
0.191245
0.662
0.662
0.662
0.056749
0.284245
0.662
0.662
0.662
0.662
0.662
0.597119
0.282367
0.531972
0.662
0.0320891
0.662
0.213148
0.19182
0.230527
0.662
0.473505
0.662
0.0102154
0.662
0.662
0.662
0.662
0.134617
0.662
0.662
0.662
0.413683
0.07305
0.662
0.662
0.61099
0.662
0.662
0.438402
0.662
0.662
0.0152031
0.308229
0.0575498
0.662
0.662
0.63339
0.662
0.662
0.204177
0.662
0.639026
0.662
0.0875644
0.662
0.013457
0.144481
0.209441
0.546405
0.662
0.662
0.662
0.662
0.192592
0.662
0.120498
0.662
0.662
0.296541
0.103223
0.550431
0.662
0.228663
0.662
0.336176
0.662
0.662
0.29172
0.662
0.662
0.0382183
0.228424
0.662
0.514853
0.0454535
0.662
0.662
0.662
0.662
0.35595
0.662
0.662
0.662
0.662
0.42526
0.662
0.662
0.662
0.572137
0.0898614
0.662
0.0190625
0.662
0.0781479
0.662
0.662
0.662
0.319574
0.000782825
0.662
0.446035
0.662
0.662
0.662
0.662
0.0594018
0.662
0.662
0.662
0.383233
0.472604
0.0135631
0.399521
0.662
0.662
0.337085
0.432877
0.413965
0.425877
0.662
0.376233
0.281562
0.662
0.662
0.461983
0.662
0.350481
0.662
0.662
0.662
0.662
0.662
0.662
0.662
0.662
0.662
0.662
0.662
0.662
0.662
0.662
0.662
0.0316746
0.470055
0.662
0.662
0.662
0.662
0.662
0.190234
0.662
0.00478813
0.225792
0.152705
0.44695
0.662
0.018032
0.153141
0.662
0.662
0.662
0.643431
0.662
0.662
0.662
0.662
0.662
0.662
0.662
0.662
0.101815
0.662
0.662
0.662
0.0179722
0.662
0.662
0.417461
0.662
0.662
0.662
0.536953
0.217176
0.219091
0.447798
0.662
0.662
0.306808
0.662
0.662
0.213019
0.662
0.286963
0.662
0.662
0.662
0.662
0.662
0.662
0.662
0.0777674
0.662
0.662
0.308192
0.436964
0.403834
0.662
0.662
0.662
0.662
0.160503
0.662
0.662
0.662
0.662
0.119131
0.127347
0.260665
0.662
0.662
0.36776
0.363522
0.311142
0.662
0.662
0.273047
0.426617
0.662
0.662
0.662
0.662
0.277149
0.662
0.662
0.633391
0.231834
0.4515
0.662
0.18505
0.662
0.22006
0.662
0.662
0.662
0.339266
0.662
0.662
0.0257549
0.0230361
0.662
0.0014155
0.171021
0.259296
0.370595
0.662
0.662
0.271808
0.662
0.486104
0.662
0.662
0.125739
0.362586
0.45698
0.662
0.662
0.662
0.662
0.662
0.662
0.268098
0.662
0.662
0.662
0.662
0.662
0.662
0.662
0.209351
0.162576
0.662
0.0040277
0.38992
0.662
0.662
0.662
0.0374102
0.662
0.426277
0.453657
0.662
0.39964
0.347269
0.349793
0.388452
0.662
0.0617952
0.662
0.662
0.235754
0.361574
0.662
0.452285
0.662
0.0140042
0.662
0.405738
0.189329
0.423821
0.469071
0.662
0.662
0.662
0.393348
0.662
0.398078
0.662
0.638742
0.341248
0.376243
0.662
0.352553
0.662
0.408146
0.028478
0.0937596
0.20101
0.357183
0.662
0.0307617
0.226935
0.12447
0.662
0.662
0.662
0.343113
0.313342
0.662
0.662
0.662
0.197949
0.323872
0.662
0.403624
0.662
0.193912
0.662
0.472029
0.662
0.662
0.514836
0.662
0.662
0.662
0.0694382
0.466809
0.363025
0.662
0.662
0.662
0.662
0.285529
0.179752
0.460284
0.226706
0.662
0.662
0.221249
0.662
0.365655
0.189485
0.256072
0.275074
0.662
0.30027
0.512327
0.393562
0.662
0.662
0.662
0.362811
0.439742
0.662
0.662
0.662
0.202478
0.662
0.352411
0.662
0.46171
0.662
0.17868
0.662
0.662
0.662
0.299958
0.662
0.424734
0.0834241
0.44228
0.233363
0.117882
0.16602
0.465105
0.662
0.662
0.203016
0.443249
0.375308
0.290701
0.662
0.437082
0.197717
0.662
