0.662
0.662
0.266367
0.21677
0.662
0.662
0.404562
0.662
0.662
0.286277
0.400708
0.662
0.662
0.662
0.527604
0.269059
0.214373
0.662
0.126123
0.382008
0.662
0.0326565
0.662
0.662
0.662
0.662
0.122339
0.662
0.662
0.382999
0.312232
0.662
0.48812
0.662
0.00826124
0.171244
0.662
0.662
0.358938
0.662
0.255255
0.401597
0.662
0.662
0.210088
0.662
0.0748126
0.662
0.662
0.0817906
0.662
0.662
0.294467
0.0334613
0.662
0.246517
0.0188265
0.662
0.327036
0.408574
0.43436
0.662
0.206882
0.297634
0.662
0.506452
0.280894
0.224389
0.0979228
0.662
0.662
0.448455
0.265572
0.139921
0.662
0.256431
0.662
0.662
0.662
0.227527
0.174816
0.662
0.131161
0.662
0.662
0.287305
0.439285
0.662
0.257485
0.662
0.312209
0.662
0.244573
0.228766
0.662
0.662
0.662
0.0851334
0.475849
0.458706
0.237857
0.30015
0.662
0.662
0.475267
0.201578
0.120541
0.662
0.662
0.662
0.191863
0.662
0.530909
0.151135
0.211351
0.235035
0.301704
0.662
0.404239
0.662
0.662
0.47516
0.662
0.430113
0.662
0.662
0.195054
0.37546
0.043998
0.374529
0.553104
0.34273
0.662
0.136399
0.662
0.662
0.662
0.662
0.644976
0.662
0.662
0.309004
0.662
0.662
0.312786
0.551734
0.264864
0.662
0.457415
0.635455
0.415064
0.0818197
0.662
0.186649
0.14377
0.662
0.475039
0.456572
0.662
0.662
0.29053
0.438776
0.0159258
0.662
0.12012
0.505958
0.662
0.662
0.226674
0.662
0.254304
0.662
0.186092
0.291795
0.662
0.0716729
0.3596
0.662
0.0900745
0.400955
0.0435607
0.662
0.408994
0.422095
0.662
0.126608
0.496711
0.662
0.00727476
0.156158
0.134827
0.662
0.662
0.0445837
0.0950694
0.662
0.662
0.0553607
0.662
0.427166
0.066331
0.471912
0.0319853
0.407117
0.662
0.106652
0.662
0.662
0.159084
0.025479
0.565721
0.121179
0.116949
0.346021
0.607916
0.662
0.325262
0.662
0.662
0.662
0.342671
0.246343
0.420713
0.662
0.263941
0.662
0.662
0.231668
0.031616
0.662
0.662
0.662
0.662
0.662
0.465439
0.662
0.662
0.662
0.662
0.662
0.662
0.442783
0.0930408
0.662
0.209454
0.115353
0.662
0.662
0.662
0.244744
0.662
0.30561
0.662
0.296447
0.48941
0.662
0.18211
0.662
0.662
0.662
0.319903
0.662
0.662
0.662
0.197488
0.466719
0.662
0.662
0.283715
0.32208
0.662
0.662
0.662
0.662
0.502693
0.46822
0.658052
0.662
0.662
0.246081
0.475251
0.237542
0.0415698
0.160164
0.662
0.662
0.498671
0.662
0.32382
0.0511118
0.662
0.662
0.662
0.0304155
0.262116
0.662
0.662
0.662
0.174973
0.018608
0.662
0.662
0.593928
0.662
0.662
0.662
0.662
0.662
0.662
0.662
0.413999
0.0439243
0.350387
0.219246
0.662
0.168505
0.662
0.113544
0.662
0.662
0.382318
0.662
0.662
0.445281
0.213957
0.258937
0.662
0.662
0.268073
0.269743
0.433617
0.662
0.279982
0.34603
0.237826
0.662
0.490612
0.300149
0.0146741
0.441773
0.0469385
0.232638
0.448338
0.115666
0.273845
0.662
0.662
0.662
0.0120878
0.662
0.662
0.662
0.306327
0.662
0.219467
0.528457
0.662
0.662
0.662
0.26897
0.31705
0.373753
0.179017
0.662
0.662
0.662
0.662
0.662
0.119144
0.212647
0.662
0.662
0.662
0.112325
0.362385
0.110871
0.662
0.662
0.662
0.662
0.604384
0.662
0.222163
0.340483
0.662
0.662
0.178793
0.14652
0.662
0.662
0.387978
0.470852
0.275044
0.0183832
0.328184
0.45366
0.662
0.327655
0.662
0.0836841
0.662
0.352555
0.662
0.662
0.662
0.662
0.122121
0.662
0.662
0.371234
0.441288
0.662
0.662
0.34899
0.132343
0.638226
0.0653323
0.532124
0.197758
0.389939
0.662
0.0392156
0.394195
0.662
0.427285
0.194795
0.328778
0.662
0.109904
0.662
0.456021
0.160763
0.134393
0.503039
0.662
0.662
0.662
0.388056
0.507818
0.662
0.662
0.662
0.662
0.662
0.662
0.317454
0.662
0.261865
0.36214
0.662
0.662
0.662
0.277631
0.31392
0.297749
0.662
0.208382
0.284851
0.662
0.662
0.297799
0.662
0.662
0.662
0.0614159
0.319389
0.11526
0.278689
0.662
0.310648
0.662
0.662
0.662
0.267718
0.0096992
0.662
0.662
0.662
0.207244
0.662
0.662
0.346277
0.662
0.662
0.39697
0.662
0.662
0.299364
0.287396
0.662
0.662
0.662
0.134416
0.662
0.048279
0.662
0.348665
0.662
0.330533
0.662
0.662
0.321763
0.662
0.422185
0.558524
0.0837646
0.662
0.100982
0.0690221
0.0276477
0.211298
0.327604
0.101054
0.662
0.662
0.662
0.662
0.662
0.662
0.349769
0.436517
0.264934
0.662
0.662
0.662
0.0449948
0.187833
0.296411
0.165008
0.13508
0.355351
0.662
0.201971
0.466349
0.662
0.662
0.323005
0.662
0.662
0.398023
0.470633
0.528253
0.369633
0.428351
0.150622
0.400195
0.662
0.662
0.662
0.0983859
0.662
0.662
0.662
0.331331
0.0617432
0.00564608
0.662
0.662
0.662
0.370231
0.662
0.662
0.122578
0.662
0.662
0.524119
0.194321
0.662
0.419477
0.169352
0.662
0.124614
0.662
0.662
0.662
0.0791995
0.662
0.662
0.440493
0.662
0.0401326
0.662
0.662
0.367219
0.145044
0.349814
0.662
0.662
0.645954
0.475138
0.662
0.453423
0.0449984
0.662
0.443494
0.216679
0.662
0.662
0.278925
0.114443
0.352089
0.662
0.173941
0.35816
0.662
0.662
0.445039
0.662
0.662
0.334608
0.662
0.662
0.432532
0.228345
0.662
0.662
0.662
0.116505
0.662
0.662
0.662
0.61267
0.521102
0.662
0.662
0.15478
0.662
0.391322
0.662
0.0256322
0.208395
0.412206
0.662
0.662
0.662
0.662
0.662
0.662
0.662
0.431842
0.21445
0.444296
0.357402
0.414174
0.588962
0.271301
0.662
0.662
0.662
0.203224
0.364388
0.662
0.662
0.169568
0.662
0.662
0.662
0.330496
0.477161
0.462479
0.0224608
0.662
0.105423
0.363703
0.267571
0.662
0.356556
0.662
0.662
0.433799
0.156035
0.662
0.0458703
0.10865
0.448686
0.0459713
0.214017
0.662
0.0213673
0.662
0.0888536
0.134481
0.201257
0.662
0.177689
0.200172
0.662
0.222195
0.23452
0.662
0.662
0.662
0.662
0.120692
0.11987
0.662
0.086183
0.662
0.662
0.662
0.662
0.662
0.0703112
0.193219
0.662
0.662
0.297303
0.662
0.662
0.662
0.662
0.662
0.662
0.662
0.662
0.662
0.41567
0.196313
0.45396
0.364853
0.662
0.20622
0.662
0.662
0.423007
0.662
0.424383
0.0472491
0.291448
0.662
0.0622728
0.662
0.662
0.276267
0.662
0.662
0.662
0.662
0.0663394
0.662
0.662
0.0953707
0.662
0.662
0.662
0.271054
0.662
0.504058
0.308018
0.0967953
0.662
0.330743
0.000918355
0.236106
0.037144
0.662
0.662
0.662
0.662
0.662
0.0130818
0.0805619
0.160192
0.662
0.206002
0.0330919
0.0480914
0.662
0.662
0.662
0.662
0.662
0.0654048
0.662
0.0344372
0.662
0.662
0.312565
0.662
0.0492165
0.290092
0.662
0.662
0.031555
0.268409
0.662
0.662
0.662
0.350056
0.662
0.400016
0.132468
0.662
0.028731
0.662
0.662
0.662
0.662
0.662
0.148661
0.662
0.662
0.662
0.40547
0.662
0.058176
0.336285
0.30697
0.456189
0.252345
0.662
0.459914
0.166598
0.040435
0.662
0.0155301
0.426686
0.465359
0.384636
0.662
0.662
0.392972
0.104104
0.225397
0.662
0.357559
0.482584
0.662
0.662
0.127943
0.662
0.0175765
0.662
0.662
0.429384
0.662
0.662
0.139218
0.662
0.662
0.00953671
0.662
0.46287
0.527469
0.328135
0.662
0.328831
0.343211
0.662
0.0184825
0.662
0.436893
0.291801
0.662
0.640488
0.662
0.662
0.662
0.662
0.456635
0.21666
0.662
0.304744
0.350072
0.0564751
0.662
0.422011
0.662
0.662
0.406122
0.436625
0.662
0.468227
0.0813253
0.0366319
0.266663
0.662
0.0910529
0.662
0.0659097
0.363042
0.662
0.0259918
0.121983
0.220646
0.662
0.105626
0.662
0.662
0.635319
0.251678
0.662
0.00211314
0.662
0.165308
0.578227
0.488918
0.662
0.204163
0.662
0.662
0.662
0.191343
0.662
0.662
0.337541
0.317121
0.4729
0.662
0.662
0.051657
0.662
0.662
0.662
0.662
0.662
0.662
0.662
0.0803498
0.219575
0.308967
0.366562
0.101872
0.44296
0.662
0.269791
0.662
0.453047
0.27586
0.231837
0.0271034
0.662
0.662
0.387361
0.662
0.420726
0.00190177
0.662
0.169837
0.273268
0.662
0.175966
0.426466
0.662
0.126609
0.169001
0.662
0.662
0.662
0.20629
0.406671
0.185174
0.429902
0.37928
0.507986
0.662
0.0861201
0.411963
0.662
0.662
0.00276798
0.662
0.662
0.662
0.037895
0.177476
0.662
0.662
0.286195
0.139066
0.288232
0.662
0.511407
0.349803
0.662
0.387542
0.31504
0.662
0.117433
0.0864729
0.662
0.120363
0.662
0.0140518
0.662
0.0905378
0.0838417
0.662
0.131202
0.119801
0.662
0.245314
0.287123
0.662
0.362459
0.662
0.662
0.214196
0.189119
0.36766
0.662
0.185835
0.662
0.662
0.662
0.662
0.662
0.307142
0.466964
0.662
0.662
0.662
0.662
0.384261
0.662
0.415654
0.188532
0.662
0.339643
0.650939
0.118691
0.319763
0.248383
0.0945138
0.662
0.662
0.236608
0.130893
0.289176
0.289824
0.662
0.282268
0.662
0.662
0.662
0.399316
0.662
0.538209
0.241237
0.192853
0.662
