0.425943
0.662
0.0353088
0.312495
0.205607
0.142934
0.357588
0.188433
0.662
0.662
0.293408
0.662
0.662
0.662
0.200747
0.662
0.662
0.182916
0.317583
0.662
0.270307
0.307661
0.400227
0.662
0.662
0.264362
0.662
0.442667
0.662
0.662
0.662
0.662
0.662
0.0646881
0.443833
0.0050914
0.419679
0.662
0.662
0.21613
0.578947
0.315289
0.440316
0.662
0.404634
0.248014
0.149262
0.465324
0.662
0.112602
0.662
0.662
0.662
0.662
0.662
0.662
0.460139
0.379002
0.130736
0.412691
0.662
0.662
0.662
0.662
0.662
0.322961
0.662
0.662
0.662
0.662
0.130049
0.179123
0.662
0.295632
0.662
0.662
0.662
0.662
0.0572338
0.184863
0.662
0.011391
0.662
0.662
0.662
0.662
0.175526
0.355063
0.422542
0.209098
0.662
0.662
0.662
0.662
0.455405
0.424722
0.160574
0.359687
0.303506
0.44772
0.384106
0.662
0.0362665
0.211079
0.662
0.0711567
0.0269063
0.662
0.662
0.273678
0.104755
0.662
0.662
0.114173
0.662
0.662
0.662
0.063987
0.00954284
0.197495
0.662
0.370919
0.0342189
0.662
0.662
0.662
0.662
0.662
0.662
0.662
0.662
0.379804
0.0878343
0.411364
0.259794
0.271699
0.662
0.662
0.662
0.662
0.260649
0.662
0.662
0.0161778
0.662
0.662
0.662
0.238718
0.39891
0.662
0.131233
0.101279
0.193068
0.662
0.662
0.172704
0.155524
0.662
0.309837
0.662
0.662
0.1129
0.451597
2.25784e-05
0.662
0.15796
0.271966
0.503538
0.662
0.662
0.662
0.0592278
0.115059
0.142432
0.662
0.662
0.662
0.234273
0.662
0.662
0.598059
0.395068
0.662
0.662
0.422782
0.662
0.00812866
0.309787
0.0848899
0.662
0.662
0.662
0.662
0.662
0.350191
0.0509527
0.358237
0.471362
0.662
0.46334
0.662
0.216947
0.662
0.332856
0.532764
0.238342
0.662
0.0168819
0.0870109
0.0676684
0.453729
0.445203
0.35888
0.469036
0.662
0.662
0.469582
0.160929
0.404715
0.662
0.662
0.662
0.662
0.662
0.662
0.381763
0.279222
0.280766
0.662
0.662
0.661598
0.662
0.662
0.201656
0.457157
0.662
0.221512
0.662
0.380175
0.27255
0.662
0.662
0.662
0.662
0.662
0.230567
0.662
0.463806
0.175454
0.0953764
0.0728605
0.287934
0.438787
0.662
0.521414
0.246555
0.662
0.263601
0.662
0.212421
0.662
0.662
0.450398
0.662
0.662
0.662
0.662
0.662
0.334556
0.662
0.156393
0.662
0.662
0.662
0.0852001
0.662
0.662
0.223258
0.662
0.223874
0.662
0.0158368
0.662
0.355482
0.40796
0.662
0.285782
0.662
0.662
0.662
0.662
0.44251
0.10276
0.662
0.0381488
0.220089
0.434232
0.662
0.662
0.662
0.4565
0.328635
0.662
0.662
0.258105
0.0713282
0.662
0.662
0.662
0.662
0.662
0.314375
0.662
0.662
0.662
0.247636
0.662
0.662
0.270813
0.16748
0.662
0.0906176
0.554635
0.365817
0.0634036
0.662
0.143978
0.662
0.662
0.220675
0.217
0.396192
0.373269
0.308587
0.576446
0.662
0.315043
0.662
0.662
0.662
0.253643
0.662
0.0238731
0.662
0.0353193
0.662
0.662
0.233822
0.662
0.458694
0.267782
0.662
0.662
0.662
0.340845
0.303887
0.662
0.314199
0.205049
0.168915
0.662
0.662
0.662
0.0238542
0.140649
0.0718466
0.0519219
0.662
0.352783
0.662
0.436503
0.662
0.355933
0.307343
0.662
0.499883
0.662
0.0463909
0.662
0.169376
0.662
0.662
0.662
0.662
0.662
0.051758
0.270548
0.662
0.662
0.662
0.662
0.264105
0.662
0.0533071
0.154719
0.662
0.31827
0.662
0.274291
0.245575
0.662
0.34266
0.233571
0.662
0.662
0.662
0.178574
0.371055
0.662
0.222691
0.662
0.662
0.393725
0.188294
0.434731
0.662
0.0162918
0.17334
0.662
0.662
0.455366
0.662
0.662
0.662
0.325225
0.662
0.196325
0.388946
0.662
0.0903709
0.0202262
0.662
0.662
0.662
0.662
0.662
0.662
0.662
0.101295
0.4535
0.0397649
0.474649
0.662
0.662
0.39609
0.662
0.403173
0.44039
0.662
0.509239
0.464439
0.14089
0.462324
0.43482
0.662
0.662
0.524034
0.0303853
0.662
0.0921976
0.0871763
0.334815
0.662
0.143234
0.662
0.662
0.1651
0.662
0.260178
0.186954
0.662
0.633694
0.662
0.662
0.114624
0.662
0.0879516
0.662
0.662
0.0522629
0.0100669
0.662
0.662
0.101051
0.134185
0.318622
0.662
0.17598
0.00832725
0.546235
0.421109
0.662
0.128603
0.662
0.662
0.261097
0.662
0.221911
0.662
0.662
0.662
0.373739
0.254886
0.662
0.662
0.662
0.662
0.209332
0.392356
0.139668
0.662
0.662
0.154901
0.662
0.30647
0.453507
0.583328
0.433353
0.36567
0.662
0.220313
0.662
0.219291
0.662
0.399902
0.662
0.662
0.662
0.662
0.662
0.287046
0.662
0.662
0.036127
0.662
0.0588741
0.268464
0.640326
0.662
0.601016
0.662
0.329098
0.223104
0.157274
0.240249
0.662
0.662
0.307726
0.662
0.0326851
0.662
0.0643285
0.369687
0.158011
0.0307097
0.662
0.117182
0.662
0.137341
0.0147866
0.0154113
0.0111966
0.662
0.0195807
0.45791
0.662
0.368856
0.662
0.118823
0.322294
0.342057
0.0454243
0.662
0.350759
0.327041
0.662
0.662
0.662
0.662
0.662
0.0143701
0.662
0.662
0.662
0.662
0.662
0.0781843
0.662
0.0458082
0.662
0.00515124
0.662
0.27864
0.452711
0.393405
0.662
0.208693
0.299437
0.662
0.379763
0.662
0.662
0.587848
0.662
0.395067
0.291939
0.662
0.662
0.662
0.292516
0.0770474
0.067845
0.662
0.662
0.16604
0.662
0.422295
0.414989
0.662
0.103548
0.662
0.2571
0.45972
0.662
0.662
0.63339
0.208012
0.0386382
0.662
0.427787
0.220055
0.662
0.485818
0.662
0.400578
0.662
0.662
0.458585
0.662
0.662
0.0467949
0.277718
0.662
0.203221
0.662
0.662
0.209254
0.408542
0.662
0.662
0.103552
0.169322
0.662
0.662
0.662
0.210369
0.662
0.0396922
0.662
0.662
0.662
0.662
0.461107
0.662
0.662
0.409031
0.662
0.662
0.662
0.662
0.662
0.662
0.0772863
0.176484
0.348265
0.274613
0.205584
0.396013
0.285529
0.346477
0.662
0.662
0.199939
0.662
0.10552
0.356625
0.182105
0.461305
0.373026
0.384105
0.321848
0.662
0.208938
0.662
0.662
0.662
0.35815
0.188814
0.121902
0.662
0.301678
0.284044
0.662
0.662
0.292995
0.064825
0.662
0.422747
0.634229
0.267438
0.662
0.662
0.451343
0.662
0.662
0.662
0.662
0.662
0.662
0.662
0.286049
0.125525
0.662
0.662
0.662
0.219416
0.662
0.662
0.662
0.662
0.662
0.662
0.2295
0.509575
0.662
0.662
0.662
0.00690035
0.662
0.0990167
0.662
0.662
0.662
0.662
0.115791
0.662
0.662
0.662
0.662
0.662
0.152026
0.662
0.662
0.24948
0.662
0.662
0.10918
0.662
0.31674
0.662
0.662
0.219168
0.662
0.196772
0.662
0.213706
0.662
0.662
0.186798
0.219142
0.662
0.386662
0.207072
0.662
0.124199
0.662
0.0546615
0.662
0.662
0.0944749
0.662
0.662
0.662
0.291367
0.146911
0.662
0.662
0.662
0.226722
0.662
0.206779
0.662
0.123499
0.662
0.639671
0.388772
0.662
0.662
0.449118
0.381519
0.662
0.662
0.662
0.247461
0.662
0.0997707
0.432509
0.0908985
0.423448
0.201547
0.662
0.662
0.357269
0.662
0.662
0.0048623
0.662
0.662
0.662
0.196218
0.662
0.119694
0.662
0.443536
0.662
0.662
0.662
0.662
0.662
0.662
0.662
0.662
0.662
0.357053
0.365871
0.662
0.13796
0.0148728
0.662
0.272178
0.400337
0.3545
0.107591
0.239338
0.310463
0.662
0.282015
0.662
0.590862
0.662
0.0112921
0.335783
0.662
0.43933
0.662
0.485373
0.102652
0.662
0.662
0.317083
0.0264997
0.282897
0.662
0.662
0.662
0.662
0.382419
0.388262
0.33541
0.662
0.353513
0.662
0.662
0.662
0.218486
0.210059
0.662
0.324973
0.662
0.414947
0.662
0.404601
0.0909744
0.270087
0.662
0.662
0.166962
0.662
0.662
0.662
0.662
0.662
0.102695
0.393704
0.662
0.336417
0.277025
0.662
0.0895469
0.662
0.662
0.662
0.662
0.415124
0.279484
0.662
0.662
0.662
0.662
0.662
0.662
0.662
0.322501
0.299105
0.662
0.662
0.662
0.384564
0.151616
0.342818
0.0770248
0.662
0.662
0.662
0.323707
0.323674
0.0409603
0.0603347
0.662
0.662
0.662
0.662
0.249551
0.662
0.662
0.42225
0.519593
0.248054
0.381336
0.662
0.662
0.275479
0.00471474
0.221261
0.662
0.662
0.662
0.662
0.662
0.662
0.662
0.662
0.662
0.662
0.318942
0.396872
0.662
0.662
0.384347
0.662
0.662
0.662
0.662
0.662
0.21257
0.662
0.242622
0.294361
0.0228533
0.287301
0.662
0.662
0.662
0.176485
0.662
0.220067
0.662
0.662
0.265527
0.385353
0.275464
0.662
0.662
0.662
0.591612
0.356998
0.662
0.271015
0.662
0.342685
0.0339171
0.662
0.662
0.283934
0.0154698
0.662
0.285635
0.470434
0.662
0.196012
0.449706
0.662
0.662
0.662
0.360235
0.662
0.575665
0.662
0.662
0.662
0.662
0.162435
0.279917
0.247939
0.662
0.662
0.236389
0.662
0.662
0.322788
0.662
0.197335
0.662
0.662
0.662
0.662
0.662
0.662
0.206893
0.662
0.446963
0.466071
0.25533
