0.662
0.265261
0.189669
0.211267
0.148515
0.662
0.662
0.0850565
0.662
0.662
0.662
0.243809
0.662
0.375078
0.662
0.662
0.662
0.662
0.662
0.241268
0.662
0.31913
0.403191
0.318104
0.339491
0.0541115
0.256747
0.662
0.426051
0.662
0.662
0.271022
0.662
0.662
0.0156475
0.662
0.409848
0.662
0.662
0.662
0.662
0.662
0.662
0.0712129
0.041097
0.662
0.662
0.662
0.0844117
0.0352402
0.662
0.365433
0.516539
0.662
0.26262
0.414355
0.662
0.00470694
0.662
0.662
0.662
0.662
0.662
0.341295
0.334981
0.146341
0.261285
0.131714
0.373382
0.662
0.0340082
0.662
0.662
0.288916
0.017838
0.0443761
0.662
0.292087
0.662
0.470365
0.662
0.215262
0.373166
0.662
0.106037
0.662
0.662
0.662
0.36061
0.453954
0.662
0.662
0.160175
0.662
0.662
0.662
0.662
0.442953
0.186938
0.088326
0.392022
0.00459007
0.662
0.662
0.35816
0.186838
0.662
0.633694
0.662
0.293863
0.662
0.413393
0.662
0.248349
0.541172
0.421293
0.662
0.662
0.0851851
0.662
0.352769
0.662
0.662
0.250239
0.42414
0.188431
0.662
0.179448
0.594125
0.662
0.28483
0.662
0.662
0.662
0.662
0.662
0.382581
0.323256
0.150823
0.456509
0.00316023
0.380022
0.662
0.662
0.384277
0.0266439
0.662
0.662
0.662
0.662
0.289772
0.662
0.662
0.299155
0.424572
0.662
0.433283
0.662
0.284089
0.385101
0.368152
0.662
0.662
0.00853174
0.662
0.662
0.235314
0.0239845
0.662
0.0885265
0.028588
0.662
0.457364
0.662
0.662
0.235016
0.000801962
0.124099
0.662
0.436775
0.662
0.662
0.13751
0.254846
0.130556
0.029782
0.158361
0.185345
0.187959
0.662
0.491982
0.413281
0.590775
0.662
0.662
0.662
0.0991071
0.0839576
0.662
0.662
0.238306
0.662
0.662
0.662
0.428864
0.662
0.662
0.662
0.450718
0.065674
0.662
0.418963
0.662
0.662
0.662
0.464498
0.662
0.345377
0.662
0.662
0.662
0.219137
0.376068
0.662
0.308174
0.662
0.100522
0.447162
0.412198
0.662
0.0681302
0.124737
0.0147802
0.379624
0.20011
0.593124
0.662
0.662
0.662
0.00452295
0.662
0.662
0.662
0.273369
0.543949
0.662
0.132343
0.662
0.238809
0.136265
0.242353
0.662
0.662
0.662
0.0079396
0.662
0.662
0.3566
0.203878
0.179008
0.482575
0.662
0.421619
0.662
0.153301
0.662
0.662
0.662
0.00695472
0.662
0.0894372
0.662
0.0561103
0.662
0.662
0.662
0.662
0.662
0.662
0.211279
0.253667
0.0192806
0.662
0.20426
0.0960941
0.30484
0.662
0.415703
0.333222
0.662
0.662
0.662
0.662
0.662
0.0970792
0.490338
0.298022
0.662
0.155219
0.248064
0.662
0.312882
0.662
0.662
0.662
0.662
0.09786
0.662
0.39788
0.0948036
0.662
0.662
0.662
0.662
0.662
0.446213
0.662
0.662
0.662
0.442419
0.662
0.662
0.662
0.662
0.662
0.444694
0.662
0.164583
0.662
0.0163263
0.662
0.0424237
0.662
0.662
0.662
0.662
0.662
0.424691
0.366393
0.662
0.662
0.477599
0.662
0.413992
0.662
0.470985
0.0763704
0.553635
0.443225
0.333363
0.327268
0.40942
0.662
0.40696
0.662
0.0941487
0.662
0.662
0.662
0.662
0.662
0.662
0.662
0.662
0.662
0.430955
0.662
0.662
0.662
0.388021
0.662
0.239047
0.426264
0.662
0.662
0.662
0.662
0.662
0.662
0.662
0.23213
0.662
0.0150526
0.662
0.662
0.411986
0.614516
0.000484332
0.662
0.369408
0.662
0.359951
0.169806
0.534902
0.19464
0.662
0.223405
0.662
0.662
0.0596612
0.285604
0.662
0.662
0.338683
0.335106
0.214721
0.662
0.219316
0.114544
0.217015
0.286951
0.662
0.36319
0.662
0.182387
0.662
0.00876252
0.138476
0.662
0.0979489
0.662
0.0751535
0.662
0.244424
0.241942
0.520363
0.0452856
0.439103
0.348157
0.662
0.662
0.64182
0.662
0.19443
0.217521
0.662
0.662
0.0204584
0.241107
0.662
0.662
0.055049
0.662
0.662
0.662
0.199952
0.265009
0.109179
0.255787
0.389028
0.217979
0.662
0.00235219
0.662
0.662
0.0359262
0.662
0.471036
0.257907
0.0873557
0.433124
0.0924515
0.106283
0.207467
0.353881
0.662
0.662
0.0844127
0.662
0.662
0.662
0.662
0.435947
0.495574
0.662
0.202103
0.662
0.368523
0.343476
0.316918
0.42405
0.185672
0.00827809
0.226597
0.662
0.367292
0.193599
0.0392652
0.238248
0.662
0.41126
0.0677841
0.0714296
0.662
0.0717347
0.189918
0.100239
0.662
0.0609292
0.662
0.662
0.662
0.468476
0.662
0.662
0.415775
0.662
0.467283
0.662
0.662
0.0960684
0.662
0.662
0.0156213
0.662
0.662
0.0106071
0.662
0.148133
0.662
0.662
0.416466
0.0141659
0.662
0.0730677
0.662
0.662
0.265659
0.19068
0.662
0.0853962
0.662
0.662
0.331556
0.662
0.437274
0.662
0.403679
0.662
0.165801
0.508682
0.662
0.662
0.411644
0.662
0.662
0.662
0.662
0.662
0.662
0.662
0.662
0.027894
0.662
0.662
0.301916
0.662
0.662
0.0918159
0.355163
0.426452
0.662
0.476942
0.662
0.321281
0.454975
0.662
0.662
0.662
0.662
0.662
0.318129
0.48795
0.23052
0.547175
0.374102
0.237698
0.662
0.662
0.662
0.662
0.351767
0.662
0.24659
0.351022
0.0109118
0.438321
0.662
0.662
0.0579193
0.386546
0.00602061
0.662
0.662
0.312486
0.662
0.662
0.266307
0.653915
0.662
0.172946
0.264317
0.662
0.127449
0.397332
0.464629
0.662
0.0823235
0.662
0.662
0.662
0.662
0.392448
0.662
0.212285
0.662
0.662
0.351754
0.20679
0.662
0.662
0.662
0.0659106
0.662
0.662
0.662
0.0201841
0.21837
0.23573
0.662
0.351135
0.662
0.662
0.662
0.362759
0.235384
0.662
0.204959
0.199014
0.391723
0.120764
0.662
0.38259
0.662
0.662
0.662
0.0587569
0.268773
0.103983
0.219973
0.662
0.662
0.470665
0.662
0.662
0.662
0.662
0.662
0.662
0.662
0.662
0.662
0.662
0.479429
0.358245
0.409926
0.662
0.662
0.126309
0.50451
0.33923
0.662
0.17493
0.301453
0.662
0.662
0.19749
0.273326
0.119602
0.178546
0.142325
0.324204
0.316766
0.662
0.662
0.0211681
0.256225
0.0924775
0.662
0.233871
0.296438
0.454587
0.0405082
0.249848
0.458478
0.662
0.662
0.662
0.662
0.662
0.662
0.662
0.662
0.00393876
0.448323
0.662
0.325448
0.475442
0.351385
0.662
0.662
0.0313608
0.662
0.662
0.662
0.274543
0.662
0.662
0.662
0.662
0.200826
0.46718
0.662
0.662
0.184412
0.115323
0.343903
0.0293286
0.365383
0.662
0.651358
0.662
0.662
0.580278
0.403376
0.196451
0.344758
0.662
0.662
0.353208
0.475371
0.0381566
0.160988
0.662
0.662
0.662
0.245179
0.111245
0.662
0.306758
0.397539
0.461977
0.662
0.0310048
0.662
0.19409
0.662
0.662
0.251532
0.104099
0.433995
0.140337
0.662
0.662
0.662
0.411162
0.662
0.662
0.662
0.662
0.583378
0.263023
0.662
0.156408
0.662
0.0200933
0.410523
0.662
0.662
0.163778
0.662
0.662
0.662
0.354186
0.662
0.103062
0.662
0.191896
0.662
0.34319
0.282368
0.662
0.662
0.495289
0.662
0.434323
0.0729799
0.484096
0.662
0.0961949
0.105444
0.162728
0.662
0.101913
0.662
0.143025
0.662
0.442005
0.662
0.0994853
0.662
0.172011
0.662
0.351791
0.662
0.173854
0.662
0.662
0.662
0.381271
0.344498
0.0952602
0.243813
0.10942
0.662
0.662
0.492086
0.193727
0.662
0.662
0.662
0.662
0.662
0.662
0.662
0.662
0.662
0.662
0.662
0.360996
0.662
0.662
0.662
0.662
0.662
0.418274
0.0275649
0.485858
0.662
0.662
0.662
0.472707
0.662
0.397355
0.662
0.00456747
0.00141761
0.286715
0.390727
0.213353
0.421387
0.0438725
0.662
0.224246
0.406859
0.662
0.662
0.662
0.396768
0.662
0.189675
0.0658498
0.662
0.662
0.662
0.090235
0.302272
0.235884
0.662
0.375033
0.40454
0.662
0.387536
0.662
0.342144
0.662
0.234579
0.403749
0.197591
0.111728
0.58947
0.662
0.330015
0.662
0.224887
0.662
0.0982329
0.662
0.334576
0.662
0.176137
0.181006
0.297829
0.43688
0.328471
0.662
0.119065
0.662
0.460225
0.285758
0.202232
0.276308
0.247254
0.351832
0.24156
0.662
0.662
0.662
0.662
0.26669
0.662
0.662
0.662
0.662
0.373912
0.662
0.662
0.408084
0.662
0.662
0.662
0.662
0.662
0.662
0.219345
0.402422
0.662
0.662
0.402102
0.126286
0.662
0.0930403
0.662
0.467173
0.163724
0.662
0.385186
0.662
0.662
0.0404369
0.0305129
0.662
0.662
0.662
0.662
0.36849
0.662
0.288021
0.662
0.662
0.176349
0.662
0.662
0.593335
0.662
0.164126
0.491115
0.662
0.662
0.662
0.662
0.662
0.662
0.117985
0.413099
0.0869844
0.662
0.662
0.662
0.468614
0.662
0.662
0.662
0.102619
0.10068
0.414579
0.662
0.471983
0.662
0.662
0.43102
0.389821
0.213215
0.662
0.505478
0.662
0.471593
0.662
0.283919
0.538603
0.662
0.662
0.305221
0.662
0.662
0.662
0.459731
0.0885789
0.0432091
0.46949
0.662
0.662
0.662
0.662
0.662
0.662
0.662
0.299439
0.446014
0.662
0.280434
0.662
0.662
0.28996
0.588343
0.301276
0.662
0.0785609
0.468641
0.529002
0.00529103
0.662
0.662
0.662
0.662
0.220548
0.0090963
0.662
0.662
0.160403
0.0101007
0.662
0.297995
0.662
0.662
0.662
0.0114788
0.191543
0.662
0.480811
0.662
0.662
0.207178
0.408908
0.195039
0.662
0.198322
0.662
0.662
0.45578
0.272706
0.662
0.662
0.0267351
0.662
0.662
0.662
0.662
0.662
0.281883
0.121089
0.178414
0.662
0.513971
0.662
0.662
0.662
0.481919
0.662
0.257438
0.662
0.662
0.431239
0.372013
0.386365
0.662
0.662
0.662
0.265076
0.662
0.662
0.447504
0.285815
0.258101
0.286133
0.662
0.662
0.662
0.442927
0.662
0.662
0.0945585
0.232133
0.662
0.662
0.662
0.662
0.662
0.662
0.0880157
0.662
0.421716
0.0463468
0.212248
0.20733
0.124496
0.156355
0.662
0.662
0.115469
0.128073
0.662
0.662
0.662
0.101016
0.192064
0.144303
0.662
0.120591
0.210398
0.348731
0.662
0.662
0.472094
0.480894
0.662
0.378321
0.10587
0.306585
0.662
0.119862
0.40783
0.662
0.662
0.662
0.662
0.409536
0.277743
