0.113596
0.662
0.662
0.662
0.582637
0.403311
0.0959907
0.662
0.59979
0.233032
0.662
0.662
0.401015
0.446305
0.289801
0.200699
0.662
0.662
0.282734
0.662
0.46134
0.222054
0.662
0.662
0.662
0.295152
0.125234
0.297461
0.32727
0.662
0.206361
0.499529
0.662
0.192388
0.0113616
0.662
0.662
0.450501
0.403142
0.662
0.44042
0.395905
0.662
0.0821642
0.662
0.662
0.0867285
0.662
0.328199
0.662
0.583378
0.662
0.662
0.662
0.662
0.211055
0.361979
0.469645
0.662
0.362209
0.29795
0.427387
0.47402
0.267801
0.662
0.0981003
0.662
0.662
0.116086
0.662
0.477079
0.662
0.662
0.662
0.300511
0.224672
0.0973902
0.662
0.145604
0.248622
0.45504
0.662
0.662
0.662
0.662
0.290561
0.662
0.290014
0.662
0.1563
0.459477
0.662
0.20029
0.419221
0.662
0.15135
0.310621
0.662
0.364087
0.662
0.209929
0.662
0.53884
0.365027
0.186173
0.662
0.662
0.426304
0.373132
0.662
0.662
0.395291
0.0625606
0.662
0.467882
0.662
0.662
0.261818
0.662
0.662
0.662
0.662
0.00629969
0.662
0.236672
0.43163
0.380748
0.409097
0.0987758
0.406779
0.283617
0.00658483
0.662
0.662
0.662
0.662
0.16278
0.662
0.662
0.0203606
0.662
0.066677
0.44985
0.662
0.285146
0.662
0.662
0.425631
0.662
0.214305
0.662
0.662
0.662
0.662
0.238209
0.0594133
0.151553
0.662
0.551091
0.46097
0.662
0.348324
0.0210651
0.32515
0.176764
0.315151
0.662
0.662
0.443574
0.229462
0.118738
0.662
0.662
0.211148
0.662
0.022928
0.662
0.0575575
0.662
0.409563
0.662
0.662
0.662
0.398087
0.662
0.428982
0.662
0.662
0.209895
0.662
0.662
0.195798
0.367048
0.662
0.202811
0.662
0.00539519
0.151255
0.662
0.662
0.662
0.0993746
0.662
0.251547
0.08194
0.149152
0.662
0.662
0.198571
0.295685
0.485241
0.662
0.662
0.195255
0.159549
0.662
0.0325853
0.377356
0.068006
0.662
0.662
0.154424
0.662
0.662
0.238447
0.662
0.310116
0.0168228
0.662
0.662
0.662
0.0715098
0.0607769
0.662
0.662
0.662
0.071631
0.0356373
0.662
0.563635
0.662
0.0391138
0.226752
0.393903
0.662
0.662
0.121419
0.225856
0.662
0.662
0.662
0.20622
0.397081
0.662
0.662
0.451831
0.519272
0.166931
0.32569
0.350729
0.360911
0.440325
0.662
0.662
0.239686
0.662
0.498634
0.0572617
0.662
0.336185
0.015448
0.662
0.437805
0.15339
0.348387
0.3094
0.662
0.392126
0.662
0.0906348
0.662
0.236685
0.662
0.662
0.101236
0.141455
0.389166
0.662
0.178929
0.662
0.662
0.662
0.662
0.457015
0.662
0.355107
0.662
0.662
0.176978
0.280442
0.0421602
0.662
0.332568
0.143625
0.662
0.662
0.14081
0.041042
0.1745
0.662
0.662
0.662
0.662
0.296873
0.511861
0.2912
0.185048
0.662
0.662
0.662
0.258522
0.299528
0.662
0.662
0.662
0.662
0.469832
0.662
0.662
0.506079
0.662
0.662
0.662
0.662
0.662
0.181647
0.45146
0.662
0.662
0.0406939
0.304897
0.662
0.662
0.662
0.662
0.353515
0.662
0.185788
0.662
0.662
0.662
0.330068
0.662
0.662
0.662
0.662
0.305695
0.662
0.206293
0.662
0.236972
0.078534
0.320717
0.245841
0.662
0.450363
0.662
0.0221606
0.251999
0.112057
0.662
0.274601
0.662
0.662
0.662
0.0846157
0.531994
0.662
0.662
0.662
0.662
0.199426
0.25136
0.221226
0.662
0.0281101
0.662
0.662
0.662
0.662
0.231334
0.662
0.0316421
0.662
0.662
0.662
0.662
0.472383
0.662
0.402268
0.662
0.364026
0.0328378
0.399344
0.662
0.304019
0.417993
0.662
0.0251174
0.662
0.662
0.405053
0.662
0.662
0.662
0.662
0.662
0.662
0.001843
0.662
0.298297
0.662
0.662
0.662
0.238714
0.212179
0.578073
0.0936101
0.0845209
0.0821924
0.662
0.662
0.662
0.662
0.153465
0.662
0.217369
0.468948
0.662
0.186743
0.132273
0.662
0.662
0.662
0.662
0.662
0.243816
0.123511
0.662
0.662
0.662
0.662
0.0247507
0.662
0.335871
0.45052
0.662
0.662
0.662
0.342478
0.662
0.662
0.372089
0.297197
0.0860386
0.319696
0.662
0.662
0.662
0.662
0.662
0.0928188
0.458594
0.662
0.198447
0.382093
0.373351
0.662
0.662
0.445739
0.162084
0.662
0.662
0.423533
0.662
0.662
0.662
0.662
0.662
0.662
0.662
0.662
0.250484
0.465337
0.662
0.0479544
0.662
0.314688
0.662
0.662
0.662
0.662
0.662
0.662
0.0247618
0.483677
0.362088
0.662
0.481235
0.0404466
0.470547
0.442845
0.662
0.662
0.662
0.16302
0.662
0.662
0.662
0.388385
0.662
0.662
0.662
0.388603
0.662
0.422946
0.662
0.662
0.245154
0.662
0.662
0.662
0.662
0.662
0.455903
0.662
0.662
0.662
0.662
0.34131
0.214759
0.662
0.198938
0.0226262
0.662
0.393453
0.472512
0.0885013
0.662
0.184704
0.662
0.047212
0.235737
0.662
0.662
0.662
0.219161
0.4743
0.164892
0.662
0.662
0.468989
0.662
0.662
0.662
0.662
0.662
0.0459853
0.27247
0.662
0.491888
0.662
0.0610487
0.662
0.375777
0.0131016
0.662
0.662
0.662
0.662
0.662
0.0570326
0.662
0.662
0.113181
0.38272
0.662
0.337564
0.432024
0.378092
0.662
0.245232
0.662
0.662
0.662
0.249421
0.662
0.662
0.662
0.662
0.662
0.662
0.391636
0.382766
0.662
0.144052
