0.662
0.662
0.662
0.0953764
0.662
0.445203
0.388772
0.0254152
0.662
0.662
0.662
0.0147866
0.662
0.42225
0.0463909
0.662
0.662
0.160574
0.662
0.662
0.662
0.469036
0.662
0.662
0.373739
0.504587
0.662
0.662
0.662
0.245575
0.662
0.662
0.662
0.662
0.662
0.662
0.369687
0.409322
0.662
0.662
0.662
0.0396922
0.414989
0.662
0.1129
0.662
0.662
0.662
0.180722
0.662
0.662
0.295632
0.662
0.662
0.342685
0.662
0.296858
0.662
0.404601
0.164864
0.453729
0.360235
0.24948
0.404634
0.284044
0.346477
0.662
0.662
0.662
0.107591
0.662
0.188814
0.00894681
0.662
0.0781843
0.257275
0.662
0.415124
0.662
0.557543
0.662
0.442667
0.44772
0.261638
0.662
0.662
0.662
0.307661
0.662
0.662
0.205607
0.662
0.0944749
0.662
0.662
0.662
0.662
0.157274
0.662
0.461107
0.0906176
0.662
0.396192
0.373269
0.662
0.662
0.396328
0.0718466
0.168915
0.662
0.662
0.662
0.176484
0.662
0.662
0.662
0.662
0.119694
0.662
0.0399567
0.0646881
0.379804
0.662
0.662
0.312544
0.462871
0.662
0.662
0.335783
0.662
0.00245509
0.277718
0.662
0.662
0.662
0.662
0.103548
0.0141389
0.662
0.662
0.279484
0.662
0.662
0.662
0.587848
0.662
0.432509
0.662
0.662
0.422542
0.128603
0.662
0.662
0.186401
0.662
0.662
0.474649
0.662
0.662
0.662
0.662
0.662
0.662
0.662
0.662
0.203221
0.662
0.662
0.272178
0.0454243
0.662
0.662
0.662
0.101279
0.662
0.662
0.662
0.0879516
0.662
0.408542
0.662
0.567602
0.662
0.221261
0.662
0.018098
0.503538
0.356998
0.662
0.662
0.227977
0.662
0.662
0.4535
0.436503
0.662
0.662
0.264105
0.662
0.662
0.575665
0.196012
0.242229
0.10276
0.662
0.662
0.662
0.662
0.662
0.662
0.40574
0.662
0.0533071
0.662
0.178574
0.662
0.662
0.101051
0.0154113
0.662
0.0711567
0.662
0.662
0.633694
0.662
0.378026
0.662
0.662
0.155448
0.662
0.662
0.115791
0.102695
0.393704
0.528943
0.662
0.40224
0.471362
0.662
0.332856
0.371055
0.662
0.662
0.418748
0.384347
0.662
0.662
0.146911
0.662
0.598059
0.662
0.662
0.662
0.43933
0.662
0.662
0.662
0.662
0.3545
0.662
0.662
0.662
0.662
0.36567
0.662
0.295431
0.662
0.662
0.292995
0.662
0.662
0.274575
0.334556
0.662
0.234273
0.00954284
0.662
0.207287
0.315043
0.349201
0.31674
0.662
0.10552
0.662
0.35815
0.0339171
0.249551
0.0143701
0.47275
0.461305
0.662
0.662
0.662
0.453507
0.0572338
0.662
0.0202262
0.662
0.662
0.0386382
0.275479
0.662
0.202313
0.162435
0.662
0.285635
0.166962
0.662
0.662
0.662
0.063987
0.662
0.0458082
0.662
0.309787
0.661598
0.197491
0.485818
0.662
0.662
0.662
0.662
0.186954
0.161367
0.365854
0.16604
0.0592278
0.175454
0.287934
0.142391
0.662
0.662
0.267914
0.662
0.662
0.662
0.221512
0.662
0.247636
0.140649
0.662
0.662
0.425943
0.662
0.662
0.233822
0.662
0.464439
0.662
0.662
0.263601
0.662
0.662
0.662
0.188433
0.662
0.662
0.662
0.0821901
0.662
0.662
0.17285
0.0362665
0.662
0.19283
0.662
0.270548
0.554635
0.31827
0.662
0.282015
0.307343
0.662
0.287046
0.310667
0.30647
0.662
0.662
0.419679
0.158011
0.662
0.662
0.450398
0.0463778
0.662
0.662
0.662
0.355933
0.662
0.662
0.449706
0.208938
0.662
0.662
0.137341
0.662
0.280766
0.662
0.172704
0.662
0.186798
0.208693
0.190288
0.662
0.0238542
0.46334
0.662
0.293408
0.662
0.662
0.662
0.662
0.209254
0.06537
0.662
0.662
0.662
0.662
0.662
0.337064
0.662
0.662
0.0264997
0.0269063
0.662
0.151616
0.00690035
0.662
0.539277
0.143234
0.209098
0.662
0.00312747
0.353513
0.662
0.662
0.662
0.662
0.39891
0.0829243
0.217
0.205584
0.136984
0.0670214
0.270307
0.662
0.064825
0.25533
0.238718
0.662
0.0210233
0.140499
0.123499
0.662
0.124764
0.325225
0.662
0.373026
0.662
0.662
0.662
0.662
0.00650293
0.286049
0.662
0.662
0.662
0.0546615
0.285782
0.662
0.303887
0.662
0.662
0.591612
0.662
0.462324
0.662
0.294361
0.662
0.404715
0.415568
0.662
0.662
0.662
0.662
0.357053
0.52241
0.206779
0.662
0.317083
0.662
0.212526
0.662
0.662
0.328635
0.463806
0.662
0.662
0.114173
0.662
0.662
0.44251
0.336417
0.519703
0.356625
0.662
0.662
0.400578
0.662
0.0728605
0.662
0.662
0.662
0.27864
0.392356
0.662
0.509239
0.220675
0.169685
0.662
0.662
0.662
0.218486
0.662
0.230567
0.662
0.236389
0.662
0.173643
0.342818
0.322788
0.662
0.210369
0.381519
0.662
0.264362
0.662
0.212495
0.662
0.662
0.00647971
0.315289
0.662
0.662
0.201656
0.454751
0.216947
0.662
0.662
0.451343
0.639671
0.662
0.662
0.633391
0.334815
0.662
0.662
0.0908985
0.318942
0.39666
0.662
0.662
0.662
0.662
0.455366
0.662
0.458694
0.662
0.143978
0.343833
0.662
0.662
0.221911
0.662
0.350191
0.662
0.662
0.662
0.283934
0.662
0.142934
0.662
0.357588
0.103552
0.384564
0.662
0.662
0.662
0.662
0.0158368
0.662
0.662
0.156393
0.662
0.115059
0.662
0.544215
0.119361
0.382419
0.662
0.662
0.43482
0.130049
0.640326
0.222691
0.662
0.0492178
0.219416
0.662
0.1651
0.662
0.223258
0.662
0.350759
0.238342
0.662
0.662
0.220145
0.662
0.662
0.662
0.371677
0.40796
0.662
0.499883
0.142432
0.662
0.662
0.662
0.662
0.0238731
0.662
0.662
0.662
0.406587
0.223815
0.32193
0.662
0.662
0.662
0.662
0.662
0.662
0.662
0.662
0.421109
0.662
0.248054
0.036127
0.0676684
0.15796
0.662
0.662
0.406403
0.45791
0.213706
0.201547
0.615803
0.0353193
0.662
0.662
0.662
0.207072
0.20898
0.0878343
0.662
0.662
0.136168
0.297555
0.662
0.662
0.662
0.662
0.662
0.662
0.662
0.246555
0.44039
0.0381488
0.662
0.662
0.662
0.662
0.662
0.268464
0.184863
0.662
0.182916
0.662
0.662
0.426924
0.121902
0.0588741
0.21257
0.662
0.662
0.662
0.271699
0.0048623
0.662
0.662
0.662
0.662
0.197335
0.299105
0.662
0.662
0.662
0.662
0.662
0.662
0.0509527
0.662
0.662
0.662
0.662
0.27255
0.0111966
0.274613
0.261097
0.662
0.385368
0.662
0.662
0.340043
0.267438
0.662
0.662
0.662
0.452711
0.662
0.662
0.662
0.285529
0.323674
0.16748
0.662
0.662
0.308587
0.662
0.265527
0.662
0.662
0.39609
0.662
0.662
0.662
0.662
0.267782
0.178494
0.195012
0.662
0.538334
0.662
0.662
0.662
0.365817
0.662
0.427787
0.206266
0.662
0.662
0.466071
0.00298257
0.662
0.662
0.322986
0.662
0.662
0.248014
0.00812866
0.662
0.662
0.662
0.662
0.470434
0.662
0.662
0.519593
0.431913
0.662
0.662
0.662
0.455405
0.1483
0.633391
0.662
0.220067
0.0050914
0.662
0.175526
0.154719
0.662
0.662
0.662
0.396872
0.662
0.662
0.0634036
0.603028
0.0162918
0.662
0.0303853
0.662
0.662
0.662
0.0770474
0.051758
0.662
0.0228533
0.662
0.242151
0.662
0.662
0.662
0.176485
0.662
0.662
0.662
0.662
0.662
0.662
0.13796
0.275359
0.114624
0.340845
0.596033
0.662
0.662
0.662
0.662
0.662
0.662
0.160929
0.219168
0.358237
0.458585
0.662
0.662
0.662
0.0519219
0.662
0.532764
0.662
0.0772863
0.662
0.662
0.662
0.307726
0.33541
0.662
0.662
0.125525
0.662
0.223104
0.0454418
0.15673
0.0903709
0.240249
0.412691
0.0871763
0.662
0.590862
0.662
0.662
0.291915
0.662
0.355063
0.385353
0.395068
0.291367
0.662
0.662
0.662
0.662
0.662
0.0195807
0.446963
0.662
0.260178
0.662
0.662
0.316172
0.0770248
0.662
0.662
0.38821
0.662
0.662
0.662
0.662
0.509425
0.662
0.662
0.299437
0.182105
0.662
0.395067
0.292516
0.422747
0.0397649
0.662
0.662
0.662
0.431543
0.662
0.239338
0.662
0.662
0.45972
0.144082
0.098662
0.662
0.451678
0.142002
0.067845
0.302716
0.365871
0.662
0.662
0.359687
0.662
0.257891
0.662
0.247461
0.662
0.583328
0.0870109
0.662
0.149262
0.546235
0.662
0.220313
0.662
0.200322
0.291939
0.451289
0.662
0.471367
0.30927
0.460139
0.494948
0.662
0.388946
0.169322
0.662
0.662
0.662
0.662
0.270516
0.662
0.273678
0.662
0.662
0.10918
0.384105
0.00515124
0.130736
0.434731
0.21613
0.662
0.212421
0.662
0.349121
0.314199
0.112602
0.370919
0.199006
0.578708
0.124199
0.183173
0.662
0.220089
0.293684
0.0674583
0.318622
0.662
0.388262
0.662
0.662
0.403173
0.662
0.662
0.270087
0.662
0.662
0.662
0.137992
0.662
0.662
0.238742
0.662
0.199939
0.280681
0.662
0.662
0.662
0.386662
0.195739
0.323707
0.0929879
0.662
0.662
0.422295
0.327041
0.662
0.221492
0.287301
0.662
0.662
