0.662
0.39362
0.402268
0.206865
0.472512
0.662
0.362209
0.662
0.662
0.287306
0.662
0.346491
0.662
0.45504
0.305695
0.53884
0.662
0.662
0.662
0.0523536
0.164892
0.662
0.662
0.468989
0.0625606
0.0146209
0.662
0.662
0.20029
0.662
0.662
0.662
0.404149
0.154424
0.662
0.22461
0.061697
0.662
0.662
0.159549
0.662
0.662
0.662
0.446305
0.285146
0.32515
0.662
0.662
0.35581
0.662
0.662
0.662
0.662
0.662
0.662
0.662
0.662
0.229462
0.524699
0.483677
0.662
0.268573
0.0572617
0.662
0.662
0.166931
0.662
0.365027
0.662
0.38985
0.662
0.662
0.662
0.662
0.348324
0.0356373
0.143456
0.337564
0.0168228
0.662
0.662
0.662
0.262899
0.662
0.272208
0.662
0.662
0.662
0.224357
0.164449
0.662
0.389131
0.662
0.662
0.662
0.40313
0.662
0.0098486
0.662
0.470547
0.214759
0.662
0.662
0.398476
0.662
0.393453
0.662
0.662
0.662
0.231394
0.071631
0.662
0.0594133
0.0845209
0.662
0.403142
0.662
0.662
0.491888
0.662
0.41604
0.662
0.662
0.662
0.662
0.662
0.662
0.389166
0.662
0.662
0.662
0.662
0.405662
0.662
0.662
0.662
0.485241
0.662
0.662
0.662
0.517908
0.382766
0.662
0.408811
0.332568
0.662
0.662
0.662
0.202811
0.662
0.662
0.473059
0.297432
0.662
0.662
0.236685
0.179179
0.221956
0.662
0.662
0.0101883
0.229502
0.662
0.0393964
0.521569
0.348387
0.304369
0.662
0.662
0.662
0.662
0.662
0.662
0.0226262
0.239686
0.583378
0.662
0.279832
0.662
0.393195
0.133905
0.149152
0.15151
0.662
0.449086
0.38272
0.662
0.243816
0.01354
0.0610487
0.21239
0.375777
0.662
0.662
0.662
0.19621
0.662
0.662
0.662
0.662
0.662
0.378092
0.376799
0.393903
0.31111
0.641354
0.310621
0.121198
0.108137
0.662
0.662
0.662
0.0869773
0.662
0.384139
0.662
0.662
0.662
0.443081
0.388646
0.662
0.0738359
0.208863
0.001843
0.32569
0.662
0.662
0.662
0.164935
0.662
0.662
0.275784
0.402719
0.662
0.310116
0.200229
0.180232
0.375589
0.271749
0.662
0.125234
0.662
0.151553
0.662
0.662
0.662
0.662
0.245364
0.531994
0.0867285
0.662
0.263423
0.662
0.662
0.349105
0.662
0.662
0.662
0.662
0.413573
0.319696
0.364087
0.662
0.662
0.662
0.0247507
0.662
0.287506
0.662
0.0459853
0.0878529
0.662
0.662
0.662
0.662
0.189365
0.662
0.0814622
0.633391
0.427387
0.662
0.258522
0.662
0.378574
0.468948
0.217166
0.142357
0.172805
0.218052
0.433294
0.662
0.382268
0.2912
0.662
0.662
0.662
0.662
0.662
0.662
0.306596
0.380363
0.0906348
0.390159
0.662
0.662
0.380219
0.0936101
0.475475
0.662
0.662
0.132379
0.543901
0.188704
0.16278
0.662
0.662
0.662
0.662
0.662
0.662
0.662
0.217155
0.0391138
0.662
0.0614612
0.13918
0.662
0.662
0.417993
0.647176
0.662
0.662
0.662
0.44042
0.50826
0.662
0.179269
0.662
0.409563
0.662
0.00658483
0.662
0.599866
0.662
0.662
0.0479544
0.0959907
0.662
0.662
0.176764
0.662
0.330267
0.662
0.662
0.662
0.662
0.442845
0.662
0.132273
0.351059
0.662
0.236972
0.662
0.34131
0.662
0.662
0.662
0.211148
0.0281101
0.345883
0.662
0.308783
0.662
0.662
0.428982
0.662
0.662
0.662
0.662
0.662
0.662
0.662
0.662
0.662
0.203457
0.662
0.43163
0.380748
0.662
0.428413
0.662
0.272172
0.662
0.662
0.662
0.662
0.662
0.00203434
0.113181
0.662
0.022928
0.41581
0.106969
0.226752
0.222054
0.412474
0.662
0.611242
0.662
0.377013
0.333327
0.662
0.662
0.662
0.662
0.662
0.662
0.011155
0.662
0.148594
0.662
0.662
0.662
0.227948
0.238447
0.127694
0.662
0.181036
0.0254656
0.662
0.0783811
0.144052
0.662
0.221828
0.662
0.662
0.562277
0.136034
0.662
0.662
0.662
0.282734
0.662
0.32727
0.213144
0.662
0.662
0.662
0.0495224
0.401015
0.45146
0.662
0.199046
0.662
0.662
0.662
0.662
0.662
0.299528
0.662
0.662
0.459335
0.358345
0.198524
0.066677
0.206293
0.469832
0.10344
0.121419
0.450501
0.662
0.662
0.662
0.0131016
0.180811
0.662
0.662
0.172523
0.209929
0.662
0.257223
0.0821924
0.662
0.662
0.270277
0.662
0.662
0.0617715
0.662
0.474413
0.489827
0.662
0.662
0.0545981
0.458594
0.068006
0.0575575
0.0404466
0.662
0.662
0.364026
0.469645
0.37103
0.219759
0.662
0.391636
0.159711
0.455903
0.662
0.245154
0.662
0.405053
0.289801
0.662
0.44985
0.238714
0.662
0.662
0.662
0.662
0.662
0.662
0.662
0.662
0.582637
0.209895
0.662
0.535107
0.0846157
0.662
0.0879743
0.662
0.662
0.662
0.197569
0.189597
0.662
0.662
0.0821642
0.662
0.662
0.486045
0.662
0.662
0.662
0.457015
0.383097
0.662
0.662
0.662
0.0872163
0.662
0.304019
0.662
0.214305
0.662
0.235115
0.662
0.196266
0.662
0.662
0.499529
0.0928188
0.151255
0.662
0.0037519
0.100733
0.662
0.662
0.662
0.473752
0.405194
0.217369
0.113596
0.225856
0.108145
0.662
0.662
0.662
0.539231
0.662
0.662
0.662
0.662
0.422946
0.0885013
0.588067
0.662
0.662
0.132337
0.662
0.662
0.662
0.258882
0.662
0.297197
0.662
0.662
0.445212
0.662
0.0991821
0.165909
0.157061
0.662
0.30865
0.367915
0.662
0.662
0.662
0.132883
0.365608
