0.662
0.662
0.662
0.144948
0.155448
0.53141
0.662
0.307501
0.662
0.662
0.431803
0.248014
0.233822
0.662
0.662
0.662
0.183467
0.662
0.474152
0.662
0.662
0.373026
0.255596
0.662
0.662
0.0744865
0.18831
0.662
0.662
0.662
0.662
0.662
0.0977792
0.662
0.662
0.308435
0.662
0.19481
0.662
0.662
0.316794
0.662
0.662
0.662
0.662
0.388523
0.238718
0.0690026
0.662
0.662
0.662
0.662
0.662
0.554635
0.285717
0.107591
0.662
0.522034
0.662
0.662
0.149446
0.409967
0.662
0.120729
0.662
0.662
0.0718466
0.662
0.662
0.0454418
0.662
0.662
0.662
0.662
0.662
0.662
0.246555
0.436385
0.662
0.662
0.398105
0.184343
0.0900738
0.514526
0.662
0.662
0.662
0.285782
0.662
0.514768
0.408839
0.260937
0.338554
0.662
0.637293
0.334815
0.662
0.662
0.662
0.336568
0.148765
0.394818
0.662
0.662
0.662
0.662
0.289339
0.662
0.662
0.662
0.662
0.506594
0.662
0.323707
0.662
0.0533071
0.662
0.662
0.168264
0.168109
0.0362739
0.662
0.662
0.662
0.414989
0.437973
0.662
0.474399
0.662
0.662
0.662
0.264017
0.0586089
0.383978
0.08923
0.0403593
0.555286
0.662
0.662
0.589321
0.489249
0.102093
0.203556
0.148092
0.131263
0.134185
0.213461
0.662
0.662
0.295008
0.662
0.355269
0.0709584
0.0588741
0.662
0.662
0.0976216
0.662
0.415058
0.248162
0.662
0.407223
0.202628
0.498444
0.0386382
0.432509
0.662
0.00561481
0.662
0.455405
0.662
0.662
0.662
0.662
0.662
0.156885
0.0870109
0.662
0.662
0.389802
0.662
0.423936
0.662
0.662
0.354636
0.0372027
0.662
0.186279
0.662
0.44039
0.180398
0.662
0.393247
0.662
0.348292
0.191173
0.662
0.662
0.196012
0.149073
0.374959
0.122919
0.012991
0.662
0.363556
0.662
0.0616451
0.425348
0.291915
0.662
0.662
0.129045
0.455366
0.662
0.662
0.220286
0.662
0.249145
0.662
0.00298257
0.662
0.662
0.193646
0.662
0.662
0.369118
0.662
0.0476798
0.591566
0.292049
0.662
0.662
0.0818307
0.356722
0.662
0.662
0.662
0.662
0.401899
0.202313
0.662
0.617609
0.662
0.662
0.461107
0.260178
0.295103
0.662
0.662
0.662
0.662
0.431801
0.662
0.438897
0.0715126
0.662
0.662
0.308999
0.662
0.16492
0.506523
0.251128
0.0153049
0.0501589
0.261638
0.322468
0.662
0.662
0.662
0.662
0.662
0.3505
0.662
0.662
0.344017
0.662
0.0141892
0.243677
0.114173
0.662
0.291911
0.288617
0.662
0.662
0.0050914
0.214252
0.471362
0.662
0.131845
0.662
0.418666
0.129112
0.227902
0.662
0.662
0.662
0.662
0.361954
0.388145
0.449988
0.662
0.662
0.296398
0.662
0.285076
0.662
0.662
0.662
0.662
0.197491
0.155524
0.662
0.274812
0.662
0.298286
0.427848
0.230518
0.662
0.296177
0.662
0.501595
0.388946
0.662
0.662
0.662
0.662
0.662
0.349505
0.438914
0.662
0.612759
0.662
0.662
0.214355
0.379002
0.123037
0.389494
0.164702
0.662
0.662
0.356625
0.658416
0.335132
0.662
0.662
0.460139
0.570397
0.662
0.662
0.662
0.662
0.121048
0.105206
0.662
0.209674
0.206575
0.662
0.662
0.168915
0.468874
0.127387
0.503496
0.662
0.662
0.467279
0.42225
0.662
0.396872
0.662
0.384959
0.662
0.662
0.662
0.662
0.322936
0.374014
0.662
0.662
0.662
0.196804
0.0124714
0.662
0.16748
0.0576346
0.136648
0.280765
0.662
0.662
0.265997
0.662
0.662
0.0374485
0.662
0.662
0.662
0.194711
0.662
0.285529
0.662
0.0541387
0.340845
0.094958
0.662
0.278102
0.662
0.662
0.453729
0.273062
0.0254152
0.193068
0.0729404
0.218236
0.662
0.296312
0.662
0.662
0.625731
0.431526
0.662
0.0920771
0.662
0.662
0.309614
0.0201431
0.466097
0.400887
0.662
0.662
0.471962
0.450758
0.662
0.00763369
0.444865
0.0139971
0.662
0.662
0.0634036
0.561773
0.662
0.404725
0.430053
0.240407
0.373843
0.146911
0.662
0.46334
0.322788
0.662
0.662
0.662
0.662
0.662
0.346888
0.0674164
0.662
0.662
0.662
0.25239
0.662
0.230662
0.36631
0.662
0.662
0.662
0.662
0.212077
0.424947
0.317918
0.662
0.662
0.418748
0.662
0.662
0.238342
0.662
0.0613818
0.101999
0.497609
0.662
0.662
0.311414
0.430708
0.662
0.662
0.662
0.563428
0.662
0.662
0.391697
0.547948
0.662
0.662
0.477925
0.662
0.662
0.000401926
0.260954
0.0975917
0.662
0.201461
0.662
0.434437
0.274686
0.323472
0.400601
0.662
0.379744
0.421846
0.357588
0.169152
0.662
0.662
0.662
0.662
0.0463909
0.662
0.17285
0.662
0.503538
0.662
0.3155
0.662
0.210622
0.662
0.0327434
0.662
0.206349
0.50659
0.662
0.065443
0.327456
0.246035
0.662
0.662
0.471388
0.662
0.662
0.41837
0.109088
0.238231
0.378026
0.594482
0.00708908
0.0572621
0.105892
0.113908
0.662
0.662
0.583328
0.206779
0.662
0.200815
0.662
0.0906176
0.662
0.662
0.662
0.204865
0.662
0.369687
0.662
0.662
0.662
0.662
0.662
0.662
0.662
0.231389
0.186798
0.662
0.662
0.484873
0.662
0.662
0.154112
0.212631
0.457789
0.662
0.662
0.662
0.662
0.662
0.190856
0.662
0.662
0.662
0.386662
0.662
0.662
0.662
0.662
0.0547642
0.194878
0.662
0.211135
0.662
0.662
0.475337
0.250292
0.662
0.662
0.662
0.288598
0.312353
0.214205
0.00179264
0.0155522
0.398009
0.299795
0.25533
0.236022
0.662
0.235512
0.662
0.662
0.662
0.662
0.147311
0.412477
0.327041
0.662
0.662
0.34222
0.417346
0.662
0.662
0.45731
0.217755
0.413946
0.455671
0.662
0.662
0.662
0.0929468
0.451289
0.662
0.662
0.0367776
0.662
0.220145
0.400578
0.590862
0.162763
0.662
0.103864
0.662
0.662
0.0845082
0.439168
0.550322
0.0313631
0.662
0.414872
0.662
0.662
0.662
0.662
0.662
0.662
0.662
0.568748
0.662
0.0812356
0.297555
0.556578
0.0141389
0.662
0.662
0.662
0.662
0.662
0.662
0.248211
0.334487
0.662
0.662
0.377237
0.0210078
0.0770474
0.296565
0.185293
0.662
0.0981033
0.662
0.0797263
0.662
0.419125
0.662
0.48591
0.300149
0.471143
0.464997
0.358094
0.444977
0.662
0.662
0.325789
0.357082
0.271755
0.662
0.470924
0.662
0.662
0.662
0.0355749
0.662
0.418534
0.662
0.662
0.466729
0.662
0.662
0.662
0.371794
0.662
0.662
0.213974
0.662
0.647602
0.662
0.248635
0.662
0.243047
0.58882
0.662
0.662
0.0709416
0.662
0.662
0.662
0.433957
0.662
0.662
0.662
0.494683
0.662
0.116764
0.662
0.662
0.662
0.662
0.212421
0.662
0.662
0.662
0.662
0.662
0.662
0.262365
0.384105
0.662
0.294329
0.39135
0.662
0.10552
0.568267
0.114624
0.662
0.662
0.662
0.25967
0.662
0.662
0.662
0.263601
0.662
0.380201
0.662
0.125885
0.316779
0.662
0.160582
0.662
0.124995
0.295431
0.662
0.394885
0.662
0.628791
0.0871763
0.662
0.662
0.337724
0.662
0.146469
0.662
0.662
0.349574
0.470297
0.00891269
0.243637
0.662
0.662
0.441054
0.357479
0.662
0.662
0.662
0.462016
0.662
0.182208
0.662
0.173229
0.662
0.662
0.126398
0.662
0.662
0.175123
0.662
0.335482
0.662
0.662
0.662
0.299042
0.137433
0.662
0.662
0.0713384
0.312285
0.662
0.662
0.0728605
0.0465491
0.611419
0.00184288
0.0783187
0.0444238
0.662
0.281521
0.662
0.662
0.662
0.662
0.662
0.229439
0.205792
0.0715496
0.512954
0.455234
0.662
0.461985
0.662
0.662
0.375259
0.260222
0.662
0.136168
0.223451
0.321019
0.662
0.633694
0.481845
0.359292
0.478304
0.365817
0.210837
0.662
0.361065
0.462945
0.662
0.662
0.662
0.662
0.662
0.662
0.460799
0.662
0.0572338
0.662
0.662
0.461272
0.662
0.138267
0.662
0.417825
0.255578
0.662
0.662
0.662
0.364094
0.194501
0.0168788
0.662
0.108537
0.274313
0.300956
0.662
0.662
0.662
0.662
0.409796
0.323403
0.662
0.292995
0.450596
0.143564
0.662
0.0256205
0.216947
0.662
0.662
0.0879516
0.662
0.662
0.662
0.662
0.662
0.662
0.662
0.282593
0.662
0.662
0.544215
0.334121
0.662
0.025833
0.662
0.364889
0.662
0.195012
0.229818
0.137702
0.662
0.662
0.136493
0.662
0.0509527
0.464439
0.662
0.662
0.662
0.662
0.662
0.662
0.167583
0.0986175
0.662
0.662
0.662
0.662
0.276629
0.146722
0.662
0.662
0.662
0.130736
0.662
0.266654
0.662
0.662
0.662
0.535116
0.662
0.0193037
0.662
0.220184
0.662
0.445231
0.662
0.249551
0.422747
0.662
0.662
0.662
0.368162
0.0781843
0.662
0.662
0.662
0.327822
0.197271
0.662
0.662
0.662
0.150382
0.228025
0.662
0.662
0.662
0.662
0.0370647
0.404715
0.662
0.662
0.402586
0.206327
0.662
0.662
0.405921
0.554669
0.422295
0.662
0.133094
0.223104
0.662
0.662
0.662
0.662
0.662
0.662
0.662
0.662
0.662
0.115791
0.662
0.662
0.662
0.0622051
0.662
0.662
0.662
0.0519219
0.461305
