0.662
0.213974
0.316794
0.285992
0.0374485
0.242518
0.298111
0.45731
0.334471
0.662
0.662
0.662
0.48589
0.365124
0.398009
0.361514
0.312149
0.662
0.480078
0.662
0.662
0.396328
0.662
0.662
0.400536
0.222831
0.0425811
0.662
0.432118
0.212631
0.457789
0.389122
0.0321239
0.662
0.450543
0.662
0.662
0.202194
0.662
0.662
0.662
0.114173
0.296177
0.662
0.430706
0.662
0.148765
0.662
0.662
0.662
0.376997
0.662
0.662
0.510598
0.662
0.0518309
0.206575
0.662
0.103864
0.0533071
0.486104
0.662
0.0386382
0.0955427
0.0709584
0.662
0.202313
0.296565
0.115791
0.662
0.16218
0.0798346
0.356352
0.481943
0.662
0.662
0.464806
0.662
0.662
0.19481
0.405647
0.17285
0.252153
0.662
0.662
0.662
0.269959
0.471143
0.662
0.0656775
0.662
0.182208
0.662
0.662
0.662
0.131845
0.168264
0.102093
0.662
0.258916
0.662
0.662
0.261638
0.477925
0.662
0.662
0.0783187
0.662
0.244539
0.662
0.662
0.662
0.212077
0.275232
0.259794
0.0355853
0.662
0.662
0.414872
0.662
0.662
0.662
0.129045
0.662
0.123599
0.662
0.662
0.14073
0.374587
0.662
0.0929468
0.604449
0.0183582
0.63339
0.206298
0.662
0.662
0.445522
0.544562
0.662
0.126398
0.436045
0.662
0.146469
0.662
0.1855
0.00154585
0.262098
0.662
0.662
0.0210078
0.662
0.662
0.37572
0.662
0.0951566
0.662
0.0153049
0.409322
0.662
0.137433
0.175426
0.662
0.194878
0.375322
0.662
0.662
0.36385
0.662
0.220401
0.203729
0.662
0.375259
0.662
0.294329
0.662
0.662
0.125885
0.662
0.410577
0.100873
0.662
0.394818
0.312117
0.662
0.662
0.229439
0.469685
0.196804
0.212421
0.662
0.662
0.62716
0.662
0.662
0.417825
0.214205
0.662
0.662
0.662
0.304436
0.16492
0.317921
0.175123
0.0718466
0.288681
0.0816348
0.106608
0.662
0.662
0.197845
0.662
0.662
0.662
0.400601
0.238652
0.384105
0.662
0.662
0.662
0.662
0.409399
0.662
0.225581
0.662
0.662
0.662
0.224902
0.122555
0.364378
0.26226
0.413946
0.662
0.409796
0.191882
0.662
0.48591
0.0548665
0.259945
0.390698
0.662
0.506594
0.662
0.0184598
0.109244
0.662
0.556578
0.662
0.662
0.44129
0.662
0.327041
0.662
0.158759
0.471388
0.662
0.662
0.662
0.0950577
0.662
0.662
0.366131
0.169152
0.216947
0.662
0.368592
0.514517
0.0807745
0.208363
0.322936
0.662
0.404725
0.662
0.575643
0.662
0.662
0.248211
0.112384
0.474152
0.125111
0.211057
0.662
0.662
0.662
0.662
0.0367776
0.662
0.250837
0.0574181
0.195641
0.662
0.662
0.662
0.662
0.280548
0.662
0.426494
0.662
0.375863
0.662
0.662
0.662
0.489249
0.662
0.285717
0.065443
0.662
0.662
0.662
0.662
0.662
0.453403
0.662
0.110703
0.187109
0.662
0.312353
0.471697
0.662
0.662
0.662
0.406228
0.662
0.133094
0.246555
0.662
0.662
0.471962
0.662
0.197271
0.538296
0.154725
0.168915
0.662
0.662
0.662
0.226136
0.0413533
0.662
0.662
0.662
0.662
0.25239
0.307726
0.662
0.288107
0.662
0.662
0.357479
0.625216
0.662
0.372634
0.662
0.159227
0.662
0.388946
0.109088
0.348292
0.58882
0.188368
0.662
0.464996
0.662
0.662
0.450758
0.330266
0.662
0.138005
0.647602
0.312255
0.547948
0.157931
0.459751
0.662
0.662
0.194711
0.662
0.106615
0.662
0.662
0.237174
0.662
0.0818307
0.125848
0.662
0.325789
0.662
0.51847
0.382978
0.161003
0.662
0.126897
0.662
0.662
0.662
0.662
0.317494
0.662
0.18831
0.662
0.203016
0.662
0.662
0.662
0.662
0.558984
0.662
0.432344
0.662
0.662
0.662
0.662
0.662
0.662
0.398105
0.0465491
0.068192
0.662
0.662
0.662
0.233571
0.308192
0.662
0.662
0.662
0.662
0.0634036
0.662
0.0372027
0.662
0.662
0.662
0.662
0.662
0.662
0.662
0.662
0.662
0.662
0.662
0.662
0.662
0.662
0.334487
0.165451
0.662
0.662
0.662
0.522158
0.662
0.407223
0.455662
0.662
0.662
0.662
0.0433188
0.274812
0.419125
0.359292
0.662
0.662
0.662
0.662
0.662
0.662
0.662
0.662
0.662
0.0116429
0.662
0.0362665
0.020613
0.662
0.662
0.662
0.296398
0.662
0.662
0.662
0.662
0.458328
0.231589
0.422651
0.388145
0.424947
0.662
0.327822
0.662
0.00796808
0.662
0.662
0.662
0.594482
0.662
0.466729
0.301435
0.468874
0.662
0.0509527
0.662
0.294713
0.662
0.662
0.662
0.0986175
0.662
0.53939
0.0547642
0.408839
0.662
0.662
0.394467
0.476602
0.662
0.662
0.662
0.376846
0.662
0.662
0.662
0.371794
0.662
0.662
0.662
0.0235101
0.662
0.662
0.355213
0.662
0.00708908
0.662
0.662
0.227526
0.662
0.662
0.0744865
0.381056
0.662
0.288617
0.101529
0.662
0.662
0.187739
0.662
0.3365
0.662
0.0354163
0.536379
0.662
0.662
0.662
0.0212753
0.421336
0.198179
0.662
0.662
0.662
0.662
0.662
0.662
0.662
0.662
0.662
0.662
0.662
0.354636
0.662
0.662
0.662
0.662
0.662
0.36442
0.662
0.424219
0.662
0.111473
0.148092
0.662
0.662
0.662
0.662
0.662
0.662
0.191175
0.662
0.662
0.662
0.662
0.662
0.662
0.0313631
0.662
0.662
0.662
0.5137
0.662
0.662
0.0676136
0.662
0.450596
0.662
0.662
0.21163
0.115112
0.662
0.294632
0.662
0.0381862
0.159248
0.662
0.662
0.662
0.216093
0.637293
0.662
0.202628
0.662
0.662
0.662
0.662
0.662
0.328834
0.3155
0.285529
0.662
0.452813
0.316779
0.662
0.302962
0.135356
0.434279
0.662
0.183173
0.662
0.107694
0.464872
0.19714
0.662
0.193912
0.416773
0.389139
0.461272
0.0713652
0.662
0.176213
0.662
0.662
0.232522
0.662
0.261671
0.662
0.285782
0.662
0.0594206
0.264433
0.47854
0.662
0.417346
0.271755
0.444865
0.662
0.364418
0.662
0.662
0.662
0.401635
0.0476531
0.355723
0.49686
0.662
0.476253
0.662
0.662
0.0588741
0.00312364
0.662
0.455182
0.485818
0.662
0.385948
0.662
0.662
0.662
0.466842
0.385751
0.322788
0.662
0.662
0.326292
0.441628
0.662
0.422204
0.558373
0.662
0.288598
0.609056
0.0677002
0.331275
0.0864117
0.149446
0.302155
0.0141389
0.499121
0.662
0.662
0.291673
0.498444
0.322622
0.662
0.662
0.662
0.662
0.662
0.662
0.397723
0.139663
0.662
0.662
0.662
0.662
0.662
0.306808
0.662
0.662
0.662
0.662
0.210833
0.350858
0.662
0.000573587
0.662
0.243637
0.0613818
0.0296
0.662
0.156124
0.196271
0.662
0.418666
0.136493
0.333831
0.662
0.662
0.662
0.662
0.662
0.350508
0.662
0.2295
0.433887
0.0845082
0.451289
0.396686
0.662
0.662
0.662
0.287966
0.100869
0.358353
0.662
0.240407
0.662
0.662
0.662
0.662
0.662
0.662
0.662
0.264017
0.662
0.301866
0.662
0.662
0.662
0.662
0.119131
0.396752
0.662
0.560173
0.305139
0.296762
0.625731
0.662
0.299663
0.411485
0.662
0.226138
0.299561
0.662
0.335863
0.662
0.662
0.662
0.662
0.662
0.418748
0.662
0.135168
0.662
0.600412
0.662
0.662
0.662
0.662
0.437698
0.561773
0.449988
0.662
0.662
0.101204
0.662
0.662
0.148786
0.662
0.662
0.662
0.0811675
0.662
0.0998436
0.662
0.662
0.21049
0.662
0.662
0.0797263
0.591566
0.447073
0.662
0.662
0.283014
0.236276
0.662
0.49817
0.28675
0.662
0.223451
0.662
0.213461
0.244636
0.451939
0.662
0.662
0.662
0.225792
0.662
0.662
0.662
0.514768
0.118987
0.234118
0.662
0.662
0.662
0.543177
0.260954
0.662
0.497836
0.104871
0.662
0.662
0.0420634
0.133433
0.335482
0.662
0.662
0.662
0.662
0.662
0.662
0.0764083
0.355269
0.429457
0.271653
0.32717
0.114624
0.662
0.396872
0.0572621
0.431803
0.662
0.341401
0.262987
0.201137
0.662
0.662
0.662
0.662
0.662
0.405921
0.662
0.662
0.662
0.662
0.662
0.662
0.0254152
0.302518
0.662
0.662
0.439168
0.365817
0.662
0.662
0.662
0.317209
0.662
0.662
0.662
0.412119
0.662
0.662
0.662
0.662
0.474902
0.662
0.357217
0.662
0.662
0.662
0.262365
0.662
0.662
0.662
0.0920771
0.662
0.499304
0.662
0.149195
0.662
0.662
0.662
0.662
0.238231
0.420455
0.662
0.206349
0.0178126
0.662
0.662
0.662
0.662
0.662
0.662
0.163194
0.662
0.227493
0.662
0.662
0.405423
0.431801
0.662
0.359564
0.662
0.662
0.226236
0.201461
0.280765
0.404436
0.0355749
0.662
0.273257
0.421996
0.0541387
0.658416
0.662
0.662
0.662
0.662
0.662
0.662
0.337724
0.460431
0.240314
0.276629
0.146722
0.662
0.34275
0.206779
0.662
0.257024
0.126633
0.662
0.260937
0.39135
0.662
0.568267
0.357588
0.217235
0.347012
0.662
0.662
0.168215
0.172737
0.00182366
0.662
0.0134216
0.662
0.617609
0.662
0.662
0.662
0.662
0.662
0.662
0.289467
0.229818
0.193862
0.662
0.282593
0.0147216
0.413371
0.662
0.0822633
0.662
0.662
0.662
0.259728
0.662
0.662
0.274963
0.662
0.662
0.0403593
0.662
0.662
0.662
0.0332986
0.662
0.422295
0.087475
0.662
0.662
0.662
0.662
0.0616451
0.662
0.248162
0.0422768
0.662
0.220184
0.662
