0.570318
0.376903
0.143606
0.662
0.662
0.662
0.662
0.525517
0.0811195
0.327768
0.662
0.339679
0.662
0.662
0.662
0.662
0.662
0.0736273
0.662
0.662
0.290442
0.662
0.318047
0.662
0.00186307
0.162984
0.662
0.19457
0.34798
0.22713
0.100077
0.662
0.662
0.662
0.662
0.662
0.662
0.662
0.152485
0.0670337
0.207619
0.662
0.351294
0.413305
0.31106
0.662
0.662
0.296678
0.33758
0.451889
0.662
0.662
0.0123357
0.41004
0.205906
0.662
0.662
0.662
0.318977
0.662
0.182794
0.0406137
0.662
0.662
0.284493
0.662
0.662
0.662
0.617533
0.100626
0.662
0.662
0.606314
0.19659
0.409812
0.662
0.662
0.662
0.662
0.662
0.662
0.662
0.310866
0.662
0.662
0.293038
0.247952
0.662
0.662
0.662
0.662
0.227681
0.287377
0.662
0.373833
0.662
0.380861
0.293261
0.662
0.446256
0.440475
0.662
0.394972
0.244122
0.409014
0.662
0.662
0.263653
0.662
0.662
0.158587
0.438876
0.662
0.662
0.662
0.0248167
0.662
0.662
0.662
0.422608
0.270453
0.0942277
0.125382
0.415971
0.369128
0.662
0.368421
0.662
0.289503
0.662
0.662
0.662
0.662
0.662
0.336865
0.050492
0.00592071
0.662
0.662
0.662
0.662
0.130159
0.251886
0.0224344
0.662
0.371861
0.232646
0.222354
0.146422
0.417424
0.662
0.662
0.239878
0.662
0.662
0.662
0.662
0.662
0.0654274
0.446508
0.662
0.662
0.662
0.662
0.662
0.662
0.494592
0.662
0.662
0.05766
0.662
0.662
0.402446
0.256273
0.662
0.662
0.662
0.662
0.241367
0.438658
0.534859
0.12455
0.277009
0.662
0.662
0.468882
0.479193
0.662
0.225713
0.411838
0.662
0.227453
0.662
0.662
0.662
0.299324
0.662
0.662
0.305438
0.326257
0.662
0.662
0.203416
0.404748
0.662
0.662
0.205001
0.662
0.662
0.662
0.240596
0.46044
0.662
0.0429758
0.662
0.469745
0.58853
0.662
0.662
0.335829
0.662
0.143408
0.662
0.0232105
0.422076
0.225796
0.345609
0.215419
0.662
0.0760254
0.323267
0.662
0.424143
0.186071
0.442071
0.662
0.662
0.181602
0.662
0.662
0.662
0.662
0.662
0.662
0.137934
0.662
0.287107
0.662
0.479285
0.662
0.431868
0.427169
0.662
0.282745
0.662
0.115862
0.462074
0.662
0.074591
0.662
0.0692034
0.331656
0.662
0.198325
0.662
0.413666
0.662
0.662
0.358833
0.474444
0.382156
0.21905
0.334786
0.662
0.662
0.662
0.336154
0.662
0.514283
0.662
0.662
0.662
0.662
0.404603
0.219021
0.033713
0.371625
0.393871
0.662
0.662
0.662
0.662
0.349482
0.662
0.662
0.137252
0.31404
0.0294106
0.662
0.662
0.662
0.662
0.288529
0.662
0.662
0.662
0.662
0.0265797
0.662
0.662
0.0744172
0.662
0.662
0.662
0.0114179
0.412696
0.662
0.662
0.00625822
0.662
0.662
0.662
0.181212
0.662
0.662
0.531743
0.662
0.19866
0.18913
0.318345
0.662
0.38454
0.0527526
0.559669
0.662
0.442482
0.662
0.438864
0.662
0.153303
0.465546
0.662
0.51861
0.662
0.662
0.622766
0.62897
0.203811
0.662
0.662
0.231646
0.216565
0.0577041
0.662
0.662
0.662
0.662
0.662
0.132705
0.0280347
0.61935
0.491785
0.662
0.419563
0.25705
0.662
0.662
0.468508
0.404691
0.313325
0.662
0.662
0.388859
0.662
0.483839
0.10852
0.662
0.257238
0.247706
0.662
0.169036
0.662
0.0599567
0.0967373
0.244128
0.662
0.662
0.259281
0.662
0.662
0.354231
0.662
0.662
0.15443
0.34229
0.662
0.368778
0.303204
0.293366
0.662
0.662
0.0263792
0.662
0.662
0.662
0.379296
0.29185
0.662
0.314533
0.129261
0.662
0.662
0.662
0.20228
0.206706
0.662
0.662
0.304415
0.231114
0.662
0.458771
0.366246
0.191852
0.662
0.368705
0.662
0.662
0.662
0.189926
0.662
0.102641
0.132524
0.165612
0.662
0.662
0.190112
0.662
0.662
0.662
0.0738781
0.465525
0.662
0.662
0.340852
0.662
0.104261
0.662
0.00133134
0.662
0.34162
0.0664662
0.191925
0.485968
0.662
0.28968
0.0766025
0.401518
0.389399
0.543467
0.662
0.130481
0.662
0.0567493
0.662
0.544124
0.326861
0.359703
0.542725
0.185039
0.662
0.662
0.662
0.662
0.662
0.334137
0.662
0.529982
0.205772
0.662
0.662
0.662
0.662
0.15452
0.429222
0.285815
0.255209
0.331076
0.662
0.163223
0.662
0.488963
0.662
0.14847
0.662
0.355197
0.662
0.662
0.330604
0.113812
0.662
0.662
0.662
0.491991
0.291376
0.377816
0.662
0.662
0.662
0.392726
0.259913
0.662
0.662
0.0984412
0.408114
0.662
0.114389
0.662
0.662
0.437426
0.571702
0.662
0.47101
0.662
0.442914
0.662
0.662
0.662
0.474368
0.662
0.372127
0.662
0.662
0.482667
0.662
0.464614
0.662
0.662
0.662
0.662
0.662
0.355526
0.395248
0.40474
0.662
0.167825
0.132496
0.662
0.662
0.662
0.14491
0.150692
0.662
0.307811
0.189876
0.662
0.662
0.511918
0.442815
0.662
0.423323
0.324483
0.208833
0.662
0.0964774
0.306955
0.110583
0.662
0.662
0.2926
0.662
0.662
0.122914
0.662
0.662
0.662
0.143495
0.662
0.662
0.172743
0.662
0.662
0.394432
0.662
0.662
0.265231
0.500208
0.222534
0.209024
0.484311
0.662
0.119126
0.662
0.451395
0.662
0.662
0.197989
0.662
0.381444
0.662
0.662
0.662
0.169303
0.279986
0.662
0.337328
0.662
0.0993007
0.662
0.278801
0.662
0.472655
0.020564
0.662
0.196015
0.43107
0.26387
0.662
0.662
0.0506118
0.126033
0.212871
0.318256
0.662
0.662
0.662
0.3399
0.414015
0.662
0.336767
0.662
0.662
0.662
0.662
0.662
0.662
0.0792283
0.662
0.662
0.662
0.662
0.662
0.231374
0.452119
0.662
0.386672
0.662
0.662
0.0874117
0.662
0.322877
0.141122
0.662
0.662
0.662
0.143503
0.662
0.662
0.467202
0.271362
0.662
0.662
0.0499303
0.662
0.662
0.239871
0.662
0.0833069
0.662
0.662
0.662
0.662
0.662
0.586978
0.662
0.292079
0.185494
0.662
0.662
0.0703338
0.662
0.159439
0.662
0.662
0.662
0.662
0.470015
0.113249
0.432769
0.662
0.662
0.0729701
0.225078
0.0709156
0.456433
0.286779
0.0654861
0.173817
0.662
0.662
0.662
0.358582
0.662
0.2839
0.177065
0.118356
0.662
0.390383
0.662
0.453821
0.662
0.662
0.428141
0.662
0.662
0.419318
0.662
0.662
0.662
0.662
0.2187
0.398136
0.00389934
0.662
0.662
0.662
0.480889
0.662
0.138424
0.253534
0.662
0.137563
0.662
0.662
0.662
0.662
0.160861
0.335954
0.460413
0.662
0.662
0.662
0.633694
0.165811
0.23517
0.662
0.662
0.0353879
0.662
0.662
0.0748201
0.662
0.662
0.0283616
0.182653
0.662
0.410878
0.449282
0.191772
0.662
0.397679
0.662
0.662
0.381466
0.345838
0.213868
0.662
0.662
0.662
0.662
0.662
0.346726
0.662
0.662
0.662
0.152487
0.212383
0.156625
0.135909
0.234222
0.662
0.21036
0.662
0.350982
0.23049
0.662
0.419373
0.662
0.324221
0.176925
0.662
0.662
0.386072
0.662
0.662
0.180966
0.0938699
0.304381
0.0192122
0.0299738
0.662
0.662
0.662
0.662
0.662
0.268648
0.334362
0.422533
0.662
0.211054
0.662
0.305674
0.662
0.662
0.662
0.662
0.662
0.662
0.662
0.220979
0.0736599
0.335671
0.164744
0.147672
0.0910604
0.494187
0.439811
0.329776
0.662
0.662
0.662
0.662
0.662
0.662
0.662
0.662
0.271607
0.662
0.345527
0.662
0.662
0.0239595
0.435388
0.662
0.2928
0.662
0.173967
0.207075
0.662
0.231373
0.295791
0.662
0.612161
0.662
0.662
0.662
0.475581
0.138981
0.662
0.662
0.662
0.662
0.0131904
0.662
0.662
0.235263
0.184687
0.213148
0.269947
0.662
0.662
0.662
0.256769
0.24658
0.662
0.662
0.662
0.662
0.662
0.662
0.590651
0.425294
0.662
0.542959
0.662
0.662
0.242818
0.662
0.662
0.662
0.662
0.0955726
0.249424
0.662
0.144331
0.662
0.662
0.662
0.00637009
0.662
0.414949
0.248763
0.221236
0.335824
0.638302
0.189071
0.24966
0.0817884
0.2827
0.662
0.662
0.244386
0.662
0.330221
0.325724
0.294457
0.662
0.230723
0.485142
0.662
0.00121954
0.63339
0.662
0.662
0.401551
0.662
0.230596
0.662
0.208702
0.662
0.662
0.475706
0.447549
0.101681
0.206797
0.240242
0.662
0.662
0.662
0.153201
0.316718
0.215169
0.662
0.662
0.662
0.33872
0.662
0.260748
0.662
0.662
0.662
0.662
0.405577
0.662
0.662
0.662
0.374832
0.300118
0.441805
0.397679
0.334193
0.662
0.662
0.662
0.662
0.309002
0.662
0.662
0.412795
0.368445
0.141182
0.0739955
0.633694
0.147976
0.213911
0.662
0.662
0.567145
0.662
0.299104
0.662
0.662
0.275196
0.662
0.300955
0.662
0.662
0.269199
0.382253
0.52944
0.231972
0.662
0.635486
0.393623
0.662
0.662
0.662
0.662
0.662
0.662
0.662
0.355262
0.373689
0.415705
0.605529
0.662
0.109532
0.662
0.362464
0.335307
0.662
0.456282
0.261527
0.387214
0.662
0.429827
0.662
0.0791505
0.662
0.662
0.419687
0.352857
0.662
0.662
0.448129
0.318277
0.546322
0.662
0.575473
0.347035
0.662
0.662
0.29497
0.384128
0.225394
0.662
0.662
0.199045
0.662
0.248263
0.0195191
0.384378
0.662
0.379279
0.0574095
0.121624
0.662
0.662
0.41706
0.211651
0.458004
0.662
0.505238
0.182628
0.662
0.662
0.662
0.662
0.662
0.662
0.109951
0.0516705
0.662
0.662
0.662
0.662
0.529602
0.236865
0.662
0.662
0.662
0.662
0.645544
0.100294
0.105447
0.20268
0.662
0.662
0.44641
0.662
0.476393
0.443431
0.662
0.662
0.662
0.439051
0.662
0.301496
0.403417
0.662
0.400134
0.447308
0.662
0.662
0.662
0.276594
0.105184
0.104618
0.662
0.453141
0.662
0.0473848
0.256846
0.201316
0.30427
0.366589
0.662
0.0210544
0.662
0.662
0.355828
0.104039
0.0186024
0.453911
0.0628679
0.662
0.0673923
0.369174
0.294537
0.193474
0.0327477
0.477914
0.662
0.662
0.662
0.233274
0.662
0.277051
0.028306
0.662
0.662
0.662
0.464727
0.662
0.392384
0.353536
0.662
0.350701
0.662
0.0594805
0.487391
0.662
0.662
0.662
0.662
0.299755
0.662
0.389123
0.453535
0.662
0.194988
0.662
0.662
0.435954
0.662
0.11611
0.273986
0.662
0.662
0.399795
0.417757
0.662
0.662
0.206458
0.662
0.662
0.662
0.0739054
0.662
0.662
0.662
0.405817
0.662
0.268111
0.352883
0.236792
0.662
0.662
0.662
0.662
0.300883
0.662
0.662
0.662
0.662
0.129139
0.213528
0.369305
0.330198
0.342958
0.543066
0.297602
0.662
0.662
0.460882
