0.662
0.662
0.662
0.378006
0.662
0.181019
0.662
0.662
0.256488
0.175526
0.662
0.662
0.0702331
0.0995218
0.662
0.169352
0.662
0.166843
0.222071
0.662
0.662
0.358284
0.662
0.662
0.662
0.22161
0.662
0.0603251
0.662
0.0154113
0.662
0.662
0.662
0.662
0.662
0.662
0.662
0.662
0.481687
0.662
0.662
0.662
0.662
0.662
0.662
0.662
0.383921
0.210024
0.662
0.662
0.0921976
0.0853263
0.662
0.662
0.662
0.662
0.00891269
0.662
0.0589223
0.662
0.000491129
0.364933
0.00529706
0.662
0.662
0.0507643
0.260553
0.662
0.308587
0.388459
0.662
0.335783
0.662
0.0541969
0.662
0.208012
0.662
0.662
0.662
0.141709
0.268233
0.0118057
0.662
0.219291
0.546235
0.192476
0.662
0.264105
0.0736437
0.169889
0.662
0.128751
0.586132
0.662
0.434885
0.303762
0.256491
0.662
0.662
0.0852001
0.349727
0.355779
0.662
0.0612943
0.0603581
0.183254
0.141754
0.357053
0.29304
0.662
0.662
0.662
0.662
0.662
0.662
0.50289
0.662
0.251169
0.578947
0.0815988
0.422782
0.0959303
0.458694
0.662
0.367757
0.662
0.150643
0.499453
0.197489
0.662
0.662
0.270666
0.662
0.448278
0.592833
0.0821852
0.662
0.662
0.662
0.662
0.273714
0.474737
0.662
0.662
0.0972735
0.662
0.662
0.393704
0.293197
0.662
0.0697437
0.662
0.489733
0.282446
0.465823
0.17598
0.662
0.0986014
0.662
0.662
0.602919
0.103552
0.662
0.145648
0.266608
0.131989
0.397181
0.145706
0.391484
0.201656
0.363843
0.482239
0.487339
0.662
0.662
0.420631
0.662
0.662
0.662
0.662
0.466071
0.2571
0.155592
0.662
0.364132
0.662
0.0856361
0.662
0.662
0.423595
0.129924
0.44372
0.662
0.662
0.228463
0.385353
0.419049
0.662
0.662
0.662
0.316703
0.662
0.662
0.438208
0.208344
0.15932
0.186954
0.0604169
0.471081
0.202167
0.551706
0.422943
0.662
0.0247784
0.662
0.662
0.662
0.662
0.00630825
0.662
0.49078
0.386793
0.178574
0.662
0.662
0.316017
0.662
0.662
0.280084
0.468237
0.662
0.217
0.322835
0.287301
0.662
0.662
0.662
0.662
0.662
0.0735103
0.662
0.138681
0.662
0.177858
0.662
0.662
0.662
0.230783
0.134945
0.388772
0.662
0.447842
0.138237
0.662
0.243089
0.411198
0.395068
0.462933
0.662
0.476387
0.369946
0.662
0.662
0.662
0.368856
0.662
0.662
0.234603
0.611801
0.462324
0.411975
0.662
0.662
0.662
0.175884
0.425943
0.334828
0.662
0.662
0.524392
0.446099
0.662
0.662
0.138704
0.662
0.662
0.662
0.662
0.431839
0.283555
0.662
0.443775
0.662
0.662
0.27754
0.154719
0.204532
0.662
0.461721
0.223142
0.219517
0.662
0.418227
0.662
0.662
0.662
0.188814
0.662
0.452711
0.662
0.455414
0.449725
0.662
0.440316
0.0717744
0.442146
0.662
0.662
0.123162
0.376494
0.166831
0.00179065
0.662
0.191018
0.620594
0.137091
0.662
0.662
0.662
0.177735
0.209332
0.662
0.662
0.0576346
0.662
0.662
0.662
0.436503
0.250785
0.027458
0.442372
0.662
0.607055
0.419273
0.662
0.662
0.662
0.285746
0.338751
0.662
0.662
0.44772
0.662
0.662
0.20415
0.306832
0.662
0.268464
0.662
0.0666959
0.303935
0.280692
0.662
0.571666
0.267438
0.217257
0.283177
0.662
0.662
0.0280714
0.358051
0.444197
0.304531
0.662
0.324973
0.662
0.0575939
0.451081
0.428819
0.662
0.531409
0.369672
0.427998
0.42292
0.662
0.662
0.42983
0.256465
0.662
0.0946804
0.662
0.260649
0.00327239
0.662
0.662
0.435976
0.662
0.662
0.267782
0.55282
0.43018
0.21785
0.0910534
0.662
0.662
0.662
0.662
0.474649
0.326822
0.662
0.237027
0.662
0.234015
0.662
0.271011
0.662
0.188433
0.662
0.43933
0.662
0.662
0.0644738
0.662
0.662
0.662
0.662
0.465324
0.0391353
0.381519
0.0711567
0.662
0.662
0.662
0.662
0.662
0.662
0.0166634
0.662
0.662
0.662
0.662
0.662
0.314199
0.662
0.193545
0.337727
0.283521
0.662
0.662
0.216249
0.197979
0.09952
0.089804
0.662
0.250686
0.662
0.662
0.275771
0.504085
0.00656542
0.292299
0.662
0.662
0.251344
0.662
0.309787
0.343768
0.128603
0.0686221
0.662
0.121902
0.196832
0.131233
0.35888
0.405253
0.30647
0.662
0.662
0.137702
0.662
0.101279
0.662
0.0683195
0.177489
0.271552
0.662
0.662
0.662
0.0231466
0.662
0.391967
0.180398
0.662
0.662
0.662
0.662
0.662
0.662
0.662
0.662
0.119694
0.49062
0.27726
0.662
0.161367
0.239338
0.282284
0.662
0.662
0.136004
0.310089
0.320159
0.662
0.662
0.662
0.284957
0.662
0.662
0.662
0.562356
0.662
0.662
0.662
0.662
0.662
0.662
0.35815
0.662
0.662
0.0691519
0.492315
0.39861
0.662
0.0147866
0.12534
0.127181
0.449124
0.662
0.662
0.662
0.662
0.0763389
0.662
0.662
0.662
0.662
0.191533
0.214089
0.355825
0.0979518
0.00830797
0.662
0.321205
0.342715
0.662
0.662
0.342685
0.662
0.0555595
0.662
0.662
0.662
0.662
0.662
0.166908
0.591612
0.662
0.447218
0.085242
0.662
0.212161
0.0566413
0.662
0.662
0.376215
0.662
0.322986
0.341794
0.662
0.0032884
0.662
0.379516
0.112471
0.449004
0.662
0.662
0.662
0.000259469
0.520862
0.307054
0.662
0.596447
0.662
0.662
0.662
0.130802
0.662
0.0397173
0.662
0.315645
0.662
0.662
0.662
0.662
0.101663
0.662
0.662
0.662
0.0444238
0.662
0.662
0.226722
0.662
0.662
0.172912
0.662
0.320261
0.295113
0.206758
0.410986
0.662
0.662
0.447441
0.325065
0.0111966
0.662
0.662
0.0658917
0.662
0.662
0.662
0.662
0.342021
0.352752
0.0360485
0.662
0.662
0.588375
0.662
0.408224
0.370919
0.662
0.045634
0.00563985
0.633391
0.157274
0.172896
0.453803
0.318942
0.369246
0.662
0.662
0.311707
0.662
0.662
0.662
0.33534
0.23032
0.662
0.148244
0.223874
0.662
0.662
0.662
0.662
0.414303
0.241718
0.662
0.662
0.100404
0.518653
0.662
0.562569
0.411451
0.346387
0.0693266
0.264643
0.0670214
0.662
0.354151
0.662
0.662
0.662
0.662
0.662
0.323786
0.0435903
0.662
0.662
0.404601
0.621926
0.55607
0.408964
0.662
0.662
0.662
0.188075
0.662
0.254927
0.505288
0.662
0.154676
0.662
0.347189
0.490894
0.662
0.0654982
0.40606
0.662
0.262807
0.173731
0.291367
0.662
0.311211
0.257839
0.662
0.662
0.588432
0.185284
0.128643
0.662
0.662
0.281302
0.301727
0.453594
0.662
0.502146
0.162269
0.662
0.662
0.445203
0.124199
0.662
0.62523
0.662
0.662
0.662
0.662
0.425911
0.662
0.662
0.662
0.662
0.662
0.269184
0.0281524
0.662
0.662
0.33305
0.662
0.662
0.662
0.662
0.346074
0.38184
0.662
0.0805559
0.142432
0.662
0.662
0.662
0.662
0.260851
0.662
0.662
0.662
0.218486
0.662
0.662
0.662
0.384347
0.662
0.418433
0.292459
0.662
0.662
0.017763
0.662
0.272822
0.187372
0.231036
0.520917
0.662
0.272178
0.0635952
0.662
0.662
0.206779
0.662
0.662
0.240249
0.213964
0.369448
0.0127834
0.662
0.228291
0.0293225
0.662
0.0986321
0.469036
0.662
0.662
0.0962903
0.1482
0.348018
0.408594
0.662
0.290522
0.662
0.662
0.662
0.662
0.171186
0.662
0.0773597
0.662
0.209254
0.662
0.662
0.0303853
0.63339
0.662
0.238535
0.178587
0.00227147
0.662
0.176484
0.473453
0.201385
0.662
0.662
0.405571
0.0860234
0.662
0.662
0.366384
0.519619
0.283096
0.0140483
0.662
0.662
0.442807
0.224082
0.662
0.166428
0.662
0.662
0.197671
0.662
0.456237
0.662
0.662
0.662
0.322501
0.113915
0.662
0.629706
0.379589
8.83266e-05
0.123499
0.453479
0.27255
0.662
0.0739863
0.662
0.0261713
0.662
0.39609
0.245846
0.662
0.39728
0.403678
0.354641
0.662
0.662
0.0255345
0.662
0.153379
0.662
0.219168
0.19327
0.662
0.1244
0.417283
0.662
0.662
0.190638
0.662
0.662
0.396192
0.662
0.247636
0.480886
0.662
0.105699
0.662
0.662
0.148236
0.662
0.224461
0.0572338
0.348006
0.662
0.662
0.662
0.496705
0.0879516
0.662
0.662
0.662
0.268664
0.379309
0.280717
0.662
0.662
0.152026
0.662
0.662
0.0591544
0.455366
0.662
0.662
0.16604
0.0353193
0.134248
0.409031
0.662
0.662
0.185686
0.662
0.43799
0.122919
0.662
0.662
0.311495
0.662
0.662
0.662
0.0398068
0.116469
0.662
0.662
0.662
0.662
0.662
0.662
0.0983375
0.334606
0.21032
0.662
0.214217
0.156393
0.662
0.662
0.590672
0.130793
0.662
0.662
0.240891
0.662
0.662
0.207996
0.163224
0.662
0.476676
0.274908
0.051427
0.662
0.453507
0.662
0.219513
0.662
0.406481
0.440587
0.476275
0.662
0.357409
0.662
0.662
0.0715636
0.661598
0.049044
0.463806
0.617066
