0.243575
0.119188
0.662
0.662
0.147672
0.28297
0.662
0.662
0.662
0.662
0.453535
0.662
0.0734258
0.265632
0.662
0.662
0.662
0.662
0.231646
0.0123357
0.198325
0.534859
0.18913
0.662
0.662
0.662
0.293261
0.273986
0.662
0.662
0.456433
0.662
0.551812
0.074591
0.63339
0.662
0.662
0.662
0.662
0.662
0.662
0.0692034
0.0499303
0.662
0.0431874
0.662
0.662
0.662
0.662
0.662
0.662
0.397679
0.15452
0.104618
0.101681
0.44641
0.412795
0.439051
0.488852
0.0709156
0.416029
0.26387
0.299755
0.00637009
0.310866
0.289503
0.662
0.662
0.171211
0.368445
0.662
0.152487
0.212383
0.662
0.340928
0.172743
0.293366
0.114389
0.662
0.468882
0.410878
0.150692
0.662
0.662
0.268089
0.612161
0.662
0.662
0.0294106
0.662
0.662
0.662
0.525517
0.662
0.266395
0.0327477
0.309002
0.662
0.129139
0.287107
0.443431
0.662
0.662
0.662
0.662
0.662
0.570318
0.0133629
0.662
0.662
0.324483
0.662
0.662
0.0516705
0.662
0.662
0.0738781
0.662
0.662
0.662
0.0942277
0.125382
0.662
0.405817
0.662
0.196411
0.472655
0.662
0.662
0.451011
0.662
0.384128
0.102641
0.662
0.662
0.160861
0.414819
0.662
0.468508
0.0628679
0.662
0.662
0.253534
0.662
0.662
0.662
0.662
0.662
0.336767
0.132026
0.662
0.662
0.662
0.662
0.240596
0.662
0.442914
0.662
0.479193
0.517512
0.662
0.662
0.290442
0.275196
0.662
0.438658
0.134155
0.662
0.662
0.662
0.662
0.662
0.662
0.462074
0.222354
0.662
0.386672
0.662
0.213148
0.0429758
0.662
0.662
0.336117
0.662
0.60148
0.109532
0.662
0.662
0.662
0.263653
0.227681
0.316718
0.662
0.662
0.662
0.662
0.23049
0.662
0.419373
0.662
0.662
0.662
0.662
0.0880153
0.662
0.662
0.394972
0.190112
0.153201
0.662
0.350701
0.662
0.662
0.414949
0.419563
0.0955726
0.662
0.419687
0.163223
0.29185
0.271607
0.662
0.126756
0.662
0.662
0.662
0.662
0.392999
0.662
0.111145
0.477914
0.218401
0.662
0.387214
0.662
0.460882
0.233274
0.662
0.0623683
0.436484
0.033713
0.347035
0.662
0.662
0.662
0.0817884
0.662
0.662
0.0984412
0.662
0.662
0.662
0.662
0.288529
0.662
0.395248
0.662
0.662
0.216565
0.230723
0.41004
0.287377
0.662
0.662
0.662
0.0239595
0.662
0.41706
0.393871
0.662
0.206458
0.662
0.662
0.447549
0.662
0.11611
0.662
0.662
0.662
0.401551
0.381789
0.470015
0.662
0.662
0.132496
0.662
0.20268
0.662
0.662
0.662
0.368705
0.121624
0.662
0.662
0.2827
0.662
0.318256
0.0748201
0.662
0.662
0.447308
0.662
0.662
0.662
0.100077
0.662
0.662
0.285815
0.379387
0.662
0.236792
0.662
0.613368
0.662
0.185494
0.662
0.662
0.423323
0.419318
0.355526
0.138424
0.662
0.340852
0.662
0.662
0.662
0.662
0.405577
0.662
0.215419
0.104261
0.331076
0.662
0.546322
0.662
0.662
0.472976
0.441805
0.605529
0.662
0.0760254
0.662
0.0567493
0.0766025
0.0527526
0.662
0.235263
0.282745
0.371861
0.662
0.662
0.662
0.662
0.205001
0.662
0.231114
0.400448
0.662
0.662
0.527863
0.662
0.662
0.662
0.300514
0.662
0.662
0.662
0.662
0.662
0.369128
0.389123
0.662
0.662
0.0811195
0.0670337
0.408999
0.345527
0.34798
0.662
0.662
0.153753
0.2187
0.213986
0.475706
0.662
0.662
0.662
0.662
0.662
0.269947
0.662
0.0786605
0.662
0.662
0.662
0.213868
0.662
0.130481
0.662
0.662
0.314533
0.662
0.474368
0.662
0.389399
0.662
0.662
0.350982
0.428898
0.662
0.662
0.662
0.173967
0.256769
0.662
0.662
0.00133134
0.662
0.409812
0.662
0.662
0.330604
0.662
0.662
0.201316
0.282151
0.662
0.662
0.284493
0.662
0.24658
0.662
0.662
0.271362
0.662
0.662
0.662
0.662
0.337328
0.439824
0.662
0.205401
0.30427
0.209024
0.662
0.422533
0.382253
0.451889
0.372147
0.662
0.662
0.662
0.662
0.491785
0.169303
0.662
0.662
0.349482
0.662
0.2926
0.662
0.324221
0.404691
0.448129
0.662
0.662
0.207075
0.429222
0.175951
0.240242
0.306955
0.305674
0.293038
0.662
0.328488
0.387988
0.382156
0.137934
0.475581
0.295791
0.373689
0.58853
0.0594805
0.4365
0.571702
0.662
0.542959
0.0210544
0.114654
0.662
0.662
0.131957
0.251886
0.322877
0.0131904
0.491234
0.313325
0.662
0.662
0.0736273
0.662
0.208702
0.662
0.662
0.662
0.662
0.662
0.662
0.662
0.662
0.413305
0.167825
0.348113
0.662
0.439811
0.662
0.662
0.323267
0.0599567
0.453141
0.0114179
0.286779
0.662
0.451395
0.39985
0.146422
0.662
0.100294
0.662
0.213528
0.352883
0.662
0.0871423
0.662
0.662
0.22713
0.544124
0.225394
0.465546
0.494187
0.662
0.412696
0.345838
0.662
0.662
0.00389934
0.662
0.635486
0.662
0.662
0.662
0.0771725
0.196089
0.181602
0.662
0.662
0.662
0.662
0.662
0.426598
0.662
0.662
0.527755
0.662
0.662
0.662
0.0406137
0.662
0.662
0.239878
0.020564
0.0964774
0.662
0.662
0.662
0.0577041
0.662
0.408114
0.257396
0.379279
0.129776
0.232646
0.435954
0.203416
0.662
0.567145
0.662
0.453821
0.662
0.277051
0.392384
0.662
0.662
0.662
0.222534
0.142871
0.407509
0.662
0.662
0.662
0.662
0.189876
0.662
0.52944
0.662
0.355197
0.474444
0.512547
0.00121954
0.662
0.662
0.422076
0.225796
0.303204
0.38454
0.662
0.100217
0.662
0.662
0.00186307
0.662
0.0792283
0.51861
0.331656
0.662
0.662
0.662
0.662
0.662
0.662
0.662
0.662
0.662
0.662
0.662
0.185039
0.247749
0.448513
0.662
0.662
0.662
0.358582
0.662
0.299104
0.308634
0.530961
0.050492
0.399795
0.662
0.662
0.247952
0.330198
0.662
0.0277428
0.662
0.429827
0.464698
0.553583
0.377816
0.662
0.662
0.662
0.662
0.662
0.662
0.662
0.531743
0.662
0.0673923
0.0669087
0.40474
0.332513
0.467202
0.662
0.662
0.499133
0.662
0.300118
0.662
0.662
0.25705
0.662
0.662
0.164744
0.434084
0.113812
0.662
0.662
0.662
0.662
0.662
0.265231
0.662
0.662
0.0739955
0.662
0.662
0.662
0.662
0.662
0.662
0.215169
0.662
0.339679
0.662
0.152485
0.172234
0.662
0.2462
0.662
0.15551
0.268648
0.662
0.662
0.662
0.662
0.437426
0.480889
0.662
0.662
0.662
0.149002
0.543467
0.662
0.225078
0.244386
0.137693
0.334786
0.144331
0.662
0.662
0.662
0.662
0.249424
0.662
0.662
0.318277
0.662
0.113249
0.0698524
0.403417
0.351294
0.369305
0.662
0.662
0.662
0.241367
0.380861
0.662
0.662
0.662
0.662
0.30827
0.662
0.662
0.662
0.143408
0.0739054
0.662
0.05766
0.165612
0.141122
0.662
0.662
0.109951
0.662
0.662
0.0703338
0.28968
0.662
0.662
0.456282
0.662
0.662
0.276594
0.662
0.662
0.662
0.428141
0.372127
0.0725561
0.415705
0.662
0.0833069
0.0232105
0.414015
0.384378
0.662
0.0473848
0.662
0.425294
0.242818
0.335829
0.662
0.0791505
0.662
0.662
0.122914
0.662
0.662
0.662
0.662
0.31106
0.662
0.662
0.449282
0.662
0.237319
0.662
0.33758
0.575473
0.305438
0.662
0.662
0.219021
0.662
0.318719
0.662
0.662
0.662
0.662
0.211054
0.662
0.662
0.381444
0.330221
0.662
0.662
0.662
0.662
0.662
0.662
0.662
0.662
0.662
0.662
0.518229
0.0993007
0.390383
0.402446
0.256273
0.264089
0.662
0.182653
0.662
0.135909
0.662
0.662
0.662
0.662
0.662
0.0263792
0.662
0.239871
0.662
0.662
0.662
0.662
0.662
0.0265797
0.662
0.0686339
0.346726
0.662
0.452119
0.662
0.662
0.662
0.177065
0.662
0.662
0.0285182
0.662
0.662
0.662
0.662
0.662
0.662
0.352857
0.662
0.662
0.662
0.662
0.662
0.662
0.662
0.662
0.0736599
0.162984
0.225713
0.662
0.662
0.406769
0.457757
0.662
0.662
0.662
0.662
0.304415
0.662
0.234222
0.196015
0.662
0.662
0.662
0.431868
0.47101
0.662
0.662
0.662
0.429164
0.366589
0.0516627
0.14602
0.662
0.662
0.633694
0.662
0.213729
0.617533
0.662
0.487391
0.221236
0.24966
0.662
0.129261
0.662
0.662
0.662
0.662
0.0581165
0.0938699
0.662
0.662
0.662
0.662
0.662
0.662
0.662
0.0424383
0.334137
0.400134
0.413666
0.662
0.403708
0.662
0.662
0.662
0.259936
0.19659
0.662
0.00625822
0.362464
0.662
0.662
0.0186024
0.662
0.662
0.662
0.662
0.210849
0.662
0.662
0.662
0.662
0.662
0.662
0.662
0.0744172
0.662
0.479285
0.662
0.662
0.14491
0.662
0.662
0.662
0.268704
0.342958
0.662
0.469745
0.662
0.236865
0.662
0.15443
0.662
0.169036
0.304381
0.281639
0.662
0.662
0.488963
0.0195191
0.440453
0.662
0.662
0.662
0.318059
0.077282
0.662
0.34162
0.662
0.464614
0.104039
0.662
0.0967373
0.662
0.662
0.458004
0.438341
0.361501
0.662
0.662
0.662
0.254918
0.662
0.130159
0.662
0.662
0.230596
0.662
0.329776
0.124133
0.662
0.393176
0.662
0.368421
0.184687
0.662
0.662
0.335954
0.388859
0.662
0.359703
0.662
0.662
0.662
0.301496
0.153303
0.662
0.662
0.662
0.231972
0.374529
0.33872
0.662
0.458771
0.191772
0.378776
0.662
0.662
0.371625
0.662
0.590651
0.453911
0.662
0.662
0.662
0.662
0.662
0.296678
0.442071
0.476393
0.529982
0.662
0.662
0.662
0.448515
0.662
0.291376
0.205772
0.662
0.662
0.442482
0.662
0.0997493
0.355262
0.662
0.483839
0.105184
0.0248167
0.662
0.143606
0.662
0.662
0.662
0.662
0.103267
0.182628
0.638302
0.118356
0.645544
0.246769
0.529602
0.29497
0.422608
0.143503
0.244128
0.662
0.662
0.0192122
0.662
0.662
0.662
0.662
0.662
0.662
0.464727
0.343107
0.191925
0.662
0.255209
0.327708
0.662
0.543066
0.132524
0.267652
0.216198
0.482667
0.662
0.662
0.299324
0.415971
0.662
0.28455
0.662
0.662
0.269199
0.662
0.3399
0.662
0.427169
0.662
0.100626
0.417757
0.662
0.662
0.662
0.438864
0.662
0.248763
0.353536
0.622766
0.662
0.662
0.662
0.662
0.662
0.662
0.132705
0.662
0.263987
0.334362
0.662
0.411838
0.156625
0.662
0.662
0.2839
0.191852
0.662
0.662
0.514283
0.662
0.662
0.662
0.0626312
0.662
0.119126
0.662
0.0206198
0.435388
0.662
0.662
0.662
0.511918
0.298315
