0.662
0.256927
0.416394
0.326332
0.387538
0.662
0.662
0.662
0.662
0.254523
0.241304
0.480158
0.520294
0.662
0.662
0.662
0.662
0.344563
0.662
0.662
0.189867
0.021325
0.418565
0.0391383
0.426552
0.464828
0.662
0.362771
0.662
0.662
0.662
0.363114
0.662
0.662
0.133397
0.662
0.662
0.662
0.446075
0.104984
0.662
0.156875
0.662
0.216371
0.0999123
0.459535
0.100511
0.516212
0.383219
0.662
0.662
0.472341
0.177116
0.662
0.662
0.087234
0.662
0.662
0.0617832
0.290035
0.468696
0.662
0.662
0.662
0.233949
0.662
0.662
0.209159
0.662
0.23535
0.57233
0.412669
0.662
0.662
0.662
0.662
0.662
0.276574
0.0392934
0.662
0.662
0.662
0.33928
0.113163
0.433294
0.430603
0.108266
0.662
0.662
0.315032
0.20062
0.131659
0.662
0.469985
0.662
0.662
0.662
0.184411
0.0179843
0.412144
0.662
0.662
0.245112
0.662
0.662
0.0111458
0.662
0.167652
0.662
0.662
0.662
0.662
0.662
0.192014
0.387152
0.662
0.504768
0.432855
0.662
0.350834
0.662
0.662
0.662
0.133139
0.662
0.662
0.662
0.631839
0.662
0.26188
0.662
0.662
0.387566
0.662
0.662
0.0294095
0.662
0.662
0.662
0.112106
0.448662
0.662
0.273091
0.662
0.662
0.662
0.00265783
0.662
0.662
0.662
0.662
0.662
0.662
0.662
0.0935871
0.662
0.0471681
0.030739
0.662
0.466253
0.25179
0.662
0.103077
0.662
0.476622
0.662
0.662
0.310309
0.662
0.256941
0.662
0.662
0.397496
0.46861
0.338078
0.662
0.245204
0.662
0.662
0.662
0.305332
0.346184
0.571892
0.0382545
0.662
0.662
0.154341
0.662
0.294106
0.662
0.662
0.28922
0.154565
0.662
0.662
0.662
0.662
0.662
0.443431
0.449983
0.662
0.662
0.155632
0.425952
0.662
0.662
0.11234
0.0568928
0.662
0.130853
0.349164
0.662
0.662
0.662
0.662
0.662
0.0737793
0.662
0.662
0.134606
0.459151
0.662
0.662
0.662
0.662
0.286185
0.662
0.662
0.662
0.662
0.662
0.662
0.662
0.114726
0.448487
0.358345
0.235352
0.662
0.662
0.662
0.471147
0.662
0.662
0.662
0.662
0.182186
0.662
0.662
0.662
0.662
0.11202
0.662
0.662
0.292266
0.662
0.0698807
0.0670314
0.318705
0.662
0.662
0.491347
0.662
0.662
0.662
0.16969
0.662
0.0395989
0.329781
0.662
0.330888
0.662
0.662
0.278964
0.662
0.662
0.0793139
0.662
0.662
0.662
0.0800015
0.314836
0.467831
0.662
0.459998
0.662
0.662
0.337717
0.662
0.280021
0.662
0.309301
0.662
0.147802
0.662
0.662
0.662
0.0389416
0.401685
0.662
0.253463
0.463827
0.662
0.662
0.662
0.662
0.170679
0.662
0.0869492
0.600159
0.662
0.47273
0.662
0.662
0.662
0.662
0.29664
0.114958
0.662
0.0638237
0.325123
0.662
0.662
0.662
0.662
0.662
0.0817144
0.662
0.662
0.662
0.662
0.196964
0.582693
0.215889
0.662
0.662
0.662
0.266698
0.1909
0.445595
0.253546
0.662
0.662
0.662
0.214814
0.662
0.372325
0.662
0.662
0.662
0.33058
0.221938
0.239158
0.138979
0.222
0.183381
0.065787
0.662
0.158741
0.187412
0.373307
0.662
0.662
0.398504
0.0253586
0.0613215
0.0391363
0.475004
0.662
0.194479
0.662
0.662
0.662
0.587631
0.393869
0.120049
0.275026
0.262546
0.296126
0.662
0.662
0.662
0.662
0.662
0.225674
0.662
0.519306
0.662
0.662
0.128877
0.662
0.662
0.662
0.462473
0.310499
0.401193
0.51581
0.662
0.662
0.662
0.251017
0.662
0.0332062
0.662
0.662
0.662
0.662
0.384572
0.662
0.552586
0.662
0.108145
0.453096
0.472217
0.662
0.662
0.174549
0.662
0.0587899
0.662
0.662
0.662
0.541352
0.662
0.662
0.662
0.423192
0.662
0.662
0.662
0.662
0.662
0.433269
0.0494009
0.662
0.101123
0.409986
0.662
0.431244
0.27319
0.343675
0.246991
0.662
0.346166
0.662
0.662
0.662
0.249799
0.662
0.153164
0.147087
0.662
0.662
0.662
0.401469
0.662
0.662
0.662
0.114609
0.128063
0.319005
0.662
0.662
0.00363402
0.662
0.265735
0.203106
0.187181
0.662
0.139257
0.394956
0.662
0.262842
0.221266
0.662
0.0241496
0.111764
0.662
0.662
0.662
0.662
0.293442
0.122416
0.662
0.179803
0.302801
0.662
0.662
0.662
0.662
0.167518
0.32151
