0.190396
0.662
0.364962
0.662
0.662
0.662
0.450718
0.37831
0.452688
0.428864
0.0150526
0.169803
0.0405082
0.0931761
0.373804
0.662
0.662
0.662
0.465549
0.662
0.662
0.662
0.662
0.662
0.662
0.504465
0.662
0.426056
0.197589
0.662
0.662
0.339491
0.274543
0.662
0.662
0.275771
0.294907
0.547175
0.662
0.662
0.662
0.662
0.440001
0.662
0.476942
0.225284
0.662
0.407194
0.222219
0.662
0.662
0.39002
0.105444
0.662
0.662
0.662
0.479429
0.662
0.662
0.581176
0.306585
0.00853174
0.662
0.662
0.065674
0.662
0.491396
0.662
0.662
0.113608
0.372703
0.13516
0.381332
0.452944
0.662
0.0541115
0.662
0.662
0.662
0.288916
0.662
0.428812
0.139715
0.58947
0.0376013
0.662
0.662
0.662
0.662
0.227734
0.240104
0.662
0.662
0.662
0.662
0.662
0.662
0.662
0.662
0.44241
0.425509
0.662
0.662
0.113019
0.662
0.662
0.662
0.461972
0.544146
0.236935
0.451423
0.662
0.662
0.662
0.318094
0.662
0.662
0.204537
0.312486
0.662
0.0759691
0.662
0.101868
0.662
0.662
0.0697858
0.662
0.662
0.662
0.215713
0.662
0.662
0.155735
0.662
0.662
0.662
0.662
0.481685
0.64182
0.662
0.662
0.405547
0.210398
0.445085
0.0844117
0.304948
0.19435
0.662
0.193549
0.662
0.0569301
0.662
0.445985
0.0851851
0.199707
0.662
0.459977
0.626766
0.662
0.662
0.104821
0.662
0.662
0.662
0.662
0.662
0.361705
0.288031
0.0860493
0.662
0.662
0.662
0.662
0.651358
0.662
0.340945
0.662
0.662
0.265659
0.131714
0.233317
0.662
0.662
0.35816
0.515107
0.662
0.250126
0.273326
0.662
0.0779391
0.662
0.662
0.229211
0.155014
0.662
0.125087
0.662
0.252129
0.662
0.383702
0.456255
0.662
0.36663
0.266686
0.662
0.662
0.662
0.387212
0.662
0.322246
0.662
0.662
0.662
0.662
0.662
0.662
0.162654
0.662
0.0468409
0.539552
0.586754
0.662
0.16992
0.30875
0.662
0.662
0.322675
0.662
0.662
0.0207648
0.662
0.662
0.422791
0.662
0.662
0.662
0.662
0.0785609
0.662
0.0604881
0.374197
0.153301
0.243277
0.662
0.662
0.662
0.275826
0.662
0.662
0.662
0.21604
0.594125
0.201528
0.23052
0.662
0.662
0.202232
0.662
0.662
0.315942
0.662
0.429048
0.662
0.121089
0.0945585
0.662
0.662
0.662
0.662
0.30402
0.421293
0.597578
0.662
0.662
0.283391
0.662
0.662
0.244424
0.662
0.480968
0.662
0.662
0.538664
0.108037
0.662
0.24156
0.0765543
0.395063
0.435671
0.662
0.455007
0.342772
0.662
0.662
0.348295
0.0204584
0.662
0.662
0.662
0.662
0.662
0.305991
0.0209727
0.662
0.662
0.0359262
0.354356
0.662
0.662
0.662
0.662
0.662
0.662
0.188431
0.0538041
0.125535
0.662
0.433322
0.245179
0.461524
0.468763
0.662
0.117483
0.0600955
0.448445
0.473249
0.662
0.168311
0.662
0.662
0.662
0.128029
0.662
0.417132
0.662
0.662
0.662
0.662
0.662
0.662
0.662
0.662
0.0498445
0.662
0.662
0.629763
0.354178
0.662
0.153406
0.662
0.193245
0.213836
0.662
0.662
0.0980794
0.380022
0.662
0.662
0.662
0.155803
0.662
0.238159
0.662
0.662
0.662
0.508035
0.662
0.662
0.230131
0.662
0.241107
0.120468
0.227542
0.202496
0.0267095
0.662
0.662
0.662
0.662
0.662
0.662
0.662
0.662
0.442003
0.259071
0.662
0.227561
0.264329
0.662
0.207178
0.350607
0.662
0.662
0.662
0.369479
0.662
0.662
0.204135
0.0843414
0.245841
0.662
0.0965608
0.662
0.217015
0.05663
0.284576
0.107817
0.662
0.662
0.662
0.662
0.662
0.662
0.279735
0.176977
0.662
0.261698
0.269379
0.662
0.00869351
0.303961
0.662
0.191543
0.662
0.407176
0.341197
0.283096
0.662
0.137546
0.662
0.270981
0.662
0.662
0.0757167
0.184187
0.662
0.662
0.662
0.662
0.0869844
0.00452295
0.662
0.662
0.662
0.662
0.0255507
0.662
0.662
0.13881
0.103216
0.662
0.662
0.662
0.190553
0.190668
0.662
0.124479
0.477599
0.102619
0.662
0.384277
0.418274
0.189631
0.662
0.662
0.21636
0.662
0.300262
0.662
0.248412
0.259424
0.662
0.662
0.289712
0.662
0.480502
0.0431586
0.360539
0.662
0.662
0.662
0.662
0.150994
0.662
0.662
0.662
0.662
0.662
0.0820995
0.662
0.0783375
0.238809
0.662
0.0101137
0.662
0.0743316
0.156408
0.662
0.662
0.662
0.662
0.203437
0.662
0.662
0.296081
0.0784145
0.662
0.662
0.662
0.662
0.432761
0.410873
0.662
0.662
0.662
0.440301
0.187959
0.662
0.153122
0.170612
0.349529
0.625199
0.359951
0.0638377
0.662
0.662
0.157123
0.298027
0.0398443
0.342144
0.662
0.399173
0.662
0.662
0.214126
0.0432091
0.560125
0.662
0.662
0.662
0.662
0.662
0.662
0.0293286
0.465357
0.662
0.477479
0.662
0.662
0.662
0.662
0.662
0.662
0.0747322
0.662
0.662
0.662
0.141457
0.0113776
0.0677841
0.354791
0.662
0.662
0.662
0.662
0.0200933
0.307792
0.662
0.444404
0.530874
0.662
0.376068
0.662
0.184281
0.252494
0.392022
0.662
0.662
0.662
0.399673
0.431686
0.454862
0.662
0.662
0.191725
0.442683
0.395953
0.662
0.220965
0.662
0.189918
0.646584
0.662
0.662
0.17031
0.662
0.301743
0.299764
0.269552
0.662
0.662
0.0794166
0.662
0.662
0.662
0.662
0.306129
0.662
0.662
0.222629
0.662
0.459431
0.224442
0.00982919
0.662
0.492086
0.662
0.250239
0.662
0.375033
0.480894
0.662
0.32807
0.470985
0.662
0.662
0.662
0.303557
0.179448
0.662
0.128673
0.0726272
0.662
0.300608
0.400448
0.662
0.662
0.469049
0.662
0.0487399
0.307164
0.662
0.421378
0.538284
0.662
0.0392652
0.662
0.662
0.46565
0.662
0.224887
0.271089
0.141811
0.662
0.0090963
0.480114
0.617556
0.00222938
0.662
0.181182
0.637288
0.662
0.0462272
0.662
0.662
0.662
0.662
0.662
0.662
0.662
0.593335
0.45044
0.662
0.662
0.457728
0.0871727
0.235884
0.662
0.204399
0.352915
0.662
0.662
0.425737
0.662
0.662
0.662
0.662
0.662
0.223245
0.191676
0.662
0.662
0.459405
0.662
0.662
0.447162
0.662
0.662
0.164126
0.491115
0.321997
0.662
0.662
0.662
0.242019
0.6085
0.662
0.128244
0.130056
0.186938
0.436015
0.160388
0.662
0.662
0.662
0.662
0.123608
0.429706
0.3205
0.439376
0.662
0.662
0.662
0.148037
0.662
0.0443761
0.662
0.396768
0.145885
0.662
0.221349
0.662
0.173198
0.0593262
0.567059
0.347535
0.662
0.662
0.662
0.662
0.286407
0.173077
0.662
0.19965
0.364341
0.662
0.182402
0.171595
0.662
0.117985
0.662
0.662
0.662
0.220619
0.662
0.662
0.662
0.662
0.662
0.662
0.224246
0.662
0.662
0.094351
0.662
0.662
0.662
0.320693
0.0340082
0.498125
0.662
0.662
0.45272
0.09786
0.0729799
0.301319
0.413393
0.662
0.186795
0.662
0.662
0.662
0.383977
0.355163
0.588343
0.662
0.662
0.234373
0.662
0.411924
0.662
0.0642189
0.662
0.404287
0.662
0.662
0.662
0.472317
0.662
0.662
0.217814
0.26669
0.662
0.662
0.662
0.199451
0.366579
0.334576
0.344498
0.662
0.0894372
0.662
0.268842
0.662
0.662
0.662
0.662
0.662
0.662
0.662
0.225237
0.229055
0.662
0.662
0.662
0.662
0.662
0.0261711
0.662
0.662
0.406059
0.170086
0.351825
0.662
0.341295
0.662
0.0513316
0.219318
0.662
0.31148
0.0452856
0.662
0.662
0.662
0.662
0.662
0.662
0.402595
0.662
0.159758
0.179801
0.662
0.319292
0.662
0.662
0.054202
0.270967
0.0929829
0.662
0.41126
0.113748
0.662
0.448054
0.40454
0.662
0.662
0.662
0.662
0.662
0.00420246
0.662
0.662
0.08834
0.420992
0.662
0.662
0.482497
0.662
0.662
0.267367
0.662
0.662
0.439646
0.211279
0.39163
0.662
0.320461
0.209735
0.475067
0.662
0.104551
0.445367
0.233871
0.121021
0.662
0.404053
0.662
0.662
0.336267
0.182026
0.352646
0.0918159
0.251532
0.662
0.458521
0.662
0.662
0.662
0.0196894
0.662
0.273284
0.464154
0.214216
0.662
0.409926
0.662
0.662
0.0679583
0.662
0.662
0.468476
0.662
0.459787
0.27478
0.662
0.276402
0.419775
0.662
0.143233
0.662
0.214032
0.662
0.662
0.408112
0.472817
0.662
0.0730677
0.215389
0.662
0.0587569
0.662
0.233443
0.424691
0.662
0.346558
0.355053
0.662
0.40942
0.10068
0.028588
0.662
0.662
0.00459007
0.442953
0.662
0.662
0.330321
0.211461
0.107142
0.349049
0.379145
0.262699
0.190985
0.662
0.207166
0.662
0.109107
0.422208
0.662
0.46973
0.475371
0.662
0.662
0.662
0.443011
0.0826286
0.107974
0.662
0.662
0.38931
0.579099
0.452922
0.662
0.662
0.243397
0.216765
0.662
0.662
0.315769
0.410422
0.40123
0.662
0.130744
0.662
0.662
0.662
0.662
0.279938
0.662
0.662
0.536883
0.407083
0.171419
0.662
0.662
0.662
0.292087
0.662
0.662
0.662
0.662
0.662
0.662
0.662
0.662
0.662
0.662
0.662
0.0720647
0.662
0.662
0.662
0.662
0.450733
0.662
0.662
0.220548
0.662
0.662
0.662
0.662
0.662
0.662
0.662
0.662
0.318104
0.662
0.220885
0.662
0.662
0.431577
0.287305
0.662
0.662
0.219973
0.662
0.578097
0.138101
0.662
0.371296
0.662
0.662
0.662
0.662
0.662
0.662
0.479697
0.662
0.662
0.373912
0.662
0.662
0.662
0.381422
0.243813
0.662
0.662
0.417338
0.662
0.662
0.662
0.263064
0.662
0.288021
0.017838
0.662
0.0263742
0.662
0.662
0.662
0.662
0.495289
0.217792
0.115125
0.386365
0.662
0.662
0.662
0.41995
0.662
0.662
0.662
0.0864945
0.235977
0.662
0.300233
0.0434927
0.662
0.219722
0.662
0.314046
0.662
0.0371875
0.11334
0.292347
0.662
0.662
0.662
0.662
0.16852
0.662
0.662
0.662
0.457826
0.291338
0.662
0.662
0.662
0.662
0.662
0.662
0.0217929
0.561068
0.136265
0.501585
0.330359
0.246383
0.526659
0.662
0.662
0.662
0.24791
0.662
0.662
0.134765
0.144303
0.662
0.662
0.0366078
0.195947
0.180184
0.285397
0.662
0.662
0.662
0.20302
0.662
0.0353481
0.101787
0.662
0.662
0.274072
0.662
0.211267
0.368072
0.289537
0.662
0.315258
0.662
0.394306
0.426081
0.31565
0.426953
0.0603029
0.662
0.662
0.258714
0.662
0.318094
0.662
0.662
0.662
0.662
0.0998865
0.0885265
0.662
0.138025
0.402875
0.662
0.662
0.193422
0.490699
0.662
0.662
0.305221
0.662
0.662
0.662
0.445085
0.662
0.339721
0.302792
0.662
0.379041
0.662
0.396693
0.104555
0.662
0.289772
0.662
0.662
0.219581
0.662
0.192064
0.243707
0.447779
0.662
0.351135
0.662
0.385975
0.360785
0.662
0.446014
0.123523
0.155219
0.662
0.662
0.531917
0.662
0.147289
0.662
0.572138
0.662
0.662
0.408908
0.312075
0.662
0.662
