0.500414
0.662
0.662
0.198976
0.302194
0.032485
0.662
0.662
0.140159
0.21888
0.290045
0.662
0.662
0.470389
0.662
0.662
0.153539
0.262565
0.218262
0.403678
0.131575
0.662
0.0589223
0.662
0.302512
0.326904
0.397381
0.662
0.389357
0.376655
0.662
0.662
0.662
0.662
0.662
0.00923195
0.662
0.366367
0.662
0.662
0.662
0.446126
0.292802
0.215009
0.419442
0.0324759
0.468747
0.39861
0.662
0.571781
0.662
0.662
0.662
0.662
0.662
0.456076
0.662
0.188837
0.274001
0.662
0.137091
0.662
0.0718855
0.662
0.662
0.662
0.662
0.662
0.245057
0.662
0.32089
0.662
0.164938
0.662
0.0474767
0.662
0.662
0.570772
0.662
0.331544
0.527764
0.662
0.662
0.219513
0.102237
0.398171
0.32007
0.405571
0.536174
0.662
0.662
0.221684
0.376494
0.662
0.662
0.662
0.390121
0.300585
0.662
0.0977382
0.662
0.662
0.662
0.662
0.198414
0.00787886
0.0804857
0.662
0.171017
0.347511
0.662
0.662
0.372573
0.179088
0.248413
0.662
0.662
0.662
0.017145
0.436976
0.662
0.662
0.662
0.423595
0.0496163
0.662
0.662
0.662
0.324097
0.166157
0.662
0.620594
0.662
0.215071
0.14434
0.127181
0.529572
0.662
0.516172
0.0669129
0.468146
0.662
0.662
0.662
0.43093
0.662
0.662
0.453637
0.203696
0.662
0.662
0.662
0.662
0.662
0.662
0.106753
0.662
0.141617
0.662
0.662
0.662
0.136358
0.662
0.662
0.662
0.111403
0.332842
0.662
0.662
0.433358
0.662
0.0454024
0.260553
0.662
0.25877
0.662
0.662
0.0102783
0.227771
0.662
0.662
0.120078
0.296467
0.662
0.201656
0.662
0.48398
0.250012
0.662
0.662
0.263512
0.355486
0.0601142
0.427161
0.662
0.441554
0.237744
0.242451
0.662
0.103405
0.302818
0.662
0.662
0.662
0.259731
0.662
0.662
0.662
0.662
0.662
0.0849401
0.662
0.337731
0.662
0.662
0.0281524
0.662
0.402892
0.253846
0.189654
0.538166
0.0982623
0.662
0.662
0.0140483
0.379659
0.662
0.204405
0.477414
0.662
0.662
0.512785
0.662
0.604551
0.662
0.662
0.408364
0.426095
0.662
0.662
0.662
0.662
0.662
0.662
0.662
0.43409
0.635641
0.198836
0.384863
0.467716
0.662
0.0218534
0.662
0.662
0.662
0.413622
0.339816
0.662
0.662
0.331907
0.662
0.662
0.662
0.662
0.131989
0.662
0.481185
0.271457
0.327071
0.346074
0.662
0.31405
0.662
0.662
0.662
0.662
0.662
0.662
0.662
0.662
0.662
0.0353088
0.662
0.433745
0.662
0.662
0.662
0.662
0.051427
0.339014
0.0400118
0.662
0.0844934
0.315258
0.45789
0.521404
0.662
0.662
0.266134
0.4009
0.662
0.662
0.423133
0.22342
0.0464978
0.0749232
0.430594
0.662
0.662
0.662
0.46213
0.662
0.662
0.0569222
0.662
0.308743
0.662
0.43371
0.662
0.335981
0.311804
0.662
0.202874
0.476676
0.165915
0.420631
0.662
0.662
0.396693
0.245277
0.0403529
0.662
0.435856
0.281622
0.662
0.415801
0.309336
0.418227
0.356217
0.662
0.325321
0.334606
0.662
0.662
0.662
0.413268
0.1306
0.662
0.662
0.662
0.128751
0.196573
0.453594
0.662
0.662
0.55918
0.46748
0.662
0.0887422
0.596447
0.29096
0.228647
0.267486
0.283555
0.662
0.662
0.229896
0.0256401
0.662
0.00465439
0.45512
0.446099
0.173147
0.662
0.385554
0.662
0.453479
0.416832
0.135839
0.0446124
0.0822721
0.662
0.662
0.662
0.662
0.217548
0.662
0.662
0.473453
0.662
0.662
0.49912
0.347599
0.296996
0.630179
0.662
0.662
0.351717
0.662
0.17432
0.504085
0.662
0.0104661
0.662
0.662
0.315515
0.129395
0.0852001
0.116469
0.662
0.274469
0.129821
0.482736
0.662
0.219657
0.662
0.40728
0.207041
0.662
0.0838919
0.662
0.662
0.662
0.318045
0.240394
0.217052
0.662
0.207966
0.0316227
0.413031
0.227387
0.613583
0.38314
0.662
0.210946
0.32125
0.49867
0.662
0.0329397
0.662
0.662
0.662
0.662
0.318344
0.662
0.305824
0.049044
0.271552
0.662
0.662
0.662
0.0575939
0.662
0.283941
0.248315
0.467867
0.662
0.662
0.662
0.662
0.662
0.662
0.0970182
0.442146
0.0594323
0.662
0.662
0.178587
0.662
0.662
0.475041
0.440587
0.662
0.0415743
0.436815
0.111083
0.000491129
0.662
0.662
0.39609
0.662
0.662
0.42983
0.662
0.662
0.662
0.662
0.662
0.347161
0.662
0.662
0.324973
0.312227
0.662
0.470332
0.662
0.662
0.662
0.204229
0.242338
0.662
0.423634
0.351975
0.243113
0.662
0.291342
0.463436
0.0261713
0.662
0.662
0.662
0.662
0.44099
0.662
0.248561
0.0255294
0.274908
0.662
0.364186
0.203133
0.44372
0.0640281
0.449725
0.464465
0.388459
0.662
0.0678337
0.662
0.662
0.277117
0.662
0.662
0.662
0.662
0.0369011
0.662
0.314132
0.161721
0.321521
0.416777
0.662
0.16895
0.662
0.61568
0.662
0.598909
0.596774
0.217257
0.045634
0.16042
0.662
0.153782
0.384318
0.662
0.662
0.662
0.317358
0.249078
0.257855
0.63129
0.662
0.662
0.662
0.276166
0.662
0.463651
0.662
0.662
0.662
0.134997
0.662
0.551603
0.662
0.0936847
0.27134
0.662
0.393595
0.662
0.662
0.662
0.425911
0.236551
0.391068
0.0309276
0.243089
0.662
0.465324
0.662
0.243148
0.354054
0.662
0.125291
0.662
0.662
0.662
0.662
0.662
0.24735
0.662
0.662
0.200367
0.0358159
0.662
0.662
0.40798
0.151033
0.101173
0.662
0.662
0.130395
0.662
0.662
0.662
0.662
0.276117
0.662
0.662
0.0477104
0.250365
0.662
0.185915
0.662
0.560298
0.00718646
0.662
0.662
0.662
0.62523
0.662
0.265483
0.218486
0.662
0.662
0.662
0.41773
0.662
0.281728
0.571666
0.662
0.662
0.662
0.353774
0.147649
0.324959
0.146455
0.662
0.0477493
0.662
0.662
0.662
0.370426
0.339188
0.280664
0.405512
0.662
0.662
0.662
0.358905
0.662
0.662
0.392739
0.231414
0.662
0.21797
0.0522629
0.662
0.263557
0.662
0.662
0.224124
0.0108867
0.459895
0.1244
0.0652053
0.662
0.662
0.662
0.662
0.172986
0.662
0.0122966
0.406789
0.662
0.401313
0.662
0.328804
0.378823
0.274947
0.322854
0.662
0.637073
0.662
0.551706
0.662
0.465813
0.190232
0.391597
0.662
0.263514
0.662
0.662
0.190639
0.662
0.290971
0.259545
0.662
0.662
0.355684
0.423365
0.662
0.467892
0.35332
0.235979
0.0769719
0.266027
0.431048
0.379309
0.662
0.662
0.662
0.238591
0.368856
0.257353
0.662
0.662
0.108321
0.662
0.662
0.437993
0.662
0.662
0.465781
0.395724
0.0280664
0.214442
0.662
0.662
0.131991
0.662
0.227904
0.238729
0.0970041
0.662
0.662
0.0893795
0.662
0.662
0.269211
0.662
0.306832
0.662
0.662
0.662
0.258007
0.0599375
0.662
0.662
0.017763
0.0838594
0.158156
0.633391
0.134945
0.662
0.00863211
0.117803
0.0150359
0.662
0.662
0.662
0.341555
0.461882
0.662
0.662
0.430484
0.662
0.662
0.662
0.303771
0.662
0.357241
0.662
0.179543
0.447842
0.662
0.373821
0.662
0.410769
0.262807
0.662
0.150019
0.278571
0.662
0.662
0.662
0.662
0.662
0.662
0.662
0.294503
0.662
0.349724
0.0891744
0.662
0.351851
0.453307
0.662
0.662
0.662
0.232255
0.101869
0.662
0.662
0.662
0.00474185
0.102655
0.0860234
0.662
0.662
0.662
0.207932
0.662
0.662
0.0942283
0.0640733
0.284309
0.166428
0.36583
0.171186
0.662
0.38469
0.662
0.424279
0.662
0.12453
0.22457
0.127341
0.662
0.33305
0.662
0.184186
0.662
0.662
0.470557
0.662
0.662
0.662
0.662
0.662
0.403169
0.181263
0.662
0.662
