0.191925
0.662
0.0232727
0.229492
0.241014
0.304441
0.662
0.662
0.520266
0.662
0.468508
0.662
0.662
0.662
0.130645
0.337837
0.527046
0.662
0.662
0.662
0.468882
0.0674836
0.076021
0.662
0.253358
0.662
0.662
0.662
0.371514
0.662
0.226375
0.662
0.163788
0.662
0.191869
0.56499
0.662
0.662
0.662
0.100294
0.662
0.260744
0.26317
0.662
0.4743
0.407688
0.662
0.0809616
0.662
0.431868
0.399795
0.525337
0.662
0.662
0.662
0.32749
0.19659
0.662
0.0426882
0.662
0.662
0.241077
0.662
0.160086
0.300925
0.539856
0.662
0.404856
0.261142
0.662
0.659601
0.182743
0.662
0.517888
0.662
0.239702
0.662
0.662
0.662
0.662
0.236792
0.161946
0.662
0.301496
0.387721
0.0703338
0.309811
0.662
0.337359
0.662
0.272381
0.456061
0.662
0.186771
0.381789
0.0964161
0.253028
0.434084
0.128824
0.232066
0.324566
0.662
0.662
0.463841
0.30932
0.440552
0.408999
0.366589
0.662
0.286225
0.112862
0.0777369
0.409887
0.662
0.191852
0.114389
0.337721
0.662
0.662
0.111311
0.662
0.662
0.475659
0.0606371
0.0594805
0.473204
0.438658
0.472567
0.662
0.18202
0.521775
0.662
0.662
0.122305
0.662
0.603114
0.662
0.662
0.256273
0.662
0.291376
0.289287
0.298315
0.662
0.0585303
0.662
0.485079
0.47716
0.662
0.224264
0.662
0.662
0.206334
0.113812
0.143606
0.131957
0.662
0.20567
0.662
0.298627
0.662
0.662
0.317953
0.662
0.662
0.208187
0.463361
0.662
0.0853858
0.221378
0.238524
0.34819
0.662
0.662
0.662
0.273078
0.396404
0.534859
0.563381
0.662
0.311047
0.662
0.0129805
0.662
0.0567493
0.662
0.662
0.328365
0.662
0.662
0.662
0.662
0.623265
0.662
0.662
0.662
0.662
0.466549
0.0232105
0.266213
0.0658436
0.130755
0.116755
0.662
0.453479
0.287268
0.662
0.0472341
0.492636
0.662
0.662
0.236616
0.662
0.662
0.0317422
0.662
0.492481
0.662
0.185905
0.662
0.0792283
0.662
0.0222029
0.245778
0.165612
0.13867
0.662
0.173764
0.662
0.395248
0.449282
0.662
0.335504
0.662
0.127733
0.074591
0.221647
0.000151043
0.662
0.284405
0.662
0.319554
0.137369
0.662
0.334137
0.662
0.278339
0.662
0.183592
0.662
0.232821
0.662
0.662
0.297599
0.662
0.662
0.662
0.662
0.662
0.0362784
0.662
0.662
0.662
0.662
0.354291
0.389809
0.263946
0.199432
0.662
0.662
0.304885
0.662
0.0649959
0.662
0.662
0.147273
0.247749
0.662
0.662
0.662
0.319388
0.662
0.662
0.662
0.662
0.251886
0.662
0.584236
0.662
0.662
0.662
0.662
0.3686
0.662
0.662
0.662
0.345838
0.662
0.662
0.662
0.662
0.265231
0.350982
0.146422
0.135147
0.662
0.662
0.662
0.212441
0.662
0.662
0.0811644
0.662
0.1645
0.662
0.662
0.265694
0.662
0.662
0.283967
0.662
0.00255246
0.662
0.401518
0.662
0.662
0.662
0.0720599
0.662
0.355412
0.293081
0.288529
0.22991
0.662
0.0880153
0.189666
0.662
0.662
0.00761663
0.1161
0.543066
0.662
0.160967
0.662
0.227535
0.662
0.662
0.662
0.399496
0.505696
0.29241
0.138158
0.662
0.662
0.0597322
0.662
0.662
0.0168838
0.402569
0.157739
0.404603
0.662
0.662
0.662
0.662
0.662
0.662
0.662
0.016764
0.662
0.24966
0.413147
0.00210776
0.366382
0.662
0.289761
0.662
0.662
0.662
0.321001
0.662
0.438864
0.230596
0.426314
0.662
0.609434
0.142865
0.662
0.335436
0.336767
0.662
0.575473
0.662
0.662
0.662
0.462305
0.242149
0.431353
0.662
0.189125
0.0896489
0.309267
0.271607
0.179911
0.0567453
0.662
0.189586
0.180782
0.203758
0.662
0.662
0.662
0.662
0.662
0.382156
0.662
0.662
0.440453
0.662
0.47101
0.357654
0.2926
0.662
0.460026
0.662
0.422365
0.662
0.662
0.662
0.0570182
0.662
0.662
0.511733
0.662
0.339159
0.662
0.324239
0.491234
0.105184
0.662
0.662
0.662
0.152487
0.662
0.662
0.221236
0.662
0.339514
0.662
0.662
0.211846
0.662
0.662
0.662
0.0171155
0.662
0.302704
0.424693
0.662
0.662
0.662
0.0796584
0.662
0.32748
0.662
0.662
0.0721088
0.228679
0.0569311
0.662
0.0964774
0.662
0.662
0.444019
0.306162
0.111145
0.662
0.662
0.299619
0.301866
0.662
0.662
0.662
0.662
0.100549
0.662
0.662
0.245263
0.662
0.395666
0.0497856
0.662
0.301429
0.14217
0.662
0.662
0.46292
0.261215
0.662
0.662
0.662
0.581475
0.268648
0.662
0.662
0.662
0.354876
0.662
0.129139
0.205401
0.662
0.212489
0.104459
0.0107773
0.662
0.662
0.662
0.455312
0.662
0.269199
0.662
0.0736273
0.513623
0.485174
0.22709
0.58853
0.279471
0.24658
0.662
0.662
0.453149
0.622766
0.222534
0.288778
0.270843
0.662
0.122914
0.282835
0.20773
0.0604481
0.662
0.0666699
0.662
0.439723
0.662
0.0913203
0.0811195
0.40474
0.266931
0.171727
0.35118
0.263331
0.0503698
0.199477
0.662
0.318274
0.0167307
0.218344
0.356527
0.662
0.422339
0.662
0.427235
0.662
0.662
0.298372
0.419318
0.662
0.662
0.247952
0.662
0.399336
0.662
0.319642
0.456018
0.662
0.443798
0.254427
0.570502
0.662
0.144331
0.662
0.662
0.662
0.287107
0.662
0.662
0.194415
0.0448099
0.662
0.00656479
0.662
0.662
0.662
0.662
0.0592983
0.662
0.662
0.474177
0.427019
0.523974
0.662
0.662
0.203138
0.399619
0.662
0.214404
0.662
0.38645
0.662
0.662
0.0516705
0.662
0.662
0.662
0.662
0.662
0.662
0.0881859
0.662
0.0148492
0.662
0.150365
0.662
0.345129
0.660453
0.331183
0.443431
0.662
0.436922
0.0663706
0.270708
0.198325
0.208257
0.247033
0.360499
0.662
0.662
0.136756
0.238289
0.662
0.662
0.0183272
0.12293
0.662
0.662
0.662
0.0831497
0.662
0.118108
0.662
0.355522
0.206584
0.662
0.112542
0.205551
0.590651
0.662
0.662
0.662
0.475706
0.200052
0.662
0.662
0.272816
0.662
0.662
0.0748201
0.662
0.662
0.353832
0.662
0.662
0.0913058
0.209024
0.418846
0.662
0.662
0.662
0.0480038
0.662
0.662
0.185039
0.662
0.662
0.478817
0.662
0.298095
0.662
0.0290575
0.413407
0.0817884
0.29264
0.662
0.34798
0.0479176
0.662
0.662
0.306253
0.662
0.662
0.662
0.662
0.497579
0.662
0.662
0.0247752
0.149584
0.662
0.235386
0.240272
0.662
0.662
0.414113
0.417804
0.252029
0.369497
0.476397
0.343334
0.662
0.465248
0.285136
0.662
0.31449
0.362464
0.175959
0.343723
0.662
0.12423
0.303577
0.234222
0.662
0.662
0.662
0.0649489
0.114654
0.662
0.662
0.00619645
0.662
0.439711
0.662
0.662
0.391283
0.140153
0.305448
0.178617
0.662
0.662
0.0473848
0.662
0.593496
0.662
0.176877
0.662
0.36064
0.662
0.18469
0.662
0.662
0.397809
0.435954
0.146359
0.46084
0.535447
0.662
0.371643
0.662
0.662
0.453911
0.662
0.174611
0.662
0.0163583
0.662
0.190557
0.246769
0.662
0.458771
0.570333
0.662
0.662
0.243849
0.662
0.662
0.422719
0.529602
0.662
0.662
0.511022
0.662
0.0193258
0.433863
0.662
0.133419
0.662
0.482667
0.327917
0.662
0.16807
0.662
0.662
0.0113624
0.662
0.662
0.196824
0.662
0.352883
0.662
0.662
0.282745
0.107022
0.131654
0.662
0.662
0.662
0.0853757
0.662
0.0340684
0.662
0.662
0.662
0.662
0.662
0.393871
0.0202693
0.359922
0.662
0.240477
0.662
0.662
0.0363171
0.485968
0.129507
0.662
0.662
0.073474
0.02616
0.138808
0.662
0.453141
0.15452
0.662
0.11395
0.662
0.662
0.180663
0.662
0.0736599
0.662
0.406656
0.662
0.0803171
0.188721
0.662
0.637079
0.182794
0.662
0.491785
0.154749
0.662
0.587364
0.0615686
0.0171321
0.207075
0.662
0.662
0.348274
0.14932
0.347738
0.662
0.553514
0.495971
0.662
0.662
0.0760254
0.251437
0.662
0.662
0.375784
0.147934
0.0585224
0.662
0.662
0.322202
0.662
0.442567
0.392999
0.662
0.662
0.0513235
0.662
0.662
0.369921
0.213487
0.662
0.662
0.421071
0.662
0.662
0.662
0.662
0.00429271
0.662
0.34809
0.662
0.662
0.662
0.416129
0.177065
0.334362
0.206516
0.662
0.662
0.662
0.662
0.662
0.147672
0.662
0.447793
0.264622
0.662
0.662
0.662
0.662
0.171845
0.662
0.213528
0.662
0.273986
0.153201
0.469837
0.662
0.662
0.662
0.337451
0.411845
0.662
0.420847
0.662
0.662
0.662
0.46602
0.127921
0.662
0.662
0.351987
0.0811301
0.435808
0.349344
0.662
0.662
0.662
0.662
0.237252
0.662
0.292826
0.662
0.444072
0.662
0.662
0.0669642
0.0154978
0.662
0.137834
0.288355
0.387509
0.662
0.662
0.0230711
0.662
0.154303
0.662
0.662
0.184098
0.662
0.662
0.662
0.417639
0.0943235
0.662
0.662
0.662
0.662
0.662
0.662
0.662
0.344695
0.662
0.662
0.104751
0.424211
0.236264
0.662
0.516359
0.662
0.00625822
0.662
0.297602
0.445011
0.441117
0.662
0.662
0.662
0.324793
0.0938699
0.0794825
0.662
0.608127
0.604987
0.662
0.662
0.662
0.662
0.241145
0.499205
0.157174
0.008025
0.662
0.327768
0.662
0.662
0.662
0.662
0.662
0.662
0.381641
0.151664
0.220698
0.331721
0.662
0.0843228
0.662
0.368163
0.662
0.662
0.662
0.662
0.662
0.662
0.662
0.182628
0.662
0.662
0.0184174
0.662
0.662
0.662
0.434692
0.369856
0.662
0.342991
0.332513
0.662
0.662
0.515981
0.662
0.662
0.370224
0.383494
0.249424
0.662
0.662
0.662
0.662
0.189511
0.142126
0.662
0.359554
0.662
0.662
0.662
0.534792
0.0434077
0.662
0.662
0.662
0.662
0.662
0.168516
0.662
0.422783
0.662
0.662
0.389399
0.0254462
0.645544
0.662
0.662
0.662
0.0266462
0.662
0.332185
0.373979
0.307166
0.513808
0.263256
0.035836
0.662
0.662
0.0876025
0.662
0.662
0.0351786
0.662
0.662
0.662
0.662
0.272876
0.368907
0.662
0.111058
0.150053
0.3544
0.349277
0.662
0.11273
0.662
0.662
0.662
0.645061
0.662
0.217674
0.662
0.396654
0.662
0.451011
0.177671
0.327553
0.106993
0.201281
0.225713
0.662
0.462834
0.662
0.662
0.662
0.316422
0.662
0.662
0.111856
0.662
0.106927
0.662
0.662
0.325501
0.373102
0.662
0.285382
0.662
0.662
0.137183
0.662
0.332054
0.662
0.190763
0.662
0.222949
0.394372
0.253969
0.0273433
0.662
0.226586
0.662
0.339954
0.303884
0.235846
0.34162
0.662
0.100626
0.189211
0.662
0.662
0.662
0.662
0.455827
0.215938
0.662
0.65676
