0.662
0.554912
0.662
0.662
0.248437
0.0558973
0.144971
0.662
0.446305
0.662
0.0874266
0.0761282
0.285144
0.247249
0.662
0.662
0.346058
0.206293
0.168179
0.0326659
0.662
0.662
0.46817
0.662
0.662
0.662
0.662
0.216828
0.662
0.456712
0.662
0.382076
0.662
0.162084
0.39362
0.432024
0.25424
0.662
0.662
0.662
0.229319
0.208092
0.418398
0.662
0.662
0.372021
0.662
0.662
0.662
0.662
0.662
0.397919
0.662
0.662
0.485241
0.165001
0.250873
0.662
0.662
0.662
0.662
0.662
0.151212
0.662
0.295119
0.258181
0.392126
0.289801
0.662
0.662
0.662
0.662
0.662
0.360069
0.662
0.15952
0.280442
0.662
0.662
0.662
0.662
0.184904
0.662
0.241065
0.662
0.662
0.278863
0.662
0.378165
0.229348
0.590084
0.662
0.251795
0.662
0.662
0.662
0.0959907
0.0406939
0.662
0.662
0.204317
0.14429
0.402022
0.403548
0.313678
0.102438
0.4743
0.0251174
0.662
0.662
0.662
0.662
0.662
0.662
0.118988
0.188916
0.662
0.336185
0.662
0.662
0.366445
0.662
0.393903
0.398432
0.662
0.466016
0.363433
0.662
0.662
0.608733
0.398346
0.662
0.2912
0.662
0.662
0.34144
0.405053
0.662
0.304019
0.662
0.662
0.662
0.336508
0.213203
0.662
0.662
0.383378
0.662
0.662
0.385661
0.662
0.0882786
0.662
0.31038
0.662
0.0882051
0.662
0.350729
0.662
0.662
0.662
0.662
0.286391
0.662
0.662
0.108254
0.662
0.102918
0.662
0.662
0.426304
0.327912
0.325869
0.0226262
0.662
0.662
0.537307
0.45052
0.334056
0.393453
0.662
0.334397
0.199341
0.407313
0.272862
0.662
0.662
0.662
0.001843
0.0569217
0.662
0.662
0.662
0.0885013
0.662
0.662
0.662
0.662
0.662
0.662
0.457614
0.662
0.662
0.0776319
0.662
0.444834
0.662
0.662
0.514242
0.662
0.316189
0.243916
0.662
0.32569
0.434642
0.662
0.483677
0.406351
0.199426
0.0532457
0.662
0.497636
0.662
0.490756
0.662
0.662
0.662
0.0640464
0.186118
0.662
0.348324
0.662
0.662
0.662
0.662
0.662
0.662
0.662
0.662
0.143221
0.474378
0.662
0.22029
0.662
0.604044
0.178929
0.447675
0.298297
0.173948
0.662
0.110106
0.53884
0.662
0.0270789
0.217369
0.662
0.516081
0.469832
0.662
0.342478
0.662
0.19553
0.409097
0.662
0.662
0.0204082
0.417993
0.662
0.662
0.662
0.166931
0.259844
0.662
0.414771
0.34925
0.0575575
0.662
0.351604
0.662
0.000684317
0.236685
0.662
0.107882
0.357393
0.662
0.382093
0.37767
0.577156
0.0254656
0.202101
0.367048
0.0479544
0.261109
0.662
0.662
0.662
0.662
0.662
0.0607769
0.15151
0.662
0.662
0.662
0.481235
0.459477
0.662
0.662
0.207729
0.662
0.310621
0.662
0.428982
0.606966
0.662
0.132273
0.662
0.0819491
0.221125
0.662
0.359168
0.662
0.662
0.496091
0.118738
0.0131016
0.662
0.662
0.105314
0.0530696
0.662
0.357134
0.268971
0.253008
0.662
0.662
0.662
0.662
0.662
0.282281
0.662
0.662
0.537826
0.084276
0.373132
0.252646
0.198938
0.141976
0.472215
0.357813
0.20704
0.662
0.390857
0.662
0.662
0.304897
0.216221
0.211273
0.662
0.00658483
0.176764
0.662
0.332568
0.662
0.662
0.191168
0.662
0.662
0.0447315
0.662
0.662
0.662
0.662
0.451885
0.313808
0.0262465
0.662
0.662
0.662
0.473077
0.0316421
0.25136
0.0572617
0.299714
0.662
0.113596
0.662
0.662
0.445465
0.11805
0.662
0.31085
0.662
0.662
0.662
0.662
0.633391
0.662
0.102297
0.0867285
0.115149
0.169829
0.353884
0.662
0.662
0.662
0.662
0.370908
0.403611
0.662
0.353515
0.662
0.662
0.662
0.662
0.31574
0.128175
0.662
0.19731
0.662
0.662
0.195172
0.181647
0.662
0.232682
0.662
0.509656
0.662
0.0413728
0.662
0.3309
0.662
0.662
0.662
0.406224
0.662
0.662
0.662
0.662
0.662
0.662
0.295685
0.662
0.282734
0.662
0.155982
0.662
0.00629969
0.662
0.468948
0.662
0.662
0.643273
0.181218
0.662
0.662
0.662
0.0987758
0.662
0.42044
0.662
0.423533
0.373821
0.269175
0.662
0.164892
0.212665
0.662
0.0620082
0.458594
0.662
0.314688
0.157816
0.112057
0.662
0.662
0.662
0.320179
0.662
0.239686
0.662
0.460761
0.0526106
0.662
0.662
0.563635
0.662
0.421357
0.662
0.662
0.568202
0.325286
0.124433
0.283238
0.178817
0.025589
0.662
0.0496236
0.0941907
0.144614
0.388571
0.306084
0.336109
0.066677
0.662
0.662
0.0337102
0.199878
0.662
0.525141
0.180413
0.662
0.242821
0.041042
0.207224
0.662
0.207337
0.290734
0.319937
0.36379
0.662
0.662
0.662
0.455398
0.662
0.662
0.662
0.358772
0.297461
0.191732
0.662
0.0281101
0.662
0.466832
0.662
0.395905
0.662
0.294564
0.662
0.219161
0.662
0.662
0.662
0.0129954
0.662
0.065317
0.662
0.662
0.662
0.662
0.0821924
0.285146
0.388385
0.662
0.157963
0.227045
0.474396
0.662
0.662
0.662
0.662
0.662
0.601424
0.662
0.11537
0.662
0.331497
0.308785
0.056122
0.662
0.130332
0.662
0.465337
0.240937
0.0772208
0.32515
0.423748
0.348141
0.301485
0.0988339
0.662
0.168217
0.662
0.662
0.662
0.44985
0.662
0.662
0.171676
0.328065
0.0210651
0.662
0.292131
0.308948
0.662
0.662
0.662
0.662
0.662
0.315952
0.662
0.662
0.126125
0.662
0.121419
0.662
0.662
0.662
0.662
0.662
0.0953534
0.241188
0.213331
0.662
0.662
0.662
0.374702
0.662
0.662
0.662
0.395291
0.211148
0.46134
0.16302
0.337564
0.619437
0.637182
0.442845
0.662
0.662
0.463426
0.662
0.662
0.431453
0.662
0.662
0.662
0.191568
0.662
0.662
0.662
0.662
0.233042
0.430606
0.662
0.662
0.465536
0.662
0.347822
0.662
0.662
0.0139936
0.050981
0.0973083
0.662
0.124003
0.662
0.662
0.417339
0.662
0.249912
