0.00523837
0.662
0.199878
0.220719
0.662
0.662
0.662
0.662
0.441554
0.662
0.265231
0.662
0.662
0.251935
0.662
0.123623
0.212452
0.662
0.558198
0.662
0.144971
0.662
0.662
0.470163
0.297928
0.311977
0.662
0.662
0.125921
0.662
0.239033
0.662
0.662
0.360847
0.662
0.662
0.0452018
0.376856
0.129308
0.243554
0.126713
0.379437
0.377875
0.318957
0.662
0.122554
0.662
0.662
0.619437
0.184041
0.0916353
0.662
0.368627
0.662
0.662
0.662
0.662
0.662
0.662
0.483851
0.248544
0.235036
0.662
0.662
0.334964
0.662
0.456712
0.662
0.662
0.576296
0.662
0.662
0.662
0.662
0.44028
0.662
0.141639
0.662
0.662
0.662
0.662
0.662
0.662
0.662
0.662
0.662
0.662
0.45622
0.662
0.318041
0.290866
0.219161
0.248413
0.662
0.107424
0.272441
0.294564
0.662
0.662
0.662
0.164271
0.662
0.398244
0.0595723
0.470389
0.662
0.662
0.0766004
0.662
0.662
0.662
0.0615353
0.342213
0.662
0.662
0.030031
0.352441
0.662
0.323752
0.662
0.662
0.0905404
0.662
0.338947
0.150249
0.515221
0.662
0.412711
0.442785
0.0559842
0.662
0.662
0.662
0.662
0.283517
0.662
0.662
0.219269
0.662
0.662
0.662
0.662
0.662
0.483152
0.0192168
0.662
0.449883
0.662
0.662
0.293414
0.662
0.238907
0.164
0.662
0.662
0.662
0.662
0.662
0.662
0.662
0.0718855
0.0558973
0.0952156
0.065317
0.0426696
0.261797
0.629706
0.0325853
0.662
0.444435
0.0255136
0.0251174
0.662
0.466016
0.662
0.662
0.662
0.662
0.0640831
0.189445
0.662
0.662
0.346058
0.227392
0.662
0.463771
0.662
0.291678
0.295685
0.238467
0.662
0.025589
0.103405
0.662
0.662
0.260654
0.414234
0.408857
0.0210651
0.146973
0.662
0.662
0.662
0.178653
0.662
0.41852
0.662
0.592261
0.411127
0.662
0.283854
0.662
0.662
0.142651
0.215406
0.0363658
0.662
0.662
0.408334
0.662
0.2424
0.488774
0.662
0.662
0.195647
0.401313
0.0763505
0.662
0.662
0.387578
0.662
0.662
0.662
0.23762
0.399141
0.662
0.185096
0.662
0.347511
0.255694
0.662
0.165915
0.662
0.417475
0.314893
0.662
0.662
0.662
0.259844
0.662
0.662
0.329702
0.268264
0.662
0.176946
0.662
0.662
0.662
0.33265
0.0450041
0.617587
0.662
0.662
0.239356
0.662
0.662
0.439248
0.190202
0.662
0.662
0.270074
0.662
0.443015
0.662
0.662
0.0188224
0.662
0.429082
0.190764
0.173877
0.357429
0.662
0.45052
0.662
0.662
0.492483
0.662
0.662
0.183554
0.462409
0.0953534
0.662
0.447365
0.662
0.662
0.482911
0.63927
0.662
0.662
0.662
0.534802
0.284157
0.231211
0.662
0.165185
0.0317572
0.662
0.662
0.662
0.662
0.369939
0.26574
0.662
0.662
0.662
0.662
0.0841074
0.662
0.35929
0.41998
0.179506
0.347822
0.662
0.499762
0.176089
0.662
0.662
0.662
0.223336
0.662
0.290609
0.662
0.213371
0.662
0.444863
0.506853
0.662
0.662
0.662
0.662
0.325869
0.662
0.662
0.662
0.662
0.662
0.662
0.128175
0.662
0.662
0.15364
0.662
0.284592
0.662
0.662
0.0498784
0.662
0.219187
0.275689
0.662
0.662
0.662
0.22756
0.662
0.63863
0.662
0.662
0.408531
0.662
0.241023
0.662
0.662
0.662
0.662
0.26699
0.309864
0.0750039
0.434901
0.414266
0.316189
0.360069
0.662
0.662
0.264911
0.180002
0.39628
0.364609
0.662
0.0272206
0.662
0.662
0.215181
0.662
0.662
0.586649
0.0159273
0.662
0.662
0.662
0.393946
0.459382
0.406789
0.662
0.171448
0.662
0.11024
0.169599
0.662
0.165957
0.429171
0.187262
0.662
0.428962
0.460388
0.0869079
0.431109
0.237119
0.265839
0.389357
0.25402
0.202154
0.0329397
0.0769719
0.481245
0.662
0.31267
0.662
0.662
0.662
0.662
0.662
0.326904
0.662
0.662
0.662
0.662
0.102438
0.662
0.0532457
0.321049
0.662
0.662
0.662
0.209079
0.1681
0.662
0.576285
0.662
0.224222
0.142641
0.125746
0.493947
0.259731
0.662
0.662
0.662
0.662
0.399672
0.328024
0.662
0.564045
0.417214
0.23473
0.662
0.287525
0.662
0.294503
0.662
0.662
0.400891
0.662
0.114631
0.662
0.217717
0.320179
0.248437
0.662
0.662
0.662
0.662
0.198938
0.476644
0.507955
0.662
0.662
0.662
0.662
0.662
0.662
0.068731
0.662
0.662
0.281965
0.163282
0.662
0.0307061
0.307354
0.261386
0.1977
0.272322
0.662
0.460787
0.0271618
0.22741
0.662
0.171676
0.16302
0.662
0.662
0.183663
0.307806
0.158156
0.606966
0.284285
0.419686
0.662
0.261803
0.014596
0.391589
0.300602
0.662
0.269405
0.145058
0.662
0.0519748
0.662
0.662
0.33581
0.199341
0.210287
0.662
0.662
0.662
0.365944
0.244717
0.662
0.662
0.590658
0.662
0.308489
0.662
0.662
0.137733
0.0265106
0.274926
0.662
0.662
0.662
0.598909
0.40004
0.662
0.662
0.223511
0.45229
0.662
0.662
0.132239
0.662
0.662
0.0859095
0.662
0.275812
0.32753
0.329676
0.662
0.158964
0.189221
0.313608
0.662
0.238276
0.662
0.389382
0.662
0.662
0.662
0.662
0.662
0.23189
0.662
0.36553
0.662
0.662
0.282616
0.300799
0.454937
0.355909
0.397248
0.662
0.435554
0.000626911
0.258181
0.662
0.662
0.075177
0.196161
0.662
0.241518
0.662
0.413989
0.134878
0.308948
0.662
0.112948
0.662
0.342111
0.662
0.262555
0.662
0.662
0.662
0.662
0.0433918
0.0543656
0.662
0.662
0.260474
0.0490252
0.243916
0.211674
0.662
0.454862
0.662
0.662
0.050981
0.662
0.662
0.22366
0.662
0.662
0.662
0.457614
0.189614
0.662
0.662
0.384174
0.662
0.112057
0.662
0.103047
0.662
0.662
0.0512997
0.662
0.662
0.662
0.662
0.00629969
0.101869
0.662
0.662
0.0936847
0.451056
0.662
0.662
0.662
0.357494
0.112822
0.662
0.662
0.662
0.238601
0.662
0.222025
0.662
0.322957
0.195861
0.662
0.662
0.185243
0.662
0.662
0.662
0.398432
0.45406
0.662
0.662
0.662
0.662
0.662
0.352358
0.172196
0.448876
0.662
0.662
0.405864
0.662
0.662
0.662
0.335871
0.662
0.662
0.115709
0.662
0.662
0.337258
0.388586
0.0800168
0.405937
0.662
0.0761536
0.221125
0.461816
0.355445
0.662
0.662
0.662
0.662
0.11355
0.0856587
0.158477
0.109845
0.0765815
0.0847229
0.662
0.122569
0.0329965
0.662
0.662
0.465781
0.244213
0.138441
0.662
0.662
0.662
0.158048
0.662
0.662
0.662
0.662
0.25978
0.662
0.662
0.256477
0.118274
0.374764
0.326533
0.662
0.662
0.0910304
0.463429
0.662
0.662
0.304928
0.453489
0.475585
0.051119
0.662
0.126656
0.1582
0.601211
0.20704
0.662
0.662
0.662
0.662
0.338486
0.320258
0.662
0.662
0.516081
0.459477
0.662
0.136996
0.662
0.662
