0.448172
0.662
0.14567
0.192713
0.116905
0.662
0.662
0.23129
0.377277
0.662
0.662
0.430976
0.662
0.662
0.662
0.13727
0.000918355
0.350056
0.207244
0.662
0.662
0.662
0.662
0.0864729
0.662
0.037144
0.662
0.32382
0.452192
0.662
0.662
0.662
0.662
0.662
0.662
0.662
0.271022
0.464707
0.662
0.0259918
0.266804
0.662
0.662
0.662
0.662
0.0982329
0.662
0.21677
0.359473
0.662
0.482432
0.662
0.365383
0.00826124
0.392285
0.453954
0.662
0.662
0.19409
0.436556
0.662
0.031555
0.0159258
0.662
0.662
0.662
0.424555
0.0432903
0.662
0.0188265
0.662
0.036385
0.662
0.187856
0.384261
0.191863
0.258937
0.662
0.27586
0.188801
0.090235
0.662
0.429122
0.4352
0.473333
0.662
0.662
0.296447
0.0592017
0.168428
0.662
0.662
0.314532
0.662
0.180067
0.237542
0.0881904
0.391723
0.662
0.662
0.270145
0.662
0.662
0.662
0.662
0.662
0.662
0.330293
0.662
0.662
0.171661
0.662
0.433283
0.662
0.243337
0.273518
0.662
0.493649
0.0622728
0.662
0.282268
0.0424237
0.662
0.662
0.329836
0.126309
0.289415
0.662
0.480811
0.662
0.662
0.662
0.408574
0.048279
0.12012
0.205542
0.662
0.662
0.662
0.0546509
0.388056
0.507818
0.662
0.662
0.523566
0.662
0.662
0.446732
0.662
0.646127
0.480636
0.662
0.0112042
0.662
0.662
0.238412
0.476629
0.662
0.662
0.662
0.450331
0.662
0.306948
0.662
0.132468
0.662
0.153379
0.392409
0.231315
0.0538451
0.252315
0.297749
0.198862
0.662
0.217704
0.225814
0.44296
0.361851
0.662
0.0983859
0.341821
0.0363137
0.662
0.402269
0.150643
0.0266439
0.662
0.431221
0.662
0.662
0.325262
0.160164
0.438752
0.662
0.662
0.183632
0.116391
0.662
0.4386
0.273978
0.662
0.274367
0.662
0.0956146
0.289824
0.205743
0.662
0.375078
0.424572
0.475138
0.34603
0.237857
0.662
0.662
0.662
0.0019349
0.0445837
0.662
0.441212
0.662
0.662
0.662
0.0773622
0.662
0.662
0.339643
0.308967
0.116505
0.662
0.123845
0.662
0.561091
0.32301
0.205245
0.245128
0.10397
0.662
0.662
0.662
0.465489
0.662
0.0469118
0.247551
0.408077
0.247935
0.662
0.361079
0.0213673
0.662
0.375392
0.662
0.316766
0.346931
0.662
0.662
0.432532
0.662
0.662
0.0401326
0.268073
0.662
0.22785
0.662
0.662
0.662
0.662
0.164095
0.165216
0.662
0.662
0.662
0.364388
0.29956
0.662
0.662
0.662
0.0851334
0.662
0.234458
0.662
0.400016
0.662
0.0459713
0.0561103
0.662
0.202907
0.662
0.662
0.662
0.113519
0.461923
0.662
0.662
0.274216
0.662
0.301513
0.114443
0.662
0.169352
0.662
0.662
0.662
0.157265
0.327036
0.025479
0.662
0.662
0.662
0.426466
0.662
0.180952
0.662
0.601572
0.254846
0.500961
0.404238
0.662
0.178793
0.0763248
0.457441
0.662
0.185174
0.662
0.454524
0.662
0.367292
0.436625
0.190591
0.662
0.662
0.662
0.662
0.662
0.455909
0.662
0.3566
0.203878
0.228876
0.662
0.40547
0.662
0.371074
0.466349
0.261477
0.42544
0.662
0.662
0.505958
0.662
0.28946
0.662
0.662
0.662
0.662
0.662
0.255518
0.367993
0.201971
0.662
0.52874
0.662
0.0147495
0.0438274
0.662
0.662
0.291526
0.254304
0.662
0.662
0.31392
0.552267
0.662
0.662
0.662
0.662
0.307675
0.406671
0.662
0.662
0.662
0.662
0.662
0.441773
0.662
0.214196
0.662
0.0720875
0.662
0.0969151
0.662
0.491842
0.312209
0.662
0.443338
0.662
0.662
0.662
0.0120878
0.662
0.662
0.662
0.662
0.00868912
0.662
0.553104
0.662
0.427378
0.148515
0.112912
0.662
0.464327
0.0566494
0.662
0.349814
0.662
0.263941
0.117815
0.488244
0.039572
0.409236
0.662
0.376058
0.231267
0.10865
0.662
0.662
0.662
0.662
0.662
0.662
0.662
0.662
0.662
0.662
0.340195
0.471912
0.662
0.662
0.12765
0.581438
0.180864
0.662
0.662
0.662
0.662
0.662
0.459365
0.527604
0.662
0.308536
0.662
0.278689
0.190176
0.662
0.333363
0.662
0.662
0.0458703
0.30561
0.432596
0.0135172
0.0359999
0.0941487
0.662
0.662
0.662
0.662
0.662
0.662
0.662
0.662
0.297303
0.662
0.416645
0.662
0.0960941
0.662
0.0721915
0.662
0.662
0.247372
0.314692
0.516572
0.291795
0.662
0.307912
0.662
0.0344213
0.662
0.387542
0.662
0.0907854
0.497909
0.279982
0.662
0.662
0.0289036
0.173941
0.113156
0.662
0.403679
0.397143
0.662
0.662
0.330496
0.00953671
0.650939
0.662
0.0919285
0.662
0.662
0.294467
0.389939
0.0564751
0.662
0.476386
0.356556
0.662
0.662
0.662
0.475267
0.662
0.327238
0.662
0.662
0.171051
0.662
0.218965
0.0537291
0.150823
0.461763
0.12375
0.662
0.281883
0.0366319
0.662
0.662
0.662
0.662
0.590775
0.662
0.166177
0.48941
0.662
0.297634
0.235534
0.662
0.662
0.662
0.662
0.662
0.172953
0.468656
0.662
0.56111
0.475251
0.268409
0.662
0.662
0.662
0.662
0.662
0.662
0.41567
0.027894
0.158643
0.252999
0.662
0.662
0.662
0.662
0.34273
0.475849
0.662
0.0923254
0.524119
0.662
0.662
0.297995
0.541498
0.200172
0.662
0.662
0.662
0.662
0.406574
0.415654
0.662
0.120591
0.662
0.155895
0.495303
0.662
0.662
0.662
0.662
0.631962
0.662
0.244573
0.228345
0.662
0.040435
0.662
0.662
0.222897
0.662
0.662
0.196503
0.662
0.0469385
0.484512
0.662
0.662
0.28676
0.466569
0.662
0.662
0.662
0.662
0.662
0.662
0.662
0.662
0.111981
0.662
0.337541
0.662
0.662
0.189225
0.662
0.346021
0.155408
0.445281
0.662
0.662
0.411963
0.197488
0.662
0.662
0.30697
0.662
0.662
0.662
0.0502464
0.500427
0.46533
0.502053
0.635319
0.607916
0.290246
0.662
0.255255
0.15158
0.662
0.526395
0.433939
0.436189
0.662
0.662
0.086183
0.662
0.565721
0.0943162
0.344046
0.291448
0.662
0.662
0.662
0.22545
0.550807
0.28996
0.512146
0.662
0.662
0.662
0.662
0.151135
0.662
0.662
0.310075
0.662
0.105177
0.662
0.169837
0.662
0.197024
0.662
0.459914
0.662
0.530909
0.352098
0.31504
0.194321
0.359875
0.183472
0.140045
0.662
0.460636
0.662
0.662
0.662
0.364853
0.662
0.662
0.277631
0.662
0.153933
0.0690221
0.662
0.210088
0.662
0.662
0.662
0.662
0.387383
0.119144
0.175729
0.662
0.4729
0.662
0.662
0.266367
0.662
0.205967
0.662
0.0124877
0.662
0.662
0.662
0.277142
0.662
0.139925
0.662
0.313004
0.662
0.424879
0.0802164
0.662
0.0730192
0.0313608
0.392574
0.662
0.228005
0.662
0.662
0.662
0.662
0.662
0.473111
0.662
0.662
0.160103
0.0155301
0.662
0.357402
0.662
0.662
0.628464
0.662
0.416881
0.662
0.333203
0.662
0.662
0.662
0.662
0.662
0.108673
0.662
0.662
0.317996
0.662
0.482167
0.448713
0.662
0.129125
0.644766
0.267571
0.0905378
0.662
0.662
0.662
0.662
0.43436
0.662
0.662
0.662
0.662
0.662
0.662
0.662
0.327731
0.273268
0.209354
0.502693
0.134481
0.662
0.465439
0.662
0.139218
0.662
0.402422
0.662
0.662
0.662
0.662
0.126608
0.156158
0.662
0.4909
0.662
0.408994
0.474845
0.529657
0.662
0.17971
0.662
0.662
0.267718
0.165285
0.662
0.204163
0.662
0.662
0.269059
0.662
0.662
0.349171
0.662
0.187833
0.662
0.662
0.662
0.662
0.14652
0.288584
0.662
0.300119
0.662
0.653127
0.662
0.662
0.662
0.662
0.349922
0.662
0.130757
0.20629
0.662
0.124614
0.662
0.662
0.662
0.662
0.645954
0.205123
0.662
0.297799
0.662
0.662
0.371446
0.662
0.662
0.662
0.278278
0.0402951
0.662
0.0748126
0.268636
0.662
0.662
0.662
0.662
0.662
0.16112
0.311137
0.662
0.220646
0.662
0.662
0.662
0.418109
0.662
0.662
0.188532
0.36007
0.110034
0.662
0.662
0.662
0.662
0.21398
0.662
0.662
0.604384
0.0224608
0.327604
0.662
0.662
0.662
0.662
0.662
0.662
0.580418
0.662
0.662
0.306877
0.662
0.662
0.211298
0.126123
0.167806
0.662
0.662
0.662
0.53681
0.467197
0.662
0.662
0.346975
0.662
0.00881456
0.45366
0.662
0.662
0.291801
0.662
0.439287
0.143335
0.662
0.451738
0.404978
0.113644
0.662
0.339083
0.314928
0.201578
0.331331
0.115666
0.662
0.287212
0.662
0.157695
0.662
0.0304155
0.662
0.662
0.662
0.662
0.350387
0.219246
0.662
0.121983
0.458706
0.662
0.470665
0.275684
0.416938
0.328831
0.32027
0.193386
0.662
0.662
0.248383
0.662
0.662
0.502156
0.467946
0.191543
0.253009
0.443494
0.662
0.30015
0.129184
0.662
0.662
0.662
0.662
0.662
0.662
0.111966
0.662
0.461282
0.662
0.405202
0.37546
0.46788
0.662
0.662
0.138182
0.269791
0.662
0.323705
0.662
0.150091
0.662
0.333222
0.662
0.428061
0.246343
0.662
0.662
0.0140518
0.662
0.662
0.662
0.662
0.662
0.662
0.662
0.662
0.110871
0.294329
0.550127
0.662
0.373727
0.343903
0.297322
0.662
0.662
0.662
0.662
0.1918
0.399316
0.662
0.337415
0.662
0.662
0.326879
0.662
0.472293
0.00564608
0.662
0.662
0.00211314
0.0275649
0.662
0.662
0.312565
0.163653
0.662
0.662
0.662
0.31705
0.662
0.54228
0.296411
0.504297
0.477161
0.114544
0.00655139
0.278988
0.0955129
0.0140794
0.312878
0.412206
0.357559
0.191343
0.0720509
0.662
0.0449984
0.662
0.662
0.662
0.335951
0.0703112
0.225036
0.306168
0.174265
0.662
0.662
0.25226
0.317121
0.662
0.48474
0.418217
0.0274515
0.420713
0.662
