0.662
0.201134
0.0987758
0.662
0.662
0.662
0.662
0.662
0.662
0.662
0.065317
0.332568
0.0270789
0.662
0.492452
0.32569
0.662
0.662
0.4743
0.662
0.241065
0.207337
0.351398
0.662
0.346058
0.662
0.216828
0.397354
0.662
0.662
0.662
0.662
0.314688
0.662
0.662
0.662
0.110106
0.662
0.662
0.662
0.662
0.405053
0.239686
0.662
0.662
0.216221
0.194281
0.662
0.662
0.151212
0.001843
0.662
0.31574
0.213331
0.662
0.662
0.360069
0.243916
0.201079
0.0860765
0.575935
0.662
0.0101883
0.662
0.336185
0.129657
0.662
0.0448786
0.298529
0.662
0.662
0.466832
0.662
0.662
0.662
0.662
0.662
0.132371
0.643273
0.483677
0.662
0.662
0.418398
0.662
0.662
0.207224
0.370908
0.662
0.662
0.395291
0.662
0.662
0.398432
0.662
0.304897
0.121419
0.327912
0.115149
0.2912
0.398346
0.105314
0.353515
0.662
0.662
0.236685
0.359168
0.190764
0.0262465
0.662
0.171698
0.662
0.662
0.295119
0.662
0.662
0.214871
0.144614
0.662
0.662
0.0226262
0.662
0.662
0.662
0.662
0.143221
0.229462
0.373821
0.0871822
0.662
0.662
0.662
0.619437
0.0661966
0.394488
0.662
0.496623
0.446305
0.45052
0.157816
0.662
0.662
0.662
0.26533
0.662
0.247817
0.468948
0.280442
0.24662
0.181647
0.204317
0.662
0.056122
0.662
0.662
0.662
0.662
0.662
0.0733261
0.662
0.227045
0.662
0.662
0.00203434
0.322164
0.662
0.283238
0.662
0.662
0.041042
0.662
0.0406939
0.662
0.596448
0.662
0.662
0.297197
0.662
0.348141
0.396614
0.463426
0.662
0.662
0.662
0.1745
0.662
0.304019
0.393903
0.0997191
0.44985
0.498873
0.662
0.15151
0.662
0.662
0.662
0.285144
0.662
0.662
0.662
0.273894
0.662
0.465337
0.662
0.397919
0.662
0.242821
0.232682
0.217369
0.662
0.402022
0.662
0.268971
0.218702
0.0610487
0.662
0.662
0.249382
0.124003
0.386051
0.662
0.662
0.662
0.19553
0.406224
0.662
0.0575575
0.662
0.662
0.251795
0.212991
0.662
0.0689396
0.662
0.0129954
0.662
0.15952
0.286391
0.662
0.662
0.662
0.662
0.662
0.662
0.0479544
0.662
0.662
0.662
0.230085
0.662
0.662
0.0450041
0.481235
0.112057
0.662
0.662
0.662
0.662
0.0607769
0.382093
0.662
0.347822
0.662
0.251999
0.662
0.662
0.428982
0.662
0.430606
0.241188
0.496091
0.374702
0.662
0.662
0.662
0.382076
0.662
0.32515
0.601424
0.395905
0.662
0.662
0.458594
0.662
0.36379
0.392126
0.662
0.662
0.662
0.385661
0.132273
0.662
0.357813
0.0200898
0.662
0.0281101
0.221125
0.411413
0.025589
0.662
0.662
0.490756
0.662
0.443606
0.191732
0.662
0.181218
0.214759
0.37767
0.662
0.310621
0.662
0.0988339
0.662
0.34144
0.208092
0.662
0.662
0.662
0.0819491
0.662
0.662
0.662
0.417993
0.0254656
0.662
0.662
0.662
0.662
0.662
0.662
0.191168
0.0316421
0.662
0.662
0.662
0.645684
0.206293
0.662
0.662
0.662
0.662
0.662
0.662
0.0620082
0.662
0.662
0.662
0.662
0.409097
0.447675
0.662
0.662
0.662
0.662
0.662
0.662
0.662
0.662
0.367048
0.481102
0.662
0.662
0.252646
0.297461
0.155982
0.118988
0.606966
0.444834
0.16302
0.457614
0.662
0.662
0.662
0.141976
0.20704
0.662
0.662
0.662
0.0404466
0.662
0.662
0.662
0.662
0.366445
0.662
0.662
0.662
0.474396
0.662
0.414771
0.662
0.662
0.204894
0.662
0.388385
0.662
0.11629
0.050981
0.662
0.0882786
0.662
0.662
0.662
0.662
0.662
0.0532457
0.662
0.662
0.662
0.662
0.423748
0.219161
0.367301
0.662
0.247205
0.0882051
0.251547
0.356274
0.285146
0.662
0.166931
0.662
0.426304
0.662
0.390857
0.46134
0.662
0.331497
0.334397
0.421357
0.662
0.662
0.662
0.0210651
0.662
0.282734
0.662
0.662
0.0761282
0.662
0.282281
0.473077
0.568202
0.662
0.662
0.662
0.2521
0.0885013
0.662
0.662
0.380239
0.258181
0.662
0.662
0.662
0.662
0.144971
0.590084
0.0337102
0.456712
0.662
0.662
0.102438
0.165001
0.662
0.316189
0.662
0.451885
0.193561
0.662
0.269175
0.563635
0.289801
0.25424
0.378165
0.662
0.3309
0.278234
0.336508
0.00629969
0.662
0.22029
0.662
0.164892
0.144715
0.662
0.325869
0.662
0.662
0.662
0.662
0.662
0.662
0.662
0.662
0.662
0.662
0.662
0.180413
0.0772208
0.662
0.53884
0.662
0.303911
0.0821924
0.066677
0.662
0.11805
0.662
0.662
0.336109
0.211148
0.459477
0.662
0.0973083
0.25136
0.351604
0.403548
0.486505
0.662
0.662
0.662
0.662
0.393453
0.202101
0.662
0.662
0.366258
0.194989
0.348324
0.118738
0.662
0.662
0.437275
0.662
0.337564
0.662
0.662
0.466016
0.113596
0.469832
0.455398
0.130332
0.0640464
0.144232
0.662
0.662
0.233042
0.432024
0.295685
0.662
0.662
0.357134
0.662
0.199341
0.662
0.662
0.211273
0.195172
0.662
0.178047
0.662
0.662
0.320179
0.662
0.294564
0.32727
0.662
0.0776319
0.298297
0.662
0.102918
0.662
0.350729
0.198938
0.373132
0.39362
0.406351
0.662
0.662
0.662
0.662
0.0251174
0.662
0.425085
0.246553
0.176066
0.258522
0.662
0.662
0.662
0.662
0.0941907
0.308785
0.662
0.662
0.662
0.662
0.212665
0.168179
0.662
0.662
0.176764
0.277944
0.178929
0.167768
0.662
0.662
0.662
0.486976
0.31038
0.662
0.315952
0.238653
0.604044
0.359196
0.01575
0.0959907
0.662
0.662
0.662
0.442845
0.188916
0.662
0.360911
0.662
0.662
0.662
0.662
0.662
0.222073
0.662
0.662
0.662
0.662
0.000684317
0.0867285
0.662
0.662
0.0256385
0.662
0.0496236
0.240079
0.199426
0.485241
0.108254
0.662
0.382847
0.662
0.662
0.662
0.662
0.423533
0.272862
0.662
0.250873
0.0447315
0.0572617
0.197578
0.662
