0.662
0.442879
0.662
0.505301
0.49078
0.662
0.0986014
0.662
0.662
0.0210124
0.426095
0.0140483
0.662
0.264753
0.662
0.662
0.662
0.342715
0.256491
0.662
0.662
0.309787
0.662
0.208572
0.662
0.662
0.662
0.272178
0.112471
0.473453
0.338929
0.09952
0.661598
0.662
0.662
0.662
0.662
0.662
0.271552
0.662
0.237941
0.179341
0.633693
0.260649
0.662
0.662
0.214089
0.662
0.0032884
0.662
0.662
0.0818117
0.662
0.308743
0.662
0.662
0.0599375
0.00830797
0.337731
0.0852001
0.662
0.301379
0.662
0.433745
0.662
0.0860234
0.662
0.384742
0.0773597
0.433358
0.662
0.662
0.662
0.123055
0.405253
0.209332
0.322854
0.662
0.49062
0.524835
0.411975
0.50289
0.315645
0.256465
0.662
0.116469
0.662
0.430484
0.30647
0.326822
0.662
0.402892
0.662
0.0697437
0.662
0.662
0.364186
0.662
0.0711651
0.210288
0.236214
0.662
0.44372
0.318045
0.662
0.662
0.0324759
0.662
0.0604169
0.633694
0.662
0.184186
0.662
0.662
0.00368612
0.662
0.223874
0.138649
0.246515
0.355825
0.42384
0.463651
0.256774
0.251344
0.662
0.579391
0.531409
0.662
0.662
0.662
0.662
0.219657
0.0575939
0.338998
0.00529706
0.396013
0.662
0.1244
0.086472
0.662
0.202167
0.378823
0.662
0.0601142
0.0238542
0.12348
0.662
0.290045
0.575509
0.662
0.379309
0.662
0.186954
0.662
0.662
0.306832
0.239286
0.138441
0.385353
0.0974378
0.277117
0.662
0.662
0.662
0.187372
0.254793
0.379589
0.368856
0.662
0.662
0.43018
0.228463
0.662
0.662
0.0143701
0.505288
0.197979
0.662
0.322835
0.0400118
0.440316
0.224461
0.442146
0.662
0.334606
0.0821287
0.289644
0.276166
0.662
0.662
0.662
0.369448
0.347161
0.386475
0.398171
0.422943
0.592833
0.519619
0.662
0.179088
0.355779
0.662
0.228291
0.662
0.662
0.662
0.459441
0.263037
0.411198
0.662
0.37707
0.662
0.662
0.662
0.171186
0.477466
0.0564632
0.662
0.662
0.422782
0.662
0.15869
0.556684
0.662
0.274908
0.662
0.662
0.662
0.662
0.45178
0.662
0.256136
0.120021
0.262807
0.502639
0.662
0.0513527
0.0821901
0.662
0.392739
0.662
0.662
0.0654982
0.0678337
0.662
0.320116
0.662
0.424279
0.000259469
0.420631
0.662
0.662
0.662
0.0281524
0.238729
0.138237
0.457054
0.254927
0.227838
0.662
0.662
0.0906283
0.662
0.0166634
0.662
0.235145
0.662
0.662
0.662
0.662
0.662
0.437993
0.33305
0.215009
0.113915
0.551706
0.21032
0.140502
0.662
0.354151
0.538264
0.662
0.662
0.662
0.154719
0.423595
0.662
0.0669189
0.247636
0.368659
0.0821852
0.662
0.1878
0.12748
0.446099
0.662
0.662
0.0769719
0.662
0.123162
0.376215
0.662
0.662
0.662
0.426343
0.662
0.253846
0.369946
0.346074
0.662
0.662
0.302194
0.662
0.499453
0.465324
0.662
0.447192
0.504085
0.0102783
0.662
0.662
0.130802
0.662
0.183588
0.662
0.283521
0.662
0.662
0.662
0.178587
0.662
0.662
0.662
0.662
0.183254
0.662
0.662
0.662
0.662
0.129686
0.662
0.662
0.662
0.434537
0.460816
0.662
0.259545
0.662
0.662
0.662
0.131989
0.662
0.662
0.662
0.339014
0.662
0.268664
0.662
0.662
0.378718
0.662
0.662
0.662
0.662
0.103552
0.358051
0.662
0.662
0.662
0.662
0.662
0.662
0.662
0.662
0.290522
0.662
0.311211
0.0691519
0.0882578
0.455414
0.662
0.00533943
0.662
0.291166
0.2571
0.00179065
0.662
0.662
0.662
0.662
0.662
0.662
0.662
0.662
0.0805559
0.662
0.0154113
0.662
0.32803
0.662
0.360904
0.662
0.662
0.051427
0.662
0.662
0.312879
0.197602
0.127341
0.662
0.250365
0.662
0.209098
0.217257
0.662
0.410338
0.662
0.487996
0.662
0.662
0.20415
0.662
0.161721
0.662
0.662
0.0594323
0.662
0.215942
0.560433
0.017763
0.662
0.00132433
0.662
0.662
0.662
0.662
0.662
0.218486
0.339816
0.662
0.662
0.662
0.662
0.269355
0.662
0.662
0.366367
0.255255
0.141702
0.452459
0.662
0.449725
0.662
0.662
0.00409691
0.662
0.662
0.449253
0.662
0.125585
0.662
0.107721
0.0507643
0.662
0.152026
0.418227
0.21797
0.62897
0.662
0.129858
0.299257
0.662
0.476387
0.662
0.662
0.177984
0.662
0.571666
0.662
0.615332
0.316703
0.662
0.662
0.662
0.0613344
0.0363658
0.662
0.662
0.0844934
0.662
0.662
0.662
0.662
0.662
0.662
0.662
0.431839
0.662
0.311707
0.662
0.662
0.662
0.662
0.214217
0.662
0.662
0.662
0.662
0.662
0.33534
0.662
0.662
0.662
0.662
0.476275
0.662
0.509353
0.311241
0.173347
0.452843
0.662
0.194685
0.476646
0.662
0.141709
0.662
0.662
0.662
0.662
0.662
0.662
0.662
0.0227301
0.364933
0.0880949
0.395068
0.662
0.408931
0.0978274
0.662
0.089804
0.268233
0.0686221
0.292459
0.662
0.662
0.453959
0.662
0.662
0.134248
0.662
0.662
0.662
0.662
0.229896
0.662
0.546678
0.263557
0.168139
0.662
0.270666
0.662
0.000491129
0.662
0.662
0.662
0.43799
0.662
0.468146
0.662
0.443775
0.662
0.214442
0.0683195
0.0122966
0.419013
0.662
0.143018
0.662
0.662
0.469651
0.596447
0.662
0.36297
0.662
0.0603251
0.125291
0.662
0.397998
0.662
0.620594
0.662
0.223641
0.662
0.662
0.516172
0.662
0.662
0.0666959
0.662
0.0603581
0.0567374
0.662
0.384785
0.49867
0.662
0.662
0.662
0.662
0.22457
0.662
0.130793
0.35888
0.662
0.662
0.354641
0.0476729
0.662
0.263512
0.309857
0.554851
0.0640281
0.283555
0.662
0.332618
0.467716
0.419297
0.662
0.255781
0.662
0.0711567
0.662
0.590672
0.662
0.204532
0.662
0.662
0.311804
0.0104661
0.662
0.292802
0.662
0.17937
0.662
0.127181
0.196626
0.662
0.440587
0.236887
0.662
0.662
0.662
0.662
0.206512
0.311064
0.0945269
0.662
0.662
0.662
0.662
0.662
0.0693266
0.00523837
0.47202
0.662
0.42983
0.0192922
0.662
0.0546462
0.662
0.0123661
0.55607
0.662
0.471081
0.662
0.0635952
0.166908
0.662
0.379516
0.16042
0.201656
0.662
0.662
0.662
0.662
0.521404
0.662
0.662
0.153889
0.662
0.662
0.356626
0.662
0.662
0.662
0.320159
0.662
0.662
0.430594
0.662
0.318344
0.0118057
0.0752855
0.662
0.662
0.292985
0.293197
0.219513
0.465823
0.662
0.0905894
0.281302
0.54079
0.0231466
0.00257855
0.662
0.426674
0.662
0.207151
0.27081
0.662
0.405571
0.283517
0.15932
0.438208
0.62523
0.476676
0.662
0.662
0.154933
0.324959
0.662
0.662
0.662
0.316017
0.327071
0.448278
0.100776
0.662
0.662
0.0150359
0.17598
0.662
0.662
0.662
0.203221
0.463436
0.20614
0.213964
0.474737
0.136004
0.662
0.662
0.140874
0.403678
0.397752
0.602919
0.662
0.662
0.405446
0.342294
0.662
0.662
0.0973302
0.129924
0.662
0.662
0.217052
0.388459
0.377565
0.385554
0.411451
0.359327
0.128751
0.662
0.303771
0.662
0.372573
0.500673
0.662
0.137091
0.18974
0.662
0.662
0.332842
0.662
0.662
0.662
0.385779
0.662
0.662
0.303762
0.662
0.16567
0.662
0.188814
0.662
0.0979955
0.206758
0.662
0.662
0.662
0.280941
0.662
0.662
0.145706
0.169352
0.662
0.662
0.662
0.662
0.210024
0.401962
0.662
0.045634
0.36583
0.43409
0.227464
0.662
0.453803
0.265938
0.662
0.662
0.219517
0.662
0.662
0.662
0.662
0.662
0.39609
0.662
0.0702331
0.662
0.662
0.662
0.662
0.662
0.447441
0.662
0.662
0.662
0.662
0.662
0.662
0.334098
0.447842
0.662
0.662
0.662
0.662
0.18529
0.662
0.662
0.245858
0.61568
0.662
0.171017
0.662
0.393595
0.427998
0.260851
0.662
0.173147
0.662
0.662
0.0261713
0.321131
0.35929
0.662
0.453479
0.184303
0.240762
0.122554
0.39861
0.662
0.459895
0.662
0.662
0.376494
0.280815
0.199153
0.662
0.662
0.0823766
0.234384
0.662
0.440859
0.303935
0.662
0.162577
0.231419
0.662
0.662
0.662
0.321205
0.662
0.662
0.662
0.383921
0.629706
0.00812079
0.662
0.379793
0.166428
0.134997
0.662
0.471612
0.175511
0.0195807
0.0930938
0.348006
0.662
0.662
0.662
0.662
0.662
0.619429
0.662
0.662
0.145648
0.266608
0.243089
0.283941
0.148337
0.662
0.662
0.210932
0.662
0.662
0.662
0.322501
0.219291
0.134945
0.662
0.085242
0.00650293
0.464465
0.0477493
