0.662
0.119197
0.222534
0.662
0.662
0.116663
0.662
0.399795
0.113249
0.662
0.662
0.662
0.0107773
0.662
0.219678
0.0736273
0.398943
0.406221
0.168834
0.545176
0.0594805
0.434962
0.131997
0.216565
0.338473
0.662
0.662
0.122914
0.280188
0.314959
0.662
0.318274
0.662
0.275318
0.662
0.662
0.355197
0.185494
0.0472341
0.662
0.241365
0.505418
0.662
0.662
0.662
0.662
0.662
0.189765
0.662
0.662
0.445204
0.662
0.662
0.662
0.662
0.0448099
0.438658
0.472567
0.662
0.662
0.662
0.0791505
0.108918
0.43616
0.662
0.217674
0.299619
0.662
0.370224
0.355262
0.368163
0.662
0.662
0.258292
0.662
0.100452
0.662
0.662
0.662
0.129261
0.389399
0.662
0.456282
0.662
0.00625822
0.662
0.304415
0.662
0.277123
0.129507
0.182985
0.662
0.662
0.662
0.30427
0.633391
0.662
0.483839
0.662
0.20773
0.392999
0.662
0.662
0.662
0.201281
0.147114
0.122142
0.352883
0.453149
0.662
0.662
0.662
0.266213
0.662
0.479875
0.38645
0.662
0.662
0.662
0.662
0.468526
0.662
0.337359
0.662
0.662
0.662
0.662
0.449282
0.451889
0.272201
0.0719448
0.662
0.662
0.24658
0.65676
0.662
0.662
0.414464
0.32748
0.19875
0.662
0.293751
0.662
0.662
0.111311
0.662
0.146359
0.191925
0.662
0.00210776
0.207075
0.392301
0.662
0.121624
0.662
0.440453
0.247749
0.662
0.662
0.18913
0.662
0.662
0.135147
0.108657
0.106927
0.662
0.398865
0.662
0.286225
0.208702
0.662
0.662
0.662
0.0748201
0.345791
0.662
0.0284894
0.662
0.372127
0.446164
0.662
0.0792283
0.156625
0.662
0.443798
0.662
0.439792
0.662
0.662
0.362204
0.0232727
0.165795
0.340778
0.381387
0.270843
0.12757
0.662
0.662
0.0208209
0.662
0.662
0.113052
0.474177
0.662
0.451011
0.417639
0.366589
0.0516627
0.662
0.662
0.0567493
0.662
0.34798
0.251886
0.662
0.662
0.662
0.104807
0.662
0.662
0.446146
0.662
0.662
0.284052
0.662
0.662
0.662
0.662
0.662
0.0760254
0.151955
0.662
0.316422
0.662
0.662
0.0114179
0.662
0.662
0.0967373
0.662
0.18063
0.153201
0.662
0.188333
0.662
0.458771
0.662
0.434084
0.0938699
0.662
0.439051
0.249424
0.662
0.662
0.298315
0.662
0.662
0.662
0.662
0.662
0.151747
0.662
0.416029
0.662
0.247952
0.662
0.0658436
0.209024
0.662
0.662
0.144331
0.488071
0.662
0.461626
0.662
0.662
0.662
0.662
0.662
0.662
0.662
0.0736599
0.662
0.662
0.337517
0.662
0.14874
0.149451
0.662
0.164744
0.662
0.252029
0.0739054
0.662
0.662
0.662
0.368907
0.0473848
0.662
0.438341
0.662
0.662
0.415971
0.311047
0.662
0.662
0.662
0.662
0.267237
0.662
0.590651
0.662
0.393024
0.242818
0.182628
0.414481
0.662
0.662
0.357808
0.662
0.412795
0.662
0.662
0.19659
0.662
0.662
0.662
0.121681
0.662
0.137242
0.185905
0.662
0.662
0.384128
0.0940191
0.335504
0.662
0.0232579
0.662
0.662
0.662
0.662
0.163141
0.662
0.235263
0.2756
0.375784
0.662
0.662
0.662
0.662
0.662
0.662
0.449445
0.662
0.662
0.662
0.662
0.662
0.408999
0.388859
0.662
0.291376
0.662
0.47101
0.563381
0.662
0.439364
0.662
0.662
0.256007
0.662
0.38367
0.662
0.662
0.662
0.662
0.662
0.0434077
0.662
0.662
0.529982
0.662
0.456018
0.662
0.662
0.662
0.00389934
0.662
0.662
0.662
0.662
0.662
0.175959
0.662
0.225713
0.171727
0.662
0.271607
0.475581
0.633391
0.662
0.662
0.381789
0.491785
0.119126
0.0143564
0.662
0.662
0.662
0.662
0.662
0.422339
0.662
0.142126
0.405468
0.255993
0.240477
0.480619
0.662
0.662
0.447793
0.662
0.662
0.662
0.106993
0.395248
0.430782
0.423177
0.100217
0.581475
0.109951
0.277204
0.228314
0.617533
0.662
0.40474
0.230596
0.662
0.662
0.662
0.346726
0.662
0.662
0.662
0.662
0.662
0.662
0.662
0.662
0.662
0.662
0.261215
0.662
0.662
0.453911
0.265676
0.662
0.406656
0.163223
0.662
0.450601
0.442914
0.662
0.195972
0.334362
0.662
0.662
0.4743
0.362464
0.525517
0.292826
0.662
0.662
0.114686
0.475706
0.441296
0.662
0.0724572
0.0560518
0.662
0.662
0.0595426
0.662
0.0673923
0.662
0.205772
0.208498
0.662
0.662
0.662
0.662
0.495675
0.662
0.0817884
0.318256
0.662
0.571702
0.662
0.324793
0.662
0.239878
0.662
0.128096
0.329964
0.662
0.0562897
0.662
0.662
0.609434
0.14339
0.662
0.662
0.662
0.662
0.662
0.0831497
0.163788
0.662
0.593454
0.662
0.662
0.100294
0.332513
0.662
0.662
0.662
0.206024
0.111145
0.662
0.662
0.288355
0.662
0.662
0.494187
0.464698
0.2926
0.345838
0.662
0.662
0.662
0.584236
0.147672
0.218056
0.662
0.272868
0.397742
0.320634
0.662
0.33758
0.662
0.139574
0.455418
0.662
0.662
0.288529
0.662
0.662
0.662
0.445011
0.137183
0.542959
0.335829
0.662
0.662
0.366382
0.662
0.662
0.662
0.273078
0.662
0.195662
0.415705
0.662
0.662
0.662
0.662
0.335954
0.249998
0.662
0.462074
0.662
0.231972
0.584268
0.240272
0.331183
0.662
0.446597
0.185039
0.662
0.118108
0.365963
0.662
0.662
0.20272
0.662
0.662
0.261352
0.662
0.302379
0.456433
0.491138
0.662
0.662
0.469837
0.662
0.662
0.662
0.444019
0.561896
0.115659
0.662
0.0894663
0.402009
0.282849
0.384378
0.258968
0.662
0.662
0.213656
0.152487
0.212383
0.0814773
0.225796
0.389552
0.662
0.662
0.189211
0.662
0.662
0.205401
0.137369
0.633694
0.662
0.199432
0.662
0.276177
0.662
0.662
0.662
0.12423
0.130159
0.282745
0.400448
0.237319
0.662
0.662
0.269947
0.244386
0.212441
0.662
0.365663
0.316281
0.306595
0.662
0.662
0.662
0.662
0.662
0.112862
0.662
0.662
0.662
0.033713
0.0628679
0.662
0.662
0.221378
0.662
0.332185
0.662
0.0185049
0.662
0.662
0.662
0.113812
0.426598
0.263987
0.662
0.562553
0.662
0.213489
0.1645
0.662
0.662
0.662
0.662
0.662
0.34162
0.194991
0.31449
0.31386
0.662
0.662
0.424693
0.662
0.662
0.251282
0.662
0.413305
0.0516705
0.36637
0.465872
0.232646
0.399619
0.662
0.662
0.170976
0.662
0.415178
0.00133134
0.377816
0.662
0.662
0.662
0.435808
0.662
0.234222
0.662
0.212489
0.391283
0.538455
0.0274458
0.662
0.662
0.119838
0.468882
0.427867
0.662
0.288473
0.662
0.662
0.039148
0.662
0.662
0.339679
0.662
0.662
0.662
0.008025
0.662
0.662
0.662
0.142865
0.453141
0.662
0.248781
0.383423
0.358582
0.662
0.662
0.662
0.662
0.0766025
0.662
0.662
0.662
0.431868
0.407688
0.0448811
0.0811195
0.0705252
0.0880153
0.662
0.206458
0.662
0.332054
0.662
0.662
0.662
0.350982
0.662
0.104261
0.269578
0.211846
0.662
0.662
0.443431
0.355522
0.234326
0.662
0.368421
0.662
0.184949
0.662
0.662
0.191772
0.662
0.301142
0.662
0.662
0.662
0.662
0.276594
0.662
0.662
0.269199
0.131957
0.662
0.662
0.662
0.421071
0.499205
0.662
0.149584
0.0673059
0.662
0.662
0.662
0.321001
0.662
0.662
0.200052
0.309811
0.62897
0.100677
0.662
0.462834
0.136756
0.212729
0.215419
0.478817
0.662
0.165612
0.662
0.301496
0.393871
0.153303
0.662
0.662
0.662
0.662
0.662
0.662
0.662
0.246769
0.662
0.662
0.347738
0.436529
0.662
0.662
0.467202
0.662
0.460026
0.662
0.425543
0.529602
0.662
0.179911
0.0195191
0.336767
0.662
0.241077
0.662
0.223284
0.662
0.452035
0.662
0.662
0.662
0.0698524
0.662
0.319388
0.662
0.426218
0.662
0.662
0.662
0.662
0.662
0.470873
0.299988
0.342991
0.543066
0.208187
0.476397
0.662
0.294741
0.350463
0.662
0.482667
0.0171155
0.229492
0.662
0.662
0.609349
0.0703338
0.227535
0.662
0.662
0.662
0.662
0.2555
0.0721088
0.662
0.463707
0.190763
0.202069
0.662
0.265231
0.105184
0.129139
0.543467
0.419318
0.662
0.273986
0.382156
0.0265797
0.662
0.191852
0.0252836
0.58853
0.436922
0.662
0.400904
0.166947
0.503507
0.662
0.662
0.228679
0.662
0.662
0.461425
0.287377
0.307357
0.345527
0.662
0.48603
0.302704
0.074591
0.0849049
0.662
0.264622
0.662
0.662
0.662
0.662
0.534859
0.2462
0.345939
0.662
0.662
0.257238
0.15452
0.190112
0.662
0.272381
0.409207
0.438864
0.662
0.662
0.662
0.300925
0.389376
0.662
0.469745
0.160861
0.278339
0.662
0.662
0.0964774
0.662
0.178617
0.277073
0.662
0.437426
0.404603
0.2839
0.287268
0.662
0.662
0.662
0.662
0.268648
0.472655
0.468508
0.662
0.662
0.662
0.662
0.125382
0.662
0.662
0.662
0.169303
0.662
0.464727
0.531743
0.416385
0.126032
0.662
0.662
0.507273
0.645061
0.289287
0.479285
0.662
0.662
0.662
0.662
0.567145
0.662
0.662
0.662
0.152576
0.662
0.00656479
0.662
0.114389
0.334137
0.662
0.662
0.0202693
0.0497856
0.662
0.214396
0.662
0.267513
0.0738781
0.662
0.00429271
0.662
0.662
0.253969
0.662
0.662
0.662
0.662
0.355406
0.662
0.662
0.662
0.662
0.0168838
0.173967
0.287107
0.662
0.662
0.369305
0.0623683
0.662
0.662
0.439723
0.645544
0.662
0.208257
0.662
0.662
0.3399
0.622766
0.114654
0.11223
0.401551
0.662
0.662
0.662
0.662
0.662
0.662
0.266988
0.514283
0.366756
0.575473
0.662
0.662
0.662
0.662
0.662
0.189876
0.662
0.662
0.128584
0.413407
0.395591
0.662
0.375843
0.662
0.662
0.382955
0.662
0.102641
0.662
0.662
0.430801
0.662
0.0720599
0.662
0.662
0.662
0.662
0.662
0.146422
0.662
0.662
0.329073
0.303577
0.442567
0.662
0.662
0.0599567
0.662
0.662
0.203016
0.0340684
0.662
0.662
0.662
0.226689
0.213868
0.0232105
0.221236
0.662
0.662
0.662
0.662
0.213528
0.662
0.662
0.662
0.662
0.662
0.662
0.662
0.662
0.271607
0.399336
0.394335
0.0777369
0.662
0.662
0.662
0.198325
0.196824
0.368705
0.662
0.662
0.319554
0.257733
0.174471
0.662
0.662
0.306955
0.662
0.491234
0.662
0.638302
0.605656
0.324566
0.05766
0.662
0.662
0.662
0.662
0.405817
0.662
0.662
0.662
0.312144
0.205551
0.414015
0.0758648
0.515805
0.265694
0.662
0.662
0.662
0.662
0.662
0.0682052
0.662
0.236792
0.161946
0.177065
0.2222
0.035836
0.662
0.662
0.0254462
0.662
0.662
0.447549
0.662
0.256273
0.662
0.24966
0.662
0.662
0.285136
0.662
0.0238793
0.0317422
0.662
0.476894
0.662
0.435954
