0.662
0.158477
0.0307061
0.195861
0.662
0.662
0.662
0.361973
0.441554
0.662
0.662
0.17432
0.662
0.173877
0.662
0.662
0.662
0.136996
0.662
0.662
0.662
0.171676
0.662
0.662
0.199341
0.210287
0.405864
0.125746
0.101913
0.368143
0.368627
0.388586
0.662
0.23762
0.662
0.662
0.282616
0.662
0.586649
0.662
0.662
0.4204
0.662
0.662
0.662
0.198938
0.662
0.0559842
0.22366
0.662
0.662
0.662
0.369939
0.0828057
0.41793
0.322957
0.662
0.662
0.662
0.662
0.662
0.488774
0.239356
0.189221
0.406361
0.662
0.662
0.662
0.483851
0.224222
0.662
0.662
0.132239
0.215181
0.662
0.219269
0.141639
0.144971
0.662
0.662
0.361292
0.207729
0.662
0.662
0.410354
0.129308
0.287525
0.662
0.662
0.1681
0.460388
0.251764
0.431109
0.662
0.243554
0.417475
0.662
0.181707
0.662
0.44028
0.0594323
0.424367
0.662
0.307806
0.470632
0.662
0.662
0.662
0.662
0.662
0.662
0.337731
0.158156
0.283854
0.662
0.0519748
0.662
0.0329397
0.265231
0.662
0.314893
0.31691
0.304928
0.662
0.662
0.662
0.0426696
0.0265106
0.274926
0.112948
0.662
0.662
0.662
0.463429
0.662
0.0202503
0.662
0.606966
0.196573
0.281965
0.398432
0.662
0.40004
0.453489
0.241023
0.662
0.662
0.662
0.255998
0.662
0.164
0.662
0.192388
0.662
0.662
0.63863
0.264008
0.662
0.0772428
0.662
0.662
0.109845
0.0973902
0.662
0.0512997
0.429082
0.662
0.534802
0.0534641
0.662
0.662
0.300799
0.662
0.662
0.662
0.662
0.481245
0.0452018
0.187262
0.213078
0.198414
0.662
0.0916353
0.662
0.662
0.12119
0.231211
0.168686
0.662
0.27141
0.662
0.662
0.163282
0.0188224
0.114631
0.662
0.662
0.662
0.662
0.662
0.662
0.243916
0.176089
0.662
0.128718
0.469934
0.195647
0.662
0.662
0.662
0.662
0.0856587
0.662
0.662
0.391589
0.662
0.337924
0.662
0.181206
0.662
0.662
0.662
0.662
0.149617
0.316189
0.662
0.662
0.662
0.662
0.662
0.662
0.662
0.291678
0.295685
0.662
0.0251174
0.338947
0.338556
0.308948
0.387578
0.662
0.237119
0.405937
0.662
0.662
0.0640831
0.662
0.142651
0.662
0.662
0.459382
0.662
0.662
0.662
0.662
0.662
0.662
0.2424
0.662
0.248413
0.466211
0.662
0.662
0.662
0.174336
0.25402
0.202154
0.662
0.337258
0.257837
0.33581
0.475585
0.55918
0.662
0.662
0.662
0.662
0.39628
0.662
0.293414
0.662
0.457614
0.662
0.248437
0.184836
0.662
0.662
0.171448
0.662
0.460787
0.176946
0.172196
0.662
0.662
0.223336
0.662
0.662
0.435554
0.662
0.238907
0.662
0.245277
0.662
0.662
0.357494
0.265839
0.513456
0.430538
0.352441
0.662
0.662
0.662
0.0910304
0.662
0.662
0.662
0.662
0.0763505
0.051119
0.0595723
0.470389
0.178653
0.320179
0.662
0.662
0.476644
0.662
0.0282533
0.368529
0.275689
0.23473
0.662
0.662
0.662
0.662
0.1977
0.240873
0.145058
0.262555
0.662
0.238405
0.662
0.662
0.122569
0.115709
0.347822
0.0842105
0.424658
0.101869
0.662
0.662
0.662
0.662
0.662
0.662
0.112822
0.238601
0.360847
0.00926933
0.662
0.399141
0.662
0.662
0.662
0.662
0.662
0.292131
0.0977382
0.308489
0.401313
0.662
0.275433
0.662
0.662
0.662
0.274001
0.662
0.065317
0.662
0.270074
0.662
0.393946
0.183554
0.662
0.662
0.662
0.251935
0.318045
0.15364
0.126656
0.662
0.454937
0.662
0.309706
0.662
0.662
0.304685
0.125921
0.662
0.461816
0.662
0.158537
0.662
0.35929
0.347511
0.0271618
0.662
0.0761536
0.221125
0.506853
0.662
0.662
0.470163
0.662
0.662
0.0718855
0.181218
0.0765815
0.215406
0.0363658
0.230274
0.662
0.662
0.202874
0.23189
0.662
0.452168
0.662
0.223875
0.662
0.112057
0.662
0.662
0.103405
0.63927
0.662
0.0573926
0.450052
0.662
0.662
0.662
0.662
0.662
0.662
0.662
0.23215
0.359229
0.118274
0.662
0.346058
0.458279
0.662
0.662
0.325221
0.662
0.39027
0.329676
0.662
0.662
0.662
0.662
0.662
0.408857
0.662
0.662
0.601211
0.662
0.662
0.662
0.662
0.662
0.411127
0.662
0.406789
0.103047
0.662
0.0613747
0.662
0.662
0.662
0.662
0.662
0.662
0.662
0.662
0.662
0.662
0.0433918
0.158048
0.662
0.662
0.662
0.429171
0.443015
0.662
0.165915
0.428962
0.662
0.459477
0.662
0.662
0.662
0.352358
0.662
0.662
0.256477
0.326904
0.662
0.662
0.662
0.160836
0.662
0.0329965
0.662
0.598909
0.662
0.0841074
0.662
0.617587
0.16058
0.662
0.662
0.662
0.165957
0.276006
0.22741
0.060592
0.26574
0.350359
0.0174889
0.379437
0.0769719
0.448876
0.662
0.662
0.662
0.662
0.36553
0.662
0.146311
0.32753
0.662
0.662
0.662
0.662
0.662
0.662
0.294503
0.662
0.284592
0.628082
0.662
0.126713
0.662
0.662
0.662
0.485933
0.662
0.662
0.00227876
0.662
0.107149
0.662
0.473637
0.275812
0.576285
0.662
0.376856
0.662
0.662
0.349127
0.662
0.248544
0.414234
0.662
0.320157
0.45052
0.662
0.662
0.33265
0.185096
0.662
0.164271
0.662
0.138441
0.0133324
0.662
0.662
0.260474
0.146973
0.259731
0.419686
0.123623
0.0800168
0.662
0.41852
0.0822721
0.6366
0.662
0.662
0.34391
0.272322
0.662
0.662
0.662
0.662
0.374764
0.662
0.662
0.00666613
0.662
0.0106738
0.662
0.662
0.662
0.400891
0.662
0.662
0.309864
0.318041
0.1582
0.444863
0.662
0.662
0.219161
0.142641
0.068731
0.0532457
0.662
0.662
0.662
0.268264
0.662
0.282392
0.222025
0.662
0.662
0.662
0.412711
0.261797
0.662
0.662
0.499762
0.662
0.662
0.185243
0.189614
0.297896
0.211273
0.451056
0.284157
0.31085
0.662
0.662
0.662
0.662
0.662
0.662
0.354604
0.662
0.0498784
0.662
0.662
0.662
0.31267
0.26699
0.662
0.662
0.662
0.662
0.465781
0.662
0.459579
0.197529
0.662
0.334884
0.662
0.181263
0.662
0.662
0.662
0.662
0.456363
0.320258
0.373012
0.434901
0.384174
0.389357
0.662
0.662
0.335871
0.241518
0.662
0.134878
0.449883
0.662
0.662
0.662
0.662
0.662
0.662
0.283531
0.236672
0.244717
0.662
0.159796
0.0936847
0.662
0.235036
0.311977
0.662
0.408531
0.662
0.564045
0.227392
0.662
0.0310285
0.662
0.20704
0.239033
0.662
0.22756
0.014596
0.662
0.662
0.662
0.662
0.662
0.662
0.662
0.662
0.0159273
0.662
0.417214
0.184041
0.662
0.454862
0.0450041
0.662
0.0869079
0.662
0.190764
0.629706
0.662
0.662
0.00787886
0.515221
0.0255136
0.442785
0.280652
0.662
0.165185
0.244213
0.662
0.662
0.662
