0.126454
0.662
0.291889
0.662
0.662
0.662
0.662
0.662
0.662
0.662
0.4294
0.399768
0.662
0.662
0.367893
0.0206707
0.256285
0.0148027
0.662
0.356733
0.662
0.662
0.209478
0.264977
0.248182
0.662
0.662
0.662
0.662
0.0192779
0.414023
0.662
0.333755
0.0914218
0.662
0.467904
0.295794
0.0311657
0.144912
0.0238926
0.0279864
0.662
0.204549
0.361246
0.662
0.404677
0.331975
0.0306203
0.662
0.0373119
0.23944
0.430024
0.180873
0.209641
0.202823
0.662
0.662
0.382741
0.504137
0.213962
0.23226
0.430433
0.662
0.662
0.123194
0.662
0.662
0.359456
0.662
0.458244
0.0743912
0.233718
0.662
0.459342
0.662
0.662
0.662
0.299854
0.341933
0.662
0.662
0.662
0.354052
0.573025
0.662
0.391067
0.423691
0.337719
0.0733441
0.662
0.662
0.0490502
0.662
0.460424
0.173654
0.662
0.662
0.662
0.275275
0.198767
0.662
0.662
0.0920057
0.421646
0.662
0.662
0.0212717
0.662
0.662
0.662
0.285076
0.460774
0.662
0.349951
0.322658
0.443688
0.662
0.662
0.348835
0.662
0.362204
0.662
0.456953
0.171047
0.277626
0.541607
0.500054
0.662
0.662
0.360792
0.662
0.662
0.662
0.0215938
0.662
0.662
0.662
0.0712234
0.46003
0.456716
0.662
0.187391
0.471852
0.477404
0.160417
0.662
0.662
0.226022
0.367981
0.342171
0.662
0.662
0.662
0.202199
0.662
0.361336
0.662
0.662
0.662
0.662
0.284975
0.662
0.662
0.437286
0.490873
0.475789
0.0414343
0.662
0.662
0.421251
0.289025
0.279016
0.662
0.187743
0.662
0.442629
0.141018
0.662
0.662
0.662
0.662
0.364914
0.470838
0.354045
0.662
0.282799
0.164465
0.289361
0.270025
0.271693
0.662
0.343844
0.40742
0.662
0.271538
0.084596
0.662
0.662
0.379596
0.662
0.264598
0.662
0.662
0.427533
0.662
0.453727
0.0285969
0.287396
0.662
0.369663
0.130187
0.662
0.181593
0.0237637
0.662
0.662
0.662
0.662
0.662
0.447754
0.113532
0.662
0.662
0.662
0.203814
0.662
0.662
0.425109
0.662
0.662
0.662
0.131066
0.662
0.621005
0.662
0.662
0.662
0.662
0.333142
0.00509151
0.228576
0.662
0.662
0.317883
0.662
0.662
0.52888
0.662
0.208694
0.662
0.474404
0.662
0.662
0.159616
0.490288
0.0225023
0.662
0.662
0.662
0.389634
0.346241
0.0779352
0.301743
0.662
0.250023
0.381671
0.662
0.39117
0.379157
0.662
0.377341
0.0149607
0.662
0.662
0.448043
0.321279
0.662
0.458364
0.662
0.662
0.662
0.26709
0.147737
0.662
0.662
0.263567
0.662
0.662
0.334851
0.303146
0.456191
0.662
0.527935
0.662
0.662
0.662
0.189977
0.234885
0.423811
0.276565
0.593809
0.662
0.662
0.662
0.455523
0.329559
0.662
0.447734
0.662
0.147508
0.296457
0.662
0.662
0.662
0.662
0.429655
0.662
0.662
0.197811
0.113914
0.662
0.662
0.41731
0.662
0.510523
0.662
0.662
0.106704
0.537232
0.662
0.662
0.662
0.207995
0.662
0.362196
0.662
0.421423
0.662
0.662
0.662
0.662
0.662
0.174183
0.662
0.662
0.0236272
0.662
0.662
0.662
0.255285
0.662
0.519969
0.662
0.0141483
0.662
0.662
0.662
0.662
0.505059
0.662
0.273241
0.0369607
0.662
0.662
0.326621
0.662
0.306801
0.662
0.267379
0.662
0.243484
0.384329
0.662
0.203038
0.567009
0.662
0.662
0.231792
0.652548
0.247019
0.662
0.14729
0.662
0.662
0.662
0.195514
0.268309
0.292612
0.615712
0.662
0.662
0.494473
0.662
0.438595
0.370869
0.382508
0.662
0.662
0.42939
0.322137
0.159356
0.662
0.632203
0.662
0.662
0.252314
0.227134
0.33745
0.40211
0.0208624
0.0953553
0.0395142
0.389322
0.239089
0.0485997
0.361729
0.319213
0.140005
0.617997
0.662
0.662
0.48922
0.662
0.531955
0.662
0.514664
0.662
0.103842
0.662
0.123379
0.271496
0.662
0.0367536
0.662
0.332303
0.662
0.147428
0.662
0.662
0.662
0.368147
0.662
0.450136
0.360558
0.662
0.0941122
0.662
0.0646637
0.322228
0.662
0.0498369
0.662
0.572287
0.367523
0.662
0.662
0.662
0.474058
0.662
0.0820341
0.365532
0.662
0.662
0.662
0.662
0.662
0.662
0.260681
0.662
0.409014
0.217328
0.0227881
0.295325
0.662
0.662
0.125896
0.289722
0.662
0.163869
0.485042
0.212715
0.662
0.329943
0.662
0.102973
0.133524
0.662
0.662
0.662
0.391159
0.662
0.446298
0.240348
0.662
0.432148
0.2108
0.662
0.662
0.105685
0.0998382
0.662
0.662
0.662
0.662
0.199067
0.378198
0.662
0.229751
0.200205
0.531885
0.425872
0.662
0.105115
0.131253
0.114734
0.377293
0.21176
0.421514
0.662
0.114931
0.662
0.662
0.662
0.662
0.248291
0.230654
0.662
0.187235
0.31388
0.247788
0.662
0.662
0.325607
0.160175
0.662
0.080311
0.636399
0.662
0.662
0.662
0.422922
0.662
0.662
0.662
0.662
0.184498
0.662
0.662
0.662
0.662
0.0770385
0.213906
0.0207317
0.276146
0.662
0.662
0.662
0.365135
0.307069
0.662
0.390896
0.281437
0.226009
0.662
0.36897
0.662
0.467444
0.267874
0.39626
0.662
0.662
0.460308
0.662
0.366335
0.662
0.662
0.581004
0.337457
0.662
0.662
0.662
0.662
0.164261
0.662
0.459072
0.260511
0.662
0.662
0.348173
0.0906722
0.662
0.226357
0.230588
0.662
0.250019
0.662
0.408431
0.662
0.662
0.253715
0.662
0.171904
0.662
0.662
0.388544
0.662
0.662
0.210808
0.318397
0.662
0.662
0.541877
0.662
0.529068
0.266225
0.00494359
0.662
0.662
0.662
0.319925
0.662
0.432642
0.662
0.662
0.662
0.174446
0.662
0.499011
0.461433
0.290817
0.662
0.3596
0.0690754
0.375623
0.662
0.198731
0.00335753
0.662
0.0717054
0.0681668
0.0198366
0.662
0.421549
0.304301
0.662
0.159282
0.662
0.662
0.120746
0.253449
0.355253
0.662
0.125482
0.662
0.662
0.662
0.662
0.202853
0.662
0.662
0.431842
0.662
0.662
0.633693
0.662
0.662
0.255007
0.662
0.426027
0.387785
0.313638
0.00561296
0.236288
0.662
0.662
0.392722
0.438419
0.662
0.131695
0.662
0.0528581
0.500297
0.216965
0.662
0.662
0.0325615
0.249196
0.662
0.0882216
0.445365
0.471039
0.139563
0.249556
0.662
0.662
0.662
0.662
0.662
0.662
0.408392
0.662
0.662
0.429714
0.662
0.662
0.24294
0.0931153
0.662
0.662
0.662
0.662
0.230044
0.185274
0.496341
0.662
0.089287
0.229768
0.21894
0.662
0.662
0.328801
0.662
0.662
0.177971
0.187225
0.0349725
0.00445684
0.662
0.662
0.404038
0.662
0.298175
0.00308289
0.662
0.662
0.286167
0.662
0.662
0.662
0.426073
0.662
0.14043
0.466574
0.662
0.171504
0.141681
0.662
0.421019
0.662
0.238099
0.131638
0.0345655
0.337539
0.662
0.260619
0.184995
0.662
0.662
0.662
0.400176
0.404403
0.662
0.21308
0.404395
0.459628
0.0384489
0.662
0.662
0.662
0.206659
0.297499
0.186979
0.662
0.326096
0.0407743
0.305748
0.227532
0.251903
0.662
0.662
0.662
0.0911145
0.241015
0.0437142
0.662
0.0449958
0.662
0.0585224
0.662
0.662
0.254042
0.662
0.662
0.104287
0.164332
0.118248
0.662
0.662
0.360807
0.273997
0.0252378
0.662
0.229601
0.379461
0.404611
0.662
0.662
0.414814
0.268775
0.662
0.662
0.662
0.628155
0.0824442
0.662
0.662
0.662
0.662
0.662
0.648852
0.13286
0.662
0.486541
0.362463
0.208051
0.662
0.662
0.452711
0.662
0.621831
0.0973415
0.662
0.662
0.232079
0.0506051
0.662
0.236105
0.266958
0.662
0.662
0.269913
0.459555
0.662
0.442894
0.662
0.662
0.662
0.662
0.662
0.0163315
0.662
0.234142
0.662
0.00968376
0.393035
0.394252
0.662
0.662
0.461179
0.0300018
0.356805
0.662
0.662
0.662
0.0194363
