0.456875
0.251934
0.140434
0.662
0.662
0.662
0.410278
0.45896
0.662
0.662
0.445856
0.628155
0.662
0.662
0.662
0.380201
0.23226
0.245508
0.40211
0.662
0.398112
0.662
0.662
0.662
0.662
0.458186
0.662
0.0237637
0.370869
0.662
0.131066
0.236868
0.662
0.662
0.662
0.662
0.00674656
0.662
0.662
0.299854
0.662
0.662
0.662
0.177156
0.662
0.541607
0.0140089
0.190616
0.662
0.315091
0.264577
0.335288
0.184995
0.129873
0.662
0.662
0.446401
0.662
0.262305
0.662
0.437841
0.662
0.332749
0.662
0.418956
0.662
0.662
0.34099
0.662
0.662
0.00862499
0.116866
0.198608
0.310586
0.662
0.662
0.662
0.627103
0.662
0.345006
0.497639
0.662
0.662
0.662
0.337304
0.165231
0.662
0.343884
0.364244
0.662
0.662
0.662
0.349951
0.662
0.466921
0.288122
0.370461
0.662
0.421019
0.662
0.399768
0.662
0.52786
0.662
0.149088
0.662
0.337539
0.0518842
0.00153993
0.453161
0.662
0.354052
0.438595
0.662
0.662
0.469137
0.437638
0.662
0.105685
0.662
0.492237
0.662
0.308414
0.662
0.304991
0.662
0.337457
0.496338
0.00416158
0.662
0.057938
0.0920057
0.662
0.662
0.662
0.118847
0.662
0.599775
0.474334
0.39219
0.662
0.408431
0.459342
0.662
0.662
0.662
0.662
0.662
0.662
0.0209454
0.662
0.662
0.164315
0.662
0.156695
0.662
0.662
0.662
0.662
0.375425
0.44655
0.662
0.662
0.662
0.662
0.430024
0.662
0.123493
0.662
0.0149607
0.662
0.350042
0.662
0.445365
0.288216
0.46026
0.662
0.662
0.155762
0.662
0.3038
0.662
0.348835
0.440805
0.662
0.662
0.662
0.662
0.428301
0.374234
0.662
0.468129
0.662
0.0116819
0.662
0.662
0.662
0.275608
0.173876
0.662
0.637016
0.426702
0.407528
0.662
0.293687
0.662
0.662
0.662
0.662
0.55985
0.662
0.00469646
0.662
0.662
0.662
0.507031
0.202086
0.26885
0.652548
0.498942
0.662
0.662
0.662
0.418235
0.269913
0.662
0.662
0.662
0.0917237
0.0327745
0.662
0.662
0.662
0.283572
0.662
0.662
0.662
0.0022877
0.282158
0.662
0.662
0.662
0.453544
0.37927
0.110468
0.361336
0.293043
0.0467401
0.421514
0.662
0.662
0.662
0.662
0.376255
0.0300018
0.655989
0.265751
0.433892
0.662
0.662
0.662
0.662
0.254818
0.662
0.662
0.115003
0.28092
0.246727
0.187225
0.248007
0.272178
0.547837
0.662
0.662
0.662
0.662
0.253228
0.662
0.209453
0.398484
0.662
0.448707
0.662
0.662
0.662
0.662
0.662
0.662
0.662
0.662
0.0129201
0.130781
0.0101846
0.662
0.355732
0.662
0.0261184
0.400176
0.662
0.249196
0.00302749
0.436183
0.455249
0.662
0.662
0.662
0.0311657
0.315333
0.0046011
0.0206707
0.662
0.662
0.386091
0.662
0.12136
0.662
0.357599
0.193289
0.21175
0.267551
0.0863454
0.662
0.662
0.39217
0.662
0.662
0.342171
0.662
0.662
0.124399
0.271693
0.662
0.662
0.48922
0.662
0.36897
0.662
0.0333263
0.662
0.662
0.662
0.160417
0.471678
0.134724
0.662
0.662
0.662
0.456951
0.188377
0.168473
0.449102
0.662
0.2108
0.662
0.662
0.662
0.115386
0.325607
0.662
0.662
0.281924
0.0358152
0.662
0.662
0.662
0.213022
0.367483
0.662
0.391067
0.662
0.662
0.117479
0.662
0.462366
0.662
0.662
0.662
0.457815
0.662
0.662
0.662
0.662
0.259046
0.662
0.662
0.662
0.331993
0.0676219
0.3931
0.0483088
0.662
0.46704
0.346241
0.468405
0.662
0.662
0.350391
0.662
0.532527
0.662
0.662
0.662
0.208051
0.0134459
0.4645
0.662
0.365532
0.240348
0.662
0.662
0.125409
0.268309
0.240857
0.662
0.662
0.662
0.248291
0.662
0.229912
0.0407743
0.377293
0.320293
0.378806
0.662
0.32279
0.662
0.662
0.107643
0.101374
0.0633223
0.662
0.662
0.164261
0.662
0.662
0.446047
0.226499
0.297045
0.281523
0.6037
0.061946
0.662
0.0816916
0.164551
0.344772
0.662
0.43415
0.467427
0.303632
0.662
0.662
0.397208
0.353661
0.0328555
0.211802
0.662
0.0295028
0.295794
0.662
0.662
0.662
0.662
0.23123
0.482972
0.662
0.662
0.662
0.527935
0.11516
0.403402
0.0346561
0.151922
0.662
0.236891
0.110111
0.0196614
0.662
0.2072
0.092459
0.337432
0.662
0.23944
0.314777
0.0151318
0.662
0.662
0.662
0.662
0.317178
0.00505393
0.606346
0.346898
0.319117
0.156263
0.655212
0.662
0.255297
0.662
0.220596
0.00509151
0.662
0.44908
0.126092
0.662
0.662
0.662
0.662
0.662
0.662
0.350707
0.165587
0.0791152
0.196005
0.662
0.662
0.662
0.662
0.662
0.662
0.0393756
0.662
0.227134
0.648852
0.250139
0.662
0.662
0.215685
0.662
0.662
0.662
0.262384
0.362454
0.662
0.662
0.662
0.262286
0.662
0.662
0.662
0.662
0.0863886
0.222241
0.231046
0.148315
0.662
0.662
0.662
0.662
0.00321421
0.662
0.448043
0.109023
0.662
0.266465
0.0137872
0.662
0.017665
0.192011
0.0890298
0.267874
0.662
0.203258
0.662
0.662
0.662
0.662
0.662
0.662
0.0426472
0.662
0.352893
0.406151
0.662
0.185091
0.662
0.662
0.662
0.662
0.040387
0.109332
0.0931153
0.662
0.205058
0.662
0.662
0.662
0.662
0.23095
0.0234936
0.231859
0.662
0.662
0.662
0.381671
0.662
0.662
0.662
0.467035
0.662
0.662
0.276565
0.662
0.50294
0.662
0.662
0.271481
0.182956
0.0121342
0.662
0.662
0.0210858
0.40769
0.662
0.127599
0.662
0.662
0.662
0.662
0.415759
0.478986
0.662
0.662
0.662
0.0343236
0.662
0.662
0.662
0.125209
0.662
0.448865
0.165513
0.662
0.662
0.361005
0.662
0.232345
0.662
0.662
0.504137
0.0820341
0.3179
0.662
0.662
0.662
0.662
0.314481
0.662
0.499011
0.662
0.159453
0.662
0.662
0.14925
0.662
0.662
0.217564
0.497031
0.662
0.662
0.0934833
0.662
0.662
0.662
0.415031
0.662
0.662
0.173917
0.662
0.234656
0.662
0.662
0.0659316
0.662
0.408075
0.662
0.0921835
0.0449958
0.662
0.0953553
0.147428
0.662
0.662
0.662
0.662
0.662
0.662
0.41821
0.255026
0.0737679
0.662
0.146498
0.662
0.662
0.662
0.662
0.221271
0.391159
0.662
0.266932
0.662
0.662
0.662
0.156325
0.266644
0.662
0.662
0.662
0.0108577
0.192204
0.463015
0.00308289
0.284975
0.662
0.00445684
0.662
0.662
0.662
0.662
0.442049
0.662
0.662
0.662
0.392092
0.662
0.230588
0.0761677
0.662
0.3467
0.662
0.349105
0.662
0.178616
0.662
0.662
0.356805
0.662
0.662
0.268775
0.322332
0.159217
0.474821
0.662
0.662
0.662
0.662
0.662
0.662
0.0850884
0.293394
0.662
0.272436
0.636399
0.408509
0.159356
0.130034
0.662
0.252314
0.257597
0.290178
0.375343
0.134774
0.486541
0.163869
0.662
0.662
0.410496
0.0384489
0.662
0.325359
0.116514
0.662
0.289647
0.662
0.248182
0.168164
0.626984
0.425109
0.662
0.662
0.662
0.662
0.662
0.662
0.662
0.621831
0.662
0.662
0.470957
0.662
0.662
0.0257078
0.662
0.662
0.662
0.409522
0.662
0.662
0.662
0.421474
0.125896
0.467541
0.662
