0.662
0.425409
0.662
0.662
0.402045
0.466071
0.662
0.662
0.0500328
0.284826
0.662
0.662
0.662
0.662
0.662
0.418803
0.662
0.0550909
0.184984
0.662
0.364664
0.417822
0.662
0.662
0.42329
0.0915593
0.428112
0.662
0.662
0.188288
0.286212
0.662
0.0891665
0.347876
0.662
0.227212
0.0858092
0.0269439
0.662
0.293052
0.662
0.662
0.662
0.265608
0.218921
0.304301
0.347811
0.576167
0.662
0.662
0.172763
0.276534
0.662
0.662
0.434621
0.59716
0.662
0.662
0.662
0.662
0.479045
0.662
0.662
0.662
0.179261
0.408793
0.0253934
0.662
0.662
0.662
0.294853
0.662
0.662
0.662
0.662
0.23015
0.662
0.662
0.662
0.662
0.662
0.0407788
0.662
0.34011
0.193774
0.662
0.662
0.662
0.334896
0.662
0.000716014
0.11781
0.662
0.662
0.662
0.662
0.662
0.129321
0.211741
0.662
0.662
0.662
0.662
0.662
0.07423
0.160988
0.662
0.662
0.177374
0.662
0.00902142
0.494671
0.103932
0.662
0.114906
0.203038
0.0996171
0.662
0.662
0.662
0.116347
0.662
0.662
0.662
0.475745
0.662
0.662
0.440873
0.662
0.662
0.374719
0.662
0.461871
0.662
0.0590747
0.254082
0.662
0.662
0.662
0.147254
0.662
0.662
0.451082
0.401424
0.40433
0.155805
0.208694
0.662
0.616978
0.662
0.662
0.214046
0.662
0.662
0.662
0.662
0.372404
0.0989178
0.662
0.662
0.127688
0.608413
0.662
0.337138
0.314506
0.368974
0.15002
0.662
0.00141152
0.662
0.662
0.0104509
0.391346
0.0151879
0.662
0.244051
0.662
0.378899
0.662
0.356984
0.448097
0.65442
0.662
0.0378266
0.364938
0.1879
0.662
0.189832
0.662
0.516216
0.2618
0.127444
0.0653031
0.662
0.370349
0.662
0.513693
0.157874
0.275066
0.662
0.662
0.348298
0.293143
0.228813
0.409308
0.662
0.444933
0.662
0.662
0.662
0.662
0.662
0.662
0.662
0.662
0.662
0.662
0.662
0.0367944
0.616122
0.194281
0.199909
0.22393
0.662
0.662
0.437092
0.662
0.662
0.662
0.662
0.36718
0.26664
0.382473
0.662
0.662
0.662
0.662
0.0898899
0.227514
0.219324
0.0882349
0.662
0.662
0.662
0.328489
0.662
0.177583
0.519215
0.484692
0.343356
0.00325112
0.662
0.662
0.340904
0.165811
0.423092
0.102931
0.294941
0.556272
0.0690301
0.331316
0.397349
0.662
0.662
0.285659
0.662
0.662
0.448794
0.0468125
0.156527
0.662
0.275584
0.459555
0.432727
0.411035
0.0638976
0.662
0.649784
0.662
0.662
0.662
0.406095
0.662
0.662
0.118311
0.662
0.662
0.662
0.525417
0.662
0.662
0.662
0.458475
0.172498
0.662
0.254491
0.035235
0.340546
0.307264
0.623338
0.0300012
0.310741
0.402422
0.262346
0.662
0.245742
0.662
0.662
0.471039
0.662
0.436466
0.662
0.662
0.397268
0.662
0.662
0.109768
0.347996
0.662
0.438965
0.3892
0.486995
0.662
0.156555
0.221919
0.662
0.0647663
0.662
0.156328
0.269025
0.232143
0.366294
0.662
0.0799887
0.0343651
0.303642
0.662
0.662
0.367192
0.662
0.662
0.254762
0.662
0.438288
0.438395
0.163061
0.289698
0.662
0.348858
0.364427
0.662
0.0566737
0.662
0.662
0.322778
0.662
0.184498
0.178922
0.662
0.359276
0.662
0.662
0.454019
0.662
0.137307
0.662
0.662
0.284399
0.0716075
0.194706
0.0321344
0.0433178
0.662
0.178665
0.601613
0.132459
0.177249
0.0390054
0.0812248
0.662
0.243417
0.370366
0.662
0.662
0.114943
0.662
0.662
0.662
0.662
0.253307
0.296359
0.662
0.0595254
0.34574
0.662
0.662
0.451466
0.662
0.220546
0.662
0.234382
0.662
0.233782
0.662
0.455851
0.588986
0.662
0.662
0.662
0.662
0.662
0.662
0.662
0.662
0.662
0.518078
0.32103
0.662
0.274669
0.0111807
0.15199
0.339199
0.662
0.662
0.662
0.662
0.388414
0.388277
0.210059
0.662
0.662
0.662
0.662
0.662
0.662
0.662
0.250549
0.236256
0.662
0.662
0.662
0.476584
0.662
0.662
0.662
0.662
0.201394
0.171504
0.29209
0.662
0.662
0.662
0.662
0.18423
0.662
0.146478
0.662
0.662
0.372535
0.662
0.662
0.151808
0.271496
0.0271406
0.40236
0.273198
0.111106
0.0335533
0.175203
0.662
0.459342
0.49423
0.0422959
0.662
0.349773
0.161696
0.662
0.662
0.662
0.662
0.662
0.662
0.662
0.116433
0.114655
0.389101
0.662
0.662
0.385709
0.662
0.662
0.662
0.662
0.662
0.662
0.662
0.299854
0.0859111
0.662
0.397095
0.662
0.396359
0.181125
0.662
0.135094
0.662
0.28304
0.662
0.662
0.395724
0.662
0.263329
0.662
0.201552
0.662
0.334836
0.326265
0.0318494
0.243269
0.662
0.662
0.662
0.662
0.662
0.264497
0.446933
0.662
0.0834764
0.662
0.662
0.110849
0.662
0.473014
0.662
0.662
0.662
0.662
0.326034
0.314252
0.662
0.662
0.662
0.163114
0.662
0.362155
0.0786137
0.662
0.169451
0.0516478
0.662
0.662
0.662
0.319718
0.120395
0.662
0.662
0.00978864
0.0585723
0.662
0.662
0.662
0.662
0.462909
0.662
0.662
0.0349451
0.662
0.662
0.144805
0.0908991
0.112696
0.662
0.394061
0.41389
0.662
0.300992
0.00447406
0.662
0.662
0.28516
0.157453
0.316524
0.662
0.438589
0.390646
0.0732209
0.662
0.471773
0.662
0.662
0.662
0.47741
0.662
0.156633
0.662
0.662
0.403763
0.140573
0.662
0.662
0.279599
0.371118
0.606071
0.662
0.662
0.189974
0.448524
0.107782
0.662
0.662
0.662
0.662
0.430282
0.521849
0.662
0.0233278
0.376293
0.212177
0.662
0.432339
0.662
0.662
0.010091
0.662
0.662
0.189977
0.143782
0.662
0.662
0.662
0.265233
0.0227881
0.400097
0.0269799
0.0480857
0.287595
0.137267
0.485181
0.662
0.136012
0.662
0.662
0.355199
0.2666
0.662
0.00167803
0.662
0.662
0.662
0.437333
0.607097
0.124874
0.048258
0.662
0.662
0.662
0.249207
0.662
0.336988
0.29194
0.371464
0.262486
0.662
0.662
0.295665
0.0767414
0.662
0.396234
0.488215
0.662
0.662
0.145477
0.250327
0.662
0.324089
0.340484
0.0274461
0.662
0.662
0.0674843
0.662
0.662
0.433705
0.0154688
0.444231
0.662
0.662
0.529269
0.662
0.147817
0.220797
0.518005
0.438369
0.273999
0.006235
0.194509
0.151647
0.662
0.662
0.264988
0.662
0.662
0.662
0.0343727
0.334817
0.203644
0.662
0.270531
0.662
0.662
0.37453
0.471615
0.212419
0.662
0.662
0.662
0.129049
0.662
0.662
0.0943312
0.106654
0.662
0.191823
0.662
0.536633
0.347502
0.0998735
0.246792
0.662
0.278168
0.181639
0.662
0.0247466
0.662
0.662
0.331666
0.25332
0.662
0.662
0.629288
0.150506
0.662
0.662
0.395333
0.0611512
0.662
0.662
0.662
0.10383
0.662
0.0190423
0.314346
0.662
0.390235
0.662
0.428737
0.662
0.662
0.662
0.127793
0.662
0.339455
0.662
0.535851
0.516823
0.225612
0.662
0.246088
0.662
0.201964
0.662
0.296208
0.012122
0.662
0.382326
0.662
0.662
0.0395142
0.340655
0.120746
0.662
0.367142
0.662
0.179668
0.662
0.662
0.453583
0.662
0.0289289
0.662
0.398647
0.420401
0.241532
0.242285
0.575565
0.448685
0.662
0.662
0.662
0.662
0.662
0.662
0.121357
0.0451387
0.301773
0.662
0.662
0.316368
0.395536
0.662
0.662
0.662
0.426955
0.250457
0.662
0.164962
0.258187
0.417509
0.662
0.662
0.662
0.662
0.662
0.239953
0.662
0.660541
0.170221
0.235402
0.072303
0.269549
0.662
0.662
0.310847
0.129182
0.662
0.662
0.051977
0.662
0.662
0.0815652
0.123131
0.337888
0.662
0.662
0.651991
0.383707
0.662
0.662
0.325589
0.662
0.329517
0.662
0.35138
0.662
0.662
0.0227134
0.662
0.662
0.662
0.281183
0.662
0.662
0.662
0.662
0.313997
0.390946
0.662
0.662
0.450244
0.662
0.662
0.662
0.288818
0.662
0.662
0.000243711
0.350684
0.0338208
0.263137
0.326909
0.662
0.662
0.281028
0.662
0.310677
0.0508265
0.662
0.662
0.0443658
0.235317
0.662
0.171861
0.662
0.662
0.0410612
0.249085
0.662
0.493022
0.408321
0.229358
0.0729866
0.464753
0.0252018
0.662
0.431983
0.135648
0.320507
0.457978
0.344992
0.662
0.662
0.249343
