0.0928685
0.662
0.458012
0.435047
0.662
0.662
0.0841262
0.662
0.662
0.662
0.335494
0.275644
0.359845
0.662
0.662
0.118135
0.662
0.358766
0.309338
0.662
0.3842
0.292799
0.662
0.216841
0.662
0.662
0.196547
0.662
0.0253512
0.662
0.241072
0.45558
0.662
0.218124
0.662
0.206947
0.662
0.662
0.662
0.138449
0.203975
0.272776
0.662
0.662
0.662
0.662
0.445648
0.662
0.217013
0.173289
0.448535
0.662
0.662
0.11554
0.45264
0.639377
0.662
0.0945672
0.105901
0.0817065
0.331296
0.0250465
0.35197
0.662
0.111661
0.662
0.662
0.662
0.662
0.00696048
0.0631288
0.249856
0.662
0.662
0.0438733
0.312864
0.136846
0.214211
0.662
0.0434061
0.662
0.662
0.662
0.225905
0.662
0.0642737
0.405001
0.190719
0.662
0.398083
0.319103
0.0511008
0.206083
0.0502029
0.259424
0.662
0.662
0.662
0.338726
0.662
0.662
0.359328
0.662
0.0568144
0.662
0.662
0.662
0.0522423
0.662
0.662
0.662
0.662
0.454023
0.0164014
0.662
0.0964924
0.127959
0.662
0.260719
0.662
0.085055
0.269034
0.662
0.441039
0.386123
0.151374
0.662
0.3323
0.475355
0.662
0.662
0.662
0.662
0.441125
0.662
0.425606
0.662
0.662
0.616952
0.502384
0.662
0.0744943
0.662
0.662
0.662
0.280121
0.384582
0.370454
0.220412
0.662
0.11918
0.18604
0.662
0.287882
0.662
0.662
0.662
0.0187486
0.662
0.662
0.662
0.489228
0.467835
0.662
0.662
0.434929
0.139585
0.662
0.662
0.248003
0.250552
0.662
0.193733
0.408441
0.0894101
0.150007
0.63339
0.485377
0.267063
0.662
0.662
0.021153
0.459737
0.662
0.662
0.662
0.662
0.407713
0.662
0.662
0.0683345
0.662
0.300522
0.199315
0.0940992
0.399824
0.662
0.240022
0.2262
0.662
0.662
0.46223
0.105785
0.662
0.662
0.662
0.662
0.42603
0.662
0.339218
0.662
0.00847642
0.168094
0.248522
0.662
0.166468
0.0162603
0.554177
0.662
0.662
0.662
0.155912
0.221838
0.159824
0.189788
0.662
0.531095
0.506506
0.662
0.662
0.404104
0.463654
0.662
0.662
0.0190647
0.662
0.662
0.154678
0.662
0.47511
0.161166
0.662
0.111192
0.662
0.00961523
0.315542
0.662
0.376673
0.436391
0.418105
0.662
0.662
0.662
0.662
0.411612
0.191793
0.662
0.662
0.342444
0.662
0.662
0.172756
0.662
0.282482
0.185261
0.662
0.662
0.662
0.409273
0.662
0.662
0.662
0.662
0.419126
0.245534
0.662
0.662
0.662
0.0752485
0.662
0.049479
0.662
0.662
0.450717
0.662
0.662
0.211607
0.662
0.285334
0.662
0.464319
0.662
0.284607
0.662
0.34741
0.662
0.164015
0.662
0.662
0.662
0.662
0.662
0.0294478
0.662
0.325701
0.0298226
0.208536
0.388674
0.662
0.351031
0.662
0.464045
0.662
0.662
0.341174
0.244042
0.662
0.662
0.28014
0.662
0.395293
0.292936
0.662
0.482641
0.662
0.662
0.662
0.166831
0.402697
0.662
0.309809
0.662
0.662
0.0375746
0.662
0.662
0.662
0.662
0.0383425
0.10308
0.662
0.477161
0.662
0.263413
0.662
0.0921198
0.662
0.0655911
0.662
0.322672
0.662
0.662
0.662
0.153058
0.333861
0.594286
0.662
0.303649
0.0673328
0.468797
0.662
0.662
0.383588
0.413164
0.325268
0.306544
0.662
0.182281
0.525826
0.662
0.0540059
0.447058
0.208019
0.662
0.366676
0.502942
0.662
0.210525
0.662
0.0798914
0.662
0.371847
0.662
0.662
0.662
0.247568
0.662
0.662
0.112668
0.428691
0.215042
0.662
0.226875
0.0275259
0.437972
0.662
0.322411
0.0509527
0.401529
0.662
0.662
0.26105
0.662
0.662
0.662
0.662
0.116654
0.662
0.0385522
0.662
0.316501
0.0962043
0.133354
0.662
0.452755
0.457715
0.0619679
0.0882798
0.33538
0.662
0.203485
0.325902
0.575327
0.401715
0.460316
0.63339
0.662
0.254217
0.453844
0.386637
0.24966
0.662
0.662
0.135216
0.42017
0.662
0.147083
0.662
0.444813
0.662
0.0669504
0.662
0.0607259
0.662
0.662
0.422333
0.232962
0.662
0.138924
0.662
0.0668542
0.203619
0.482706
0.367453
0.662
0.662
0.108299
0.662
0.420171
0.241281
0.172077
0.662
0.662
0.00537896
0.662
0.662
0.662
0.662
0.0614815
0.662
0.104383
0.173131
0.427806
0.220373
0.662
0.662
0.123886
0.0116543
0.662
0.662
0.513761
0.662
0.662
0.662
0.662
0.423015
0.0850648
0.304088
0.397326
0.662
0.662
0.662
0.287907
0.662
0.662
0.662
0.662
0.079863
0.662
0.662
0.662
0.662
0.241514
0.0160645
0.0980777
0.662
0.662
0.662
0.662
0.221314
0.360869
0.662
0.32717
0.662
0.450291
0.662
0.662
0.457628
0.0796482
0.168799
0.662
0.294054
0.662
0.117168
0.662
0.444949
0.662
0.242837
0.272116
0.30096
0.662
0.662
0.662
0.240729
0.054366
0.662
0.662
0.662
0.662
0.556294
0.424569
0.106256
0.662
0.351922
0.662
0.37395
0.662
0.370772
0.00794963
0.380884
0.355532
0.662
0.662
0.662
0.0340978
0.662
0.662
0.662
0.0928591
0.662
0.557803
0.662
0.662
0.662
0.662
0.662
0.132072
0.209095
0.662
0.662
0.662
0.202529
0.013611
0.662
0.12317
0.00167001
0.420693
0.662
0.662
0.0823987
0.662
0.662
0.455351
0.0580812
0.662
0.0907161
0.662
0.0212249
0.662
0.510787
0.23594
0.662
0.662
0.662
0.662
0.228532
0.662
0.662
0.412949
0.662
0.662
0.36169
0.343842
0.45972
0.662
0.139852
0.662
0.142124
0.662
0.202237
0.221372
0.549409
0.45936
0.662
0.0265034
0.281821
0.0270751
0.476288
0.369046
0.256646
0.662
0.0677467
0.662
0.662
0.662
0.662
0.256507
0.662
0.407024
0.662
0.662
0.143386
0.629596
0.388346
0.428295
0.244988
0.662
0.662
0.619249
0.116234
0.288662
0.348732
0.662
0.213964
0.31286
0.188471
0.376321
0.282186
0.662
0.662
0.365325
0.219683
0.662
0.662
0.220168
0.662
0.662
0.662
0.267357
0.662
0.662
0.662
0.178662
0.424516
0.662
0.662
0.662
0.056108
0.662
0.0136299
0.662
0.662
0.662
0.243171
0.662
0.414825
0.236811
0.662
0.662
0.662
0.662
0.143912
0.591864
0.153248
0.662
0.069752
0.474321
0.62897
0.0677308
0.662
0.160416
0.150171
0.662
0.662
0.662
0.662
0.662
0.662
0.662
0.662
0.108585
0.662
0.662
0.662
0.662
0.662
0.662
0.442312
0.587986
0.662
0.365504
0.412303
0.322105
0.39814
0.662
0.662
0.0092449
0.0782482
0.662
0.662
0.179297
0.461431
0.662
0.662
0.303202
0.662
0.662
0.662
0.662
0.662
0.662
0.260006
0.168232
0.260518
0.093853
0.407768
0.351538
0.662
0.662
0.662
0.662
0.387103
0.169366
0.662
0.662
0.249688
0.662
0.0960933
0.662
0.662
0.140907
0.155926
0.662
0.488698
0.662
0.662
0.662
0.662
0.662
0.662
0.0434403
0.285614
0.662
0.662
0.662
0.662
0.29808
0.662
0.452247
0.662
0.256324
0.0595527
0.502326
0.467272
0.342556
0.0847285
0.209849
0.00305917
0.662
0.662
0.662
0.170531
0.152124
0.662
0.662
0.171975
0.212675
0.662
0.264638
0.662
0.662
0.0699705
0.662
0.24258
0.346126
0.327778
0.662
0.662
0.662
0.250359
0.414532
0.342891
0.662
0.662
0.354949
0.126959
0.301602
0.267659
0.322312
0.662
0.47083
0.364082
0.0599328
0.176982
0.337441
0.340374
0.249377
0.121095
0.595705
0.298727
0.662
0.287606
0.440772
0.067184
0.0726963
0.662
0.417762
0.457361
0.662
0.324572
0.116946
0.151043
0.630319
0.0968619
0.662
0.532148
0.662
0.662
0.175081
0.368341
0.413884
0.662
0.662
0.122724
0.374448
0.662
0.339044
0.662
0.662
0.540817
0.662
0.662
0.455744
0.208896
0.662
0.662
0.218592
0.415666
0.530628
0.241784
0.662
0.662
0.393983
0.662
0.475136
0.662
0.352636
0.662
0.662
0.662
0.190095
0.625447
0.662
0.662
0.662
0.662
0.233526
0.205729
0.662
0.40679
0.662
0.662
0.265652
0.662
0.131534
0.662
0.662
0.349945
0.662
0.189571
0.662
0.194664
0.0823962
0.662
0.33941
0.342358
0.662
0.662
0.16993
0.0360273
0.133158
0.309401
0.662
0.662
0.479868
0.23817
0.662
0.662
0.256455
0.359975
0.313774
0.662
0.519043
0.143251
0.662
0.662
0.0397657
0.0411078
0.151988
0.336097
0.662
0.662
0.201392
0.431382
0.184373
0.662
0.0288011
0.100631
0.391319
0.234044
0.662
0.662
0.133009
0.269218
0.662
0.662
0.662
