0.206947
0.662
0.662
0.285334
0.437417
0.662
0.662
0.457912
0.169366
0.030881
0.0543872
0.0607259
0.286447
0.662
0.662
0.243171
0.428295
0.662
0.662
0.662
0.155267
0.0895464
0.513788
0.662
0.364082
0.284607
0.662
0.662
0.139852
0.309401
0.1682
0.116654
0.366676
0.379989
0.662
0.0411191
0.662
0.116689
0.662
0.662
0.662
0.662
0.402697
0.662
0.110152
0.0434403
0.499543
0.662
0.433249
0.662
0.351031
0.662
0.662
0.0313716
0.662
0.662
0.293712
0.662
0.390152
0.343842
0.662
0.662
0.662
0.143307
0.0348539
0.270411
0.662
0.403653
0.501089
0.39814
0.662
0.662
0.662
0.662
0.442312
0.662
0.662
0.662
0.662
0.174254
0.662
0.387691
0.0804229
0.569463
0.405852
0.467835
0.662
0.0664296
0.662
0.187795
0.662
0.662
0.662
0.171975
0.662
0.662
0.0301014
0.662
0.161819
0.114836
0.289512
0.662
0.662
0.152124
0.662
0.662
0.482641
0.0595527
0.662
0.049657
0.662
0.441613
0.40679
0.190719
0.662
0.662
0.225029
0.182281
0.450291
0.351825
0.423015
0.662
0.662
0.662
0.210525
0.662
0.121095
0.285856
0.248466
0.267063
0.452247
0.662
0.662
0.0484058
0.374138
0.662
0.662
0.31286
0.422333
0.412303
0.389231
0.662
0.662
0.448535
0.662
0.158989
0.662
0.662
0.662
0.424569
0.662
0.662
0.10449
0.662
0.662
0.249377
0.662
0.662
0.662
0.112176
0.079863
0.292936
0.662
0.662
0.150171
0.662
0.662
0.160416
0.414825
0.435258
0.352636
0.288662
0.662
0.0940992
0.132072
0.662
0.662
0.353789
0.662
0.662
0.662
0.662
0.376321
0.336242
0.662
0.662
0.319103
0.232152
0.415879
0.662
0.662
0.0383425
0.662
0.662
0.323237
0.662
0.662
0.0677308
0.45304
0.234194
0.286457
0.662
0.662
0.30536
0.120523
0.662
0.283784
0.662
0.550865
0.662
0.215042
0.662
0.250552
0.410889
0.455744
0.662
0.444218
0.506506
0.03021
0.662
0.662
0.662
0.662
0.662
0.256507
0.273025
0.21397
0.662
0.0805234
0.662
0.173351
0.178766
0.662
0.662
0.255801
0.662
0.0752485
0.662
0.662
0.662
0.662
0.662
0.662
0.379699
0.662
0.401529
0.662
0.0452529
0.0968677
0.662
0.214239
0.662
0.662
0.662
0.0153362
0.662
0.662
0.662
0.662
0.662
0.0250465
0.662
0.351538
0.662
0.662
0.662
0.662
0.662
0.662
0.662
0.662
0.248003
0.662
0.202237
0.662
0.662
0.662
0.662
0.0943923
0.662
0.132811
0.662
0.36169
0.662
0.662
0.360869
0.340843
0.085055
0.414532
0.662
0.185261
0.662
0.662
0.216566
0.662
0.662
0.662
0.45558
0.296185
0.662
0.122574
0.357851
0.662
0.16103
0.662
0.179297
0.0503446
0.457628
0.185088
0.662
0.662
0.662
0.255401
0.460955
0.662
0.303649
0.273844
0.662
0.0265034
0.662
0.662
0.0682849
0.662
0.185944
0.662
0.42017
0.662
0.662
0.662
0.662
0.287882
0.151988
0.468382
0.175081
0.662
0.662
0.382674
0.404104
0.0718133
0.259424
0.00794963
0.662
0.662
0.662
0.662
0.260188
0.244042
0.440772
0.17263
0.662
0.662
0.0607933
0.237742
0.375836
0.662
0.662
0.119786
0.662
0.453844
0.662
0.662
0.554177
0.00270541
0.282757
0.12317
0.0980777
0.662
0.307079
0.662
0.189
0.662
0.662
0.292853
0.194458
0.356975
0.662
0.0201451
0.0866395
0.502384
0.662
0.662
0.662
0.662
0.159824
0.662
0.566419
0.0938046
0.662
0.662
0.662
0.662
0.399934
0.662
0.662
0.338397
0.662
0.604128
0.420693
0.662
0.662
0.383816
0.417762
0.662
0.255104
0.294054
0.662
0.253765
0.461431
0.662
0.662
0.662
0.662
0.662
0.662
0.662
0.662
0.243749
0.500382
0.662
0.662
0.662
0.0619679
0.662
0.221588
0.662
0.662
0.662
0.662
0.203247
0.0502029
0.397691
0.587986
0.463654
0.471759
0.236753
0.662
0.47083
0.209095
0.106256
0.151606
0.192571
0.662
0.370454
0.235746
0.100096
0.662
0.064038
0.662
0.159192
0.227658
0.319805
0.662
0.662
0.104658
0.397326
0.388674
0.662
0.0447796
0.0136299
0.0828276
0.218624
0.662
0.372376
0.0907161
0.295651
0.662
0.662
0.325268
0.662
0.126731
0.447485
0.662
0.662
0.662
0.662
0.662
0.662
0.662
0.126959
0.245534
0.616952
0.662
0.662
0.459737
0.432535
0.662
0.0303748
0.265652
0.0434061
0.348255
0.164015
0.662
0.0402664
0.0274649
0.241784
0.662
0.662
0.0329769
0.388256
0.662
0.662
0.0411078
0.662
0.662
0.662
0.408441
0.157237
0.186623
0.662
0.662
0.662
0.466074
0.325902
0.407024
0.143251
0.662
0.193733
0.662
0.662
0.487494
0.662
0.662
0.662
0.662
0.662
0.466401
0.482397
0.00305917
0.369046
0.171733
0.662
0.389686
0.662
0.314837
0.240729
0.389407
0.662
0.393983
0.662
0.662
0.365325
0.662
0.662
0.488698
0.211607
0.662
0.37395
0.662
0.201392
0.662
0.662
0.662
0.662
0.45264
0.662
0.662
0.218742
0.0796482
0.372421
0.662
0.662
0.662
0.342444
0.00961523
0.662
0.662
0.662
0.0521143
0.435047
0.662
0.662
0.281868
0.444949
0.662
0.224364
0.531095
0.662
0.662
0.296233
0.662
0.662
0.662
0.662
0.662
0.662
0.0596947
0.298731
0.662
0.170098
0.365504
0.0042706
0.380884
0.662
0.247568
0.662
0.662
0.662
0.662
0.662
0.172077
0.00769412
0.662
0.455351
0.244988
0.392182
0.482706
0.143912
0.662
0.232962
0.260088
0.662
0.398083
0.339044
0.315542
0.662
0.662
0.0511008
0.287907
0.274646
0.662
0.662
0.0187486
0.662
0.662
0.662
0.0385522
0.662
0.443427
0.302561
0.662
0.161166
0.460991
0.413884
0.662
0.391697
0.662
0.662
0.662
0.231321
0.662
0.662
0.105785
0.37229
0.662
0.662
0.135696
0.662
0.662
0.235473
0.0540059
0.438179
0.662
0.662
0.662
0.0298226
0.407713
0.173289
0.662
0.131123
0.0220848
0.269051
0.202529
0.594286
0.662
0.0440411
0.47511
0.221838
0.425606
0.170393
0.662
0.662
0.464319
0.0847285
0.662
0.662
0.264393
0.174373
0.115569
0.619249
0.662
0.460316
0.662
0.662
0.662
0.387103
0.0488527
0.662
0.662
0.316375
0.662
0.412949
0.662
0.491462
0.662
0.662
0.135289
0.662
0.260719
0.662
0.229519
0.327892
0.135105
0.662
0.447058
0.472368
0.662
0.662
0.583079
0.0850648
0.662
0.191056
0.0795846
0.662
0.0902437
0.662
0.015655
0.662
0.0288011
0.662
0.317882
0.662
0.0640027
0.155338
0.0710374
0.192948
0.238786
0.391319
0.264697
0.662
0.0616162
0.662
0.662
0.370799
0.662
0.223946
0.315974
0.662
0.268373
0.489228
0.546554
0.662
0.0164014
0.662
0.566937
0.662
0.128499
0.662
0.221314
0.662
0.662
0.662
0.358766
0.123886
0.45972
0.199717
0.662
0.662
0.662
0.348732
0.374448
0.662
0.662
0.29808
0.662
0.662
0.662
0.662
0.662
0.662
0.104011
0.376673
0.156349
0.662
0.169334
0.256646
0.179015
0.662
0.662
0.0092449
0.521707
0.383588
0.155101
0.430486
0.197893
0.662
0.662
0.662
0.662
0.662
0.399349
0.309809
0.221372
0.662
0.662
0.662
0.124156
0.479868
0.0894101
0.662
0.514839
0.278796
0.662
0.322411
0.662
0.320241
0.151043
0.662
0.281126
0.662
0.575564
0.662
0.278313
0.662
0.44743
0.0817065
0.341071
0.250359
0.662
0.444793
0.662
0.662
0.244674
0.431382
0.662
0.662
0.662
0.0464144
0.250388
0.662
0.494486
0.264638
0.136846
0.438436
0.32488
0.662
0.25182
0.220412
0.662
0.662
0.137224
0.662
0.662
0.662
0.662
0.281821
0.662
0.304088
0.662
0.662
0.662
0.153297
0.306541
0.150007
0.0110488
0.662
0.324572
0.662
0.42328
0.662
0.331012
0.139585
0.380307
0.662
0.386123
0.629596
0.0711985
0.260006
0.662
0.662
0.122724
0.0438733
0.331416
0.662
0.662
0.662
0.165937
0.662
0.0664416
0.662
0.0509527
0.0631288
0.662
0.272116
0.662
0.662
0.0602733
0.23594
0.662
0.0469968
