0.662
0.662
0.261734
0.662
0.662
0.662
0.15171
0.662
0.662
0.325822
0.662
0.169051
0.0845699
0.662
0.662
0.494082
0.172766
0.662
0.337467
0.376404
0.271347
0.662
0.662
0.326614
0.234842
0.239605
0.154995
0.127712
0.662
0.662
0.148934
0.26698
0.662
0.662
0.662
0.363824
0.662
0.662
0.662
0.662
0.210344
0.0630945
0.662
0.662
0.662
0.0821288
0.451372
0.216057
0.662
0.662
0.454856
0.470425
0.662
0.0410718
0.662
0.17026
0.00878619
0.125003
0.662
0.662
0.461167
0.082959
0.662
0.0981402
0.662
0.0708636
0.404755
0.146284
0.662
0.0709971
0.440634
0.482541
0.662
0.662
0.662
0.550496
0.0640954
0.662
0.337819
0.263693
0.662
0.662
0.308417
0.662
0.407826
0.40918
0.152759
0.449506
0.662
0.662
0.0729251
0.662
0.0624303
0.662
0.471456
0.322653
0.662
0.662
0.545266
0.662
0.0658426
0.662
0.0186055
0.459207
0.423981
0.662
0.628982
0.662
0.270081
0.662
0.662
0.662
0.425846
0.662
0.411684
0.662
0.590407
0.482767
0.662
0.296331
0.662
0.662
0.662
0.125506
0.0311464
0.662
0.662
0.662
0.662
0.476446
0.143932
0.39421
0.451332
0.662
0.662
0.662
0.662
0.117455
0.662
0.662
0.662
0.393229
0.662
0.662
0.0478567
0.0505694
0.198909
0.355678
0.0458777
0.399809
0.662
0.359772
0.662
0.365631
0.224965
0.513377
0.662
0.452039
0.662
0.422261
0.662
0.410225
0.352407
0.23951
0.662
0.662
0.662
0.662
0.662
0.0131647
0.662
0.161964
0.662
0.45229
0.24026
0.341174
0.662
0.662
0.662
0.0174279
0.662
0.128699
0.662
0.131071
0.234769
0.333802
0.662
0.662
0.662
0.662
0.662
0.662
0.055543
0.213943
0.662
0.360215
0.0775142
0.464975
0.662
0.662
0.070712
0.278705
0.36584
0.662
0.662
0.318131
0.662
0.135615
0.0431086
0.161664
0.0322249
0.662
0.344302
0.662
0.00606363
0.317091
0.662
0.662
0.171622
0.662
0.662
0.0731789
0.329148
0.107863
0.662
0.662
0.662
0.00515392
0.662
0.662
0.121051
0.234169
0.0315547
0.662
0.662
0.384
0.369883
0.165746
0.0685411
0.171819
0.268321
0.662
0.662
0.210657
0.349924
0.662
0.399833
0.662
0.662
0.353161
0.280758
0.662
0.662
0.662
0.662
0.0798905
0.114909
0.662
0.662
0.662
0.40576
0.662
0.24324
0.375836
0.611212
0.662
0.662
0.662
0.48774
0.662
0.662
0.357184
0.241365
0.662
0.662
0.662
0.662
0.332337
0.37782
0.662
0.662
0.662
0.092132
0.662
0.46847
0.662
0.0260722
0.662
0.428715
0.662
0.302168
0.662
0.424366
0.662
0.662
0.662
0.179669
0.662
0.423387
0.464039
0.415991
0.26987
0.662
0.662
0.161942
0.662
0.662
0.394485
0.0436287
0.662
0.662
0.662
0.662
0.122541
0.662
0.662
0.438492
0.662
0.662
0.278782
0.662
0.662
0.662
0.662
0.662
0.00386577
0.662
0.662
0.662
0.662
0.0583535
0.662
0.40136
0.464295
0.392889
0.114204
0.378824
0.662
0.305439
0.255132
0.424754
0.0473754
0.662
0.303618
0.662
0.662
0.662
0.662
0.0335619
0.301331
0.451505
0.120572
0.662
0.149828
0.194323
0.662
0.662
0.662
0.662
0.662
0.662
0.662
0.662
0.662
0.662
0.662
0.189293
0.662
0.662
0.280229
0.333993
0.394216
0.662
0.495408
0.377455
0.662
0.0798285
0.662
0.00167803
0.355241
0.13231
0.662
0.307849
0.662
0.444288
0.662
0.662
0.633943
0.00902142
0.662
0.662
0.662
0.296504
0.453488
0.248249
0.662
0.341482
0.662
0.138739
0.662
0.662
0.18066
0.474954
0.662
0.662
0.662
0.662
0.662
0.0716687
0.00877648
0.662
0.662
0.337118
0.384216
0.179782
0.463412
0.413707
0.662
0.662
0.115573
0.662
0.032133
0.662
0.662
0.287925
0.308007
0.662
0.00935515
0.662
0.233782
0.0777145
0.265947
0.662
0.662
0.662
0.662
0.662
0.662
0.662
0.662
0.327722
0.662
0.416286
0.160311
0.662
0.208012
0.627471
0.662
0.662
0.662
0.00562645
0.262655
0.662
0.662
0.371464
0.662
0.662
0.00736417
0.354555
0.662
0.662
0.431525
0.662
0.662
0.662
0.662
0.662
0.662
0.662
0.662
0.662
0.453402
0.305953
0.235161
0.662
0.250305
0.341731
0.662
0.662
0.405927
0.662
0.341872
0.299458
0.220769
0.662
0.0892419
0.662
0.662
0.111617
0.348421
0.343028
0.662
0.662
0.662
0.0865978
0.00185109
0.205414
0.0925045
0.662
0.173239
0.146554
0.292285
0.0120503
0.169342
0.662
0.00165754
0.662
0.662
0.662
0.312114
0.0934679
0.272176
0.662
0.19719
0.662
0.308038
0.662
0.662
0.662
0.662
0.662
0.411843
0.424965
0.662
0.21493
0.662
0.309819
0.311671
0.662
0.355904
0.662
0.662
0.281879
0.395448
0.19622
0.662
0.662
0.257
0.662
0.131986
0.459155
0.0175347
0.662
0.21065
0.662
0.324329
0.662
0.171205
0.662
0.662
0.662
0.105856
0.416018
0.662
0.568281
0.126615
0.19251
0.662
0.662
0.477897
0.195832
0.0299416
0.662
0.662
0.662
0.662
0.189644
0.662
0.662
0.421332
0.662
0.662
0.142422
0.0254927
0.662
0.662
0.662
0.121023
0.662
0.662
0.662
0.662
0.662
0.662
0.662
0.662
0.151964
0.662
0.662
0.471636
0.662
0.662
0.662
0.300838
0.44098
0.404263
0.662
0.296447
0.662
0.434753
0.662
0.662
0.541148
0.477312
0.408513
0.531706
0.662
0.662
0.662
0.662
0.662
0.069727
0.662
0.662
0.465143
0.295616
0.398074
0.662
0.448458
0.0201003
0.348298
0.662
0.379943
0.662
0.662
0.662
0.441062
0.365423
0.167128
0.662
0.662
0.106314
0.662
0.425465
0.662
0.662
0.662
0.247766
0.0451849
0.0381172
0.662
0.662
0.662
0.197196
0.662
0.662
0.227073
0.662
0.662
0.1357
0.131485
0.22752
0.662
0.00883478
0.345844
0.424947
0.35758
0.413074
0.154879
0.662
0.662
0.662
0.662
0.454116
0.415477
0.662
0.469434
0.662
0.662
0.662
0.219135
0.0361404
0.662
0.662
0.318225
0.0637852
0.662
0.231556
0.662
0.662
0.662
0.492967
0.662
0.409475
0.662
0.374082
0.450986
0.662
0.662
0.662
0.662
0.662
0.662
0.109906
0.010091
0.662
0.662
0.662
0.662
0.662
0.662
0.287832
0.662
0.662
0.0977402
0.662
0.662
0.394614
0.662
0.443758
0.662
0.263244
0.662
0.268
0.662
0.662
0.0789132
0.284133
0.662
0.662
0.249038
0.662
0.00476319
0.326265
0.119455
0.662
0.662
0.662
0.00689792
0.364167
0.662
0.662
0.662
0.273691
0.176026
0.662
0.662
0.662
0.662
0.240633
0.102622
0.475192
0.175763
0.273198
0.164962
0.662
0.662
0.662
0.56159
0.441679
0.102866
0.439184
0.173403
0.0442189
0.662
0.124492
0.0672295
0.0190466
0.662
0.431944
0.662
0.662
0.23814
0.22937
0.662
0.662
0.50368
0.662
0.662
0.288446
0.662
0.662
0.662
0.662
0.662
0.662
0.662
0.151995
0.089369
0.361072
0.0742071
0.662
0.361249
0.326613
0.662
0.411542
0.662
0.662
0.662
0.662
0.39605
0.480988
0.662
0.467177
0.662
0.662
0.662
0.184191
0.662
0.198211
0.662
0.662
0.374118
0.505433
0.47364
0.662
0.205112
0.662
0.662
0.222111
0.579297
0.662
0.101861
0.470038
0.662
0.185186
0.662
0.662
0.0447032
0.662
0.63339
0.313831
0.187491
0.17481
0.0358225
0.516704
0.662
0.662
0.662
0.662
0.0755786
0.662
0.275909
0.183376
0.662
0.311877
0.0959217
0.457225
0.414855
0.662
0.662
0.146056
0.264169
0.364819
0.460139
0.662
0.0253487
0.662
0.0269602
0.662
0.662
0.662
0.169011
0.305606
0.412982
0.276286
0.662
0.418925
0.290734
0.401049
0.662
0.662
0.0764422
0.383899
0.662
0.662
0.370599
0.235069
0.662
0.311823
0.662
0.404127
0.42044
0.136749
0.557304
0.445741
0.0619426
0.325285
0.209363
0.662
0.181465
0.46626
0.662
0.436258
0.662
0.662
0.392776
0.57312
0.662
0.51743
0.633694
0.455107
0.222062
0.662
0.450633
0.27788
0.550213
0.311056
0.662
0.490008
0.440026
0.662
0.517951
0.662
0.662
0.0751589
0.033422
0.239359
0.118073
0.471773
0.662
0.28905
0.359261
0.393982
0.662
0.662
0.106911
0.662
0.43896
0.662
0.362577
0.662
0.662
0.662
0.423799
0.662
0.459342
0.662
0.474949
0.662
0.454875
0.662
0.0121704
0.662
0.288646
0.662
0.662
0.262906
0.486934
0.218594
0.375243
0.662
0.662
0.662
0.44857
0.662
0.662
0.662
0.662
0.662
0.662
0.0298399
0.469812
0.0943312
0.662
0.662
0.653941
0.626308
0.662
0.158901
0.662
0.255877
0.662
0.662
0.662
0.662
0.662
0.662
0.662
0.662
0.214315
0.465951
0.662
0.662
0.662
0.246392
0.212479
0.662
0.662
0.153555
0.240313
0.202312
0.662
0.303846
0.662
0.187902
0.662
0.343192
0.158789
0.662
0.155171
0.227259
0.662
0.307232
0.281882
0.507709
0.662
0.310451
0.662
0.252937
0.432269
0.662
0.662
0.662
0.206071
0.370349
0.662
0.212889
0.310616
