0.295324
0.060227
0.388256
0.0318614
0.662
0.662
0.438212
0.0354546
0.381279
0.662
0.662
0.662
0.469389
0.662
0.662
0.0889108
0.662
0.662
0.338397
0.662
0.640248
0.133202
0.662
0.217711
0.662
0.662
0.662
0.47494
0.114836
0.316722
0.662
0.404193
0.316375
0.662
0.321035
0.662
0.203975
0.662
0.662
0.180271
0.662
0.401949
0.662
0.662
0.662
0.662
0.641132
0.662
0.398886
0.375084
0.324862
0.327376
0.103818
0.662
0.464583
0.662
0.662
0.538537
0.393645
0.662
0.662
0.662
0.662
0.662
0.662
0.662
0.362285
0.662
0.44612
0.211491
0.24947
0.662
0.662
0.662
0.318925
0.316501
0.563119
0.161746
0.662
0.662
0.37699
0.406843
0.243835
0.390833
0.662
0.197906
0.662
0.662
0.492055
0.0607933
0.662
0.30536
0.662
0.328303
0.662
0.662
0.662
0.183124
0.662
0.662
0.662
0.662
0.458885
0.662
0.662
0.457628
0.662
0.110809
0.662
0.213133
0.209244
0.27712
0.387973
0.253887
0.42372
0.244674
0.448119
0.662
0.662
0.662
0.372376
0.662
0.662
0.662
0.21466
0.662
0.218414
0.662
0.662
0.662
0.662
0.662
0.242706
0.356575
0.298724
0.662
0.662
0.23949
0.110152
0.238082
0.296952
0.133968
0.262117
0.350639
0.161166
0.204906
0.0182703
0.662
0.31246
0.409144
0.662
0.662
0.482397
0.239551
0.449756
0.266119
0.662
0.265652
0.662
0.662
0.471759
0.206947
0.0624489
0.662
0.662
0.662
0.662
0.654607
0.189395
0.662
0.404366
0.349247
0.242587
0.0619679
0.451645
0.230879
0.105827
0.662
0.662
0.662
0.410889
0.359547
0.0440411
0.662
0.639916
0.662
0.233361
0.662
0.1682
0.616952
0.147627
0.662
0.662
0.400957
0.662
0.486798
0.192948
0.662
0.0817065
0.317215
0.588275
0.427812
0.444586
0.662
0.300573
0.662
0.51916
0.175355
0.662
0.662
0.662
0.662
0.662
0.024295
0.234689
0.662
0.149008
0.662
0.662
0.662
0.662
0.662
0.662
0.363825
0.420889
0.264962
0.662
0.450135
0.457912
0.662
0.662
0.662
0.0543872
0.662
0.662
0.662
0.662
0.428757
0.662
0.662
0.662
0.242009
0.662
0.662
0.662
0.172567
0.263003
0.662
0.662
0.662
0.172295
0.662
0.662
0.176265
0.662
0.662
0.186079
0.387631
0.662
0.258813
0.662
0.468376
0.191869
0.662
0.662
0.662
0.221065
0.111661
0.428739
0.0710374
0.662
0.173351
0.332141
0.194854
0.662
0.0859774
0.662
0.00794963
0.302328
0.662
0.0279793
0.662
0.372296
0.507038
0.662
0.662
0.0464144
0.442217
0.662
0.0796482
0.28793
0.227805
0.245305
0.514621
0.662
0.0804229
0.662
0.0488244
0.181123
0.662
0.195611
0.662
0.662
0.662
0.662
0.662
0.662
0.463933
0.393468
0.446106
0.302387
0.300721
0.087373
0.327153
0.0168464
0.662
0.397225
0.0305902
0.662
0.662
0.0682342
0.290579
0.496115
0.159161
0.662
0.662
0.662
0.662
0.250519
0.309401
0.662
0.399349
0.662
0.662
0.0819297
0.662
0.221948
0.224423
0.662
0.301426
0.114171
0.275195
0.662
0.151706
0.0147944
0.662
0.662
0.662
0.662
0.231321
0.662
0.372503
0.662
0.662
0.662
0.662
0.662
0.374097
0.662
0.662
0.0911815
0.0831063
0.330937
0.662
0.662
0.41468
0.223545
0.662
0.662
0.662
0.662
0.0717011
0.0967707
0.662
0.662
0.0847285
0.662
0.0795971
0.351538
0.172654
0.662
0.662
0.662
0.438179
0.424487
0.331012
0.047599
0.662
0.662
0.225029
0.662
0.662
0.485546
0.662
0.662
0.662
0.20744
0.662
0.294335
0.662
0.662
0.662
0.472506
0.662
0.662
0.351825
0.662
0.37102
0.204603
0.662
0.662
0.0355501
0.30692
0.662
0.0822745
0.45108
0.662
0.662
0.662
0.386123
0.662
0.662
0.0731364
0.168219
0.211607
0.662
0.662
0.0174066
0.662
0.662
0.662
0.662
0.662
0.662
0.0972007
0.662
0.133586
0.194165
0.354993
0.0212249
0.662
0.0862088
0.662
0.662
0.662
0.662
0.662
0.220668
0.199352
0.662
0.662
0.349974
0.0902437
0.36651
0.418984
0.444739
0.662
0.662
0.662
0.0471063
0.662
0.662
0.662
0.311715
0.662
0.662
0.305308
0.418898
0.662
0.440922
0.229999
0.401823
0.357701
0.662
0.236835
0.662
0.662
0.363069
0.189122
0.662
0.662
0.239669
0.662
0.662
0.662
0.662
0.0305526
0.662
0.151988
0.662
0.272097
0.056108
0.313585
0.370454
0.662
0.340678
0.149207
0.339674
0.373544
0.325467
0.437
0.662
0.662
0.662
0.397433
0.030881
0.662
0.662
0.585938
0.662
0.662
0.400614
0.326523
0.662
0.662
0.662
0.662
0.662
0.264638
0.287239
0.662
0.662
0.424451
0.662
0.662
0.58142
0.662
0.662
0.199513
0.0283043
0.186588
0.662
0.186139
0.662
0.662
0.569463
0.0501446
0.662
0.662
0.662
0.662
0.662
0.662
0.387691
0.589787
0.662
0.24478
0.662
0.184416
0.189942
0.662
0.409156
0.0181458
0.662
0.662
0.662
0.662
0.21397
0.228132
0.275468
0.126615
0.662
0.350203
0.662
0.343649
0.662
0.662
0.0943923
0.662
0.39963
0.662
0.0499693
0.413884
0.0926691
0.662
0.44199
0.274064
0.241784
0.534561
0.201469
0.419691
0.359258
0.662
0.662
0.662
0.662
0.0735702
0.662
0.329905
0.662
0.32942
0.662
0.662
0.0209845
0.46254
0.470587
0.662
0.662
0.170396
0.445243
0.0724752
0.404171
0.662
0.662
0.0895812
0.662
0.662
0.662
0.662
0.473962
0.340263
0.662
0.217184
0.662
0.662
0.662
0.662
0.227814
0.482641
0.0049561
0.662
0.262234
0.372421
0.662
0.444403
0.662
0.204822
0.662
0.662
0.662
0.376758
0.662
0.0317627
0.166009
0.286457
0.662
0.662
0.267675
0.540925
0.662
0.662
0.662
0.662
0.662
0.662
0.662
0.662
0.662
0.320241
0.583079
0.662
0.662
0.662
0.448123
0.278796
0.455877
0.282186
0.662
0.662
0.662
0.662
0.198241
0.54528
0.154176
0.0762708
0.662
0.662
0.662
0.662
0.480508
0.662
0.0277781
0.179297
0.662
0.132067
0.217496
0.26925
0.662
0.0980777
0.662
0.164015
0.502326
0.662
0.662
0.0956412
0.662
0.662
0.662
0.377832
0.192571
0.0460914
0.662
0.1177
0.662
0.141729
0.46804
0.293411
0.662
0.662
0.662
0.0886841
0.285334
0.662
0.489267
0.109366
0.164927
0.604202
0.433155
0.662
0.239105
0.662
0.662
0.662
0.662
0.662
0.219722
0.259315
0.211614
0.662
0.331981
0.545802
0.0510072
0.662
0.662
0.281507
0.662
0.386082
0.662
0.55928
0.272631
0.662
0.662
0.467609
0.662
0.662
0.33821
0.042325
0.662
0.174882
0.000927661
0.662
0.0882834
0.458935
0.662
0.21066
0.662
0.361419
0.662
0.00712904
0.662
0.662
0.662
0.112534
0.662
0.222992
0.662
0.662
0.662
0.662
0.466005
0.662
0.662
0.0442961
0.386583
0.662
0.662
0.455172
0.662
0.0872764
0.662
0.662
0.662
0.0950634
0.662
0.662
0.00256567
0.380817
