0.10861
0.662
0.160416
0.662
0.0595527
0.662
0.662
0.662
0.201952
0.662
0.339218
0.37395
0.662
0.175368
0.348836
0.662
0.155926
0.433222
0.444218
0.662
0.662
0.149207
0.366806
0.461431
0.530628
0.234615
0.662
0.47083
0.314817
0.12992
0.662
0.384582
0.0298226
0.662
0.662
0.662
0.662
0.662
0.110266
0.0415379
0.662
0.0190647
0.429879
0.662
0.128287
0.284931
0.0928685
0.504507
0.662
0.193733
0.0576584
0.662
0.662
0.418251
0.662
0.662
0.0340978
0.460824
0.662
0.662
0.172576
0.662
0.388136
0.662
0.427806
0.079863
0.662
0.516487
0.662
0.0511008
0.662
0.469978
0.662
0.662
0.662
0.662
0.0631288
0.249377
0.164841
0.662
0.179901
0.662
0.662
0.431018
0.385599
0.662
0.662
0.216841
0.662
0.44673
0.163131
0.358766
0.662
0.662
0.662
0.105283
0.0484741
0.662
0.327778
0.662
0.662
0.250017
0.298727
0.128139
0.662
0.662
0.259856
0.371752
0.339196
0.0882798
0.563603
0.662
0.662
0.662
0.0549005
0.303202
0.662
0.279614
0.662
0.0328561
0.263413
0.662
0.156061
0.143251
0.380884
0.662
0.662
0.162245
0.340843
0.662
0.662
0.662
0.662
0.662
0.157078
0.662
0.391877
0.0124753
0.662
0.662
0.409451
0.662
0.306052
0.662
0.662
0.306544
0.112668
0.127088
0.526895
0.292936
0.273634
0.419413
0.662
0.000987174
0.662
0.662
0.662
0.606272
0.0493096
0.110071
0.0843121
0.287907
0.662
0.0753913
0.662
0.187523
0.388963
0.662
0.662
0.662
0.213703
0.137481
0.380596
0.285614
0.662
0.0607259
0.662
0.2557
0.0677308
0.127731
0.382227
0.218545
0.293712
0.662
0.662
0.662
0.0744943
0.662
0.295201
0.16993
0.112941
0.529009
0.328812
0.114731
0.203485
0.308334
0.662
0.38147
0.662
0.662
0.464037
0.662
0.662
0.662
0.662
0.0716222
0.133354
0.184373
0.662
0.662
0.662
0.476094
0.0844767
0.662
0.464979
0.662
0.00961523
0.662
0.662
0.154727
0.662
0.662
0.173289
0.370772
0.044799
0.662
0.662
0.662
0.138202
0.662
0.453844
0.662
0.662
0.209136
0.662
0.0540059
0.227433
0.662
0.662
0.176884
0.662
0.211858
0.662
0.662
0.284739
0.662
0.662
0.560415
0.151866
0.662
0.662
0.0669746
0.662
0.662
0.662
0.259688
0.662
0.482706
0.662
0.417123
0.662
0.0187486
0.247697
0.662
0.238188
0.662
0.662
0.380233
0.21407
0.662
0.662
0.662
0.662
0.322627
0.25369
0.0116543
0.203232
0.662
0.662
0.662
0.662
0.662
0.0434061
0.662
0.347928
0.158989
0.662
0.169503
0.195599
0.261948
0.662
0.104681
0.662
0.662
0.0728569
0.344785
0.662
0.662
0.662
0.260188
0.662
0.662
0.0718133
0.233544
0.1924
0.394603
0.662
0.590548
0.560559
0.662
0.662
0.662
0.343106
0.662
0.662
0.216902
0.662
0.260006
0.273043
0.662
0.216757
0.502384
0.247416
0.662
0.662
0.662
0.662
0.662
0.662
0.662
0.662
0.28803
0.413264
0.662
0.152886
0.207102
0.662
0.0162603
0.662
0.662
0.341977
0.662
0.283986
0.544936
0.233322
0.662
0.662
0.662
0.662
0.281868
0.662
0.441634
0.662
0.662
0.116444
0.0557494
0.662
0.662
0.662
0.19135
0.662
0.662
0.662
0.662
0.220168
0.662
0.662
0.662
0.662
0.414833
0.30141
0.212671
0.662
0.662
0.277651
0.662
0.662
0.662
0.662
0.662
0.662
0.662
0.174851
0.164884
0.548734
0.662
0.0461482
0.662
0.282006
0.662
0.662
0.662
0.344033
0.384835
0.384446
0.662
0.662
0.662
0.662
0.43949
0.0639195
0.215042
0.199567
0.662
0.662
0.662
0.359974
0.191664
0.424516
0.662
0.372218
0.662
0.662
0.154678
0.18604
0.464319
0.606418
0.265806
0.662
0.147083
0.263521
0.304675
0.122585
0.0172978
0.419213
0.662
0.175077
0.260447
0.662
0.32717
0.662
0.662
0.662
0.662
0.139722
0.326054
0.662
0.662
0.662
0.662
0.243152
0.662
0.662
0.220978
0.0931459
0.0286655
0.0694248
0.662
0.662
0.125402
0.259424
0.366022
0.662
0.662
0.112983
0.457715
0.170672
0.662
0.413041
0.662
0.199645
0.662
0.312786
0.662
0.662
0.179413
0.292014
0.662
0.662
0.662
0.230569
0.190095
0.662
0.662
0.289322
0.662
0.376321
0.117218
0.0507075
0.662
0.575076
0.662
0.662
0.662
0.20579
0.662
0.116052
0.209849
0.662
0.473
0.132072
0.340374
0.662
0.0509527
0.214973
0.662
0.662
0.662
0.662
0.452561
0.662
0.275917
0.662
0.662
0.383392
0.662
0.662
0.312864
0.662
0.106256
0.0360273
0.662
0.287606
0.662
0.415666
0.662
0.187511
0.662
0.662
0.397794
0.662
0.662
0.19551
0.339044
0.662
0.259809
0.191793
0.359845
0.662
0.32804
0.662
0.662
0.0312045
0.430486
0.662
0.100144
0.662
0.10679
0.280278
0.411925
0.662
0.308737
0.662
0.348732
0.453562
0.662
0.662
0.0159635
0.272116
0.662
0.30841
0.662
0.175221
0.662
0.201854
0.282482
0.662
0.662
0.152197
0.226386
0.662
0.0617459
0.662
0.662
0.40679
0.662
0.422691
0.662
0.662
0.316174
0.339673
0.292505
0.372716
0.662
0.662
0.662
0.0767169
0.331296
0.466261
0.662
0.397156
0.662
0.662
0.0438733
0.662
0.136846
0.196843
0.662
0.119757
0.246258
0.396276
0.662
0.0691144
0.261342
0.267357
0.662
0.662
0.497009
0.662
0.662
0.662
0.662
0.662
0.00135003
0.475986
0.275644
0.662
0.662
0.662
0.0112443
0.0481009
0.662
0.662
0.662
0.662
0.488571
0.662
0.662
0.662
0.662
0.169076
0.246474
0.662
0.0642737
0.662
0.662
0.662
0.320166
0.662
0.419467
0.064172
0.0673328
0.181881
0.374441
0.662
0.3042
0.662
0.662
0.288662
0.241994
0.662
0.243302
0.556994
0.662
0.084668
0.467186
0.0923092
0.662
0.333615
0.303678
0.064343
0.560339
0.662
0.182498
0.662
0.184498
0.0312992
0.662
0.316605
0.619249
0.359975
0.160792
0.168799
0.662
0.662
0.662
0.662
0.662
0.0935813
0.457612
0.0907161
0.0676734
0.304072
0.662
0.406393
0.662
0.662
0.148743
0.326069
0.0346844
0.181994
0.576532
0.662
0.662
0.662
0.662
0.0683345
0.662
0.486964
0.298175
0.662
0.365504
0.164794
0.301912
0.662
0.0429258
0.470746
0.0543471
0.662
0.111343
0.474321
0.662
0.460613
0.662
0.309338
0.415621
0.662
0.662
0.0253512
0.662
0.167778
0.349945
0.342891
0.662
0.662
0.0469968
0.481179
0.33403
0.326789
0.325701
0.0830496
0.662
0.36517
0.286564
0.662
0.0307972
0.412157
0.279249
0.218592
0.662
0.420171
0.662
0.662
0.506506
0.247791
0.331393
0.198101
0.171975
0.0522423
0.662
0.662
0.662
0.662
0.662
0.263446
0.662
0.662
0.409416
0.315542
0.138834
0.662
0.209822
0.662
0.243133
0.662
0.327256
0.662
0.662
0.662
0.662
0.0535622
0.662
0.662
0.0425503
0.295189
0.662
0.461688
0.0789064
0.662
0.662
0.470775
0.484082
0.438436
0.280585
0.662
0.662
0.379134
0.662
0.662
0.279039
0.27248
0.0396221
0.203619
0.662
0.0968619
0.662
0.662
0.662
0.38182
0.662
0.221372
0.662
0.662
0.455744
0.662
0.452755
0.218568
0.662
0.377334
0.662
0.662
0.178485
0.662
0.342358
0.662
0.434929
0.56513
0.149531
0.662
0.0215108
0.427939
0.487247
0.0412188
0.662
0.662
0.105785
0.12317
0.662
0.662
0.28836
0.662
0.138924
0.382177
0.662
0.662
0.662
0.166831
0.662
0.662
0.662
0.662
0.662
0.185502
0.662
0.662
0.449952
0.662
0.662
0.662
0.662
0.662
0.662
0.33538
0.184596
0.662
0.662
0.241946
0.196547
0.662
0.662
0.464654
0.360792
0.662
0.662
0.662
0.662
0.662
0.662
0.662
0.104383
0.265652
0.662
0.662
0.662
0.662
0.409273
0.194664
0.662
0.040938
0.662
0.415725
0.340621
0.143386
0.411612
0.122782
0.662
0.120773
0.662
0.662
0.662
0.662
0.662
0.662
0.662
0.662
0.430404
0.662
0.662
0.093853
0.0125142
0.532148
0.662
0.108299
0.662
0.383588
0.0411078
0.450717
0.662
0.468973
0.662
0.463654
0.557803
0.662
0.0288011
0.662
0.662
0.177
0.662
0.662
0.662
0.409327
0.662
0.662
0.127959
0.0317385
0.662
0.662
0.662
0.662
0.419897
0.273746
0.0275259
0.662
0.662
0.0294478
0.662
0.386637
0.662
0.299814
0.338726
0.589949
0.662
0.214271
0.662
0.213569
0.662
0.0713164
0.662
0.237881
0.01974
0.054366
0.301862
0.662
0.662
0.0332042
0.10449
0.662
0.191992
0.00361475
0.662
0.662
0.662
0.662
0.00140667
0.662
0.662
0.662
0.662
0.662
0.662
0.662
0.662
0.63339
0.662
0.662
0.662
0.575327
