0.304647
0.344302
0.301331
0.662
0.662
0.662
0.347541
0.662
0.239605
0.662
0.169051
0.662
0.0729251
0.553716
0.48774
0.325285
0.209363
0.662
0.369883
0.282006
0.662
0.295546
0.662
0.662
0.00562645
0.662
0.146284
0.662
0.0436287
0.326613
0.662
0.662
0.287925
0.471636
0.429589
0.374082
0.662
0.662
0.662
0.167128
0.362562
0.230863
0.662
0.662
0.272176
0.405927
0.662
0.662
0.197748
0.383899
0.662
0.662
0.308417
0.662
0.246392
0.662
0.161942
0.458351
0.662
0.662
0.662
0.662
0.662
0.212889
0.662
0.627471
0.662
0.387509
0.0555694
0.662
0.662
0.662
0.280229
0.351872
0.146056
0.454875
0.302168
0.359772
0.662
0.219135
0.662
0.662
0.662
0.662
0.662
0.662
0.662
0.662
0.662
0.40136
0.0260722
0.662
0.662
0.662
0.214315
0.341482
0.337819
0.149828
0.662
0.662
0.296331
0.662
0.00689792
0.364167
0.662
0.331544
0.662
0.413509
0.430921
0.662
0.662
0.662
0.662
0.310451
0.311056
0.384
0.662
0.662
0.257
0.131986
0.662
0.429263
0.662
0.337118
0.662
0.349924
0.662
0.662
0.341872
0.35758
0.662
0.406954
0.662
0.0887713
0.662
0.662
0.662
0.662
0.0742071
0.433069
0.662
0.415477
0.107681
0.662
0.662
0.311671
0.300838
0.662
0.662
0.194323
0.662
0.662
0.187491
0.404263
0.271347
0.662
0.662
0.662
0.47108
0.662
0.423799
0.399833
0.662
0.662
0.322653
0.4645
0.0335619
0.111617
0.248249
0.172272
0.187902
0.662
0.662
0.662
0.0322249
0.0934679
0.662
0.070712
0.09776
0.662
0.662
0.662
0.415387
0.662
0.392889
0.662
0.662
0.662
0.662
0.662
0.198211
0.124492
0.235161
0.0315547
0.662
0.413074
0.662
0.662
0.352407
0.662
0.662
0.662
0.662
0.118073
0.662
0.662
0.662
0.662
0.249303
0.662
0.662
0.233782
0.662
0.662
0.662
0.662
0.109768
0.0764422
0.270081
0.662
0.662
0.662
0.370349
0.436258
0.363824
0.662
0.662
0.662
0.169342
0.662
0.662
0.470543
0.376404
0.662
0.469434
0.469697
0.189832
0.356739
0.662
0.662
0.662
0.662
0.662
0.148934
0.13231
0.466997
0.662
0.464039
0.662
0.662
0.423387
0.662
0.662
0.662
0.24026
0.662
0.662
0.460139
0.448458
0.662
0.662
0.662
0.662
0.662
0.662
0.473845
0.0171604
0.662
0.662
0.662
0.307232
0.223631
0.662
0.592764
0.184377
0.423981
0.662
0.662
0.662
0.101861
0.0298399
0.662
0.662
0.662
0.128699
0.662
0.456144
0.662
0.113266
0.262655
0.662
0.662
0.392776
0.662
0.187966
0.509197
0.259965
0.662
0.310106
0.662
0.285329
0.0120503
0.42343
0.393229
0.662
0.451505
0.662
0.662
0.662
0.662
0.662
0.416447
0.37782
0.662
0.662
0.662
0.662
0.662
0.662
0.00902142
0.206413
0.151964
0.662
0.662
0.438339
0.360492
0.154879
0.00386577
0.207964
0.662
0.662
0.249038
0.218594
0.662
0.662
0.662
0.662
0.662
0.662
0.662
0.662
0.28905
0.662
0.379943
0.470847
0.457278
0.662
0.412982
0.662
0.662
0.449506
0.662
0.115573
0.590407
0.662
0.361249
0.474949
0.172612
0.141037
0.00883478
0.273198
0.662
0.662
0.191983
0.0977402
0.0777145
0.184984
0.662
0.662
0.15171
0.206071
0.662
0.151995
0.662
0.241365
0.212479
0.0708636
0.662
0.662
0.156096
0.082959
0.550496
0.42044
0.662
0.150152
0.662
0.298855
0.055543
0.0153077
0.662
0.662
0.662
0.131071
0.361072
0.662
0.494285
0.00736417
0.377455
0.425846
0.326265
0.243724
0.662
0.662
0.543268
0.662
0.662
0.649111
0.662
0.17481
0.662
0.295616
0.459207
0.39421
0.490888
0.662
0.662
0.370599
0.278782
0.662
0.662
0.407422
0.662
0.0442189
0.662
0.258041
0.032133
0.033422
0.662
0.662
0.220769
0.662
0.662
0.169011
0.305606
0.662
0.662
0.349726
0.662
0.662
0.371464
0.662
0.469812
0.662
0.607328
0.191394
0.183376
0.662
0.662
0.354312
0.519215
0.662
0.385409
0.662
0.010091
0.401287
0.662
0.662
0.662
0.662
0.662
0.0630945
0.662
0.0451849
0.662
0.303846
0.653941
0.172766
0.365423
0.207059
0.477897
0.431949
0.335458
0.452039
0.662
0.171622
0.662
0.222062
0.662
0.662
0.662
0.662
0.482767
0.353161
0.462142
0.662
0.181465
0.644918
0.418821
0.0673104
0.662
0.662
0.662
0.662
0.662
0.443758
0.662
0.662
0.662
0.427413
0.662
0.662
0.477831
0.662
0.662
0.662
0.662
0.662
0.662
0.662
0.278705
0.454116
0.318131
0.662
0.662
0.395448
0.662
0.471773
0.662
0.662
0.240633
0.307849
0.362736
0.441847
0.407826
0.404755
0.440634
0.0447032
0.127712
0.662
0.662
0.471456
0.42763
0.34611
0.265947
0.662
0.153605
0.554983
0.662
0.662
0.662
0.176026
0.329148
0.662
0.0417152
0.662
0.46847
0.205064
0.662
0.394485
0.308007
0.303676
0.131485
0.273691
0.662
0.450351
0.255877
0.0775142
0.106654
0.0456352
0.00515392
0.662
0.347548
0.0637852
0.662
0.0299416
0.341731
0.662
0.662
0.40918
0.411843
0.662
0.662
0.662
0.662
0.280758
0.111551
0.1444
0.275597
0.662
0.662
0.56159
0.303618
0.662
0.388161
0.662
0.662
0.341174
0.662
0.569672
0.0962291
0.43675
0.662
0.132871
0.662
0.19719
0.114204
0.365631
0.662
0.662
0.498886
0.305953
0.662
0.662
0.662
0.662
0.662
0.422261
0.662
0.662
0.662
0.662
0.451372
0.662
0.662
0.662
0.662
0.662
0.345844
0.189644
0.662
0.0647738
0.662
0.662
0.17026
0.00878619
0.635531
0.0716687
0.227073
0.662
0.662
0.461167
0.024783
0.467177
0.662
0.662
0.662
0.662
0.662
0.662
0.662
0.662
0.450633
0.27788
0.313324
0.662
0.0981402
0.51743
0.125003
0.428096
0.517951
0.203306
0.662
0.662
0.372623
0.662
0.00606363
0.662
0.0751589
0.198909
0.662
0.662
0.257146
0.415991
0.662
0.662
0.205112
0.662
0.129809
0.662
0.662
0.125506
0.662
0.531907
0.662
0.662
0.662
0.662
0.662
0.662
0.662
0.662
0.121023
0.164962
0.662
0.475183
0.662
0.158269
0.238863
0.662
0.662
0.662
0.359276
0.662
0.662
0.662
0.424366
0.662
0.662
0.662
0.0798905
0.662
0.317091
0.662
0.662
0.45229
0.255132
0.662
0.662
0.662
0.662
0.195718
0.662
0.662
0.662
0.662
0.287638
0.662
0.662
0.662
0.465951
0.662
0.0557323
0.662
0.662
0.279798
0.0629469
0.296504
0.662
0.662
0.343192
0.158789
0.626292
0.662
0.420459
0.394614
0.662
0.662
0.662
0.662
0.662
0.662
0.662
0.662
0.662
0.138739
0.662
0.464975
0.662
0.662
0.152836
0.662
0.26698
0.0789132
0.662
0.662
0.662
0.475192
0.375836
0.662
0.662
0.23951
0.0892419
0.235591
0.662
0.662
0.261734
0.662
0.662
0.21065
0.382744
0.355678
0.662
0.0311464
0.662
0.374118
0.662
0.662
0.662
0.334758
0.662
0.506038
0.662
0.0619426
0.451332
0.662
0.662
0.662
0.0186055
0.662
0.662
0.662
0.44857
0.399999
0.526696
0.662
0.662
0.153555
0.347866
0.237587
0.161664
0.348298
0.311877
0.662
0.358831
0.00165754
0.143723
0.47817
0.662
0.305439
0.24324
0.178636
0.662
0.459342
0.224965
0.662
0.152759
0.662
0.337467
0.0207446
0.414855
0.318225
0.662
0.662
0.662
0.263693
0.662
0.268805
0.0410718
0.662
0.50368
0.159886
0.199127
0.662
0.662
0.662
0.662
0.662
0.662
0.288646
0.662
0.662
0.662
0.662
0.449542
0.662
0.662
0.662
0.21493
0.662
0.168662
0.0902964
0.439184
0.216057
0.662
0.36249
0.662
0.662
0.092132
0.662
0.662
0.430581
0.179914
0.662
0.662
0.053721
0.662
0.463847
0.662
0.662
0.662
0.236964
0.247539
0.662
0.662
0.662
0.662
0.662
0.136749
0.333993
0.662
0.662
0.154995
0.662
0.662
0.456706
0.662
0.615863
0.662
0.662
0.662
0.662
0.662
0.00185109
0.0271406
0.662
0.662
0.232923
0.662
0.176446
0.662
0.662
0.431525
0.366388
0.662
0.122541
0.662
0.0851063
0.662
0.662
0.106314
0.0925045
0.662
0.662
0.662
0.662
0.0848921
0.254803
0.662
0.23814
0.22937
0.171205
0.662
0.351979
0.354555
0.662
0.0658426
0.662
0.0685411
0.152792
0.662
0.662
0.0577176
0.377319
0.089369
0.312114
0.297967
0.322778
0.454856
0.492967
0.662
0.662
0.438492
0.662
0.40576
0.0861894
0.439718
0.189165
0.0174279
0.662
0.102779
0.662
0.153074
0.662
0.662
0.662
0.662
0.662
0.44568
0.662
0.662
0.480988
0.452257
0.304535
0.662
0.173239
0.662
0.662
0.227124
0.284256
0.662
0.357184
0.0577432
0.417667
0.0198036
0.494082
0.662
0.378824
0.662
0.662
0.37772
0.662
0.190416
0.149444
0.292285
0.662
0.425001
0.568281
0.00685212
0.0361404
0.662
0.347197
0.109906
0.416018
0.662
0.662
0.662
0.161964
0.662
0.662
0.662
0.662
0.662
0.662
0.662
0.662
0.465143
0.662
0.541263
0.662
0.662
0.662
0.662
0.333294
