0.662
0.662
0.465588
0.662
0.570885
0.662
0.662
0.45036
0.199924
0.359237
0.50987
0.468931
0.662
0.662
0.662
0.662
0.238494
0.19875
0.662
0.121806
0.662
0.662
0.662
0.0317501
0.662
0.00136303
0.662
0.662
0.396315
0.662
0.662
0.662
0.662
0.0565269
0.662
0.662
0.474691
0.662
0.662
0.335706
0.662
0.662
0.421365
0.553993
0.103251
0.662
0.364776
0.662
0.141498
0.187225
0.376535
0.199749
0.662
0.660989
0.662
0.662
0.662
0.413362
0.225111
0.662
0.285841
0.0511815
0.491237
0.662
0.662
0.422315
0.0642591
0.0412356
0.662
0.262256
0.662
0.662
0.423087
0.31386
0.108174
0.0125642
0.662
0.472401
0.662
0.662
0.263438
0.411016
0.185369
0.662
0.662
0.662
0.662
0.36558
0.366677
0.662
0.662
0.247212
0.662
0.0588471
0.662
0.662
0.662
0.662
0.662
0.0173913
0.235909
0.373394
0.0776807
0.662
0.662
0.662
0.137239
0.476603
0.662
0.101717
0.662
0.662
0.662
0.662
0.662
0.469565
0.424388
0.662
0.662
0.662
0.662
0.662
0.455559
0.236409
0.662
0.662
0.0410903
0.662
0.662
0.662
0.327304
0.106283
0.662
0.360907
0.662
0.662
0.472726
0.0677809
0.662
0.435543
0.1674
0.452039
0.467951
0.273925
0.662
0.39451
0.60676
0.390187
0.395088
0.33755
0.662
0.401347
0.662
0.0819558
0.662
0.0468276
0.308572
0.436185
0.662
0.662
0.662
0.662
0.0551191
0.662
0.24085
0.662
0.328682
0.662
0.142432
0.400186
0.136718
0.662
0.662
0.662
0.266429
0.662
0.662
0.363539
0.0195704
0.544824
0.226931
0.662
0.662
0.406006
0.662
0.662
0.662
0.361415
0.662
0.662
0.662
0.211406
0.662
0.662
0.662
0.662
0.263544
0.662
0.662
0.114294
0.662
0.0997268
0.400613
0.662
0.662
0.106684
0.662
0.440543
0.662
0.662
0.149628
0.203833
0.662
0.369762
0.662
0.662
0.405926
0.184942
0.311359
0.347467
0.662
0.662
0.662
0.235283
0.662
0.662
0.662
0.662
0.662
0.219774
0.662
0.662
0.662
0.425624
0.662
0.662
0.271321
0.662
0.662
0.662
0.335344
0.342064
0.662
0.662
0.662
0.662
0.662
0.354836
0.662
0.222583
0.304366
0.662
0.662
0.662
0.372785
0.662
0.662
0.328846
0.662
0.662
0.28813
0.662
0.662
0.662
0.374619
0.306046
0.291294
0.161222
0.662
0.662
0.662
0.331452
0.345325
0.476851
0.662
0.438745
0.662
0.662
0.662
0.302808
0.662
0.0154417
0.662
0.29732
0.662
0.143599
0.662
0.662
0.662
0.432163
0.662
0.662
0.662
0.662
0.397314
0.662
0.452005
0.662
0.420334
0.662
0.662
0.365175
0.662
0.662
0.202638
0.285397
0.145207
0.662
0.24107
0.662
0.443405
0.321073
0.0523015
0.0331205
0.662
0.251529
0.662
0.662
0.270971
0.662
0.177931
0.109815
0.662
0.662
0.662
0.662
0.545646
0.175452
0.275906
0.662
0.464247
0.207659
0.662
0.405278
0.293085
0.252139
0.138956
0.394888
0.216304
0.27503
0.107034
0.31545
0.662
0.662
0.662
0.662
0.30129
0.662
0.662
0.184138
0.662
0.35829
0.662
0.456663
0.662
0.137212
0.591942
0.325824
0.662
0.283095
0.662
0.00473863
0.662
0.244154
0.662
0.662
0.234754
0.335054
0.662
0.662
0.242615
0.662
0.662
0.662
0.330527
0.662
0.461451
0.453707
0.337502
0.32959
0.119581
0.662
0.662
0.451061
0.308272
0.0642838
0.430718
0.292627
0.29346
0.662
0.662
0.0306539
0.662
0.662
0.213058
0.662
0.662
0.662
0.236938
0.662
0.111182
0.481471
0.662
0.662
0.662
0.662
0.662
0.314154
0.662
0.662
0.662
0.235841
0.662
0.662
0.662
0.543397
0.179737
0.509914
0.0188649
0.662
0.0506304
0.112035
0.662
0.398285
0.306584
0.380983
0.662
0.662
0.276667
0.192962
0.662
0.473056
0.662
0.350655
0.301453
0.662
0.46373
0.662
0.662
0.662
0.291026
0.662
0.444673
0.175426
0.662
0.662
0.662
0.662
0.662
0.0412624
0.662
0.287182
0.39582
0.211169
0.662
0.153598
0.232814
0.409366
0.409322
0.662
0.297635
0.662
0.438113
0.0696268
0.662
0.662
0.662
0.662
0.662
0.662
0.320882
0.662
0.407832
0.662
0.149492
0.662
0.662
0.234178
0.413028
0.662
0.662
0.662
0.00405665
0.416342
0.261858
0.662
0.209192
0.662
0.495507
0.355083
0.453566
0.662
0.381631
0.459085
0.662
0.662
0.662
0.662
0.257569
0.662
0.662
0.302247
0.433062
0.662
0.662
0.662
0.245033
0.662
0.181137
0.384312
0.25709
0.662
0.662
0.206224
0.1943
0.346588
0.662
0.483463
0.662
0.662
0.328501
0.45941
0.662
0.363629
0.407012
0.662
0.662
0.662
0.00258588
0.322819
0.397595
0.0389106
0.34341
0.229841
0.662
0.662
0.662
0.662
0.252422
0.662
0.662
0.512617
0.0370715
0.662
0.662
0.167913
0.662
0.35587
0.662
0.306183
0.662
0.662
0.662
0.0808739
0.323596
0.127961
0.43462
0.20285
0.50327
0.662
0.123851
0.435704
0.529129
0.317791
0.171898
0.511754
0.161434
0.662
0.662
0.662
0.0261165
0.662
0.171541
0.0524215
0.662
0.459275
0.662
0.662
0.363832
0.226368
0.662
0.662
0.317798
0.416009
0.662
0.35643
0.662
0.662
0.00144082
0.266056
0.662
0.662
0.0384299
0.275759
0.108372
0.662
0.464244
0.662
0.337733
0.662
0.463751
0.540595
0.196606
0.662
0.432459
0.290215
0.413127
0.0774297
0.662
0.662
0.252321
0.0605655
0.662
0.662
0.662
0.00549347
0.413352
0.662
0.12189
0.0175754
0.420187
0.0179033
0.185823
0.662
0.411796
0.662
0.662
0.461286
0.174937
0.599312
0.662
0.662
0.325609
0.296966
0.292656
0.233846
0.662
0.205665
0.662
0.385962
0.662
0.211277
0.662
0.662
0.585699
0.662
0.509625
0.281198
0.662
0.662
0.662
0.0146615
0.232759
0.0730003
0.662
0.283215
0.662
0.317333
0.662
0.0165131
0.662
0.285969
0.45579
0.381827
0.662
0.662
0.662
0.662
0.662
0.0214718
0.297917
0.396603
0.00848681
0.662
0.662
0.662
0.260348
0.456362
0.262994
0.662
0.662
0.00868975
0.418914
0.282658
0.662
0.662
0.451147
0.662
0.662
0.0958414
0.27122
0.293844
0.2832
0.0461772
0.294576
0.469512
0.662
0.381241
0.186285
0.662
0.426094
0.662
0.662
0.662
0.37908
0.662
0.662
0.662
0.662
0.662
0.662
0.0757115
0.395054
0.285085
0.206031
0.291803
0.662
0.0741755
0.662
0.662
0.662
0.662
0.421708
0.662
0.662
0.662
0.253497
0.662
0.500489
0.662
0.662
0.2466
0.247141
0.662
0.301756
0.662
0.334054
0.662
0.662
0.662
0.036881
0.662
0.297251
0.166779
0.662
0.633694
0.662
0.662
0.662
0.0780685
0.662
0.662
0.249872
0.447871
0.662
0.295885
0.263295
0.662
0.388625
0.482186
0.404246
0.504367
0.455067
0.662
0.662
0.662
0.662
0.500096
0.662
0.662
0.374065
0.662
0.316204
0.662
0.46414
0.662
0.662
0.662
0.119561
0.662
0.662
0.662
0.662
0.36824
0.662
0.662
0.662
0.386209
0.233239
0.253552
0.45212
0.662
0.662
0.217003
0.662
0.662
0.223189
0.662
0.0313699
0.504189
0.166546
0.662
0.406724
0.662
0.377009
0.302234
0.662
0.457754
0.338612
0.662
0.662
0.662
0.206824
0.662
0.461763
0.662
0.349462
0.329346
0.380204
0.342052
0.662
0.496188
0.662
0.225604
0.662
0.376488
0.52866
0.409084
0.662
0.464339
0.295354
0.180008
0.662
0.437654
0.662
0.662
0.662
0.662
0.213769
0.188517
0.662
0.0161204
0.603757
0.235969
0.662
0.138782
0.662
0.123567
0.662
0.662
0.44717
0.662
0.662
0.205218
0.662
0.662
0.25901
0.662
0.662
0.662
0.662
0.662
0.304105
0.662
0.662
0.662
0.0769914
0.0296584
0.662
0.332995
0.347068
0.0275022
0.000242954
0.249524
0.0606642
0.434393
0.270619
0.448812
0.662
0.662
0.662
0.662
0.662
0.662
0.662
0.662
0.662
0.286828
0.275087
0.256999
0.336111
0.662
0.662
0.430669
0.662
0.662
0.662
0.662
0.662
0.662
0.108174
0.662
0.662
0.146623
0.253025
0.662
0.662
0.662
0.134849
0.662
0.401678
0.199943
0.448238
0.662
0.140157
0.662
0.330187
0.662
0.29071
0.662
0.662
0.662
0.108079
0.662
0.662
0.21379
0.223834
0.380642
0.662
0.662
0.0349002
0.219915
0.662
0.662
0.662
0.468113
0.195094
0.662
0.662
0.662
0.499207
0.0072274
0.318587
0.149238
0.0630905
0.662
0.445916
0.662
0.662
0.160549
0.662
0.662
0.662
0.0760067
0.331914
0.662
0.662
0.0661519
0.662
0.662
0.458824
0.662
0.51493
0.214391
0.662
0.662
0.413259
0.102368
0.0962095
0.662
0.360126
0.662
0.662
0.396504
0.662
0.29995
0.0866051
0.440345
0.459213
0.662
0.00652313
0.662
0.391555
0.662
0.244536
0.284043
0.259769
0.336218
0.662
0.388724
0.662
0.662
0.18986
0.662
0.662
0.0726218
0.662
0.662
0.662
0.662
0.662
0.662
0.662
0.662
0.662
0.0926497
0.382666
0.473173
0.662
0.454231
0.297496
0.662
0.237397
0.107229
0.662
0.205183
0.662
0.662
0.22663
0.662
0.360125
0.566329
0.662
0.0590405
0.662
0.662
0.662
0.662
0.662
0.253094
0.63339
0.662
0.662
0.662
0.143166
0.662
0.0481469
0.662
0.404402
0.159346
0.328085
0.662
0.171118
0.662
0.662
0.662
0.662
0.156167
0.662
0.402536
0.662
0.662
0.662
0.43199
0.662
0.662
0.439241
0.131339
0.662
0.260239
0.322052
0.662
0.662
0.158888
0.662
