0.662
0.171047
0.292612
0.662
0.662
0.362463
0.118248
0.662
0.662
0.662
0.662
0.329943
0.662
0.662
0.377293
0.662
0.662
0.334851
0.431842
0.662
0.662
0.455523
0.662
0.662
0.319925
0.662
0.662
0.116532
0.662
0.662
0.273997
0.662
0.343844
0.368147
0.662
0.637016
0.459628
0.662
0.0704518
0.662
0.662
0.662
0.187235
0.662
0.426027
0.184995
0.430433
0.505059
0.662
0.153797
0.377341
0.662
0.662
0.113532
0.662
0.404403
0.202853
0.662
0.662
0.0414343
0.662
0.460424
0.662
0.354052
0.662
0.00509151
0.662
0.662
0.662
0.366335
0.427533
0.662
0.41641
0.662
0.317883
0.173654
0.529068
0.350684
0.459072
0.115003
0.662
0.662
0.160417
0.0311657
0.662
0.662
0.541607
0.408392
0.662
0.260619
0.662
0.2108
0.250019
0.662
0.662
0.0717054
0.662
0.0208624
0.277626
0.662
0.662
0.308414
0.164332
0.0148027
0.615712
0.00445684
0.662
0.253449
0.448043
0.662
0.662
0.662
0.662
0.662
0.460774
0.284975
0.662
0.0449958
0.113914
0.662
0.448393
0.662
0.662
0.486541
0.662
0.399768
0.438595
0.662
0.662
0.662
0.499011
0.581004
0.662
0.662
0.0367536
0.662
0.382508
0.345167
0.033632
0.662
0.230044
0.306801
0.662
0.662
0.264598
0.662
0.662
0.662
0.0163315
0.0207317
0.662
0.144805
0.353668
0.459555
0.267874
0.662
0.474058
0.442629
0.295794
0.662
0.527935
0.621831
0.198767
0.662
0.662
0.531955
0.234885
0.275275
0.249556
0.662
0.276146
0.0646637
0.662
0.662
0.361246
0.662
0.662
0.42939
0.662
0.662
0.662
0.318397
0.662
0.00970916
0.662
0.662
0.662
0.662
0.346241
0.662
0.662
0.40211
0.662
0.662
0.226357
0.662
0.662
0.662
0.0931153
0.213022
0.662
0.662
0.662
0.0252378
0.239089
0.146471
0.662
0.248291
0.662
0.394252
0.104287
0.662
0.662
0.648852
0.187143
0.662
0.0236272
0.0779352
0.662
0.662
0.662
0.304301
0.662
0.662
0.621005
0.0498369
0.662
0.0941122
0.209641
0.23944
0.248182
0.662
0.662
0.662
0.662
0.160175
0.276565
0.662
0.356805
0.662
0.662
0.425109
0.662
0.443688
0.232079
0.567009
0.247788
0.662
0.555988
0.230588
0.662
0.662
0.662
0.114931
0.662
0.0490502
0.662
0.365528
0.430024
0.662
0.461179
0.662
0.141018
0.207995
0.662
0.662
0.252314
0.510523
0.662
0.662
0.0733441
0.662
0.240348
0.662
0.147428
0.662
0.393035
0.662
0.319213
0.198731
0.662
0.187225
0.254042
0.662
0.24294
0.241015
0.0237637
0.490288
0.662
0.185274
0.445365
0.184498
0.389634
0.662
0.662
0.628155
0.662
0.662
0.662
0.0384489
0.662
0.662
0.421514
0.662
0.662
0.268775
0.662
0.662
0.325607
0.342171
0.0712234
0.662
0.0497845
0.263567
0.437286
0.227532
0.0437142
0.662
0.662
0.236105
0.423811
0.282799
0.662
0.250023
0.662
0.367893
0.662
0.662
0.208051
0.21176
0.144912
0.458244
0.0536556
0.243484
0.662
0.662
0.438419
0.662
0.662
0.422922
0.440805
0.662
0.447734
0.662
0.662
0.662
0.662
0.174197
0.662
0.662
0.662
0.662
0.337539
0.333142
0.662
0.213962
0.662
0.208694
0.231792
0.181593
0.662
0.662
0.41731
0.662
0.249196
0.662
0.0285969
0.662
0.662
0.216965
0.662
0.380039
0.364042
0.662
0.514664
0.662
0.164261
0.662
0.662
0.662
0.652548
0.662
0.662
0.291889
0.125896
0.039978
0.662
0.662
0.662
0.662
0.360807
0.662
0.271538
0.070583
0.0744382
0.662
0.273241
0.297499
0.411174
0.662
0.662
0.662
0.662
0.189977
0.662
0.662
0.48922
0.362204
0.0953553
0.13286
0.414023
0.206659
0.429714
0.662
0.662
0.662
0.387785
0.313638
0.329137
0.662
0.662
0.331975
0.662
0.662
0.40742
0.662
0.187391
0.322137
0.662
0.271693
0.370869
0.130187
0.662
0.662
0.266465
0.662
0.662
0.662
0.662
0.662
0.0681668
0.349951
0.662
0.662
0.421251
0.46003
0.474404
0.33857
0.497031
0.662
0.164465
0.432642
0.662
0.662
0.322228
0.163869
0.0149607
0.209478
0.356733
0.662
0.662
0.662
0.39626
0.450136
0.0407743
0.260681
0.662
0.471039
0.662
0.662
0.662
0.245348
0.255285
0.662
0.662
0.662
0.084596
0.080311
0.662
0.662
0.0973415
0.253715
0.296341
0.662
0.662
0.123379
0.662
0.0141483
0.662
0.0770385
0.662
0.662
0.404038
0.270025
0.662
0.662
0.264977
0.662
0.662
0.662
0.662
0.662
0.662
0.662
0.662
0.662
0.147737
0.0129201
0.662
0.662
0.564851
0.662
0.662
0.662
0.0168442
0.328801
0.367523
0.464257
0.0198366
0.429655
0.493164
0.662
0.662
0.203038
0.662
0.200205
0.662
0.452711
0.0914218
0.0554205
0.289361
0.662
0.662
0.326621
0.662
0.195514
0.662
0.114734
0.662
0.662
0.662
0.662
0.381671
0.662
0.365532
0.662
0.662
0.662
0.39117
0.662
0.662
0.662
0.662
0.392092
0.193298
0.662
0.573025
0.391159
0.662
0.662
0.365135
0.662
0.662
0.202823
0.378743
0.662
0.217328
0.662
0.392722
0.662
0.131066
0.364914
0.662
0.379461
0.662
0.324088
0.534382
0.662
0.174183
0.298175
0.662
0.102973
0.662
0.0882216
0.36897
0.105115
0.662
0.662
0.662
0.50294
0.382741
0.662
0.482102
0.662
0.617997
0.26165
0.659223
0.662
0.340535
0.0369607
0.662
0.662
0.662
0.662
0.210668
0.391067
0.0206707
0.274739
0.662
0.361729
0.662
0.289025
0.286167
0.662
0.0506051
0.662
0.400791
0.662
0.348835
0.247019
0.229751
0.662
0.400176
0.662
0.662
0.662
0.466574
0.662
0.0395142
0.418118
0.212715
0.475789
0.662
0.271496
0.662
0.519969
0.662
0.662
0.662
0.636399
0.662
0.341933
0.456191
0.662
0.426166
0.31388
0.299854
0.197811
0.662
0.0585224
0.662
0.390896
0.281437
0.260511
0.662
0.268309
0.662
0.662
0.662
0.662
0.662
0.662
0.662
0.662
0.662
0.182032
0.408431
0.662
0.504137
0.662
0.329559
0.662
0.662
0.321279
0.453727
0.662
0.662
0.662
0.662
0.662
0.360558
0.662
0.662
0.498942
0.180873
0.269913
0.348173
0.662
0.131638
0.337457
0.23226
0.662
0.662
0.662
0.461433
0.0227881
0.103842
0.187743
0.399698
0.662
0.208839
0.662
0.599978
0.662
0.337719
0.296457
0.0300018
0.662
0.301743
0.4294
0.432148
0.171904
0.210808
0.662
0.662
0.662
0.355253
0.404611
0.477404
0.662
0.168561
0.347491
0.229601
0.140005
0.0212717
0.662
0.0192779
0.662
0.662
0.451983
0.455396
0.662
0.662
0.662
0.662
0.26709
0.21894
0.309186
0.500297
0.0225023
0.662
0.662
0.662
0.305952
0.662
0.00308289
0.251903
0.662
0.662
0.662
0.662
0.662
0.378332
0.662
0.662
0.500054
0.662
0.662
0.662
0.662
0.662
0.326976
0.662
0.662
0.662
0.662
0.662
0.238099
0.375623
0.662
0.662
0.662
0.662
0.662
0.158403
0.0279864
0.378198
0.662
0.662
0.662
0.662
0.662
0.662
0.662
0.333755
0.662
0.0998382
0.421646
0.45896
0.421019
0.250967
0.662
0.662
0.0824442
0.662
0.131695
0.307069
0.662
0.456953
0.662
0.089287
0.389322
0.0485997
0.0349725
0.233718
0.125482
0.662
0.227134
0.662
0.662
0.00551665
0.662
0.394257
0.0690754
0.255007
0.459342
0.662
0.662
0.662
0.662
0.266225
0.00494359
0.195431
0.662
0.662
0.362196
0.662
0.0921835
0.662
0.662
0.171382
0.326096
0.662
0.662
0.662
0.0920057
0.469682
0.662
0.662
0.662
0.106704
0.159356
0.662
0.131253
0.662
0.662
0.471852
0.467904
0.0345655
0.662
0.322658
0.662
0.388544
0.662
0.662
0.0911145
0.662
0.139563
0.159282
0.662
