0.311825
0.341372
0.662
0.089369
0.0723697
0.662
0.169011
0.0226565
0.398074
0.120306
0.662
0.662
0.227259
0.662
0.0525001
0.662
0.662
0.662
0.662
0.662
0.662
0.249771
0.1534
0.0702362
0.184591
0.662
0.662
0.0139814
0.662
0.145126
0.462051
0.662
0.662
0.0892419
0.662
0.662
0.0427512
0.142523
0.662
0.662
0.0777145
0.662
0.662
0.201363
0.662
0.662
0.0931295
0.662
0.308744
0.131071
0.318577
0.388485
0.374966
0.662
0.662
0.0596311
0.191516
0.156184
0.662
0.662
0.662
0.662
0.662
0.662
0.0107377
0.662
0.662
0.375358
0.662
0.662
0.279359
0.662
0.662
0.662
0.31705
0.545266
0.662
0.662
0.341872
0.662
0.662
0.662
0.662
0.662
0.662
0.400246
0.662
0.662
0.662
0.146719
0.121023
0.0284558
0.139349
0.662
0.662
0.384
0.662
0.154648
0.464039
0.662
0.662
0.373138
0.662
0.359772
0.662
0.662
0.178832
0.662
0.257977
0.662
0.286445
0.662
0.0324348
0.583309
0.662
0.101179
0.662
0.662
0.662
0.183552
0.0381172
0.158901
0.662
0.662
0.662
0.662
0.662
0.662
0.326613
0.349137
0.662
0.126638
0.662
0.202691
0.431236
0.662
0.459225
0.391815
0.662
0.662
0.662
0.659593
0.287638
0.662
0.662
0.662
0.662
0.200681
0.269791
0.459342
0.103355
0.626308
0.266732
0.151964
0.225458
0.662
0.662
0.427522
0.662
0.193621
0.662
0.662
0.360201
0.662
0.662
0.662
0.165746
0.169456
0.662
0.195624
0.662
0.662
0.0786705
0.392776
0.662
0.229854
0.662
0.44857
0.662
0.0447032
0.662
0.662
0.189644
0.171611
0.371885
0.662
0.662
0.337145
0.662
0.12585
0.0125228
0.158798
0.662
0.18329
0.0906251
0.662
0.0850236
0.662
0.662
0.662
0.121547
0.325285
0.252854
0.10709
0.662
0.0865978
0.662
0.662
0.662
0.244707
0.662
0.234842
0.662
0.662
0.662
0.662
0.662
0.662
0.271715
0.363824
0.662
0.662
0.662
0.301178
0.279917
0.662
0.100835
0.662
0.00130584
0.662
0.343028
0.185723
0.405849
0.232623
0.43394
0.662
0.662
0.662
0.662
0.662
0.662
0.662
0.662
0.662
0.662
0.432414
0.662
0.662
0.662
0.493046
0.554222
0.662
0.662
0.662
0.662
0.480988
0.662
0.662
0.662
0.662
0.415991
0.662
0.09217
0.662
0.662
0.216086
0.295305
0.662
0.423799
0.662
0.414222
0.173239
0.662
0.662
0.662
0.365631
0.142422
0.662
0.184766
0.662
0.662
0.192842
0.662
0.662
0.450552
0.310451
0.662
0.333406
0.237248
0.026265
0.289028
0.313688
0.662
0.662
0.409475
0.393697
0.106314
0.169051
0.089526
0.102915
0.662
0.209938
0.662
0.459321
0.287832
0.468655
0.662
0.0201003
0.662
0.479829
0.249015
0.662
0.662
0.629142
0.425465
0.662
0.662
0.198909
0.662
0.662
0.662
0.216057
0.236838
0.171599
0.0121704
0.662
0.386136
0.581641
0.477897
0.662
0.662
0.662
0.662
0.662
0.218594
0.662
0.000124748
0.193132
0.24874
0.662
0.149291
0.662
0.662
0.662
0.322162
0.103274
0.364245
0.662
0.563613
0.430593
0.662
0.189408
0.0121681
0.338868
0.053351
0.359968
0.279573
0.662
0.662
0.662
0.662
0.662
0.662
0.662
0.413467
0.535976
0.239506
0.662
0.662
0.0157512
0.662
0.331563
0.662
0.0696961
0.479849
0.662
0.340442
0.662
0.264842
0.662
0.0492404
0.662
0.350311
0.115647
0.662
0.284979
0.174261
0.662
0.275655
0.477312
0.662
0.26698
0.293391
0.662
0.252668
0.409376
0.662
0.301296
0.662
0.502691
0.613662
0.152232
0.301775
0.407032
0.104696
0.662
0.239605
0.662
0.00626385
0.662
0.279046
0.429752
0.662
0.662
0.145082
0.350131
0.103636
0.404127
0.662
0.154826
0.662
0.662
0.349401
0.57746
0.662
0.662
0.662
0.404263
0.190993
0.407826
0.59577
0.662
0.390485
0.662
0.198211
0.662
0.662
0.264603
0.537217
0.662
0.207387
0.51819
0.13571
0.428738
0.662
0.662
0.371036
0.662
0.662
0.662
0.290734
0.082959
0.662
0.662
0.270128
0.320974
0.662
0.662
0.127933
0.106911
0.134711
0.329426
0.633694
0.662
0.662
0.172766
0.662
0.662
0.662
0.4217
0.372481
0.506893
0.662
0.514517
0.333993
0.29938
0.662
0.662
0.57067
0.662
0.45558
0.662
0.662
0.662
0.322653
0.0279367
0.662
0.662
0.662
0.662
0.662
0.139846
0.662
0.662
0.662
0.662
0.180856
0.107863
0.662
0.662
0.453049
0.653941
0.205294
0.662
0.662
0.662
0.47563
0.187648
0.270047
0.662
0.662
0.662
0.662
0.369203
0.0672295
0.464665
0.662
0.00606363
0.662
0.662
0.0259834
0.32587
0.394485
0.0798905
0.177235
0.280758
0.662
0.662
0.21654
0.018619
0.623101
0.662
0.662
0.114838
0.662
0.475878
0.35043
0.662
0.139899
0.0936293
0.156028
0.662
0.406534
0.662
0.662
0.662
0.662
0.070707
0.662
0.056601
0.662
0.399833
0.662
0.662
0.432963
0.662
0.662
0.0113499
0.662
0.144495
0.46626
0.410225
0.662
0.662
0.436258
0.662
0.157314
0.662
0.250295
0.413596
0.662
0.455907
0.662
0.662
0.139138
0.459918
0.662
0.662
0.662
0.662
0.461728
0.184191
0.066505
0.662
0.0442189
0.43137
0.662
0.582602
0.662
0.662
0.662
0.662
0.662
0.362494
0.316536
0.662
0.662
0.419126
0.339134
0.184829
0.25169
0.662
0.0566459
0.662
0.119163
0.246084
0.129884
0.40576
0.662
0.125206
0.349924
0.662
0.408165
0.44098
0.662
0.662
0.662
0.662
0.325284
0.131062
0.662
0.662
0.482541
0.662
0.662
0.469082
0.0928948
0.490854
0.662
0.0912089
0.662
0.662
0.405103
0.662
0.662
0.662
0.662
0.662
0.662
0.440634
0.330376
0.662
0.662
0.662
0.662
0.453402
0.662
0.347628
0.662
0.0246393
0.352407
0.125873
0.195647
0.264893
0.662
0.662
0.662
0.268678
0.662
0.662
0.662
0.36364
0.388027
0.654234
0.139498
0.662
0.662
0.156398
0.292513
0.662
0.12318
0.662
0.662
0.662
0.662
0.18984
0.662
0.465951
0.662
0.34373
0.438632
0.288181
0.436095
0.662
0.18508
0.195142
0.283886
0.355904
0.662
0.192029
0.303637
0.447881
0.184449
0.662
0.662
0.662
0.662
0.296855
0.253138
0.0183835
0.0298399
0.662
0.49901
0.662
0.662
0.662
0.22991
0.189069
0.454856
0.662
0.662
0.662
0.341482
0.528102
0.418638
0.662
0.419055
0.252193
0.611212
0.450872
0.559838
0.321811
0.214207
0.0225564
0.662
0.0598512
0.0157851
0.662
0.662
0.662
0.662
0.240633
0.662
0.433891
0.662
0.662
0.11472
0.662
0.662
0.282026
0.302155
0.176736
0.473737
0.662
0.662
0.543575
0.495713
0.324428
0.662
0.662
0.662
0.307333
0.662
0.662
0.107439
0.161942
0.662
0.481528
0.0828163
0.412013
0.662
0.662
0.662
0.369311
0.662
0.204609
0.301323
0.393644
0.662
0.380503
0.109616
0.662
0.662
0.476446
0.140231
0.662
0.310616
0.662
0.367709
0.662
0.392929
0.101961
0.270992
0.381731
0.662
0.662
0.662
0.662
0.662
0.662
0.662
0.662
0.301331
0.476248
0.172604
0.0460961
0.662
0.151924
0.222062
0.409644
0.662
0.20812
0.092132
0.662
0.662
0.461167
0.314386
0.662
0.662
0.229099
0.662
0.476472
0.354986
0.247789
0.0509994
0.0298582
0.662
0.0891652
0.413877
0.556831
0.662
0.355171
0.662
0.662
0.662
0.662
0.662
0.662
0.662
0.662
0.662
0.662
0.0662093
0.301703
0.662
0.122104
0.662
0.662
0.662
0.230393
0.662
0.4457
0.662
0.599591
0.662
0.662
0.662
0.0640954
0.662
0.402701
0.662
0.662
0.662
0.451332
0.450986
0.662
0.662
0.662
0.662
0.662
0.662
0.416014
0.662
0.662
0.662
0.662
0.418718
0.662
0.662
0.00883478
0.662
0.662
0.662
0.662
0.662
0.411542
0.662
0.393195
0.662
0.465143
0.307232
0.00165754
0.662
0.0709971
0.662
0.22937
0.662
0.00540364
0.662
0.662
0.662
0.177611
0.662
0.662
0.00476319
0.662
0.374118
0.370914
0.662
0.505433
0.662
0.662
0.266908
0.662
0.358343
0.662
0.662
0.112382
0.662
0.662
0.0624303
0.347826
0.0469259
0.662
0.264432
0.662
0.662
0.428386
0.662
0.054878
0.662
0.662
0.662
0.253865
0.662
0.31273
0.0322249
0.253308
0.662
0.662
0.33064
0.517951
0.0120503
0.662
0.470428
0.0467839
0.63011
0.423387
0.0525292
0.167039
0.662
0.15171
0.22416
0.374361
0.160311
0.431334
0.662
0.662
0.662
0.634532
0.345844
0.662
0.0731789
0.345148
0.662
0.662
0.662
0.662
0.177642
0.662
0.662
0.662
0.424965
0.332723
0.656658
0.662
0.457225
0.662
0.662
0.662
0.662
0.4734
0.662
0.662
0.397505
0.158409
0.662
0.662
0.662
0.458624
0.662
0.379345
0.662
0.443717
0.288186
0.310304
0.662
0.424947
0.39421
0.318955
0.662
0.36179
0.228666
0.662
0.662
0.432491
0.280977
0.662
0.0832352
0.662
0.156115
0.662
0.105519
0.0353885
0.662
0.27012
0.662
0.662
0.492461
0.662
0.662
0.16192
0.0358469
0.662
0.662
0.662
0.662
0.662
0.398579
0.298605
0.273097
0.471636
0.256545
0.662
0.662
0.413097
0.662
0.0199148
0.424754
0.14309
0.0502758
0.662
0.662
0.249604
0.662
0.662
0.662
0.662
0.0878017
0.231966
0.464975
0.662
0.0431086
0.0755746
0.662
0.451372
0.183376
