0.662
0.662
0.407441
0.122068
0.662
0.307281
0.442799
0.14613
0.0661596
0.12511
0.421478
0.662
0.662
0.662
0.662
0.243192
0.21161
0.662
0.662
0.662
0.203734
0.662
0.0363232
0.662
0.495559
0.504036
0.662
0.5119
0.00756593
0.257347
0.420741
0.662
0.321394
0.662
0.422195
0.662
0.00215625
0.662
0.0657334
0.358488
0.662
0.530905
0.10641
0.662
0.662
0.662
0.191772
0.662
0.662
0.662
0.212946
0.363027
0.261234
0.199224
0.496875
0.466183
0.649771
0.520214
0.662
0.662
0.662
0.662
0.0721485
0.662
0.384202
0.447579
0.437674
0.187653
0.319489
0.662
0.662
0.662
0.454656
0.140469
0.662
0.662
0.662
0.346534
0.261101
0.662
0.633391
0.276179
0.662
0.531039
0.662
0.53366
0.2587
0.662
0.662
0.0089814
0.662
0.662
0.662
0.662
0.662
0.0747472
0.469456
0.0196883
0.662
0.370429
0.288752
0.662
0.662
0.662
0.0209605
0.476065
0.662
0.662
0.128589
0.0124692
0.0372765
0.307494
0.662
0.353906
0.662
0.449497
0.0174339
0.662
0.662
0.662
0.662
0.358921
0.662
0.465059
0.544296
0.421366
0.217642
0.662
0.662
0.662
0.662
0.662
0.582756
0.578073
0.168595
0.412467
0.662
0.168369
0.662
0.662
0.662
0.257793
0.662
0.662
0.662
0.221466
0.310681
0.662
0.192273
0.662
0.305165
0.662
0.662
0.189348
0.662
0.416823
0.253753
0.662
0.0544138
0.662
0.365206
0.662
0.662
0.143776
0.662
0.0134553
0.480321
0.662
0.402035
0.309887
0.427862
0.329838
0.412275
0.662
0.662
0.662
0.662
0.5388
0.662
0.662
0.662
0.447103
0.662
0.662
0.344791
0.662
0.662
0.195388
0.662
0.173639
0.662
0.662
0.396761
0.662
0.209572
0.662
0.662
0.662
0.0134743
0.457813
0.357426
0.0333597
0.662
0.662
0.00744307
0.240356
0.662
0.110523
0.662
0.0428827
0.589945
0.662
0.0332495
0.662
0.662
0.19238
0.662
0.0649365
0.247684
0.662
0.662
0.0146291
0.188234
0.238366
0.129228
0.662
0.662
0.344567
0.662
0.662
0.277174
0.662
0.662
0.662
0.662
0.371636
0.662
0.662
0.662
0.0340535
0.379511
0.662
0.233239
0.662
0.387862
0.662
0.216489
0.151191
0.662
0.662
0.662
0.254445
0.0308136
0.296474
0.662
0.662
0.662
0.662
0.662
0.322347
0.393394
0.662
0.205916
0.154501
0.662
0.662
0.662
0.611978
0.662
0.399042
0.404433
0.662
0.662
0.662
0.0678636
0.662
0.662
0.662
0.662
0.0279696
0.340959
0.662
0.570254
0.316045
0.662
0.0439198
0.662
0.137395
0.662
0.103456
0.376824
0.236727
0.576746
0.662
0.350352
0.404356
0.662
0.662
0.662
0.16336
0.662
0.280611
0.662
0.117662
0.662
0.662
0.662
0.662
0.0968146
0.205721
0.662
0.0604403
0.662
0.613906
0.662
0.15998
0.286157
0.367404
0.383044
0.453432
0.338083
0.662
0.662
0.381694
0.662
0.662
0.662
0.662
0.432146
0.662
0.360943
0.662
0.662
0.662
0.0862107
0.662
0.662
0.460755
0.662
0.237769
0.269418
0.264328
0.41675
0.0936595
0.391462
0.373305
0.662
0.277776
0.107129
0.662
0.400565
0.662
0.369701
0.633391
0.662
0.662
0.309764
0.662
0.662
0.662
0.662
0.662
0.662
0.662
0.662
0.237059
0.375307
0.662
0.331145
0.662
0.20886
0.563203
0.426494
0.662
0.662
0.662
0.175921
0.662
0.662
0.662
0.00664102
0.662
0.662
0.452301
0.662
0.188707
0.662
0.662
0.662
0.662
0.662
0.127033
0.662
0.012717
0.0556218
0.662
0.205265
0.662
0.645172
0.662
0.263864
0.662
0.662
0.662
0.662
0.380134
0.0914615
0.662
0.662
0.662
0.142564
0.662
0.237333
0.662
0.0355807
0.28818
0.662
0.142924
0.188799
0.662
0.662
0.23672
0.662
0.148146
0.0976747
0.662
0.401729
0.184887
0.0713543
0.662
0.420999
0.662
0.662
0.662
0.633694
0.434736
0.662
0.662
0.0896946
0.662
0.662
0.662
0.662
0.472615
0.662
0.662
0.662
0.662
0.662
0.176216
0.00615816
0.662
0.662
0.662
0.662
0.295384
0.662
0.407469
0.176742
0.262355
0.282778
0.662
0.662
0.662
0.309195
0.662
0.662
0.407338
0.662
0.129096
0.0697229
0.42876
0.397995
0.662
0.0165097
0.662
0.662
0.662
0.474881
0.662
0.255425
0.0756328
0.22706
0.662
0.662
0.525532
0.476915
0.445311
0.222718
0.662
0.662
0.268037
0.349771
0.662
0.662
0.662
0.216543
0.374224
0.193648
0.112182
0.351614
0.0990257
0.662
0.395149
0.495851
0.372976
0.662
0.461911
0.662
0.662
0.432346
0.417357
0.361613
0.662
0.398454
0.359868
0.327196
0.662
0.662
0.662
0.352353
0.629763
0.662
0.662
0.662
0.324998
0.0499489
0.662
0.443443
0.662
0.662
0.274801
0.662
0.662
0.662
0.108848
0.120335
0.662
0.352153
0.195381
0.0782687
0.662
0.471787
0.140205
0.215948
0.287707
0.477101
0.0844051
0.268448
0.380377
0.662
0.418042
0.264825
0.662
0.662
0.662
0.662
0.294448
0.662
0.662
0.662
0.407263
0.256139
0.349048
0.46059
0.318703
0.322968
0.662
0.423595
0.185253
0.662
0.394517
0.15344
0.662
0.662
0.662
0.54167
0.662
0.662
0.0891259
0.405
0.662
0.662
0.662
0.662
0.662
0.0131393
0.662
0.662
0.662
0.233142
0.350712
0.249317
0.662
0.636012
0.662
0.662
0.662
0.637668
0.422092
0.0242211
0.28339
0.662
0.108059
0.662
0.662
0.662
0.46867
0.642142
0.44472
0.662
0.149262
0.172016
0.249143
0.662
0.633391
0.251838
0.662
0.471989
0.113129
0.352414
0.662
0.0181031
0.331422
0.662
0.00215228
0.662
0.573562
0.0993058
0.364456
0.662
0.408084
0.206849
0.662
0.184246
0.188031
0.17251
0.234736
0.0580344
0.595361
0.662
0.662
0.662
0.267956
0.338748
0.348013
0.662
0.662
0.662
0.578211
0.194005
0.456814
0.662
0.211469
0.662
0.4736
0.662
0.234881
0.662
0.662
0.34049
0.449928
0.461865
0.662
0.662
0.29365
0.221632
0.223664
0.206012
0.455698
0.662
0.662
0.211615
0.304094
0.266658
0.159552
0.662
0.0775312
0.662
0.633694
0.662
0.201442
0.353379
0.411117
0.662
0.662
0.0390886
0.662
0.15011
0.662
0.294953
0.662
0.662
0.35596
0.662
0.288106
0.662
0.305773
0.662
0.159786
0.419621
0.662
0.464284
0.662
0.21855
0.662
0.662
0.662
0.662
0.263045
0.662
0.373812
0.321539
0.100284
0.285808
0.48316
0.134239
0.662
0.662
0.0337869
0.662
0.35148
0.293312
0.270625
0.662
0.662
0.662
0.662
0.385137
0.220344
0.662
0.662
0.662
0.662
0.0529823
0.662
0.451329
0.227512
0.0949419
0.662
0.662
0.0935207
0.275052
0.662
0.233673
0.662
0.428597
0.311356
0.0169347
0.662
0.398138
0.59719
0.662
0.662
0.662
0.29758
0.309748
0.386368
0.662
0.662
0.0121452
0.662
0.662
0.662
0.662
0.413206
0.662
0.662
0.177613
0.103456
0.461078
0.662
0.662
0.490961
0.662
0.662
0.423186
0.185306
0.337747
0.35585
0.0424082
0.662
0.3308
0.377159
0.662
0.662
0.0634354
0.662
0.662
0.0896049
0.340303
0.662
0.308376
0.200755
0.662
0.496524
0.396895
0.0634793
0.662
0.427366
0.662
0.662
0.662
0.662
0.662
0.0943599
0.662
0.662
0.414771
0.662
0.662
0.258277
0.662
0.662
0.662
0.0924951
0.662
0.662
0.662
0.253359
0.220686
0.312605
0.166836
0.662
0.662
0.662
0.315097
0.0518043
0.662
0.172329
0.662
0.662
0.183427
0.40114
0.394426
0.662
0.565875
0.662
0.346103
0.231768
0.662
0.662
0.662
0.662
0.451695
0.0398239
0.662
0.662
0.662
0.329146
0.463091
0.662
0.662
0.662
0.546559
0.662
0.662
0.662
0.662
0.662
0.287915
0.348814
0.406014
0.451653
0.662
0.281187
0.662
0.05745
0.662
0.662
0.134129
0.285705
0.662
0.287016
0.662
0.662
0.662
0.662
0.662
0.662
0.662
0.662
0.662
0.407083
0.417044
0.153949
0.662
0.662
0.0676272
0.0585113
0.662
0.214429
0.271738
0.428286
0.662
0.63855
0.349794
0.662
0.0585038
0.662
0.00552257
0.416583
0.662
0.662
0.662
0.125502
0.662
0.03598
0.311357
0.181875
0.0222835
0.662
0.662
0.0764983
0.255293
0.0834228
0.166299
0.662
0.383276
0.662
0.163969
0.662
0.662
0.662
0.662
0.0334327
0.29416
0.662
0.662
0.662
0.662
0.662
0.284677
0.241235
0.662
0.662
0.662
0.662
0.662
0.477461
0.283757
0.662
0.662
0.216948
0.118517
0.242786
0.662
0.662
0.662
0.662
0.0656867
0.248928
0.662
0.28834
0.349232
0.455721
0.188633
0.662
0.662
0.662
0.662
0.374129
0.159189
0.0459107
0.484183
0.251606
0.248208
0.662
0.473101
0.662
0.662
0.526208
0.662
0.285969
0.662
0.232004
0.0414083
0.662
0.362275
0.0880112
0.592343
0.181007
0.662
0.662
0.22366
0.196695
0.662
0.662
0.662
0.151872
0.662
0.0284029
0.19952
0.108116
0.662
0.662
0.151053
0.662
0.662
0.422194
0.662
0.662
0.662
0.662
0.135181
0.662
0.662
0.137573
0.41155
0.662
0.662
0.370475
0.0556932
0.152363
0.662
0.662
0.662
0.662
0.662
0.4523
0.662
0.379339
0.662
0.200037
0.403372
0.571281
0.471038
0.662
0.358747
0.36626
0.662
0.662
0.662
0.363943
0.662
0.368333
0.234121
0.662
0.662
0.325594
0.117845
0.662
0.662
0.662
0.662
0.662
0.662
0.662
0.662
0.404324
0.662
0.105984
0.421569
0.0827279
0.662
0.662
0.524737
0.662
0.662
0.341249
0.02698
0.53605
0.662
0.662
0.34895
0.662
0.26965
0.428093
0.15876
0.662
0.662
0.137207
0.662
0.0203688
0.135611
0.662
0.662
0.662
0.0717482
0.662
0.272113
0.662
0.662
0.300279
0.662
0.662
0.662
0.221613
0.662
0.240788
0.662
0.662
0.0100665
0.662
0.662
0.662
0.662
0.662
0.606132
0.662
0.313746
0.662
0.662
0.227245
0.662
0.662
0.662
0.36337
0.662
0.662
0.662
0.662
0.0392038
0.662
0.372216
0.17173
0.0732756
0.662
0.0933924
0.365723
0.662
0.662
0.291638
0.338536
0.662
0.662
0.662
0.662
0.243755
0.435058
0.17499
0.662
0.662
0.517861
0.329749
0.45485
0.662
0.286316
0.662
0.662
0.149597
0.204426
0.235075
0.662
0.662
0.662
0.662
0.662
0.391222
0.281682
0.662
0.388032
0.0270535
0.662
0.178145
0.662
0.0235803
0.662
0.662
0.662
0.63339
0.662
0.164018
0.312316
0.246324
0.0234768
0.662
0.662
0.662
0.662
0.190633
0.470939
0.387334
0.662
0.148521
0.49465
0.662
0.456403
0.189733
0.662
0.662
0.662
0.479352
0.662
0.389736
0.662
0.662
0.662
0.662
0.390612
0.662
0.387769
0.662
0.36062
0.159079
0.662
0.384108
0.0873888
0.662
0.662
0.170663
0.662
0.662
0.640807
0.662
0.189857
0.360856
0.662
0.662
0.251142
0.662
0.242804
0.115488
0.662
0.192018
0.662
0.377239
0.662
0.254726
0.121646
0.0560807
0.206771
0.0977182
0.662
0.2271
0.662
0.399183
0.662
0.662
0.662
0.114042
0.662
0.303286
0.456464
0.472294
0.662
0.115855
0.433711
0.662
0.423584
0.662
0.0784908
0.386046
0.662
0.662
