0.491237
0.662
0.0677809
0.550577
0.396603
0.662
0.24085
0.639515
0.33755
0.509625
0.343056
0.662
0.662
0.264658
0.29071
0.662
0.465588
0.662
0.0825657
0.662
0.662
0.662
0.662
0.662
0.00868975
0.226931
0.180365
0.662
0.00881089
0.599958
0.662
0.662
0.570885
0.256999
0.31545
0.662
0.662
0.662
0.000279095
0.662
0.662
0.136718
0.662
0.495507
0.662
0.273925
0.662
0.268376
0.167913
0.662
0.662
0.151847
0.662
0.21395
0.413127
0.662
0.662
0.662
0.112035
0.21379
0.223834
0.266429
0.662
0.297251
0.662
0.662
0.147493
0.662
0.662
0.33393
0.23694
0.662
0.320882
0.143166
0.662
0.472469
0.662
0.662
0.662
0.662
0.346588
0.321073
0.159135
0.0997268
0.662
0.229841
0.662
0.662
0.662
0.052508
0.405278
0.662
0.453456
0.233239
0.662
0.662
0.662
0.662
0.440577
0.662
0.662
0.1943
0.662
0.0588471
0.153598
0.662
0.662
0.328682
0.662
0.308272
0.662
0.0518109
0.138782
0.662
0.662
0.45941
0.633391
0.0926497
0.662
0.473173
0.662
0.662
0.662
0.29346
0.247212
0.662
0.662
0.662
0.662
0.662
0.662
0.481471
0.662
0.662
0.662
0.662
0.199419
0.0590405
0.662
0.662
0.461451
0.662
0.440543
0.662
0.662
0.662
0.662
0.662
0.416164
0.185601
0.384704
0.300297
0.662
0.662
0.662
0.662
0.662
0.662
0.662
0.123851
0.662
0.662
0.158888
0.0306366
0.333985
0.662
0.119561
0.662
0.382666
0.425624
0.108174
0.463751
0.662
0.662
0.328085
0.179737
0.509914
0.662
0.662
0.172576
0.662
0.251529
0.662
0.260239
0.254123
0.662
0.662
0.0564393
0.662
0.662
0.662
0.662
0.62548
0.662
0.628462
0.392006
0.662
0.389827
0.662
0.662
0.281198
0.662
0.32959
0.416977
0.662
0.662
0.662
0.662
0.274064
0.121806
0.662
0.662
0.0962095
0.662
0.107034
0.662
0.385962
0.662
0.662
0.308924
0.0630905
0.0958414
0.286233
0.459085
0.122307
0.662
0.662
0.24107
0.199641
0.160549
0.662
0.456362
0.662
0.566329
0.437654
0.137239
0.662
0.0757115
0.467951
0.662
0.662
0.140332
0.207659
0.662
0.662
0.662
0.209192
0.662
0.499207
0.662
0.199943
0.662
0.424504
0.599312
0.263544
0.222583
0.662
0.662
0.33943
0.662
0.0214718
0.662
0.662
0.662
0.174937
0.662
0.0111238
0.376302
0.660989
0.438745
0.662
0.662
0.18986
0.662
0.330187
0.0770403
0.662
0.0481469
0.44673
0.662
0.662
0.662
0.662
0.662
0.405827
0.461763
0.662
0.397314
0.662
0.662
0.662
0.311784
0.29732
0.0109074
0.0412624
0.662
0.356661
0.662
0.372785
0.51493
0.662
0.455067
0.453707
0.60676
0.662
0.217003
0.409084
0.662
0.662
0.662
0.662
0.331571
0.0352168
0.662
0.662
0.52866
0.662
0.662
0.413663
0.249872
0.214391
0.249524
0.662
0.662
0.380204
0.206031
0.543397
0.437765
0.662
0.271321
0.483463
0.544824
0.662
0.662
0.662
0.662
0.662
0.662
0.662
0.662
0.662
0.307239
0.662
0.267097
0.28813
0.219915
0.662
0.662
0.662
0.662
0.662
0.0878474
0.662
0.319565
0.0642838
0.304105
0.411016
0.199168
0.229215
0.662
0.459655
0.662
0.0774297
0.662
0.662
0.662
0.454231
0.297496
0.662
0.662
0.235909
0.284682
0.238633
0.662
0.662
0.662
0.662
0.662
0.416009
0.199749
0.662
0.00473863
0.662
0.662
0.662
0.662
0.595217
0.662
0.662
0.286828
0.662
0.469565
0.0115279
0.662
0.662
0.662
0.662
0.342064
0.662
0.662
0.662
0.206824
0.216343
0.143599
0.662
0.24731
0.662
0.662
0.164695
0.662
0.391374
0.472401
0.662
0.662
0.662
0.251342
0.662
0.419408
0.662
0.662
0.662
0.662
0.0777673
0.662
0.662
0.662
0.662
0.311359
0.275759
0.662
0.662
0.39451
0.662
0.287182
0.171118
0.0261165
0.297635
0.2906
0.662
0.662
0.662
0.662
0.662
0.440345
0.310397
0.633694
0.203833
0.233546
0.662
0.377009
0.662
0.101717
0.391555
0.500096
0.476514
0.0313699
0.662
0.662
0.662
0.662
0.44857
0.662
0.416342
0.36558
0.662
0.527557
0.252139
0.0197752
0.468113
0.0642591
0.662
0.351894
0.662
0.662
0.211277
0.297917
0.662
0.19875
0.132638
0.414788
0.662
0.662
0.0633892
0.662
0.662
0.662
0.347467
0.129711
0.20883
0.301875
0.432459
0.662
0.390187
0.0726218
0.662
0.662
0.662
0.333422
0.435543
0.662
0.662
0.154319
0.662
0.662
0.662
0.662
0.662
0.633391
0.662
0.19672
0.662
0.662
0.388625
0.185823
0.662
0.175452
0.131339
0.662
0.474691
0.468931
0.12189
0.662
0.662
0.487432
0.662
0.624053
0.0161204
0.363539
0.297239
0.662
0.662
0.00652313
0.662
0.545646
0.407468
0.244086
0.662
0.362322
0.316953
0.20313
0.662
0.662
0.662
0.662
0.395054
0.662
0.0750486
0.662
0.237397
0.662
0.662
0.185369
0.662
0.445916
0.662
0.662
0.224984
0.345325
0.662
0.662
0.350655
0.662
0.149492
0.194504
0.662
0.662
0.662
0.453266
0.662
0.0855102
0.374065
0.253094
0.388724
0.662
0.662
0.438032
0.23305
0.662
0.418914
0.662
0.662
0.195094
0.380983
0.662
0.225233
0.427213
0.0251733
0.398285
0.662
0.26762
0.102368
0.662
0.662
0.437124
0.45036
0.662
0.662
0.662
0.108174
0.476789
0.252321
0.409222
0.405926
0.338612
0.662
0.662
0.317791
0.279324
0.274759
0.295885
0.662
0.202638
0.662
0.0511815
0.330527
0.624939
0.662
0.662
0.285841
0.199986
0.662
0.662
0.662
0.662
0.0606642
0.662
0.662
0.0998282
0.184138
0.229262
0.662
0.342717
0.662
0.109815
0.407012
0.459761
0.662
0.161222
0.662
0.662
0.662
0.662
0.662
0.662
0.662
0.36824
0.250238
0.472726
0.252859
0.429403
0.482787
0.325609
0.662
0.662
0.662
0.662
0.662
0.415131
0.662
0.59491
0.184942
0.662
0.662
0.249568
0.132156
0.370115
0.662
0.0173913
0.451147
0.115866
0.662
0.39582
0.186285
0.662
0.43199
0.22941
0.662
0.426094
0.662
0.425784
0.662
0.662
0.662
0.662
0.662
0.662
0.662
0.108372
0.662
0.295354
0.205183
0.448238
0.306183
0.662
0.236409
0.662
0.662
0.662
0.0238168
0.335054
0.500489
0.662
0.662
0.662
0.662
0.662
0.662
0.662
0.662
0.662
0.662
0.386885
0.662
0.371705
0.662
0.201771
0.662
0.0523015
0.444246
0.308572
0.662
0.282658
0.662
0.520964
0.662
0.662
0.0895217
0.662
0.370342
0.662
0.156339
0.340287
0.420334
0.662
0.662
0.435704
0.662
0.662
0.662
0.291294
0.238494
0.662
0.662
0.662
0.662
0.0524215
0.662
0.662
0.662
0.145207
0.662
0.306046
0.376488
0.149238
0.153108
0.662
0.662
0.662
0.662
0.662
0.662
0.365519
0.0468276
0.662
0.108079
0.662
0.662
0.662
0.662
0.662
0.166543
0.662
0.291026
0.662
0.662
0.662
0.662
0.662
0.662
0.662
0.662
0.349462
0.662
0.662
0.46414
0.0105056
0.44717
0.662
0.123567
0.662
0.662
0.501727
0.662
0.0378993
0.632326
0.662
0.662
0.117422
0.421469
0.662
0.225604
0.331548
0.662
0.662
0.331914
0.662
0.185
0.0370715
0.662
0.662
0.662
0.242615
0.417474
0.452005
0.662
0.482186
0.662
0.662
0.365175
0.662
0.264316
0.662
0.662
0.662
0.439022
0.280578
0.45212
0.662
0.662
0.213058
0.662
0.662
0.662
0.662
0.413352
0.662
0.0317501
0.331452
0.31386
0.0756917
0.332389
0.317333
0.421365
0.0461772
0.459213
0.292222
0.662
0.662
0.662
0.281309
0.662
0.662
0.283095
0.0306539
0.159346
0.662
0.259073
0.603757
0.662
0.662
0.662
0.662
0.662
0.662
0.662
0.662
0.0882983
0.662
0.16782
0.662
0.662
0.662
0.662
0.662
0.662
0.662
0.459096
0.325824
0.279814
0.662
0.633606
0.662
0.662
0.662
0.662
0.662
0.662
0.232711
0.257569
0.485347
0.386209
0.109413
0.662
0.662
0.662
0.662
0.500592
0.330384
0.662
0.406006
0.662
0.662
0.662
0.662
0.182193
0.0125642
0.139725
0.662
0.332058
0.530475
0.450511
0.445755
0.253497
0.662
0.361415
0.662
0.141498
0.662
0.328501
0.106684
0.0349002
0.662
0.662
0.177931
0.225657
0.662
0.662
0.662
0.662
0.662
0.452039
0.662
0.662
0.662
0.662
0.662
0.662
0.662
0.662
0.662
0.302247
0.662
0.662
0.662
0.662
0.662
0.662
0.662
0.662
0.218829
0.662
0.662
0.221707
0.662
0.0746976
0.328846
0.662
0.281903
0.409366
0.413362
0.444673
0.00848681
0.244536
0.587204
0.267817
0.662
0.662
0.662
0.662
0.662
0.662
0.434393
0.430016
0.662
0.662
0.117357
0.1674
0.662
0.662
0.0410903
0.662
0.662
0.22663
0.662
0.113525
0.662
0.216304
0.662
0.156167
0.37908
0.662
0.0296584
0.369762
0.0166909
0.662
0.662
0.335344
0.662
0.124987
0.232759
0.662
0.662
0.662
0.662
0.662
0.662
0.662
0.322819
0.342052
0.662
0.291803
0.662
0.2466
0.263295
0.261858
0.651217
0.451525
0.662
0.211169
0.662
0.0776807
0.433062
0.662
0.30129
0.662
0.662
0.662
0.662
0.374184
0.253646
0.662
0.29995
0.223189
0.662
0.662
0.409322
0.662
0.662
0.662
0.662
0.222008
0.0522785
0.662
0.0712604
0.662
0.662
0.662
0.662
0.662
0.171898
0.662
0.244756
0.662
0.662
0.662
0.662
0.632954
0.285969
0.0072274
0.662
0.418172
0.171541
0.399577
0.662
0.662
0.0866051
0.662
0.662
0.662
0.662
0.662
0.662
0.662
0.662
0.00144082
0.662
0.318587
0.225111
0.301756
0.430669
0.00405665
0.662
0.285397
0.662
