0.662
0.662
0.289647
0.662
0.662
0.319117
0.448707
0.662
0.662
0.662
0.662
0.407528
0.182032
0.662
0.417283
0.40426
0.662
0.245722
0.39219
0.0126425
0.2108
0.0467401
0.662
0.14925
0.507031
0.331993
0.0116819
0.356805
0.662
0.0863454
0.633391
0.662
0.662
0.430271
0.364244
0.0327745
0.662
0.134724
0.662
0.470524
0.662
0.421514
0.662
0.662
0.350707
0.662
0.636399
0.662
0.662
0.44908
0.225595
0.662
0.496593
0.205422
0.45896
0.662
0.662
0.286084
0.107643
0.196409
0.662
0.662
0.662
0.662
0.662
0.161971
0.662
0.662
0.0407743
0.662
0.662
0.662
0.662
0.662
0.662
0.662
0.0605058
0.662
0.36897
0.00674656
0.662
0.662
0.662
0.252314
0.662
0.0012165
0.662
0.276896
0.662
0.418235
0.441859
0.214238
0.662
0.0311657
0.662
0.524983
0.621831
0.662
0.23944
0.24628
0.428301
0.662
0.315091
0.662
0.0129201
0.662
0.444716
0.662
0.662
0.337457
0.662
0.195198
0.471678
0.662
0.662
0.662
0.662
0.662
0.268309
0.662
0.662
0.537363
0.178616
0.662
0.662
0.267874
0.662
0.662
0.229912
0.662
0.662
0.662
0.23226
0.662
0.412295
0.191386
0.662
0.00445684
0.348835
0.0134459
0.662
0.662
0.662
0.655989
0.662
0.245508
0.231859
0.0863886
0.662
0.257269
0.662
0.165006
0.662
0.662
0.662
0.425109
0.662
0.109332
0.124399
0.261151
0.0737679
0.156325
0.662
0.662
0.418956
0.0206707
0.281924
0.648852
0.0237637
0.662
0.662
0.417037
0.662
0.662
0.266644
0.662
0.125209
0.23095
0.662
0.159453
0.0816916
0.662
0.662
0.156695
0.437638
0.248291
0.662
0.12788
0.159356
0.438109
0.293687
0.662
0.308414
0.662
0.399768
0.662
0.662
0.262384
0.196005
0.662
0.662
0.662
0.662
0.213022
0.662
0.662
0.662
0.00308289
0.248182
0.0252378
0.662
0.662
0.662
0.0449958
0.662
0.0295028
0.662
0.190446
0.662
0.438595
0.275608
0.662
0.662
0.662
0.0518842
0.662
0.0151318
0.0149607
0.662
0.662
0.225983
0.0196614
0.168561
0.662
0.662
0.662
0.426702
0.662
0.409522
0.362454
0.437841
0.504137
0.222241
0.662
0.463451
0.234656
0.527935
0.118847
0.662
0.370869
0.227511
0.662
0.271751
0.662
0.497639
0.662
0.0198366
0.662
0.662
0.361336
0.662
0.662
0.217345
0.662
0.00862499
0.304991
0.205058
0.231328
0.344772
0.662
0.0791152
0.662
0.662
0.499011
0.0384489
0.488414
0.662
0.662
0.662
0.662
0.271481
0.662
0.0921835
0.295794
0.662
0.662
0.662
0.662
0.662
0.662
0.0343236
0.433892
0.377293
0.352051
0.662
0.662
0.3931
0.4645
0.497031
0.467427
0.662
0.662
0.251934
0.140434
0.234566
0.662
0.3179
0.662
0.662
0.662
0.350391
0.652548
0.662
0.662
0.408075
0.662
0.662
0.662
0.662
0.243911
0.662
0.12136
0.149088
0.0850884
0.662
0.471852
0.662
0.662
0.269913
0.662
0.17552
0.268775
0.662
0.130781
0.0676219
0.354052
0.662
0.662
0.662
0.662
0.662
0.232345
0.662
0.662
0.455248
0.193289
0.0917237
0.255026
0.662
0.266465
0.11948
0.662
0.370461
0.662
0.662
0.0809725
0.662
0.662
0.662
0.335288
0.662
0.662
0.345006
0.222606
0.662
0.662
0.662
0.386091
0.662
0.662
0.662
0.3467
0.662
0.662
0.662
0.662
0.200205
0.293043
0.239678
0.662
0.662
0.462366
0.662
0.168164
0.0257078
0.662
0.662
0.48922
0.662
0.662
0.662
0.41731
0.0341209
0.111198
0.164551
0.192204
0.662
0.0921872
0.662
0.125896
0.662
0.662
0.606346
0.662
0.34099
0.202086
0.398484
0.391067
0.662
0.173876
0.114931
0.662
0.662
0.662
0.662
0.662
0.662
0.662
0.131066
0.662
0.286795
0.662
0.18461
0.0953553
0.662
0.662
0.662
0.662
0.662
0.662
0.662
0.387621
0.662
0.662
0.259046
0.134774
0.21176
0.662
0.662
0.662
0.168473
0.318397
0.26885
0.662
0.662
0.105685
0.662
0.662
0.159217
0.194857
0.408431
0.662
0.474525
0.248007
0.662
0.408509
0.662
0.662
0.662
0.442995
0.376255
0.294477
0.662
0.662
0.662
0.662
0.662
0.381671
0.662
0.2072
0.662
0.188377
0.0358152
0.662
0.160417
0.346898
0.662
0.662
0.130034
0.194116
0.146498
0.482972
0.0300018
0.662
0.662
0.662
0.662
0.662
0.319289
0.662
0.541607
0.662
0.329559
0.662
0.456951
0.662
0.662
0.662
0.662
0.328349
0.662
0.545556
0.211802
0.163869
0.448043
0.190616
0.076011
0.471307
0.662
0.662
0.662
0.492237
0.310586
0.637016
0.337539
0.662
0.446401
0.346241
0.662
0.662
0.662
0.0101846
0.297045
0.662
0.365532
0.662
0.662
0.662
0.458186
0.662
0.118437
0.662
0.236868
0.375425
0.151922
0.662
0.448865
0.662
0.403122
0.662
0.445856
0.662
0.0108577
0.662
0.110468
0.662
0.325607
0.662
0.468129
0.46026
0.662
0.662
0.662
0.662
0.379616
0.662
0.662
0.141681
0.415759
0.0140089
0.662
0.288216
0.662
0.325359
0.662
0.392092
0.662
0.662
0.662
0.288168
0.662
0.258119
0.662
0.232079
0.467541
0.453161
0.272178
0.164261
0.375343
0.662
0.215965
0.252372
0.662
0.662
0.662
0.0633223
0.662
0.101374
0.662
0.662
0.491934
0.406151
0.299854
0.267551
0.174595
0.662
0.230978
0.116514
0.105724
0.662
0.282158
0.662
0.662
0.403402
0.366448
0.449102
0.662
0.662
0.469137
0.662
0.662
0.662
0.440805
0.43415
0.0485997
0.0483088
0.362204
0.215685
0.662
0.489798
0.442049
0.662
0.662
0.662
0.264577
0.662
0.227134
0.662
0.486541
0.207031
0.662
0.662
0.662
0.37927
0.662
0.367483
0.662
0.353661
0.662
0.351465
0.374234
0.662
0.662
0.458782
0.378198
0.230588
0.662
0.662
0.662
0.662
0.040387
0.231046
0.498942
0.0210858
0.662
0.156263
0.350042
0.236891
0.662
0.627103
0.662
0.662
0.662
0.662
0.662
0.360558
0.662
0.28611
0.662
0.257597
0.177156
0.662
0.662
0.662
0.115617
0.474404
0.662
0.0137872
0.192011
0.662
0.281523
0.662
0.662
0.477404
0.500054
0.0261184
0.320293
0.662
0.662
0.40769
0.32279
0.662
0.221271
0.662
0.398112
0.662
0.662
0.599779
0.662
0.662
0.662
0.0920057
0.39589
0.380201
0.173917
0.226499
0.00469646
0.00539053
0.662
0.662
0.662
0.662
0.628155
0.106313
0.0393756
0.0659316
0.662
0.11516
0.00321421
0.50294
0.662
0.662
0.662
0.249196
0.662
0.092459
0.662
0.662
0.0346561
0.361005
0.662
0.662
0.662
0.352893
0.662
0.361246
0.662
0.538684
0.662
0.0931153
0.211884
0.343884
0.662
0.662
0.115003
0.662
0.445365
0.662
0.40211
0.410278
0.662
0.400176
0.662
0.155762
0.0619325
0.662
0.662
0.342171
0.115386
0.265751
0.662
0.662
0.208051
0.00509151
0.662
0.662
0.662
0.662
0.271693
0.662
0.357599
0.349951
0.662
0.662
0.662
0.662
0.662
0.662
0.0890298
0.662
0.219077
0.662
0.662
0.430024
0.662
0.662
0.662
0.662
0.459342
0.662
0.662
0.662
0.662
0.662
0.662
0.421019
0.662
0.662
0.662
