0.215951
0.395914
0.25401
0.439476
0.29416
0.662
0.416432
0.662
0.173312
0.0879082
0.138319
0.662
0.25108
0.662
0.662
0.463256
0.662
0.662
0.369206
0.330587
0.349179
0.662
0.44068
0.662
0.662
0.662
0.513567
0.662
0.119458
0.201385
0.0892042
0.0769231
0.662
0.662
0.662
0.662
0.37088
0.278249
0.295194
0.662
0.662
0.226053
0.365028
0.662
0.662
0.201736
0.662
0.484616
0.662
0.662
0.248731
0.662
0.0839661
0.662
0.662
0.662
0.280578
0.662
0.662
0.36149
0.625657
0.662
0.175447
0.662
0.0307555
0.662
0.487956
0.413434
0.475428
0.00460162
0.662
0.662
0.662
0.662
0.540861
0.662
0.0885642
0.662
0.662
0.499524
0.662
0.144091
0.662
0.662
0.062501
0.662
0.335845
0.0984455
0.662
0.662
0.446177
0.662
0.662
0.478338
0.499357
0.397165
0.662
0.662
0.662
0.662
0.662
0.662
0.662
0.0384808
0.131147
0.461837
0.334025
0.409197
0.662
0.662
0.662
0.662
0.282066
0.662
0.274935
0.662
0.127933
0.662
0.662
0.0509678
0.413289
0.662
0.19434
0.387727
0.662
0.662
0.327051
0.662
0.270252
0.662
0.662
0.318943
0.445756
0.662
0.0495078
0.662
0.115432
0.662
0.662
0.662
0.00100228
0.284426
0.662
0.662
0.286422
0.662
0.662
0.662
0.472672
0.232586
0.127965
0.455451
0.662
0.183788
0.420142
0.662
0.662
0.150791
0.277209
0.662
0.662
0.298013
0.201455
0.662
0.662
0.453442
0.582517
0.662
0.662
0.662
0.662
0.662
0.662
0.219184
0.662
0.662
0.324151
0.19556
0.278244
0.431728
0.662
0.166283
0.408339
0.662
0.662
0.662
0.445488
0.662
0.662
0.662
0.662
0.662
0.228935
0.129884
0.662
0.254135
0.662
0.662
0.447961
0.662
0.662
0.128441
0.324636
0.662
0.123163
0.662
0.662
0.662
0.154949
0.662
0.662
0.132912
0.177381
0.662
0.662
0.0555453
0.119546
0.662
0.662
0.662
0.0355896
0.477879
0.662
0.314531
0.375376
0.286445
0.180446
0.00010066
0.445954
0.662
0.662
0.0831281
0.662
0.662
0.662
0.376163
0.242108
0.662
0.163183
0.662
0.662
0.662
0.213274
0.408797
0.662
0.662
0.662
0.662
0.662
0.0405431
0.662
0.662
0.662
0.662
0.662
0.351857
0.225905
0.0204107
0.662
0.176736
0.486401
0.151173
0.355171
0.662
0.662
0.27124
0.213824
0.662
0.192029
0.553607
0.662
0.662
0.477554
0.662
0.158911
0.391282
0.662
0.662
0.662
0.662
0.313016
0.461958
0.143838
0.662
0.071774
0.662
0.662
0.203307
0.662
0.134602
0.0675518
0.662
0.280874
0.662
0.103148
0.662
0.662
0.662
0.662
0.662
0.410157
0.662
0.353441
0.504194
0.463294
0.375505
0.146685
0.384771
0.662
0.563878
0.138529
0.562789
0.550595
0.662
0.662
0.198203
0.662
0.662
0.351614
0.461728
0.662
0.662
0.0910472
0.44797
0.662
0.662
0.662
0.237114
0.453946
0.662
0.638358
0.662
0.662
0.662
0.32361
0.0856902
0.662
0.662
0.062119
0.662
0.493328
0.662
0.652327
0.662
0.0442087
0.229514
0.394714
0.662
0.0660899
0.137683
0.247274
0.152872
0.137122
0.662
0.662
0.294086
0.444885
0.0548771
0.662
0.662
0.662
0.384626
0.662
0.662
0.115343
0.662
0.29727
0.171045
0.152247
0.484484
0.662
0.662
0.229941
0.182596
0.271776
0.317864
0.0241543
0.153399
0.275951
0.662
0.662
0.662
0.321067
0.662
0.230303
0.123585
0.0637126
0.428048
0.662
0.662
0.662
0.662
0.662
0.431705
0.181094
0.481156
0.412268
0.662
0.662
0.662
0.494961
0.41652
0.662
0.220889
0.381542
0.460041
0.662
0.662
0.240484
0.662
0.662
0.662
0.662
0.662
0.662
0.170439
0.662
0.662
0.363544
0.426956
0.138123
0.662
0.662
0.190194
0.111203
0.103337
0.0180924
0.147877
0.662
0.399982
0.662
0.528393
0.662
0.662
0.662
0.582824
0.662
0.411157
0.662
0.662
0.662
0.662
0.630945
0.662
0.0852612
0.175631
0.459833
0.662
0.195798
0.662
0.662
0.500814
0.122944
0.127778
0.02741
0.662
0.662
0.311171
0.377839
0.11114
0.662
0.662
0.370205
0.662
0.662
0.27816
0.371987
0.662
0.123569
0.403083
0.414437
0.662
0.397302
0.662
0.202483
0.662
0.124559
0.662
0.662
0.341104
0.662
0.479989
0.662
0.662
0.662
0.662
0.0293602
0.662
0.449185
0.662
0.467358
0.235597
0.662
0.118556
0.121676
0.662
0.662
0.662
0.662
0.399712
0.0653967
0.18887
0.662
0.662
0.0740128
0.227165
0.0112579
0.0337915
0.0330204
0.662
0.662
0.662
0.662
0.0755746
0.662
0.662
0.662
0.662
0.662
0.378446
0.662
0.662
0.3501
0.122246
0.662
0.662
0.0130517
0.662
0.466957
0.44406
0.662
0.662
0.286065
0.662
0.662
0.662
0.662
0.259101
0.662
0.662
0.28499
0.0047628
0.353022
0.488528
0.662
0.0812478
0.662
0.662
0.662
0.662
0.116205
0.288566
0.662
0.410527
0.662
0.172247
0.662
0.662
0.466787
0.662
0.27475
0.0931295
0.662
0.662
0.100301
0.114154
0.662
0.531386
0.662
0.141262
0.358653
0.662
0.0795995
0.0274217
0.559826
0.383437
0.662
0.662
0.662
0.662
0.150399
0.399359
0.662
0.662
0.436177
0.446158
0.391779
0.662
0.662
0.604969
0.314372
0.359587
0.196283
0.662
0.470454
0.00928218
0.0662093
0.32019
0.662
0.662
0.662
0.643256
0.662
0.662
0.662
0.050439
0.190145
0.662
0.662
0.435908
0.39015
0.662
0.264626
0.662
0.417795
0.481396
0.662
0.662
0.349962
0.387854
0.0950483
0.447302
0.662
0.662
0.385813
0.662
0.662
0.662
0.304844
0.224659
0.181382
0.662
0.662
0.226783
0.29306
0.406082
0.0685898
0.291174
0.662
0.662
0.18953
0.662
0.436437
0.404163
0.258697
0.257058
0.662
0.244707
0.32544
0.662
0.662
0.662
0.188728
0.662
0.662
0.662
0.662
0.00328768
0.500698
0.662
0.342668
0.662
0.662
0.585105
0.446683
0.662
0.662
0.662
0.662
0.662
0.225122
0.362485
0.662
0.662
0.375007
0.0218602
0.662
0.662
0.28736
0.662
0.662
0.662
0.0456693
0.662
0.243272
0.662
0.0750795
0.361552
0.662
0.632298
0.463361
0.333454
0.0118136
0.324757
0.662
0.389482
0.427985
0.662
0.27183
0.662
0.13242
0.100761
0.662
0.662
0.662
0.45721
0.662
0.662
0.662
0.181757
0.662
0.0388001
0.662
0.662
0.662
0.662
0.30506
0.662
0.662
0.299744
0.466872
0.662
0.608754
0.0732482
0.248107
0.662
0.662
0.202618
0.650961
0.0578825
0.662
0.662
0.662
0.662
0.662
0.0199148
0.099349
0.662
0.348736
0.291075
0.662
0.158069
0.662
0.149526
0.662
0.194409
0.271179
0.448106
0.662
0.662
0.662
0.448195
0.662
0.00960031
0.478629
0.662
0.2163
0.662
0.662
0.662
0.662
0.662
0.379324
0.662
0.148567
0.146987
0.313636
0.0813417
0.662
0.662
0.475406
0.388094
0.662
0.662
0.0105403
0.123289
0.589813
0.239176
0.358447
0.662
0.662
0.662
0.22502
0.0753243
0.662
0.513384
0.158437
0.28418
0.662
0.662
0.662
0.189828
0.662
0.0230317
0.131405
0.662
0.075308
0.118045
0.368144
0.0737681
0.662
0.352413
0.662
0.460587
0.435212
0.662
0.14176
0.662
0.662
0.0513544
0.245565
0.662
0.662
0.626464
0.662
0.185723
0.0855182
0.662
0.381743
0.165034
0.222215
0.662
0.0426782
0.662
0.662
0.662
0.376669
0.247954
0.210592
0.276477
0.662
0.0259834
0.662
0.517031
0.662
0.196768
0.222196
0.662
0.662
0.662
0.256271
0.242874
0.180234
0.572454
0.662
0.191442
0.662
0.662
0.662
0.662
0.275122
0.214295
0.662
0.662
0.143841
0.097104
0.174616
0.15181
0.133381
0.662
0.662
0.662
0.662
0.298251
0.662
0.662
0.662
0.00327339
0.307242
0.569302
0.460759
0.44945
0.00935337
0.114547
0.662
0.353728
0.208559
0.368453
0.662
0.662
0.662
0.291673
0.662
0.662
0.061695
0.662
0.329892
0.662
0.633694
0.231213
0.662
0.145047
0.419621
0.662
0.662
0.662
0.662
0.662
0.662
0.662
0.128735
0.662
0.280007
0.662
0.662
0.662
0.212701
0.345879
0.372402
0.662
0.382641
0.115596
0.306269
0.662
0.662
0.378952
0.477003
0.0501631
0.0921928
0.0321939
0.662
0.662
0.662
0.662
0.0882436
0.423915
0.0856284
0.662
0.662
0.662
0.112591
0.461878
0.662
0.219953
0.382085
0.411252
0.400644
0.2005
0.214845
0.662
0.166614
0.662
0.662
0.590725
0.273847
0.428893
0.662
0.466865
0.185262
0.662
0.17728
0.662
0.662
0.445898
0.662
0.662
0.662
0.129705
0.662
0.662
0.662
0.478859
0.662
0.118533
0.662
0.283517
0.662
0.662
0.662
0.662
0.292058
0.662
0.662
0.662
0.0266925
0.51585
0.400789
0.434519
0.402015
0.630009
0.560882
0.267042
0.267093
0.662
0.662
0.420673
0.662
0.662
0.662
0.662
0.146869
0.0766484
0.662
0.28209
0.159943
0.662
0.143571
0.321992
0.459209
0.274185
0.111961
0.218813
0.662
0.662
0.421573
0.4899
0.662
0.662
0.662
0.662
0.424998
0.476398
0.393406
0.662
0.47563
0.438983
0.215451
0.438232
0.662
0.599182
0.319634
0.406364
0.662
0.44655
0.102916
0.662
0.0894821
0.444683
0.662
0.662
0.0348026
0.0526839
0.662
0.0964279
0.335665
0.363975
0.280056
0.099353
0.662
0.662
0.662
0.662
0.348423
0.662
0.205436
0.662
0.662
0.38561
0.662
0.662
0.662
0.262823
0.662
0.295783
0.361595
0.662
0.002033
0.464297
0.333366
0.662
0.201663
0.402183
0.662
0.662
0.160436
0.00525349
0.0544753
0.0581495
0.662
0.662
0.319517
0.412985
0.168853
0.405036
0.662
0.2435
0.662
0.662
0.662
0.192018
0.662
0.662
0.662
0.273811
0.460911
0.662
0.328347
0.287996
0.466674
0.662
0.066709
0.662
0.397143
0.139929
0.662
0.662
0.662
0.662
0.437433
0.662
0.322898
0.052448
0.662
0.0131715
0.662
0.311569
0.283071
0.311254
0.424029
0.662
0.434551
0.662
0.662
0.662
0.662
0.662
0.473144
0.339976
0.150675
0.425414
0.662
0.662
0.255071
0.662
0.662
0.576667
0.662
0.197524
0.662
0.662
0.662
0.272805
0.627917
0.176457
0.0602854
0.339134
0.662
0.662
0.245319
0.27385
0.284203
0.340128
0.662
0.662
0.0162773
0.662
0.662
0.662
0.36942
0.473992
0.662
0.0514962
0.662
0.13038
0.662
0.662
0.0825216
0.0600397
0.441991
0.662
0.662
0.662
0.662
0.209764
0.20498
0.662
0.662
0.510204
0.359127
0.662
0.662
0.662
0.662
0.404009
0.662
0.662
0.662
0.662
0.662
0.662
0.662
0.140744
0.662
0.662
0.361352
0.210225
0.0669635
0.0920513
0.662
0.132754
0.662
0.0958826
0.113302
0.662
0.416605
0.29205
0.662
0.0531568
0.443119
0.209084
0.662
0.410707
0.662
0.440169
0.0489008
0.662
0.662
0.274243
0.662
0.579503
0.112316
0.662
0.460335
0.241711
0.662
0.662
0.662
0.662
0.662
0.662
0.662
0.265456
0.662
0.662
0.443102
0.215038
0.145818
0.662
0.23094
0.662
0.662
0.662
0.033505
0.662
0.0880851
0.662
0.38722
