0.292372
0.657945
0.400164
0.662
0.662
0.662
0.407741
0.662
0.662
0.392437
0.662
0.662
0.662
0.464582
0.625874
0.662
0.259023
0.662
0.662
0.662
0.184283
0.662
0.00519978
0.251444
0.53839
0.317259
0.318807
0.662
0.148634
0.662
0.103727
0.0165155
0.662
0.134459
0.147731
0.662
0.395106
0.235561
0.662
0.178524
0.662
0.662
0.393307
0.345709
0.570872
0.662
0.662
0.662
0.0726842
0.662
0.662
0.0319279
0.340267
0.662
0.17722
0.48974
0.662
0.662
0.598947
0.662
0.662
0.451918
0.662
0.662
0.662
0.662
0.0109311
0.439361
0.431681
0.662
0.45505
0.426129
0.399704
0.662
0.662
0.421942
0.662
0.662
0.662
0.190905
0.192188
0.285514
0.0488244
0.662
0.375116
0.662
0.156749
0.662
0.662
0.662
0.662
0.662
0.662
0.409121
0.13553
0.662
0.662
0.148575
0.490744
0.662
0.662
0.253462
0.662
0.662
0.662
0.662
0.11
0.662
0.662
0.391882
0.047599
0.662
0.662
0.662
0.662
0.177758
0.662
0.662
0.662
0.662
0.662
0.455151
0.384426
0.662
0.662
0.500066
0.662
0.483528
0.439689
0.662
0.662
0.0283043
0.0444975
0.662
0.662
0.662
0.662
0.662
0.186292
0.662
0.662
0.296952
0.662
0.114853
0.662
0.338331
0.662
0.662
0.108369
0.662
0.641132
0.662
0.114229
0.662
0.662
0.0752255
0.168265
0.220612
0.161081
0.235154
0.066759
0.177067
0.371695
0.382555
0.662
0.662
0.203055
0.662
0.26929
0.267675
0.662
0.662
0.381678
0.633391
0.662
0.455462
0.662
0.281394
0.28173
0.215906
0.306275
0.662
0.541524
0.206952
0.186139
0.662
0.662
0.662
0.21725
0.662
0.662
0.609363
0.423146
0.264754
0.262363
0.662
0.399419
0.662
0.0501356
0.662
0.39922
0.662
0.662
0.177806
0.41851
0.662
0.662
0.372773
0.0255132
0.662
0.239781
0.662
0.252102
0.45552
0.662
0.662
0.662
0.454031
0.0189262
0.494996
0.000927661
0.662
0.662
0.662
0.662
0.0990762
0.662
0.450186
0.662
0.401928
0.662
0.662
0.156341
0.662
0.0560031
0.662
0.662
0.25313
0.220411
0.662
0.662
0.662
0.662
0.662
0.34824
0.415293
0.402102
0.662
0.36247
0.448103
0.662
0.662
0.662
0.662
0.662
0.353714
0.0410804
0.662
0.346529
0.0580811
0.662
0.662
0.662
0.40986
0.259315
0.472169
0.662
0.130537
0.662
0.662
0.378857
0.169191
0.474847
0.510485
0.307323
0.280658
0.662
0.662
0.231183
0.662
0.0219596
0.00608009
0.0552147
0.662
0.662
0.33712
0.662
0.246681
0.662
0.32509
0.454266
0.662
0.128725
0.662
0.662
0.0620049
0.158638
0.0175824
0.468254
0.662
0.662
0.17244
0.276803
0.662
0.159142
0.662
0.195458
0.633391
0.0691177
0.654607
0.483402
0.662
0.370684
0.662
0.494677
0.212763
0.601435
0.0724764
0.0626352
0.662
0.314993
0.662
0.662
0.293917
0.248003
0.320843
0.0442489
0.662
0.381055
0.662
0.662
0.662
0.461037
0.662
0.662
0.662
0.418984
0.662
0.662
0.200872
0.662
0.0072214
0.662
0.384023
0.662
0.232206
0.662
0.662
0.662
0.662
0.0757135
0.491179
0.662
0.662
0.16596
0.662
0.662
0.446106
0.00728332
0.193104
0.662
0.662
0.334041
0.142315
0.662
0.172567
0.243835
0.662
0.408195
0.662
0.662
0.662
0.0511756
0.662
0.0276367
0.00602388
0.662
0.662
0.662
0.217684
0.248002
0.514621
0.376405
0.244028
0.662
0.662
0.662
0.240762
0.321302
0.228246
0.662
0.662
0.662
0.662
0.662
0.662
0.316713
0.662
0.238447
0.169335
0.662
0.231728
0.0863098
0.253973
0.662
0.662
0.662
0.112708
0.151879
0.429124
0.662
0.463088
0.662
0.394735
0.662
0.662
0.662
0.662
0.662
0.393307
0.662
0.662
0.662
0.128308
0.662
0.662
0.125445
0.662
0.0627813
0.662
0.662
0.662
0.0342528
0.209497
0.662
0.662
0.356674
0.662
0.662
0.662
0.662
0.469659
0.662
0.532331
0.662
0.362891
0.449292
0.662
0.662
0.662
0.662
0.266278
0.11332
0.186079
0.662
0.662
0.662
0.662
0.662
0.662
0.662
0.662
0.184923
0.662
0.662
0.662
0.0125621
0.0782881
0.0318614
0.0139363
0.662
0.17463
0.303529
0.662
0.662
0.210464
0.662
0.662
0.662
0.354595
0.248539
0.348059
0.224349
0.662
0.483828
0.662
0.662
0.442217
0.662
0.662
0.611407
0.431641
0.280233
0.0393102
0.0501446
0.556854
0.085485
0.662
0.292234
0.439357
0.478646
0.662
0.250153
0.662
0.662
0.342142
0.662
0.662
0.14156
0.662
0.662
0.662
0.264962
0.273636
0.58142
0.0916548
0.275619
0.662
0.261342
0.455963
0.365778
0.662
0.353518
0.300434
0.329082
0.662
0.662
0.0933393
0.662
0.662
0.662
0.629706
0.662
0.662
0.662
0.662
0.662
0.662
0.662
0.662
0.662
0.662
0.662
0.662
0.662
0.407216
0.2939
0.083388
0.662
0.662
0.662
0.394616
0.327154
0.662
0.285646
0.662
0.662
0.332942
0.662
0.662
0.662
0.662
0.662
0.345191
0.459744
0.662
0.662
0.191478
0.662
0.0638248
0.662
0.662
0.662
0.662
0.662
0.662
0.561478
0.19021
0.662
0.217754
0.284712
0.136473
0.385285
0.140506
0.00662011
0.662
0.133202
0.662
0.198246
0.237445
0.662
0.314698
0.440525
0.662
0.662
0.662
0.060227
0.662
0.154168
0.662
0.393807
0.662
0.662
0.662
0.030596
0.332117
0.428757
0.662
0.444423
0.662
0.662
0.224345
0.450935
0.255816
0.662
0.107156
0.662
0.0774835
0.247993
0.257595
0.662
0.336115
0.389847
0.123328
0.302927
0.662
0.0876482
0.39223
0.17069
0.662
0.102841
0.662
0.662
0.358085
0.662
0.296328
0.662
0.40021
0.662
0.21092
0.662
0.410788
0.28692
0.662
0.166789
0.254803
0.0822864
0.662
0.479169
0.340352
0.662
0.197401
0.236835
0.0942525
0.662
0.662
0.146124
0.662
0.662
0.353553
0.662
0.167007
0.662
0.662
0.662
0.40334
0.662
0.0436145
0.217406
0.662
0.662
0.434107
0.662
0.662
0.404964
0.662
0.274067
0.662
0.510048
0.662
0.662
0.662
0.433155
0.402155
0.662
0.662
0.662
0.662
0.662
0.662
0.662
0.662
0.458629
0.302387
0.335852
0.662
0.408437
0.662
0.662
0.0717011
0.271748
0.662
0.662
0.477412
0.176184
0.0904282
0.662
0.662
0.195611
0.0724752
0.0586523
0.0199442
0.231076
0.662
0.662
0.312941
0.662
0.134357
0.662
0.258606
0.304329
0.319651
0.409223
0.397408
0.317032
0.662
0.0860689
0.381279
0.0622207
0.446543
0.0109609
0.662
0.105827
