0.459555
0.187714
0.294019
0.0169687
0.0237637
0.200205
0.339855
0.662
0.662
0.662
0.563488
0.461179
0.243484
0.332109
0.662
0.347491
0.662
0.662
0.337719
0.662
0.324089
0.404403
0.662
0.662
0.662
0.662
0.628155
0.662
0.662
0.662
0.346241
0.253449
0.15064
0.662
0.355253
0.662
0.0291592
0.662
0.135689
0.0144526
0.662
0.662
0.388544
0.466905
0.0646637
0.191458
0.662
0.662
0.662
0.456191
0.326185
0.662
0.662
0.662
0.103226
0.200564
0.662
0.633694
0.0338208
0.0140089
0.662
0.662
0.212715
0.662
0.662
0.662
0.355199
0.662
0.662
0.210718
0.662
0.662
0.159127
0.662
0.2135
0.662
0.2108
0.217326
0.662
0.662
0.662
0.662
0.171838
0.662
0.662
0.362204
0.567009
0.662
0.398647
0.00335753
0.210495
0.382508
0.42939
0.662
0.662
0.662
0.396422
0.526504
0.0269799
0.367523
0.453727
0.266225
0.00494359
0.662
0.662
0.662
0.0836418
0.217441
0.662
0.408392
0.226357
0.427486
0.662
0.244183
0.662
0.662
0.662
0.0129201
0.21308
0.662
0.380105
0.662
0.662
0.0401859
0.0862243
0.662
0.662
0.662
0.429303
0.237868
0.393035
0.0770385
0.662
0.44324
0.0996992
0.0524985
0.662
0.662
0.662
0.662
0.358711
0.404395
0.252862
0.333755
0.217328
0.287595
0.662
0.662
0.662
0.662
0.361657
0.662
0.662
0.339776
0.392722
0.662
0.662
0.192231
0.662
0.2072
0.662
0.0302985
0.662
0.425872
0.662
0.662
0.474404
0.662
0.662
0.0366603
0.662
0.147737
0.320293
0.456716
0.632203
0.662
0.662
0.662
0.662
0.616978
0.662
0.241015
0.662
0.510523
0.662
0.662
0.0374895
0.662
0.0288068
0.662
0.362336
0.180436
0.0891665
0.354208
0.662
0.662
0.662
0.662
0.662
0.164465
0.151614
0.165513
0.662
0.307264
0.662
0.662
0.662
0.40319
0.662
0.662
0.353281
0.662
0.0824442
0.19371
0.662
0.662
0.289722
0.324386
0.614381
0.662
0.662
0.662
0.662
0.662
0.662
0.662
0.209478
0.662
0.537755
0.104361
0.446298
0.106119
0.147508
0.662
0.477404
0.126454
0.108011
0.351891
0.662
0.662
0.662
0.416147
0.662
0.662
0.662
0.189135
0.131253
0.259955
0.164261
0.662
0.662
0.0745424
0.662
0.662
0.662
0.0649427
0.211903
0.662
0.123493
0.662
0.662
0.193157
0.662
0.499011
0.320507
0.197811
0.480154
0.662
0.662
0.662
0.662
0.452711
0.662
0.662
0.472523
0.662
0.662
0.662
0.662
0.301743
0.662
0.662
0.662
0.662
0.260619
0.303437
0.274669
0.662
0.414023
0.662
0.399768
0.247788
0.662
0.662
0.145812
0.271538
0.337539
0.662
0.662
0.0194363
0.662
0.662
0.351242
0.662
0.662
0.00445684
0.662
0.203899
0.662
0.662
0.216965
0.662
0.303642
0.662
0.662
0.362463
0.0911145
0.186412
0.490873
0.153062
0.125482
0.0313795
0.662
0.470838
0.662
0.662
0.175462
0.662
0.16538
0.139563
0.662
0.662
0.662
0.103906
0.52509
0.356769
0.450718
0.662
0.662
0.248182
0.421549
0.429714
0.456953
0.662
0.662
0.460424
0.358991
0.662
0.662
0.159356
0.267874
0.662
0.662
0.55306
0.411494
0.0109921
0.662
0.662
0.662
0.347598
0.662
0.662
0.450654
0.662
0.198731
0.458244
0.390235
0.348404
0.414814
0.230044
0.257027
0.00197705
0.662
0.0799648
0.239676
0.662
0.662
0.662
0.662
0.662
0.662
0.662
0.307374
0.388133
0.662
0.475745
0.418845
0.662
0.662
0.185091
0.159282
0.662
0.0779352
0.0143197
0.0862129
0.342171
0.662
0.662
0.662
0.662
0.662
0.662
0.662
0.176901
0.331859
0.255338
0.376293
0.345972
0.662
0.106704
0.662
0.662
0.662
0.316103
0.404611
0.443071
0.389322
0.194116
0.391067
0.392792
0.662
0.662
0.274646
0.340655
0.662
0.12069
0.662
0.0998382
0.662
0.662
0.357556
0.421251
0.234507
0.662
0.0858092
0.230588
0.662
0.248496
0.662
0.662
0.299312
0.307069
0.662
0.417509
0.353456
0.662
0.662
0.21894
0.662
0.662
0.662
0.662
0.662
0.662
0.0395142
0.322228
0.229751
0.276565
0.00783015
0.566582
0.662
0.662
0.662
0.41731
0.213678
0.170221
0.662
0.662
0.662
0.662
0.326395
0.314481
0.131695
0.348173
0.488334
0.0485588
0.662
0.113565
0.298175
0.662
0.662
0.369634
0.662
0.414634
0.662
0.662
0.662
0.662
0.662
0.662
0.0745516
0.662
0.456131
0.263567
0.453666
0.662
0.662
0.404038
0.662
0.373685
0.350709
0.184498
0.662
0.0931153
0.662
0.662
0.662
0.250019
0.662
0.662
0.662
0.531955
0.326096
0.662
0.662
0.36201
0.202697
0.127793
0.662
0.662
0.662
0.100449
0.0498369
0.662
0.662
0.662
0.277323
0.662
0.284975
0.387785
0.348362
0.662
0.432879
0.662
0.662
0.183975
0.458782
0.662
0.412196
0.069342
0.662
0.317166
0.662
0.662
0.662
0.527935
0.461576
0.662
0.662
0.089287
0.25075
0.114931
0.662
0.103649
0.662
0.662
0.4294
0.662
0.573025
0.662
0.662
0.222021
0.21176
0.00549417
0.662
0.662
0.292612
0.434899
0.662
0.662
0.375959
0.662
0.662
0.662
0.0225023
0.662
0.662
0.350883
0.439211
0.0878831
0.407992
0.368147
0.395996
0.662
0.441686
0.662
0.662
0.335565
0.166211
0.455523
0.411335
0.662
0.662
0.321506
0.662
0.458057
0.0149607
0.662
0.366335
0.459072
0.270025
0.662
0.662
0.662
0.662
0.286205
0.0786137
0.0882216
0.662
0.662
0.662
0.494473
0.662
0.0889986
0.662
0.662
0.662
0.0131489
0.253715
0.00638799
0.39626
0.131779
0.662
0.662
0.662
0.662
0.232079
0.0681668
0.0367536
0.27749
0.662
0.267165
0.662
0.662
0.662
0.0449958
0.0764845
0.329943
0.662
0.662
0.662
0.46003
0.429655
0.662
0.662
0.117982
0.662
0.662
0.662
0.256285
0.662
0.662
0.662
0.406703
0.662
0.198972
0.0954504
0.186491
0.662
0.662
0.662
0.0794179
0.412196
0.432148
0.421646
0.662
0.662
0.662
0.364914
0.471039
0.428301
0.662
0.662
0.188708
0.662
0.662
0.662
0.662
0.0208624
0.388635
0.662
0.202744
0.662
0.662
0.343844
0.662
0.662
0.269913
0.662
0.662
0.662
0.662
0.442629
0.662
0.662
0.14729
0.662
0.326378
0.37262
0.662
0.662
0.662
0.05543
0.42623
0.435262
0.662
0.662
0.234885
0.367893
0.624384
0.473454
0.319213
0.662
0.0335321
0.662
0.0509347
0.662
0.662
0.662
0.301725
0.191422
0.662
0.351259
0.192006
0.662
0.662
0.448075
0.662
0.460774
0.39128
0.390896
0.281437
0.662
0.662
0.249085
0.662
0.100726
0.662
0.662
0.131396
0.662
0.662
0.205133
0.662
0.394621
0.324559
0.662
0.662
0.662
0.662
0.179693
0.662
0.662
0.662
0.289698
0.662
0.662
0.662
0.662
0.662
0.39117
0.378288
0.229601
0.662
0.490288
0.662
0.282475
0.461433
0.662
0.662
0.662
0.662
0.0206707
0.149167
0.599549
0.0920057
0.662
0.499501
0.662
0.662
0.331975
0.662
0.362231
0.662
0.633391
0.431842
0.459342
0.171047
0.662
0.440137
0.309986
0.105685
0.0227881
0.662
0.662
0.662
0.662
0.662
0.662
0.662
0.417156
0.662
0.662
0.0192779
0.00978864
0.476926
0.662
0.662
0.662
0.662
0.096676
0.418421
0.662
0.0527911
0.662
0.662
0.0384489
0.662
0.662
0.260511
0.00978828
0.662
0.479888
0.662
0.430433
0.662
0.662
0.662
0.662
0.662
0.260656
0.297499
0.662
0.662
0.447754
0.103842
0.662
0.662
0.662
0.662
0.662
0.662
0.662
0.132459
0.662
0.107643
0.00968376
