0.662
0.662
0.356975
0.662
0.662
0.00794963
0.662
0.0385522
0.171733
0.662
0.662
0.119548
0.662
0.662
0.0980777
0.471759
0.403653
0.662
0.148129
0.662
0.336242
0.662
0.662
0.380884
0.662
0.352636
0.179015
0.316722
0.0469968
0.662
0.662
0.662
0.146442
0.124156
0.662
0.517757
0.253765
0.42328
0.412949
0.409144
0.662
0.662
0.662
0.450727
0.662
0.0509527
0.459737
0.662
0.0498568
0.447058
0.662
0.662
0.662
0.662
0.348134
0.662
0.30536
0.468382
0.175081
0.662
0.662
0.235473
0.662
0.200517
0.662
0.260719
0.0795846
0.45304
0.248185
0.250388
0.370454
0.662
0.662
0.662
0.662
0.255801
0.662
0.0383425
0.123886
0.662
0.0664296
0.662
0.143307
0.179297
0.662
0.662
0.341071
0.662
0.414825
0.391319
0.030881
0.662
0.662
0.460955
0.662
0.143912
0.662
0.662
0.662
0.383588
0.662
0.662
0.220412
0.604128
0.662
0.662
0.662
0.172204
0.662
0.0850648
0.100096
0.662
0.550865
0.662
0.203247
0.662
0.662
0.135105
0.662
0.662
0.424569
0.662
0.662
0.662
0.0402664
0.285334
0.594529
0.662
0.662
0.0271873
0.662
0.104658
0.662
0.662
0.269051
0.47511
0.662
0.662
0.662
0.662
0.174373
0.256507
0.210525
0.244988
0.662
0.309401
0.662
0.45264
0.085055
0.502384
0.662
0.122724
0.0452529
0.662
0.662
0.42017
0.00803967
0.442312
0.662
0.662
0.662
0.662
0.662
0.662
0.662
0.374138
0.235746
0.0136299
0.662
0.21397
0.662
0.662
0.662
0.662
0.049657
0.662
0.662
0.218414
0.662
0.360869
0.662
0.662
0.662
0.487494
0.662
0.132256
0.662
0.662
0.369046
0.136846
0.662
0.662
0.265652
0.662
0.662
0.331416
0.662
0.662
0.45972
0.662
0.0484058
0.224364
0.662
0.247568
0.0543872
0.10449
0.37229
0.435258
0.00290907
0.662
0.616952
0.662
0.662
0.662
0.241784
0.662
0.115569
0.174254
0.662
0.662
0.287907
0.433249
0.662
0.1682
0.281072
0.0488527
0.662
0.401529
0.662
0.662
0.662
0.260088
0.361283
0.662
0.0847285
0.662
0.0411191
0.662
0.126136
0.662
0.662
0.662
0.455351
0.202735
0.33701
0.288662
0.0329769
0.397326
0.662
0.662
0.0440411
0.376673
0.192948
0.351031
0.47083
0.662
0.662
0.662
0.662
0.202237
0.662
0.482397
0.662
0.662
0.662
0.206947
0.116689
0.662
0.662
0.662
0.197893
0.365504
0.662
0.662
0.00961523
0.488698
0.662
0.662
0.0776868
0.662
0.662
0.375836
0.594286
0.150171
0.0542253
0.662
0.662
0.662
0.662
0.457912
0.303649
0.437417
0.152124
0.662
0.662
0.662
0.243749
0.23594
0.662
0.662
0.662
0.325902
0.0682849
0.662
0.662
0.467835
0.457628
0.662
0.662
0.489228
0.662
0.238786
0.37395
0.662
0.662
0.662
0.569463
0.662
0.0301014
0.662
0.662
0.662
0.170098
0.440772
0.0472701
0.662
0.0295003
0.232962
0.216566
0.662
0.283784
0.281868
0.248466
0.351825
0.662
0.662
0.0313716
0.662
0.399192
0.662
0.662
0.662
0.399934
0.662
0.320029
0.472368
0.181793
0.0752485
0.662
0.662
0.662
0.662
0.662
0.662
0.662
0.388674
0.662
0.662
0.309809
0.662
0.357851
0.114836
0.124806
0.0640027
0.662
0.437
0.662
0.662
0.662
0.662
0.662
0.662
0.367679
0.662
0.260006
0.662
0.0201451
0.221372
0.662
0.25182
0.131123
0.173351
0.331012
0.662
0.479868
0.342444
0.105785
0.0938046
0.662
0.662
0.662
0.662
0.121095
0.662
0.015655
0.662
0.324572
0.135289
0.229519
0.161166
0.662
0.199746
0.662
0.364082
0.0288011
0.662
0.0274649
0.662
0.662
0.0092449
0.431382
0.662
0.234421
0.137224
0.662
0.662
0.662
0.151606
0.338726
0.415879
0.482641
0.00270541
0.155267
0.0607933
0.662
0.255401
0.123309
0.662
0.0153362
0.662
0.662
0.438179
0.662
0.662
0.554177
0.662
0.662
0.315542
0.662
0.281126
0.662
0.662
0.413884
0.662
0.662
0.662
0.498114
0.662
0.407713
0.29808
0.244674
0.0677308
0.271173
0.0718133
0.317882
0.662
0.244042
0.320241
0.0943923
0.662
0.662
0.662
0.450291
0.106256
0.448535
0.662
0.387103
0.662
0.662
0.0796482
0.662
0.366676
0.662
0.408441
0.192571
0.256474
0.30578
0.662
0.316375
0.169366
0.284607
0.662
0.428295
0.662
0.158989
0.662
0.662
0.572239
0.0710374
0.662
0.662
0.249377
0.482706
0.662
0.662
0.662
0.0438733
0.466401
0.662
0.662
0.104011
0.202529
0.662
0.417762
0.662
0.662
0.182281
0.662
0.662
0.398083
0.443427
0.45108
0.662
0.370799
0.662
0.662
0.662
0.662
0.662
0.662
0.225689
0.662
0.420693
0.662
0.270411
0.662
0.662
0.662
0.435047
0.17263
0.662
0.45558
0.662
0.286447
0.374448
0.662
0.0822745
0.662
0.475369
0.662
0.278313
0.662
0.215042
0.662
0.662
0.178766
0.0828276
0.662
0.662
0.348732
0.662
0.430486
0.103295
0.151988
0.662
0.193733
0.353789
0.662
0.662
0.338397
0.383291
0.109516
0.382674
0.662
0.319103
0.209849
0.0940992
0.453844
0.348255
0.662
0.662
0.464319
0.662
0.662
0.662
0.0682174
0.662
0.662
0.662
0.662
0.0631288
0.0511008
0.662
0.662
0.311236
0.662
0.662
0.292936
0.386123
0.264393
0.190719
0.662
0.662
0.410889
0.322411
0.430479
0.294054
0.157237
0.662
0.662
0.662
0.570645
0.126959
0.389407
0.662
0.00769412
0.232152
0.662
0.662
0.662
0.662
0.662
0.662
0.662
0.214239
0.0968677
0.476094
0.0348539
0.662
0.451432
0.662
0.662
0.404104
0.448533
0.185261
0.0187486
0.116654
0.201392
0.302561
0.243171
0.662
0.662
0.662
0.0042706
0.414532
0.662
0.383816
0.662
0.0602733
0.662
0.149399
0.173289
0.420235
0.662
0.662
0.260188
0.662
0.662
0.0619679
0.122574
0.662
0.110152
0.662
0.293712
0.00305917
0.164015
0.662
0.662
0.279257
0.39814
0.248003
0.0265034
0.314837
0.397691
0.139852
0.199717
0.422333
0.16103
0.0220848
0.256646
0.662
0.249524
0.49829
0.662
0.327892
0.662
0.392182
0.282757
0.0464144
0.423015
0.612792
0.171975
0.0250465
0.662
0.211607
0.3317
0.253195
0.542848
0.662
0.662
0.583079
0.325268
0.359975
0.0540059
0.0110248
0.662
0.662
0.662
0.662
0.662
0.662
0.452247
0.662
0.662
0.412303
0.662
0.231321
0.326981
0.0298226
0.662
0.662
0.662
0.662
0.662
0.425606
0.218742
0.662
0.662
0.281821
0.274646
0.372421
0.662
0.619249
0.335534
0.0817065
0.287882
0.662
0.460991
0.662
0.662
0.662
0.339044
0.386083
0.629596
0.0105115
0.662
0.662
0.662
0.388256
0.31286
0.304088
0.444949
0.424487
0.662
0.372376
0.0907161
0.387691
0.662
0.32797
0.662
0.662
0.662
0.662
0.662
0.155338
0.662
0.0303748
0.662
0.272116
0.236753
0.225029
0.662
0.563422
0.662
0.662
0.0595527
0.296185
0.442167
0.315974
0.165937
0.662
0.662
0.662
0.143251
0.313082
0.662
0.0902437
0.662
0.295651
0.662
0.662
0.444218
0.662
0.662
0.662
0.662
0.258135
0.0502029
0.531095
0.662
0.126731
0.662
0.662
0.662
0.0521143
0.444793
0.662
0.662
0.662
0.36169
0.172077
0.389686
0.662
0.159824
0.170393
0.662
0.662
0.662
0.662
0.358766
0.662
0.0804229
0.662
0.662
0.407024
0.119786
0.662
0.662
0.662
0.662
0.267063
0.278796
0.132811
0.662
0.379989
0.0164014
0.286457
0.662
0.662
0.438436
0.232121
0.662
0.133812
0.662
0.662
0.662
0.662
0.662
0.662
0.376321
0.662
0.662
0.12317
0.40679
0.662
0.064038
0.662
0.399349
0.662
0.255104
0.0434061
0.0616162
0.662
0.662
0.209095
0.264638
0.379699
0.662
0.079863
0.259424
0.221314
0.351538
0.662
0.662
0.662
0.392328
0.250552
0.662
0.662
0.159192
0.587986
0.662
