0.241532
0.662
0.662
0.114943
0.662
0.662
0.662
0.227212
0.296359
0.518078
0.347541
0.662
0.26486
0.662
0.662
0.662
0.662
0.309213
0.662
0.219324
0.550567
0.662
0.662
0.662
0.189832
0.662
0.414767
0.218991
0.662
0.357184
0.662
0.466375
0.662
0.0510785
0.172612
0.446964
0.348858
0.0647663
0.662
0.662
0.294852
0.188288
0.662
0.662
0.135834
0.181951
0.199909
0.662
0.662
0.145333
0.662
0.662
0.662
0.266524
0.662
0.662
0.175203
0.420348
0.0182752
0.662
0.371464
0.236256
0.662
0.475745
0.247145
0.662
0.312271
0.137422
0.662
0.113554
0.662
0.294405
0.366695
0.42329
0.405927
0.662
0.662
0.466255
0.392889
0.0471616
0.662
0.662
0.0787521
0.0702463
0.25332
0.466071
0.662
0.662
0.662
0.662
0.662
0.662
0.662
0.128915
0.390262
0.242285
0.220797
0.662
0.319718
0.114909
0.334817
0.217686
0.662
0.662
0.326034
0.662
0.662
0.662
0.662
0.232143
0.662
0.662
0.345524
0.662
0.20511
0.662
0.662
0.160239
0.662
0.41544
0.662
0.662
0.662
0.430282
0.0910462
0.662
0.662
0.662
0.662
0.436466
0.662
0.662
0.191321
0.447338
0.484692
0.65442
0.662
0.662
0.457838
0.389101
0.649111
0.662
0.222489
0.424978
0.379851
0.662
0.437333
0.0809091
0.662
0.662
0.662
0.662
0.662
0.662
0.135149
0.228258
0.305606
0.253307
0.662
0.207059
0.0269439
0.662
0.402072
0.28304
0.662
0.662
0.47741
0.0414982
0.0674843
0.662
0.662
0.629288
0.0729567
0.662
0.662
0.662
0.349773
0.50957
0.104521
0.662
0.662
0.662
0.272176
0.19665
0.546338
0.044495
0.662
0.662
0.113993
0.000716014
0.662
0.516216
0.371118
0.136345
0.662
0.662
0.0299416
0.662
0.662
0.662
0.0335619
0.662
0.662
0.662
0.280229
0.662
0.0550909
0.291888
0.299854
0.662
0.662
0.385709
0.44825
0.662
0.662
0.662
0.662
0.662
0.356489
0.382473
0.662
0.662
0.107863
0.662
0.662
0.662
0.283959
0.662
0.662
0.662
0.153521
0.662
0.662
0.428737
0.662
0.107409
0.172763
0.662
0.035235
0.662
0.471773
0.662
0.462142
0.662
0.237046
0.331666
0.127688
0.662
0.662
0.0632049
0.332539
0.0799887
0.301773
0.121357
0.395448
0.662
0.662
0.662
0.662
0.662
0.459259
0.662
0.0732209
0.284256
0.662
0.662
0.662
0.233782
0.308347
0.662
0.662
0.662
0.662
0.448794
0.561981
0.662
0.442103
0.662
0.473014
0.214046
0.396106
0.133335
0.662
0.662
0.662
0.662
0.662
0.3605
0.140573
0.662
0.662
0.662
0.295483
0.473845
0.662
0.416018
0.662
0.208135
0.343356
0.662
0.382326
0.662
0.458475
0.273691
0.0878377
0.215652
0.662
0.662
0.155038
0.0526106
0.103311
0.472021
0.177374
0.322778
0.662
0.662
0.361072
0.662
0.208055
0.662
0.662
0.202425
0.0335308
0.662
0.662
0.280525
0.262191
0.286688
0.662
0.662
0.355678
0.662
0.377455
0.16572
0.281028
0.662
0.662
0.200357
0.662
0.374719
0.662
0.432339
0.662
0.364664
0.662
0.0529682
0.453583
0.577965
0.125003
0.662
0.662
0.662
0.100367
0.519215
0.662
0.175967
0.425409
0.446933
0.47108
0.662
0.456144
0.662
0.662
0.662
0.262346
0.662
0.123757
0.662
0.662
0.351167
0.50509
0.662
0.662
0.0996391
0.155805
0.662
0.662
0.662
0.662
0.662
0.156328
0.662
0.34011
0.662
0.662
0.243724
0.191613
0.662
0.189644
0.0253934
0.662
0.662
0.288818
0.662
0.662
0.161664
0.662
0.0742071
0.0764422
0.363426
0.324551
0.327301
0.662
0.662
0.662
0.662
0.214818
0.104171
0.662
0.16245
0.662
0.662
0.662
0.662
0.444933
0.0577176
0.0289289
0.471615
0.22393
0.662
0.662
0.0898899
0.662
0.404799
0.0690301
0.662
0.662
0.662
0.124924
0.662
0.662
0.147547
0.368974
0.459342
0.528919
0.662
0.631918
0.010276
0.662
0.129112
0.482699
0.662
0.07423
0.440636
0.662
0.662
0.662
0.0233278
0.662
0.0415322
0.662
0.662
0.120874
0.284826
0.662
0.102931
0.394061
0.662
0.23814
0.662
0.388161
0.473982
0.662
0.369883
0.248727
0.662
0.662
0.662
0.662
0.570485
0.414832
0.662
0.430921
0.662
0.662
0.662
0.662
0.662
0.662
0.662
0.662
0.662
0.334896
0.662
0.0998735
0.662
0.601613
0.160988
0.0389376
0.143131
0.0457568
0.662
0.662
0.662
0.662
0.662
0.662
0.662
0.662
0.662
0.662
0.117579
0.662
0.0382267
0.556272
0.662
0.662
0.169451
0.0516478
0.662
0.662
0.115138
0.662
0.628786
0.306136
0.00902142
0.314892
0.662
0.662
0.662
0.662
0.662
0.662
0.0767414
0.336988
0.0522121
0.0338208
0.662
0.137527
0.628058
0.306977
0.278782
0.22916
0.662
0.662
0.651991
0.662
0.662
0.161696
0.0605039
0.662
0.336502
0.010091
0.529269
0.156349
0.142904
0.662
0.662
0.662
0.662
0.662
0.146478
0.662
0.297044
0.302325
0.211936
0.662
0.373969
0.662
0.470847
0.332435
0.662
0.662
0.37849
0.662
0.395536
0.372311
0.278168
0.414183
0.149444
0.0595254
0.662
0.662
0.662
0.170293
0.263137
0.448097
0.662
0.662
0.126906
0.662
0.662
0.662
0.662
0.0956104
0.662
0.121339
0.0815652
0.662
0.662
0.662
0.662
0.662
0.249207
0.0288915
0.402045
0.00447406
0.662
0.263421
0.662
0.662
0.662
0.662
0.662
0.662
0.662
0.135094
0.35138
0.59716
0.250822
0.200298
0.662
0.0814557
0.662
0.662
0.337888
0.181465
0.662
0.13131
0.662
0.662
0.662
0.289698
0.112696
0.662
0.604053
0.340904
0.662
0.662
0.138739
0.286212
0.662
0.662
0.662
0.18657
0.662
0.662
0.662
0.662
0.285372
0.21764
0.0577199
0.662
0.606071
0.662
0.662
0.0946273
0.477576
0.109906
0.662
0.662
0.499338
0.662
0.422779
0.662
0.662
0.662
0.0558232
0.171861
0.662
0.455851
0.422792
0.109768
0.662
0.662
0.662
0.662
0.354369
0.460205
0.000243711
0.372621
0.270531
0.347866
0.380736
0.190461
0.662
0.662
0.147668
0.662
0.349486
0.0996171
0.662
0.348298
0.437566
0.662
0.662
0.662
0.0480857
0.25961
0.156527
0.15417
0.0300012
0.662
0.206071
0.163036
0.158789
0.662
0.337833
0.194281
0.49367
0.662
0.370349
0.0858092
0.294941
0.0442189
0.399999
0.221919
0.516823
0.662
0.662
0.662
0.662
0.418803
0.153062
0.629706
0.662
0.52267
0.662
0.405277
0.156096
0.269208
0.263329
0.662
0.0313074
0.00524904
0.370417
0.473225
0.662
0.662
0.662
0.00197705
0.317091
0.457978
0.127444
0.27083
0.384527
0.662
0.662
0.662
0.662
0.0352484
0.460947
0.312791
0.254082
0.662
0.662
0.439718
0.662
0.387456
0.48576
0.662
0.662
0.454019
0.662
0.118311
0.281088
0.0927845
0.662
0.136012
0.218921
0.662
0.56159
0.322368
0.370599
0.662
0.662
0.662
0.432061
0.662
0.29209
0.383707
0.662
0.337309
0.662
0.334758
0.662
0.662
0.662
0.662
0.257146
0.296331
0.559
0.662
0.401629
0.662
0.662
0.662
0.169342
0.401553
0.260643
0.0294151
0.662
0.662
0.662
0.662
0.225389
0.662
0.662
0.146031
0.662
0.139278
0.150152
0.0946281
0.320507
0.662
0.245874
0.662
0.662
0.662
0.0155429
0.23015
0.662
0.168475
0.439219
0.176605
0.249516
0.246392
0.0653031
0.662
0.408862
0.662
0.33473
0.662
0.291874
0.116347
0.662
0.177583
0.662
0.662
0.662
0.0153077
0.662
0.662
0.277297
0.511175
0.160984
0.525417
0.497754
0.662
0.469812
0.662
0.662
0.662
0.123131
0.662
0.0606707
0.408321
0.105315
0.662
0.662
0.662
0.0541456
0.156555
0.216091
0.505611
0.662
0.0729866
0.123365
0.662
0.662
0.32563
0.0245373
0.325607
0.662
0.662
0.662
0.0107219
0.257
0.191341
0.662
0.462638
0.239676
0.662
0.662
0.662
0.662
0.662
0.662
0.662
0.0378266
0.662
0.532603
0.662
0.20553
0.0190423
0.543575
0.662
0.235402
0.662
0.662
0.662
0.231108
0.129182
0.382783
0.164962
0.662
0.662
0.662
0.662
0.662
0.390727
0.662
0.115356
0.0989178
0.662
0.227514
0.662
0.662
0.662
0.662
0.607097
0.662
0.429193
0.0479127
0.250457
0.662
0.662
0.550496
0.662
0.2618
0.662
0.662
0.126638
0.662
0.662
0.662
0.662
0.662
0.662
0.397268
0.662
0.302978
0.0789132
0.00319973
0.233688
0.354312
0.662
0.662
0.212419
0.254491
0.662
0.374429
0.662
0.662
0.213991
0.402926
0.189626
0.662
0.225571
0.662
0.662
0.0361404
0.0435972
0.0597143
0.192279
0.0611512
0.662
