0.662
0.662
0.662
0.500075
0.41851
0.662
0.318807
0.662
0.407741
0.662
0.641132
0.336115
0.662
0.662
0.662
0.399704
0.202821
0.327154
0.662
0.217754
0.296328
0.307323
0.662
0.662
0.662
0.625874
0.0283043
0.478646
0.0990762
0.662
0.365372
0.662
0.662
0.354595
0.267947
0.662
0.133202
0.0745865
0.463088
0.662
0.662
0.278482
0.662
0.662
0.030596
0.662
0.392437
0.446106
0.404964
0.314698
0.353553
0.662
0.58142
0.662
0.267675
0.402102
0.662
0.483402
0.662
0.455462
0.662
0.233188
0.11332
0.662
0.360562
0.662
0.662
0.662
0.662
0.662
0.202847
0.541524
0.26929
0.464582
0.317259
0.662
0.0139363
0.662
0.662
0.662
0.00519978
0.0393102
0.255816
0.376405
0.105827
0.0109311
0.662
0.428757
0.0444975
0.337469
0.0916548
0.662
0.662
0.662
0.662
0.662
0.399419
0.0638248
0.358085
0.662
0.662
0.662
0.217406
0.662
0.075785
0.223294
0.431641
0.662
0.662
0.662
0.662
0.457209
0.662
0.662
0.662
0.401928
0.239781
0.415293
0.662
0.296465
0.662
0.423146
0.248003
0.662
0.248002
0.662
0.302927
0.293917
0.662
0.0072214
0.165725
0.662
0.444722
0.494996
0.0722127
0.662
0.128308
0.662
0.662
0.662
0.130537
0.421942
0.662
0.353714
0.662
0.662
0.217684
0.051144
0.274067
0.662
0.662
0.662
0.215906
0.662
0.662
0.662
0.662
0.21092
0.662
0.0717011
0.662
0.220612
0.662
0.662
0.662
0.0774835
0.432656
0.662
0.662
0.662
0.306275
0.662
0.346529
0.662
0.0613583
0.662
0.662
0.00602388
0.662
0.662
0.633391
0.662
0.280658
0.662
0.662
0.662
0.0276367
0.394616
0.11
0.28173
0.417003
0.407216
0.662
0.662
0.662
0.662
0.153134
0.158638
0.601435
0.662
0.662
0.662
0.134357
0.662
0.662
0.418984
0.276803
0.662
0.00608009
0.662
0.0613575
0.0501356
0.662
0.49993
0.15901
0.0599636
0.177067
0.662
0.662
0.0863098
0.26796
0.440525
0.662
0.455963
0.662
0.662
0.662
0.17722
0.662
0.662
0.662
0.247993
0.472169
0.332117
0.107156
0.662
0.556854
0.662
0.0363273
0.662
0.662
0.0279793
0.313585
0.444708
0.442217
0.662
0.662
0.662
0.662
0.410503
0.203055
0.662
0.496277
0.662
0.662
0.662
0.662
0.662
0.662
0.156341
0.662
0.662
0.662
0.657945
0.455151
0.178524
0.136473
0.0904282
0.662
0.510485
0.662
0.0580811
0.220411
0.449292
0.662
0.284712
0.402155
0.662
0.662
0.662
0.662
0.273636
0.662
0.389847
0.662
0.662
0.338331
0.662
0.142315
0.662
0.662
0.662
0.654607
0.128725
0.177806
0.257595
0.662
0.0752255
0.662
0.0622207
0.662
0.662
0.662
0.253462
0.662
0.186079
0.662
0.662
0.662
0.662
0.559574
0.375116
0.389766
0.662
0.584197
0.316713
0.370684
0.255167
0.292372
0.662
0.662
0.662
0.285646
0.312045
0.244028
0.662
0.381678
0.161081
0.662
0.662
0.662
0.662
0.662
0.662
0.426129
0.524854
0.662
0.662
0.401927
0.662
0.0552147
0.662
0.662
0.329082
0.662
0.662
0.0436145
0.662
0.570872
0.433155
0.662
0.371695
0.662
0.060227
0.662
0.662
0.491179
0.662
0.353728
0.0831063
0.662
0.226068
0.0991473
0.662
0.662
0.662
0.469659
0.662
0.236835
0.28692
0.611407
0.662
0.483828
0.32509
0.00574265
0.662
0.662
0.229336
0.146124
0.215684
0.662
0.454031
0.161075
0.36247
0.3733
0.662
0.662
0.40334
0.662
0.21725
0.662
0.662
0.662
0.662
0.662
0.662
0.662
0.662
0.662
0.662
0.662
0.662
0.228246
0.609363
0.148575
0.662
0.662
0.662
0.0732317
0.206814
0.662
0.0860689
0.662
0.231728
0.240403
0.0258821
0.662
0.450186
0.662
0.114853
0.662
0.381279
0.40986
0.662
0.662
0.662
0.662
0.662
0.662
0.662
0.662
0.662
0.172567
0.662
0.208631
0.598947
0.662
0.662
0.662
0.226891
0.662
0.191478
0.168265
0.662
0.662
0.14156
0.662
0.662
0.047599
0.662
0.0757135
0.0627813
0.662
0.662
0.662
0.662
0.662
0.662
0.261342
0.198246
0.406056
0.662
0.662
0.662
0.662
0.104987
0.235604
0.662
0.662
0.662
0.228873
0.0442489
0.662
0.662
0.662
0.662
0.332942
0.066759
0.22479
0.561478
0.0724752
0.148634
0.0782881
0.662
0.662
0.26925
0.629706
0.662
0.434107
0.186139
0.154168
0.662
0.662
0.662
0.385285
0.195611
0.662
0.662
0.662
0.0488244
0.0501446
0.409121
0.467649
0.45552
0.48974
0.436098
0.151879
0.221948
0.662
0.662
0.662
0.17069
0.662
0.662
0.206909
0.340267
0.166789
0.662
0.0876482
0.662
0.381055
0.662
0.45505
0.0219596
0.662
0.39922
0.662
0.662
0.662
0.500066
0.0125621
0.123328
0.662
0.538813
0.662
0.455274
0.662
0.662
0.662
0.662
0.662
0.662
0.147514
0.447311
0.662
0.662
0.662
0.270878
0.662
0.662
0.204822
0.255138
0.662
0.662
0.514621
0.19021
0.662
0.662
0.662
0.300434
0.662
0.662
0.662
0.662
0.662
0.490744
0.0109609
0.662
0.0822864
0.365778
0.397408
0.309024
0.417372
0.245149
0.662
0.662
0.662
0.244443
0.395106
0.662
0.662
0.662
0.662
0.662
0.662
0.249392
0.184283
0.662
0.0319279
0.662
0.662
0.280233
0.439689
0.345709
0.102841
0.662
0.262363
0.662
0.231183
0.662
0.662
0.463618
0.662
0.662
0.0459342
0.345191
0.459744
0.662
0.342142
0.2259
0.662
0.108369
0.0933393
0.662
0.422559
0.662
0.662
0.662
0.319651
0.662
0.662
0.294192
0.662
0.662
0.662
0.429124
0.662
0.662
0.250153
0.112708
0.232206
0.662
0.662
0.454266
0.662
0.662
0.662
0.662
0.362891
0.0457315
0.662
0.662
0.565475
0.209497
0.468254
0.0199442
0.000927661
0.477412
0.662
0.156749
0.292234
0.213074
0.384023
0.0198049
0.662
0.321302
0.662
0.310586
0.662
0.382555
0.235561
0.410788
0.457995
0.446543
0.224345
0.348059
0.431681
0.662
0.252102
0.335852
0.0626352
0.662
0.393307
0.334041
0.137201
0.264962
0.409223
0.204909
0.147731
0.0726842
0.2939
0.662
0.662
0.662
0.0318614
0.0691177
0.428743
0.662
0.391882
0.16596
0.662
0.302387
0.662
0.662
0.177758
0.35909
0.662
0.662
0.662
0.194488
0.662
0.662
0.662
0.501072
0.134459
0.254803
0.662
0.662
0.420696
0.662
0.662
0.0422522
0.448103
0.114229
0.662
0.662
0.378857
0.662
0.662
0.662
0.662
0.662
0.103727
0.083388
0.662
0.662
0.0942525
0.0165155
0.251444
0.662
0.662
0.266278
0.662
0.296952
0.662
