0.662
0.047131
0.662
0.195838
0.345923
0.662
0.147962
0.662
0.469867
0.662
0.00433332
0.662
0.17306
0.312805
0.159903
0.365624
0.131996
0.0414216
0.00175176
0.398296
0.662
0.355617
0.25967
0.662
0.304636
0.234112
0.662
0.226668
0.662
0.174223
0.662
0.230878
0.662
0.662
0.315277
0.384531
0.370924
0.662
0.167073
0.105573
0.634364
0.662
0.107606
0.006179
0.128655
0.360203
0.662
0.662
0.31179
0.662
0.662
0.460024
0.662
0.381178
0.38951
0.212211
0.519617
0.662
0.662
0.662
0.662
0.00145415
0.316187
0.662
0.163764
0.662
0.662
0.662
0.662
0.662
0.662
0.479404
0.455644
0.662
0.496141
0.194858
0.662
0.662
0.392906
0.486421
0.341527
0.373115
0.287829
0.63339
0.662
0.662
0.00620789
0.662
0.662
0.145935
0.662
0.662
0.413461
0.662
0.208482
0.24477
0.374375
0.294327
0.662
0.662
0.452897
0.399081
0.239817
0.662
0.662
0.282598
0.161364
0.662
0.662
0.662
0.662
0.662
0.425686
0.662
0.390254
0.662
0.0602086
0.331808
0.0221412
0.494019
0.175526
0.203882
0.108821
0.567453
0.426675
0.395119
0.644648
0.662
0.409521
0.662
0.294385
0.662
0.401449
0.170376
0.0882941
0.662
0.349046
0.662
0.380532
0.662
0.467457
0.662
0.662
0.309343
0.662
0.662
0.662
0.261466
0.246841
0.390311
0.662
0.317801
0.12589
0.312493
0.662
0.662
0.255237
0.662
0.359995
0.403137
0.304256
0.512027
0.433914
0.662
0.662
0.662
0.662
0.357227
0.662
0.662
0.257463
0.165999
0.476672
0.629759
0.662
0.662
0.257194
0.662
0.169087
0.311804
0.137576
0.662
0.662
0.394655
0.662
0.43261
0.113511
0.0861632
0.469674
0.234293
0.662
0.189975
0.1665
0.662
0.334464
0.49757
0.662
0.439188
0.414942
0.662
0.151071
0.662
0.662
0.136727
0.124873
0.223388
0.0679535
0.662
0.426712
0.662
0.662
0.039618
0.0772435
0.662
0.113339
0.464261
0.522808
0.662
0.662
0.662
0.662
0.662
0.662
0.662
0.145171
0.662
0.662
0.106785
0.662
0.662
0.12886
0.662
0.662
0.305044
0.441023
0.467003
0.662
0.662
0.662
0.662
0.153181
0.662
0.272011
0.271259
0.662
0.202573
0.662
0.0974453
0.0324014
0.662
0.0885497
0.662
0.662
0.662
0.280066
0.662
0.662
0.662
0.662
0.0903341
0.662
0.491279
0.291756
0.662
0.479585
0.532411
0.662
0.662
0.662
0.662
0.300996
0.449524
0.234945
0.121436
0.662
0.44499
0.662
0.662
0.662
0.216546
0.662
0.475514
0.662
0.662
0.662
0.662
0.0503525
0.662
0.309173
0.630296
0.662
0.240525
0.662
0.662
0.285461
0.243036
0.419713
0.662
0.327038
0.552016
0.662
0.481894
0.662
0.662
0.662
0.140738
0.662
0.336984
0.263856
0.662
0.276664
0.662
0.36761
0.662
0.662
0.662
0.0672304
0.662
0.341587
0.320712
0.662
0.662
0.662
0.662
0.250055
0.662
0.662
0.662
0.350058
0.662
0.662
0.662
0.374624
0.662
0.662
0.564685
0.292508
0.662
0.242102
0.662
0.233303
0.330436
0.662
0.272369
0.0939047
0.662
0.136568
0.662
0.303027
0.301562
0.662
0.464653
0.426306
0.0326169
0.402916
0.568489
0.403914
0.219283
0.431727
0.662
0.662
0.26927
0.468073
0.662
0.432049
0.662
0.662
0.662
0.662
0.662
0.202503
0.662
0.662
0.344198
0.23177
0.662
0.443744
0.334672
0.400014
0.662
0.662
0.360491
0.662
0.662
0.118833
0.251194
0.121071
0.297987
0.119908
0.662
0.0859499
0.662
0.403749
0.662
0.357059
0.662
0.339414
0.662
0.662
0.662
0.386371
0.662
0.662
0.662
0.662
0.419098
0.416479
0.662
0.311776
0.507475
0.0535056
0.432675
0.662
0.662
0.443259
0.367559
0.662
0.364848
0.662
0.59679
0.36625
0.187252
0.662
0.662
0.662
0.619253
0.0923146
0.662
0.474736
0.662
0.0170584
0.28997
0.662
0.246693
0.410837
0.0613751
0.45985
0.471787
0.115762
0.142704
0.662
0.662
0.662
0.662
0.104264
0.433102
0.662
0.0778202
0.308159
0.468541
0.662
0.209234
0.612411
0.0473622
0.662
0.662
0.146307
0.145053
0.662
0.443027
0.662
0.662
0.662
0.662
0.138423
0.124239
0.429806
0.662
0.0541398
0.0505391
0.662
0.0407599
0.232789
0.477019
0.0131964
0.662
0.662
0.375607
0.117186
0.194739
0.241402
0.662
0.0432594
0.662
0.662
0.662
0.662
0.339732
0.220818
0.662
0.662
0.118006
0.662
0.662
0.662
0.662
0.223327
0.191694
0.507325
0.261657
0.450699
0.291961
0.662
0.662
0.662
0.662
0.662
0.662
0.29337
0.42529
0.319518
0.412548
0.662
0.662
0.662
0.662
0.15303
0.429808
0.662
0.662
0.662
0.222543
0.200976
0.662
0.662
0.662
0.116416
0.282948
0.0240994
0.662
0.472823
0.662
0.361183
0.141882
0.662
0.662
0.662
0.662
0.662
0.502941
0.662
0.205385
0.205801
0.662
0.662
0.662
0.323103
0.460408
0.662
0.662
0.662
0.662
0.662
0.662
0.579813
0.662
0.662
0.662
0.255208
0.506259
0.476207
0.662
0.145223
0.532618
0.188698
0.662
0.090563
0.222294
0.662
0.662
0.662
0.318966
0.662
0.662
0.662
0.218977
0.427602
0.662
0.662
0.662
0.0436639
0.10666
0.662
0.662
0.435883
0.470576
0.464218
0.662
0.472252
0.662
0.425655
0.662
0.662
0.662
0.358551
0.136247
0.662
0.104736
0.662
0.297357
0.662
0.662
0.662
0.662
0.204177
0.662
0.662
0.662
0.662
0.662
0.369888
0.294553
0.662
0.662
0.311302
0.0850875
0.145539
0.460439
0.420888
0.662
0.467627
0.662
0.464756
0.662
0.662
0.662
0.0513969
0.662
0.391732
0.662
0.662
0.19663
0.162164
0.662
0.662
0.662
0.662
0.662
0.662
0.280864
0.466112
0.413384
0.217985
0.662
0.0578114
0.662
0.236451
0.00916498
0.662
0.662
0.334388
0.096669
0.194233
0.662
0.662
0.224926
0.153927
0.195588
0.41398
0.399905
0.165344
0.0852576
0.662
0.0087169
0.247543
0.208808
0.4591
0.662
0.463479
0.380274
0.662
0.132472
0.662
0.300974
0.23706
0.662
0.662
0.662
0.662
0.662
0.424107
0.662
0.460665
0.662
0.662
0.451804
0.662
0.202727
0.309991
0.662
0.662
0.152807
0.662
0.662
0.252949
0.282658
0.310458
0.662
0.662
0.662
0.174967
0.662
0.662
0.0799266
0.10245
0.662
0.495267
0.662
0.662
0.320128
0.399744
0.127986
0.662
0.302978
0.374251
0.169078
0.662
0.130557
0.662
0.235592
0.662
0.344762
0.662
0.058915
0.662
0.662
0.349117
0.0459462
0.662
0.192577
0.662
0.662
0.662
0.662
0.662
0.662
0.662
0.662
0.662
0.409452
0.38876
0.662
0.18974
0.221164
0.168462
0.246384
0.122731
0.662
0.331277
0.662
0.662
0.662
0.662
0.23366
0.662
0.186877
0.217631
0.215762
0.181385
0.452044
0.317908
0.201002
0.662
0.662
0.662
0.662
0.299218
0.662
0.0305014
0.662
0.338089
0.662
0.662
0.662
0.662
0.662
0.243335
0.662
0.662
0.662
0.200578
0.662
0.0885071
0.662
0.662
0.437338
0.068101
0.283458
0.662
0.320591
0.0875593
0.662
0.662
0.662
0.177612
0.662
0.533934
0.454685
0.346488
0.662
0.0333585
0.243031
0.425521
0.199126
0.456437
0.354076
0.662
0.138956
0.662
0.412567
0.343068
0.662
0.438004
0.113741
0.662
0.662
0.662
0.662
0.238237
0.361637
0.662
0.662
0.0420172
0.662
0.506517
0.662
0.662
0.644324
0.662
0.424293
0.254787
0.281717
0.662
0.662
0.662
0.662
0.662
0.134575
0.41381
0.662
0.662
0.297175
0.369093
0.662
0.662
0.662
0.452079
0.0771356
0.451552
0.10956
0.662
0.396023
0.589707
0.220399
0.428481
0.662
0.662
0.0368984
0.383147
0.470656
0.0552252
0.460819
0.633694
0.156297
0.662
0.662
0.410072
0.662
0.181659
0.662
0.662
0.137619
0.662
0.662
0.18573
0.117899
0.051257
0.662
0.360982
0.662
0.662
0.662
0.187846
0.287967
0.053956
0.662
0.450887
0.662
0.662
0.123731
0.662
0.662
0.193164
0.662
0.662
0.43113
0.35102
0.0869648
0.47672
0.388912
0.662
0.162425
0.541556
0.662
0.662
0.154638
0.662
0.409224
0.662
0.412843
0.389882
0.321773
0.346044
0.662
0.0362549
0.662
0.127106
0.662
0.471773
0.470877
0.662
0.308074
0.367469
0.662
0.662
0.291125
0.662
0.0901655
0.662
0.283312
0.662
0.106113
0.662
0.23795
0.0897024
0.662
0.175033
0.153821
0.662
0.662
0.191235
0.29874
0.662
0.662
0.535535
0.233613
0.0240284
0.22499
0.579262
0.662
0.406287
0.662
0.336055
0.662
0.548885
0.443633
0.662
0.137718
0.662
0.071004
0.00303754
0.371916
0.339121
0.662
0.366473
0.1389
0.149811
0.662
0.662
0.662
0.00872068
0.662
0.662
0.0137148
0.662
0.420173
0.662
0.284945
0.576348
0.662
0.662
0.662
0.662
0.662
0.335508
0.662
0.662
0.662
0.153983
0.662
0.662
0.0663116
0.662
0.662
0.662
0.662
0.662
0.662
0.662
0.662
0.366769
0.454536
0.0287043
0.662
0.662
0.662
0.662
0.0588333
0.662
0.154779
0.571334
0.662
0.3041
0.239191
0.662
0.658351
0.662
0.662
0.662
0.322744
0.258864
0.662
0.305914
0.662
0.178509
0.429781
0.308296
0.0507867
0.662
0.164296
0.662
0.440118
0.662
0.363661
0.600321
0.432088
0.311491
0.398435
0.662
0.336425
0.662
0.107444
0.515993
0.662
0.453183
0.00967881
0.662
0.375102
0.459817
0.311727
0.249647
0.662
0.662
0.662
0.47948
0.434109
0.662
0.662
0.234645
0.223958
0.269697
0.252262
0.662
0.104928
0.662
0.662
0.431989
0.209332
0.36301
0.662
0.662
0.335507
0.263902
0.230136
0.662
0.662
0.423824
0.362966
0.662
0.210109
0.228761
0.355302
0.662
0.376535
0.606458
0.217688
0.662
0.662
0.467205
0.215133
0.223474
0.662
0.662
0.662
0.662
0.662
0.00325155
0.159621
0.662
0.302743
0.0234047
0.662
0.000971893
0.662
0.463632
0.39963
0.662
0.662
0.662
0.662
0.439514
0.372126
0.662
0.267835
0.421989
0.298121
0.186446
0.34666
0.662
0.662
0.59657
0.662
0.662
0.3693
0.0365437
0.662
0.662
0.662
0.662
0.662
0.0404177
0.109467
0.171109
0.0800498
0.358244
0.662
0.662
0.177071
0.662
0.662
0.168216
0.662
0.662
0.662
0.662
0.662
0.300992
0.337882
0.613525
0.470357
0.510079
0.205426
0.219839
0.462331
0.662
0.662
0.164589
0.063614
0.662
0.125844
0.201787
0.662
0.662
0.662
0.662
0.387162
0.215704
0.439016
0.662
0.662
0.0767503
0.364413
0.204276
0.662
0.325827
0.436859
0.662
0.464711
0.662
0.487379
0.662
0.662
0.319555
0.472735
0.662
0.101728
0.00600483
0.662
0.662
0.662
0.662
0.662
0.386571
0.32549
0.662
0.662
0.662
