0.662
0.38147
0.30841
0.662
0.317771
0.040938
0.176884
0.662
0.354949
0.419192
0.662
0.662
0.662
0.201952
0.299814
0.419897
0.475584
0.575076
0.221372
0.386637
0.662
0.662
0.662
0.044799
0.662
0.662
0.412949
0.662
0.662
0.175221
0.662
0.662
0.0543471
0.19551
0.339044
0.662
0.662
0.662
0.560559
0.662
0.254052
0.054366
0.63339
0.662
0.164841
0.662
0.662
0.382576
0.312337
0.278231
0.662
0.154678
0.348836
0.662
0.662
0.662
0.662
0.434929
0.662
0.259424
0.172204
0.662
0.662
0.662
0.662
0.132072
0.662
0.662
0.413041
0.287907
0.215042
0.443551
0.526895
0.409327
0.662
0.662
0.308334
0.00961523
0.453562
0.238082
0.218592
0.662
0.532148
0.359974
0.158989
0.662
0.662
0.662
0.662
0.662
0.662
0.662
0.425606
0.220168
0.471915
0.662
0.662
0.139716
0.275644
0.662
0.148743
0.662
0.619249
0.298961
0.662
0.662
0.260188
0.662
0.662
0.093853
0.662
0.662
0.607997
0.380233
0.662
0.376321
0.575327
0.662
0.441634
0.211858
0.662
0.662
0.662
0.662
0.0187486
0.662
0.233544
0.662
0.662
0.366806
0.662
0.662
0.639377
0.662
0.662
0.662
0.190095
0.466973
0.662
0.486964
0.662
0.662
0.662
0.39814
0.409416
0.209136
0.106256
0.662
0.21407
0.256646
0.234615
0.662
0.304072
0.662
0.662
0.411413
0.662
0.127731
0.662
0.662
0.662
0.662
0.662
0.662
0.662
0.662
0.57993
0.107349
0.237881
0.0843121
0.662
0.662
0.662
0.104681
0.662
0.445877
0.0484741
0.662
0.662
0.662
0.359845
0.662
0.662
0.303649
0.0540059
0.662
0.338726
0.409273
0.128287
0.316501
0.662
0.0907161
0.463654
0.156061
0.662
0.27248
0.662
0.32804
0.662
0.662
0.662
0.662
0.231349
0.662
0.662
0.662
0.662
0.285614
0.662
0.0328561
0.662
0.0055053
0.151374
0.662
0.662
0.0535622
0.345625
0.112668
0.662
0.662
0.662
0.662
0.209095
0.662
0.662
0.662
0.662
0.152124
0.662
0.327256
0.199645
0.662
0.662
0.326789
0.662
0.662
0.0744943
0.662
0.662
0.160416
0.0905181
0.662
0.662
0.457715
0.662
0.662
0.662
0.662
0.263446
0.662
0.0116543
0.662
0.662
0.342358
0.263566
0.662
0.0509527
0.214973
0.28803
0.662
0.662
0.153058
0.662
0.280142
0.662
0.154727
0.662
0.662
0.430404
0.662
0.0830496
0.662
0.662
0.589277
0.325902
0.662
0.110266
0.312864
0.199567
0.0728569
0.63339
0.429899
0.461092
0.662
0.213703
0.662
0.662
0.035778
0.662
0.210516
0.159824
0.662
0.250017
0.662
0.662
0.662
0.662
0.000987174
0.662
0.292936
0.662
0.662
0.136846
0.662
0.242837
0.662
0.311295
0.662
0.288662
0.119757
0.246258
0.47083
0.0481009
0.0415379
0.662
0.662
0.662
0.662
0.114731
0.0307972
0.662
0.662
0.662
0.662
0.279039
0.406393
0.662
0.138924
0.662
0.308326
0.415666
0.426374
0.326054
0.0360273
0.662
0.266773
0.662
0.334351
0.178356
0.283986
0.273746
0.45264
0.662
0.662
0.441435
0.662
0.169076
0.00140667
0.662
0.662
0.1924
0.331296
0.662
0.662
0.267357
0.662
0.662
0.347928
0.662
0.202529
0.0507069
0.662
0.557803
0.662
0.314535
0.662
0.662
0.662
0.152197
0.662
0.0676734
0.662
0.662
0.437663
0.301912
0.662
0.0438733
0.662
0.662
0.662
0.0332042
0.470775
0.662
0.662
0.662
0.662
0.662
0.662
0.662
0.662
0.194664
0.249377
0.175657
0.662
0.220978
0.452755
0.185944
0.33538
0.662
0.662
0.662
0.662
0.0196802
0.662
0.209849
0.662
0.662
0.662
0.662
0.662
0.0469968
0.0631288
0.662
0.662
0.323479
0.662
0.662
0.079863
0.282482
0.364082
0.348732
0.273634
0.203619
0.662
0.415621
0.315542
0.662
0.0844767
0.662
0.387566
0.662
0.662
0.662
0.662
0.662
0.662
0.662
0.108299
0.662
0.216902
0.14541
0.662
0.662
0.208456
0.649094
0.662
0.662
0.662
0.662
0.464319
0.116444
0.0699705
0.662
0.125402
0.662
0.662
0.327778
0.457628
0.662
0.281868
0.662
0.662
0.0253512
0.306544
0.662
0.662
0.662
0.365504
0.662
0.175043
0.662
0.164794
0.662
0.214211
0.128139
0.662
0.209822
0.662
0.563603
0.159395
0.662
0.662
0.662
0.662
0.193246
0.662
0.662
0.662
0.662
0.0412188
0.662
0.662
0.662
0.339218
0.105283
0.326896
0.188471
0.322627
0.662
0.122782
0.149207
0.475986
0.110071
0.662
0.309401
0.662
0.0124753
0.662
0.662
0.0683345
0.662
0.247697
0.662
0.358766
0.172576
0.0312992
0.278718
0.662
0.662
0.228585
0.269218
0.0669746
0.342891
0.662
0.662
0.261948
0.662
0.12235
0.662
0.243302
0.433222
0.556994
0.256324
0.662
0.380884
0.662
0.662
0.662
0.167778
0.104383
0.662
0.662
0.662
0.384582
0.482706
0.662
0.662
0.272116
0.167723
0.0385522
0.168799
0.531095
0.0815849
0.662
0.606272
0.212048
0.211884
0.662
0.418251
0.0190647
0.662
0.662
0.63339
0.0317385
0.0275259
0.44
0.662
0.662
0.0318324
0.2557
0.662
0.212192
0.662
0.662
0.415725
0.413264
0.662
0.662
0.662
0.662
0.47511
0.384446
0.662
0.662
0.173289
0.196547
0.662
0.662
0.662
0.473
0.662
0.0346844
0.662
0.391432
0.662
0.321068
0.662
0.0882798
0.385599
0.279614
0.279249
0.454648
0.169366
0.0294478
0.662
0.543412
0.662
0.662
0.117218
0.662
0.0297699
0.502384
0.043786
0.662
0.662
0.662
0.662
0.662
0.662
0.182498
0.662
0.662
0.662
0.662
0.0677308
0.662
0.0511008
0.662
0.120773
0.662
0.292014
0.333615
0.662
0.349945
0.105785
0.193733
0.179413
0.12317
0.207102
0.213569
0.0718133
0.662
0.411925
0.662
0.662
0.339196
0.284337
0.662
0.662
0.662
0.662
0.0557494
0.662
0.662
0.432133
0.143251
0.150007
0.30141
0.0595527
0.662
0.662
0.0425503
0.201392
0.662
0.430486
0.263413
0.379144
0.662
0.0162603
0.137481
0.260006
0.401301
0.662
0.0434061
0.40679
0.504507
0.270761
0.363858
0.662
0.662
0.267779
0.0396221
0.662
0.359975
0.662
0.0138393
0.454023
0.309338
0.0968619
0.460824
0.492254
0.662
0.227433
0.116654
0.427806
0.450717
0.662
0.662
0.576532
0.344033
0.662
0.662
0.662
0.289322
0.203232
0.662
0.662
0.412303
0.662
0.662
0.554132
0.662
0.243152
0.0298226
0.214271
0.662
0.662
0.293712
0.662
0.662
0.0144055
0.662
0.662
0.662
0.662
0.662
0.662
0.662
0.371752
0.420171
0.335494
0.662
0.662
0.662
0.662
0.662
0.455744
0.429012
0.369231
0.662
0.662
0.370772
0.662
0.383588
0.662
0.241994
0.662
0.358284
0.662
0.662
0.00135003
0.662
0.662
0.662
0.662
0.662
0.484082
0.438436
0.0642737
0.662
0.260447
0.44673
0.0522423
0.662
0.662
0.325701
0.241784
0.25369
0.171975
0.379915
0.662
0.280278
0.662
0.662
0.476094
0.0411078
0.383392
0.662
0.084668
0.662
0.411612
0.629596
0.191992
0.291504
0.662
0.662
0.662
0.662
0.662
0.169503
0.662
0.662
0.265806
0.662
0.143386
0.0549005
0.662
0.127959
0.662
0.202944
0.333861
0.185487
0.662
0.331393
0.662
0.662
0.662
0.662
0.133354
0.662
0.662
0.662
0.218568
0.100631
0.18604
0.662
0.105901
0.36517
0.662
0.662
0.292505
0.662
0.662
0.37395
0.422691
0.662
0.00632218
0.0576584
0.662
0.662
0.662
0.662
0.108585
0.303678
0.424516
0.662
0.662
0.301274
0.662
0.662
0.662
0.0928685
0.662
0.662
0.662
0.404104
0.662
0.662
0.560415
0.111343
0.135216
0.662
0.241946
0.662
0.662
0.22001
0.662
0.662
0.662
0.461431
0.662
0.32717
0.16993
0.453844
0.662
0.0284694
0.662
0.662
0.662
0.443398
0.662
0.662
0.118135
0.246503
0.662
0.662
0.662
0.0178122
0.320166
0.0694248
0.662
0.662
0.464979
0.662
0.662
0.0935813
0.298727
0.662
0.0607259
0.388963
0.662
0.662
0.606552
0.166831
0.662
0.402887
0.662
0.662
0.151866
0.662
0.662
0.662
0.450175
0.662
0.0288011
0.506506
0.474321
0.0172978
0.100144
0.412157
0.29549
0.662
0.662
0.662
0.265652
0.662
0.147083
0.662
0.662
0.554177
0.662
0.662
0.304103
0.429879
0.261342
0.662
0.340374
0.2166
0.662
0.662
0.590548
0.662
0.662
0.662
0.662
0.662
0.0502156
0.662
0.530628
0.155926
0.205268
0.191793
0.662
0.33056
0.662
0.427974
0.662
0.662
0.662
0.0383425
0.662
0.303202
0.606418
0.0340978
0.662
0.662
