0.662
0.662
0.662
0.662
0.662
0.662
0.662
0.662
0.662
0.662
0.662
0.662
0.448794
0.392095
0.662
0.662
0.175462
0.493046
0.319718
0.271496
0.662
0.0407788
0.662
0.257381
0.475745
0.662
0.662
0.662
0.151647
0.237103
0.194887
0.235317
0.662
0.450244
0.662
0.0815055
0.662
0.662
0.662
0.662
0.38751
0.662
0.662
0.132459
0.453583
0.662
0.662
0.660541
0.0269799
0.0480857
0.302566
0.443912
0.214046
0.662
0.662
0.262206
0.277261
0.662
0.212419
0.662
0.662
0.662
0.662
0.113532
0.179668
0.156328
0.448097
0.314252
0.662
0.662
0.472523
0.448501
0.194857
0.662
0.289698
0.662
0.428112
0.0703322
0.278168
0.202312
0.42623
0.16225
0.65442
0.662
0.339776
0.00524904
0.324271
0.166914
0.311242
0.662
0.0682906
0.662
0.279599
0.662
0.662
0.662
0.437589
0.662
0.662
0.662
0.129617
0.662
0.662
0.662
0.15002
0.662
0.662
0.662
0.662
0.521849
0.518078
0.0898899
0.417822
0.403763
0.662
0.459342
0.662
0.331666
0.662
0.662
0.397349
0.09039
0.662
0.297499
0.228813
0.662
0.662
0.662
0.662
0.662
0.662
0.0422959
0.662
0.662
0.121357
0.0605099
0.382326
0.479045
0.178922
0.341673
0.438965
0.662
0.0943312
0.662
0.249085
0.662
0.662
0.662
0.662
0.662
0.662
0.362155
0.662
0.459072
0.28516
0.118311
0.273999
0.662
0.244051
0.453053
0.397095
0.662
0.662
0.662
0.662
0.662
0.263329
0.401424
0.662
0.333895
0.473014
0.437333
0.662
0.662
0.662
0.0148027
0.356462
0.662
0.662
0.662
0.220971
0.0215938
0.0252018
0.0911145
0.143782
0.662
0.662
0.368147
0.662
0.236256
0.662
0.662
0.012122
0.662
0.662
0.662
0.662
0.662
0.15199
0.662
0.414814
0.662
0.427486
0.202367
0.662
0.616122
0.130879
0.662
0.662
0.662
0.0585723
0.245716
0.161361
0.662
0.662
0.438288
0.662
0.662
0.254082
0.662
0.662
0.662
0.662
0.662
0.0508265
0.662
0.0139336
0.262346
0.430282
0.662
0.46931
0.662
0.203038
0.00325112
0.476584
0.662
0.662
0.350684
0.307374
0.150506
0.662
0.471773
0.212715
0.662
0.364664
0.294853
0.662
0.662
0.402045
0.196409
0.662
0.432727
0.0786137
0.130504
0.177249
0.0660751
0.662
0.662
0.662
0.461576
0.662
0.221919
0.662
0.491646
0.662
0.455851
0.545562
0.662
0.662
0.662
0.662
0.102931
0.201964
0.432339
0.0247466
0.0620931
0.662
0.662
0.662
0.662
0.194281
0.662
0.418383
0.0269439
0.550878
0.662
0.662
0.662
0.433705
0.662
0.00399574
0.662
0.000243711
0.00319973
0.662
0.662
0.402422
0.662
0.662
0.424123
0.662
0.662
0.281468
0.662
0.662
0.556272
0.462909
0.163061
0.161696
0.662
0.662
0.662
0.409308
0.0812248
0.348362
0.0891665
0.662
0.662
0.258187
0.320959
0.199909
0.466566
0.662
0.0862129
0.662
0.297044
0.662
0.219392
0.0902773
0.287595
0.180474
0.0534779
0.136012
0.662
0.662
0.337888
0.329517
0.662
0.146478
0.0288068
0.662
0.662
0.662
0.629288
0.264988
0.662
0.471039
0.307264
0.662
0.662
0.395536
0.246796
0.414728
0.26486
0.160988
0.662
0.408321
0.662
0.376293
0.662
0.331052
0.0151879
0.201394
0.157453
0.337138
0.662
0.662
0.662
0.662
0.189832
0.662
0.278095
0.519215
0.662
0.662
0.662
0.333394
0.0674843
0.197811
0.0908991
0.245742
0.662
0.466282
0.662
0.662
0.662
0.246001
0.236388
0.662
0.184498
0.662
0.356728
0.340484
0.662
0.662
0.662
0.662
0.662
0.662
0.662
0.320507
0.176587
0.662
0.155768
0.662
0.14729
0.0206599
0.111106
0.662
0.0300012
0.662
0.177338
0.339455
0.274669
0.364914
0.379244
0.662
0.220546
0.446784
0.442616
0.072303
0.0815652
0.662
0.281028
0.662
0.662
0.114655
0.199213
0.501622
0.662
0.662
0.662
0.662
0.662
0.662
0.417509
0.662
0.662
0.00902142
0.662
0.662
0.270191
0.662
0.494671
0.662
0.662
0.194556
0.662
0.253715
0.385709
0.662
0.0436071
0.300992
0.662
0.662
0.662
0.662
0.588986
0.662
0.662
0.376239
0.25332
0.536633
0.662
0.578358
0.662
0.340904
0.662
0.348858
0.662
0.662
0.170221
0.254762
0.0887713
0.10383
0.438369
0.485997
0.662
0.662
0.662
0.334846
0.16191
0.263137
0.662
0.662
0.662
0.662
0.662
0.471926
0.431983
0.662
0.662
0.218921
0.463704
0.250327
0.334468
0.437092
0.662
0.662
0.662
0.132403
0.140573
0.662
0.662
0.356984
0.662
0.662
0.0271406
0.662
0.662
0.662
0.208694
0.662
0.0942193
0.0792526
0.242285
0.360792
0.0313795
0.329905
0.662
0.573025
0.662
0.227212
0.283282
0.0111807
0.662
0.304301
0.662
0.293143
0.262937
0.662
0.662
0.0834764
0.521728
0.662
0.662
0.662
0.662
0.662
0.662
0.662
0.34574
0.662
0.662
0.284826
0.0767414
0.466909
0.450814
0.662
0.277463
0.662
0.662
0.662
0.101023
0.662
0.264497
0.441751
0.395333
0.316293
0.662
0.0395142
0.662
0.662
0.229601
0.662
0.662
0.41497
0.662
0.249207
0.662
0.662
0.0211055
0.662
0.662
0.662
0.127793
0.662
0.298303
0.326034
0.397268
0.662
0.409163
0.662
0.662
0.0946273
0.662
0.340546
0.662
0.428737
0.662
0.662
0.488215
0.662
0.662
0.662
0.662
0.0915802
0.662
0.394061
0.23015
0.662
0.662
0.191153
0.662
0.662
0.662
0.0409496
0.662
0.662
0.0611296
0.395724
0.662
0.59716
0.662
0.252862
0.35511
0.662
0.662
0.662
0.0343727
0.368974
0.608413
0.295029
0.662
0.662
0.243417
0.662
0.0141483
0.301752
0.606071
0.006235
0.0727155
0.048258
0.494473
0.662
0.662
0.662
0.0859111
0.529269
0.662
0.236108
0.157078
0.334896
0.0410612
0.662
0.662
0.662
0.662
0.662
0.0647663
0.662
0.471615
0.662
0.274646
0.0824902
0.662
0.163114
0.662
0.07423
0.662
0.662
0.662
0.104171
0.301773
0.662
0.662
0.662
0.459555
0.0973415
0.662
0.662
0.662
0.662
0.00936577
0.662
0.662
0.220797
0.42329
0.112696
0.313841
0.324089
0.662
0.662
0.0423874
0.662
0.299854
0.662
0.662
0.662
0.310741
0.662
0.662
0.0390054
0.662
0.450718
0.576167
0.211492
0.440873
0.383707
0.662
0.456191
0.389417
0.40236
0.662
0.662
0.0227881
0.303642
0.662
0.662
0.662
0.662
0.662
0.662
0.662
0.662
0.662
0.232143
0.662
0.662
0.229751
0.476729
0.191397
0.662
0.364427
0.0169641
0.0500328
0.388277
0.662
0.662
0.662
0.662
0.560233
0.662
0.0996171
0.0451387
0.662
0.662
0.389101
0.662
0.662
0.327952
0.336666
0.662
0.662
0.662
0.111067
0.129809
0.662
0.662
0.3892
0.466071
0.662
0.0247302
0.0721523
0.269549
0.430447
0.662
0.662
0.0335533
0.303437
0.662
0.662
0.641447
0.662
0.250457
0.391384
0.662
0.137267
0.662
0.629706
0.662
0.662
0.355199
0.662
0.662
0.114931
0.662
0.662
0.662
0.662
0.343356
0.400097
0.441663
0.371425
0.0276822
0.662
0.289286
0.331859
0.662
0.662
0.253938
0.175203
0.286212
0.662
0.438589
0.662
0.616978
0.662
0.662
0.229464
0.310368
0.420401
0.189977
0.662
0.00141152
0.662
0.662
0.662
0.659276
0.662
0.067871
0.662
0.0378266
0.662
0.662
0.0581696
0.28304
0.662
0.662
0.662
0.604022
0.524085
0.662
0.623338
0.662
0.564998
0.169451
0.0516478
0.110849
0.0349451
0.140005
0.27856
0.326345
0.662
0.37453
0.347502
0.035235
0.233688
0.662
0.662
0.662
0.662
0.229125
0.662
0.662
0.662
0.40433
0.429303
0.662
0.662
0.662
0.662
0.156555
0.0751944
0.310652
0.382797
0.525417
0.662
0.662
0.0418806
0.0233278
0.662
0.378594
0.0595254
0.662
0.0858092
0.257734
0.286077
0.662
0.0716075
0.662
0.347876
0.662
0.662
0.662
0.0688777
0.372404
0.532796
0.662
0.662
0.458475
0.452711
0.454941
0.662
0.0289289
0.47741
0.662
0.476926
0.115138
0.493022
0.662
0.662
0.340655
0.589043
