0.100184
0.662
0.060444
0.662
0.662
0.1164
0.662
0.240006
0.396354
0.662
0.662
0.662
0.189676
0.44514
0.138913
0.282583
0.197962
0.024106
0.143216
0.662
0.634937
0.0387921
0.662
0.662
0.662
0.423822
0.143752
0.662
0.662
0.662
0.345639
0.221289
0.446361
0.220674
0.662
0.662
0.145211
0.27077
0.206156
0.0515512
0.662
0.662
0.662
0.120492
0.662
0.662
0.0465573
0.445863
0.455569
0.331023
0.420136
0.662
0.662
0.662
0.271124
0.662
0.662
0.15328
0.662
0.662
0.115166
0.448352
0.662
0.662
0.662
0.592379
0.355562
0.662
0.293928
0.662
0.662
0.055571
0.662
0.662
0.662
0.0623286
0.258861
0.0391149
0.662
0.662
0.384337
0.662
0.150347
0.0850505
0.662
0.662
0.395552
0.520442
0.306292
0.435597
0.0788486
0.308902
0.151628
0.662
0.038216
0.00866548
0.0867617
0.662
0.124041
0.662
0.662
0.471789
0.376745
0.25138
0.662
0.211199
0.662
0.42797
0.0891838
0.662
0.662
0.662
0.306415
0.023633
0.662
0.662
0.662
0.662
0.324837
0.000938464
0.662
0.450906
0.135421
0.662
0.662
0.339195
0.186937
0.662
0.225377
0.441471
0.144008
0.662
0.662
0.0818212
0.662
0.29364
0.297318
0.662
0.662
0.662
0.0693277
0.662
0.296364
0.662
0.662
0.662
0.0730964
0.425169
0.387802
0.662
0.662
0.304591
0.662
0.662
0.662
0.662
0.14082
0.375013
0.662
0.121902
0.269203
0.662
0.299585
0.218555
0.0719966
0.662
0.346117
0.662
0.662
0.433004
0.0195931
0.402253
0.102704
0.662
0.662
0.662
0.662
0.662
0.461396
0.662
0.248442
0.662
0.137774
0.662
0.0509421
0.0986494
0.337351
0.662
0.662
0.363656
0.107561
0.662
0.662
0.455014
0.662
0.0682726
0.662
0.662
0.662
0.337973
0.662
0.662
0.662
0.662
0.662
0.662
0.0283171
0.662
0.0988984
0.662
0.662
0.135729
0.662
0.122887
0.20953
0.381897
0.307403
0.16036
0.662
0.662
0.333167
0.0633365
0.662
0.213
0.662
0.662
0.662
0.200039
0.662
0.662
0.202781
0.372515
0.176542
0.662
0.662
0.662
0.0938445
0.270084
0.330258
0.391596
0.277867
0.480443
0.508268
0.380639
0.358664
0.662
0.453569
0.662
0.3413
0.31662
0.424364
0.662
0.400346
0.304003
0.254849
0.61004
0.662
0.241403
0.662
0.662
0.206914
0.57362
0.662
0.0319807
0.662
0.662
0.154028
0.244529
0.231363
0.662
0.662
0.662
0.662
0.662
0.162331
0.242604
0.0139211
0.121525
0.662
0.411232
0.662
0.662
0.662
0.662
0.587127
0.662
0.242505
0.662
0.16147
0.434243
0.319746
0.662
0.662
0.662
0.0583198
0.431683
0.662
0.662
0.662
0.104986
0.195909
0.662
0.662
0.068877
0.11612
0.662
0.0387962
0.616526
0.192113
0.662
0.662
0.662
0.250853
0.0115387
0.229239
0.662
0.405302
0.662
0.238803
0.350662
0.280486
0.108235
0.662
0.080566
0.0491221
0.448361
0.176397
0.662
0.662
0.201104
0.0623302
0.389762
0.0048111
0.662
0.662
0.662
0.0263495
0.662
0.0540571
0.662
0.662
0.662
0.662
0.662
0.217332
0.662
0.662
0.000521727
0.662
0.662
0.662
0.382254
0.662
0.662
0.0840208
0.231209
0.662
0.569588
0.1021
0.662
0.662
0.349116
0.662
0.460625
0.366959
0.662
0.662
0.203145
0.662
0.492941
0.180837
0.411428
0.662
0.0226293
0.662
0.662
0.662
0.469833
0.662
0.00965351
0.591619
0.662
0.662
0.662
0.0662168
0.662
0.662
0.159773
0.662
0.199086
0.662
0.302072
0.662
0.220138
0.662
0.0431138
0.280071
0.613571
0.0535476
0.662
0.662
0.246731
0.414794
0.662
0.126725
0.204675
0.279871
0.278398
0.277192
0.662
0.0683429
0.662
0.662
0.360584
0.662
0.662
0.662
0.662
0.662
0.643851
0.0911157
0.0532793
0.662
0.662
0.0704375
0.0446786
0.101992
0.662
0.185424
0.662
0.421523
0.589716
0.662
0.662
0.241654
0.430913
0.662
0.662
0.662
0.662
0.0969788
0.662
0.662
0.662
0.0436052
0.558551
0.047708
0.189071
0.662
0.662
0.481448
0.3637
0.418086
0.662
0.412193
0.662
0.177718
0.662
0.261326
0.662
0.662
0.2592
0.0706054
0.332744
0.351118
0.662
0.314646
0.20677
0.662
0.662
0.662
0.00753243
0.147934
0.662
0.00939389
0.662
0.191442
0.443006
0.38137
0.511307
0.662
0.662
0.120125
0.662
0.662
0.662
0.662
0.269038
0.662
0.0289928
0.662
0.662
0.662
0.662
0.349689
0.250907
0.662
0.427634
0.662
0.0572435
0.211052
0.0580746
0.275084
0.662
0.261846
0.383962
0.147079
0.662
0.381175
0.375794
0.662
0.662
0.584545
0.451017
0.212089
0.662
0.662
0.52024
0.662
0.662
0.098272
0.662
0.662
0.662
0.662
0.662
0.662
0.417756
0.662
0.662
0.662
0.319648
0.662
0.662
0.662
0.662
0.241274
0.662
0.662
0.352625
0.28599
0.662
0.00219438
0.191631
0.201331
0.662
0.662
0.662
0.662
0.662
0.662
0.185456
0.428621
0.662
0.114711
0.662
0.662
0.405599
0.662
0.275682
0.662
0.350799
0.662
0.662
0.296447
0.245544
0.375232
0.00556188
0.25181
0.414382
0.187211
0.0639527
0.662
0.662
0.662
0.662
0.662
0.662
0.662
0.662
0.662
0.662
0.662
0.254174
0.340515
0.520642
0.280056
0.662
0.0106412
0.0808082
0.662
0.662
0.662
0.662
0.275893
0.435108
0.0492738
0.662
0.662
0.429792
0.416024
0.662
0.662
0.662
0.259076
0.306576
0.662
0.662
0.662
0.277857
0.439915
0.0364538
0.613202
0.340945
0.180733
0.662
0.257999
0.662
0.0508401
0.662
0.59749
0.335621
0.425815
0.270371
0.135827
0.662
0.31207
0.353404
0.0860121
0.662
0.195765
0.368372
0.662
0.336019
0.0424311
0.297241
0.229858
0.267015
0.499194
0.662
0.662
0.595213
0.662
0.662
0.662
0.037581
0.662
0.297866
0.211802
0.147542
0.662
0.119507
0.3657
0.232902
0.662
0.377842
0.340393
0.662
0.662
0.662
0.662
0.662
0.662
0.468316
0.662
0.288455
0.662
0.662
0.42576
0.318284
0.584575
0.662
0.0693142
0.662
0.662
0.312608
0.662
0.533539
0.525505
0.662
0.662
0.500048
0.0470907
0.662
0.337795
0.36302
0.662
0.00887833
0.465877
0.372918
0.662
0.662
0.291027
0.431032
0.662
0.662
0.662
0.662
0.662
0.093239
0.662
0.662
0.662
0.662
0.438713
