0.271688
0.662
0.662
0.00148252
0.32769
0.662
0.662
0.148572
0.662
0.662
0.0335385
0.662
0.662
0.385179
0.662
0.373912
0.662
0.662
0.662
0.662
0.662
0.0487266
0.662
0.662
0.662
0.124926
0.302902
0.662
0.0249361
0.0153408
0.662
0.662
0.662
0.30816
0.662
0.140733
0.662
0.190809
0.662
0.662
0.662
0.447664
0.087501
0.662
0.0934945
0.662
0.662
0.251905
0.662
0.662
0.128251
0.662
0.662
0.662
0.439937
0.0758895
0.662
0.448237
0.567348
0.662
0.280103
0.411365
0.0867567
0.609113
0.662
0.662
0.486684
0.662
0.662
0.662
0.662
0.662
0.122485
0.662
0.662
0.662
0.662
0.356032
0.199453
0.662
0.654846
0.281968
0.251879
0.370849
0.393435
0.505923
0.662
0.662
0.621344
0.662
0.662
0.662
0.662
0.662
0.151378
0.20791
0.662
0.168928
0.662
0.662
0.0473762
0.254664
0.429452
0.265535
0.662
0.417047
0.662
0.662
0.0228043
0.662
0.199207
0.223227
0.662
0.337296
0.662
0.662
0.239566
0.662
0.140447
0.662
0.466303
0.170547
0.662
0.23583
0.662
0.662
0.662
0.0342589
0.662
0.662
0.450537
0.662
0.662
0.141272
0.146834
0.184209
0.354999
0.662
0.0031803
0.12401
0.662
0.662
0.0795858
0.583688
0.662
0.153271
0.662
0.195617
0.42991
0.662
0.662
0.441725
0.662
0.40189
0.662
0.662
0.662
0.241763
0.662
0.204422
0.662
0.468447
0.662
0.385637
0.230231
0.662
0.662
0.266826
0.662
0.410399
0.189507
0.662
0.45429
0.662
0.0298117
0.204318
0.662
0.662
0.662
0.662
0.662
0.105533
0.662
0.0351303
0.662
0.662
0.0798365
0.662
0.414771
0.0770819
0.327944
0.662
0.662
0.465123
0.662
0.471117
0.662
0.0378817
0.662
0.435503
0.662
0.662
0.662
0.321008
0.662
0.662
0.662
0.209072
0.290413
0.662
0.394852
0.662
0.378735
0.4185
0.662
0.662
0.662
0.400618
0.662
0.541116
0.196846
0.0165103
0.662
0.105846
0.311583
0.220406
0.446616
0.662
0.662
0.467585
0.662
0.0768834
0.199944
0.662
0.160618
0.331732
0.439029
0.662
0.662
0.662
0.441757
0.132558
0.662
0.433505
0.662
0.662
0.662
0.662
0.0592913
0.518607
0.662
0.0486891
0.303891
0.118404
0.662
0.662
0.662
0.662
0.475864
0.361673
0.662
0.201757
0.334721
0.662
0.285735
0.662
0.662
0.662
0.21197
0.298632
0.401959
0.662
0.662
0.304524
0.532847
0.662
0.626474
0.662
0.0085689
0.227145
0.662
0.662
0.662
0.159599
0.377811
0.275408
0.0535976
0.407692
0.6351
0.473298
0.0896262
0.662
0.662
0.169565
0.662
0.662
0.240465
0.662
0.662
0.23231
0.24392
0.662
0.0791692
0.662
0.19209
0.662
0.263919
0.334488
0.662
0.0920665
0.662
0.33831
0.662
0.0490269
0.453492
0.428291
0.662
0.418738
0.0905256
0.0781053
0.327723
0.662
0.0439748
0.662
0.372839
0.662
0.00990874
0.0525764
0.417286
0.482393
0.662
0.662
0.0818705
0.662
0.662
0.662
0.662
0.662
0.662
0.409644
0.662
0.662
0.662
0.36647
0.662
0.301987
0.253223
0.226405
0.662
0.416287
0.662
0.291106
0.662
0.0300052
0.662
0.662
0.662
0.662
0.662
0.468044
0.662
0.662
0.662
0.662
0.343438
0.662
0.540377
0.401219
0.662
0.662
0.125388
0.662
0.662
0.274107
0.363699
0.662
0.106355
0.662
0.515085
0.136825
0.10762
0.0746574
0.662
0.278516
0.205642
0.662
0.662
0.157397
0.662
0.352418
0.662
0.0515109
0.295781
0.662
0.321487
0.662
0.662
0.474557
0.403947
0.662
0.074699
0.662
0.261049
0.0346326
0.437912
0.662
0.182058
0.132853
0.0914073
0.432588
0.0947338
0.662
0.462093
0.662
0.114552
0.662
0.0756189
0.662
0.662
0.134627
0.662
0.0567841
0.418171
0.209856
0.662
0.286062
0.662
0.662
0.662
0.0775291
0.662
0.0809986
0.160081
0.113063
0.662
0.371296
0.662
0.662
0.432981
0.413165
0.662
0.662
0.662
0.662
0.141761
0.563091
0.271451
0.169656
0.291216
0.662
0.662
0.0941089
0.662
0.662
0.662
0.662
0.662
0.127553
0.662
0.30666
0.662
0.457148
0.662
0.662
0.154515
0.0577006
0.662
0.183959
0.463971
0.0812961
0.662
0.662
0.346347
0.454497
0.236308
0.662
0.290991
0.662
0.662
0.662
0.0352254
0.662
0.132522
0.243471
0.662
0.662
0.662
0.662
0.0118983
0.662
0.662
0.473051
0.662
0.662
0.156451
0.662
0.184806
0.662
0.662
0.662
0.662
0.662
0.250681
0.662
0.370102
0.426415
0.662
0.662
0.662
0.223058
0.320236
0.662
0.038418
0.662
0.662
0.662
0.400045
0.540542
0.662
0.662
0.662
0.306467
0.662
0.14313
0.517599
0.566951
0.217436
0.662
0.662
0.662
0.662
0.662
0.212509
0.662
0.662
0.662
0.662
0.662
0.662
0.5631
0.22234
0.662
0.129898
0.662
0.393735
0.662
0.662
0.662
0.662
0.258733
0.215919
0.662
0.662
0.662
0.662
0.308637
0.662
0.39481
0.662
0.333411
0.243739
0.467983
0.112165
0.662
0.0517448
0.662
0.12982
0.662
0.218215
0.318554
0.472935
0.662
0.393651
0.061806
0.324442
0.662
0.00863271
0.374245
0.416025
0.244226
0.662
0.662
0.662
0.662
0.398601
0.18428
0.662
0.662
0.140099
0.45756
0.159668
0.451289
0.662
0.662
0.662
0.662
0.230496
0.662
0.662
0.662
0.424663
0.0851154
0.452476
0.289964
0.662
0.139592
0.432288
0.662
0.226145
0.662
0.267723
0.662
0.662
0.662
0.156067
0.0248391
0.116784
0.662
0.662
0.662
0.662
0.0511416
0.662
0.662
0.662
0.0819336
0.445212
0.243496
0.662
0.662
0.217334
0.648124
0.0137159
0.201778
0.662
0.157789
0.450745
0.662
0.662
0.230067
0.662
0.662
0.662
0.183411
0.334204
0.336473
0.662
0.33728
0.253023
0.662
0.0891491
0.662
0.662
0.163801
0.662
0.315941
0.662
0.354265
0.662
0.419747
0.0643142
0.0846827
0.662
0.662
0.35316
0.662
0.662
0.00894322
0.662
0.662
0.153518
0.662
0.210273
0.662
0.662
0.344374
0.57586
0.154958
0.247616
0.614295
0.662
0.215935
0.442178
0.0652288
0.32478
0.126813
0.662
0.0459223
0.25388
0.662
0.383219
0.383084
0.474978
0.445276
0.183951
0.662
0.662
0.440805
0.0727861
0.662
0.223104
0.360017
0.51353
0.538101
0.128729
0.662
0.662
0.662
0.391537
0.662
0.662
0.523474
0.371573
0.662
0.0317373
0.453957
0.662
0.662
0.662
0.662
0.662
0.294796
0.662
0.231871
0.662
0.662
0.536893
0.181184
0.599857
0.662
0.374104
0.213319
0.662
0.662
0.272467
0.662
0.662
0.662
0.662
0.662
0.662
0.662
0.487695
0.662
0.662
0.662
0.662
0.662
0.662
0.662
0.662
0.662
0.662
0.662
0.662
0.662
0.212815
0.229521
0.489277
0.317184
0.662
0.410301
0.30327
0.463389
0.537445
0.662
0.662
0.282335
0.049941
0.207057
0.436139
0.140804
0.662
0.484764
0.662
0.662
0.662
0.124156
0.0415753
0.393557
0.489843
0.263175
0.662
0.128653
0.662
0.16387
0.504114
0.426806
0.662
0.201158
0.119886
0.407907
0.168668
0.662
0.13691
0.198844
0.0987619
0.0176113
0.662
0.0464618
0.662
0.662
0.217892
0.463726
0.256673
0.662
0.662
0.466258
0.114074
0.662
0.662
0.662
0.468498
0.662
0.662
0.662
0.0704753
0.662
0.445919
0.0819325
0.429853
0.122334
0.662
0.508232
0.133584
0.662
0.0264964
0.0338229
0.286199
0.453441
0.265191
0.386357
0.662
0.662
0.0857434
0.460363
0.662
0.440958
0.662
0.662
0.0522187
0.662
0.423026
0.662
0.662
0.662
0.662
0.314802
0.662
0.662
0.662
0.662
0.288399
0.662
0.502872
0.154433
0.299573
0.179932
0.662
0.209239
0.297928
0.662
0.432058
0.194431
0.662
0.662
0.464708
0.662
0.478426
0.159633
0.0728173
0.426163
0.662
0.192097
0.662
0.662
0.662
0.42573
0.662
0.662
0.170229
0.662
0.662
0.662
0.662
0.0881781
0.325316
0.333047
0.662
0.36805
0.428104
0.176395
0.157459
0.662
0.662
0.105722
0.662
0.662
0.662
0.662
0.0782304
0.281315
0.662
0.662
0.662
0.662
0.662
0.662
0.236054
0.662
0.202523
0.222949
0.662
0.662
0.662
0.41187
0.0664597
0.0942913
0.209811
0.662
0.662
0.662
0.662
0.356519
0.662
0.28694
0.662
0.662
0.662
0.214208
0.359323
0.160167
0.337647
0.662
0.662
0.555613
0.446319
0.662
0.662
0.662
0.662
0.662
0.662
0.662
0.662
0.662
0.662
0.662
0.142194
0.662
0.662
0.662
0.0305927
0.040295
0.662
0.662
0.662
0.662
0.662
0.662
0.662
0.355123
0.662
0.662
0.329842
0.662
0.062939
0.662
0.662
0.662
0.50345
0.662
0.257628
0.662
0.0981198
0.0901771
0.292411
0.662
0.180642
0.114718
0.662
0.646316
0.662
0.185896
0.448863
0.414575
0.662
0.304995
0.662
0.662
0.662
0.662
0.662
0.662
0.332642
0.662
0.662
0.662
0.327403
0.662
0.662
0.662
0.662
0.662
0.662
0.326621
0.662
0.662
0.662
0.575581
0.662
0.662
0.662
0.662
0.0447955
0.662
0.269961
0.2772
0.381425
0.224858
0.662
0.662
0.662
0.0634524
0.0791268
0.498604
0.31112
0.662
0.662
0.662
0.662
0.386596
0.352106
0.662
0.145624
0.0614313
0.662
0.662
0.662
0.662
0.662
0.270661
0.662
0.662
0.662
0.082101
0.137089
0.292812
0.662
0.0780964
0.662
0.662
0.662
0.662
0.662
0.662
0.134595
0.662
0.662
0.662
0.662
0.529807
0.365944
0.0317544
0.662
0.662
0.232782
0.119593
0.488159
0.43503
0.253924
0.168386
0.662
0.310425
0.203637
0.13061
0.259186
0.662
0.662
0.422863
0.662
0.124195
0.0449711
0.662
0.458718
0.662
0.331094
0.662
0.0440942
0.662
0.662
0.662
0.0880847
0.662
0.427532
0.662
0.662
0.662
0.467566
0.271529
0.12918
0.662
0.662
0.254604
0.457031
0.178051
0.662
0.0184547
0.662
0.309794
0.368938
0.0643194
0.662
0.422785
0.160605
0.662
0.662
0.662
0.662
0.32717
0.662
0.140002
0.0977668
0.662
0.662
0.662
0.662
0.662
0.662
0.662
0.45764
0.0201169
0.662
0.575326
0.319455
0.662
0.222128
0.0404631
0.662
0.391574
0.0992317
0.206308
0.662
0.408422
0.662
0.117776
0.118762
0.420417
0.662
0.662
0.662
0.662
0.158701
0.662
0.662
0.204705
0.662
0.358483
0.173386
0.0763418
0.42744
0.309817
0.0236629
0.153021
0.463769
0.420386
0.229027
0.662
0.662
0.0180278
0.662
0.603888
0.662
0.662
0.275448
0.662
0.156864
0.662
0.662
0.662
0.662
0.472528
0.143836
0.662
0.155254
0.662
0.416171
0.662
0.662
0.662
0.662
0.338621
0.303305
0.662
0.662
0.424649
0.662
0.380554
0.662
0.458353
0.662
0.662
0.662
0.178361
0.149918
0.057436
0.354751
0.662
0.63339
0.172923
0.0544502
0.146036
0.0267833
0.662
0.301428
0.662
0.132608
0.662
0.662
0.662
0.38129
0.662
0.137154
0.519121
0.662
0.417901
0.662
0.393299
0.344977
0.662
0.662
0.662
0.662
0.446051
0.662
0.207505
0.370234
0.416598
0.662
0.662
0.309329
0.0877433
0.277125
0.192638
0.662
0.303808
0.662
0.387197
0.50926
0.662
0.501704
0.662
0.662
0.662
0.662
0.662
0.662
0.662
0.662
0.131077
0.454745
0.310805
0.113845
0.216853
0.389141
0.662
0.441257
0.302989
0.299579
0.340204
0.15637
0.629706
0.568813
0.662
0.448658
0.662
0.662
0.189115
0.360672
0.662
0.662
0.662
0.662
0.216141
0.0574039
0.662
0.662
0.662
0.662
0.154223
0.402943
0.662
0.275174
0.24989
0.662
0.0857534
0.0213265
0.350551
0.662
0.662
0.662
0.662
0.662
0.0562969
0.317332
0.152364
0.662
0.335427
0.163105
0.115094
0.662
0.44157
0.662
0.294145
0.128088
0.185084
0.662
0.662
0.662
0.282844
0.308928
0.662
0.662
0.306994
0.662
0.240119
0.662
0.122218
0.662
0.546022
0.662
0.438218
0.334978
0.426785
0.396594
0.662
0.662
0.662
0.662
0.0231868
0.662
0.405351
0.438138
0.339356
0.662
0.662
0.662
0.282986
0.662
0.46829
0.335018
0.662
0.38807
0.339748
0.662
0.662
0.662
0.662
0.662
0.138397
0.662
0.445731
0.662
0.232974
0.331425
0.0627123
0.662
0.340756
0.662
0.662
0.662
0.124705
0.0760424
0.0248193
0.414081
0.662
0.662
0.662
0.392877
0.662
0.198966
0.392604
0.159103
0.662
0.126991
0.4421
0.662
0.662
0.345756
0.165505
0.662
0.662
0.379111
0.256944
0.662
0.116066
0.662
0.0411127
0.286376
0.662
0.662
0.662
0.16407
0.662
0.0495177
0.462275
0.212339
0.662
0.342269
0.662
0.662
0.285075
0.386028
0.0287675
0.662
0.0423477
0.262956
0.40687
0.347978
0.662
0.662
0.662
0.662
0.282412
0.662
0.662
0.662
0.354514
0.43744
0.662
0.249913
0.502709
0.662
0.662
0.100026
0.389881
0.556902
0.662
0.437732
0.405563
0.417495
0.272446
0.133546
0.662
0.209797
0.662
0.662
0.662
0.256542
0.662
0.283626
0.662
0.662
0.662
0.662
0.662
0.662
0.662
0.423254
0.402674
0.662
0.662
0.175815
0.662
0.0687368
0.0319467
0.313653
0.474739
0.662
0.163081
0.115917
0.662
0.444362
0.662
0.662
0.662
0.662
0.662
0.438962
0.662
0.662
0.662
0.662
0.662
0.662
0.662
0.243937
0.144742
0.662
0.130099
0.156552
0.414557
0.234409
0.662
0.0823922
0.662
0.34601
0.662
0.0279773
0.662
0.392524
0.662
0.662
0.662
0.241943
0.662
0.662
0.23178
0.662
0.240597
0.662
0.662
0.0318959
0.662
0.240605
0.441921
0.062792
0.662
0.473575
0.255182
0.446644
0.662
0.171352
0.466265
0.211482
0.332686
0.397513
0.662
0.662
0.442817
0.0220965
0.662
0.455541
0.181143
0.280081
0.0777658
0.373198
0.0449005
0.662
0.662
0.319051
0.197594
0.662
0.232952
0.211897
0.359574
0.662
0.662
0.207627
0.0263174
0.662
0.662
0.290586
0.662
0.0993603
0.662
0.111758
0.210853
0.662
0.0716992
0.662
0.208383
0.325604
0.662
0.662
0.0511559
0.424745
0.482914
0.662
0.662
0.270803
0.662
0.00442891
0.400242
0.662
0.63919
0.662
0.219181
0.288383
0.662
0.662
0.662
0.290226
0.662
0.135402
0.662
0.21226
0.459892
0.426669
0.662
0.102189
0.662
0.270869
0.662
0.186486
0.662
0.662
0.662
0.283297
0.00742493
0.662
0.0324416
0.662
0.662
0.445828
0.20742
0.34769
0.662
0.662
0.662
0.662
0.0313519
0.662
0.0143863
0.0490743
0.662
0.383145
0.662
0.176603
0.435803
0.307945
0.36832
0.551294
0.662
0.662
0.662
0.136637
0.229236
0.662
0.662
0.213546
0.662
0.662
0.662
0.361107
0.662
0.662
0.662
0.662
0.662
0.44895
0.226005
0.662
0.506051
0.662
0.662
0.452187
0.30079
0.662
0.662
0.0911868
0.662
0.0920479
0.662
0.662
0.627016
0.662
0.205029
0.662
0.395769
0.23926
0.0375571
0.662
0.0677906
0.489864
0.662
0.353853
0.662
0.662
0.498635
0.103327
0.662
0.662
0.395253
0.188307
0.662
0.381332
0.662
0.662
0.662
0.322106
0.662
0.662
0.662
0.662
0.662
0.403485
0.21397
0.148503
0.662
0.17621
0.662
0.231713
0.546595
0.662
0.662
0.228728
0.37678
0.189408
0.633693
0.662
0.322169
0.260499
0.662
0.662
0.43939
0.171467
0.193905
0.254756
0.662
0.662
0.348554
0.133609
0.662
0.662
0.390135
0.218258
0.662
0.662
0.662
0.662
0.662
0.0891568
0.113723
0.398869
0.121572
0.0485522
0.662
0.199973
0.662
0.474778
0.220742
0.145595
0.15296
0.662
0.662
0.662
0.411808
0.0657292
0.134523
0.662
0.144939
0.662
0.662
0.235797
0.662
0.258485
0.662
0.662
0.427838
0.181446
0.662
0.301113
0.662
0.662
0.463358
0.662
0.249605
0.244248
0.662
0.428961
0.662
0.316694
0.662
0.662
0.47418
0.302352
0.0251531
0.403062
0.662
0.206449
0.662
0.539862
0.662
0.662
0.338194
0.662
0.662
0.662
0.662
0.662
0.0757321
0.662
0.171151
0.662
0.662
0.662
0.162231
0.662
0.473925
0.362936
0.662
0.459045
0.0679672
0.662
0.430992
0.144036
0.662
0.662
0.260061
0.280567
0.401724
0.662
0.20424
0.662
0.662
0.662
0.662
0.206321
0.662
0.662
0.382255
0.662
0.662
0.662
0.47468
0.662
0.662
0.662
0.114753
0.164846
0.662
