0.265572
0.662
0.662
0.402281
0.293242
0.662
0.662
0.662
0.662
0.662
0.662
0.414917
0.251298
0.0247117
0.164959
0.329428
0.357556
0.662
0.662
0.662
0.0938445
0.248562
0.465157
0.458371
0.0935641
0.662
0.662
0.0469582
0.315304
0.46259
0.34033
0.433004
0.662
0.107928
0.662
0.479386
0.411237
0.380195
0.46897
0.358775
0.46317
0.662
0.125312
0.662
0.662
0.467281
0.240006
0.296364
0.0535476
0.662
0.662
0.662
0.33255
0.662
0.135851
0.662
0.460832
0.662
0.662
0.281365
0.662
0.229858
0.662
0.662
0.0286626
0.662
0.662
0.3637
0.171191
0.092742
0.662
0.662
0.0495119
0.288914
0.115884
0.662
0.462957
0.662
0.662
0.0247571
0.662
0.662
0.662
0.662
0.0260333
0.218415
0.662
0.315294
0.178483
0.662
0.280071
0.212943
0.0529049
0.662
0.405321
0.662
0.15205
0.351321
0.248267
0.429306
0.662
0.420963
0.662
0.108051
0.10788
0.300614
0.633694
0.241654
0.0392805
0.242936
0.356544
0.386729
0.662
0.662
0.321842
0.662
0.36621
0.294516
0.662
0.594922
0.662
0.662
0.662
0.662
0.662
0.662
0.662
0.468027
0.662
0.662
0.662
0.221301
0.424928
0.662
0.662
0.662
0.280969
0.662
0.662
0.662
0.662
0.186362
0.662
0.043233
0.662
0.535769
0.280214
0.662
0.449952
0.662
0.662
0.286448
0.662
0.662
0.00988251
0.176542
0.662
0.662
0.0719966
0.662
0.662
0.662
0.662
0.512561
0.135421
0.662
0.662
0.135318
0.662
0.319091
0.662
0.662
0.103197
0.662
0.662
0.39377
0.0662168
0.662
0.216028
0.662
0.662
0.662
0.662
0.215319
0.662
0.662
0.662
0.636213
0.398637
0.123374
0.383739
0.662
0.662
0.388068
0.361841
0.063936
0.580017
0.662
0.140731
0.662
0.293928
0.662
0.662
0.662
0.662
0.107924
0.281322
0.0283171
0.662
0.242598
0.662
0.662
0.662
0.662
0.662
0.25165
0.662
0.324431
0.662
0.3201
0.207781
0.662
0.662
0.101721
0.327634
0.662
0.3874
0.662
0.324215
0.494946
0.662
0.662
0.662
0.662
0.662
0.605656
0.662
0.023633
0.662
0.37932
0.662
0.115166
0.34746
0.662
0.662
0.488371
0.662
0.662
0.228603
0.662
0.662
0.409465
0.662
0.246731
0.662
0.662
0.662
0.627701
0.662
0.662
0.33813
0.180733
0.434243
0.443864
0.662
0.662
0.662
0.156721
0.0693277
0.662
0.527896
0.120445
0.286798
0.662
0.662
0.662
0.662
0.662
0.662
0.401207
0.662
0.0263495
0.0874425
0.662
0.662
0.157926
0.662
0.0120029
0.368776
0.186659
0.662
0.662
0.371025
0.41464
0.359074
0.662
0.662
0.662
0.436296
0.662
0.375232
0.662
0.291447
0.662
0.145211
0.197962
0.662
0.662
0.244138
0.662
0.662
0.28055
0.279871
0.2223
0.662
0.321881
0.662
0.0168991
0.662
0.662
0.662
0.662
0.662
0.662
0.662
0.0567081
0.662
0.418636
0.542401
0.662
0.662
0.298528
0.165665
0.384676
0.662
0.221399
0.662
0.662
0.662
0.364502
0.297092
0.329577
0.662
0.662
0.662
0.662
0.662
0.662
0.0897955
0.237246
0.662
0.167818
0.260705
0.662
0.187518
0.232101
0.662
0.662
0.274817
0.662
0.662
0.119507
0.662
0.110603
0.662
0.662
0.662
0.238803
0.662
0.182878
0.55747
0.154694
0.267004
0.189816
0.662
0.172832
0.662
0.183109
0.137774
0.662
0.111121
0.662
0.662
0.231209
0.170552
0.455569
0.340377
0.272433
0.57362
0.662
0.566781
0.662
0.662
0.130969
0.503832
0.395379
0.662
0.297793
0.136758
0.451017
0.662
0.662
0.662
0.662
0.662
0.515496
0.662
0.106814
0.662
0.662
0.26138
0.260978
0.662
0.662
0.0709626
0.662
0.662
0.42645
0.206914
0.662
0.155538
0.46615
0.662
0.335026
0.381481
0.369411
0.377842
0.0985581
0.0367976
0.219142
0.662
0.662
0.202781
0.00579417
0.662
0.00219438
0.578827
0.450549
0.202859
0.662
0.662
0.0987659
0.662
0.662
0.662
0.341279
0.662
0.662
0.662
0.662
0.662
0.0391149
0.662
0.00506686
0.662
0.662
0.662
0.662
0.662
0.662
0.33711
0.662
0.252195
0.662
0.16811
0.321388
0.662
0.326697
0.183054
0.395594
0.237271
0.662
0.380099
0.662
0.662
0.350284
0.662
0.095086
0.662
0.662
0.0296943
0.187966
0.287279
0.662
0.662
0.186292
0.463912
0.662
0.141158
0.372598
0.662
0.662
0.371486
0.214458
0.546551
0.375794
0.662
0.275535
0.486863
0.265415
0.662
0.662
0.662
0.442479
0.662
0.662
0.662
0.662
0.424313
0.662
0.662
0.662
0.662
0.0734159
0.3887
0.662
0.662
0.662
0.662
0.662
0.662
0.662
0.293882
0.0611992
0.662
0.662
0.379573
0.372424
0.31721
0.0623847
0.155041
0.328662
0.133
0.662
0.662
0.662
0.542215
0.444129
0.180156
0.662
0.126725
0.436459
0.59572
0.662
0.662
0.662
0.662
0.662
0.662
0.662
0.157227
0.125257
0.0676665
0.527469
0.662
0.100184
0.662
0.662
0.0433186
0.219287
0.662
0.662
0.318479
0.256956
0.662
0.0718537
0.132877
0.474217
0.4173
0.662
0.383925
0.104581
0.403231
0.662
0.227452
0.114422
0.662
0.190255
0.662
0.662
0.0698959
0.461677
0.662
0.330955
0.662
0.662
0.261003
0.662
0.391837
0.594746
0.662
0.274727
0.662
0.662
0.662
0.662
0.662
0.662
0.662
0.446809
0.128695
0.662
0.662
0.662
0.0202854
0.662
0.0433221
0.662
0.662
0.662
0.109627
0.662
0.633391
0.662
0.662
0.662
0.00349613
0.107582
0.379933
0.302092
0.662
0.662
0.394358
0.662
0.662
0.662
0.0470907
0.106956
0.28046
0.662
0.344073
0.435597
0.662
0.662
0.662
0.423822
0.141187
0.662
0.0943034
0.662
0.662
0.662
0.662
0.173911
0.662
0.662
0.662
0.0675613
0.662
0.285702
0.662
0.662
0.475439
0.662
0.132547
0.662
0.410257
0.380714
0.161567
0.489684
0.349543
0.348141
0.476849
0.662
0.662
0.662
0.662
0.350313
0.327006
0.435108
0.662
0.297318
0.135827
0.662
0.662
0.140214
0.116565
0.662
0.662
0.496514
0.489851
0.264304
0.662
0.186937
0.220245
0.414382
0.662
0.662
0.262575
0.662
0.662
0.239441
0.409337
0.662
0.662
0.662
0.0212929
0.662
0.162331
0.453314
0.662
0.249048
0.662
0.0446786
0.0788486
0.662
0.197206
0.662
0.273688
0.024106
0.405599
0.317444
0.429951
0.662
0.511307
0.662
0.265646
0.662
0.0419076
0.338314
0.662
0.363656
0.662
0.344396
0.662
0.662
0.365973
0.662
0.662
0.662
0.0116637
0.662
0.344487
0.299732
0.16494
0.662
0.662
0.662
0.396594
0.424329
0.662
0.319746
0.0288011
0.280778
0.662
0.662
0.662
0.0623052
0.47587
0.475125
0.398947
0.662
0.0361385
0.204662
0.662
0.662
0.385057
0.662
0.662
0.337918
0.26665
0.662
0.662
0.386422
0.115422
0.662
0.29253
0.0387921
0.30907
0.662
0.361161
0.662
0.662
0.223013
0.2113
0.662
0.257999
0.662
0.274536
0.662
0.662
0.662
0.662
0.662
0.427634
0.315186
0.186571
0.662
0.167259
0.662
0.135143
0.662
0.571404
0.662
0.0819406
0.325606
0.662
0.243292
0.0706054
0.340619
0.662
0.662
0.662
0.662
0.301982
0.21451
0.20953
0.662
0.662
0.662
0.113429
0.0115387
0.662
0.662
0.221289
0.662
0.662
0.662
0.662
0.662
0.662
0.662
0.226905
0.662
0.407242
0.110879
0.47744
0.662
0.322441
0.662
0.185456
0.662
0.286263
0.662
0.0883512
0.278398
0.135729
0.0671219
0.662
0.456219
0.479371
0.460067
0.499558
0.662
0.662
0.205474
0.521145
0.047676
0.662
0.440959
0.221315
0.662
0.662
0.140133
0.318008
0.662
0.644067
0.436322
0.662
0.662
0.270954
0.662
0.207031
0.662
0.108739
0.662
0.662
0.662
0.289737
0.662
0.662
0.662
0.662
0.0226293
0.218555
0.288923
0.662
0.662
0.398558
0.662
0.0763201
0.662
0.363419
0.662
0.662
0.662
0.662
0.662
0.662
0.662
0.662
0.662
0.416558
0.662
0.662
0.662
0.353404
0.372918
0.662
0.012154
