0.662
0.135402
0.662
0.662
0.662
0.662
0.252169
0.662
0.662
0.662
0.193905
0.321008
0.192733
0.270929
0.662
0.261894
0.463055
0.662
0.428411
0.36805
0.662
0.662
0.662
0.445731
0.476965
0.319453
0.662
0.662
0.298144
0.662
0.662
0.337296
0.215919
0.544849
0.662
0.253223
0.630774
0.354514
0.662
0.3762
0.441257
0.662
0.662
0.178051
0.662
0.662
0.188323
0.662
0.198787
0.662
0.440805
0.1417
0.277364
0.366365
0.432981
0.101952
0.152253
0.662
0.662
0.662
0.340204
0.662
0.662
0.662
0.477133
0.350551
0.662
0.662
0.287211
0.281134
0.662
0.205505
0.662
0.6351
0.662
0.662
0.215405
0.662
0.466776
0.306467
0.662
0.662
0.662
0.662
0.335862
0.662
0.662
0.662
0.243088
0.308603
0.290513
0.662
0.662
0.468044
0.517599
0.198599
0.662
0.162411
0.017767
0.662
0.551207
0.0396984
0.208586
0.0447767
0.662
0.188626
0.26057
0.662
0.662
0.662
0.244226
0.662
0.299501
0.662
0.209239
0.126973
0.662
0.427532
0.220434
0.662
0.494999
0.416361
0.336473
0.139779
0.358118
0.662
0.0704753
0.662
0.213742
0.662
0.662
0.662
0.240048
0.209072
0.662
0.30106
0.662
0.662
0.195245
0.567966
0.0942913
0.337647
0.419747
0.662
0.662
0.662
0.446644
0.0449711
0.662
0.662
0.556902
0.662
0.662
0.662
0.375037
0.662
0.662
0.662
0.10202
0.353853
0.194757
0.218215
0.662
0.287714
0.442817
0.164846
0.662
0.455541
0.211726
0.0331915
0.130059
0.662
0.662
0.546595
0.662
0.662
0.662
0.62897
0.662
0.61895
0.662
0.662
0.274578
0.315772
0.662
0.662
0.662
0.459892
0.0992317
0.662
0.662
0.662
0.215935
0.662
0.419119
0.200573
0.209856
0.471282
0.164361
0.662
0.662
0.0374326
0.370102
0.646316
0.570907
0.372449
0.662
0.662
0.662
0.410132
0.662
0.240597
0.383858
0.370024
0.662
0.289296
0.662
0.662
0.662
0.662
0.356032
0.395526
0.662
0.410469
0.452187
0.239651
0.30816
0.662
0.662
0.214208
0.288347
0.662
0.662
0.662
0.662
0.0283356
0.334488
0.33831
0.251905
0.45133
0.662
0.465483
0.100026
0.662
0.662
0.662
0.662
0.662
0.232423
0.662
0.0885343
0.18969
0.0671022
0.662
0.662
0.160868
0.553065
0.411808
0.259186
0.662
0.662
0.22869
0.00496654
0.662
0.116942
0.452476
0.662
0.662
0.39808
0.333464
0.662
0.662
0.662
0.418171
0.662
0.662
0.30939
0.662
0.208383
0.662
0.114552
0.662
0.400931
0.662
0.662
0.662
0.13494
0.376161
0.273557
0.583771
0.662
0.662
0.0934945
0.319051
0.462481
0.0871772
0.169155
0.662
0.133857
0.662
0.662
0.662
0.0922037
0.662
0.40189
0.460891
0.185882
0.662
0.303305
0.012726
0.280896
0.363247
0.258529
0.583285
0.662
0.355359
0.662
0.662
0.175441
0.202121
0.0574039
0.198897
0.662
0.23178
0.662
0.240605
0.47332
0.662
0.662
0.662
0.662
0.662
0.662
0.260887
0.0176113
0.662
0.620522
0.662
0.662
0.662
0.532645
0.662
0.256944
0.662
0.345756
0.662
0.662
0.474778
0.662
0.662
0.304576
0.662
0.662
0.662
0.662
0.0979936
0.409587
0.662
0.223431
0.662
0.158701
0.662
0.384238
0.343643
0.662
0.662
0.662
0.333491
0.541647
0.662
0.662
0.662
0.208476
0.662
0.662
0.662
0.373912
0.182315
0.476387
0.662
0.0474345
0.114718
0.20791
0.258733
0.662
0.662
0.662
0.0643194
0.662
0.662
0.662
0.109883
0.662
0.38137
0.165505
0.0526717
0.662
0.662
0.211589
0.360017
0.243739
0.662
0.662
0.238755
0.662
0.291978
0.472935
0.402337
0.35316
0.662
0.0487266
0.438218
0.154223
0.41187
0.487695
0.662
0.662
0.54334
0.662
0.0333883
0.662
0.466258
0.476194
0.431359
0.461096
0.662
0.400835
0.403598
0.0589543
0.662
0.662
0.468447
0.662
0.662
0.318088
0.387976
0.662
0.662
0.662
0.414557
0.662
0.662
0.662
0.662
0.662
0.662
0.164484
0.662
0.224858
0.249296
0.662
0.174201
0.205642
0.662
0.216458
0.662
0.173121
0.662
0.248224
0.662
0.662
0.662
0.606464
0.662
0.359574
0.401765
0.662
0.416338
0.662
0.662
0.421678
0.662
0.662
0.662
0.179794
0.662
0.430992
0.367438
0.277217
0.662
0.662
0.662
0.38972
0.662
0.36832
0.373198
0.388908
0.436173
0.662
0.662
0.241943
0.662
0.662
0.235685
0.292997
0.00445458
0.662
0.662
0.662
0.662
0.662
0.662
0.260697
0.154433
0.202523
0.662
0.404825
0.662
0.13691
0.662
0.662
0.662
0.325216
0.589932
0.662
0.662
0.370364
0.662
0.371228
0.662
0.243937
0.442027
0.23583
0.144939
0.662
0.662
0.189826
0.662
0.591446
0.0896262
0.662
0.662
0.382791
0.313653
0.210455
0.453547
0.662
0.662
0.662
0.662
0.662
0.206308
0.0687368
0.186278
0.175913
0.662
0.272467
0.014574
0.662
0.230579
0.662
0.662
0.662
0.662
0.662
0.662
0.47468
0.257391
0.662
0.662
0.24392
0.662
0.410301
0.208303
0.662
0.107947
0.662
0.127127
0.633391
0.307339
0.662
0.662
0.426011
0.662
0.662
0.110932
0.662
0.662
0.662
0.46507
0.185749
0.662
0.0627123
0.323895
0.662
0.662
0.662
0.662
0.662
0.285735
0.326965
0.219364
0.390823
0.662
0.662
0.662
0.662
0.0375571
0.662
0.662
0.662
0.662
0.0274677
0.0550952
0.0511559
0.0667714
0.532847
0.662
0.502709
0.0798365
0.0717248
0.0503228
0.282844
0.662
0.662
0.662
0.662
0.662
0.662
0.335653
0.662
0.043887
0.662
0.662
0.662
0.14178
0.662
0.229983
0.662
0.662
0.662
0.662
0.371573
0.662
0.0791268
0.662
0.662
0.178053
0.662
0.159738
0.23231
0.0677906
0.662
0.0664597
0.662
0.662
0.614295
0.189472
0.237105
0.151777
0.662
0.662
0.217873
0.217892
0.662
0.550645
0.662
0.662
0.662
0.662
0.262053
0.203531
0.153271
0.662
0.151869
0.145624
0.662
0.662
0.0427661
0.662
0.662
0.153518
0.314037
0.184674
0.662
0.662
0.0728173
0.662
0.469081
0.662
0.662
0.662
0.662
0.0477835
0.508933
0.466428
0.0560488
0.278516
0.662
0.662
0.382255
0.662
0.0162179
0.662
0.218596
0.662
0.0827684
0.662
0.662
0.40512
0.0313174
0.662
0.662
0.506771
0.283241
0.662
0.662
0.662
0.662
0.0567841
0.662
0.283854
0.662
0.412044
0.18038
0.109559
0.662
0.662
0.662
0.00742493
0.662
0.302352
0.662
0.662
0.662
0.662
0.662
0.662
0.662
0.662
0.662
0.662
0.662
0.662
0.662
0.662
0.662
0.389893
0.662
0.257972
0.662
0.662
0.0405343
0.662
0.339748
0.662
0.0655346
0.662
0.662
0.33165
0.530554
0.662
0.626785
0.0502595
0.153762
0.184209
0.354999
0.662
0.662
0.0592913
0.662
0.210273
0.662
0.381039
0.662
0.524273
0.662
0.317715
0.199736
0.382525
0.336573
0.17621
0.149004
0.498589
0.16407
0.662
0.0347916
0.0473823
0.662
0.0604215
0.11485
0.0474477
0.662
0.662
0.662
0.662
0.662
0.174314
0.0755809
0.662
0.662
0.629706
0.109068
0.346283
0.662
0.43186
0.471934
0.662
0.358483
0.449548
0.662
0.662
0.113723
0.131543
0.576962
0.662
0.30079
0.662
0.356519
0.662
0.662
0.183951
0.239452
0.662
0.0535976
0.536893
0.360672
0.549249
0.659046
0.159879
0.662
0.662
0.316032
0.203754
0.662
0.331094
0.662
0.662
0.030787
0.226005
0.253924
0.662
0.662
0.662
0.662
0.199207
0.662
0.465073
0.204318
0.267267
0.393435
0.662
0.662
0.662
0.359196
0.358761
0.120248
0.662
0.662
0.0031803
0.662
0.662
0.0294098
0.662
0.662
0.662
0.61145
0.142593
0.114322
0.662
0.0947338
0.662
0.00218672
0.662
0.491057
0.662
0.33122
0.429853
0.662
0.188126
0.662
0.662
0.662
0.662
0.662
0.583688
0.279335
0.662
0.662
0.662
0.662
0.135308
0.230496
0.170726
0.662
0.662
0.531902
0.444436
0.220182
0.662
0.117254
0.389141
0.41455
0.662
0.152364
0.662
0.662
0.662
0.662
0.197338
0.259152
0.662
0.059415
0.662
0.662
0.662
0.4661
0.33728
0.129236
0.662
0.45293
0.662
0.662
0.662
0.662
0.199944
0.662
0.662
0.0496369
0.662
0.0951565
0.522081
0.662
0.662
0.31248
0.169524
0.662
0.662
0.662
0.163627
0.563774
0.118889
0.662
0.662
0.662
0.662
0.219197
0.3986
0.662
0.662
0.460363
0.424663
0.0851154
0.0376615
0.662
0.662
0.424649
0.0173317
0.395274
0.662
0.465303
0.0440942
0.662
0.245679
0.662
0.385046
0.662
0.193573
0.365637
0.662
0.137033
0.409644
0.0800094
0.0346326
0.662
0.38807
0.662
0.662
0.662
0.662
0.662
0.662
0.662
0.662
0.662
0.333047
0.662
0.662
0.662
0.662
0.43214
0.011245
0.524788
0.662
0.218283
0.662
0.385557
0.662
0.662
0.662
0.354265
0.662
0.226175
0.662
0.630152
0.662
0.662
0.420386
0.662
0.662
0.203334
0.662
0.662
0.451429
0.328033
0.446616
0.662
0.662
0.288399
0.662
0.162446
0.316419
0.662
0.662
0.47992
0.277682
0.0749646
0.662
0.662
0.160652
0.662
0.662
0.339199
0.169656
0.200992
0.200682
0.662
0.662
0.662
0.364373
0.662
0.662
0.662
0.53467
0.662
0.3743
0.662
0.662
0.662
0.662
0.662
0.206449
0.383105
0.662
0.134963
0.662
0.0740165
0.662
0.0784451
0.662
0.463726
0.0486891
0.662
0.154833
0.662
0.662
0.662
0.662
0.662
0.0987619
0.662
0.662
0.662
0.662
0.662
0.583807
0.662
0.453947
0.662
0.449508
0.662
0.379894
0.272486
0.662
0.431946
0.364326
0.662
0.0439748
0.662
0.474739
0.662
0.662
0.087583
0.662
0.662
0.45764
0.323296
0.662
0.662
0.662
0.662
0.662
0.536797
0.255585
0.234409
0.662
0.392604
0.539862
0.662
0.0440007
0.662
0.662
0.662
0.228528
0.662
0.0595756
0.129602
0.296149
0.183411
0.662
0.662
0.531694
0.029345
0.662
0.662
0.662
0.294796
0.662
0.662
0.662
0.281968
0.397474
0.662
0.407495
0.662
0.592306
0.372308
0.236577
0.662
0.139577
0.662
0.662
0.662
0.282085
0.662
0.310093
0.662
0.134742
0.662
0.465579
0.437307
0.0318959
0.662
0.662
0.662
0.451065
0.662
0.062939
0.662
0.662
0.662
0.612375
0.662
0.149918
0.662
0.463769
0.662
0.662
0.355123
0.463358
0.662
0.203878
0.490454
0.662
0.402087
0.216
0.291106
0.236996
0.426785
0.662
0.662
0.126813
0.662
0.662
0.338482
0.662
0.662
0.0716992
0.120873
0.0737938
0.27689
0.662
0.662
0.179122
0.662
0.662
0.662
0.545518
0.437732
0.168299
0.662
0.38552
0.662
0.133546
0.214311
0.12918
0.382054
0.662
0.662
0.207802
0.662
0.662
0.662
0.662
0.385637
0.662
0.170547
0.662
0.662
0.662
0.327944
0.48852
0.662
0.199808
0.122929
0.662
0.46432
0.662
0.428725
0.658563
0.0702098
0.175815
0.465835
0.662
0.662
0.466866
0.309329
0.662
0.210093
0.662
0.425589
0.575581
0.662
0.401959
0.327007
0.662
0.662
0.662
0.662
0.446508
0.301987
0.0645628
0.662
0.262661
0.137477
0.482388
0.370849
0.238141
0.662
0.148572
0.626474
0.385376
0.0777658
0.504114
0.347978
0.662
0.662
0.209854
0.662
0.662
0.662
0.349989
0.468498
0.662
0.555501
0.662
0.662
0.662
0.0228043
0.662
0.662
0.662
0.246297
0.662
0.662
0.168386
0.034561
0.662
0.662
0.662
0.255182
0.263749
0.662
0.662
0.662
0.662
0.662
0.412648
0.124705
0.383373
0.662
0.662
0.609113
0.662
0.180642
0.429431
0.662
0.662
0.662
0.230821
0.662
0.662
0.662
0.178543
0.662
0.662
0.385179
0.662
0.662
0.0464618
0.603145
0.42872
0.662
0.662
0.132035
0.226405
0.662
0.662
0.662
0.132522
0.0490269
0.662
0.662
0.662
0.662
0.401219
0.662
0.132701
0.279565
0.662
0.381343
0.662
0.662
0.662
0.301113
0.345086
0.472471
0.420049
0.440374
0.662
0.662
0.253218
0.438138
0.662
0.33043
0.662
0.352106
0.0389988
0.203302
0.521791
0.386357
0.662
0.662
0.397513
0.662
0.662
0.568813
0.662
0.195617
0.662
0.662
0.375654
0.662
0.465186
0.293066
0.422545
0.369967
0.662
0.662
0.662
0.0822952
0.662
0.662
0.318554
0.375693
0.662
0.201158
0.662
0.662
0.662
0.212339
0.275048
0.362936
0.318251
0.662
0.662
0.415539
0.662
0.631073
0.11822
0.662
0.575326
0.662
0.662
0.662
0.662
0.146311
0.233102
0.117138
0.159633
0.662
0.662
0.662
0.662
0.0801904
0.393651
0.662
0.662
0.0959921
0.662
0.662
0.275071
0.237791
0.662
0.132816
0.141357
0.328755
0.662
0.0782304
0.662
0.0765539
0.305178
0.413165
0.168719
0.662
0.304267
0.34769
0.144658
0.662
0.662
0.662
0.662
0.466303
0.10234
0.662
0.662
0.0679672
0.096093
0.662
0.286199
0.662
0.215997
0.662
0.299786
0.662
0.159599
0.363496
0.382459
0.662
0.662
0.0697666
0.201753
0.649169
0.0287842
0.662
0.115413
0.662
0.311583
0.35918
0.662
0.662
0.599857
0.662
0.0997822
0.662
0.662
0.662
0.23018
0.662
0.662
0.662
0.490127
0.662
0.662
0.662
0.662
0.662
0.662
0.102757
0.450688
0.662
0.0165103
0.662
0.662
0.372884
0.662
0.662
0.662
0.429436
0.275174
0.178361
0.662
0.662
0.662
0.357744
0.418772
0.662
0.171151
0.662
0.0846827
0.662
0.662
0.137154
0.239674
0.662
0.430799
0.662
0.0415753
0.662
0.662
0.662
0.662
0.662
0.662
0.662
0.0567459
0.662
0.44679
0.662
0.662
0.662
0.662
0.662
0.662
0.662
0.310396
0.0746574
0.662
0.0148477
0.08998
0.417901
0.662
0.662
0.662
0.662
0.482914
0.662
0.380554
0.662
0.143163
0.662
0.228
0.0179825
0.662
0.662
0.114968
0.662
0.4421
0.297928
0.662
0.0913202
0.662
0.0780964
0.662
0.662
0.662
0.048063
0.0418974
0.662
0.109969
0.662
0.662
0.179285
0.662
0.662
0.360259
0.0372224
0.662
0.662
0.662
0.560595
0.106355
0.662
0.477537
0.450063
0.662
0.485403
0.242176
0.63919
0.422785
0.416973
0.33028
0.662
0.208778
0.204422
0.662
0.450728
0.490751
0.263522
0.662
0.662
0.662
0.662
0.662
0.662
0.327627
0.662
0.662
0.662
0.662
0.0828973
0.38183
0.218258
0.662
0.662
0.255019
0.662
0.662
0.662
0.662
0.662
0.476579
0.662
0.662
0.662
0.399903
0.662
0.60375
0.518881
0.295583
0.662
0.662
0.662
0.662
0.662
0.662
0.0085689
0.662
0.662
0.192581
0.280567
0.34601
0.662
0.662
0.662
0.662
0.662
0.662
0.00254134
0.23872
0.662
0.662
0.400704
0.197594
0.202426
0.662
0.44616
0.662
0.183466
0.641252
0.405663
0.638614
0.377811
0.374528
0.662
0.662
0.662
0.662
0.35373
0.0691947
0.365944
0.662
0.662
0.538101
0.0303705
0.662
0.662
0.662
0.0540418
0.340756
0.141763
0.662
0.0595107
0.0253096
0.313827
0.111849
0.662
0.662
0.258031
0.229236
0.209811
0.302902
0.266155
0.662
0.662
0.662
0.332686
0.662
0.414771
0.662
0.311804
0.662
0.662
0.662
0.662
0.185896
0.147648
0.321487
0.248733
0.662
0.224705
0.265485
0.048629
0.662
0.288383
0.662
0.662
0.662
0.275463
0.264571
0.107904
0.662
0.662
0.0761028
0.397042
0.662
0.662
0.254756
0.22234
0.0898387
0.662
0.662
0.271875
0.502872
0.0877433
0.662
0.662
0.662
0.0529294
0.248396
0.662
0.445534
0.130099
0.385822
0.296178
0.0460896
0.213749
0.183673
0.211944
0.114574
0.0365208
0.457625
0.662
0.207505
0.662
0.662
0.662
0.662
0.217334
0.648124
0.662
0.213875
0.662
0.662
0.1877
0.662
0.662
0.428291
0.56084
0.43939
0.546544
0.473575
0.422598
0.662
0.662
0.662
0.662
0.0248193
0.662
0.662
0.163904
0.371296
0.201611
0.324385
0.662
0.30842
0.662
0.244248
0.254604
0.662
0.662
0.662
0.662
0.298511
0.662
0.515085
0.662
0.662
0.0877131
0.402616
0.662
0.380992
0.19035
0.662
0.265402
0.662
0.297886
0.0517448
0.327746
0.499533
0.113813
0.662
0.44157
0.662
0.383219
0.662
0.662
0.258497
0.662
0.662
0.662
0.662
0.458043
0.156864
0.662
0.461159
0.327723
0.417286
0.662
0.0900605
0.662
0.062792
0.331732
0.473681
0.439648
0.20742
0.473407
0.365386
0.662
0.309664
0.19063
0.457557
0.662
0.249913
0.58674
0.0408063
0.662
0.429204
0.317807
0.662
0.283626
0.289726
0.134523
0.662
0.307089
0.320241
0.662
0.662
0.662
0.662
0.662
0.450126
0.662
0.43503
0.313137
0.662
0.162829
0.454406
0.662
0.662
0.662
0.410823
0.662
0.662
0.662
0.662
0.662
0.662
0.662
0.662
0.662
0.112806
0.662
0.0383803
0.498604
0.662
0.379591
0.662
0.0267833
0.662
0.662
0.259659
0.354751
0.504352
0.662
0.4185
0.662
0.662
0.662
0.466265
0.662
0.662
0.292411
0.662
0.462491
0.333548
0.450018
0.662
0.113929
0.185084
0.662
0.181184
0.662
0.662
0.662
0.049448
0.418738
0.00849142
0.157437
0.662
0.662
0.662
0.662
0.124757
0.0797694
0.662
0.0299619
0.662
0.393735
0.389152
0.0657292
0.662
0.662
0.368215
0.662
0.421169
0.375054
0.448863
0.662
0.662
0.00473757
0.662
0.307086
0.361673
0.662
0.437912
0.662
0.491174
0.30777
0.662
0.327403
0.662
0.280137
0.176603
0.30327
0.518607
0.662
0.662
0.26766
0.436573
0.183959
0.24407
0.662
0.662
0.200786
0.349176
0.236054
0.662
0.662
0.662
0.662
0.107866
0.662
0.662
0.662
0.19803
0.0557885
0.229027
0.067371
0.662
0.662
0.448237
0.662
0.662
0.372839
0.108892
0.662
0.37143
0.662
0.310425
0.0514098
0.38129
0.662
0.338581
0.50926
0.379187
0.102189
0.370628
0.662
0.662
0.662
0.662
0.376125
0.401151
0.662
0.11106
0.662
0.0153408
0.116784
0.662
0.662
0.00279757
0.142532
0.390243
0.266943
0.407624
0.662
0.207057
0.314802
0.662
0.662
0.467566
0.15296
0.662
0.662
0.320236
0.662
0.662
0.662
0.662
0.116608
0.0224479
0.662
0.422863
0.662
0.662
0.438606
0.432288
0.37537
0.0436672
0.000691517
0.662
0.366831
0.153524
0.2373
0.32775
0.662
0.662
0.662
0.157459
0.219866
0.365026
0.281315
0.662
0.662
0.662
0.333411
0.662
0.662
0.662
0.662
0.662
0.55887
0.662
0.662
0.662
0.662
0.662
0.662
0.144036
0.444376
0.662
0.290226
0.662
0.662
