0.662
0.662
0.0170778
0.662
0.0702281
0.662
0.262982
0.379171
0.662
0.662
0.40068
0.662
0.662
0.381656
0.558922
0.662
0.301352
0.662
0.662
0.0112318
0.473216
0.140804
0.662
0.179802
0.662
0.335858
0.662
0.268495
0.398841
0.297928
0.662
0.662
0.0650627
0.0596892
0.241618
0.662
0.520172
0.21521
0.473325
0.662
0.131355
0.662
0.662
0.662
0.662
0.0795858
0.662
0.662
0.43503
0.662
0.662
0.662
0.245857
0.309794
0.47242
0.273275
0.297493
0.662
0.383084
0.662
0.662
0.184209
0.252152
0.227845
0.662
0.662
0.662
0.204171
0.662
0.331732
0.662
0.386404
0.662
0.662
0.457148
0.662
0.662
0.183959
0.1874
0.0527839
0.322989
0.662
0.662
0.168928
0.462275
0.662
0.0157796
0.101952
0.662
0.0342589
0.662
0.376243
0.32769
0.356571
0.132608
0.326621
0.662
0.253023
0.164846
0.265535
0.170547
0.308637
0.255275
0.662
0.261049
0.0856945
0.144933
0.107218
0.662
0.662
0.662
0.518219
0.662
0.662
0.662
0.662
0.114322
0.662
0.662
0.416025
0.244226
0.327403
0.232308
0.252323
0.662
0.662
0.662
0.662
0.556902
0.662
0.662
0.432058
0.662
0.662
0.662
0.381425
0.662
0.197262
0.530986
0.0918386
0.136045
0.400618
0.662
0.235705
0.662
0.662
0.324193
0.662
0.0911868
0.40211
0.0213265
0.662
0.24989
0.662
0.662
0.662
0.662
0.662
0.662
0.465123
0.061806
0.662
0.662
0.662
0.0364047
0.084509
0.662
0.662
0.229027
0.226145
0.141299
0.25388
0.662
0.147742
0.662
0.391724
0.662
0.662
0.278345
0.662
0.662
0.662
0.662
0.662
0.662
0.662
0.662
0.662
0.296118
0.662
0.662
0.36832
0.662
0.198966
0.256673
0.662
0.452187
0.662
0.194101
0.662
0.126352
0.188539
0.662
0.428781
0.236205
0.240252
0.369797
0.662
0.204208
0.169305
0.0165103
0.662
0.0676508
0.662
0.218258
0.212339
0.662
0.187407
0.662
0.386028
0.438962
0.251905
0.662
0.662
0.662
0.350082
0.662
0.662
0.0436672
0.418116
0.662
0.662
0.662
0.662
0.662
0.662
0.662
0.354113
0.662
0.398909
0.662
0.20791
0.0356897
0.272467
0.253223
0.662
0.0251531
0.0543798
0.320789
0.0977668
0.662
0.662
0.662
0.259057
0.662
0.398601
0.550747
0.0595107
0.334204
0.431216
0.662
0.145322
0.414557
0.0360716
0.18333
0.662
0.662
0.662
0.662
0.662
0.0440942
0.231871
0.662
0.662
0.662
0.0885582
0.34278
0.662
0.662
0.662
0.21402
0.251069
0.171912
0.433638
0.662
0.662
0.22234
0.662
0.39481
0.526207
0.662
0.662
0.228728
0.0148978
0.441757
0.662
0.662
0.237045
0.662
0.662
0.662
0.662
0.662
0.467032
0.0238836
0.662
0.662
0.662
0.426072
0.0389988
0.662
0.134205
0.359323
0.662
0.265191
0.343785
0.662
0.662
0.391537
0.662
0.036933
0.119845
0.306994
0.232494
0.662
0.662
0.662
0.188204
0.571203
0.0298676
0.474557
0.335329
0.662
0.0930762
0.335427
0.472935
0.501704
0.662
0.380267
0.662
0.662
0.383844
0.662
0.662
0.662
0.662
0.662
0.662
0.0267833
0.167797
0.227841
0.662
0.524609
0.15479
0.125388
0.662
0.123023
0.662
0.05505
0.662
0.133857
0.141766
0.230937
0.662
0.662
0.124195
0.662
0.662
0.222833
0.476829
0.662
0.662
0.662
0.135356
0.0878429
0.192097
0.662
0.662
0.426785
0.662
0.00496654
0.662
0.662
0.398437
0.662
0.662
0.190873
0.662
0.057436
0.0774049
0.0983856
0.662
0.0658949
0.444362
0.0196935
0.211482
0.662
0.662
0.504114
0.662
0.189747
0.662
0.662
0.32478
0.548488
0.418892
0.0172948
0.0490269
0.662
0.190809
0.29021
0.5631
0.485349
0.662
0.662
0.259048
0.662
0.405351
0.662
0.517721
0.662
0.662
0.662
0.304995
0.662
0.00254134
0.662
0.662
0.662
0.363699
0.449825
0.328743
0.583688
0.593664
0.30907
0.662
0.341653
0.662
0.0184547
0.662
0.662
0.662
0.662
0.662
0.250832
0.406036
0.662
0.662
0.662
0.127391
0.662
0.662
0.662
0.662
0.662
0.662
0.662
0.662
0.231713
0.662
0.223104
0.662
0.662
0.662
0.148275
0.276575
0.662
0.382255
0.662
0.445351
0.143836
0.235175
0.162446
0.074438
0.662
0.156062
0.662
0.249956
0.281347
0.662
0.662
0.19817
0.130099
0.390991
0.333999
0.0934945
0.662
0.662
0.502872
0.662
0.00571079
0.0437665
0.662
0.662
0.662
0.662
0.662
0.662
0.10762
0.00027716
0.662
0.023041
0.662
0.662
0.662
0.662
0.0143234
0.662
0.301987
0.256542
0.592281
0.662
0.662
0.229521
0.290586
0.275146
0.473298
0.270869
0.662
0.295563
0.359333
0.662
0.158361
0.471117
0.413431
0.662
0.662
0.245832
0.0934409
0.51353
0.662
0.303891
0.662
0.662
0.471477
0.158665
0.074699
0.115736
0.319253
0.662
0.662
0.100026
0.370149
0.662
0.662
0.662
0.30666
0.662
0.270661
0.662
0.284261
0.328668
0.662
0.42991
0.662
0.662
0.0584579
0.154958
0.160421
0.419343
0.662
0.274491
0.662
0.579506
0.239128
0.453601
0.554408
0.662
0.662
0.15637
0.662
0.222193
0.662
0.11822
0.662
0.286693
0.662
0.184867
0.0137159
0.382778
0.662
0.662
0.662
0.292247
0.662
0.662
0.0891568
0.662
0.0727861
0.189037
0.662
0.216853
0.662
0.662
0.662
0.662
0.660659
0.662
0.662
0.315537
0.662
0.662
0.467585
0.662
0.468019
0.662
0.174507
0.442527
0.232246
0.621344
0.662
0.662
0.337296
0.124355
0.662
0.662
0.662
0.564107
0.662
0.662
0.254505
0.662
0.662
0.662
0.662
0.657088
0.277057
0.262879
0.446095
0.222393
0.662
0.392877
0.662
0.662
0.662
0.662
0.149887
0.662
0.0993603
0.662
0.493544
0.662
0.662
0.662
0.414872
0.356707
0.662
0.662
0.385637
0.215919
0.662
0.428104
0.0867779
0.662
0.247134
0.662
0.0947338
0.662
0.188212
0.146294
0.662
0.383145
0.662
0.662
0.0914073
0.662
0.662
0.662
0.0492515
0.388064
0.0478501
0.662
0.390135
0.662
0.662
0.662
0.662
0.662
0.662
0.662
0.662
0.662
0.341305
0.662
0.163081
0.447913
0.204422
0.662
0.640209
0.662
0.366866
0.662
0.44895
0.662
0.286015
0.662
0.662
0.356926
0.662
0.498604
0.662
0.662
0.662
0.662
0.662
0.599857
0.662
0.662
0.400045
0.662
0.440572
0.662
0.662
0.296846
0.201778
0.662
0.484764
0.212663
0.662
0.662
0.25077
0.662
0.662
0.662
0.216841
0.145595
0.662
0.400242
0.662
0.0267429
0.662
0.156552
0.136074
0.662
0.175183
0.333931
0.662
0.662
0.662
0.662
0.310425
0.347978
0.386357
0.364073
0.164699
0.662
0.662
0.0655346
0.662
0.420417
0.662
0.286062
0.662
0.662
0.282844
0.662
0.662
0.104883
0.662
0.662
0.309126
0.420959
0.0351303
0.662
0.196694
0.662
0.0117431
0.35373
0.662
0.478426
0.283967
0.662
0.662
0.662
0.00645895
0.662
0.662
0.662
0.662
0.146038
0.250681
0.662
0.354163
0.662
0.662
0.662
0.662
0.662
0.326152
0.662
0.451289
0.374567
0.662
0.466113
0.662
0.3892
0.662
0.540377
0.662
0.307158
0.403062
0.0198487
0.340761
0.662
0.168918
0.662
0.662
0.400977
0.255741
0.21226
0.662
0.375536
0.0791268
0.466265
0.175815
0.662
0.360672
0.248597
0.282135
0.662
0.662
0.662
0.183411
0.144028
0.662
0.355127
0.0995477
0.662
0.662
0.662
0.662
0.662
0.237862
0.662
0.317469
0.662
0.105324
0.0757809
0.233766
0.662
0.662
0.131024
0.476767
0.662
0.662
0.0513296
0.247616
0.00942608
0.12051
0.662
0.144811
0.359574
0.232974
0.0616046
0.227361
0.662
0.24173
0.444907
0.463726
0.662
0.38691
0.662
0.662
0.00415563
0.662
0.662
0.662
0.147186
0.662
0.662
0.0842785
0.662
0.662
0.662
0.413165
0.308453
0.662
0.144036
0.317771
0.662
0.662
0.410399
0.628979
0.049941
0.475689
0.662
0.662
0.662
0.467983
0.662
0.662
0.662
0.208383
0.662
0.662
0.662
0.119226
0.662
0.428629
0.108302
0.662
0.107588
0.209856
0.662
0.198844
0.0987619
0.173376
0.662
0.264736
0.128723
0.198611
0.210903
0.662
0.662
0.248021
0.662
0.662
0.662
0.662
0.100179
0.662
0.29483
0.662
0.662
0.288383
0.138292
0.662
0.00148252
0.662
0.662
0.341403
0.405563
0.141761
0.218596
0.0749761
0.21524
0.662
0.4082
0.411771
0.47468
0.662
0.404423
0.662
0.42744
0.463971
0.662
0.44253
0.662
0.0426962
0.0567459
0.226972
0.662
0.116784
0.118828
0.662
0.662
0.662
0.407585
0.662
0.662
0.662
0.662
0.424745
0.662
0.662
0.131077
0.454745
0.173386
0.2127
0.662
0.662
0.662
0.662
0.208677
0.399385
0.627016
0.204629
0.317332
0.662
0.662
0.662
0.662
0.13691
0.138397
0.448237
0.189408
0.172923
0.385179
0.325405
0.662
0.662
0.662
0.351107
0.222463
0.662
0.0529294
0.229819
0.154223
0.662
0.662
0.662
0.380035
0.662
0.304524
0.249913
0.662
0.47418
0.662
0.340204
0.662
0.515583
0.662
0.552066
0.152465
0.662
0.0279773
0.0755207
0.230067
0.439029
0.295711
0.370507
0.466258
0.31446
0.288399
0.473925
0.662
0.662
0.416287
0.662
0.464362
0.662
0.0329634
0.30648
0.662
0.662
0.662
0.662
0.662
0.213418
0.352106
0.0329768
0.27489
0.423254
0.458718
0.662
0.662
0.429452
0.327944
0.662
0.662
0.486684
0.398869
0.662
0.662
0.662
0.389881
0.254117
0.662
0.660382
0.662
0.53502
0.662
0.662
0.310805
0.662
0.538101
0.194682
0.662
0.662
0.199636
0.464708
0.662
0.44993
0.662
0.165533
0.0404631
0.662
0.487149
0.662
0.662
0.662
0.662
0.662
0.662
0.662
0.662
0.0757898
0.0881781
0.662
0.223958
0.0792199
0.662
0.188173
0.407692
0.371282
0.330975
0.00922479
0.0119339
0.0823922
0.662
0.353742
0.662
0.662
0.0722949
0.662
0.662
0.384438
0.375205
0.662
0.545816
0.373198
0.220406
0.152232
0.215935
0.319045
0.662
0.115094
0.219181
0.0122126
0.662
0.662
0.662
0.662
0.290413
0.662
0.662
0.444362
0.00565377
0.128729
0.662
0.662
0.662
0.203962
0.062792
0.662
0.0335623
0.395848
0.662
0.439625
0.662
0.414081
0.662
0.662
0.662
0.183185
0.662
0.0782304
0.283626
0.662
0.662
0.108151
0.166034
0.662
0.0375233
0.364679
0.662
0.149433
0.662
0.662
0.662
0.302989
0.0465785
0.0526594
0.662
0.331094
0.662
0.396594
0.662
0.270042
0.43214
0.0582946
0.662
0.411365
0.662
0.300228
0.662
0.662
0.662
0.662
0.219981
0.662
0.279277
0.662
0.0901771
0.662
0.662
0.269488
0.662
0.300642
0.662
0.662
0.662
0.662
0.20159
0.432127
0.304552
0.662
0.226005
0.392159
0.662
0.662
0.662
0.662
0.354319
0.231675
0.662
0.662
0.370737
0.662
0.304255
0.662
0.662
0.40687
0.381039
0.240597
0.662
0.0160416
0.662
0.662
0.662
0.662
0.662
0.471526
0.343082
0.662
0.662
0.166401
0.662
0.180051
0.662
0.394852
0.662
0.662
0.662
0.133453
0.342269
0.662
0.369477
0.281828
0.662
0.178588
0.3189
0.662
0.321487
0.498821
0.662
0.662
0.662
0.662
0.470465
0.662
0.345756
0.662
0.251879
0.662
0.662
0.0567841
0.662
0.662
0.0517448
0.662
0.216419
0.451895
0.453441
0.436139
0.543134
0.206984
0.00713128
0.141537
0.662
0.0319807
0.662
0.662
0.464346
0.662
0.00886189
0.662
0.662
0.662
0.662
0.0679672
0.0415753
0.393557
0.439937
0.414672
0.662
0.430334
0.0844661
0.662
0.253717
0.662
0.662
0.662
0.366305
0.662
0.662
0.303305
0.662
0.662
0.662
0.285735
0.662
0.0918086
0.662
0.301428
0.662
0.087501
0.585741
0.448863
0.662
0.662
0.348554
0.662
0.0544502
0.662
0.160524
0.0317373
0.662
0.662
0.475715
0.294145
0.46829
0.440499
0.662
0.444378
0.109441
0.025938
0.662
0.662
0.662
0.662
0.0228043
0.662
0.662
0.477583
0.038418
0.383601
0.0230964
0.0346326
0.0378817
0.177239
0.271451
0.662
0.010984
0.662
0.662
0.148212
0.662
0.662
0.662
0.180642
0.255182
0.662
0.0373019
0.662
0.662
0.289008
0.662
0.329842
0.662
0.662
0.662
0.450745
0.18009
0.361196
0.662
0.209239
0.662
0.412391
0.662
0.475358
0.662
0.233904
0.129658
0.662
0.0614313
0.265308
0.662
0.662
0.214421
0.265575
0.364204
0.662
0.662
0.284693
0.662
0.161132
0.662
0.333047
0.0992317
0.381875
0.448975
0.280567
0.30079
0.662
0.486446
0.662
0.662
0.483547
0.662
0.662
0.428807
0.662
0.662
0.213685
0.0987957
0.662
0.148572
0.395769
0.23926
0.237838
0.504105
0.0574183
0.13061
0.230789
0.662
0.401303
0.361854
0.525213
0.662
0.277125
0.662
0.00903955
0.187743
0.64652
0.390338
0.662
0.662
0.013384
0.426669
0.621178
0.662
0.662
0.290496
0.133107
0.292181
0.134014
0.662
0.662
0.35888
0.662
0.662
0.662
0.142194
0.662
0.662
0.662
0.127553
0.314264
0.662
0.662
0.662
0.113775
0.302352
0.662
0.662
0.50712
0.220766
0.397353
0.098441
0.662
0.662
0.662
0.354661
0.466942
0.662
0.662
0.541116
0.662
0.466179
0.662
0.662
0.0688275
0.662
0.303808
0.15296
0.662
0.0731419
0.662
0.662
0.662
0.144051
0.662
0.662
0.662
0.662
0.457587
0.662
0.0905256
0.662
0.186374
0.662
0.198175
0.662
0.662
0.662
0.272446
0.132522
0.448658
0.147016
0.662
0.662
0.662
0.662
0.00658599
0.662
0.662
0.442178
0.662
0.662
0.662
0.662
0.278224
0.662
0.291216
0.662
0.662
0.12401
0.234409
0.662
0.662
0.408422
0.259536
0.662
0.473051
0.662
0.662
0.662
0.105533
0.360862
0.20424
0.433505
0.662
0.229796
0.662
0.383542
0.662
0.662
0.505668
0.334721
0.157397
0.662
0.254604
0.662
0.282986
0.662
0.0818705
0.575957
0.662
0.662
0.120324
0.311667
0.662
0.391893
0.332275
0.0730084
0.21197
0.662
0.662
0.662
0.662
0.662
0.372839
0.144588
0.662
0.662
0.662
0.662
0.662
0.662
0.0748334
0.662
0.662
0.662
0.276576
0.0634524
0.662
0.263291
0.662
0.197228
0.662
0.461976
0.227927
0.662
0.109584
0.662
0.458353
0.662
0.662
0.662
0.662
0.662
0.0487266
0.0535976
0.662
0.662
0.175564
0.662
0.662
0.662
0.234487
0.662
0.662
0.646685
0.0677906
0.289971
0.662
0.369259
0.662
0.662
0.662
0.145624
0.662
0.428961
0.662
0.0180278
0.44157
0.388014
0.662
0.662
0.662
0.155254
0.662
0.00742493
0.662
0.662
0.662
0.662
0.171352
0.212815
0.662
0.662
0.662
0.457031
0.662
0.662
0.45797
0.319577
0.0704753
0.662
0.662
0.662
0.137154
0.33029
0.536921
0.160167
0.3225
0.662
0.662
0.0143313
0.662
0.42573
0.407907
0.662
0.662
0.662
0.0812961
0.6351
0.199766
0.22193
