0.220448
0.662
0.247134
0.662
0.000265103
0.552066
0.150541
0.186044
0.662
0.662
0.373135
0.156442
0.123425
0.662
0.0559714
0.662
0.412578
0.0172908
0.662
0.662
0.662
0.662
0.222463
0.662
0.0242517
0.662
0.662
0.662
0.323756
0.662
0.662
0.662
0.662
0.662
0.333418
0.662
0.123023
0.662
0.311962
0.322232
0.662
0.662
0.662
0.662
0.662
0.114581
0.662
0.662
0.662
0.662
0.281828
0.662
0.145595
0.221904
0.0627993
0.662
0.114832
0.662
0.662
0.662
0.415286
0.662
0.451289
0.662
0.662
0.662
0.662
0.662
0.049448
0.662
0.662
0.483738
0.662
0.00496654
0.0765539
0.662
0.662
0.662
0.662
0.444378
0.662
0.662
0.163702
0.30907
0.662
0.192097
0.662
0.630623
0.662
0.0378817
0.383084
0.43503
0.356707
0.39481
0.306031
0.566619
0.154241
0.662
0.335736
0.186411
0.466942
0.0918086
0.061806
0.148575
0.662
0.662
0.662
0.279624
0.662
0.662
0.186441
0.297493
0.172401
0.0580248
0.662
0.370149
0.21952
0.399385
0.662
0.384331
0.662
0.662
0.280567
0.230937
0.662
0.0492515
0.0567841
0.662
0.35888
0.472442
0.662
0.375122
0.662
0.662
0.662
0.404523
0.34002
0.662
0.662
0.231713
0.136045
0.662
0.662
0.662
0.662
0.662
0.662
0.662
0.662
0.0784533
0.0159494
0.662
0.400045
0.0881781
0.662
0.2998
0.0673312
0.662
0.0180278
0.662
0.131355
0.662
0.0179825
0.389908
0.662
0.662
0.124396
0.662
0.662
0.302989
0.662
0.219181
0.662
0.543134
0.0677906
0.441016
0.662
0.213613
0.662
0.662
0.662
0.662
0.662
0.246482
0.197213
0.662
0.318242
0.0782568
0.662
0.12051
0.394153
0.197228
0.662
0.662
0.347498
0.662
0.118269
0.180642
0.662
0.662
0.304566
0.140133
0.662
0.00726553
0.662
0.662
0.662
0.662
0.662
0.662
0.662
0.662
0.662
0.470554
0.459134
0.480825
0.662
0.662
0.440149
0.662
0.662
0.662
0.662
0.662
0.662
0.152465
0.0808861
0.166315
0.426769
0.662
0.662
0.317618
0.662
0.204171
0.339355
0.239128
0.149759
0.662
0.662
0.662
0.662
0.662
0.337963
0.662
0.662
0.489803
0.662
0.662
0.281577
0.265865
0.465747
0.147742
0.559909
0.662
0.662
0.662
0.662
0.423832
0.387293
0.356571
0.168928
0.662
0.426128
0.334057
0.662
0.261394
0.662
0.141761
0.563772
0.489864
0.118218
0.662
0.405563
0.64652
0.662
0.198966
0.662
0.445102
0.662
0.40321
0.662
0.23379
0.662
0.662
0.662
0.413268
0.662
0.485349
0.662
0.449601
0.415533
0.662
0.662
0.458353
0.381031
0.430334
0.662
0.237271
0.662
0.368835
0.662
0.662
0.662
0.662
0.609231
0.662
0.662
0.284693
0.662
0.494937
0.662
0.054583
0.418627
0.662
0.662
0.168299
0.662
0.662
0.662
0.167611
0.662
0.0649478
0.662
0.662
0.599857
0.156062
0.211953
0.471059
0.383145
0.0638616
0.354319
0.161597
0.662
0.662
0.25616
0.00988251
0.0704185
0.662
0.119882
0.262219
0.662
0.43403
0.369477
0.662
0.662
0.327944
0.314264
0.662
0.232494
0.662
0.312261
0.0818705
0.100179
0.0661965
0.00527432
0.414608
0.662
0.107588
0.369797
0.0432757
0.662
0.662
0.662
0.263291
0.640209
0.662
0.585741
0.356926
0.211702
0.662
0.662
0.410121
0.433638
0.545059
0.501395
0.419343
0.416287
0.662
0.312843
0.662
0.322989
0.662
0.442251
0.366437
0.226145
0.28445
0.347978
0.662
0.364539
0.662
0.662
0.662
0.0141533
0.662
0.662
0.662
0.097298
0.662
0.550747
0.275884
0.662
0.410346
0.660659
0.227984
0.336946
0.203171
0.662
0.662
0.316473
0.164959
0.127391
0.662
0.662
0.422321
0.662
0.662
0.662
0.662
0.0123003
0.360672
0.662
0.227927
0.662
0.398869
0.0440942
0.662
0.662
0.662
0.662
0.662
0.662
0.3189
0.662
0.662
0.304995
0.662
0.662
0.0310736
0.546116
0.662
0.154655
0.662
0.662
0.408422
0.662
0.181259
0.662
0.662
0.0983856
0.662
0.00573584
0.231871
0.188204
0.662
0.442371
0.175564
0.137154
0.662
0.137513
0.662
0.662
0.662
0.662
0.662
0.662
0.662
0.366866
0.662
0.662
0.662
0.662
0.662
0.662
0.298965
0.332275
0.160421
0.662
0.662
0.662
0.253762
0.662
0.662
0.414672
0.4508
0.262575
0.0137159
0.314354
0.662
0.423884
0.662
0.4713
0.662
0.662
0.662
0.662
0.40812
0.662
0.129654
0.0105607
0.442527
0.385179
0.27489
0.461976
0.0719098
0.00148252
0.259153
0.405351
0.0615794
0.20002
0.20745
0.0238836
0.0217574
0.662
0.453441
0.199636
0.662
0.0171037
0.357944
0.662
0.476829
0.235025
0.662
0.662
0.662
0.0515109
0.662
0.259825
0.662
0.662
0.662
0.662
0.662
0.10762
0.662
0.662
0.172519
0.662
0.466265
0.302785
0.662
0.518219
0.424745
0.662
0.662
0.662
0.31446
0.214307
0.662
0.662
0.411365
0.344336
0.662
0.354113
0.662
0.662
0.662
0.662
0.662
0.0822672
0.0373891
0.662
0.662
0.662
0.662
0.662
0.662
0.662
0.662
0.186374
0.662
0.662
0.600131
0.0222835
0.662
0.24736
0.391222
0.662
0.13777
0.662
0.662
0.662
0.504349
0.662
0.662
0.464589
0.662
0.186767
0.662
0.662
0.662
0.0988075
0.141537
0.662
0.662
0.493544
0.155041
0.250832
0.662
0.662
0.662
0.662
0.662
0.662
0.215919
0.125388
0.662
0.170552
0.662
0.662
0.662
0.662
0.126164
0.0595756
0.60386
0.63339
0.662
0.28798
0.662
0.662
0.662
0.218481
0.262427
0.662
0.662
0.0596892
0.178095
0.40463
0.662
0.662
0.192535
0.662
0.662
0.662
0.13061
0.662
0.398841
0.0302849
0.32237
0.662
0.662
0.301352
0.444907
0.662
0.662
0.662
0.412391
0.662
0.662
0.434679
0.398577
0.329842
0.662
0.380099
0.662
0.662
0.662
0.662
0.662
0.662
0.500232
0.662
0.515496
0.0491953
0.169305
0.662
0.662
0.320182
0.662
0.662
0.466113
0.662
0.466179
0.662
0.29021
0.662
0.662
0.119845
0.333981
0.138594
0.662
0.331179
0.449588
0.398437
0.000856762
0.229786
0.662
0.283001
0.42467
0.319577
0.662
0.662
0.0959527
0.662
0.339864
0.662
0.662
0.662
0.662
0.372583
0.662
0.391537
0.662
0.662
0.662
0.662
0.662
0.0616046
0.0117431
0.282844
0.662
0.199397
0.662
0.0568028
0.15479
0.662
0.294442
0.235705
0.662
0.662
0.474557
0.0244753
0.662
0.0993603
0.0763307
0.662
0.662
0.662
0.662
0.662
0.662
0.662
0.662
0.662
0.457587
0.662
0.128729
0.662
0.662
0.516335
0.662
0.5631
0.0911868
0.662
0.662
0.662
0.662
0.662
0.210859
0.174695
0.662
0.0770043
0.34278
0.662
0.662
0.662
0.662
0.0160416
0.662
0.521772
0.211616
0.0896918
0.0609734
0.319551
0.119123
0.232974
0.662
0.363419
0.662
0.437557
0.124355
0.606844
0.662
0.662
0.662
0.662
0.662
0.0490743
0.662
0.662
0.0801904
0.662
0.471477
0.10866
0.662
0.0819325
0.662
0.662
0.175183
0.457641
0.662
0.481362
0.662
0.662
0.662
0.382778
0.104883
0.317332
0.280103
0.662
0.325405
0.662
0.662
0.662
0.0518498
0.134522
0.205776
0.15583
0.21197
0.204927
0.662
0.662
0.662
0.662
0.662
0.662
0.662
0.424313
0.360862
0.662
0.662
0.662
0.662
0.662
0.662
0.662
0.408981
0.662
0.662
0.662
0.662
0.335329
0.662
0.662
0.662
0.662
0.0426345
0.0730084
0.329797
0.662
0.302352
0.662
0.0695797
0.386404
0.662
0.662
0.106956
0.105624
0.448237
0.21451
0.169828
0.662
0.662
0.662
0.662
0.310805
0.170356
0.029904
0.214684
0.261049
0.662
0.662
0.161296
0.038418
0.662
0.350276
0.662
0.399716
0.662
0.662
0.333047
0.662
0.375476
0.473325
0.662
0.662
0.0749646
0.662
0.662
0.00356753
0.00957804
0.662
0.323351
0.350082
0.662
0.662
0.268495
0.662
0.144811
0.30666
0.662
0.354661
0.662
0.662
0.662
0.662
0.662
0.386227
0.00565377
0.662
0.563546
0.298394
0.662
0.106775
0.662
0.662
0.344381
0.662
0.158665
0.662
0.662
0.265821
0.662
0.662
0.541116
0.662
0.246628
0.049941
0.633693
0.662
0.662
0.662
0.662
0.662
0.455071
0.0459223
0.662
0.662
0.390338
0.662
0.132017
0.411237
0.662
0.0662217
0.349989
0.118937
0.487149
0.662
0.249048
0.158361
0.400104
0.662
0.146341
0.662
0.115422
0.662
0.392245
0.662
0.178588
0.662
0.329399
0.662
0.662
0.662
0.147067
0.227845
0.662
0.132608
0.330145
0.123728
0.451647
0.383844
0.509376
0.529572
0.662
0.662
0.662
0.23404
0.393006
0.194101
0.662
0.662
0.662
0.0305927
0.662
0.662
0.136369
0.662
0.662
0.17438
0.662
0.662
0.662
0.662
0.662
0.662
0.644821
0.473216
0.113534
0.662
0.321778
0.662
0.662
0.662
0.662
0.0274677
0.662
0.662
0.662
0.467032
0.662
0.312914
0.662
0.15637
0.0367882
0.232494
0.662
0.014574
0.662
0.662
0.135983
0.101721
0.265535
0.621178
0.298406
0.662
0.662
0.388064
0.22456
0.662
0.420959
0.428272
0.662
0.353044
0.662
0.662
0.662
0.662
0.372164
0.662
0.164375
0.662
0.414557
0.288794
0.370827
0.662
0.662
0.0676508
0.0709626
0.662
0.41262
0.662
0.218596
0.662
0.0305939
0.662
0.662
0.314216
0.0823922
0.657088
0.662
0.282986
0.333999
0.662
0.0971187
0.22301
0.166401
0.37932
0.074699
0.260978
0.209239
0.423254
0.662
0.662
0.147016
0.662
0.44049
0.662
0.406036
0.662
0.0977668
0.227572
0.183411
0.0212164
0.662
0.152232
0.190873
0.273275
0.662
0.662
0.262982
0.662
0.662
0.146834
0.328668
0.662
0.326994
0.355091
0.662
0.221753
0.113806
0.662
0.662
0.0411727
0.167797
0.662
0.662
0.662
0.662
0.0408341
0.292181
0.662
0.662
0.662
0.662
0.662
0.0462574
0.133453
0.137715
0.662
0.662
0.662
0.20791
0.662
0.426072
0.662
0.662
0.195127
0.662
0.662
0.662
0.16058
0.662
0.400331
0.38691
0.413431
0.662
0.108434
0.359574
0.662
0.0800094
0.455183
0.243345
0.575128
0.311667
0.47468
0.174614
0.182184
0.662
0.391843
0.662
0.662
0.41093
0.662
0.662
0.458729
0.0329311
0.662
0.191265
0.662
0.105722
0.126352
0.662
0.472898
0.662
0.662
0.662
0.471117
0.464346
0.30648
0.410399
0.2127
0.662
0.662
0.446556
0.186967
0.662
0.386077
0.475358
0.662
0.662
0.0572211
0.662
0.20002
0.467404
0.355508
0.212426
0.240252
0.662
0.312432
0.255324
0.662
0.0248549
0.662
0.212815
0.662
0.662
0.084509
0.662
0.468276
0.662
0.662
0.0487266
0.662
0.205006
0.0351303
0.662
0.022851
0.662
0.662
0.0275305
0.389108
0.662
0.268608
0.662
0.331381
0.662
0.662
0.662
0.662
0.175815
0.662
0.323581
0.662
0.662
0.0812961
0.403193
0.164699
0.439029
0.464708
0.432058
0.662
0.662
0.662
0.662
0.662
0.391807
0.662
0.392101
0.0199805
0.662
0.119226
0.343082
0.646685
0.364679
0.21254
0.356615
0.201058
0.662
0.662
0.153758
0.319045
0.143976
0.662
0.364204
0.26334
0.662
0.662
0.662
0.246209
0.662
0.431266
0.538637
0.283967
0.448839
0.49855
0.245734
0.662
0.662
0.047676
0.662
0.662
0.662
0.662
0.172469
0.383601
0.341403
0.662
0.248651
0.0209026
0.662
0.662
0.426174
0.171669
0.0375058
0.662
0.662
0.368495
0.662
0.593664
0.179439
0.241618
0.662
0.462275
0.662
0.662
0.662
0.662
0.248087
0.662
0.662
0.662
0.662
0.520267
0.662
0.662
0.0529294
0.662
0.0885582
0.405152
0.162377
0.18009
0.0987957
0.662
0.662
0.19084
0.281285
0.662
0.235053
0.662
0.662
0.225511
0.208677
0.087501
0.662
0.662
0.662
0.270025
0.662
0.366895
0.662
0.391724
0.662
0.662
0.662
0.0757898
0.460832
0.662
0.201778
0.662
0.662
0.662
0.108302
0.662
0.662
0.190809
0.662
0.0335623
0.166033
0.662
0.103901
0.411771
0.0916259
0.662
0.300642
0.477583
0.291216
0.123537
0.662
0.2223
0.325726
0.662
0.303026
0.662
0.662
0.373398
0.662
0.662
0.583688
0.463807
0.662
0.28757
0.394884
0.501704
0.22757
0.662
0.662
0.662
0.662
0.440572
0.662
0.450487
0.662
0.303251
0.0995477
0.426785
0.423018
0.662
0.448658
0.662
0.203874
0.452187
0.488423
0.308637
0.662
0.662
0.275582
0.662
0.662
0.662
0.662
0.371488
0.662
0.662
0.662
0.132707
0.194358
0.662
0.172202
0.662
0.662
0.662
0.51848
0.100026
0.662
0.662
0.26138
0.662
0.662
0.662
0.372275
0.662
0.662
0.171352
0.0303705
0.0544502
0.662
0.200009
0.393367
0.505444
0.662
0.20462
