0.662
0.430426
0.662
0.227249
0.662
0.662
0.0248549
0.107582
0.15205
0.165619
0.417373
0.662
0.095746
0.368776
0.186659
0.662
0.662
0.662
0.043233
0.662
0.0310213
0.160608
0.662
0.362633
0.629706
0.662
0.594317
0.662
0.15253
0.662
0.0900144
0.00957804
0.662
0.662
0.662
0.662
0.298871
0.301743
0.449346
0.662
0.434988
0.662
0.0112318
0.662
0.662
0.662
0.00506686
0.627701
0.106814
0.134689
0.662
0.662
0.21868
0.337918
0.662
0.662
0.467248
0.173911
0.317444
0.662
0.662
0.108502
0.662
0.662
0.151846
0.445113
0.582464
0.371002
0.305609
0.662
0.662
0.107859
0.232494
0.662
0.075988
0.432387
0.208135
0.662
0.0589744
0.662
0.174614
0.662
0.662
0.46259
0.662
0.627231
0.662
0.341653
0.0580248
0.418627
0.662
0.662
0.662
0.662
0.41464
0.356544
0.662
0.662
0.662
0.662
0.00468501
0.2223
0.662
0.488468
0.535769
0.662
0.163335
0.662
0.233525
0.662
0.662
0.0734159
0.662
0.404143
0.662
0.662
0.237271
0.662
0.148575
0.662
0.291001
0.662
0.265415
0.00713128
0.354335
0.113873
0.261003
0.322441
0.662
0.520603
0.662
0.662
0.235605
0.662
0.0709626
0.514898
0.141188
0.403725
0.33924
0.662
0.662
0.662
0.164959
0.662
0.662
0.662
0.135827
0.662
0.662
0.662
0.12988
0.662
0.365387
0.435108
0.0744433
0.409526
0.662
0.315186
0.662
0.662
0.662
0.662
0.297252
0.361841
0.662
0.489851
0.662
0.662
0.0260333
0.662
0.662
0.359863
0.319091
0.662
0.662
0.662
0.662
0.662
0.662
0.121117
0.395342
0.662
0.247742
0.662
0.662
0.662
0.186362
0.662
0.21778
0.511307
0.662
0.662
0.455569
0.662
0.022851
0.244138
0.380923
0.662
0.662
0.475439
0.662
0.662
0.662
0.662
0.194707
0.662
0.157926
0.662
0.219287
0.113534
0.662
0.662
0.662
0.454468
0.662
0.662
0.662
0.662
0.0561511
0.178588
0.662
0.166033
0.662
0.00887833
0.662
0.662
0.662
0.662
0.365265
0.662
0.0392307
0.307836
0.145839
0.412578
0.0623052
0.144824
0.662
0.662
0.260978
0.662
0.662
0.322989
0.662
0.119123
0.662
0.662
0.662
0.662
0.662
0.662
0.0457503
0.439141
0.662
0.662
0.00886189
0.662
0.662
0.184114
0.122846
0.353739
0.662
0.662
0.662
0.0631727
0.662
0.662
0.0302849
0.662
0.662
0.662
0.662
0.662
0.46723
0.662
0.276602
0.662
0.462957
0.662
0.249048
0.237246
0.662
0.280071
0.662
0.20745
0.137715
0.00372104
0.662
0.662
0.409178
0.33381
0.662
0.662
0.529138
0.662
0.662
0.662
0.662
0.662
0.402978
0.662
0.662
0.662
0.662
0.662
0.662
0.25165
0.282583
0.273688
0.662
0.662
0.662
0.662
0.0670992
0.662
0.662
0.662
0.662
0.662
0.662
0.495675
0.108739
0.662
0.110603
0.662
0.662
0.085448
0.662
0.662
0.383925
0.470554
0.155041
0.662
0.194792
0.662
0.293415
0.31721
0.324431
0.183109
0.257923
0.302092
0.410457
0.0930762
0.662
0.404551
0.412662
0.478716
0.0846079
0.221315
0.662
0.662
0.371031
0.466593
0.247373
0.181377
0.496514
0.662
0.662
0.344381
0.662
0.0283171
0.662
0.662
0.227984
0.662
0.424745
0.662
0.662
0.248562
0.186411
0.00726553
0.662
0.662
0.662
0.662
0.281437
0.132877
0.0433221
0.662
0.662
0.620868
0.662
0.180034
0.338717
0.339864
0.662
0.662
0.662
0.662
0.662
0.662
0.0681321
0.207853
0.172117
0.662
0.662
0.662
0.0987659
0.662
0.662
0.662
0.662
0.662
0.0930933
0.662
0.662
0.662
0.662
0.662
0.386167
0.662
0.108051
0.662
0.662
0.662
0.662
0.062457
0.662
0.662
0.662
0.0634037
0.205819
0.106025
0.662
0.234706
0.662
0.662
0.329577
0.662
0.297092
0.406003
0.662
0.0567081
0.662
0.662
0.471315
0.662
0.662
0.662
0.662
0.318023
0.662
0.123598
0.00219438
0.00353887
0.282591
0.21451
0.217135
0.662
0.289767
0.662
0.389108
0.397704
0.594922
0.662
0.253081
0.662
0.662
0.298528
0.430577
0.662
0.662
0.0673312
0.662
0.662
0.662
0.662
0.662
0.662
0.662
0.211237
0.298394
0.662
0.35798
0.22408
0.662
0.0247571
0.662
0.662
0.662
0.0386326
0.294333
0.662
0.342435
0.319144
0.3874
0.662
0.662
0.662
0.00988251
0.662
0.662
0.662
0.210708
0.662
0.0469582
0.214523
0.229858
0.460832
0.662
0.130318
0.662
0.0891432
0.480249
0.662
0.37932
0.662
0.42003
0.126164
0.297793
0.662
0.379573
0.662
0.662
0.43254
0.211359
0.494946
0.662
0.662
0.662
0.662
0.174516
0.280214
0.662
0.468027
0.662
0.662
0.270163
0.662
0.662
0.662
0.662
0.662
0.662
0.0959527
0.662
0.662
0.662
0.405321
0.662
0.662
0.381481
0.380099
0.119507
0.662
0.00571079
0.662
0.662
0.400005
0.662
0.662
0.662
0.662
0.34746
0.0874425
0.223013
0.662
0.662
0.0943034
0.662
0.662
0.662
0.662
0.624991
0.268495
0.662
0.662
0.112916
0.426174
0.0638616
0.662
0.662
0.43113
0.662
0.662
0.386422
0.447637
0.662
0.662
0.380894
0.662
0.286263
0.662
0.362973
0.0874203
0.240909
0.662
0.313653
0.662
0.662
0.396594
0.662
0.328808
0.0878429
0.4154
0.0168991
0.662
0.662
0.662
0.220245
0.662
0.554682
0.0683429
0.384331
0.662
0.315304
0.662
0.00676456
0.662
0.188605
0.662
0.359147
0.662
0.662
0.662
0.134205
0.175419
0.662
0.662
0.662
0.432868
0.662
0.662
0.662
0.662
0.488536
0.662
0.662
0.232452
0.124355
0.662
0.662
0.327634
0.236205
0.662
0.662
0.434466
0.443864
0.662
0.662
0.135669
0.662
0.662
0.475358
0.662
0.118218
0.432098
0.0933961
0.0251107
0.662
0.662
0.662
0.516596
0.351321
0.662
0.205708
0.2113
0.566794
0.662
0.662
0.436244
0.115422
0.662
0.0611992
0.662
0.508174
0.242598
0.662
0.0623847
0.662
0.662
0.662
0.662
0.662
0.303308
0.662
0.194976
0.662
0.662
0.567692
0.317618
0.662
0.662
0.662
0.0500233
0.662
0.141766
0.39377
0.662
0.436623
0.662
0.0212929
0.662
0.185555
0.0792991
0.662
0.0671219
0.0535476
0.0897955
0.662
0.218955
0.361161
0.605656
0.502967
0.662
0.662
0.662
0.662
0.662
0.54293
0.350313
0.129035
0.261083
0.662
0.662
0.063471
0.436035
0.467281
0.662
0.662
0.662
0.662
0.662
0.662
0.646408
0.662
0.662
0.267004
0.662
0.158988
0.662
0.662
0.16811
0.13557
0.662
0.196664
0.662
0.662
0.165367
0.662
0.662
0.418636
0.662
0.262575
0.276089
0.132707
0.417947
0.105947
0.160421
0.212943
0.0755526
0.662
0.662
0.420963
0.0367882
0.662
0.100816
0.162338
0.662
0.301982
0.251121
0.431326
0.662
0.662
0.303984
0.662
0.662
0.441456
0.662
0.12645
0.662
0.662
0.662
0.433688
0.245544
0.161567
0.662
0.190873
0.662
0.662
0.662
0.388145
0.193611
0.369617
0.662
0.360775
0.662
0.20953
0.339117
0.662
0.0944687
0.38068
0.662
0.662
0.662
0.662
0.500557
0.293882
0.263585
0.662
0.662
0.662
0.409337
0.662
0.184232
0.476849
0.362489
0.662
0.662
0.319577
0.662
0.662
0.188006
0.429306
0.662
0.469179
0.424313
0.662
0.389676
0.662
0.662
0.662
0.528687
0.121184
0.662
0.662
0.662
0.662
0.662
0.489684
0.489752
0.662
0.662
0.662
0.662
0.662
0.416888
0.0344779
0.063936
0.346823
0.141299
0.662
0.464541
0.662
0.0347094
0.662
0.174154
0.46615
0.199152
0.0418203
0.662
0.662
0.662
0.20403
0.405599
0.662
0.462123
0.36621
0.609231
0.515496
0.384676
0.440151
0.662
0.0467806
0.123374
0.372598
0.662
0.662
0.328662
0.00995982
0.662
0.662
0.319746
0.662
0.662
0.0123003
0.0763201
0.662
0.662
0.662
0.662
0.662
0.285702
0.662
0.215
0.662
0.518311
0.237245
0.662
0.662
0.215319
0.662
0.662
0.662
0.662
0.207781
0.662
0.157227
0.341279
0.566138
0.237041
0.662
0.662
0.662
0.429951
0.429152
0.125257
0.662
0.5598
0.557014
0.281308
0.0827479
0.662
0.662
0.662
0.245937
0.280778
0.662
0.662
0.662
0.662
0.662
0.662
0.662
0.537997
0.662
0.662
0.662
0.662
0.662
0.662
0.392101
0.662
0.662
0.662
0.662
0.274727
0.662
0.0180163
0.662
0.662
0.294932
0.41262
0.392962
0.203349
0.662
0.449765
0.662
0.662
0.146341
0.047708
0.160724
0.662
0.662
0.321881
0.311126
0.410264
0.364267
0.662
0.119845
0.662
0.662
0.662
0.662
0.140343
0.662
0.228336
0.662
0.136024
0.25821
0.297318
0.662
0.662
0.162585
0.286593
0.329428
0.20002
0.374572
0.662
0.662
0.218555
0.662
0.662
0.662
0.662
0.441527
0.367015
0.662
0.662
0.662
0.662
0.662
0.189816
0.662
0.662
0.662
0.340377
0.662
0.662
0.662
0.662
0.662
0.662
0.291447
0.662
0.0627993
0.662
0.662
0.0661965
0.195127
0.662
0.0757809
0.285063
0.64652
0.662
0.394917
0.662
0.662
0.662
0.426769
0.384963
0.435261
0.662
0.662
0.662
0.374161
0.662
0.662
0.332053
0.477583
0.662
0.362688
0.422738
0.662
0.662
0.088535
0.662
0.662
0.118459
0.0770847
0.33806
0.662
0.414382
0.318008
