0.257628
0.36647
0.662
0.662
0.662
0.418738
0.662
0.662
0.662
0.662
0.662
0.662
0.235797
0.662
0.180028
0.369967
0.662
0.379715
0.292411
0.450728
0.192097
0.21397
0.662
0.662
0.662
0.662
0.662
0.662
0.662
0.240119
0.662
0.662
0.172923
0.662
0.662
0.00318859
0.160167
0.337647
0.285078
0.662
0.210853
0.266155
0.32478
0.662
0.662
0.662
0.662
0.662
0.468498
0.662
0.614295
0.384238
0.0346326
0.662
0.662
0.662
0.474739
0.555501
0.26534
0.459892
0.220406
0.662
0.46829
0.662
0.662
0.0450175
0.250681
0.662
0.662
0.662
0.662
0.401219
0.662
0.0911868
0.662
0.215935
0.334721
0.662
0.451429
0.262329
0.0248391
0.662
0.211589
0.662
0.662
0.662
0.662
0.322169
0.662
0.11822
0.0979936
0.358693
0.40189
0.662
0.331094
0.662
0.540542
0.662
0.662
0.0449005
0.0716992
0.662
0.532847
0.662
0.160618
0.34601
0.45293
0.314802
0.189115
0.370102
0.662
0.42322
0.662
0.662
0.662
0.155177
0.662
0.040295
0.038418
0.30327
0.463389
0.662
0.206308
0.662
0.0190352
0.662
0.662
0.662
0.662
0.662
0.662
0.662
0.279638
0.662
0.662
0.662
0.662
0.662
0.662
0.457031
0.662
0.662
0.4661
0.662
0.142532
0.662
0.209856
0.209072
0.468897
0.662
0.102189
0.662
0.662
0.662
0.0593513
0.662
0.0231868
0.662
0.343438
0.278516
0.0447955
0.0942913
0.0394893
0.662
0.316419
0.0770819
0.662
0.662
0.662
0.662
0.662
0.662
0.291978
0.420417
0.662
0.4421
0.662
0.318088
0.392877
0.468044
0.312699
0.662
0.508232
0.117138
0.400053
0.662
0.662
0.0234938
0.662
0.662
0.223227
0.662
0.662
0.417901
0.662
0.662
0.662
0.662
0.24989
0.662
0.049941
0.662
0.662
0.662
0.662
0.662
0.00863271
0.662
0.14313
0.621344
0.662
0.662
0.662
0.270661
0.180642
0.662
0.662
0.236054
0.662
0.539862
0.213319
0.662
0.229521
0.159103
0.254604
0.662
0.263577
0.27655
0.103256
0.662
0.275773
0.662
0.662
0.253924
0.41427
0.662
0.662
0.662
0.207057
0.662
0.0639979
0.232952
0.0404631
0.0877433
0.272421
0.433505
0.662
0.662
0.662
0.295781
0.145595
0.356032
0.662
0.662
0.662
0.662
0.662
0.662
0.168668
0.662
0.662
0.359574
0.662
0.662
0.662
0.0525764
0.662
0.317332
0.334204
0.662
0.662
0.662
0.662
0.358483
0.662
0.662
0.662
0.662
0.662
0.662
0.238322
0.0180278
0.21226
0.662
0.662
0.662
0.299579
0.0758895
0.33831
0.662
0.662
0.00473757
0.662
0.337296
0.354265
0.432565
0.346347
0.333113
0.427532
0.10234
0.388359
0.217334
0.648124
0.381425
0.662
0.134523
0.662
0.47468
0.662
0.662
0.662
0.333411
0.243739
0.662
0.132341
0.227145
0.358118
0.662
0.662
0.439029
0.662
0.529572
0.473575
0.0440942
0.662
0.0184547
0.313653
0.662
0.20791
0.662
0.662
0.662
0.42573
0.662
0.662
0.142194
0.5631
0.390739
0.437732
0.662
0.662
0.458214
0.158701
0.662
0.662
0.662
0.662
0.273929
0.662
0.281315
0.0511559
0.662
0.0914073
0.662
0.445731
0.157459
0.517433
0.146036
0.662
0.662
0.662
0.206449
0.662
0.419654
0.662
0.662
0.662
0.662
0.36832
0.111758
0.662
0.662
0.662
0.662
0.130099
0.13691
0.662
0.662
0.429502
0.662
0.662
0.0679672
0.096093
0.662
0.115094
0.156552
0.0944221
0.662
0.302902
0.662
0.386357
0.662
0.662
0.662
0.662
0.662
0.662
0.662
0.331425
0.438962
0.135402
0.216141
0.662
0.662
0.518607
0.662
0.0216558
0.662
0.0627123
0.275679
0.132853
0.315941
0.473298
0.662
0.662
0.662
0.662
0.662
0.662
0.00148252
0.662
0.448237
0.271875
0.30666
0.662
0.407692
0.259186
0.340204
0.100026
0.330175
0.662
0.662
0.662
0.24392
0.662
0.176395
0.249913
0.458718
0.662
0.0305927
0.662
0.662
0.662
0.395769
0.23926
0.662
0.280137
0.662
0.473925
0.17052
0.065583
0.662
0.662
0.126991
0.662
0.662
0.0317373
0.662
0.195881
0.662
0.476579
0.662
0.296163
0.324442
0.662
0.662
0.662
0.35316
0.662
0.662
0.662
0.126515
0.446616
0.662
0.662
0.662
0.662
0.662
0.662
0.447664
0.126813
0.662
0.662
0.00567142
0.662
0.662
0.662
0.428961
0.662
0.171352
0.662
0.662
0.199973
0.416171
0.662
0.662
0.327403
0.662
0.219181
0.517599
0.375693
0.662
0.427008
0.37143
0.662
0.0517448
0.403125
0.106689
0.168386
0.419339
0.132701
0.225849
0.662
0.468447
0.441757
0.662
0.662
0.662
0.662
0.153271
0.662
0.437912
0.662
0.662
0.662
0.0431297
0.389538
0.662
0.662
0.38807
0.662
0.361673
0.226005
0.212815
0.662
0.356519
0.662
0.110932
0.344411
0.118937
0.662
0.424663
0.0851154
0.488159
0.662
0.662
0.471282
0.098452
0.662
0.355727
0.113723
0.476965
0.285075
0.662
0.309329
0.0165103
0.662
0.264779
0.258031
0.463971
0.414272
0.0351303
0.20742
0.550268
0.43744
0.154833
0.0300052
0.229027
0.170547
0.662
0.424649
0.662
0.662
0.331732
0.662
0.662
0.605486
0.260209
0.183411
0.22234
0.662
0.662
0.662
0.154223
0.662
0.662
0.140804
0.0727861
0.662
0.074699
0.662
0.662
0.0781053
0.662
0.662
0.422785
0.0486891
0.662
0.232782
0.662
0.662
0.0657292
0.247671
0.662
0.662
0.2772
0.301428
0.454745
0.0912923
0.662
0.400045
0.0085689
0.159599
0.0526717
0.0819325
0.429853
0.662
0.662
0.662
0.662
0.662
0.662
0.662
0.373912
0.662
0.662
0.386596
0.662
0.192638
0.662
0.311583
0.662
0.265191
0.662
0.132794
0.230033
0.0267833
0.0896262
0.662
0.334488
0.662
0.662
0.662
0.429452
0.662
0.0765539
0.662
0.662
0.414557
0.305393
0.662
0.466258
0.662
0.662
0.466866
0.662
0.0535976
0.504105
0.446051
0.662
0.270413
0.264601
0.662
0.662
0.446644
0.662
0.371296
0.0110149
0.177092
0.50926
0.0652288
0.0997822
0.411808
0.662
0.19035
0.662
0.21197
0.662
0.306467
0.662
0.662
0.662
0.441257
0.662
0.600144
0.0224018
0.662
0.662
0.168928
0.662
0.270929
0.662
0.662
0.662
0.662
0.662
0.45756
0.133546
0.281968
0.662
0.241763
0.39481
0.662
0.662
0.662
0.662
0.662
0.662
0.348554
0.44157
0.599857
0.0780964
0.0614318
0.662
0.662
0.662
0.329496
0.662
0.662
0.662
0.662
0.662
0.662
0.662
0.662
0.662
0.662
0.0459223
0.0896516
0.662
0.662
0.0559714
0.303305
0.662
0.662
0.233401
0.332686
0.428104
0.265334
0.340756
0.662
0.662
0.0550952
0.662
0.204318
0.510266
0.662
0.263175
0.662
0.430992
0.171151
0.662
0.662
0.662
0.0487266
0.662
0.662
0.291106
0.271529
0.418171
0.258529
0.662
0.662
0.00742493
0.662
0.0170208
0.405563
0.426072
0.662
0.132608
0.662
0.467585
0.321008
0.33728
0.522507
0.597875
0.662
0.662
0.662
0.662
0.662
0.662
0.352106
0.455541
0.230496
0.321487
0.662
0.662
0.153518
0.662
0.224858
0.0577006
0.662
0.662
0.662
0.662
0.125388
0.662
0.0941089
0.662
0.662
0.662
0.662
0.662
0.400618
0.662
0.662
0.310425
0.662
0.662
0.662
0.498327
0.201158
0.371573
0.16407
0.662
0.0812961
0.662
0.662
0.662
0.057436
0.662
0.662
0.662
0.0439748
0.662
0.662
0.662
0.662
0.087501
0.662
0.116784
0.662
0.452476
0.662
0.662
0.234409
0.124912
0.662
0.157397
0.662
0.662
0.464708
0.662
0.662
0.662
0.646316
0.0760424
0.662
0.662
0.662
0.662
0.127351
0.662
0.662
0.662
0.662
0.662
0.44616
0.662
0.662
0.662
0.662
0.173386
0.203334
0.422499
0.523374
0.536893
0.662
0.662
0.134742
0.412839
0.662
0.387197
0.0768834
0.0822858
0.662
0.662
0.457625
0.332642
0.662
0.410399
0.662
0.137154
0.400242
0.189151
0.662
0.372839
0.662
0.297928
0.633693
0.662
0.662
0.662
0.662
0.154433
0.662
0.662
0.662
0.662
0.662
0.662
0.226405
0.662
0.15296
0.662
0.662
0.662
0.662
0.662
0.662
0.380554
0.662
0.0947338
0.662
0.427838
0.242276
0.452187
0.216458
0.662
0.282986
0.132522
0.357744
0.662
0.383084
0.662
0.506051
0.662
0.114718
0.0891491
0.662
0.662
0.662
0.662
0.085744
0.0248193
0.554476
0.662
0.662
0.18494
0.662
0.384091
0.662
0.662
0.662
0.662
0.662
0.662
0.253023
0.173121
0.154515
0.662
0.327007
0.141272
0.662
0.308637
0.482393
0.662
0.498635
0.662
0.40687
0.129898
0.383219
0.662
0.662
0.241943
0.502523
0.662
0.018121
0.442817
0.0437665
0.360672
0.442178
0.662
0.662
0.106471
0.28728
0.286199
0.149918
0.302352
0.662
0.662
0.202523
0.662
0.662
0.662
0.237105
0.151777
0.662
0.662
0.662
0.662
0.662
0.662
0.626474
0.662
0.662
0.662
0.157137
0.662
0.662
0.134595
0.662
0.662
0.329842
0.662
0.662
0.662
0.662
0.662
0.662
0.0643194
0.462093
0.556902
0.662
0.349176
0.662
0.662
0.466265
0.662
0.230067
0.662
0.662
0.662
0.51353
0.122218
0.662
0.255955
0.662
0.185084
0.0840884
0.244248
0.413165
0.288383
0.218258
0.414771
0.662
0.352418
0.10762
0.662
0.382255
0.0677906
0.662
0.662
0.270869
0.262887
0.338621
0.662
0.662
0.237196
0.0164369
0.0318959
0.311804
0.0905256
0.264765
0.475864
0.63339
0.662
0.662
0.43939
0.662
0.662
0.167074
0.309817
0.662
0.662
0.0375571
0.0153408
0.662
0.336473
0.145624
0.662
0.484764
0.461991
0.662
0.472933
0.662
0.431946
0.662
0.139779
0.432981
0.662
0.306994
0.662
0.662
0.30079
0.662
0.333047
0.662
0.662
0.662
0.662
0.0981198
0.662
0.205292
0.356607
0.662
0.662
0.0143863
0.662
0.662
0.662
0.0415753
0.393557
0.396594
0.140099
0.104469
0.662
0.17621
0.113028
0.119855
0.662
0.0213265
0.662
0.455951
0.662
0.662
0.662
0.662
0.662
0.662
0.062939
0.662
0.540377
0.662
0.662
0.0798365
0.662
0.159633
0.132558
0.662
0.0544502
0.662
0.662
0.437357
0.662
0.354751
0.662
0.662
0.0728173
0.309664
0.662
0.662
0.251879
0.399241
0.184209
0.354999
0.662
0.662
0.0596712
0.145811
0.662
0.662
0.662
0.423254
0.478426
0.662
0.662
0.304995
0.662
0.662
0.662
0.401959
0.354514
0.519121
0.229792
0.662
0.240597
0.285735
0.153762
0.377811
0.275408
0.662
0.419747
0.327723
0.662
0.662
0.662
0.662
0.662
0.350551
0.124195
0.662
0.0352254
0.209811
0.662
0.240605
0.662
0.662
0.662
0.662
0.662
0.662
0.662
0.256542
0.662
0.662
0.502709
0.0681135
0.662
0.662
0.463769
0.662
0.0154948
0.389141
0.63919
0.152364
0.662
0.662
0.189362
0.0777658
0.662
0.662
0.662
0.662
0.199207
0.662
0.0464618
0.462481
0.0754971
0.662
0.34769
0.426669
0.662
0.33367
0.208383
0.662
0.662
0.472935
0.380189
0.444436
0.0334881
0.662
0.662
0.662
0.662
0.37678
0.662
0.662
0.444362
0.0228043
0.662
0.662
0.122485
0.662
0.319217
0.662
0.185896
0.144939
0.368938
0.393735
0.630152
0.662
0.209239
0.662
0.182536
0.210273
0.662
0.322695
0.0763418
0.113063
0.0757321
0.662
0.0995519
0.372884
0.662
0.662
0.38129
0.235541
0.662
0.662
0.567348
0.662
0.304524
0.272467
0.662
0.662
0.662
0.261049
0.517053
0.662
0.205642
0.662
0.0280788
0.6351
0.45764
0.662
0.662
0.662
0.662
0.662
0.181523
0.197594
0.662
0.662
0.12918
0.662
0.662
0.146201
0.142014
0.0424484
0.662
0.0121821
0.662
0.662
0.662
0.662
0.0791692
0.662
0.662
0.13061
0.181184
0.662
0.15637
0.629706
0.164846
0.586304
0.266051
0.385637
0.662
0.662
0.551398
0.263749
0.662
0.662
0.422863
0.662
0.20424
0.662
0.23583
0.301987
0.441725
0.662
0.662
0.662
0.662
0.662
0.365944
0.662
0.466776
0.392604
0.18517
0.662
0.301113
0.152755
0.0574039
0.662
0.575581
0.662
0.583285
0.662
0.140002
0.432288
0.662
0.319051
0.0992317
0.409644
0.417286
0.662
0.662
0.061806
0.662
0.34905
0.662
0.662
0.662
0.103327
0.176603
0.662
0.662
0.662
0.328755
0.662
0.662
0.662
0.662
0.0664597
0.662
0.397513
0.662
0.662
0.546595
0.662
0.662
0.345086
0.662
0.277125
0.137089
0.199687
0.0449711
0.662
0.25388
0.662
0.416025
0.244226
0.662
0.327944
0.662
0.662
0.204422
0.662
0.662
0.207627
0.662
0.662
0.662
0.662
0.662
0.385425
0.414775
0.310093
0.662
0.662
0.662
0.30816
0.662
0.662
0.432588
0.131543
0.0366575
0.662
0.662
0.185693
0.220742
0.662
0.551294
0.662
0.428291
0.662
0.662
0.662
0.165505
0.662
0.662
0.662
0.164361
0.662
0.538101
0.662
0.662
0.662
0.662
0.175815
0.662
0.381332
0.662
0.397042
0.405663
0.401151
0.662
0.253821
0.255019
0.662
0.662
0.662
0.132035
0.568813
0.0283356
0.36805
0.504114
0.139592
0.662
0.190809
0.286376
0.662
0.0592913
0.662
0.033546
0.662
0.662
0.662
0.0687368
0.662
0.0857434
0.662
0.662
0.266423
0.148572
0.183951
0.463726
0.13494
0.185057
0.537445
0.16814
0.662
0.662
0.320236
0.662
0.662
0.294796
0.662
0.50345
0.157789
0.450745
0.662
0.662
0.106355
0.353853
0.280567
0.662
0.662
0.169656
0.662
0.179932
0.226145
0.178361
0.662
0.310396
0.0746574
0.511576
0.0934945
0.118404
0.258733
0.195617
0.662
0.0324416
0.662
0.454497
0.153969
0.662
0.0485522
0.662
0.662
0.463358
0.662
0.472528
0.347978
0.214311
0.662
0.662
0.0823922
0.426785
0.662
0.429436
0.243236
0.398869
0.0740165
0.438138
0.0298117
0.662
0.114552
0.662
0.23231
0.662
0.273328
0.207505
0.662
0.662
0.0490269
0.662
0.218215
0.104421
0.662
0.662
0.104376
0.662
0.0634524
0.662
0.246491
0.662
0.662
0.393435
0.291216
0.662
0.133584
0.662
0.662
0.662
0.0567841
0.662
0.0236629
0.322106
0.662
0.410301
0.42744
0.662
0.662
0.0747808
0.148891
0.662
0.0846827
0.114195
0.160081
0.662
0.662
0.236608
0.662
0.662
0.662
0.662
0.662
0.662
0.662
0.662
0.662
0.662
0.339748
0.662
0.662
0.128653
0.00213435
0.42991
0.662
0.662
0.609113
0.662
0.0797694
0.662
0.662
0.662
0.476387
0.662
0.178051
0.482388
0.370849
0.35373
0.223181
0.662
0.662
0.199944
0.662
0.662
0.662
0.445386
0.5475
0.662
0.467566
0.662
0.141761
0.627016
0.402943
0.662
0.1061
0.283626
0.192733
0.662
0.215919
0.209481
0.662
0.466303
0.228006
0.662
0.662
0.662
0.662
0.0209026
0.662
0.183959
0.662
0.474778
0.662
0.662
0.198966
0.423026
0.662
0.355123
0.662
0.411365
0.662
0.662
0.662
0.41187
0.212339
0.288399
0.662
0.662
0.662
0.662
0.393651
0.256944
0.448863
0.563091
0.246588
0.160924
0.662
0.389881
0.302989
0.662
0.114074
0.0595756
0.416598
0.662
0.362936
0.217892
0.662
0.662
0.662
0.662
0.0176113
0.107031
0.662
0.43503
0.498604
0.662
0.662
0.186278
0.662
0.4185
0.662
0.15882
0.247616
0.23178
0.662
0.662
0.205029
0.662
0.662
0.662
0.662
0.662
0.662
0.662
0.662
0.387986
0.0987619
0.275174
0.0880847
0.662
0.662
0.662
0.662
0.12401
0.144036
0.662
0.360017
0.662
0.0821002
0.662
0.662
0.0282136
0.662
0.662
0.662
0.662
0.440805
0.662
0.662
0.0788817
0.662
0.662
0.035362
0.662
0.140733
0.385179
0.0857534
0.502872
0.662
0.662
0.662
0.662
0.326093
0.662
0.662
0.45429
0.345756
0.662
0.662
0.438218
0.465186
0.662
0.662
0.662
0.662
0.662
0.0287675
0.662
0.420386
0.662
0.662
0.062792
0.662
0.662
0.0313519
0.124705
0.0977668
0.265535
0.0901771
0.193905
0.662
0.662
0.159668
0.243937
0.662
0.136369
0.174314
0.275663
0.662
0.254756
0.662
0.0031803
0.338632
0.282844
0.325545
0.487695
0.128729
0.662
0.0782304
0.117776
0.662
0.662
0.662
0.662
0.662
0.662
0.662
0.290226
0.662
0.662
0.662
0.117254
0.662
0.662
0.541116
0.662
0.583688
0.662
0.335329
0.662
0.482914
0.662
0.19124
0.662
0.662
0.33028
0.662
0.373198
0.662
0.662
0.213749
0.641973
0.662
0.662
0.662
0.662
0.662
0.14178
0.140447
0.620695
0.575326
0.662
0.662
0.662
0.318554
0.417047
0.662
0.253223
0.662
0.0795858
0.662
0.469081
0.662
0.662
0.662
0.662
0.303891
0.229236
0.662
0.308928
0.662
0.662
0.662
0.32717
0.267723
0.198787
0.460363
0.181446
0.662
0.662
0.662
0.0527839
0.662
0.662
0.201778
0.390063
0.336573
0.662
0.662
0.662
0.662
0.662
0.662
0.515085
0.217436
0.662
0.0713983
0.232366
