0.192851
0.662
0.110932
0.662
0.662
0.500875
0.662
0.662
0.662
0.418171
0.428988
0.662
0.662
0.662
0.662
0.662
0.568682
0.163105
0.35519
0.144658
0.363247
0.449859
0.662
0.151852
0.265123
0.662
0.662
0.662
0.0250598
0.0485522
0.662
0.662
0.202523
0.662
0.662
0.662
0.662
0.216458
0.0543151
0.662
0.662
0.662
0.662
0.662
0.369967
0.662
0.662
0.339698
0.310396
0.662
0.662
0.0172908
0.662
0.156446
0.226647
0.662
0.425591
0.152027
0.662
0.0780964
0.205642
0.0511416
0.0370743
0.403745
0.560595
0.662
0.598463
0.662
0.12454
0.662
0.662
0.662
0.240476
0.662
0.405663
0.00473501
0.662
0.662
0.0127475
0.662
0.575065
0.106355
0.23178
0.662
0.662
0.281134
0.416631
0.662
0.662
0.662
0.255401
0.553399
0.662
0.662
0.662
0.0619055
0.421169
0.193595
0.366364
0.277217
0.0657292
0.247222
0.385822
0.662
0.355359
0.662
0.662
0.662
0.0742989
0.662
0.662
0.662
0.662
0.152298
0.662
0.662
0.0670943
0.431801
0.392132
0.44418
0.662
0.662
0.419119
0.0664597
0.168271
0.0867779
0.662
0.298511
0.0987168
0.662
0.449181
0.662
0.662
0.662
0.662
0.0922037
0.315139
0.199808
0.382459
0.203878
0.408133
0.107947
0.377176
0.0934945
0.129602
0.662
0.662
0.601459
0.662
0.662
0.662
0.339045
0.662
0.538932
0.444436
0.662
0.144842
0.662
0.222779
0.662
0.114574
0.662
0.662
0.662
0.662
0.380554
0.662
0.662
0.662
0.255585
0.662
0.662
0.592778
0.351196
0.662
0.382439
0.162386
0.662
0.662
0.662
0.33122
0.142593
0.662
0.662
0.0828973
0.662
0.145383
0.662
0.662
0.325809
0.338197
0.148572
0.662
0.353725
0.301987
0.0756283
0.625226
0.540917
0.662
0.20742
0.662
0.19803
0.662
0.662
0.109903
0.358823
0.062939
0.241599
0.662
0.662
0.236577
0.141763
0.662
0.109997
0.662
0.0945596
0.662
0.662
0.662
0.271875
0.209854
0.662
0.662
0.662
0.138562
0.662
0.662
0.307089
0.342547
0.662
0.428413
0.662
0.124536
0.620522
0.662
0.662
0.662
0.126813
0.33244
0.460891
0.165879
0.662
0.662
0.370628
0.662
0.114016
0.662
0.0143313
0.662
0.662
0.662
0.662
0.662
0.662
0.141515
0.662
0.662
0.662
0.140796
0.662
0.662
0.662
0.662
0.290894
0.662
0.459324
0.662
0.327746
0.662
0.236996
0.0877131
0.197712
0.0567841
0.431946
0.662
0.662
0.317807
0.113672
0.662
0.0440275
0.662
0.662
0.662
0.337647
0.662
0.146311
0.473255
0.338482
0.662
0.662
0.282919
0.662
0.662
0.354514
0.320226
0.662
0.662
0.662
0.662
0.662
0.159826
0.36927
0.662
0.253924
0.379591
0.258733
0.662
0.550645
0.316419
0.292997
0.662
0.662
0.662
0.00318891
0.662
0.662
0.662
0.335653
0.226029
0.352351
0.662
0.394583
0.248732
0.221019
0.186075
0.662
0.614295
0.0855254
0.662
0.662
0.00473757
0.309721
0.662
0.0511559
0.0667714
0.662
0.662
0.220434
0.175441
0.159818
0.425207
0.662
0.398337
0.662
0.662
0.662
0.662
0.149415
0.287211
0.662
0.343467
0.662
0.454997
0.494401
0.367438
0.662
0.111217
0.662
0.662
0.358558
0.662
0.571379
0.662
0.662
0.662
0.251797
0.24407
0.458363
0.662
0.662
0.662
0.0605287
0.662
0.662
0.476238
0.662
0.295295
0.662
0.536893
0.277682
0.358056
0.381704
0.662
0.662
0.524213
0.156059
0.287714
0.148212
0.662
0.0568368
0.662
0.251321
0.662
0.662
0.463055
0.662
0.662
0.0283356
0.662
0.662
0.662
0.662
0.258
0.662
0.662
0.662
0.282991
0.662
0.242176
0.574711
0.662
0.133208
0.662
0.0330234
0.662
0.662
0.662
0.662
0.269104
0.662
0.662
0.299786
0.431897
0.154894
0.102211
0.662
0.662
0.223958
0.662
0.662
0.662
0.662
0.38603
0.397474
0.662
0.0445959
0.662
0.662
0.662
0.0942913
0.140099
0.191619
0.662
0.662
0.0688908
0.453464
0.662
0.0300052
0.662
0.662
0.662
0.268336
0.662
0.504562
0.662
0.508933
0.662
0.662
0.0175523
0.662
0.400533
0.662
0.261079
0.465025
0.203284
0.662
0.259523
0.429154
0.662
0.483083
0.601743
0.166887
0.12343
0.662
0.662
0.662
0.662
0.662
0.662
0.209072
0.662
0.428338
0.155453
0.142532
0.662
0.662
0.662
0.200265
0.662
0.47814
0.662
0.662
0.318088
0.662
0.259102
0.393735
0.396755
0.270773
0.662
0.0512447
0.662
0.662
0.034561
0.254756
0.662
0.00537359
0.662
0.662
0.662
0.662
0.434628
0.662
0.662
0.0919936
0.10711
0.662
0.662
0.439476
0.401765
0.662
0.662
0.564724
0.662
0.662
0.662
0.662
0.220897
0.662
0.199394
0.662
0.662
0.662
0.662
0.15324
0.445728
0.662
0.662
0.0490269
0.139779
0.402606
0.662
0.112274
0.375993
0.662
0.270152
0.662
0.397513
0.662
0.662
0.662
0.39245
0.334721
0.662
0.662
0.472471
0.318251
0.662
0.662
0.662
0.662
0.215935
0.212143
0.390242
0.370395
0.101213
0.0526717
0.368215
0.662
0.396023
0.662
0.205234
0.0374326
0.395274
0.00179868
0.662
0.303072
0.325835
0.254932
0.473575
0.662
0.662
0.662
0.547342
0.257972
0.0514711
0.662
0.122707
0.662
0.662
0.570907
0.263522
0.662
0.662
0.232255
0.440805
0.330784
0.195154
0.468724
0.662
0.0691947
0.662
0.200096
0.137492
0.662
0.662
0.0963459
0.454406
0.208414
0.662
0.662
0.662
0.662
0.662
0.662
0.662
0.0299121
0.662
0.588391
0.471282
0.662
0.213742
0.662
0.175106
0.245734
0.662
0.339199
0.662
0.463628
0.324385
0.662
0.662
0.662
0.662
0.662
0.500238
0.662
0.228
0.662
0.662
0.662
0.662
0.249393
0.474739
0.662
0.190745
0.662
0.0329224
0.183831
0.662
0.662
0.662
0.662
0.0143863
0.156859
0.436573
0.38137
0.194757
0.662
0.267886
0.413165
0.380083
0.662
0.386491
0.146294
0.662
0.11231
0.38511
0.214677
0.159422
0.283241
0.662
0.662
0.328881
0.44341
0.662
0.432376
0.441204
0.256093
0.630152
0.662
0.662
0.615535
0.662
0.662
0.662
0.0187434
0.662
0.662
0.662
0.474778
0.377652
0.190176
0.662
0.662
0.213543
0.50926
0.662
0.257631
0.141272
0.450688
0.262661
0.662
0.662
0.662
0.116066
0.662
0.26766
0.323282
0.394683
0.103888
0.339382
0.0997822
0.377811
0.547359
0.0160978
0.4838
0.662
0.11727
0.662
0.200858
0.323233
0.662
0.036206
0.662
0.662
0.196705
0.662
0.182293
0.451065
0.416361
0.281811
0.0393241
0.662
0.662
0.0700071
0.484984
0.662
0.204528
0.662
0.49212
0.434673
0.662
0.176317
0.662
0.662
0.356103
0.153762
0.662
0.218614
0.662
0.108892
0.259581
0.662
0.112392
0.662
0.662
0.0535976
0.198787
0.0774049
0.497551
0.662
0.176395
0.103327
0.407495
0.662
0.662
0.662
0.662
0.662
0.662
0.378289
0.180152
0.662
0.0918386
0.478175
0.662
0.568813
0.662
0.662
0.0105464
0.334886
0.633391
0.450306
0.662
0.0777446
0.662
0.249296
0.234409
0.662
0.343682
0.353214
0.662
0.14178
0.213098
0.662
0.630774
0.662
0.662
0.296205
0.382995
0.392016
0.154423
0.265485
0.0932062
0.459892
0.370364
0.662
0.662
0.662
0.662
0.662
0.662
0.490751
0.662
0.662
0.415539
0.662
0.310093
0.460935
0.662
0.384891
0.662
0.662
0.662
0.133546
0.662
0.556902
0.384238
0.343643
0.445731
0.662
0.0085689
0.392538
0.662
0.00349213
0.389838
0.224553
0.662
0.466258
0.34769
0.662
0.662
0.662
0.405422
0.341585
0.662
0.297886
0.662
0.400325
0.662
0.662
0.307768
0.476621
0.662
0.325002
0.662
0.438606
0.252169
0.662
0.264882
0.464638
0.363496
0.662
0.662
0.290842
0.46432
0.200849
0.44679
0.662
0.382791
0.230579
0.662
0.662
0.662
0.662
0.662
0.099446
0.21422
0.662
0.37143
0.662
0.662
0.662
0.662
0.438422
0.662
0.662
0.662
0.662
0.0900605
0.333491
0.662
0.221174
0.322497
0.662
0.662
0.23193
0.662
0.038919
0.662
0.112114
0.662
0.662
0.338046
0.662
0.662
0.662
0.662
0.662
0.453753
0.124757
0.229142
0.662
0.662
0.662
0.0805084
0.662
0.301113
0.662
0.662
0.662
0.0629007
0.424649
0.455541
0.662
0.662
0.662
0.662
0.662
0.0896262
0.117138
0.181944
0.662
0.662
0.25573
0.382861
0.0405343
0.204705
0.662
0.0688275
0.662
0.662
0.662
0.553065
0.194018
0.662
0.662
0.662
0.344608
0.662
0.662
0.662
0.662
0.376125
0.0680458
0.315651
0.662
0.298787
0.662
0.452321
0.18038
0.662
0.147654
0.482263
0.33028
0.662
0.227903
0.152562
0.662
0.662
0.0248193
0.662
0.38068
0.575581
0.662
0.354751
0.662
0.300721
0.662
0.4168
0.609113
0.387734
0.662
0.268932
0.455625
0.662
0.238105
0.662
0.292617
0.0171421
0.662
0.164683
0.662
0.662
0.662
0.662
0.662
0.202871
0.662
0.662
0.30327
0.280888
0.662
0.662
0.662
0.662
0.662
0.662
0.662
0.662
0.662
0.26091
0.662
0.662
0.070077
0.662
0.294796
0.662
0.315548
0.0298676
0.0755809
0.188323
0.662
0.142364
0.662
0.0614027
0.643524
0.235175
0.662
0.662
0.631855
0.662
0.00713102
0.18397
0.43214
0.472522
0.662
0.662
0.137787
0.55799
0.662
0.662
0.417901
0.288568
0.662
0.429853
0.662
0.662
0.360259
0.662
0.17931
0.365873
0.43186
0.471934
0.662
0.200574
0.662
0.662
0.178213
0.160868
0.662
0.662
0.662
0.662
0.662
0.662
0.128604
0.662
0.662
0.662
0.469308
0.662
0.56392
0.662
0.013135
0.662
0.267033
0.00343842
0.268186
0.174123
0.662
0.662
0.472276
0.402317
0.662
0.662
0.662
0.515085
0.662
0.662
0.305835
0.18084
0.351058
0.662
0.132035
0.662
0.662
0.63361
0.283731
0.662
0.426011
0.662
0.662
0.662
0.20636
0.662
0.662
0.0824946
0.228528
0.662
0.662
0.0228994
0.662
0.159599
0.662
0.662
0.662
0.662
0.124417
0.662
0.0811786
0.165215
0.204333
0.662
0.662
0.662
0.279565
0.0486891
0.171223
0.30382
0.444376
0.662
0.0895146
0.106349
0.0760424
0.482388
0.662
0.662
0.161296
0.662
0.188875
0.133181
0.662
0.662
0.269831
0.662
0.662
0.662
0.393186
0.263708
0.662
0.275254
0.662
0.257475
0.314037
0.38404
0.662
0.421023
0.662
0.662
0.0685462
0.662
0.662
0.22869
0.438687
0.662
0.385046
0.662
0.662
0.662
0.662
0.662
0.221829
0.662
0.205505
0.662
0.32083
0.338022
0.662
0.662
0.662
0.263749
0.659046
0.662
0.305178
0.290549
0.422785
0.662
0.662
0.193573
0.292875
0.130099
0.662
0.662
0.662
0.41259
0.258497
0.662
0.662
0.662
0.662
0.662
0.662
0.327181
0.048622
0.209844
0.0253652
0.662
0.662
0.0294641
0.328033
0.0214
0.129145
0.662
0.662
0.662
0.135723
0.662
0.662
0.235865
0.252419
0.662
0.336573
0.662
0.662
0.662
0.662
0.646316
0.197454
0.460881
0.662
0.662
0.178051
0.423339
0.662
0.123248
0.130569
0.397801
0.340589
0.662
0.662
0.662
0.359606
0.662
0.2884
0.662
0.662
0.662
0.233882
0.662
0.662
0.662
0.662
0.00786204
0.662
0.662
0.662
0.662
0.343359
0.662
0.0557885
0.662
0.662
0.530732
0.662
0.662
0.0768834
0.662
0.144386
0.465719
0.662
0.0304315
0.662
0.662
0.441589
0.398815
0.662
0.662
0.662
0.662
0.461096
0.298144
0.662
0.282085
0.099862
0.232223
0.630188
0.662
0.662
0.662
0.662
0.662
0.168306
0.662
0.662
0.662
0.662
0.0704753
0.662
0.093151
0.662
0.662
0.662
0.662
0.422329
0.662
0.662
0.4185
0.662
0.116535
0.662
0.419874
0.00304556
0.425676
0.662
0.662
0.231562
0.662
0.262457
0.662
0.069918
0.117806
0.143285
0.587503
0.662
0.0324416
0.463575
0.662
0.662
0.245605
0.662
0.662
0.662
0.294569
0.365386
0.306588
0.662
0.445955
0.603044
0.385557
0.308834
0.163375
0.233102
0.440131
0.662
0.662
0.662
0.366365
0.662
0.662
0.153249
0.327723
0.662
0.662
0.662
0.102023
0.662
0.662
0.163904
0.662
0.662
0.0214271
0.662
0.662
0.662
0.662
0.662
0.662
0.183673
0.662
0.662
0.438862
0.0894604
0.662
0.662
0.662
0.31137
0.459869
0.514774
0.662
0.241433
0.662
0.662
0.662
0.00386864
0.0627123
0.334432
0.39808
0.662
0.16785
0.662
0.13494
0.243054
0.662
0.183185
0.662
0.372884
0.662
0.662
0.662
0.145739
0.576962
0.596313
0.662
0.662
0.368992
0.662
0.662
0.0348414
0.112806
0.425117
0.518606
0.662
0.662
0.0979936
0.662
0.589816
0.662
0.458043
0.662
0.474472
0.189812
0.557299
0.662
0.662
0.3986
0.662
0.662
0.662
0.316498
0.662
0.662
0.366831
0.490917
0.662
0.662
0.322092
0.243937
0.313653
0.264571
0.0447767
0.324289
0.662
0.662
0.107031
0.10202
0.662
0.662
0.662
0.662
0.413403
0.549249
0.096093
0.359251
0.662
0.662
0.662
0.458469
0.662
0.662
0.662
0.195617
0.0215492
0.662
0.662
0.662
0.44616
0.00214698
0.258856
0.662
0.662
0.463637
0.662
0.466801
0.662
0.662
0.457824
0.662
0.0271427
0.662
0.364936
0.662
0.270042
0.428662
0.178361
0.230496
0.662
0.103272
0.115661
0.248733
0.607148
0.662
0.662
0.356271
0.662
0.195343
0.662
0.662
0.662
0.662
0.662
0.662
0.332986
0.37123
0.218725
0.662
0.122927
0.662
0.662
0.662
0.460473
0.662
0.662
0.14167
0.662
0.662
0.462491
0.0496369
0.274578
0.662
0.538101
0.662
0.662
0.662
0.13691
0.195702
0.148503
0.662
0.179122
0.403319
0.0165103
0.662
0.662
0.662
0.575733
0.0365208
0.372646
0.211589
0.11593
0.259051
0.377484
0.662
0.485403
0.662
0.410301
0.299501
0.662
0.388635
0.468498
0.662
0.428019
0.0856945
0.277941
0.331094
0.662
0.662
0.0534814
0.662
0.662
0.399903
0.0767718
0.238206
0.662
0.23583
0.662
0.252358
0.416973
0.662
0.662
0.662
0.56965
0.662
0.0473823
0.0755207
0.662
0.107866
0.374528
0.47992
0.311583
0.114698
0.662
0.138975
0.662
0.662
0.662
0.662
0.212724
0.662
0.662
0.339535
0.0908833
0.62897
0.185275
0.224858
0.662
0.359196
0.662
0.662
0.0582946
0.662
0.662
0.198119
0.662
0.662
0.38183
0.354025
0.0702668
0.440085
0.445813
0.52453
0.662
0.31281
0.662
0.662
0.662
0.00996756
0.662
0.662
0.662
0.0212354
0.309411
0.297928
0.171151
0.109548
0.662
0.296178
0.225122
0.192866
0.304576
0.39313
0.662
0.662
0.662
0.535875
0.430799
0.662
0.662
0.308499
0.662
0.662
0.216842
0.662
0.285075
0.662
0.187633
0.132816
0.662
0.0319141
0.662
0.270053
0.381959
0.22583
0.662
0.227145
0.662
0.662
0.234367
0.662
0.260745
0.101609
0.662
0.0728173
0.335862
0.662
0.0275305
0.00905397
0.662
0.662
0.30842
0.196128
0.662
0.662
0.662
0.0198678
0.662
0.0655346
0.477133
0.662
0.662
0.431359
0.116942
0.490127
0.662
0.400835
0.324442
0.662
0.319273
0.432837
0.532645
0.263217
0.429431
0.0499563
0.662
0.662
0.662
0.42872
0.662
0.662
0.662
0.61145
0.662
0.662
0.662
0.662
0.662
0.402337
0.662
0.662
0.662
0.662
0.662
0.421678
0.433562
0.662
0.16407
0.662
0.662
0.662
0.62897
0.310939
0.338581
0.414771
0.662
0.452187
0.662
0.662
0.152253
0.365637
0.662
0.0899744
0.662
0.662
0.207628
0.0329768
0.244531
0.296149
0.662
0.662
0.662
0.0717248
0.35757
0.662
0.384449
0.662
0.454495
0.662
0.175913
0.0930336
0.269659
0.662
0.662
0.193905
0.662
0.662
0.662
0.344758
0.383858
0.662
0.219197
0.26488
0.662
0.0457862
0.662
0.662
0.662
0.45293
0.336155
0.662
0.0670003
0.326813
0.662
0.662
0.612375
0.269698
0.662
0.376889
0.33043
0.0153408
0.340004
0.234726
0.467822
0.662
0.301368
0.473163
0.290717
0.662
0.410132
0.662
0.247549
0.209296
0.446508
0.662
0.122791
0.400931
0.662
0.0645628
0.662
0.662
0.192581
0.504719
0.662
0.662
0.662
0.19035
0.429927
0.662
0.662
0.662
0.46507
0.339864
0.662
0.51624
0.289568
0.0867468
0.662
0.662
0.662
0.662
0.662
0.195846
0.662
0.0525552
0.293587
0.214223
0.662
0.662
0.662
0.387976
0.0857434
0.662
0.662
0.662
0.662
0.476387
0.662
0.159437
0.465835
0.0742263
0.45133
0.662
0.201753
0.662
0.662
0.606464
0.662
0.662
0.662
0.05825
0.30106
0.662
0.0523448
0.168766
0.0496019
0.662
0.662
0.662
0.662
0.0758895
0.191107
0.265402
0.662
0.159823
0.476817
0.216
0.450126
0.662
0.0777658
0.662
0.662
0.21307
0.373961
0.662
0.393435
0.662
0.662
0.662
0.662
0.662
0.221293
0.662
0.454064
0.662
0.000742256
0.662
0.151408
0.662
0.195918
0.286094
0.662
0.496577
0.662
0.662
0.134014
0.662
0.662
0.662
0.162982
0.662
0.662
0.662
0.662
0.0459937
0.457557
0.473928
0.387395
0.662
0.122443
0.662
0.662
0.662
0.662
0.662
0.662
0.662
0.662
0.374894
0.662
0.662
0.662
0.662
0.418843
0.215108
0.662
0.662
0.210011
0.300643
0.373036
0.662
0.662
0.662
0.662
0.662
0.662
0.485455
0.29481
0.355159
0.662
0.662
0.249847
0.0065591
0.476579
0.662
0.0458422
0.662
0.662
0.0305939
0.139794
0.217264
0.662
0.144813
0.662
0.662
0.218258
0.283545
0.662
0.662
0.200464
0.548432
0.662
0.311804
0.599919
0.115413
0.168719
0.132947
0.662
0.025938
0.448681
0.289726
0.481132
0.233019
0.662
0.662
0.662
0.662
0.662
0.662
0.491854
0.535781
0.662
0.662
0.662
0.662
0.460601
0.662
0.124156
0.662
0.662
0.662
0.662
0.662
0.662
0.662
0.662
0.169347
0.390544
0.255838
0.662
0.389893
0.662
0.164846
0.662
0.662
0.662
0.662
0.662
0.61895
0.164361
0.662
0.636761
0.662
0.662
0.108091
0.459616
0.662
0.662
0.246128
0.662
0.662
0.662
0.139777
0.173121
0.115891
0.662
0.28055
0.0697666
0.662
0.662
0.662
0.283638
0.662
0.662
0.662
0.036933
0.0827684
0.471298
0.662
0.310425
0.12235
0.275463
0.662
0.333464
0.662
0.662
0.19185
0.662
0.662
0.662
0.662
0.210947
0.662
0.662
0.662
0.355533
0.00242889
0.662
0.658563
0.00742493
0.219187
0.662
0.443407
0.662
0.134335
0.192692
0.662
0.428291
0.262913
0.286224
0.662
0.662
0.301962
0.662
0.465579
0.358118
0.662
0.662
0.146036
0.395193
0.0930886
0.662
0.662
0.662
0.0426962
0.662
0.662
0.662
0.662
0.662
0.216951
0.261894
0.662
0.336473
0.249975
0.662
0.0594156
0.346097
0.565043
0.662
0.662
0.200597
0.238387
0.161482
0.662
0.449049
0.313043
0.662
0.0687368
0.465303
0.0440942
0.662
0.443105
0.662
0.0235462
0.662
0.662
0.662
0.662
0.662
0.662
0.662
0.144589
0.131731
0.662
0.00218672
0.43534
0.662
0.327411
0.506771
0.385637
0.662
0.662
0.662
0.662
0.662
0.165098
0.662
0.662
0.298579
0.662
0.662
0.166052
0.163524
0.297947
0.0472088
0.465968
0.0396984
0.662
0.165792
0.272467
0.503346
0.662
0.662
0.41728
0.662
0.243088
0.662
0.0641419
0.0346326
0.387679
0.662
0.662
0.662
0.662
0.403485
0.029345
0.468447
0.662
0.662
0.662
0.662
0.662
0.260357
0.662
0.446532
0.662
0.662
0.662
0.440374
0.328755
0.662
0.662
0.476965
0.662
0.315346
0.662
0.204318
0.662
0.490454
0.662
0.0643194
0.662
0.58871
0.464686
0.238755
0.281556
0.082101
0.273924
0.662
0.375693
0.662
0.662
0.662
0.662
0.662
0.662
0.25051
0.493813
0.379676
0.662
0.420385
0.494999
0.662
0.662
0.407624
0.662
0.203747
0.662
0.662
0.662
0.662
0.207057
0.0312332
0.2773
0.662
0.662
0.662
0.662
0.662
0.662
0.662
0.449508
0.639424
0.662
0.662
0.662
0.424663
0.0851154
0.662
0.662
0.662
0.190423
0.662
0.0552848
0.648124
0.662
0.662
0.662
0.662
0.662
0.390459
0.11972
0.662
0.48852
0.472935
0.094942
0.208778
0.295277
0.662
0.662
0.662
0.372839
0.6351
0.662
0.140311
0.237791
0.50464
0.662
0.662
0.662
0.234277
0.139923
0.662
0.622178
0.363403
0.662
0.0763418
0.452476
0.662
0.662
0.662
0.109372
0.557818
0.662
0.662
0.0412867
0.0955497
0.12918
0.662
0.662
0.312352
0.662
0.450107
0.103901
0.662
0.260667
0.022535
0.179833
0.662
0.114074
0.662
0.662
0.211944
0.662
0.662
0.662
0.477492
0.433352
0.109048
0.662
0.662
0.219511
0.662
0.0791268
0.0740165
0.469081
0.662
0.216787
0.662
0.662
0.0254458
0.429204
0.237105
0.151777
0.0480185
0.0281805
0.355274
0.662
0.522843
0.474632
0.353248
0.307232
0.662
0.377838
0.102429
0.0231868
0.662
0.30777
0.402094
0.662
0.169656
0.426066
0.587667
0.100715
0.105539
0.662
0.0206606
0.662
0.3892
0.246297
0.651163
0.422545
0.113976
0.662
0.504068
0.29799
0.410823
