0.0684825
0.662
0.662
0.390208
0.339032
0.662
0.138913
0.482003
0.0840208
0.662
0.189816
0.662
0.411232
0.662
0.12988
0.394728
0.481448
0.126725
0.0986494
0.662
0.662
0.662
0.662
0.61004
0.0283171
0.314646
0.0938445
0.310501
0.319648
0.138731
0.662
0.435108
0.662
0.662
0.662
0.125257
0.229162
0.425815
0.275893
0.662
0.662
0.662
0.662
0.204543
0.380639
0.662
0.391596
0.261326
0.662
0.257431
0.662
0.662
0.217332
0.662
0.196696
0.662
0.662
0.156075
0.662
0.296447
0.42298
0.662
0.662
0.662
0.662
0.662
0.662
0.634937
0.340515
0.375794
0.0439861
0.662
0.0860121
0.371025
0.0465573
0.209445
0.662
0.0319807
0.662
0.662
0.00939389
0.662
0.291027
0.0387962
0.662
0.662
0.381671
0.297092
0.662
0.476002
0.662
0.267398
0.387664
0.479144
0.662
0.662
0.662
0.471789
0.229858
0.662
0.301982
0.0807315
0.662
0.662
0.662
0.662
0.0580746
0.662
0.381897
0.475477
0.282459
0.662
0.280071
0.414794
0.278398
0.378097
0.204662
0.280056
0.662
0.568139
0.213
0.662
0.662
0.662
0.0704375
0.25181
0.462286
0.662
0.662
0.302072
0.141187
0.344487
0.279871
0.1021
0.662
0.662
0.662
0.662
0.232101
0.662
0.662
0.250907
0.0623302
0.189676
0.238704
0.206156
0.140051
0.662
0.662
0.662
0.662
0.465877
0.218555
0.662
0.333167
0.662
0.662
0.324837
0.332744
0.42442
0.220674
0.418735
0.0387921
0.480446
0.662
0.0693142
0.00556188
0.120125
0.662
0.662
0.662
0.662
0.662
0.252712
0.0530177
0.212089
0.135827
0.662
0.662
0.413603
0.0465437
0.662
0.662
0.0189928
0.451017
0.662
0.662
0.400937
0.204601
0.107561
0.662
0.662
0.184372
0.275682
0.144232
0.569588
0.52024
0.662
0.662
0.206914
0.662
0.1164
0.653854
0.135318
0.662
0.662
0.0495119
0.0289928
0.257449
0.242505
0.662
0.285509
0.131126
0.662
0.246731
0.0788486
0.0763201
0.662
0.211052
0.662
0.332707
0.405599
0.662
0.662
0.321207
0.662
0.234077
0.120492
0.662
0.662
0.662
0.662
0.662
0.324162
0.269203
0.00219438
0.662
0.247742
0.161019
0.31207
0.252097
0.662
0.108235
0.118551
0.366959
0.662
0.662
0.662
0.241274
0.340945
0.662
0.662
0.662
0.231209
0.197962
0.662
0.662
0.662
0.221289
0.662
0.662
0.0535476
0.662
0.662
0.0784522
0.270371
0.662
0.487981
0.662
0.237951
0.0911157
0.12645
0.558551
0.662
0.242604
0.662
0.662
0.662
0.662
0.0540571
0.0719966
0.662
0.662
0.662
0.662
0.238803
0.350662
0.662
0.340393
0.662
0.297318
0.306415
0.448352
0.121525
0.346117
0.0431138
0.662
0.662
0.662
0.137774
0.662
0.662
0.662
0.662
0.662
0.38137
0.389762
0.662
0.407598
0.662
0.273688
0.499194
0.662
0.662
0.329577
0.662
0.662
0.662
0.662
0.27077
0.424364
0.662
0.162331
0.662
0.662
0.352473
0.152257
0.662
0.662
0.40245
0.662
0.186937
0.662
0.662
0.400346
0.662
0.043233
0.662
0.662
0.662
0.662
0.372918
0.662
0.662
0.453569
0.662
0.662
0.212943
0.662
0.264304
0.662
0.662
0.662
0.662
0.662
0.662
0.285399
0.662
0.395379
0.183054
0.662
0.3637
0.662
0.662
0.662
0.434243
0.662
0.372515
0.662
0.662
0.3887
0.662
0.0364538
0.662
0.662
0.662
0.662
0.662
0.270084
0.51935
0.146326
0.662
0.29364
0.429792
0.662
0.662
0.476695
0.360584
0.662
0.0675613
0.313266
0.662
0.349689
0.0935641
0.089792
0.662
0.411428
0.0128918
0.0263495
0.662
0.135421
0.400005
0.406204
0.00753243
0.293928
0.100816
0.662
0.271124
0.375232
0.662
0.280214
0.662
0.418453
0.662
0.0867617
0.396594
0.297866
0.662
0.135729
0.0423126
0.662
0.0411321
0.242725
0.662
0.662
0.257999
0.393672
0.296364
0.255159
0.662
0.662
0.277857
0.260705
0.0492738
0.42797
0.0676665
0.201104
0.662
0.191442
0.662
0.662
0.662
0.205474
0.336019
0.662
0.423822
0.143752
0.662
0.662
0.367215
0.037581
0.424928
0.662
0.394358
0.0706054
0.285063
0.241654
0.023633
0.662
0.57362
0.662
0.662
0.0424311
0.662
0.662
0.662
0.662
0.662
0.0544103
0.297525
0.455014
0.221301
0.662
0.662
0.207781
0.511307
0.662
0.591619
0.424668
0.0446786
0.662
0.288404
0.188881
0.3657
0.145211
0.22614
0.0115387
0.435597
0.229239
0.662
0.0988984
0.0730964
0.450906
0.662
0.662
0.662
0.662
0.211802
0.115166
0.191631
0.0226293
0.662
0.662
0.662
0.662
0.662
0.282583
0.662
0.662
0.0470907
0.662
0.662
0.662
0.141397
0.414382
0.297241
0.662
0.319746
0.662
0.662
0.314455
0.662
0.0959398
0.662
0.105947
0.301497
0.662
0.662
0.368709
0.203145
0.22946
0.662
0.163524
0.587127
0.662
0.662
0.373233
0.662
0.662
0.662
0.662
0.662
0.662
0.29253
0.662
0.662
0.662
0.119507
0.203737
0.662
0.662
0.368776
0.662
0.662
0.615241
0.443006
0.0662168
0.662
0.662
0.345639
0.500048
0.376745
0.337973
0.662
0.662
0.209081
0.662
0.42576
0.395552
0.662
0.093239
0.352625
0.100932
0.240006
0.30055
0.197491
0.492941
0.244856
0.662
0.662
0.662
0.447014
0.323506
0.428621
0.038216
0.662
0.662
0.662
0.0391149
0.281365
0.662
0.0994207
0.662
0.433004
0.662
0.662
0.662
0.431032
0.662
0.387802
0.662
0.0639527
0.662
0.662
0.662
0.0508401
0.231574
0.662
0.662
0.363656
0.662
0.350284
0.247722
0.461396
0.662
0.055571
0.469833
0.662
0.024106
0.662
0.662
0.0891838
0.662
0.662
0.16036
0.662
0.443045
0.662
0.386075
0.662
0.662
0.47069
0.328959
0.662
0.662
0.662
0.00965351
0.662
0.662
0.662
0.0144214
0.0808082
0.662
0.229456
0.272333
0.192113
0.662
0.291002
0.060444
0.662
0.662
0.508268
0.662
0.662
0.339195
0.324188
0.662
0.222859
0.231363
0.092742
0.662
0.662
0.157899
0.0338925
0.662
0.662
0.068877
0.143216
0.662
0.20953
0.662
0.662
0.662
0.328662
0.445863
0.402253
0.662
0.662
0.662
0.147542
0.662
0.291736
0.100184
0.662
0.154028
0.662
0.461121
0.662
0.662
0.662
0.415593
0.261375
0.219305
0.662
0.340377
0.662
0.455569
0.662
0.0537883
0.662
0.662
0.1931
0.377842
0.662
0.147934
0.662
0.662
0.662
0.250853
0.176542
0.662
0.0392805
0.16147
0.662
0.662
0.662
0.662
0.662
0.0632208
0.239538
0.0048111
0.438713
0.156718
0.356575
0.0693277
0.662
0.662
0.662
0.662
0.662
0.353404
0.662
0.662
0.662
0.382422
0.662
0.662
0.202781
0.662
0.662
0.00349613
0.000938464
0.662
0.150347
0.613202
0.305416
0.361508
0.662
0.592379
0.662
0.662
0.662
0.662
0.402281
0.520642
0.662
0.662
0.662
0.662
0.185456
0.431683
0.46897
