0.662
0.662
0.662
0.662
0.520642
0.314646
0.662
0.662
0.447134
0.438713
0.392831
0.494722
0.275084
0.662
0.662
0.662
0.662
0.176397
0.414794
0.662
0.662
0.662
0.662
0.40929
0.662
0.0180163
0.662
0.1021
0.176542
0.662
0.662
0.662
0.662
0.662
0.662
0.14295
0.662
0.429792
0.201104
0.662
0.178913
0.291653
0.662
0.478774
0.662
0.662
0.372515
0.455014
0.662
0.633391
0.662
0.0704375
0.211052
0.278398
0.662
0.232902
0.341725
0.361746
0.42576
0.311114
0.662
0.231395
0.662
0.244529
0.662
0.662
0.12864
0.240006
0.0508401
0.662
0.271124
0.121902
0.31207
0.461699
0.662
0.206953
0.138913
0.662
0.662
0.439915
0.662
0.423822
0.143752
0.662
0.284598
0.662
0.662
0.443006
0.662
0.0678381
0.473504
0.662
0.0048111
0.204675
0.662
0.0583198
0.047708
0.662
0.031274
0.662
0.662
0.465877
0.446361
0.254223
0.20953
0.662
0.28599
0.375232
0.662
0.248442
0.150347
0.662
0.662
0.270371
0.662
0.381897
0.662
0.662
0.662
0.662
0.662
0.662
0.662
0.277857
0.662
0.202781
0.662
0.252712
0.217332
0.0289928
0.0818212
0.662
0.449695
0.231363
0.662
0.662
0.16036
0.662
0.257999
0.662
0.662
0.662
0.405247
0.119507
0.662
0.662
0.402253
0.0115387
0.634937
0.662
0.662
0.662
0.479966
0.662
0.587127
0.0503598
0.662
0.336019
0.387802
0.662
0.662
0.45762
0.662
0.275682
0.662
0.662
0.445863
0.662
0.662
0.136982
0.135827
0.135729
0.662
0.213
0.00753243
0.662
0.375013
0.0387962
0.147934
0.662
0.436808
0.662
0.662
0.297241
0.381964
0.192113
0.662
0.352625
0.662
0.662
0.662
0.662
0.662
0.0497467
0.0911157
0.662
0.185456
0.139169
0.662
0.44514
0.662
0.662
0.306415
0.307403
0.0867617
0.340945
0.662
0.662
0.431683
0.662
0.662
0.662
0.662
0.137908
0.16147
0.122846
0.417756
0.662
0.391822
0.662
0.108542
0.662
0.106605
0.569588
0.347743
0.135746
0.297318
0.241403
0.662
0.662
0.662
0.662
0.662
0.148053
0.296447
0.662
0.662
0.662
0.662
0.330301
0.062984
0.662
0.662
0.396354
0.389762
0.038216
0.662
0.662
0.662
0.0623302
0.61004
0.662
0.662
0.114711
0.662
0.0639527
0.662
0.50327
0.481011
0.662
0.662
0.31662
0.662
0.662
0.42797
0.456299
0.434243
0.0860121
0.184646
0.106675
0.662
0.662
0.662
0.662
0.662
0.662
0.662
0.191442
0.662
0.435108
0.662
0.433246
0.662
0.662
0.662
0.206156
0.662
0.00939389
0.662
0.662
0.212089
0.280056
0.662
0.191631
0.662
0.332653
0.662
0.375794
0.662
0.068877
0.662
0.59749
0.662
0.0540571
0.0683429
0.0024047
0.154284
0.3657
0.180733
0.662
0.137036
0.115166
0.418086
0.441471
0.0139211
0.662
0.662
0.405599
0.662
0.662
0.662
0.211802
0.256679
0.464695
0.662
0.383962
0.662
0.190957
0.662
0.662
0.0662168
0.662
0.559724
0.662
0.429216
0.662
0.535609
0.471789
0.0364538
0.368372
0.662
0.662
0.662
0.662
0.662
0.662
0.662
0.0154138
0.662
0.662
0.662
0.662
0.662
0.662
0.662
0.306576
0.324837
0.662
0.435597
0.093239
0.184748
0.319
0.242604
0.331023
0.662
0.662
0.662
0.662
0.080566
0.460625
0.662
0.558551
0.229208
0.662
0.421523
0.411232
0.231209
0.662
0.351118
0.369605
0.134612
0.662
0.448361
0.431032
0.662
0.346117
0.3637
0.023633
0.662
0.662
0.191293
0.535331
0.144008
0.662
0.00965351
0.662
0.662
0.662
0.662
0.137774
0.382254
0.662
0.15253
0.662
0.360584
0.189071
0.29364
0.00219438
0.662
0.366959
0.275893
0.662
0.662
0.662
0.662
0.221289
0.591619
0.662
0.662
0.662
0.662
0.662
0.662
0.592379
0.108235
0.662
0.662
0.0321826
0.175969
0.142617
0.662
0.312608
0.340393
0.147542
0.533539
0.662
0.662
0.643851
0.259777
0.238803
0.662
0.662
0.241654
0.0424311
0.100184
0.411428
0.662
0.515705
0.0891838
0.0730964
0.195909
0.662
0.662
0.0788486
0.662
0.353087
0.0936665
0.299611
0.662
0.662
0.662
0.662
0.416024
0.258861
0.296364
0.662
0.662
0.662
0.428621
0.662
0.391596
0.662
0.311844
0.662
0.662
0.171961
0.662
0.662
0.662
0.662
0.38137
0.662
0.254174
0.662
0.662
0.662
0.220674
0.662
0.349689
0.662
0.662
0.662
0.662
0.20677
0.662
0.0249173
0.254849
0.662
0.662
0.662
0.662
0.662
0.662
0.0719966
0.211199
0.25138
0.187211
0.345647
0.662
0.662
0.0446786
0.662
0.662
0.107561
0.451017
0.340515
0.662
0.662
0.270084
0.314572
0.662
0.0226293
0.662
0.662
0.353404
0.269203
0.000938464
0.662
0.0283171
0.0689089
0.662
0.662
0.297498
0.662
0.199086
0.1164
0.520442
0.662
0.41433
0.662
0.137467
0.662
0.662
0.419275
0.662
0.197962
0.508268
0.500048
0.662
0.662
0.662
0.662
0.358664
0.662
0.662
0.662
0.662
0.371217
0.380639
0.412193
0.662
0.250853
0.0532793
0.187109
0.25181
0.662
0.662
0.662
0.662
0.424364
0.0986494
0.662
0.662
0.143216
0.662
0.0808082
0.662
0.662
0.368203
0.662
0.662
0.3413
0.384337
0.662
0.662
0.662
0.377842
0.469833
0.662
0.037581
0.662
0.662
0.662
0.662
0.0535476
0.662
0.430913
0.662
0.267087
0.662
0.662
0.662
0.0580746
0.480443
0.159773
0.448352
0.662
0.662
0.279871
0.662
0.662
0.662
0.462897
0.662
0.662
0.662
0.662
0.260411
0.662
0.00556188
0.291027
0.662
0.120492
0.662
0.662
0.0623286
0.662
0.0343765
0.662
0.0938445
0.613202
0.662
0.662
0.0431138
0.662
0.218555
0.151628
0.242505
0.662
0.0391149
0.662
0.0319807
0.0969788
0.453569
0.450906
0.435111
0.662
0.416496
0.662
0.662
0.662
0.662
0.662
0.662
0.372918
0.662
0.400346
0.461396
0.662
0.425815
0.662
0.662
0.662
0.024106
0.662
0.259076
0.616526
0.662
