0.662
0.298528
0.324431
0.662
0.110879
0.0698959
0.662
0.100184
0.662
0.0846079
0.662
0.662
0.21381
0.662
0.662
0.662
0.662
0.0297351
0.0226294
0.563132
0.133611
0.104581
0.0433186
0.662
0.28046
0.662
0.358775
0.662
0.662
0.662
0.662
0.19567
0.0623847
0.662
0.662
0.662
0.0212929
0.662
0.662
0.662
0.427135
0.662
0.662
0.404551
0.662
0.566781
0.281365
0.662
0.219287
0.662
0.471315
0.123374
0.662
0.141187
0.662
0.202781
0.239441
0.185456
0.662
0.436459
0.662
0.362489
0.662
0.662
0.662
0.140214
0.223013
0.494946
0.662
0.662
0.435108
0.108051
0.409337
0.21451
0.26152
0.662
0.0844877
0.662
0.136024
0.0191195
0.662
0.662
0.662
0.662
0.662
0.662
0.662
0.103521
0.662
0.261386
0.662
0.416888
0.662
0.402281
0.662
0.361161
0.34746
0.264304
0.662
0.157227
0.319091
0.0693277
0.662
0.379573
0.662
0.662
0.293882
0.662
0.662
0.662
0.155041
0.662
0.662
0.662
0.662
0.662
0.246731
0.662
0.662
0.662
0.0998964
0.662
0.662
0.364289
0.662
0.0260333
0.662
0.512561
0.594922
0.662
0.662
0.662
0.161567
0.5598
0.662
0.662
0.0935641
0.624991
0.197962
0.662
0.662
0.662
0.483415
0.161005
0.467281
0.095086
0.662
0.662
0.662
0.0763201
0.662
0.237246
0.662
0.662
0.662
0.609231
0.362688
0.662
0.267004
0.662
0.662
0.662
0.365973
0.662
0.662
0.662
0.337389
0.662
0.662
0.033705
0.444129
0.662
0.662
0.662
0.662
0.316002
0.31721
0.28055
0.662
0.662
0.0676665
0.241654
0.135669
0.515496
0.662
0.662
0.0470907
0.662
0.357556
0.662
0.237271
0.662
0.662
0.662
0.662
0.479386
0.327634
0.662
0.442299
0.662
0.176225
0.662
0.662
0.662
0.662
0.662
0.662
0.662
0.662
0.388068
0.361338
0.662
0.662
0.0247571
0.662
0.542401
0.662
0.411712
0.252195
0.662
0.662
0.429951
0.662
0.662
0.662
0.662
0.30907
0.662
0.662
0.319746
0.662
0.0930933
0.455569
0.662
0.662
0.662
0.396594
0.63339
0.480249
0.329577
0.277709
0.662
0.280071
0.662
0.662
0.662
0.662
0.511307
0.401207
0.662
0.0638616
0.249048
0.662
0.662
0.166033
0.145839
0.662
0.418627
0.662
0.662
0.0286626
0.662
0.662
0.218555
0.0663512
0.47587
0.662
0.662
0.662
0.662
0.183109
0.318008
0.662
0.437402
0.662
0.278548
0.363656
0.662
0.218415
0.662
0.662
0.662
0.662
0.475439
0.662
0.329428
0.662
0.380099
0.662
0.662
0.477482
0.259397
0.135827
0.662
0.594746
0.248267
0.126725
0.662
0.662
0.161595
0.527896
0.662
0.662
0.501281
0.662
0.662
0.662
0.536073
0.662
0.662
0.662
0.662
0.662
0.4003
0.386422
0.662
0.662
0.372918
0.242598
0.662
0.211359
0.662
0.662
0.349543
0.662
0.662
0.662
0.662
0.662
0.662
0.662
0.662
0.186292
0.662
0.662
0.662
0.20953
0.662
0.662
0.321881
0.434243
0.0367976
0.662
0.662
0.662
0.662
0.662
0.41464
0.472115
0.0123003
0.305425
0.0446786
0.115166
0.662
0.240957
0.662
0.662
0.662
0.243292
0.662
0.265606
0.386167
0.323194
0.00957804
0.464574
0.662
0.442479
0.662
0.3874
0.0567081
0.335026
0.33255
0.0368063
0.662
0.662
0.662
0.662
0.662
0.167818
0.37932
0.662
0.662
0.535769
0.265415
0.151846
0.546551
0.662
0.662
0.43113
0.596822
0.662
0.172832
0.0392805
0.662
0.662
0.662
0.186937
0.187211
0.15205
0.662
0.125312
0.134612
0.662
0.405599
0.184232
0.476849
0.662
0.662
0.662
0.34033
0.662
0.301982
0.662
0.274727
0.662
0.063936
0.662
0.662
0.022851
0.662
0.372424
0.662
0.662
0.662
0.0709626
0.468027
0.338314
0.241864
0.372598
0.22408
0.662
0.662
0.662
0.386729
0.193335
0.662
0.662
0.662
0.662
0.141158
0.4173
0.280214
0.662
0.662
0.341279
0.662
0.433004
0.662
0.302092
0.662
0.29253
0.662
0.662
0.223488
0.274536
0.627701
0.662
0.662
0.662
0.420963
0.371025
0.392902
0.662
0.662
0.662
0.662
0.662
0.662
0.36621
0.429306
0.662
0.0469582
0.344487
0.207799
0.101992
0.39377
0.662
0.662
0.662
0.662
0.662
0.662
0.662
0.662
0.662
0.662
0.662
0.371486
0.662
0.662
0.644067
0.301743
0.362903
0.662
0.662
0.662
0.240006
0.0237811
0.422738
0.662
0.662
0.0116637
0.126024
0.189816
0.26138
0.662
0.140133
0.414382
0.662
0.368776
0.186659
0.662
0.662
0.662
0.63339
0.207781
0.662
0.134205
0.221301
0.662
0.479371
0.317444
0.662
0.662
0.662
0.662
0.16811
0.662
0.132877
0.186362
0.114581
0.286263
0.662
0.662
0.539319
0.662
0.662
0.232494
0.662
0.189873
0.662
0.405321
0.0391149
0.662
0.662
0.25165
0.662
0.135421
0.0943034
0.662
0.662
0.0734159
0.662
0.466593
0.662
0.662
0.171191
0.662
0.662
0.662
0.662
0.214527
0.662
0.662
0.662
0.244138
0.328798
0.388673
0.662
0.112916
0.489851
0.662
0.662
0.0433221
0.662
0.340563
0.340377
0.662
0.297793
0.106956
0.662
0.392647
0.164959
0.0347094
0.107582
0.662
0.662
0.311126
0.662
0.662
0.3887
0.662
0.0188474
0.222087
0.0296943
0.424928
0.662
0.662
0.662
0.662
0.662
0.662
0.130969
0.047708
0.300614
0.662
0.489684
0.257999
0.662
0.356544
0.662
0.662
0.0987659
0.662
0.0288011
0.662
0.662
0.662
0.180156
0.234523
0.446809
0.662
0.592937
0.662
0.662
0.432098
0.662
0.662
0.662
0.662
0.273688
0.328662
0.662
0.662
0.208135
0.662
0.662
0.0832221
0.229858
0.662
0.662
0.662
0.262575
0.662
0.662
0.470554
0.662
0.662
0.662
0.662
0.662
0.00988251
0.108739
0.287279
0.662
0.662
0.350313
0.662
0.662
0.662
0.662
0.662
0.0248549
0.662
0.662
0.119507
0.384676
0.662
0.662
0.115422
0.662
0.662
0.662
0.325659
0.242936
0.465157
0.662
0.662
0.662
0.662
0.662
0.248562
0.062457
0.662
0.221172
0.662
0.662
0.662
0.662
0.148575
0.662
0.662
0.662
0.229314
0.215319
0.662
0.219463
0.662
0.365387
0.662
0.165367
0.662
0.0874425
0.662
0.662
0.261003
0.460832
0.662
0.023633
0.662
0.463912
0.662
0.293505
0.662
0.662
0.662
0.662
0.415637
0.295005
0.662
0.137715
0.662
0.662
0.322441
0.296866
0.662
0.305609
0.000581738
0.0283171
0.662
0.662
0.662
0.228613
0.00506686
0.496514
0.0137106
0.477838
0.662
0.662
0.46615
0.662
0.662
0.662
0.346823
0.662
0.327006
0.412578
0.0406934
0.662
0.662
0.662
0.662
0.662
0.662
0.175852
0.662
0.2223
0.348548
0.662
0.00219438
0.190255
0.00676456
0.0720504
0.571404
0.662
0.000521727
0.662
0.326697
0.662
0.662
0.281577
0.46897
0.391837
0.662
0.381481
0.41262
0.662
0.161651
0.662
0.410257
0.0131228
0.662
0.0623052
0.178483
0.662
0.231209
0.662
0.383739
0.662
0.662
0.351321
0.350284
0.321388
0.662
0.662
0.662
0.662
0.0718537
0.662
0.662
0.383925
0.662
0.662
0.580017
0.662
0.662
0.280778
0.214523
0.662
0.453314
0.662
0.294516
0.4154
0.662
0.0226293
0.307836
0.662
0.216028
0.285702
0.125257
0.662
0.662
0.0387921
0.0120029
0.662
0.662
0.662
0.137774
0.409178
0.662
0.662
0.0535476
0.394917
0.662
0.662
0.117511
0.424313
0.662
0.662
0.662
0.59572
0.154694
0.662
0.662
0.0611992
0.315304
0.488371
0.157926
0.043233
0.662
0.662
0.662
0.325606
0.662
0.662
0.662
0.662
0.662
0.293242
0.221315
0.662
0.662
0.110603
0.375794
0.662
0.662
0.10913
0.662
0.107924
0.542215
0.662
0.183054
0.662
0.662
0.662
0.407598
0.662
0.297092
0.662
0.633694
0.10788
0.462957
0.662
0.662
0.662
0.605656
0.662
0.662
0.0897955
0.662
0.367015
0.662
0.662
0.0115387
0.337918
0.662
0.662
0.117633
0.662
0.662
0.0770847
0.212943
0.662
0.662
0.662
0.662
0.662
0.184867
0.486863
0.662
0.662
0.095746
0.662
0.662
0.3201
0.662
0.361841
0.662
0.662
0.662
0.121184
0.662
0.662
0.121117
0.662
0.204662
0.260978
0.368787
0.220245
0.283902
0.291447
0.662
0.662
0.662
0.315186
0.662
0.662
0.662
0.0168991
0.20745
0.662
0.521145
0.662
0.662
0.662
0.46259
0.297318
0.662
0.662
0.662
0.662
0.662
0.364502
0.662
0.106814
0.662
0.443864
0.2113
0.662
0.467248
0.418636
0.662
0.293928
0.402978
