0.16122
0.201556
0.635224
0.078479
0.662
0.471392
0.331757
0.236016
0.662
0.662
0.662
0.662
0.377903
0.662
0.662
0.481111
0.0428774
0.435749
0.320214
0.662
0.662
0.344322
0.463997
0.662
0.092712
0.662
0.662
0.662
0.314067
0.662
0.662
0.662
0.662
0.556804
0.662
0.574253
0.0961084
0.662
0.287401
0.0775791
0.190127
0.248679
0.426427
0.662
0.476775
0.138548
0.662
0.662
0.662
0.191919
0.0825529
0.662
0.662
0.289416
0.251219
0.662
0.403319
0.283829
0.20828
0.662
0.662
0.662
0.662
0.164016
0.471299
0.662
0.420306
0.662
0.29674
0.416832
0.439253
0.428912
0.220015
0.662
0.662
0.286688
0.662
0.662
0.662
0.662
0.662
0.207388
0.194279
0.198589
0.225972
0.662
0.662
0.159976
0.662
0.662
0.662
0.662
0.395819
0.334563
0.263496
0.662
0.428767
0.662
0.662
0.662
0.662
0.662
0.225052
0.557828
0.662
0.662
0.662
0.662
0.458011
0.662
0.662
0.662
0.341158
0.662
0.662
0.662
0.495144
0.662
0.662
0.662
0.45056
0.662
0.481799
0.45055
0.662
0.414207
0.662
0.662
0.662
0.275824
0.44505
0.430414
0.662
0.0336119
0.662
0.662
0.662
0.191785
0.662
0.662
0.43179
0.662
0.19975
0.0580793
0.282931
0.217411
0.662
0.662
0.662
0.662
0.0788929
0.662
0.0682599
0.662
0.113247
0.214881
0.148331
0.662
0.662
0.226492
0.0549875
0.39223
0.0609702
0.071064
0.662
0.0549866
0.217999
0.475817
0.662
0.662
0.662
0.283754
0.101082
0.467498
0.662
0.662
0.662
0.662
0.662
0.662
0.662
0.662
0.662
0.354272
0.662
0.662
0.662
0.44029
0.367316
0.662
0.662
0.662
0.357916
0.0717249
0.23958
0.312657
0.662
0.662
0.228751
0.662
0.27743
0.240951
0.0113036
0.662
0.103822
0.174376
0.662
0.296163
0.544918
0.662
0.662
0.662
0.662
0.662
0.662
0.662
0.662
0.348784
0.272385
0.662
0.451243
0.41997
0.0649383
0.662
0.662
0.445972
0.340787
0.285272
0.368657
0.172923
0.327832
0.288109
0.212048
0.662
0.340065
0.662
0.662
0.662
0.365901
0.136061
0.662
0.662
0.0451482
0.662
0.188877
0.00460061
0.306819
0.054071
0.662
0.247188
0.450183
0.662
0.304104
0.662
0.185166
0.662
0.311538
0.0110482
0.662
0.662
0.140718
0.662
0.662
0.395288
0.662
0.00984323
0.32181
0.662
0.295069
0.164754
0.0101522
0.397943
0.407524
0.662
0.662
0.662
0.29216
0.336749
0.0934363
0.29999
0.662
0.316513
0.662
0.301082
0.662
0.662
0.662
0.0514774
0.429473
0.662
0.392072
0.662
0.283834
0.662
0.662
0.440103
0.0514175
0.420877
0.662
0.288914
0.302516
0.662
0.662
0.662
0.662
0.662
0.407111
0.662
0.230047
0.290274
0.662
0.662
0.269373
0.315327
0.0819014
0.662
0.662
0.431478
0.454287
0.375343
0.662
0.662
0.354686
0.662
0.662
0.248015
0.662
0.45013
0.662
0.0985028
0.431544
0.662
0.369367
0.338524
0.662
0.287587
0.662
0.247309
0.662
0.662
0.169633
0.662
0.16884
0.246764
0.662
0.0863885
0.34648
0.134716
0.388705
0.662
0.451081
0.662
0.0777462
0.662
0.662
0.662
0.662
0.473616
0.463829
0.662
0.662
0.605551
0.134212
0.662
0.662
0.555535
0.662
0.376252
0.662
0.662
0.662
0.662
0.662
0.662
0.662
0.662
0.233464
0.662
0.654584
0.662
0.473787
0.662
0.662
0.307364
0.0924411
0.662
0.267217
0.662
0.662
0.401293
0.162533
0.662
0.662
0.662
0.314479
0.439073
0.55479
0.459701
0.0380123
0.662
0.662
0.417609
0.662
0.662
0.246461
0.462847
0.15798
0.662
0.662
0.662
0.662
0.662
0.0098409
0.376273
0.662
0.167613
0.176238
0.662
0.662
0.662
0.662
0.219856
0.662
0.550055
0.460725
0.662
0.662
0.662
0.325868
0.0771046
0.662
0.267888
0.662
0.286634
0.662
0.137981
0.486338
0.25161
0.662
0.662
0.237595
0.662
0.418787
0.662
0.449232
0.662
0.662
0.236825
0.662
0.662
0.492916
0.662
0.662
0.662
0.662
0.662
0.104455
0.432865
0.481355
0.662
0.662
0.662
0.662
0.189955
0.191554
0.662
0.662
0.662
0.348163
0.662
0.248519
0.662
0.117394
0.662
0.662
0.172908
0.662
0.662
0.662
0.662
0.662
0.238857
0.0229418
0.662
0.285589
0.662
0.217217
0.662
0.210922
0.45202
0.00307169
0.246599
0.369278
0.101359
0.662
0.249162
0.404352
0.108613
0.662
0.662
0.662
0.272233
0.662
0.662
0.662
0.662
0.662
0.662
0.518181
0.459868
0.662
0.662
0.662
0.662
0.176516
0.305559
0.468717
0.105622
0.662
0.662
0.662
0.128292
0.662
0.319235
0.352218
0.247921
0.662
0.662
0.662
0.662
0.662
0.312389
0.280756
0.32028
0.662
0.45992
0.662
0.147503
0.662
0.142768
0.225785
0.55509
0.662
0.0388486
0.250126
0.474204
0.662
0.436895
0.125919
0.662
0.662
0.0441786
0.454827
0.183675
0.662
0.201827
0.375197
0.662
0.662
0.662
0.662
0.549647
0.662
0.662
0.662
0.662
0.662
0.662
0.46595
0.662
0.238612
0.244645
0.662
0.662
0.662
0.534941
0.062098
0.662
0.662
0.41878
0.390156
0.662
0.662
0.36857
0.662
0.42126
0.662
0.0218979
0.662
0.662
0.326225
0.662
0.662
0.662
0.662
0.662
0.340482
0.0714238
0.662
0.662
0.278185
0.488133
0.235966
0.662
0.392125
0.662
0.137013
0.662
0.662
0.662
0.662
0.0767325
0.662
0.662
0.662
0.662
0.662
0.0163509
0.662
0.662
0.236457
0.260271
0.319395
0.320633
0.113346
0.0395415
0.017096
0.155585
0.662
0.662
0.428108
0.662
0.662
0.437171
0.138814
0.662
0.184208
0.573829
0.662
0.662
0.204363
0.258745
0.662
0.662
0.404153
0.662
0.457449
0.367778
0.446627
0.662
0.662
0.294651
0.662
0.445318
0.299286
0.662
0.140761
0.14316
0.218359
0.662
0.662
0.354656
0.662
0.662
0.662
0.662
0.21162
0.406138
0.375783
0.251839
0.662
0.016483
0.00723382
0.662
0.407546
0.662
0.662
0.662
0.662
0.00360702
0.662
0.662
0.094163
0.495848
0.375443
0.254277
0.662
0.114797
0.662
0.662
0.300607
0.212891
0.662
0.539017
0.290495
0.662
0.394604
0.37568
0.662
0.149379
0.662
0.662
0.662
0.662
0.216642
0.257981
0.169947
0.662
0.662
0.10494
0.662
0.346954
0.0832469
0.488327
0.662
0.662
0.343562
0.191227
0.662
0.178732
0.662
0.662
0.662
0.26931
0.662
0.662
0.662
0.662
0.662
0.662
0.662
0.359603
0.16645
0.662
0.10494
0.662
0.662
0.662
0.260468
0.241927
0.662
0.14197
0.662
0.263939
0.662
0.44777
0.613162
0.00203945
0.120098
0.662
0.595084
0.183806
0.662
0.0486703
0.662
0.662
0.662
0.466469
0.351744
0.662
0.662
0.662
0.662
0.0907269
0.0478929
0.662
0.424032
0.225264
0.662
0.0468724
0.662
0.344737
0.520157
0.244213
0.325699
0.308633
0.662
0.662
0.096097
0.662
0.662
0.662
0.662
0.662
0.662
0.662
0.434304
0.662
0.461201
0.4406
0.662
0.413515
0.662
0.662
0.167405
0.662
0.662
0.427391
0.662
0.019651
0.452902
0.356891
0.662
0.416097
0.0630029
0.662
0.662
0.662
0.662
0.473962
0.477561
0.256623
0.263034
0.662
0.0475652
0.463556
0.662
0.662
0.220537
0.662
0.662
0.662
0.662
0.389402
0.662
0.0517509
0.662
0.662
0.188448
0.662
0.662
0.662
0.0908083
0.662
0.426515
0.322842
0.473698
0.264978
0.456159
0.353901
0.179112
0.334937
0.662
0.662
0.662
0.662
0.403179
0.0504469
0.568925
0.662
0.324453
0.662
0.530976
0.366395
0.425785
0.131628
0.292839
0.169612
0.353942
0.662
0.662
0.229791
0.374422
0.426061
0.429753
0.662
0.662
0.0141373
0.482008
0.662
0.662
0.234018
0.662
0.662
0.409488
0.167878
0.397987
0.188825
0.662
0.662
0.662
0.378743
0.419337
0.286786
0.662
0.147655
0.319747
0.437746
0.662
0.662
0.292712
0.269161
0.325129
0.484413
0.662
0.662
0.228446
0.662
0.239465
0.375292
0.143067
0.662
0.382123
0.172429
0.399481
0.243241
0.662
0.333873
0.662
0.662
0.662
0.337329
0.153632
0.662
0.662
0.225561
0.348598
0.0720803
0.305075
0.662
0.144251
0.662
0.420575
0.274429
0.296147
0.219141
0.474011
0.225399
0.0824583
0.464573
0.419757
0.662
0.662
0.053135
0.147041
0.410316
0.0468713
0.662
0.662
0.256216
0.662
0.662
0.411603
0.662
0.662
0.0153943
0.662
0.319857
0.449049
0.244484
0.615341
0.662
0.662
0.482255
0.0216282
0.150083
0.222488
0.662
0.398843
0.662
0.662
0.421655
0.662
0.22004
0.125767
0.0136427
0.662
0.662
0.329791
0.662
0.232343
0.524343
0.0671877
0.0568205
0.662
0.396419
0.398678
0.225117
0.0228059
0.662
0.448483
0.662
0.662
0.433234
0.0514466
0.39838
0.662
0.344385
0.662
0.662
0.662
0.662
0.662
0.662
0.662
0.251664
0.339408
0.235568
0.449866
0.662
0.274283
0.662
0.662
0.662
0.163869
0.662
0.662
0.231789
0.662
0.0797479
0.662
0.508784
0.27262
0.443831
0.446978
0.662
0.372232
0.662
0.323975
0.442764
0.662
0.662
0.42348
0.662
0.472898
0.662
0.662
0.112349
0.498842
0.662
0.662
0.662
0.376382
0.0126223
0.422249
0.370489
0.662
0.662
0.662
0.317377
0.0434057
0.662
0.473801
0.335185
0.662
0.662
0.662
0.662
0.662
0.662
0.662
0.662
0.357293
0.662
0.662
0.662
0.662
0.662
0.662
0.502079
0.662
0.0983789
0.662
0.380723
0.662
0.662
0.662
0.14744
0.662
0.586491
0.105601
0.662
0.194648
0.160262
0.662
0.662
0.662
0.662
0.662
0.662
0.662
0.428964
0.170426
0.443386
0.662
0.153065
0.0772487
0.324774
0.413423
0.215196
0.105947
0.434308
0.662
0.44408
0.238639
0.662
0.662
0.0118588
0.453027
0.662
0.185487
0.662
0.662
0.220555
0.662
0.152764
0.662
0.662
0.0151314
0.285367
0.662
0.662
0.423261
0.662
0.128669
0.462383
0.662
0.662
0.662
0.30166
0.662
0.662
0.313229
0.391948
0.662
0.662
0.662
0.662
0.617279
0.662
0.662
0.662
0.148417
0.662
0.662
0.662
0.662
0.662
0.662
0.662
0.662
0.662
0.662
0.286059
0.662
0.0373077
0.290993
0.662
0.662
0.662
0.267705
0.0476192
0.662
0.46318
0.662
0.662
0.118511
0.397673
0.109699
0.662
0.10379
0.0851893
0.391051
0.662
0.00416395
0.662
0.662
0.43426
0.662
0.132767
0.662
0.0659999
0.662
0.662
0.327953
0.662
0.364179
0.662
0.662
0.357989
0.485741
0.315698
0.662
0.35436
0.163128
0.662
0.662
0.662
0.662
0.0255609
0.0635166
0.662
0.662
0.662
0.662
0.662
0.662
0.324957
0.662
0.048299
0.292637
0.662
0.261442
0.206937
0.662
0.662
0.662
0.662
0.184264
0.662
0.252031
0.662
0.662
0.154282
0.662
0.662
0.662
0.0158559
0.264305
0.662
0.338609
0.0310597
0.386477
0.662
0.158947
0.0112434
0.662
0.662
0.662
0.662
0.662
0.389966
0.662
0.563053
0.662
0.307929
0.662
0.596825
0.662
0.41694
0.40023
0.662
0.296268
0.662
0.662
0.662
0.304232
0.662
0.460989
0.662
0.662
0.662
0.153072
0.662
0.322501
0.662
0.43701
0.394591
0.189755
0.662
0.378261
0.662
0.420572
0.129137
0.229718
0.216652
0.19724
0.348852
0.497749
0.662
0.662
0.662
0.662
0.662
0.360578
0.423862
0.662
0.533847
0.662
0.0646876
0.357944
0.364057
0.57367
0.662
0.421804
0.662
0.208517
0.397646
0.398913
0.662
0.421812
0.22599
0.0770247
0.237767
0.662
0.662
0.662
0.662
0.662
0.0341541
0.00901462
0.662
0.0804243
0.662
0.189526
0.662
0.00822371
0.662
0.325983
0.662
0.662
0.662
0.249227
0.279725
0.662
0.662
0.662
0.396873
0.662
0.474167
0.662
0.662
0.32159
0.662
0.662
0.47742
0.156962
0.0764622
0.187699
0.402095
0.197205
0.662
0.0726658
0.21838
0.246765
0.662
0.662
0.0724266
0.662
0.662
0.662
0.301505
0.301673
0.345931
0.359121
0.662
0.253758
0.138119
0.181537
0.264671
0.398388
0.662
0.662
0.302036
0.662
0.0363942
0.492339
0.216137
0.121889
0.662
0.662
0.662
0.662
0.662
0.662
0.662
0.662
0.662
0.197362
0.459801
0.662
0.662
0.662
0.0306771
0.437849
0.662
0.132742
0.033995
0.662
0.478483
0.662
0.00827845
0.0708536
0.662
0.662
0.662
0.662
0.0716242
0.662
0.662
0.0395343
0.344606
0.662
0.241317
0.295202
0.662
0.590511
0.464021
0.662
0.662
0.662
0.662
0.662
0.662
0.0823428
0.310867
0.151076
0.662
0.662
0.662
0.405706
0.662
0.116987
0.662
0.662
0.261723
0.662
0.662
0.2136
0.289148
0.517014
0.3255
0.662
0.328104
0.662
0.0658558
0.662
0.265665
0.3409
0.662
0.319944
0.561103
0.27346
0.662
0.00313568
0.662
0.662
0.479394
0.662
0.35352
0.155045
0.46967
0.662
0.0474632
0.662
0.148898
0.159439
0.393955
0.576222
0.312351
0.662
0.662
0.662
0.162447
0.13275
0.662
0.662
0.662
0.662
0.662
0.205948
0.662
0.662
0.662
0.192836
0.624625
0.453966
0.0725232
0.662
0.662
0.662
0.662
0.0366491
0.662
0.662
0.171125
0.662
0.291794
0.172709
0.592455
0.182337
0.662
0.261575
0.662
0.662
0.662
0.507313
0.54312
0.0133517
0.662
0.46149
0.450465
0.662
0.662
0.0313376
0.630845
0.662
0.0221154
0.193901
0.662
0.662
0.662
0.662
0.00327934
0.662
0.461786
0.282005
0.204597
0.662
0.313225
0.262236
0.662
0.662
0.662
0.662
0.377303
0.662
0.662
0.231823
0.0639693
0.662
0.662
0.138572
0.662
0.662
0.662
0.185262
0.662
0.662
0.219945
0.662
0.662
0.150311
0.385011
0.662
0.662
0.217363
0.188658
0.00432634
0.662
0.662
0.662
0.662
0.662
0.358109
0.662
0.662
0.125452
0.662
0.662
0.662
0.662
0.662
0.123181
0.4523
0.662
0.137018
0.325778
0.662
0.138708
0.662
0.662
0.662
0.662
0.662
0.38791
0.0894823
0.662
0.662
0.621867
0.403419
0.662
0.662
0.662
0.662
0.662
0.197321
0.662
0.0931787
0.662
0.327444
0.373416
0.662
0.662
0.22844
0.186183
0.662
0.218224
0.662
0.662
0.414751
0.662
0.662
0.662
0.662
0.208142
0.662
0.00168814
0.249188
0.146538
0.662
0.662
0.662
0.423775
0.0165292
0.662
0.0641109
0.420475
0.0144425
0.662
0.0468612
0.662
0.662
0.662
0.041085
0.662
0.353262
0.426545
0.662
0.426374
0.662
0.662
0.662
0.577343
0.191648
0.662
0.461468
0.0212116
0.662
0.662
0.662
0.000626579
0.0166329
0.261804
0.30403
0.287313
0.36046
0.662
0.662
0.19096
0.662
0.662
0.662
0.662
0.255825
0.662
0.662
0.662
0.662
0.662
0.662
0.0844612
0.662
0.18961
0.142873
0.662
0.662
0.41009
0.662
0.662
0.662
0.158403
0.473305
0.0124001
0.472183
0.174801
0.342947
0.241219
0.31148
0.435353
0.276066
0.662
0.290949
0.251763
0.299219
0.469055
0.662
0.199253
0.662
0.199998
0.116936
0.0298487
0.662
0.662
0.090123
0.662
0.662
0.0456838
0.662
0.232649
0.662
0.385372
0.662
0.662
0.184971
0.400348
0.290758
0.662
0.662
0.318861
0.599443
0.662
0.662
0.662
0.662
0.662
0.329825
0.205633
0.662
0.662
0.610837
0.662
0.602045
0.300307
0.662
0.662
0.418738
0.196143
0.662
0.17895
0.662
0.662
0.662
0.466453
0.205866
0.662
0.662
0.662
0.662
0.399011
0.662
0.662
0.141826
0.662
0.662
0.662
0.662
0.662
0.662
0.469346
0.613149
0.662
0.662
0.378394
0.0240484
0.265842
0.662
0.11584
0.662
0.25126
0.223161
0.45053
0.662
0.438042
0.662
0.662
0.662
0.662
0.0345384
0.296844
0.662
0.376869
0.662
0.662
0.662
0.662
0.662
0.662
0.662
0.312685
0.662
0.218765
0.425023
0.228804
0.0561536
0.662
0.00201144
0.411966
0.382307
0.662
0.0224089
0.0170499
0.306098
0.266323
0.662
0.662
0.194619
0.188908
0.662
0.0830144
0.662
0.274318
0.662
0.662
0.294498
0.662
0.662
0.662
0.662
0.662
0.662
0.662
0.662
0.451885
0.30871
0.662
0.662
0.662
0.455962
0.662
0.662
0.662
0.643232
0.662
0.662
0.0552188
0.45004
0.417857
0.662
0.438027
0.662
0.662
0.662
0.662
0.254958
0.662
0.662
0.484911
0.662
0.662
0.662
0.133346
0.278088
0.115787
0.662
0.662
0.662
0.0918132
0.185856
0.396713
0.662
0.11444
0.0120739
0.378491
0.185222
0.160019
0.211187
0.662
0.397663
0.475495
0.662
0.422458
0.662
0.200271
0.662
0.160796
0.364499
0.662
0.366836
0.461456
0.662
0.662
0.662
0.444028
0.662
0.662
0.269999
0.35421
0.662
0.131012
0.662
0.662
0.451866
0.145181
0.662
0.662
0.221788
0.662
0.0610288
0.662
0.368809
0.662
0.662
0.662
0.662
0.415269
0.453731
0.662
0.48029
0.662
0.662
0.662
0.315203
0.662
0.44927
0.662
0.662
0.662
0.662
0.404892
0.662
0.219855
0.237545
0.415932
0.662
0.182776
0.462515
0.615162
0.0622737
0.662
0.662
0.418034
0.459956
0.662
0.662
0.662
0.221827
0.662
0.662
0.456744
0.0437147
0.662
0.217159
0.662
0.0336705
0.300185
0.108831
0.662
0.0433298
0.662
0.441269
0.662
0.662
0.662
0.662
0.0149633
0.264176
0.662
0.374486
0.662
0.117559
0.662
0.336865
0.00777089
0.662
0.294696
0.662
0.662
0.662
0.186244
0.135772
0.420441
0.662
0.662
0.662
0.662
0.0701088
0.375138
0.427155
0.0745436
0.662
0.662
0.662
0.662
0.662
0.662
0.437507
0.334903
0.662
0.662
0.19937
0.662
0.662
0.662
0.110454
0.450951
0.662
0.662
0.318889
0.482312
0.125396
0.662
0.662
0.553681
0.398959
0.662
0.662
0.447719
0.00285056
0.478278
0.218138
0.450164
0.476955
0.662
0.511525
0.0723256
0.662
0.0497051
0.662
0.280364
0.662
0.377823
0.662
0.662
0.662
0.0878387
0.662
0.394422
0.662
0.0706782
0.662
0.456151
0.196224
0.329753
0.662
0.662
0.387127
0.254522
0.16222
0.26089
0.662
0.206861
0.662
0.662
0.662
0.364475
0.662
0.662
0.0741094
0.0805285
0.0788206
0.355794
0.662
0.662
0.417274
0.288251
0.662
0.662
0.662
0.662
0.662
0.662
0.662
0.662
0.662
0.148633
0.662
0.662
0.662
0.459622
0.662
0.662
0.662
0.662
0.439257
0.0372065
0.662
0.178061
0.40951
0.501716
0.662
0.358288
0.662
0.662
0.662
0.474246
0.662
0.162482
0.662
0.0497981
0.662
0.662
0.0789231
0.0370082
0.156569
0.439527
0.662
0.662
0.662
0.325558
0.216019
0.332368
0.662
0.13152
0.662
0.662
0.662
0.662
0.662
0.424141
0.390313
0.260921
0.662
0.662
0.662
0.662
0.662
0.316954
0.509591
0.162834
0.115907
0.662
0.070205
0.409047
0.171635
0.0968732
0.450497
0.662
0.662
0.662
0.227313
0.284685
0.662
0.662
0.0079903
0.662
0.662
0.662
0.425765
0.662
0.662
0.0881901
0.322417
0.662
0.218605
0.662
0.406684
0.662
0.662
0.662
0.662
0.196112
0.662
0.662
0.275707
0.0270822
0.662
0.193723
0.662
0.350637
0.0853493
0.280062
0.662
0.662
0.662
0.662
0.662
0.388743
0.233734
0.662
0.662
0.199253
0.26165
0.429885
0.662
0.325355
0.235576
0.254651
0.639532
0.662
0.662
0.662
0.662
0.639856
0.174702
0.662
0.662
0.470623
0.662
0.662
0.662
0.662
0.662
0.662
0.662
0.118805
0.662
0.662
0.662
0.189332
0.662
0.662
0.662
0.662
0.662
0.662
0.662
0.662
0.662
0.662
0.138426
0.0709173
0.662
0.662
0.349557
0.662
0.662
0.245827
0.662
0.457572
0.242423
0.662
0.662
0.662
0.662
0.421723
0.662
0.662
0.189887
0.445146
0.662
0.0395882
0.662
0.222387
0.662
0.309112
0.125232
0.662
0.662
0.662
0.662
0.662
0.662
0.662
0.604543
0.662
0.662
0.662
0.662
0.662
0.219058
0.0455384
0.662
0.662
0.662
0.662
0.380822
0.662
0.449091
0.662
0.561789
0.662
0.510765
0.492707
0.662
0.0573767
0.662
0.0893394
0.662
0.43551
0.662
0.256591
0.662
0.662
0.662
0.662
0.662
0.662
0.338797
0.662
0.0403518
0.255145
0.662
0.347257
0.662
0.169759
0.479702
0.662
0.662
0.300538
0.662
0.662
0.0598865
0.662
0.662
0.376676
0.662
0.150732
0.662
0.662
0.329264
0.662
0.662
0.231823
0.122705
0.209435
0.249128
0.647786
0.662
0.662
0.662
0.282759
0.662
0.662
0.662
0.662
0.662
0.052983
0.662
0.131609
0.110679
0.662
0.662
0.389462
0.390689
0.031758
0.662
0.662
0.340899
0.662
0.662
0.438496
0.461686
0.446098
0.187987
0.662
0.662
0.0585923
0.254132
0.662
0.372439
0.662
0.250777
0.662
0.385326
0.302474
0.662
0.370197
0.662
0.662
0.662
0.186372
0.662
0.267947
0.276475
0.115484
0.662
0.662
0.662
0.662
0.214445
0.662
0.662
0.662
0.662
0.568297
0.098419
0.662
0.121592
0.662
0.463383
0.201259
0.209204
0.662
0.662
0.662
0.662
0.662
0.356812
0.604932
0.32058
0.412386
0.662
0.662
0.0911973
0.662
0.662
0.0621566
0.662
0.662
0.21818
0.0865607
0.430796
0.200515
0.662
0.48386
0.662
0.662
0.410514
0.662
0.365887
0.120078
0.662
0.0351648
0.662
0.662
0.00884477
0.662
0.662
0.662
0.662
0.200437
0.662
0.156226
0.314881
0.0950496
0.662
0.377468
0.662
0.662
0.274987
0.662
0.662
0.662
0.306506
0.662
0.662
0.344006
0.452425
0.662
0.662
0.662
0.662
0.662
0.461333
0.662
0.662
0.662
0.662
0.385722
0.662
0.139375
0.662
0.494183
0.592057
0.662
0.318207
0.57452
0.662
0.662
0.307754
0.318912
0.662
0.0833728
0.662
0.662
0.437852
0.359536
0.662
0.319833
0.662
0.662
0.0310545
0.662
0.662
0.301239
0.662
0.0772011
0.662
0.114752
0.662
0.43059
0.0669519
0.662
0.662
0.113751
0.189825
0.662
0.128493
0.662
0.662
0.349619
0.662
0.280701
0.278476
0.369723
0.662
0.662
0.0779119
0.52159
0.662
0.446379
0.662
0.198981
0.380666
0.0773283
0.662
0.259605
0.662
0.318252
0.430365
0.662
0.662
0.350648
0.662
0.327232
0.662
0.662
0.342206
0.447477
0.436772
0.546127
0.662
0.662
0.662
0.662
0.0483642
0.662
0.133306
0.662
0.246516
0.283951
0.340023
0.29891
0.379211
0.662
0.471754
0.389049
0.662
0.662
0.662
0.391873
0.316793
0.0447809
0.662
0.662
0.662
0.662
0.105578
0.662
0.662
0.662
0.662
0.662
0.662
0.474111
0.233509
0.561974
0.662
0.0115812
0.206988
0.442692
0.662
0.662
0.662
0.274041
0.662
0.227123
0.662
0.662
0.662
0.662
0.662
0.498654
0.374741
0.662
0.662
0.462946
0.662
0.0201498
0.662
0.662
0.44374
0.632364
0.398998
0.079836
0.662
0.662
0.0462061
0.166907
0.662
0.662
0.376071
0.175206
0.662
0.160121
0.662
0.565914
0.662
0.363185
0.662
0.441187
0.544685
0.662
0.662
0.662
0.446811
0.355335
0.453669
0.522402
0.662
0.662
0.45804
0.422207
0.35073
0.662
0.448488
0.662
0.662
0.662
0.0546747
0.0846856
0.662
0.662
0.222839
0.00449852
0.565402
0.662
0.662
0.43444
0.662
0.662
0.39596
0.662
0.662
0.662
0.662
0.345545
0.27653
0.124182
0.662
0.662
0.662
0.662
0.420464
0.662
0.662
0.662
0.662
0.407171
0.412114
0.662
0.662
0.662
0.426602
0.384575
0.662
0.662
0.662
0.393129
0.662
0.425352
0.662
0.384001
0.0117986
0.342057
0.662
0.662
0.662
0.0604647
0.662
0.386098
0.662
0.117026
0.662
0.662
0.202872
0.0386985
0.488748
0.155551
0.662
0.364199
0.662
0.662
0.662
0.662
0.662
0.662
0.382705
0.662
0.187803
0.282931
0.662
0.662
0.185754
0.662
0.662
0.662
0.662
0.662
0.181513
0.662
0.533564
0.298137
0.662
0.355306
0.11234
0.0143166
0.662
0.662
0.662
0.662
0.662
0.662
0.662
0.662
0.662
0.376749
0.662
0.662
0.049236
0.306413
0.0496514
0.324445
0.361295
0.304253
0.0543418
0.473105
0.27434
0.455925
0.198426
0.662
0.414124
0.662
0.25799
0.662
0.662
0.662
0.662
0.662
0.0441303
0.662
0.360356
0.39822
0.54006
0.35201
0.662
0.662
0.662
0.474981
0.131127
0.408126
0.662
0.662
0.662
0.44208
0.436011
0.210175
0.662
0.662
0.662
0.662
0.662
0.662
0.662
0.662
0.662
0.662
0.196299
0.662
0.662
0.662
0.160319
0.407227
0.232377
0.172776
0.662
0.662
0.662
0.483642
0.1853
0.662
0.662
0.662
0.662
0.382972
0.337155
0.662
0.662
0.225882
0.662
0.662
0.662
0.447977
0.662
0.446064
0.662
0.662
0.271474
0.308297
0.662
0.662
0.662
0.158324
0.662
0.271942
0.662
0.662
0.137897
0.325453
0.162644
0.662
0.662
0.116183
0.662
0.662
0.662
0.662
0.662
0.662
0.662
0.662
0.662
0.0793745
0.662
0.662
0.25277
0.662
0.312095
0.128141
0.662
0.289184
0.662
0.662
0.662
0.662
0.662
0.225461
0.662
0.496457
0.365911
0.189332
0.0857483
0.662
0.35411
0.0541769
0.662
0.662
0.288916
0.0883775
0.662
0.662
0.662
0.0248423
0.662
0.662
0.662
0.522402
0.662
0.00522863
0.435841
0.662
0.662
0.662
0.662
0.662
0.662
0.662
0.662
0.203566
0.360164
0.662
0.662
0.515103
0.0585544
0.330433
0.662
0.0558632
0.662
0.628623
0.432561
0.662
0.471228
0.12378
0.50749
0.662
0.662
0.662
0.662
0.391287
0.662
0.662
0.662
0.436279
0.662
0.662
0.662
0.662
0.662
0.662
0.662
0.662
0.412838
0.662
0.394279
0.662
0.662
0.662
0.662
0.662
0.662
0.228437
0.662
0.503205
0.662
0.100843
0.662
0.662
0.662
0.0369779
0.394411
0.662
0.662
0.662
0.162153
0.662
0.662
0.44563
0.26948
0.662
0.662
0.278017
0.385863
0.662
0.429769
0.414394
0.401501
0.662
0.662
0.662
0.662
0.446798
0.662
0.662
0.662
0.292
0.0367193
0.662
0.662
0.0974688
0.0811695
0.662
0.662
0.290046
0.131797
0.227423
0.408865
0.662
0.662
0.414756
0.662
0.106309
0.47706
0.662
0.662
0.112157
0.12218
0.106218
0.432404
0.221197
0.385931
0.342272
0.153932
0.372223
0.140275
0.391643
0.662
0.662
0.662
0.421088
0.662
0.304979
0.662
0.662
0.527836
0.662
0.662
0.0965179
0.242482
0.189297
0.662
0.662
0.662
0.47483
0.662
0.662
0.302104
0.284168
0.171293
0.662
0.201304
0.662
0.662
0.153454
0.662
0.0465721
0.315331
0.662
0.662
0.371448
0.662
0.662
0.662
0.662
0.38981
0.295047
0.662
0.470498
0.662
0.662
0.430708
0.662
0.662
0.662
0.194492
0.662
0.151968
0.331314
0.0250655
0.397062
0.662
0.089484
0.321716
0.0222859
0.31014
0.372152
0.23935
0.30852
0.662
0.662
0.662
0.050151
0.261498
0.662
0.662
0.662
0.495555
0.662
0.474044
0.662
0.0807135
0.662
0.413725
0.662
0.555732
0.662
0.0227861
0.662
0.662
0.204308
0.368928
0.427147
0.662
0.182153
0.456784
0.201593
0.173953
0.662
0.0854891
0.463625
0.0495532
0.362928
0.157859
0.200539
0.388321
0.328058
0.642972
0.662
0.662
0.662
0.662
0.391665
0.493565
0.33468
0.662
0.662
0.468796
0.263281
0.292367
0.662
0.662
0.197779
0.662
0.662
0.662
0.407257
0.662
0.662
0.662
0.662
0.283134
0.254779
0.662
0.0120436
0.662
0.662
0.662
0.0932618
0.662
0.307013
0.076678
0.139552
0.184495
0.264983
0.662
0.662
0.416802
0.662
0.16197
0.662
0.345536
0.662
0.662
0.530026
0.662
0.386924
0.173519
0.00965053
0.662
0.662
0.0926342
0.662
0.305697
0.187515
0.333244
0.662
0.423966
0.662
0.236236
0.662
0.190391
0.354481
0.468702
0.662
0.662
0.229706
0.662
0.662
0.662
0.436306
0.288704
0.662
0.662
0.241914
0.191401
0.0502671
0.3182
0.662
0.662
0.662
0.375904
0.123568
0.662
0.662
0.345811
0.662
0.270703
0.527982
0.155281
0.662
0.662
0.662
0.411474
0.662
0.235337
0.221505
0.059716
0.662
0.662
0.662
0.0760252
0.662
0.237355
0.377163
0.662
0.662
0.662
0.662
0.172507
0.254084
0.662
0.299351
0.662
0.662
0.662
0.662
0.662
0.173211
0.652469
0.450547
0.231895
0.184882
0.332606
0.662
0.662
0.662
0.662
0.662
0.662
0.662
0.129782
0.662
0.276014
0.662
0.00901334
0.662
0.501763
0.576905
0.662
0.180485
0.258211
0.662
0.662
0.389343
0.662
0.621671
0.151423
0.662
0.0559044
0.662
0.662
0.662
0.178278
0.377934
0.0133783
0.662
0.33584
0.662
0.443357
0.662
0.662
0.308814
0.662
0.287561
0.662
0.662
0.662
0.0164457
0.662
0.662
0.126616
0.411378
0.119994
0.662
0.471387
0.662
0.662
0.662
0.0852021
0.0766444
0.20124
0.662
0.395448
0.209189
0.662
0.662
0.662
0.662
0.662
0.450031
0.124526
0.445607
0.662
0.662
0.662
0.662
0.662
0.662
0.0951651
0.662
0.662
0.662
0.40191
0.662
0.662
0.662
0.662
0.662
0.317154
0.165189
0.0788613
0.662
0.406428
0.662
0.662
0.24121
0.662
0.662
0.419741
0.445392
0.662
0.662
0.662
0.662
0.662
0.097014
0.662
0.58711
0.401702
0.448642
0.19957
0.662
0.662
0.208969
0.662
0.0937002
0.280948
0.662
0.662
0.662
0.0840148
0.464679
0.0958688
0.662
0.662
0.44343
0.262194
0.662
0.662
0.410637
0.662
0.662
0.662
0.272041
0.662
0.662
0.662
0.11129
0.662
0.662
0.662
0.662
0.38723
0.662
0.662
0.375666
0.662
0.484694
0.457303
0.649676
0.662
0.662
0.662
0.327311
0.41958
0.227301
0.398121
0.21083
0.662
0.129715
0.662
0.231859
0.662
0.224163
0.181393
0.662
0.451801
0.0946917
0.173289
0.662
0.461468
0.662
0.662
0.662
0.63339
0.475953
0.160271
0.517624
0.461545
0.296689
0.311187
0.0328812
0.134712
0.393519
0.286068
0.0988094
0.460706
0.515402
0.662
0.270392
0.662
0.662
0.271218
0.662
0.662
0.662
0.57781
0.662
0.441665
0.662
0.662
0.662
0.662
0.537007
0.662
0.0175504
0.425826
0.662
0.662
0.662
0.662
0.662
0.372153
0.322366
0.662
0.459839
0.662
0.232888
0.153517
0.662
0.662
0.172474
0.662
0.662
0.411878
0.422512
0.361626
0.662
0.662
0.115323
0.662
0.331864
0.105631
0.662
0.662
0.182911
0.305244
0.396406
0.662
0.662
0.662
0.662
0.662
0.662
0.473788
0.662
0.662
0.662
0.662
0.112961
0.662
0.662
0.662
0.662
0.662
0.0783946
0.379187
0.662
0.662
0.288579
0.0948794
0.662
0.662
0.467301
0.662
0.662
0.662
0.662
0.236718
0.363022
0.662
0.662
0.0996595
0.162768
0.385547
0.662
0.0281272
0.662
0.0682733
0.512603
0.662
0.65296
0.662
0.0833005
0.40876
0.387401
0.435972
0.327513
0.662
0.662
0.662
0.662
0.662
0.662
0.662
0.662
0.662
0.164245
0.438463
0.662
0.662
0.467048
0.18741
0.662
0.662
0.662
0.662
0.390631
0.055107
0.662
0.662
0.350584
0.134455
0.662
0.662
0.379739
0.0430797
0.662
0.474887
0.662
0.662
0.426169
0.662
0.662
0.246917
0.368313
0.662
0.17367
0.662
0.389903
0.662
0.662
0.0537733
0.439578
0.662
0.360687
0.127997
0.384649
0.0278633
0.662
0.434859
0.066388
0.191895
0.203338
0.418668
0.662
0.662
0.662
0.662
0.662
0.662
0.184913
0.0656191
0.662
0.662
0.662
0.662
0.662
0.460434
0.662
0.337093
0.165662
0.515776
0.400103
0.662
0.662
0.662
0.662
0.261656
0.148367
0.662
0.399794
0.531151
0.662
0.520724
0.662
0.0926908
0.568977
0.662
0.0625913
0.662
0.662
0.662
0.662
0.215135
0.456975
0.181298
0.662
0.662
0.662
0.00715112
0.662
0.332502
0.662
0.662
0.308648
0.662
0.0295162
0.662
0.248026
0.232471
0.229165
0.662
0.662
0.662
0.471758
0.662
0.47808
0.488825
0.522265
0.254436
0.662
0.325033
0.662
0.528004
0.364911
0.662
0.662
0.662
0.662
0.0159216
0.662
0.412273
0.148728
0.400847
0.662
0.169808
0.361379
0.662
0.225173
0.662
0.662
0.662
0.662
0.376176
0.662
0.0590117
0.0180758
0.19026
0.246922
0.662
0.286596
0.662
0.384928
0.662
0.662
0.662
0.662
0.489045
0.662
0.428737
0.407597
0.662
0.0350697
0.345101
0.633391
0.662
0.662
0.0480591
0.0893347
0.148993
0.662
0.662
0.662
0.662
0.0559818
0.662
0.0214539
0.374399
0.0861746
0.485421
0.00795958
0.0232228
0.369068
0.158576
0.27951
0.195151
0.360822
0.117944
0.26994
0.232479
0.412041
0.662
0.662
0.662
0.662
0.220056
0.662
0.662
0.662
0.662
0.662
0.662
0.662
0.662
0.250723
0.662
0.30847
0.662
0.472806
0.662
0.662
0.151865
0.481361
0.662
0.662
0.662
0.633391
0.209066
0.105122
0.289693
0.662
0.0294143
0.516126
0.166166
0.662
0.662
0.662
0.295992
0.366739
0.662
0.662
0.446133
0.0633232
0.345372
0.662
0.662
0.330375
0.662
0.662
0.238414
0.0407728
0.410714
0.23239
0.330801
0.288244
0.662
0.417818
0.662
0.662
0.662
0.662
0.662
0.0931538
0.337746
0.662
0.662
0.662
0.662
0.31057
0.295816
0.310128
0.31695
0.215133
0.662
0.26641
0.217994
0.662
0.463131
0.42742
0.662
0.662
0.33275
0.662
0.465363
0.662
0.662
0.558463
0.0755568
0.00765171
0.0264965
0.662
0.431718
0.662
0.662
0.273388
0.662
0.430466
0.556055
0.561613
0.662
0.662
0.662
0.662
0.662
0.00658512
0.149692
0.662
0.662
0.662
0.662
0.0857202
0.156194
0.662
0.0246221
0.289364
0.662
0.472381
0.662
0.308193
0.0777673
0.441046
0.0964377
0.662
0.662
0.188048
0.662
0.662
0.662
0.662
0.662
0.452725
0.662
0.662
0.662
0.662
0.662
0.662
0.662
0.662
0.662
0.662
0.662
0.21924
0.662
0.194886
0.662
0.662
0.620083
0.228092
0.575235
0.646921
0.662
0.24788
0.459827
0.231236
0.662
0.0465343
0.662
0.662
0.537007
0.401194
0.255596
0.662
0.662
0.662
0.662
0.662
0.662
0.662
0.662
0.662
0.662
0.662
0.43144
0.662
0.38575
0.662
0.219747
0.111588
0.402479
0.435909
0.378894
0.662
0.662
0.662
0.636157
0.662
0.662
0.662
0.222444
0.662
0.47331
0.220428
0.662
0.18281
0.299028
0.215909
0.512476
0.417478
0.554825
0.662
0.662
0.0879405
0.017961
0.662
0.662
0.662
0.120834
0.662
0.390041
0.398357
0.0497838
0.434507
0.145611
0.662
0.229941
0.662
0.662
0.662
0.662
0.385408
0.662
0.313814
0.145109
0.662
0.126653
0.662
0.662
0.662
0.0303911
0.117618
0.662
0.662
0.660037
0.662
0.662
0.662
0.662
0.662
0.352138
0.14333
0.299215
0.196555
0.540382
0.662
0.0968361
0.175528
0.257519
0.42594
0.662
0.662
0.662
0.662
0.662
0.337427
0.662
0.364976
0.421983
0.662
0.662
0.277844
0.662
0.662
0.382958
0.485266
0.662
0.413881
0.662
0.122501
0.662
0.662
0.662
0.662
0.371635
0.662
0.111893
0.662
0.044766
0.662
0.662
0.144419
0.487783
0.662
0.123681
0.368477
0.662
0.595137
0.662
0.662
0.290664
0.662
0.105283
0.662
0.390563
0.477595
0.662
0.662
0.270296
0.662
0.662
0.381516
0.370607
0.662
0.154114
0.662
0.662
0.662
0.662
0.662
0.662
0.23047
0.163828
0.662
0.591792
0.662
0.662
0.395865
0.662
0.662
0.662
0.662
0.662
0.662
0.662
0.198075
0.410656
0.662
0.662
0.419395
0.246112
0.662
0.375961
0.662
0.662
0.662
0.357626
0.662
0.662
0.662
0.662
0.662
0.662
0.0566132
0.662
0.662
0.357104
0.662
0.662
0.255844
0.317445
0.00412027
0.662
0.662
0.662
0.0474295
0.662
0.351527
0.662
0.662
0.434125
0.662
0.662
0.0611007
0.358802
0.0529278
0.112354
0.473766
0.258577
0.662
0.662
0.662
0.085906
0.00811053
0.198745
0.662
0.222419
0.167776
0.662
0.662
0.662
0.662
0.181658
0.662
0.160757
0.662
0.662
0.662
0.662
0.224675
0.662
0.419342
0.662
0.0309338
0.662
0.662
0.662
0.433305
0.662
0.449712
0.36204
0.662
0.662
0.662
0.662
0.225059
0.662
0.160435
0.662
0.119491
0.481859
0.144051
0.306155
0.662
0.337433
0.662
0.662
0.662
0.662
0.200778
0.662
0.468303
0.662
0.41707
0.385268
0.662
0.662
0.449481
0.662
0.662
0.129879
0.416104
0.201529
0.662
0.662
0.194715
0.662
0.662
0.662
0.662
0.252341
0.662
0.662
0.0825585
0.00750366
0.662
0.662
0.277476
0.662
0.662
0.175593
0.662
0.662
0.0622781
0.42544
0.05235
0.662
0.662
0.662
0.662
0.662
0.662
0.662
0.0573225
0.662
0.662
0.36784
0.376287
0.258589
0.0959675
0.016489
0.25086
0.662
0.377499
0.662
0.662
0.0539053
0.0202781
0.448538
0.662
0.662
0.662
0.662
0.473749
0.662
0.662
0.395448
0.662
0.357217
0.393708
0.662
0.662
0.00993217
0.662
0.105822
0.449335
0.662
0.662
0.662
0.662
0.247533
0.22308
0.662
0.140351
0.169836
0.299624
0.143825
0.662
0.468041
0.662
0.662
0.294896
0.662
0.338055
0.662
0.662
0.373786
0.00890671
0.307364
0.662
0.662
0.396299
0.0611235
0.46427
0.662
0.338574
0.662
0.276635
0.0850979
0.206869
0.662
0.662
0.358386
0.662
0.438486
0.662
0.3777
0.662
0.662
0.662
0.662
0.219658
0.662
0.662
0.662
0.463482
0.330089
0.662
0.378336
0.662
0.662
0.662
0.293093
0.662
0.356832
0.662
