0.662
0.662
0.299602
0.662
0.520642
0.380639
0.662
0.662
0.368203
0.0704375
0.340393
0.662
0.662
0.662
0.0115387
0.662
0.241403
0.0532793
0.662
0.500048
0.312608
0.40929
0.0891838
0.662
0.662
0.192113
0.331023
0.508268
0.662
0.662
0.191293
0.340515
0.0048111
0.662
0.662
0.137467
0.360584
0.453569
0.427099
0.220072
0.0657462
0.275084
0.557979
0.662
0.662
0.662
0.662
0.662
0.120492
0.434243
0.662
0.662
0.400346
0.662
0.369605
0.433246
0.307403
0.456299
0.115525
0.662
0.024106
0.143216
0.0226293
0.3413
0.662
0.25138
0.0883972
0.662
0.662
0.662
0.662
0.441471
0.662
0.267087
0.599299
0.662
0.317346
0.662
0.662
0.00939389
0.232902
0.662
0.212089
0.31207
0.217843
0.277857
0.662
0.411232
0.662
0.662
0.38791
0.389762
0.662
0.662
0.662
0.416496
0.662
0.662
0.662
0.449789
0.662
0.184646
0.0364538
0.358811
0.662
0.143752
0.662
0.662
0.366959
0.202781
0.29364
0.329889
0.242505
0.662
0.59749
0.662
0.306576
0.662
0.662
0.662
0.662
0.662
0.332653
0.108542
0.662
0.593813
0.0969788
0.662
0.662
0.234487
0.662
0.662
0.259777
0.3657
0.450906
0.662
0.324837
0.662
0.114711
0.525033
0.176397
0.662
0.106675
0.151273
0.0431138
0.1021
0.297241
0.207831
0.0583198
0.368372
0.662
0.662
0.231293
0.662
0.662
0.296364
0.662
0.662
0.662
0.662
0.662
0.662
0.445863
0.662
0.662
0.335303
0.569588
0.184748
0.119507
0.21444
0.382223
0.662
0.662
0.201104
0.062984
0.00556188
0.662
0.662
0.662
0.662
0.662
0.150347
0.417756
0.662
0.662
0.031274
0.345647
0.662
0.448352
0.370982
0.108235
0.662
0.662
0.662
0.662
0.447134
0.395798
0.662
0.662
0.662
0.662
0.460393
0.360915
0.662
0.0319807
0.662
0.662
0.662
0.367845
0.662
0.662
0.662
0.662
0.662
0.662
0.220674
0.662
0.254223
0.591619
0.662
0.0986494
0.662
0.1615
0.662
0.662
0.144008
0.330301
0.662
0.255523
0.662
0.662
0.252925
0.662
0.197962
0.176542
0.151628
0.0719966
0.462715
0.465877
0.296447
0.000938464
0.662
0.473504
0.662
0.00219438
0.662
0.662
0.662
0.100184
0.211052
0.402253
0.662
0.383962
0.662
0.278398
0.662
0.662
0.662
0.662
0.0860121
0.0421286
0.662
0.662
0.340619
0.662
0.416024
0.662
0.587127
0.662
0.662
0.662
0.662
0.662
0.662
0.662
0.662
0.00753243
0.319
0.662
0.662
0.424364
0.662
0.391596
0.662
0.228785
0.662
0.662
0.38137
0.471789
0.0639527
0.147934
0.269203
0.662
0.662
0.662
0.662
0.1164
0.662
0.662
0.372515
0.662
0.336019
0.662
0.662
0.00965351
0.662
0.662
0.662
0.662
0.10913
0.662
0.558551
0.429792
0.662
0.0683429
0.461396
0.662
0.662
0.416558
0.662
0.20677
0.340945
0.357977
0.0508401
0.187437
0.260411
0.662
0.662
0.0446786
0.662
0.662
0.662
0.662
0.662
0.662
0.662
0.662
0.662
0.662
0.662
0.535609
0.662
0.136982
0.251721
0.171961
0.662
0.662
0.439915
0.414794
0.662
0.330409
0.515705
0.662
0.276504
0.435111
0.662
0.382254
0.155635
0.244529
0.662
0.367969
0.206953
0.347223
0.352675
0.327193
0.662
0.662
0.42797
0.0424311
0.662
0.138913
0.662
0.662
0.231209
0.428621
0.662
0.662
0.662
0.662
0.346117
0.662
0.199086
0.662
0.662
0.254849
0.391822
0.662
0.662
0.038216
0.282754
0.411428
0.220853
0.474184
0.662
0.662
0.662
0.0183138
0.662
0.662
0.0808082
0.662
0.662
0.421523
0.662
0.662
0.662
0.662
0.221289
0.662
0.0387962
0.238803
0.662
0.662
0.662
0.662
0.662
0.188711
0.662
0.42429
0.594828
0.662
0.430913
0.455014
0.662
0.375013
0.662
0.314646
0.662
0.431032
0.662
0.0867617
0.662
0.662
0.0540571
0.121902
0.662
0.291653
0.435597
0.662
0.662
0.662
0.112233
0.0148119
0.662
0.191631
0.35004
0.662
0.431683
0.662
0.252712
0.211802
0.662
0.275682
0.61004
0.419275
0.662
0.377842
0.662
0.451017
0.662
0.387802
0.662
0.270084
0.314572
0.187211
0.662
0.137774
0.350115
0.662
0.662
0.662
0.634937
0.384337
0.0497467
0.0391149
0.613202
0.662
0.115166
0.662
0.372918
0.662
0.633391
0.195909
0.16147
0.254174
0.662
0.662
0.0191105
0.662
0.662
0.375232
0.184511
0.0650938
0.662
0.662
0.662
0.662
0.662
0.068877
0.448361
0.662
0.662
0.662
0.662
0.0580746
0.662
0.352625
0.662
0.662
0.291027
0.662
0.453839
0.42576
0.270371
0.662
0.662
0.662
0.662
0.662
0.662
0.662
0.662
0.662
0.662
0.25181
0.662
0.461699
0.415451
0.662
0.662
0.592379
0.662
0.662
0.271124
0.662
0.662
0.265642
0.259076
0.0678381
0.037581
0.662
0.662
0.616526
0.353087
0.218555
0.662
0.662
0.662
0.147542
0.446361
0.375794
0.662
0.662
0.358664
0.0343672
0.107561
0.309728
0.480443
0.231363
0.0321826
0.258861
0.311844
0.662
0.662
0.0662168
0.0818212
0.662
0.662
0.662
0.662
0.662
0.0730964
0.662
0.662
0.242604
0.211199
0.217332
0.662
0.401302
0.023633
0.662
0.662
0.662
0.662
0.662
0.248358
0.418086
0.662
0.137908
0.206156
0.412193
0.643851
0.0623302
0.662
0.662
0.662
0.662
0.41433
0.3637
0.0139211
0.365522
0.662
0.381964
0.662
0.662
0.662
0.180733
0.662
0.662
0.662
0.093239
0.662
0.662
0.662
0.662
0.662
0.425815
0.662
0.662
0.662
0.0289928
0.465721
0.31662
0.662
0.662
0.662
0.662
0.662
0.662
0.662
0.44514
0.503763
0.662
