0.221019
0.297662
0.333574
0.43319
0.662
0.662
0.662
0.294681
0.662
0.662
0.17408
0.662
0.662
0.662
0.301154
0.344778
0.0333883
0.662
0.0394181
0.662
0.526962
0.662
0.662
0.662
0.229966
0.250284
0.318653
0.163647
0.545561
0.15279
0.662
0.662
0.662
0.662
0.662
0.662
0.175081
0.27665
0.609625
0.335658
0.193811
0.662
0.232255
0.662
0.12235
0.662
0.370005
0.430829
0.662
0.358109
0.0317544
0.00696848
0.161041
0.405815
0.0204423
0.662
0.200574
0.336926
0.662
0.593793
0.0543151
0.662
0.216842
0.125916
0.662
0.662
0.147654
0.662
0.572481
0.0979936
0.417026
0.662
0.302804
0.662
0.424633
0.662
0.662
0.662
0.662
0.266737
0.54109
0.662
0.662
0.440826
0.662
0.662
0.662
0.662
0.626703
0.155665
0.662
0.662
0.662
0.416439
0.356405
0.662
0.178416
0.662
0.442847
0.662
0.662
0.243155
0.205234
0.662
0.166832
0.00367293
0.662
0.662
0.662
0.662
0.662
0.0831253
0.254859
0.431801
0.662
0.662
0.275861
0.154089
0.662
0.662
0.352748
0.662
0.662
0.23133
0.662
0.487249
0.0283356
0.218035
0.662
0.662
0.293826
0.640304
0.662
0.49779
0.662
0.146311
0.540873
0.662
0.0472088
0.662
0.662
0.227803
0.662
0.662
0.662
0.662
0.348758
0.662
0.138743
0.662
0.100613
0.662
0.662
0.662
0.662
0.662
0.662
0.391389
0.18067
0.662
0.662
0.662
0.662
0.312103
0.114343
0.662
0.662
0.662
0.223702
0.662
0.662
0.142718
0.396928
0.662
0.662
0.662
0.402495
0.662
0.169133
0.662
0.662
0.507719
0.662
0.662
0.107671
0.342181
0.446422
0.662
0.662
0.662
0.662
0.324033
0.417967
0.662
0.0832867
0.373417
0.662
0.159429
0.373215
0.31217
0.306261
0.462242
0.427826
0.282018
0.32669
0.466832
0.50749
0.662
0.431593
0.246737
0.0061624
0.44194
0.202723
0.0631438
0.662
0.662
0.662
0.662
0.63483
0.229895
0.402622
0.504872
0.183874
0.662
0.0893904
0.662
0.662
0.207706
0.662
0.662
0.662
0.359579
0.662
0.662
0.662
0.662
0.138985
0.662
0.662
0.662
0.662
0.662
0.195232
0.206529
0.41511
0.308258
0.662
0.0691858
0.488817
0.662
0.304414
0.662
0.541651
0.662
0.189049
0.463155
0.20706
0.355415
0.662
0.057676
0.662
0.662
0.662
0.662
0.662
0.159451
0.236171
0.662
0.0603243
0.332075
0.662
0.662
0.662
0.662
0.448902
0.290317
0.662
0.662
0.373722
0.662
0.662
0.412784
0.662
0.0669485
0.662
0.662
0.662
0.580383
0.170768
0.194209
0.428754
0.662
0.188096
0.448109
0.662
0.662
0.53687
0.662
0.662
0.662
0.662
0.0171421
0.662
0.662
0.662
0.662
0.298266
0.0350111
0.462845
0.156866
0.662
0.473353
0.662
0.216614
0.662
0.662
0.0441114
0.662
0.662
0.662
0.662
0.44983
0.662
0.662
0.356481
0.662
0.561989
0.413208
0.662
0.662
0.662
0.386766
0.505898
0.416215
0.237285
0.662
0.662
0.662
0.662
0.662
0.485158
0.662
0.662
0.662
0.144434
0.654063
0.143219
0.262962
0.476896
0.662
0.0594156
0.56708
0.662
0.662
0.475467
0.188991
0.662
0.662
0.0568368
0.261557
0.106799
0.0651229
0.474778
0.662
0.662
0.662
0.662
0.662
0.662
0.662
0.662
0.662
0.662
0.662
0.124757
0.180628
0.269734
0.662
0.662
0.476817
0.662
0.662
0.662
0.400319
0.45529
0.662
0.0126184
0.0369481
0.662
0.662
0.662
0.662
0.13494
0.659046
0.0979442
0.397263
0.662
0.10594
0.0219176
0.215493
0.0114243
0.662
0.282589
0.430849
0.662
0.0977193
0.0759953
0.437868
0.167692
0.370714
0.662
0.0882215
0.662
0.662
0.662
0.662
0.13621
0.662
0.662
0.662
0.564724
0.662
0.662
0.609042
0.662
0.662
0.442925
0.447011
0.662
0.662
0.451081
0.180134
0.662
0.662
0.363596
0.43548
0.290331
0.662
0.662
0.662
0.662
0.662
0.662
0.0759259
0.0702098
0.054537
0.662
0.462231
0.316788
0.662
0.290692
0.662
0.662
0.662
0.105013
0.662
0.244876
0.222858
0.662
0.0331915
0.662
0.662
0.662
0.34614
0.0976331
0.662
0.30777
0.360899
0.662
0.578383
0.662
0.662
0.398682
0.662
0.285686
0.662
0.378897
0.309362
0.45786
0.160831
0.662
0.239715
0.416631
0.662
0.662
0.0895146
0.662
0.662
0.0746967
0.662
0.371348
0.366979
0.00713102
0.18397
0.662
0.483072
0.115442
0.662
0.386569
0.662
0.459759
0.662
0.204333
0.288441
0.662
0.041784
0.662
0.662
0.662
0.0164206
0.221337
0.662
0.485258
0.662
0.662
0.0143123
0.385739
0.662
0.297193
0.0627001
0.426954
0.662
0.662
0.017767
0.134005
0.426417
0.662
0.662
0.662
0.662
0.659579
0.662
0.480214
0.662
0.662
0.091033
0.431679
0.482687
0.0926703
0.662
0.662
0.662
0.201631
0.199673
0.662
0.393485
0.196158
0.387744
0.662
0.662
0.154894
0.662
0.662
0.662
0.235655
0.662
0.662
0.662
0.26778
0.662
0.472841
0.020159
0.294478
0.662
0.662
0.10809
0.662
0.662
0.662
0.662
0.662
0.169838
0.390221
0.260357
0.662
0.662
0.662
0.662
0.662
0.338833
0.557299
0.0489971
0.515419
0.662
0.0996702
0.662
0.662
0.662
0.161482
0.58236
0.219982
0.662
0.315139
0.662
0.485255
0.662
0.662
0.662
0.61573
0.662
0.662
0.0383803
0.662
0.247549
0.424066
0.135156
0.662
0.662
0.662
0.0733345
0.447292
0.270383
0.662
0.413756
0.24407
0.171369
0.479724
0.493005
0.662
0.662
0.662
0.662
0.19152
0.381767
0.662
0.662
0.662
0.318451
0.662
0.662
0.662
0.424728
0.662
0.662
0.496578
0.662
0.662
0.662
0.00996756
0.662
0.662
0.662
0.379358
0.662
0.662
0.662
0.236948
0.662
0.662
0.332386
0.662
0.662
0.444119
0.330458
0.281811
0.387679
0.662
0.261617
0.109438
0.22126
0.46751
0.662
0.0408063
0.219511
0.0141233
0.662
0.662
0.323759
0.662
0.662
0.662
0.151796
0.471496
0.391706
0.604189
0.00473501
0.190745
0.662
0.662
0.662
0.0243004
0.345196
0.662
0.662
0.662
0.0805084
0.26766
0.662
0.282633
0.662
0.224573
0.662
0.234663
0.278133
0.087583
0.662
0.524794
0.662
0.0970804
0.662
0.226684
0.463471
0.0191575
0.219832
0.662
0.401183
0.0769053
0.662
0.481067
0.600689
0.151852
0.662
0.0664284
0.10234
0.662
0.345271
0.27751
0.662
0.100049
0.662
0.127617
0.457533
0.18576
0.662
0.662
0.102946
0.234529
0.662
0.662
0.662
0.662
0.662
0.662
0.662
0.158191
0.662
0.504562
0.269698
0.0247838
0.662
0.250867
0.0153163
0.662
0.662
0.662
0.325977
0.0988955
0.296711
0.662
0.662
0.662
0.662
0.336664
0.662
0.0553224
0.0756283
0.169793
0.662
0.662
0.662
0.662
0.662
0.662
0.662
0.662
0.0240842
0.228556
0.662
0.662
0.147643
0.662
0.662
0.662
0.662
0.662
0.662
0.662
0.216836
0.175371
0.114698
0.662
0.662
0.306725
0.662
0.11878
0.662
0.255024
0.662
0.388511
0.401136
0.194068
0.279628
0.662
0.662
0.365901
0.167025
0.662
0.473928
0.517519
0.0126276
0.217987
0.662
0.662
0.307236
0.662
0.0995519
0.662
0.662
0.287714
0.28204
0.40443
0.662
0.00160207
0.662
0.662
0.662
0.346097
0.662
0.32472
0.0110128
0.0126062
0.0970273
0.193553
0.454796
0.662
0.276329
0.662
0.662
0.430162
0.433047
0.662
0.307056
0.00218672
0.0594574
0.142593
0.410153
0.276266
0.662
0.466801
0.347061
0.473163
0.347588
0.151408
0.011245
0.662
0.102688
0.662
0.0893476
0.662
0.662
0.459952
0.357156
0.543559
0.662
0.662
0.442307
0.265737
0.662
0.662
0.430315
0.43186
0.29598
0.662
0.662
0.662
0.662
0.662
0.662
0.276684
0.662
0.417406
0.662
0.662
0.321751
0.662
0.662
0.662
0.20813
0.319028
0.662
0.209844
0.662
0.662
0.662
0.662
0.662
0.662
0.662
0.570737
0.0781018
0.0763787
0.275172
0.45553
0.259917
0.662
0.207546
0.662
0.662
0.662
0.251255
0.324487
0.196634
0.662
0.662
0.662
0.353498
0.662
0.522251
0.662
0.662
0.386065
0.37785
0.230198
0.53814
0.541442
0.0979487
0.662
0.31868
0.662
0.662
0.254606
0.382761
0.337761
0.662
0.662
0.662
0.662
0.234367
0.662
0.662
0.662
0.189146
0.105262
0.283731
0.00318891
0.339864
0.662
0.662
0.662
0.662
0.662
0.171855
0.0662917
0.662
0.0166147
0.662
0.198865
0.579403
0.11972
0.662
0.662
0.662
0.662
0.662
0.662
0.107866
0.263522
0.662
0.281838
0.662
0.662
0.49559
0.390542
0.287534
0.30842
0.662
0.0101025
0.160218
0.35255
0.662
0.365927
0.662
0.401484
0.662
0.239644
0.327708
0.662
0.420026
0.527194
0.662
0.288925
0.00215241
0.388714
0.662
0.0862291
0.662
0.662
0.014739
0.417812
0.39272
0.662
0.662
0.197338
0.662
0.323596
0.662
0.662
0.0501039
0.662
0.662
0.0352147
0.662
0.662
0.602895
0.168719
0.395744
0.662
0.662
0.176903
0.113448
0.662
0.662
0.101348
0.590097
0.0306372
0.226951
0.247964
0.131365
0.052842
0.662
0.662
0.103501
0.662
0.662
0.109819
0.0538042
0.0515234
0.206045
0.328781
0.12343
0.662
0.662
0.662
0.0101496
0.179094
0.235182
0.662
0.443284
0.662
0.168854
0.396912
0.332815
0.662
0.662
0.662
0.662
0.347442
0.662
0.33165
0.662
0.662
0.662
0.022571
0.662
0.0879849
0.395935
0.0199585
0.662
0.214785
0.662
0.290534
0.468728
0.470583
0.342264
0.662
0.0292214
0.662
0.662
0.509778
0.205905
0.461709
0.228129
0.662
0.662
0.662
0.662
0.662
0.662
0.662
0.662
0.319321
0.662
0.452187
0.389993
0.629706
0.253443
0.662
0.662
0.662
0.0163533
0.398815
0.354944
0.207461
0.139083
0.37487
0.252763
0.227154
0.244661
0.192155
0.662
0.134552
0.46451
0.662
0.662
0.662
0.0545554
0.359201
0.662
0.265402
0.449013
0.662
0.423556
0.662
0.662
0.662
0.472471
0.305203
0.432136
0.26931
0.110718
0.598463
0.662
0.662
0.256905
0.465964
0.662
0.263432
0.662
0.268749
0.662
0.662
0.293049
0.294343
0.0373366
0.246205
0.662
0.254692
0.662
0.217184
0.662
0.662
0.271791
0.662
0.662
0.341083
0.662
0.662
0.300447
0.20813
0.479136
0.0784049
0.662
0.662
0.267886
0.662
0.465361
0.0963459
0.195572
0.208879
0.662
0.114574
0.662
0.30328
0.333464
0.662
0.113698
0.662
0.662
0.662
0.300396
0.509245
0.662
0.188875
0.144267
0.662
0.142364
0.159437
0.662
0.0854082
0.482034
0.662
0.195146
0.662
0.662
0.662
0.084599
0.475106
0.393312
0.662
0.629706
0.662
0.662
0.662
0.662
0.141719
0.0362563
0.662
0.633136
0.248732
0.662
0.376259
0.662
0.373088
0.662
0.237387
0.662
0.662
0.662
0.662
0.662
0.662
0.144985
0.662
0.662
0.202481
0.662
0.0984685
0.662
0.126038
0.662
0.662
0.662
0.306788
0.662
0.662
0.662
0.349015
0.127047
0.662
0.662
0.330056
0.662
0.282991
0.662
0.662
0.222587
0.662
0.360306
0.662
0.662
0.208414
0.390018
0.662
0.377485
0.662
0.662
0.293813
0.130222
0.139526
0.235294
0.662
0.209313
0.662
0.662
0.662
0.313043
0.662
0.662
0.193766
0.474372
0.662
0.128884
0.662
0.662
0.406882
0.0634701
0.617311
0.312537
0.560595
0.662
0.349086
0.662
0.662
0.286352
0.662
0.662
0.662
0.438794
0.248683
0.662
0.411372
0.662
0.237084
0.238198
0.154976
0.662
0.0827684
0.662
0.662
0.662
0.188239
0.662
0.662
0.662
0.375993
0.662
0.0817018
0.305288
0.28489
0.308902
0.319216
0.248018
0.372646
0.662
0.662
0.662
0.403552
0.662
0.662
0.101737
0.662
0.662
0.166887
0.662
0.662
0.464349
0.662
0.662
0.237296
0.662
0.570677
0.00318859
0.449181
0.00756153
0.112492
0.431685
0.662
0.422955
0.662
0.662
0.662
0.662
0.335926
0.274201
0.385727
0.662
0.140906
0.206968
0.662
0.387073
0.261469
0.662
0.186235
0.662
0.662
0.662
0.662
0.662
0.662
0.289004
0.0589543
0.662
0.662
0.334865
0.662
0.662
0.0772732
0.662
0.315974
0.206686
0.662
0.160168
0.662
0.0324807
0.496577
0.662
0.662
0.453798
0.662
0.662
0.241371
0.662
0.108314
0.662
0.186253
0.527694
0.662
0.24201
0.662
0.662
0.662
0.192281
0.662
0.662
0.00349213
0.186624
0.662
0.242851
0.0154948
0.349368
0.105491
0.262687
0.662
0.662
0.368755
0.473861
0.0709475
0.360513
0.662
0.4185
0.662
0.38404
0.662
0.662
0.260087
0.429186
0.0379997
0.0289515
0.227863
0.393961
0.662
0.662
0.0331769
0.0233696
0.662
0.662
0.662
0.662
0.662
0.463202
0.662
0.662
0.662
0.199872
0.368777
0.662
0.662
0.662
0.156688
0.465166
0.662
0.140385
0.454705
0.662
0.662
0.341922
0.39353
0.165098
0.450483
0.259311
0.0822983
0.662
0.662
0.662
0.177898
0.221782
0.267129
0.458417
0.270004
0.662
0.354025
0.295295
0.662
0.395543
0.465148
0.0641419
0.662
0.662
0.662
0.4168
0.13661
0.11118
0.348627
0.273111
0.662
0.662
0.662
0.395904
0.141357
0.662
0.371004
0.400931
0.131193
0.452405
0.662
0.662
0.29497
0.662
0.662
0.662
0.423393
0.0885343
0.655006
0.490127
0.0428805
0.662
0.662
0.625504
0.0360227
0.662
0.662
0.662
0.662
0.662
0.662
0.662
0.278428
0.662
0.00558321
0.662
0.662
0.662
0.662
0.662
0.32083
0.427463
0.174314
0.267443
0.476917
0.662
0.662
0.132255
0.428019
0.662
0.662
0.662
0.332769
0.15703
0.389455
0.662
0.662
0.662
0.224944
0.662
0.600389
0.662
0.662
0.191107
0.191098
0.109048
0.662
0.306374
0.662
0.422315
0.0372224
0.0683308
0.662
0.388635
0.0293637
0.295202
0.662
0.342288
0.662
0.662
0.662
0.662
0.662
0.216458
0.282899
0.243851
0.662
0.662
0.662
0.662
0.28734
0.662
0.0409519
0.23583
0.332668
0.662
0.249681
0.339082
0.662
0.199372
0.304049
0.662
0.178053
0.300643
0.207261
0.662
0.39918
0.662
0.662
0.410414
0.662
0.662
0.378289
0.662
0.253928
0.452562
0.662
0.0031803
0.662
0.477038
0.662
0.662
0.459535
0.662
0.222426
0.662
0.662
0.0779415
0.559553
0.120611
0.635663
0.402618
0.2429
0.662
0.662
0.149191
0.662
0.662
0.200128
0.662
0.0737938
0.179481
0.527459
0.233158
0.335536
0.30741
0.662
0.290548
0.662
0.662
0.662
0.216
0.662
0.662
0.662
0.662
0.61805
0.350315
0.662
0.662
0.662
0.662
0.662
0.662
0.232823
0.458038
0.352465
0.662
0.662
0.427901
0.662
0.375571
0.27963
0.298723
0.662
0.662
0.0557885
0.355716
0.662
0.662
0.180168
0.0216846
0.662
0.282919
0.662
0.42933
0.662
0.662
0.662
0.662
0.111815
0.542209
0.0395712
0.662
0.544682
0.662
0.662
0.313349
0.23178
0.238265
0.514774
0.662
0.451213
0.0667714
0.417381
0.662
0.420027
0.662
0.181699
0.283638
0.439293
0.662
0.400702
0.612345
0.647625
0.662
0.662
0.153315
0.137245
0.662
0.308121
0.431888
0.0896533
0.523056
0.662
0.662
0.662
0.662
0.0772662
0.662
0.662
0.138865
0.662
0.662
0.662
0.366532
0.662
0.141426
0.111964
0.317624
0.267163
0.662
0.662
0.662
0.396023
0.662
0.662
0.0278465
0.662
0.0240937
0.662
0.662
0.662
0.662
0.662
0.662
0.662
0.662
0.19335
0.467185
0.662
0.662
0.662
0.467302
0.298931
0.662
0.30162
0.662
0.662
0.662
0.0456334
0.194071
0.428338
0.662
0.395415
0.163186
0.233373
0.364998
0.126795
0.211578
0.562224
0.137286
0.662
0.0469254
0.0629612
0.334886
0.0304315
0.417026
0.662
0.662
0.662
0.0930886
0.662
0.194896
0.109903
0.0184146
0.662
0.662
0.235989
0.662
0.662
0.407083
0.335068
0.662
0.193836
0.662
0.662
0.342547
0.662
0.662
0.226315
0.340629
0.662
0.0182721
0.0021215
0.662
0.169827
0.662
0.662
0.662
0.662
0.114147
0.118128
0.464395
0.662
0.662
0.213683
0.381427
0.194528
0.21307
0.662
0.150264
0.615355
0.38734
0.662
0.449711
0.662
0.590813
0.662
0.662
0.402849
0.439061
0.662
0.662
0.0455805
0.662
0.0857216
0.662
0.662
0.662
0.662
0.38226
0.662
0.223277
0.662
0.662
0.469109
0.367337
0.662
0.662
0.377907
0.0110177
0.662
0.662
0.477245
0.662
0.662
0.662
0.271981
0.0426289
0.662
0.662
0.371913
0.00567142
0.0764196
0.662
0.662
0.404207
0.41489
0.198942
0.0717248
0.418058
0.662
0.0155592
0.662
0.662
0.109811
0.662
0.662
0.662
0.662
0.662
0.315229
0.217793
0.23255
0.662
0.0544742
0.399606
0.662
0.202156
0.662
0.662
0.402227
0.662
0.662
0.0698771
0.662
0.662
0.0398934
0.0125932
0.339698
0.391077
0.172094
0.662
0.662
0.0873852
0.662
0.411447
0.63339
0.662
0.662
0.662
0.662
0.662
0.315827
0.662
0.662
0.662
0.255284
0.39006
0.662
0.321411
0.597582
0.662
0.662
0.306675
0.342163
0.662
0.0139602
0.662
0.662
0.462055
0.122791
0.662
0.326288
0.0614788
0.662
0.453874
0.662
0.274299
0.662
0.662
0.301222
0.662
0.273068
0.151869
0.36166
0.42217
0.662
0.662
0.662
0.214186
0.0964722
0.662
0.662
0.662
0.30681
0.0672755
0.662
0.21001
0.662
0.264306
0.662
0.232312
0.662
0.184963
0.0447481
0.662
0.662
0.662
0.662
0.105997
0.662
0.214085
0.662
0.48852
0.662
0.280633
0.0908968
0.662
0.435724
0.662
0.388286
0.464791
0.662
0.243054
0.662
0.662
0.662
0.662
0.662
0.662
0.115891
0.662
0.493913
0.136045
0.662
0.662
0.662
0.178835
0.454896
0.662
0.662
0.662
0.662
0.662
0.0208429
0.268323
0.249393
0.0287307
0.219785
0.662
0.662
0.343479
0.105114
0.662
0.662
0.33028
0.662
0.0198678
0.662
0.662
0.662
0.147474
0.266041
0.662
0.416529
0.474418
0.662
0.662
0.662
0.271256
0.662
0.0560488
0.0379662
0.392099
0.307993
0.662
0.662
0.662
0.662
0.662
0.662
0.662
0.662
0.237024
0.662
0.314062
0.662
0.354215
0.662
0.662
0.0800979
0.476365
0.106082
0.662
0.662
0.478175
0.0152691
0.662
0.052336
0.11593
0.662
0.662
0.201744
0.662
0.192505
0.206765
0.662
0.662
0.662
0.662
0.0790691
0.266122
0.414071
0.662
0.662
0.662
0.662
0.662
0.662
0.28743
0.16409
0.487756
0.662
0.662
0.662
0.662
0.417783
0.433956
0.330784
0.662
0.662
0.382365
0.662
0.662
0.322413
0.662
0.662
0.195857
0.163535
0.662
0.662
0.171931
0.198605
0.186014
0.662
0.183076
0.662
0.00905397
0.662
0.0839384
0.662
0.662
0.662
0.230579
0.430723
0.0133807
0.662
0.662
0.427956
0.294011
0.662
0.662
0.662
0.662
0.366364
0.662
0.662
0.662
0.143345
0.173421
0.0389481
0.19803
0.662
0.268544
0.232266
0.662
0.662
0.0288851
0.662
0.144241
0.183869
0.23138
0.440123
0.662
0.662
0.274098
0.0214
0.355209
0.62161
0.662
0.527821
0.20112
0.0999555
0.662
0.662
0.662
0.410679
0.662
0.625226
0.662
0.662
0.662
0.662
0.397883
0.662
0.153767
0.259767
0.601418
0.662
0.662
0.662
0.662
0.662
0.662
0.662
0.624596
0.364929
0.069586
0.0871574
0.662
0.293506
0.228528
0.649433
0.0597667
0.662
0.662
0.0354701
0.245916
0.662
0.0254458
0.662
0.165721
0.662
0.358558
0.662
0.662
0.0842627
0.357195
0.0908833
0.206926
0.27409
0.662
0.662
0.208291
0.662
0.439453
0.309895
0.662
0.662
0.217037
0.662
0.236041
0.110616
0.1956
0.662
0.0899603
0.317182
0.214908
0.662
0.662
0.113845
0.050829
0.289288
0.662
0.247222
0.0316502
0.0213684
0.321713
0.662
0.662
0.425753
0.21269
0.662
0.124676
0.192288
0.662
0.335862
0.464026
0.662
0.662
0.662
0.362338
0.662
0.359879
0.662
0.0591729
0.662
0.662
0.0951376
0.662
0.432551
0.662
0.662
0.411729
0.662
0.244813
0.0715377
0.10258
0.662
0.102429
0.132466
0.388124
0.317064
0.179122
0.458202
0.294992
0.159027
0.571379
0.662
0.662
0.662
0.350886
0.662
0.474819
0.662
0.662
0.662
0.332221
0.45263
0.662
0.222491
0.662
0.662
0.662
0.662
0.0394616
0.237647
0.662
0.269608
0.662
0.190017
0.662
0.662
0.662
0.428666
0.197821
0.662
0.662
0.662
0.662
0.312826
0.662
0.662
0.662
0.662
0.662
0.244837
0.187875
0.662
0.662
0.662
0.662
0.662
0.662
0.0899744
0.662
0.662
0.662
0.662
0.305612
0.470209
0.662
0.19341
0.463628
0.0402789
0.662
0.662
0.662
0.662
0.0743913
0.662
0.0789933
0.662
0.662
0.662
0.444143
0.394664
0.296998
0.494292
0.662
0.138273
0.662
0.372826
0.425859
0.0281805
0.482655
0.662
0.662
0.662
0.662
0.0165942
0.409211
0.0293931
0.662
0.662
0.662
0.151011
0.615123
0.662
0.662
0.213628
0.662
0.662
0.386742
0.587245
0.43196
0.221393
0.662
0.102023
0.662
0.662
0.146766
0.662
0.23344
0.662
0.250717
0.43423
0.662
0.0785994
0.662
0.268932
0.662
0.469131
0.393309
0.662
0.662
0.662
0.203514
0.36579
0.662
0.662
0.662
0.662
0.241855
0.662
0.325767
0.662
0.468545
0.662
0.452709
0.662
0.574807
0.662
0.322575
0.662
0.662
0.314744
0.662
0.106498
0.662
0.662
0.662
0.347917
0.100533
0.662
0.662
0.274311
0.103272
0.209161
0.662
0.169313
0.307854
0.0716992
0.0908953
0.260386
0.443133
0.461266
0.0863547
0.155979
0.662
0.662
0.662
0.473899
0.662
0.24573
0.662
0.662
0.471369
0.662
0.507607
0.662
0.662
0.662
0.190312
0.662
0.662
0.662
0.137076
0.662
0.347508
0.154974
0.662
0.662
0.0351352
0.395065
0.339535
0.248105
0.433352
0.662
0.662
0.662
0.174123
0.332986
0.662
0.0671625
0.168607
0.662
0.662
0.662
0.662
0.602218
0.662
0.662
0.0210595
0.419384
0.48452
0.206747
0.662
0.662
0.411045
0.473917
0.23291
0.106712
0.158331
0.662
0.662
0.662
0.662
0.662
0.662
0.662
0.662
0.662
0.662
0.474874
0.482885
0.0218551
0.236246
0.662
0.105539
0.473255
0.183704
0.662
0.517024
0.662
0.662
0.662
0.662
0.210925
0.448777
0.662
0.111732
0.159225
0.662
0.155471
0.143612
0.662
0.662
0.662
0.0797513
0.399856
0.187147
0.662
0.662
0.662
0.662
0.662
0.023274
0.105466
0.254973
0.662
0.662
0.367845
0.112029
0.662
0.662
0.382791
0.174245
0.662
0.662
0.344948
0.591052
0.662
0.662
0.662
0.420527
0.437105
0.662
0.662
0.662
0.662
0.283115
0.662
0.662
0.638604
0.285174
0.662
0.662
0.261062
0.496705
0.662
0.0228888
0.662
0.191227
0.374412
0.110932
0.195343
0.402325
0.662
0.0110149
0.662
0.406783
0.662
0.662
0.662
0.662
0.21118
0.334722
0.662
0.215367
0.261079
0.662
0.114016
0.662
0.470682
0.0647249
0.662
0.22898
0.0436455
0.662
0.471282
0.662
0.662
0.662
0.225391
0.662
0.386491
0.277755
0.187372
0.379134
0.662
0.346821
0.662
0.0414977
0.662
0.662
0.247862
0.00125939
0.465579
0.662
0.330569
0.1084
0.113034
0.0183628
0.662
0.662
0.662
0.662
0.662
0.301636
0.662
0.662
0.327398
0.392169
0.427429
0.662
0.647949
0.560817
0.509478
0.119702
0.174838
0.662
0.371352
0.662
0.662
0.458143
0.662
0.662
0.662
0.662
0.662
0.662
0.662
0.23986
0.662
0.662
0.662
0.662
0.0516777
0.662
0.662
0.662
0.662
0.662
0.456876
0.330855
0.662
0.486615
0.307354
0.662
0.662
0.380622
0.0476416
0.662
0.189496
0.662
0.0535741
0.662
0.662
0.662
0.237768
0.662
0.662
0.662
0.265356
0.418807
0.662
0.662
0.662
0.662
0.450961
0.662
0.662
0.422494
0.662
0.662
0.397592
0.662
0.662
0.629706
0.662
0.662
0.417284
0.0294098
0.180404
0.662
0.231806
0.196626
0.503971
0.00214698
0.662
0.459805
0.0153382
0.329263
0.368039
0.662
0.407915
0.233709
0.662
0.662
0.323266
0.662
0.243365
0.662
0.0608438
0.662
0.662
0.662
0.662
0.0945596
0.249547
0.662
0.662
0.439642
0.662
0.0598702
0.557902
0.662
0.159994
0.0266114
0.0439748
0.118283
0.662
0.205505
0.662
0.662
0.662
0.260313
0.662
0.209135
0.236031
0.662
0.662
0.433229
0.662
0.335653
0.662
0.662
0.0206606
0.662
0.662
0.222243
0.662
0.662
0.662
0.662
0.662
0.662
0.662
0.662
0.662
0.662
0.372141
0.230231
0.662
0.662
0.662
0.662
0.428865
0.662
0.0780847
0.328738
0.469077
0.248625
0.662
0.662
0.662
0.662
0.422526
0.0793501
0.185693
0.662
0.318828
0.50615
0.662
0.0528805
0.662
0.662
0.662
0.662
0.0280288
0.662
0.662
0.43472
0.662
0.662
0.257001
0.415539
0.297414
0.662
0.662
0.662
0.451043
0.345725
0.327497
0.662
0.210797
0.408509
0.662
0.662
0.662
0.662
0.662
0.244617
0.662
0.662
0.662
0.356213
0.662
0.662
0.647754
0.32304
0.662
0.662
0.662
0.662
0.662
0.381564
0.662
0.0565635
0.662
0.0438747
0.450121
0.438338
0.149075
0.662
0.0650834
0.473337
0.662
0.480786
0.11177
0.662
0.0226388
