0.662
0.0272907
0.662
0.662
0.662
0.106159
0.141664
0.336768
0.152747
0.662
0.662
0.662
0.382163
0.178745
0.662
0.509835
0.662
0.0558507
0.366291
0.167233
0.662
0.662
0.662
0.336195
0.662
0.662
0.662
0.320722
0.662
0.608353
0.182383
0.444074
0.662
0.662
0.662
0.662
0.111439
0.662
0.662
0.662
0.662
0.662
0.424085
0.662
0.662
0.662
0.351265
0.488841
0.443952
0.499665
0.662
0.0578352
0.223028
0.662
0.662
0.525564
0.343975
0.662
0.139662
0.662
0.417634
0.662
0.0189859
0.258963
0.286873
0.662
0.289195
0.662
0.550012
0.662
0.0991573
0.662
0.201389
0.662
0.0372714
0.662
0.662
0.662
0.372931
0.188952
0.41535
0.464162
0.662
0.27728
0.662
0.0369627
0.662
0.312722
0.662
0.100332
0.477628
0.0636337
0.262904
0.188418
0.43969
0.220247
0.662
0.662
0.215402
0.12379
0.355738
0.662
0.662
0.475424
0.121237
0.662
0.116142
0.662
0.662
0.662
0.0848464
0.662
0.081467
0.662
0.0269241
0.662
0.662
0.662
0.594251
0.662
0.662
0.160431
0.662
0.662
0.662
0.662
0.0786536
0.419805
0.662
0.217455
0.329545
0.351612
0.0934379
0.141409
0.0547433
0.416752
0.662
0.662
0.495997
0.315268
0.662
0.662
0.662
0.341033
0.662
0.662
0.449141
0.662
0.662
0.662
0.55298
0.376138
0.662
0.662
0.662
0.0870464
0.019575
0.368814
0.662
0.662
0.662
0.218271
0.17253
0.662
0.662
0.662
0.662
0.245618
0.662
0.662
0.662
0.662
0.662
0.662
0.26847
0.490316
0.662
0.662
0.37887
0.642452
0.662
0.662
0.662
0.190004
0.662
0.662
0.444307
0.137185
0.43833
0.662
0.596244
0.291789
0.662
0.662
0.0347776
0.394358
0.662
0.166185
0.229009
0.205647
0.307788
0.662
0.0283774
0.0494654
0.206493
0.380638
0.0128783
0.662
0.662
0.662
0.662
0.662
0.454945
0.127932
0.662
0.479204
0.288616
0.662
0.662
0.411382
0.530731
0.662
0.662
0.662
0.176157
0.662
0.0772701
0.0789844
0.291931
0.662
0.16202
0.322943
0.662
0.662
0.662
0.431865
0.662
0.437113
0.662
0.173368
0.662
0.662
0.662
0.0577122
0.0380811
0.662
0.662
0.662
0.187644
0.590526
0.215946
0.662
0.662
0.608141
0.380455
0.662
0.430117
0.662
0.387466
0.662
0.449355
0.254703
0.148056
0.483463
0.662
0.423131
0.662
0.39377
0.662
0.0135023
0.662
0.662
0.662
0.267373
0.662
0.294257
0.662
0.662
0.662
0.215789
0.126929
0.362339
0.227138
0.662
0.662
0.258815
0.0218156
0.662
0.662
0.662
0.381432
0.0533257
0.253369
0.662
0.662
0.408071
0.662
0.357547
0.662
0.256053
0.151071
0.264518
0.662
0.128677
0.42354
0.0810403
0.662
0.662
0.0341541
0.179315
0.662
0.662
0.111819
0.296792
0.662
0.662
0.0701666
0.114364
0.662
0.662
0.662
0.662
0.662
0.20668
0.00887649
0.318806
0.662
0.662
0.464078
0.384132
0.0400269
0.662
0.662
0.314752
0.643619
0.0638704
0.312937
0.662
0.299863
0.662
0.662
0.461874
0.662
0.662
0.662
0.109845
0.662
0.440979
0.662
0.662
0.662
0.405452
0.662
0.662
0.48159
0.137583
0.00117709
0.500425
0.191511
0.662
0.662
0.496424
0.2526
0.220089
0.662
0.268577
0.379999
0.0280051
0.662
0.0223627
0.418666
0.0241868
0.662
0.662
0.662
0.662
0.662
0.269211
0.385326
0.662
0.662
0.0141907
0.662
0.662
0.390516
0.662
0.662
0.437063
0.662
0.662
0.0125956
0.432693
0.215233
0.662
0.662
0.0868985
0.662
0.662
0.662
0.262133
0.426801
0.378525
0.429199
0.662
0.29811
0.662
0.662
0.0150826
0.469134
0.356829
0.662
0.347153
0.42007
0.662
0.497641
0.393197
0.662
0.662
0.662
0.131103
0.327302
0.662
0.662
0.662
0.662
0.401007
0.145422
0.428459
0.662
0.408789
0.168091
0.205703
0.143964
0.662
0.573907
0.662
0.420355
0.662
0.348005
0.662
0.0720244
0.140331
0.301065
0.0466737
0.662
0.662
0.662
0.662
0.662
0.399132
0.256538
0.215542
0.242533
0.662
0.313285
0.662
0.662
0.662
0.320883
0.168209
0.0354157
0.455847
0.662
0.662
0.187453
0.0423838
0.662
0.662
0.662
0.662
0.35234
0.662
0.207095
0.118466
0.662
0.345177
0.152189
0.662
0.662
0.662
0.662
0.662
0.662
0.185848
0.662
0.662
0.348845
0.662
0.662
0.435816
0.662
0.662
0.662
0.140722
0.440595
0.042621
0.17298
0.662
0.662
0.010143
0.662
0.662
0.662
0.377373
0.662
0.662
0.304487
0.662
0.662
0.662
0.457724
0.15062
0.439272
0.662
0.662
0.447506
0.662
0.662
0.406396
0.662
0.662
0.367299
0.662
0.662
0.482592
0.662
0.662
0.662
0.209668
0.103867
0.662
0.0516264
0.0419195
0.347326
0.662
0.26299
0.662
0.662
0.290951
0.662
0.662
0.662
0.662
0.662
0.662
0.662
0.211603
0.0587263
0.662
0.662
0.662
0.662
0.109043
0.269634
0.662
0.33582
0.662
0.662
0.662
0.261084
0.243372
0.662
0.406874
0.662
0.126697
0.0953083
0.0296707
0.488443
0.662
0.197085
0.473637
0.245022
0.35113
0.662
0.148501
0.662
0.0381209
0.662
0.662
0.662
0.0818149
0.662
0.662
0.662
0.662
0.662
0.0026655
0.662
0.662
0.0474994
0.662
0.662
0.411367
0.662
0.206817
0.376594
0.375412
0.460951
0.662
0.662
0.451011
0.662
0.360554
0.235363
0.00317403
0.200604
0.180983
0.662
0.150655
0.662
0.111503
0.363829
0.662
0.402458
0.662
0.662
0.662
0.358512
0.406233
0.133286
0.0323892
0.662
0.112932
0.339407
0.10051
0.211586
0.662
0.401205
0.317237
0.107147
0.148131
0.221647
0.662
0.196472
0.662
0.212366
0.662
0.506776
0.662
0.662
0.46069
0.308646
0.662
0.152063
0.662
0.0944104
0.662
0.662
0.0121468
0.662
0.414239
0.0154684
0.662
0.405969
0.662
0.662
0.662
0.302343
0.344906
0.267293
0.662
0.662
0.085467
0.394617
0.662
0.0884755
0.662
0.633694
0.662
0.277245
0.152028
0.662
0.662
0.662
0.662
0.662
0.239333
0.477102
0.662
0.44805
0.50839
0.662
0.662
0.662
0.662
0.604018
0.662
0.662
0.662
0.41879
0.662
0.662
0.149855
0.662
0.662
0.662
0.662
0.115255
0.662
0.662
0.0387022
0.324137
0.662
0.198374
0.127279
0.437881
0.422335
0.662
0.0828309
0.662
0.662
0.445706
0.662
0.662
0.208866
0.490951
0.662
0.425341
0.662
0.662
0.662
0.662
0.374023
0.349526
0.0552244
0.662
0.662
0.355088
0.662
0.662
0.281903
0.662
0.662
0.455987
0.662
0.474637
0.346111
0.662
0.439773
0.662
0.138729
0.113892
0.188309
0.662
0.103241
0.0970959
0.304177
0.223578
0.438326
0.662
0.662
0.24293
0.0803317
0.662
0.48796
0.129911
0.304542
0.662
0.662
0.662
0.380217
0.0831155
0.662
0.0467754
0.0306346
0.662
0.662
0.662
0.458512
0.662
0.662
0.662
0.0750108
0.662
0.662
0.662
0.00561578
0.472539
0.662
0.410205
0.558541
0.0726032
0.662
0.0437961
0.318008
0.169312
0.662
0.662
0.410194
0.453369
0.662
0.662
0.404155
0.264746
0.196502
0.662
0.662
0.288925
0.662
0.662
0.662
0.662
0.662
0.192654
0.662
0.662
0.662
0.662
0.0059972
0.365385
0.662
0.131447
0.662
0.359374
0.427365
0.107584
0.662
0.662
0.137939
0.662
0.459463
0.662
0.662
0.0648478
0.507891
0.662
0.595284
0.0054245
0.109557
0.424862
0.178908
0.0716658
0.662
0.271032
0.0821874
0.204761
0.662
0.662
0.662
0.403552
0.662
0.662
0.116859
0.662
0.662
0.0662059
0.662
0.662
0.662
0.0768391
0.662
0.443439
0.226792
0.662
0.269081
0.0294657
0.486613
0.662
0.0562943
0.662
0.172851
0.519791
0.662
0.662
0.662
0.40248
0.662
0.158801
0.662
0.191662
0.662
0.662
0.662
0.662
0.662
0.406739
0.0983547
0.63339
0.296088
0.0460942
0.662
0.662
0.361858
0.348919
0.0602876
0.433235
0.662
0.391991
0.469556
0.662
0.204976
0.662
0.662
0.585257
0.240891
0.662
0.0319526
0.662
0.318263
0.662
0.513953
0.471147
0.246742
0.662
0.662
0.662
0.662
0.662
0.662
0.389937
0.662
0.107488
0.614662
0.403242
0.662
0.662
0.123656
0.662
0.662
0.662
0.662
0.662
0.662
0.148564
0.662
0.662
0.662
0.662
0.662
0.29303
0.662
0.346686
0.422393
0.662
0.652622
0.290299
0.335653
0.662
0.662
0.511552
0.662
0.662
0.0598152
0.662
0.662
0.662
0.146197
0.372168
0.230542
0.109736
0.0567055
0.662
0.662
0.480754
0.662
0.562207
0.257634
0.662
0.662
0.662
0.400823
0.662
0.662
0.195849
0.43466
0.138824
0.038846
0.662
0.662
0.144461
0.24527
0.322876
0.662
0.662
0.535398
0.662
0.662
0.353295
0.628292
0.662
0.662
0.662
0.450678
0.662
0.662
0.662
0.233991
0.475217
0.662
0.662
0.662
0.359341
0.351226
0.662
0.662
0.420054
0.662
0.662
0.44748
0.662
0.662
0.662
0.662
0.662
0.0174262
0.662
0.289036
0.662
0.0585075
0.0756826
0.434668
0.662
0.662
0.662
0.662
0.178555
0.479888
0.338105
0.462146
0.0656456
0.662
0.167209
0.662
0.19252
0.137258
0.662
0.662
0.662
0.662
0.662
0.662
0.482251
0.353619
0.662
0.0528698
0.662
0.110556
0.40661
0.662
0.662
0.350091
0.662
0.471649
0.662
0.198342
0.662
0.310838
0.0959897
0.474795
0.0649575
0.363322
0.662
0.116528
0.122719
0.0816044
0.200948
0.662
0.4771
0.228773
0.662
0.426646
0.662
0.662
0.662
0.000658638
0.287055
0.157701
0.468687
0.503062
0.446412
0.396795
0.662
0.221209
0.404925
0.255905
0.473951
0.154993
0.472027
0.662
0.662
0.302282
0.358928
0.662
0.662
0.115894
0.327304
0.662
0.662
0.662
0.442652
0.662
0.662
0.397318
0.662
0.471632
0.149383
0.0633636
0.466802
0.662
0.556968
0.475174
0.662
0.243738
0.296402
0.662
0.662
0.662
0.662
0.417214
0.585404
0.662
0.450318
0.346952
0.662
0.662
0.245364
0.662
0.662
0.516038
0.444941
0.0296767
0.277021
0.275975
0.662
0.208193
0.505424
0.132295
0.00619607
0.461524
0.213358
0.662
0.662
0.3145
0.662
0.121329
0.662
0.662
0.440409
0.662
0.422406
0.235222
0.662
0.339227
0.662
0.190008
0.662
0.662
0.662
0.662
0.662
0.547787
0.49314
0.662
0.379617
0.662
0.452003
0.387861
0.662
0.387319
0.631069
0.662
0.422482
0.367018
0.65931
0.662
0.307626
0.662
0.662
0.662
0.662
0.662
0.662
0.662
0.253838
0.622805
0.662
0.662
0.461993
0.662
0.662
0.662
0.662
0.662
0.457449
0.216059
0.425897
0.662
0.662
0.423254
0.662
