0.527694
0.662
0.271779
0.206968
0.662
0.662
0.662
0.0383803
0.662
0.476621
0.431355
0.662
0.00184087
0.662
0.662
0.42933
0.216
0.662
0.662
0.392233
0.662
0.662
0.662
0.662
0.20813
0.662
0.264436
0.15957
0.649754
0.163375
0.438794
0.274098
0.662
0.662
0.662
0.662
0.395429
0.662
0.370714
0.662
0.662
0.662
0.662
0.662
0.662
0.662
0.662
0.662
0.662
0.414229
0.158577
0.327708
0.000908659
0.0501182
0.662
0.315548
0.378289
0.662
0.662
0.662
0.349015
0.662
0.662
0.662
0.662
0.62161
0.662
0.662
0.473917
0.662
0.289984
0.199673
0.403552
0.662
0.397263
0.0394616
0.155979
0.662
0.662
0.0173807
0.542209
0.0720668
0.225391
0.662
0.390209
0.662
0.216842
0.662
0.389993
0.662
0.38734
0.662
0.662
0.469109
0.142718
0.0919936
0.286954
0.662
0.0384863
0.662
0.662
0.198467
0.662
0.21422
0.0312258
0.102023
0.662
0.102688
0.372593
0.662
0.662
0.194071
0.662
0.323266
0.662
0.662
0.662
0.662
0.662
0.242551
0.270544
0.143612
0.444119
0.50749
0.496577
0.662
0.0973785
0.662
0.118793
0.662
0.154894
0.662
0.315587
0.662
0.143994
0.662
0.0466439
0.662
0.419874
0.662
0.662
0.662
0.662
0.662
0.662
0.365927
0.629706
0.662
0.659579
0.0976331
0.662
0.352748
0.100535
0.13621
0.662
0.662
0.662
0.63761
0.662
0.373952
0.237024
0.662
0.353114
0.268932
0.662
0.411788
0.662
0.662
0.0895146
0.329919
0.662
0.662
0.208407
0.662
0.662
0.301154
0.423519
0.265184
0.662
0.662
0.662
0.561989
0.382439
0.214105
0.662
0.199372
0.582758
0.640304
0.662
0.662
0.0281805
0.662
0.662
0.662
0.662
0.42979
0.179481
0.662
0.662
0.662
0.662
0.662
0.662
0.662
0.662
0.0717248
0.662
0.263105
0.662
0.432551
0.662
0.222426
0.200574
0.662
0.662
0.662
0.662
0.335653
0.332815
0.662
0.288441
0.662
0.612345
0.662
0.662
0.473029
0.183869
0.147474
0.662
0.662
0.662
0.662
0.104156
0.468638
0.159027
0.662
0.209296
0.350315
0.662
0.539167
0.662
0.662
0.662
0.662
0.0845994
0.486615
0.662
0.662
0.141719
0.320936
0.207706
0.662
0.239644
0.662
0.662
0.192249
0.662
0.662
0.662
0.325007
0.662
0.535875
0.342288
0.662
0.139024
0.662
0.662
0.662
0.662
0.0756283
0.0472088
0.413756
0.662
0.662
0.662
0.662
0.662
0.326288
0.662
0.662
0.0322193
0.662
0.286501
0.662
0.115891
0.662
0.246205
0.662
0.473899
0.662
0.619282
0.138237
0.662
0.236171
0.396755
0.0750944
0.662
0.662
0.662
0.193553
0.662
0.662
0.662
0.662
0.662
0.433352
0.662
0.324033
0.527821
0.300643
0.662
0.662
0.205234
0.119488
0.662
0.402849
0.662
0.0594156
0.662
0.229375
0.662
0.662
0.293813
0.00996756
0.432476
0.662
0.662
0.160218
0.41511
0.400319
0.62897
0.662
0.662
0.0543151
0.662
0.662
0.207104
0.662
0.662
0.382761
0.301222
0.662
0.48852
0.662
0.662
0.209844
0.662
0.662
0.662
0.342163
0.411447
0.662
0.169827
0.662
0.247222
0.265733
0.662
0.662
0.446532
0.33207
0.662
0.662
0.662
0.0940832
0.213683
0.208291
0.662
0.662
0.216387
0.267163
0.662
0.662
0.662
0.662
0.662
0.662
0.662
0.308258
0.662
0.662
0.662
0.349618
0.280633
0.423556
0.447292
0.662
0.662
0.662
0.662
0.662
0.662
0.230894
0.662
0.292262
0.209258
0.662
0.662
0.497651
0.662
0.662
0.23818
0.662
0.081003
0.662
0.0331915
0.0565635
0.662
0.339535
0.139585
0.0565276
0.105036
0.662
0.662
0.177357
0.166887
0.662
0.662
0.24407
0.662
0.662
0.261079
0.32083
0.0737804
0.471496
0.662
0.278745
0.662
0.662
0.0334077
0.662
0.105539
0.281811
0.662
0.662
0.662
0.662
0.662
0.662
0.2773
0.662
0.0304315
0.248863
0.662
0.662
0.422955
0.662
0.662
0.662
0.466801
0.19341
0.254859
0.662
0.250717
0.662
0.571379
0.662
0.662
0.449943
0.397883
0.662
0.228556
0.0973713
0.662
0.570737
0.368574
0.36349
0.662
0.662
0.662
0.662
0.305612
0.662
0.662
0.662
0.662
0.635663
0.662
0.430162
0.662
0.243054
0.662
0.662
0.662
0.373215
0.662
0.662
0.662
0.662
0.662
0.161482
0.397592
0.662
0.382791
0.662
0.662
0.415674
0.0255069
0.662
0.662
0.662
0.662
0.662
0.662
0.662
0.247474
0.248732
0.662
0.662
0.216951
0.420456
0.662
0.662
0.662
0.105466
0.662
0.662
0.0500825
0.662
0.662
0.662
0.662
0.662
0.662
0.153315
0.662
0.662
0.247862
0.208879
0.662
0.0370891
0.21307
0.0402789
0.172094
0.662
0.662
0.662
0.662
0.662
0.118128
0.662
0.662
0.662
0.662
0.662
0.0354897
0.472841
0.662
0.261849
0.114698
0.180134
0.662
0.262687
0.662
0.273838
0.662
0.395065
0.0899744
0.662
0.30842
0.662
0.662
0.662
0.662
0.648707
0.662
0.662
0.0527302
0.662
0.0932329
0.662
0.662
0.662
0.463471
0.662
0.662
0.662
0.662
0.177935
0.1084
0.662
0.0479345
0.171931
0.662
0.662
0.634374
0.625226
0.12235
0.394664
0.371352
0.662
0.246142
0.205905
0.325835
0.662
0.662
0.662
0.334886
0.662
0.12343
0.0963459
0.183076
0.662
0.251255
0.662
0.662
0.302768
0.195572
0.662
0.468724
0.124806
0.598463
0.399856
0.662
0.662
0.282633
0.105377
0.357195
0.151852
0.662
0.27969
0.384956
0.662
0.385727
0.662
0.662
0.662
0.235166
0.662
0.662
0.63483
0.178296
0.662
0.123421
0.662
0.364929
0.662
0.662
0.11118
0.139083
0.662
0.269608
0.557299
0.211613
0.662
0.518606
0.662
0.662
0.288925
0.662
0.662
0.453464
0.662
0.0427661
0.662
0.662
0.190606
0.447011
0.4411
0.174123
0.342181
0.662
0.662
0.662
0.184963
0.298266
0.254932
0.335658
0.0316455
0.662
0.0767384
0.00233641
0.662
0.662
0.197079
0.662
0.662
0.0759259
0.44983
0.283638
0.662
0.662
0.119702
0.662
0.662
0.662
0.662
0.515419
0.459869
0.662
0.662
0.151408
0.0457221
0.662
0.662
0.228494
0.662
0.662
0.37685
0.662
0.482885
0.662
0.195146
0.662
0.662
0.662
0.0709475
0.662
0.662
0.662
0.585065
0.662
0.662
0.354025
0.662
0.662
0.135156
0.418807
0.662
0.662
0.662
0.662
0.545265
0.662
0.107914
0.662
0.395744
0.100613
0.662
0.430386
0.213098
0.662
0.288904
0.662
0.662
0.662
0.23344
0.370395
0.271791
0.662
0.662
0.662
0.662
0.662
0.662
0.662
0.662
0.313043
0.0198678
0.662
0.0594574
0.662
0.662
0.420027
0.662
0.430723
0.662
0.0764196
0.662
0.158331
0.400702
0.662
0.662
0.354352
0.0742263
0.662
0.662
0.662
0.662
0.0857216
0.662
0.241433
0.662
0.494401
0.662
0.529674
0.0589543
0.662
0.662
0.0879804
0.662
0.444114
0.662
0.339902
0.0183443
0.662
0.662
0.633391
0.662
0.662
0.474874
0.305854
0.662
0.662
0.662
0.662
0.33029
0.662
0.662
0.0560488
0.168593
0.662
0.459805
0.662
0.662
0.662
0.662
0.662
0.662
0.38404
0.662
0.214085
0.357156
0.662
0.662
0.662
0.30681
0.109048
0.662
0.382995
0.0254458
0.354944
0.662
0.662
0.662
0.662
0.662
0.662
0.662
0.662
0.249393
0.662
0.662
0.180279
0.4838
0.552493
0.662
0.246479
0.662
0.662
0.504562
0.399606
0.662
0.662
0.0789933
0.0500053
0.375993
0.662
0.662
0.662
0.662
0.134005
0.410886
0.662
0.662
0.431801
0.662
0.493913
0.038919
0.662
0.662
0.487249
0.662
0.395193
0.260357
0.662
0.290109
0.273876
0.662
0.351448
0.662
0.662
0.295295
0.662
0.0148401
0.662
0.662
0.662
0.662
0.547342
0.0628096
0.476171
0.662
0.122927
0.662
0.662
0.662
0.409642
0.662
0.373961
0.662
0.662
0.662
0.0698771
0.470579
0.294343
0.28785
0.445813
0.662
0.293826
0.3102
0.0289515
0.662
0.662
0.350398
0.662
0.15496
0.45553
0.241641
0.662
0.662
0.662
0.421993
0.662
0.196158
0.290239
0.486662
0.330784
0.195343
0.190708
0.662
0.22319
0.662
0.662
0.366979
0.348634
0.251321
0.334718
0.140385
0.638604
0.662
0.343682
0.069586
0.428865
0.320637
0.356125
