0.662
0.198605
0.291202
0.662
0.54503
0.662
0.662
0.662
0.662
0.493913
0.662
0.662
0.371348
0.662
0.662
0.662
0.28204
0.462231
0.662
0.050829
0.662
0.662
0.662
0.33867
0.662
0.11118
0.415337
0.0926703
0.196341
0.0857216
0.471496
0.0832867
0.662
0.662
0.662
0.151408
0.662
0.662
0.662
0.662
0.31217
0.193766
0.527459
0.662
0.662
0.367845
0.662
0.662
0.102688
0.353808
0.662
0.156538
0.662
0.662
0.662
0.662
0.459535
0.122932
0.662
0.662
0.330855
0.662
0.662
0.662
0.662
0.22126
0.662
0.433229
0.570737
0.216836
0.662
0.138737
0.139083
0.662
0.214186
0.662
0.520336
0.662
0.662
0.662
0.662
0.662
0.454896
0.447292
0.612345
0.662
0.439285
0.224573
0.662
0.662
0.266
0.115185
0.487249
0.662
0.662
0.662
0.557299
0.254538
0.319321
0.662
0.662
0.662
0.662
0.602895
0.371913
0.662
0.0352351
0.662
0.430829
0.662
0.662
0.00224243
0.662
0.662
0.662
0.288925
0.228556
0.662
0.662
0.141426
0.192584
0.400319
0.662
0.662
0.163135
0.208879
0.311636
0.662
0.551724
0.662
0.221661
0.662
0.662
0.0510296
0.662
0.260357
0.662
0.662
0.662
0.662
0.470209
0.395744
0.662
0.0680408
0.503997
0.15279
0.662
0.438583
0.662
0.294343
0.662
0.154894
0.662
0.662
0.662
0.0979442
0.662
0.357156
0.113782
0.662
0.213156
0.221108
0.662
0.0613063
0.571379
0.349086
0.662
0.0977193
0.662
0.662
0.662
0.00558321
0.662
0.662
0.662
0.655006
0.0175523
0.0759259
0.23344
0.531389
0.0709475
0.0133807
0.662
0.662
0.662
0.662
0.662
0.662
0.662
0.662
0.662
0.00151264
0.417381
0.662
0.014783
0.662
0.638604
0.0756283
0.662
0.262687
0.662
0.0598702
0.0805084
0.662
0.662
0.662
0.0591729
0.420027
0.662
0.662
0.566801
0.342288
0.662
0.167002
0.161482
0.581445
0.662
0.23133
0.470655
0.662
0.662
0.662
0.662
0.237084
0.310736
0.149466
0.318828
0.021236
0.293049
0.269263
0.455456
0.0991892
0.283638
0.360899
0.662
0.662
0.662
0.160218
0.270212
0.662
0.662
0.662
0.39272
0.662
0.662
0.0790464
0.168607
0.662
0.662
0.662
0.423556
0.382761
0.662
0.301154
0.662
0.162743
0.0790691
0.155665
0.359579
0.239137
0.662
0.662
0.171855
0.156866
0.662
0.35832
0.362123
0.662
0.038919
0.662
0.113072
0.662
0.662
0.662
0.439293
0.442307
0.662
0.474819
0.207706
0.662
0.424066
0.662
0.662
0.139431
0.120617
0.370714
0.201497
0.662
0.662
0.662
0.662
0.662
0.106082
0.165721
0.202882
0.662
0.662
0.137192
0.300643
0.662
0.662
0.276684
0.662
0.662
0.662
0.282656
0.117855
0.321576
0.662
0.352748
0.662
0.662
0.662
0.072526
0.662
0.210093
0.224566
0.61805
0.402849
0.662
0.451213
0.177898
0.662
0.662
0.248105
0.662
0.662
0.418807
0.171373
0.306788
0.301677
0.662
0.6298
0.0862285
0.662
0.662
0.662
0.483815
0.0198678
0.0534814
0.662
0.12343
0.20261
0.662
0.662
0.50749
0.246205
0.662
0.662
0.219938
0.662
0.0799441
0.116573
0.318928
0.357195
0.662
0.662
0.662
0.662
0.662
0.261062
0.662
0.147474
0.662
0.0061624
0.465148
0.450483
0.662
0.662
0.129458
0.246142
0.662
0.662
0.662
0.156688
0.662
0.127047
0.662
0.662
0.662
0.292622
0.463471
0.410679
0.662
0.662
0.662
0.437273
0.173578
0.294992
0.108314
0.184963
0.662
0.662
0.662
0.159051
0.662
0.662
0.365901
0.0919936
0.437173
0.662
0.662
0.662
0.0552848
0.662
0.662
0.132466
0.486615
0.0662917
0.367656
0.662
0.135156
0.0123228
0.512971
0.450394
0.13621
0.247862
0.421016
0.662
0.662
0.662
0.662
0.662
0.151852
0.388714
0.662
0.662
0.270383
0.45786
0.662
0.662
0.201275
0.119702
0.446532
0.662
0.662
0.662
0.662
0.662
0.0266114
0.308248
0.662
0.662
0.662
0.662
0.662
0.662
0.322413
0.0565276
0.199412
0.413476
0.46451
0.662
0.057676
0.662
0.662
0.662
0.662
0.662
0.662
0.662
0.662
0.216947
0.425859
0.334886
0.42217
0.405815
0.662
0.662
0.324965
0.389993
0.220897
0.433872
0.662
0.347508
0.0894604
0.341922
0.351071
0.159624
0.0232953
0.662
0.396928
0.662
0.186162
0.356405
0.662
0.480786
0.290239
0.399856
0.662
0.0781018
0.662
0.662
0.0896533
0.662
0.662
0.662
0.265733
0.308258
0.662
0.662
0.399606
0.662
0.0254458
0.662
0.463628
0.662
0.662
0.364929
0.662
0.662
0.311481
0.203514
0.359201
0.0153163
0.662
0.662
0.662
0.662
0.662
0.174123
0.662
0.662
0.562224
0.036864
0.662
0.354944
0.662
0.662
0.0173807
0.662
0.662
0.662
0.454822
0.662
0.0973785
0.504562
0.662
0.662
0.662
0.662
0.662
0.662
0.662
0.27091
0.662
0.289288
0.183731
0.662
0.0362563
0.00551226
0.662
0.662
0.279005
0.348758
0.662
0.662
0.225391
0.330569
0.662
0.163375
0.662
0.662
0.404694
0.255284
0.351643
0.662
0.30681
0.00696848
0.662
0.0963459
0.305527
0.662
0.662
0.662
0.662
0.662
0.662
0.662
0.447011
0.0900445
0.276954
0.662
0.662
0.561989
0.662
0.052336
0.662
0.662
0.662
0.232312
0.662
0.662
0.347442
0.269608
0.279251
0.662
0.662
0.662
0.662
0.340011
0.662
0.221337
0.261079
0.463155
0.662
0.662
0.662
0.0764196
0.662
0.662
0.323266
0.662
0.662
0.662
0.662
0.146766
0.662
0.288211
0.474874
0.662
0.662
0.290692
0.662
0.422526
0.232728
0.662
0.413756
0.662
0.0871574
0.662
0.236171
0.662
0.417333
0.662
0.213683
0.662
0.214908
0.181469
0.195857
0.467302
0.0789933
0.662
0.195572
0.371201
0.293506
0.662
0.0428805
0.114698
0.662
0.662
0.662
0.166887
0.662
0.46976
0.662
0.0541451
0.662
0.662
0.0394616
0.662
0.662
0.662
0.230894
0.249681
0.662
0.171634
0.662
0.662
0.12235
0.424894
0.662
0.069586
0.662
0.662
0.662
0.43548
0.194638
0.446872
0.465964
0.662
0.662
0.662
0.662
0.662
0.662
0.288441
0.343479
0.662
0.216842
0.662
0.662
0.662
0.305612
0.647754
0.662
0.662
0.662
0.662
0.0395712
0.459759
0.662
0.662
0.397883
0.662
0.662
0.617311
0.469077
0.662
0.225543
0.047388
0.662
0.662
0.433352
0.155979
0.451582
0.0709205
0.355415
0.0772732
0.662
0.662
0.662
0.662
0.662
0.573722
0.662
0.662
0.0469254
0.662
0.662
0.181254
0.313517
0.662
0.352465
0.1764
0.223251
0.332201
0.662
0.526962
0.662
0.662
0.222858
0.353904
0.662
0.662
0.662
0.011593
0.662
0.371352
0.332815
0.662
0.662
0.428865
0.246737
0.662
0.662
0.662
0.339535
0.348454
0.662
0.662
0.662
0.662
0.662
0.662
0.662
0.239644
0.27913
0.0114243
0.662
0.162145
0.662
0.464026
0.313252
0.662
0.224147
0.662
0.662
0.662
0.189146
0.662
0.662
0.662
0.413336
0.662
0.490078
0.122707
0.662
0.662
0.165092
0.662
0.662
0.280633
0.662
0.230717
0.662
0.662
0.662
0.416631
0.662
0.662
0.0970061
0.54012
0.315974
0.24201
0.662
0.662
0.662
0.662
0.662
0.662
0.662
0.662
0.662
0.293813
0.662
0.391077
0.15957
0.0767348
0.278745
0.604189
0.662
0.662
0.662
0.662
0.572481
0.662
0.662
0.662
0.446546
0.130569
0.177357
0.662
0.0985882
0.0292214
0.346097
0.662
0.662
0.265356
0.22898
0.222243
0.0065591
0.662
0.180168
0.170607
0.420156
0.662
0.0240078
0.662
0.286954
0.0322193
0.662
0.219544
0.0640615
0.365927
0.45553
0.259917
0.012312
0.373722
0.254859
0.473899
0.320597
0.515419
0.206426
0.662
0.496578
0.662
0.662
0.4838
0.662
0.0278465
0.237647
0.311337
0.662
0.313043
0.662
0.662
0.0484615
0.662
0.662
0.662
0.662
0.448902
0.662
0.662
0.473917
0.366979
0.18397
0.662
0.662
0.662
0.1084
0.662
0.662
0.662
0.662
0.662
0.662
0.262962
0.201321
0.662
0.662
0.431679
0.662
0.662
0.662
0.662
0.662
0.0238522
0.662
0.662
0.404634
0.662
0.662
0.271779
0.0126976
0.662
0.199673
0.662
0.662
0.662
0.662
0.458038
0.370953
0.335068
0.662
0.662
0.00712173
0.0698771
0.662
0.662
0.662
0.263432
0.662
0.662
0.237296
0.662
0.137076
0.360873
0.328781
0.662
0.662
0.366108
0.662
0.309362
0.0822983
0.662
0.662
0.00160207
0.662
0.662
0.116582
0.662
0.662
0.310145
0.662
0.662
0.662
0.662
0.268932
0.0373366
0.0411249
0.373215
0.356926
0.662
0.662
0.662
0.195146
0.301222
0.158577
0.327282
0.662
0.0348414
0.0610224
0.291977
0.232266
0.662
0.376508
0.662
0.268749
0.662
0.662
0.662
0.662
0.662
0.397592
0.662
0.169113
0.662
0.180404
0.607414
0.662
0.662
0.662
0.600689
0.662
0.111355
0.662
0.662
0.662
0.207509
0.662
0.662
0.662
0.283115
0.430162
0.0879804
0.450961
0.297861
0.225025
0.662
0.662
0.662
0.503971
0.350315
0.145415
0.353197
0.662
0.662
0.662
0.662
0.273838
0.662
0.0553224
0.335658
0.662
0.330784
0.662
0.101881
0.662
0.662
0.167692
0.662
0.662
0.662
0.417026
0.439237
0.469109
0.662
0.662
0.662
