0.464468
0.662
0.662
0.662
0.662
0.0544494
0.662
0.662
0.294468
0.282547
0.37651
0.662
0.438879
0.662
0.259466
0.2202
0.662
0.298689
0.341236
0.662
0.662
0.128338
0.199576
0.599234
0.214502
0.0253714
0.0653732
0.662
0.662
0.662
0.662
0.662
0.14074
0.662
0.662
0.158632
0.662
0.128017
0.662
0.210046
0.662
0.267062
0.662
0.662
0.662
0.662
0.0368212
0.233036
0.662
0.567456
0.662
0.662
0.189297
0.633761
0.662
0.662
0.201669
0.662
0.250036
0.0161169
0.662
0.211906
0.161659
0.108459
0.662
0.662
0.40956
0.302095
0.662
0.556686
0.426473
0.662
0.014146
0.435924
0.379938
0.261217
0.0439147
0.662
0.662
0.0452957
0.662
0.361191
0.310467
0.662
0.662
0.662
0.338808
0.170183
0.662
0.662
0.247543
0.475935
0.119372
0.392519
0.662
0.40682
0.662
0.236161
0.202648
0.291517
0.662
0.239675
0.662
0.188567
0.662
0.662
0.662
0.662
0.398866
0.329573
0.662
0.3821
0.662
0.335034
0.662
0.662
0.662
0.662
0.662
0.346046
0.662
0.662
0.662
0.325274
0.662
0.662
0.145704
0.334823
0.662
0.662
0.662
0.662
0.4757
0.448962
0.662
0.662
0.662
0.055018
0.662
0.33967
0.220624
0.382155
0.291301
0.662
0.190883
0.410722
0.215677
0.662
0.662
0.662
0.662
0.315468
0.309133
0.662
0.284161
0.13268
0.29044
0.250678
0.043278
0.034059
0.243728
0.252503
0.384923
0.456782
0.033285
0.0388468
0.20616
0.662
0.662
0.0536181
0.289992
0.662
0.429301
0.272009
0.304847
0.662
0.109219
0.662
0.1962
0.662
0.453389
0.662
0.662
0.429092
0.662
0.196667
0.662
0.194355
0.389025
0.662
0.662
0.662
0.0932094
0.662
0.662
0.512217
0.662
0.662
0.265297
0.0504115
0.260169
0.374365
0.603586
0.662
0.662
0.662
0.496781
0.662
0.459323
0.115628
0.662
0.0472022
0.451311
0.204267
0.662
0.42573
0.662
0.662
0.662
0.412277
0.159152
0.662
0.375729
0.0135014
0.361234
0.451289
0.00464975
0.662
0.224302
0.662
0.399968
0.662
0.662
0.472997
0.0168864
0.662
0.15986
0.662
0.100905
0.662
0.662
0.511225
0.662
0.662
0.0490829
0.629706
0.10341
0.662
0.662
0.000563044
0.410861
0.383073
0.662
0.662
0.0338325
0.368422
0.00202179
0.662
0.275751
0.662
0.220256
0.283703
0.662
0.0911688
0.662
0.590226
0.662
0.662
0.0467623
0.662
0.662
0.662
0.662
0.662
0.662
0.662
0.662
0.662
0.372545
0.662
0.291707
0.000576119
0.235193
0.207582
0.662
0.662
0.0552396
0.662
0.13133
0.662
0.492919
0.342849
0.662
0.439235
0.662
0.211405
0.662
0.662
0.662
0.662
0.409766
0.662
0.420798
0.39572
0.662
0.0366454
0.230208
0.662
0.316091
0.662
0.662
0.0178699
0.662
0.455569
0.212066
0.314808
0.662
0.528882
0.662
0.662
0.49129
0.305546
0.662
0.279403
0.662
0.662
0.662
0.662
0.481098
0.662
0.390097
0.662
0.662
0.662
0.662
0.317371
0.485711
0.662
0.443219
0.662
0.0329976
0.662
0.662
0.0983786
0.443463
0.662
0.272235
0.662
0.662
0.662
0.296937
0.662
0.662
0.416596
0.403476
0.662
0.662
0.662
0.662
0.662
0.00278841
0.662
0.345207
0.402918
0.148541
0.662
0.448592
0.662
0.563632
0.662
0.128715
0.464605
0.047186
0.469355
0.216776
0.0063794
0.222111
0.204282
0.441105
0.662
0.662
0.549904
0.11782
0.662
0.662
0.662
0.662
0.662
0.662
0.662
0.662
0.537492
0.217301
0.314021
0.345894
0.652732
0.662
0.474273
0.108627
0.0865429
0.354926
0.662
0.662
0.276663
0.175588
0.0849731
0.662
0.170232
0.662
0.662
0.0554681
0.447352
0.468069
0.143529
0.209504
0.662
0.662
0.662
0.107287
0.0797293
0.0820116
0.432877
0.662
0.662
0.375203
0.662
0.662
0.662
0.0795163
0.410551
0.105808
0.662
0.662
0.662
0.662
0.662
0.169385
0.321968
0.662
0.662
0.662
0.282392
0.662
0.662
0.662
0.289231
0.323619
0.662
0.0679322
0.235658
0.48446
0.101183
0.662
0.426078
0.662
0.158834
0.662
0.142289
0.124763
0.662
0.662
0.0315693
0.662
0.0512126
0.662
0.653292
0.0611076
0.341357
0.662
0.662
0.662
0.662
0.410291
0.662
0.662
0.662
0.662
0.0577819
0.662
0.662
0.267745
0.378645
0.232644
0.662
0.397593
0.662
0.293717
0.426489
0.662
0.302515
0.662
0.662
0.662
0.662
0.662
0.405968
0.302549
0.265913
0.401688
0.115224
0.230793
0.662
0.0451491
0.662
0.118382
0.662
0.0407171
0.499033
0.439721
0.155747
0.124006
0.662
0.662
0.448
0.322755
0.662
0.662
0.662
0.157219
0.662
0.662
0.662
0.182099
0.200149
0.409285
0.474996
0.662
0.191564
0.662
0.662
0.662
0.662
0.662
0.143102
0.662
0.029024
0.0363258
0.360496
0.203523
0.516815
0.662
0.144833
0.662
0.430347
0.300508
0.662
0.00531876
0.260602
0.21157
0.662
0.662
0.662
0.662
0.306184
0.662
0.662
0.274889
0.662
0.541733
0.662
0.592352
0.0879887
0.502939
0.662
0.0562587
0.136838
0.108123
0.126928
0.662
0.662
0.662
0.205758
0.304419
0.415271
0.488609
0.662
0.662
0.662
0.275266
0.662
0.023329
0.159264
0.493847
0.662
0.662
0.286213
0.662
0.367316
0.662
0.662
0.127088
0.662
0.662
0.662
0.427284
0.662
0.662
0.237661
0.662
0.451945
0.240105
0.366624
0.662
0.662
0.662
0.210222
0.662
0.0383469
0.208156
0.257631
0.219075
0.662
0.123886
0.662
0.1723
0.662
0.239667
0.662
0.388926
0.662
0.662
0.450118
0.406872
0.268339
0.216317
0.242964
0.662
0.454034
0.146683
0.139919
0.662
0.662
0.0136712
0.0550469
0.662
0.662
0.662
0.662
0.300696
0.662
0.294446
0.501134
0.382376
0.662
0.662
0.662
0.662
0.662
0.662
0.442688
0.198669
0.0188496
0.219266
0.107164
0.455473
0.174843
0.386503
0.662
0.238398
0.241072
0.662
0.34243
0.662
0.662
0.662
0.186622
0.140413
0.154625
0.44401
0.343263
0.271512
0.283506
0.342937
0.344778
0.0527416
0.662
0.268658
0.373608
0.662
0.599065
0.662
0.662
0.662
0.570681
0.662
0.00238159
0.56613
0.454921
0.453763
0.440147
0.662
0.662
0.332617
0.296981
0.662
0.23711
0.386575
0.421014
0.365839
0.309446
0.0700359
0.662
0.436559
0.391569
0.198298
0.222926
0.0358663
0.662
0.662
0.0755596
0.662
0.662
0.662
0.662
0.662
0.662
0.662
0.662
0.662
0.662
0.662
0.662
0.662
0.662
0.662
0.662
0.406302
0.662
0.662
0.662
0.662
0.662
0.662
0.662
0.169026
0.204226
0.12669
0.101329
0.662
0.662
0.446858
0.662
0.400082
0.662
0.170217
0.118187
0.662
0.662
0.662
0.581464
0.370367
0.662
0.226636
0.0547366
0.224479
0.221942
0.662
0.130631
0.662
0.662
0.136509
0.396427
0.19216
0.662
0.123635
0.296184
0.402446
0.176436
0.662
0.336985
0.311342
0.662
0.662
0.662
0.662
0.243251
0.662
