0.662
0.0473552
0.662
0.662
0.662
0.280062
0.0356425
0.23047
0.662
0.229791
0.224397
0.662
0.141826
0.662
0.22599
0.662
0.662
0.662
0.662
0.662
0.0502671
0.662
0.416802
0.344385
0.662
0.662
0.662
0.662
0.662
0.662
0.00941365
0.662
0.317154
0.662
0.62897
0.304858
0.307101
0.662
0.662
0.662
0.193843
0.263496
0.662
0.662
0.280756
0.432361
0.556055
0.662
0.496891
0.31191
0.339279
0.662
0.662
0.662
0.662
0.662
0.298137
0.149692
0.662
0.662
0.662
0.662
0.662
0.662
0.127997
0.0959675
0.137897
0.337329
0.662
0.662
0.200539
0.279626
0.662
0.0783946
0.662
0.662
0.662
0.11877
0.00275993
0.390267
0.373404
0.125452
0.662
0.662
0.544918
0.566589
0.534941
0.662
0.292
0.0367193
0.662
0.662
0.0279748
0.662
0.662
0.527982
0.662
0.662
0.0529278
0.472898
0.662
0.662
0.390563
0.662
0.662
0.356891
0.662
0.117559
0.126653
0.0945354
0.662
0.189887
0.208969
0.662
0.662
0.662
0.662
0.662
0.662
0.172507
0.662
0.662
0.441144
0.110679
0.662
0.0166493
0.472806
0.662
0.662
0.662
0.44505
0.662
0.662
0.662
0.301082
0.446978
0.0755568
0.227046
0.0590117
0.473766
0.662
0.373683
0.246516
0.662
0.398678
0.115787
0.26994
0.39223
0.662
0.662
0.0682599
0.662
0.662
0.662
0.142191
0.662
0.662
0.13905
0.662
0.0580793
0.473787
0.662
0.662
0.662
0.482255
0.662
0.474198
0.662
0.449163
0.662
0.662
0.662
0.449712
0.662
0.409488
0.662
0.662
0.662
0.143067
0.662
0.662
0.00901334
0.196224
0.662
0.398198
0.662
0.662
0.305244
0.662
0.662
0.200648
0.662
0.662
0.390313
0.296844
0.662
0.325129
0.488327
0.662
0.312184
0.662
0.662
0.425826
0.662
0.662
0.662
0.126167
0.662
0.662
0.0566132
0.662
0.662
0.217994
0.662
0.662
0.662
0.21083
0.0483642
0.372477
0.152274
0.662
0.171635
0.662
0.201593
0.0474295
0.195151
0.662
0.25518
0.662
0.618058
0.662
0.662
0.662
0.662
0.173289
0.662
0.0861666
0.421983
0.662
0.662
0.296147
0.294498
0.144419
0.162834
0.378394
0.391665
0.0391317
0.662
0.662
0.662
0.662
0.502079
0.241688
0.662
0.662
0.662
0.158403
0.414124
0.0154952
0.160319
0.662
0.2136
0.360293
0.662
0.662
0.662
0.662
0.0437147
0.662
0.662
0.662
0.0840148
0.662
0.356756
0.263034
0.131609
0.662
0.184264
0.662
0.662
0.662
0.662
0.662
0.662
0.662
0.275824
0.252962
0.662
0.662
0.167776
0.662
0.206053
0.462847
0.662
0.662
0.662
0.489204
0.662
0.360578
0.662
0.38284
0.662
0.662
0.662
0.476955
0.662
0.662
0.280948
0.662
0.662
0.662
0.45503
0.662
0.341625
0.395198
0.662
0.089484
0.446098
0.662
0.662
0.662
0.382084
0.362698
0.662
0.662
0.662
0.662
0.662
0.560152
0.662
0.662
0.40191
0.662
0.219058
0.662
0.456151
0.312351
0.662
0.662
0.662
0.573173
0.11584
0.662
0.406428
0.0646876
0.186134
0.662
0.662
0.345372
0.135772
0.40023
0.274429
0.368928
0.351744
0.0537733
0.374244
0.151866
0.662
0.662
0.137018
0.430365
0.662
0.227313
0.183208
0.430414
0.662
0.286688
0.662
0.662
0.205866
0.0714238
0.662
0.662
0.420877
0.662
0.662
0.215724
0.0551753
0.353262
0.662
0.662
0.412049
0.376736
0.662
0.662
0.662
0.662
0.662
0.662
0.140718
0.227165
0.662
0.148417
0.355306
0.662
0.0336119
0.662
0.662
0.662
0.662
0.662
0.613162
0.396364
0.662
0.662
0.662
0.662
0.662
0.662
0.662
0.246917
0.662
0.662
0.63339
0.451801
0.662
0.502796
0.261723
0.662
0.662
0.662
0.233208
0.0793745
0.662
0.662
0.426427
0.662
0.662
0.662
0.662
0.662
0.525948
0.059716
0.662
0.662
0.662
0.356429
0.275161
0.442692
0.662
0.209204
0.508532
0.533847
0.131022
0.329753
0.662
0.258067
0.662
0.662
0.662
0.662
0.662
0.662
0.662
0.662
0.662
0.489323
0.175689
0.662
0.391156
0.662
0.662
0.662
0.662
0.662
0.464679
0.287429
0.662
0.492707
0.260271
0.407546
0.178732
0.662
0.170426
0.409735
0.662
0.662
0.662
0.187714
0.185747
0.0833728
0.662
0.0883775
0.662
0.662
0.0462061
0.374741
0.0451191
0.212023
0.426602
0.662
0.662
0.662
0.662
0.662
0.20525
0.184973
0.662
0.662
0.662
0.299023
0.00638103
0.0227861
0.432561
0.662
0.662
0.662
0.662
0.662
0.222921
0.662
0.662
0.477595
0.662
0.662
0.662
0.264407
0.411822
0.662
0.662
0.183806
0.662
0.662
0.123681
0.471758
0.306413
0.23402
0.662
0.340482
0.662
0.456159
0.662
0.662
0.662
0.662
0.662
0.42391
0.400495
0.662
0.252469
0.662
0.219945
0.00349201
0.662
0.338574
0.463997
0.59353
0.662
0.662
0.662
0.662
0.0328812
0.45932
0.662
0.662
0.326054
0.662
0.662
0.398388
0.662
0.662
0.662
0.662
0.662
0.456744
0.662
0.636157
0.194715
0.662
0.391186
0.338439
0.31695
0.0592585
0.662
0.15659
0.662
0.23612
0.265684
0.662
0.590256
0.662
0.662
0.46318
0.157859
0.270359
0.662
0.312104
0.468702
0.258896
0.662
0.662
0.662
0.662
0.662
0.356288
0.662
0.439253
0.662
0.662
0.662
0.662
0.662
0.662
0.662
0.662
0.662
0.662
0.662
0.662
0.345536
0.422531
0.662
0.662
0.128493
0.662
0.274496
0.100654
0.662
0.662
0.662
0.662
0.662
0.441187
0.131127
0.291794
0.376749
0.662
0.217999
0.662
0.662
0.662
0.662
0.662
0.662
0.662
0.662
0.662
0.0611007
0.662
0.256117
0.662
0.662
0.449049
0.662
0.662
0.604932
0.0861746
0.417255
0.662
0.662
0.117394
0.662
0.415648
0.662
0.662
0.662
0.662
0.662
0.662
0.216059
0.662
0.662
0.662
0.0212116
0.662
0.662
0.662
0.662
0.25515
0.198981
0.396873
0.633694
0.282931
0.125396
0.531151
0.662
0.662
0.0585923
0.192692
0.662
0.284088
0.662
0.225264
0.412838
0.662
0.662
0.467498
0.438233
0.341883
0.662
0.112349
0.273479
0.388356
0.662
0.39838
0.244719
0.662
0.662
0.00822371
0.576141
0.662
0.210936
0.00901462
0.662
0.662
0.376869
0.460967
0.20828
0.297945
0.662
0.00331163
0.0651086
0.377468
0.0622781
0.662
0.662
0.482875
0.662
0.471387
0.662
0.0682733
0.662
0.27434
0.0894823
0.11129
0.662
0.662
0.354622
0.662
0.662
0.424141
0.662
0.0370082
0.103719
0.662
0.662
0.116936
0.436042
0.0636609
0.662
0.662
0.353901
0.191401
0.199129
0.662
0.662
0.295746
0.662
0.00168814
0.353942
0.662
0.662
0.105822
0.401194
0.379222
0.662
0.662
0.503205
0.662
0.662
0.662
0.662
0.200515
0.375138
0.0561536
0.121593
0.294896
0.662
0.662
0.662
0.400089
0.388743
0.143825
0.337093
0.0609702
0.071064
0.30494
0.662
0.662
0.25739
0.662
0.662
0.662
0.662
0.229233
0.662
0.662
0.662
0.461468
0.662
0.662
0.662
0.0773283
0.662
0.662
0.662
0.22844
0.662
0.662
0.662
0.3255
0.595084
0.662
0.0212823
0.662
0.662
0.662
0.662
0.154776
0.632364
0.662
0.662
0.662
0.398843
0.662
0.45817
0.662
0.30403
0.445607
0.662
0.662
0.662
0.0968361
0.294205
0.37982
0.10494
0.0871992
0.662
0.662
0.662
0.662
0.662
0.662
0.221505
0.662
0.662
0.662
0.200778
0.662
0.172776
0.451866
0.116987
0.279354
0.662
0.430466
0.662
0.295441
0.049236
0.371448
0.0151314
0.662
0.662
0.20071
0.550125
0.256858
0.118244
0.662
0.302516
0.378261
0.318889
0.252731
0.292637
0.662
0.254958
0.662
0.662
0.662
0.662
0.662
0.662
0.449866
0.0514774
0.662
0.662
0.662
0.662
0.662
0.662
0.37657
0.169633
0.662
0.662
0.414756
0.662
0.577133
0.429408
0.307929
0.662
0.662
0.396788
0.662
0.662
0.0496514
0.662
0.293354
0.662
0.231823
0.343562
0.662
0.662
0.662
0.662
0.357626
0.662
0.662
0.00285056
0.473616
0.280465
0.662
0.0101522
0.662
0.0931538
0.662
0.402479
0.264215
0.662
0.662
0.386924
0.435353
0.662
0.662
0.662
0.300395
0.662
0.662
0.456669
0.662
0.341158
0.662
0.662
0.662
0.185159
0.199998
0.662
0.448488
0.264947
0.476775
0.138548
0.662
0.237595
0.38981
0.412386
0.0295162
0.662
0.19026
0.662
0.565914
0.662
0.0760252
0.662
0.327513
0.662
0.412114
0.193484
0.662
0.662
0.176806
0.165189
0.662
0.662
0.426676
0.662
0.449091
0.662
0.453315
0.283096
0.662
0.488748
0.41707
0.662
0.662
0.16178
0.662
0.470623
0.662
0.662
0.189332
0.662
0.00827845
0.203888
0.662
0.381197
0.662
0.662
0.662
0.662
0.662
0.662
0.662
0.662
0.514253
0.662
0.662
0.662
0.43426
0.662
0.662
0.255671
0.662
0.431667
0.662
0.365167
0.662
0.662
0.162447
0.662
0.472381
0.662
0.662
0.370197
0.231789
0.403319
0.30602
0.42665
0.662
0.662
0.662
0.00360702
0.310838
0.288109
0.662
0.662
0.662
0.474887
0.239953
0.662
0.662
0.662
0.290046
0.662
0.34648
0.662
0.662
0.568374
0.662
0.557828
0.662
0.662
0.662
0.662
0.0224089
0.405662
0.284168
0.00627223
0.372232
0.22004
0.125767
0.662
0.662
0.662
0.118839
0.274318
0.370607
0.662
0.238857
0.662
0.0568205
0.174768
0.662
0.662
0.265665
0.404026
0.467301
0.371051
0.662
0.220555
0.662
0.662
0.34711
0.41969
0.160796
0.275045
0.662
0.662
0.662
0.662
0.436895
0.662
0.144251
0.357188
0.662
0.662
0.662
0.445341
0.662
0.662
0.410977
0.457449
0.662
0.397987
0.373786
0.3372
0.347978
0.0768976
0.662
0.46595
0.662
0.0833005
0.40876
0.662
0.287401
0.662
0.662
0.0937002
0.662
0.25161
0.0465721
0.662
0.662
0.377163
0.181513
0.070738
0.662
0.166907
0.361626
0.0549875
0.386775
0.662
0.662
0.662
0.662
0.662
0.662
0.0559044
0.662
0.410316
0.537007
0.662
0.662
0.662
0.271867
0.0770247
0.272385
0.420417
0.662
0.17367
0.160271
0.662
0.218844
0.662
0.662
0.090123
0.662
0.245516
0.286786
0.662
0.167686
0.662
0.200463
0.662
0.662
0.0366491
0.662
0.662
0.662
0.662
0.662
0.662
0.662
0.662
0.662
0.662
0.662
0.662
0.662
0.662
0.0936654
0.357944
0.256265
0.662
0.662
0.300538
0.662
0.192575
0.662
0.662
0.363693
0.662
0.223161
0.662
0.457027
0.0230661
0.662
0.449584
0.389343
0.0546747
0.375961
0.00850782
0.662
0.662
0.662
0.330433
0.0777462
0.662
0.662
0.348104
0.453966
0.172429
0.662
0.662
0.662
0.662
0.369278
0.101359
0.456784
0.662
0.0746534
0.662
0.662
0.662
0.251839
0.662
0.662
0.662
0.20087
0.662
0.136191
0.662
0.662
0.662
0.662
0.662
0.662
0.662
0.404812
0.662
0.662
0.247216
0.490127
0.662
0.662
0.662
0.662
0.445075
0.662
0.662
0.0709173
0.474111
0.662
0.128669
0.510233
0.0772915
0.662
0.242843
0.602045
0.586163
0.662
0.662
0.662
0.652469
0.418668
0.316954
0.662
0.47808
0.47502
0.247496
0.662
0.0365505
0.662
0.662
0.131012
0.16884
0.121306
0.662
0.662
0.662
0.662
0.0369453
0.662
0.392915
0.238612
0.50644
0.662
0.0369779
0.394411
0.404798
0.662
0.380614
0.155585
0.169947
0.662
0.265003
0.216652
0.264983
0.662
0.369367
0.662
0.662
0.0609215
0.662
0.356832
0.662
0.291875
0.401293
0.662
0.662
0.662
0.220516
0.662
0.662
0.662
0.662
0.662
0.0310597
0.662
0.174376
0.662
0.139552
0.438496
0.662
0.420475
0.662
0.474167
0.662
0.662
0.662
0.468303
0.662
0.410006
0.662
0.662
0.316793
0.662
0.662
0.421804
0.662
0.398913
0.308648
0.662
0.270355
0.422458
0.242482
0.0958688
0.261498
0.368093
0.662
0.181537
0.160262
0.662
0.662
0.212891
0.366778
0.662
0.662
0.662
0.21838
0.283653
0.41412
0.427984
0.529203
0.662
0.662
0.662
0.173211
0.662
0.167405
0.662
0.403632
0.662
0.430458
0.662
0.430644
0.360356
0.662
0.662
0.0517509
0.662
0.25045
0.0621566
0.662
0.30852
0.322417
0.662
0.662
0.662
0.539017
0.662
0.288244
0.662
0.293182
0.14072
0.238516
0.662
0.389234
0.662
0.662
0.662
0.24049
0.662
0.662
0.662
0.662
0.400847
0.662
0.498654
0.662
0.662
0.454287
0.138814
0.204682
0.662
0.295816
0.461686
0.232471
0.181658
0.662
0.662
0.662
0.662
0.662
0.662
0.662
0.662
0.662
0.662
0.662
0.241927
0.662
0.662
0.662
0.662
0.662
0.348852
0.00993217
0.288914
0.378208
0.662
0.662
0.662
