0.662
0.662
0.662
0.357052
0.230543
0.662
0.662
0.184973
0.613162
0.662
0.662
0.662
0.214616
0.185353
0.662
0.285484
0.662
0.662
0.662
0.662
0.662
0.662
0.662
0.662
0.662
0.662
0.221914
0.662
0.0585936
0.662
0.20828
0.662
0.312657
0.229791
0.212806
0.662
0.662
0.662
0.470764
0.222921
0.662
0.662
0.662
0.662
0.498738
0.215961
0.662
0.662
0.662
0.117559
0.662
0.662
0.358675
0.662
0.662
0.662
0.411822
0.662
0.662
0.662
0.662
0.662
0.422458
0.662
0.382084
0.0328812
0.662
0.662
0.662
0.200526
0.0365505
0.0526168
0.662
0.11701
0.190126
0.11877
0.329868
0.662
0.662
0.662
0.37657
0.662
0.10294
0.662
0.564821
0.46595
0.662
0.0218983
0.662
0.662
0.314264
0.291978
0.180079
0.662
0.221409
0.341625
0.305857
0.231789
0.662
0.302516
0.662
0.662
0.662
0.662
0.662
0.662
0.297759
0.662
0.473763
0.662
0.662
0.662
0.417689
0.662
0.256117
0.662
0.010199
0.283096
0.149692
0.662
0.0622781
0.662
0.231837
0.169947
0.131797
0.662
0.662
0.208969
0.449584
0.662
0.662
0.442692
0.000422636
0.204177
0.438028
0.355841
0.252962
0.0453829
0.662
0.237595
0.0655936
0.140423
0.662
0.662
0.213449
0.465092
0.662
0.41969
0.113249
0.303007
0.662
0.662
0.662
0.662
0.330433
0.662
0.207015
0.137018
0.0224089
0.662
0.662
0.662
0.187926
0.662
0.662
0.280756
0.0755568
0.662
0.20087
0.662
0.363773
0.662
0.443659
0.449091
0.662
0.0682599
0.662
0.0233312
0.388184
0.0621566
0.090123
0.662
0.190185
0.662
0.662
0.662
0.662
0.662
0.662
0.662
0.662
0.662
0.662
0.662
0.408185
0.662
0.662
0.662
0.662
0.662
0.662
0.357188
0.662
0.662
0.662
0.0937002
0.662
0.662
0.144967
0.662
0.662
0.662
0.288109
0.662
0.140028
0.662
0.49558
0.206988
0.662
0.276469
0.662
0.452071
0.662
0.426213
0.382871
0.432361
0.388743
0.662
0.662
0.556055
0.662
0.662
0.662
0.266176
0.297603
0.662
0.393902
0.295289
0.662
0.458172
0.662
0.533847
0.662
0.662
0.662
0.662
0.662
0.380614
0.134712
0.379864
0.351602
0.662
0.116987
0.148728
0.662
0.0833728
0.429001
0.602239
0.662
0.662
0.261386
0.368429
0.662
0.276742
0.662
0.167962
0.00901462
0.662
0.662
0.112752
0.448245
0.471031
0.662
0.662
0.472381
0.0931538
0.662
0.417609
0.662
0.662
0.662
0.662
0.0112376
0.662
0.662
0.662
0.662
0.662
0.662
0.662
0.662
0.0274507
0.662
0.200405
0.662
0.662
0.662
0.662
0.366778
0.196224
0.662
0.338574
0.140718
0.118839
0.294325
0.662
0.662
0.05235
0.662
0.488327
0.662
0.662
0.662
0.662
0.105822
0.662
0.225041
0.662
0.662
0.300395
0.322693
0.219945
0.662
0.338258
0.170876
0.662
0.286634
0.160271
0.662
0.662
0.425142
0.662
0.662
0.662
0.307188
0.662
0.662
0.662
0.662
0.662
0.437102
0.662
0.662
0.424141
0.662
0.662
0.0610066
0.662
0.662
0.469052
0.256265
0.162834
0.662
0.662
0.662
0.662
0.662
0.662
0.662
0.662
0.662
0.662
0.662
0.409264
0.662
0.662
0.662
0.303895
0.662
0.662
0.000298585
0.344312
0.662
0.259938
0.662
0.217999
0.254194
0.373683
0.662
0.662
0.662
0.662
0.543791
0.662
0.662
0.662
0.0185006
0.169633
0.662
0.662
0.0149497
0.662
0.662
0.482921
0.662
0.662
0.476955
0.662
0.426122
0.0284196
0.325872
0.258577
0.444443
0.662
0.662
0.662
0.662
0.662
0.50644
0.162447
0.662
0.27434
0.662
0.240638
0.503205
0.662
0.290311
0.117394
0.590256
0.662
0.662
0.0773283
0.662
0.662
0.662
0.662
0.221487
0.353942
0.662
0.421804
0.662
0.341415
0.662
0.662
0.0709173
0.53163
0.662
0.451243
0.51157
0.662
0.662
0.662
0.662
0.0950496
0.307211
0.662
0.662
0.186206
0.662
0.429305
0.662
0.662
0.200515
0.662
0.662
0.662
0.662
0.19541
0.662
0.160262
0.357916
0.662
0.415648
0.160796
0.662
0.379325
0.662
0.229006
0.00901334
0.190753
0.0940759
0.342272
0.375966
0.489204
0.277183
0.235853
0.409802
0.662
0.662
0.662
0.233304
0.662
0.499868
0.662
0.556565
0.662
0.527982
0.371051
0.193843
0.557629
0.602045
0.662
0.662
0.662
0.472844
0.662
0.662
0.662
0.662
0.482875
0.5242
0.430414
0.662
0.173928
0.662
0.662
0.115787
0.139093
0.284088
0.662
0.662
0.662
0.242796
0.232471
0.43772
0.200165
0.662
0.468858
0.353262
0.565914
0.662
0.662
0.662
0.662
0.662
0.662
0.0739847
0.662
0.534941
0.174558
0.118486
0.662
0.265665
0.662
0.662
0.247216
0.264202
0.125767
0.662
0.662
0.184264
0.329603
0.662
0.377258
0.662
0.662
0.40153
0.662
0.116795
0.662
0.662
0.442923
0.414756
0.536482
0.662
0.0760252
0.409118
0.662
0.662
0.191401
0.19948
0.662
0.662
0.662
0.662
0.261394
0.480189
0.662
0.209581
0.0473306
0.365853
0.662
0.662
0.662
0.662
0.128004
0.139552
0.662
0.638173
0.345536
0.0529278
0.1155
0.337093
0.0568205
0.662
0.662
0.662
0.662
0.317358
0.401517
0.331534
0.662
0.662
0.662
0.662
0.662
0.17367
0.438648
0.427984
0.431667
0.662
0.662
0.221505
0.146683
0.662
0.299709
0.3372
0.442287
0.662
0.662
0.0642651
0.662
0.488748
0.016008
0.662
0.662
0.662
0.662
0.662
0.22138
0.458029
0.0958688
0.662
0.0212116
0.662
0.662
0.25161
0.662
0.395198
0.662
0.0114799
0.172429
0.3255
0.120678
0.662
0.662
0.143825
0.662
0.662
0.06593
0.476775
0.138548
0.162324
0.0495668
0.471392
0.272339
0.322417
0.662
0.662
0.197509
0.662
0.662
0.662
0.662
0.31008
0.428149
0.127997
0.0369779
0.394411
0.404798
0.662
0.148912
0.662
0.345877
0.263034
0.467301
0.47808
0.662
0.414325
0.0517509
0.662
0.662
0.662
0.305934
0.453966
0.391186
0.662
0.662
0.662
0.412707
0.662
0.662
0.662
0.662
0.662
0.184204
0.471827
0.172776
0.662
0.662
0.662
0.662
0.662
0.259974
0.354686
0.604932
0.662
0.375138
0.662
0.241428
0.28237
0.662
0.543956
0.662
0.662
0.533564
0.662
0.662
0.662
0.662
0.662
0.662
0.209214
0.662
0.26994
0.0744284
0.416896
0.662
0.662
0.56406
0.662
0.456159
0.449866
0.662
0.662
0.662
0.439253
0.662
0.0532742
0.481859
0.577133
0.662
0.21083
0.0681112
0.662
0.662
0.662
0.167776
0.363099
0.662
0.662
0.12218
0.662
0.311477
0.248878
0.662
0.502796
0.662
0.662
0.662
0.316954
0.0580793
0.662
0.270355
0.662
0.662
0.662
0.662
0.662
0.071064
0.662
0.662
0.662
0.662
0.219948
0.449049
0.430334
0.662
0.0635559
0.662
0.662
0.662
0.0549875
0.662
0.662
0.662
0.662
0.297801
0.662
0.662
0.0816488
0.662
0.662
0.229459
0.662
0.314471
0.662
0.662
0.662
0.366014
0.662
0.370737
0.662
0.662
0.173958
0.662
0.662
0.0232707
0.389343
0.662
0.662
0.662
0.312737
0.662
0.463409
0.662
0.662
0.246516
0.662
0.528511
0.662
0.662
0.25518
0.662
0.662
0.662
0.662
0.662
0.0546747
0.662
0.662
0.662
0.662
0.662
0.662
0.662
0.0106117
0.31695
0.662
0.662
0.662
0.411378
0.662
0.453404
0.662
0.338439
0.662
0.662
0.30602
0.662
0.42665
0.404026
0.662
0.229233
0.3952
0.477595
0.335197
0.387692
0.662
0.441187
0.09718
0.662
0.633694
0.662
0.249706
0.318889
0.662
0.662
0.416802
0.662
0.403632
0.662
0.662
0.662
0.662
0.662
0.493824
0.662
0.662
0.499542
0.662
0.296147
0.662
0.604527
0.0034093
0.662
0.662
0.21838
0.662
0.160019
0.0151314
0.662
0.131609
0.0537733
0.293081
0.0502671
0.662
0.317013
0.325129
0.662
0.662
0.662
0.662
0.0959675
0.662
0.662
0.662
0.513872
0.143067
0.662
0.662
0.479922
0.662
0.662
0.662
0.662
0.662
0.662
0.662
0.662
0.0310597
0.662
0.406428
0.31592
0.662
0.435037
0.662
0.212891
0.662
0.468193
0.471387
0.220406
0.337329
0.662
0.0622737
0.662
0.662
0.662
0.662
0.662
0.662
0.662
0.662
0.662
0.100654
0.662
0.662
0.662
0.618058
0.662
0.662
0.34711
0.269642
0.209435
0.398913
0.0310887
0.022889
0.662
0.662
0.265003
0.216652
0.662
0.662
0.662
0.662
0.482372
0.149552
0.662
0.274429
0.662
0.344233
0.662
0.662
0.662
0.662
0.662
0.662
0.241927
0.506328
0.445607
0.662
0.662
0.662
0.662
0.200069
0.662
0.240593
0.192551
0.00168814
0.0261812
0.0714238
0.662
0.662
0.418668
0.089484
0.0288266
0.3052
0.0786845
0.415312
0.662
0.662
0.662
0.662
0.662
0.432971
0.208517
0.662
0.662
0.662
0.662
0.662
0.19026
0.545438
0.662
0.662
0.662
0.662
0.0585923
0.355335
0.439386
0.662
0.662
0.0833005
0.662
0.265391
0.662
0.280948
0.376736
0.267705
0.662
0.662
0.286632
0.662
0.228752
0.343562
0.662
0.417255
0.412838
0.662
0.205866
0.0611007
0.662
0.214768
0.10494
0.463593
0.662
0.662
0.261621
0.662
0.662
0.662
0.662
0.507313
0.647786
0.662
0.662
0.456744
0.662
0.363307
0.0259414
0.662
0.0795304
0.662
0.470623
0.425824
0.662
0.500414
0.247533
0.438018
0.662
0.662
0.316808
0.662
0.369367
0.662
0.397987
0.662
0.662
0.662
0.547993
0.662
0.636157
0.662
0.311573
0.662
0.662
0.662
0.662
0.420877
0.0227861
0.662
0.662
0.430365
0.662
0.662
0.333247
0.391467
0.662
0.662
0.1329
0.152274
0.44505
0.662
0.662
0.337861
0.40649
0.662
0.662
0.0772915
0.662
0.106309
0.662
0.662
0.662
0.38981
0.662
0.131127
0.240067
0.662
0.160197
0.662
0.662
0.662
0.443262
0.662
0.0806159
0.662
0.135023
0.662
0.662
0.662
0.662
0.471758
0.145874
0.662
0.444459
0.0389513
0.227313
0.662
0.281182
0.662
0.662
0.662
0.662
0.662
0.662
0.662
0.11584
0.662
0.662
0.264983
0.304754
0.411066
0.662
0.662
0.662
0.662
0.0957932
0.662
0.374976
0.662
0.522864
0.478981
0.135772
0.283134
0.310838
0.473616
0.0370082
0.662
0.662
0.223343
0.662
0.662
0.470734
0.23047
0.662
0.662
0.405662
0.295816
0.662
0.662
0.024865
0.145662
0.662
0.662
0.662
0.662
0.662
0.662
0.121371
0.0559044
0.423078
0.662
0.662
0.662
0.327908
0.0469828
0.164959
0.662
0.662
0.568374
0.292208
0.141826
0.662
0.662
0.662
0.292
0.662
0.213576
0.448059
0.537007
0.662
0.662
0.662
0.174263
0.662
0.428145
0.662
0.162013
0.261779
0.63309
0.283533
0.160121
0.280166
0.40023
0.474167
0.662
0.662
0.662
0.662
0.435256
0.662
0.662
0.376557
0.662
0.16884
0.240531
0.662
0.662
0.474887
0.662
0.588606
0.418598
0.662
0.662
0.429278
0.662
0.356832
0.662
0.662
0.172507
0.662
0.182681
0.662
0.49037
0.00822371
0.00828419
0.662
0.662
0.126653
0.0871464
0.350026
0.123273
0.662
0.340307
0.204682
0.662
0.318956
0.274041
0.662
0.662
0.662
0.160319
0.662
0.662
0.662
0.341116
0.00863022
0.662
0.0114256
0.662
0.0968361
0.171635
0.662
0.662
0.662
0.150738
0.437519
0.45004
0.662
0.662
0.240879
0.472898
0.404533
0.662
0.172608
0.662
0.662
0.662
0.455729
0.662
0.479569
0.456784
0.662
0.113247
0.372477
0.373786
0.662
0.371448
0.662
0.662
0.662
0.237359
0.662
0.297945
0.662
0.662
0.34509
0.341158
0.662
0.662
0.662
0.662
0.662
0.662
0.632364
0.662
0.472023
0.662
0.662
0.30852
0.662
0.122319
0.662
0.662
0.144419
0.662
0.286805
0.303655
0.662
0.662
0.522402
0.390631
0.263496
0.45503
0.350462
0.662
0.662
0.217994
0.662
0.369895
0.662
0.662
0.464679
0.662
0.662
0.662
0.662
0.00154178
0.400847
0.662
0.662
0.662
0.662
0.662
0.662
0.662
0.662
0.662
0.404812
0.278098
0.662
0.374741
0.662
0.0409608
0.11129
0.662
0.662
0.662
0.662
0.662
0.464604
0.27108
0.662
0.0590117
0.662
0.662
0.360356
0.22599
0.662
0.662
0.662
0.662
0.0356425
0.396371
0.662
0.662
0.662
0.662
0.231823
0.477457
0.300669
0.662
0.662
0.407407
0.327513
0.390267
0.662
0.249491
0.515429
0.0514774
0.0832656
0.662
0.390563
0.411682
0.662
0.662
0.662
0.662
0.662
0.225264
0.439578
0.662
0.662
0.662
0.377312
0.662
0.662
0.366739
0.32028
0.662
0.398843
0.544918
0.25739
0.662
0.662
0.662
0.662
0.662
0.662
0.662
0.662
0.189887
0.662
0.261723
0.529203
0.662
0.662
0.181658
0.391156
0.662
0.346102
0.374244
0.448488
0.662
0.662
0.00675306
0.662
0.662
0.500006
0.059716
0.662
0.294786
0.238612
0.662
0.288244
0.135025
0.182911
0.305244
0.394422
0.662
0.662
0.31191
0.269655
0.0727647
0.194715
0.252731
0.662
0.662
0.2136
0.662
0.662
0.428992
