0.662
0.207057
0.384238
0.343643
0.33122
0.662
0.646316
0.0520695
0.549249
0.662
0.662
0.270222
0.662
0.0525764
0.452625
0.662
0.662
0.229568
0.443006
0.103327
0.358118
0.662
0.258
0.662
0.662
0.0828973
0.142532
0.295987
0.43613
0.0918386
0.662
0.662
0.0106682
0.662
0.550645
0.532645
0.662
0.662
0.662
0.0298676
0.238387
0.0927206
0.662
0.211789
0.662
0.0582946
0.662
0.209854
0.440805
0.662
0.662
0.662
0.0373019
0.318088
0.288145
0.662
0.38137
0.0383803
0.662
0.0405343
0.42872
0.311583
0.662
0.00218672
0.548353
0.609113
0.355159
0.662
0.146311
0.40512
0.630152
0.662
0.452476
0.265485
0.662
0.113672
0.662
0.662
0.662
0.662
0.662
0.224858
0.397474
0.662
0.192581
0.239045
0.493094
0.17931
0.0331915
0.662
0.662
0.224553
0.0667714
0.31345
0.662
0.662
0.662
0.662
0.43939
0.662
0.662
0.662
0.011245
0.662
0.662
0.662
0.662
0.662
0.662
0.339199
0.662
0.133546
0.19035
0.22598
0.662
0.393735
0.13848
0.560595
0.662
0.267863
0.154976
0.410132
0.662
0.662
0.144658
0.283241
0.662
0.186075
0.662
0.662
0.142593
0.158527
0.662
0.662
0.662
0.301962
0.662
0.47992
0.387976
0.659046
0.662
0.662
0.662
0.515085
0.062939
0.224404
0.134387
0.662
0.662
0.662
0.662
0.228
0.145739
0.472276
0.424649
0.662
0.662
0.460601
0.662
0.323419
0.377811
0.364998
0.662
0.662
0.195617
0.410823
0.662
0.198721
0.263217
0.662
0.662
0.662
0.614295
0.662
0.662
0.662
0.662
0.0372224
0.355359
0.662
0.662
0.662
0.662
0.338046
0.662
0.384288
0.662
0.0374326
0.662
0.107136
0.470773
0.6351
0.662
0.197338
0.662
0.286804
0.017767
0.662
0.662
0.662
0.662
0.279565
0.260887
0.477046
0.494544
0.662
0.662
0.0513296
0.365386
0.662
0.238105
0.662
0.662
0.662
0.132035
0.662
0.662
0.662
0.33728
0.662
0.449548
0.216
0.459324
0.662
0.18038
0.207028
0.662
0.114074
0.662
0.428291
0.0560488
0.429204
0.385822
0.387652
0.662
0.662
0.2538
0.422779
0.662
0.662
0.298644
0.662
0.463055
0.662
0.662
0.0153408
0.116535
0.562328
0.662
0.662
0.453947
0.662
0.63339
0.662
0.481402
0.662
0.662
0.0717248
0.662
0.662
0.662
0.662
0.662
0.553065
0.195918
0.213749
0.469081
0.422545
0.0574039
0.251797
0.282085
0.366831
0.630774
0.275124
0.458043
0.662
0.662
0.336473
0.662
0.662
0.11231
0.243038
0.662
0.662
0.662
0.331169
0.662
0.662
0.193573
0.263908
0.0232782
0.662
0.662
0.087583
0.153762
0.662
0.179285
0.662
0.662
0.211589
0.23178
0.662
0.238846
0.662
0.457411
0.548155
0.662
0.165098
0.00903955
0.662
0.662
0.662
0.662
0.662
0.297928
0.662
0.455541
0.662
0.662
0.264882
0.292997
0.662
0.662
0.662
0.631243
0.450688
0.22234
0.0455805
0.0426962
0.662
0.662
0.199207
0.445731
0.208418
0.662
0.662
0.662
0.662
0.662
0.337647
0.662
0.113813
0.662
0.423016
0.265613
0.662
0.662
0.662
0.213742
0.662
0.662
0.034561
0.662
0.662
0.00904825
0.662
0.240605
0.262887
0.374528
0.400931
0.662
0.662
0.0224018
0.662
0.126813
0.0875417
0.662
0.662
0.255585
0.662
0.662
0.0851154
0.219187
0.622994
0.211926
0.662
0.169155
0.431946
0.45932
0.662
0.662
0.662
0.662
0.48852
0.662
0.662
0.219197
0.662
0.662
0.662
0.164391
0.662
0.662
0.448173
0.662
0.395274
0.261894
0.662
0.662
0.169656
0.662
0.243101
0.662
0.662
0.465186
0.662
0.662
0.392016
0.477689
0.662
0.662
0.173121
0.662
0.398377
0.336155
0.662
0.429853
0.178361
0.662
0.427532
0.278516
0.662
0.662
0.662
0.662
0.662
0.648124
0.271875
0.234409
0.243937
0.662
0.164846
0.0286005
0.389152
0.296998
0.662
0.173958
0.662
0.662
0.662
0.280896
0.662
0.292103
0.662
0.662
0.13494
0.662
0.61145
0.151739
0.421169
0.0498584
0.662
0.402606
0.662
0.059415
0.356125
0.662
0.662
0.0688275
0.375693
0.662
0.364326
0.662
0.39808
0.662
0.203878
0.662
0.662
0.662
0.662
0.200597
0.141357
0.662
0.662
0.211647
0.662
0.629706
0.662
0.08998
0.328033
0.662
0.662
0.444436
0.155033
0.465835
0.662
0.662
0.662
0.473575
0.662
0.662
0.662
0.662
0.662
0.662
0.151869
0.662
0.372884
0.662
0.662
0.310396
0.662
0.662
0.662
0.662
0.41728
0.662
0.429927
0.544663
0.662
0.398337
0.662
0.662
0.263749
0.662
0.0512447
0.186167
0.454383
0.24407
0.338022
0.213543
0.662
0.425676
0.192851
0.188626
0.0774049
0.179122
0.41455
0.473928
0.263522
0.536893
0.662
0.299786
0.662
0.124757
0.662
0.662
0.307089
0.241943
0.662
0.205905
0.662
0.538552
0.249296
0.0345217
0.662
0.082616
0.662
0.0313174
0.662
0.662
0.662
0.518881
0.379591
0.662
0.20981
0.662
0.606464
0.0283356
0.334432
0.662
0.116942
0.508933
0.662
0.662
0.662
0.662
0.662
0.28496
0.662
0.662
0.662
0.553399
0.392604
0.662
0.362427
0.662
0.662
0.662
0.377176
0.231151
0.168306
0.316419
0.662
0.414771
0.123987
0.662
0.662
0.307086
0.340929
0.662
0.367438
0.662
0.0324416
0.662
0.287714
0.662
0.662
0.662
0.612375
0.662
0.372839
0.662
0.201611
0.325002
0.166333
0.293626
0.662
0.662
0.662
0.0589543
0.662
0.662
0.662
0.662
0.355683
0.662
0.662
0.662
0.662
0.662
0.662
0.662
0.230821
0.662
0.140099
0.296178
0.662
0.662
0.662
0.392538
0.633391
0.494999
0.522843
0.3986
0.179944
0.311804
0.115264
0.333491
0.662
0.30327
0.662
0.30106
0.662
0.662
0.252137
0.662
0.289726
0.168719
0.168918
0.662
0.471282
0.662
0.662
0.662
0.662
0.662
0.0655139
0.662
0.449508
0.662
0.662
0.662
0.662
0.400142
0.0643194
0.662
0.43186
0.662
0.0346326
0.662
0.140804
0.662
0.662
0.662
0.22869
0.209481
0.0065001
0.185777
0.662
0.662
0.0728173
0.46432
0.662
0.0085689
0.662
0.662
0.466307
0.248396
0.662
0.662
0.0486891
0.662
0.199212
0.662
0.662
0.662
0.662
0.662
0.662
0.662
0.662
0.662
0.662
0.662
0.164361
0.662
0.662
0.476579
0.662
0.260745
0.662
0.343359
0.662
0.662
0.442609
0.662
0.550747
0.662
0.662
0.205642
0.662
0.662
0.662
0.339066
0.662
0.662
0.153021
0.662
0.202523
0.662
0.216458
0.464054
0.301113
0.662
0.662
0.662
0.182293
0.662
0.662
0.33028
0.255756
0.0758895
0.277682
0.662
0.662
0.353498
0.662
0.662
0.0313519
0.662
0.662
0.50926
0.662
0.662
0.662
0.197454
0.0997822
0.662
0.45293
0.662
0.430216
0.0922037
0.316498
0.662
0.19063
0.662
0.662
0.662
0.171369
0.37143
0.447058
0.662
0.662
0.389838
0.124156
0.662
0.662
0.662
0.11106
0.662
0.662
0.626785
0.265402
0.662
0.662
0.662
0.299501
0.662
0.662
0.117235
0.301368
0.662
0.662
0.0031803
0.468447
0.213802
0.159599
0.397513
0.223958
0.662
0.662
0.662
0.0143863
0.420709
0.440085
0.272467
0.662
0.0300052
0.662
0.662
0.0235462
0.410301
0.662
0.335862
0.421106
0.194431
0.118232
0.474778
0.131731
0.662
0.662
0.305178
0.662
0.388341
0.346154
0.194669
0.662
