0.662
0.662
0.247862
0.662
0.365927
0.367656
0.662
0.43548
0.308258
0.000214951
0.189146
0.24407
0.662
0.162802
0.294343
0.323266
0.399606
0.393842
0.662
0.662
0.300643
0.662
0.216842
0.416631
0.097416
0.662
0.662
0.662
0.662
0.529674
0.221337
0.0153163
0.0123228
0.360899
0.662
0.246205
0.662
0.662
0.662
0.662
0.662
0.413756
0.514549
0.214186
0.101881
0.413336
0.662
0.662
0.154894
0.662
0.0698771
0.662
0.202728
0.662
0.188298
0.662
0.662
0.221661
0.662
0.459759
0.0756283
0.327282
0.662
0.190606
0.232312
0.417333
0.662
0.113072
0.0977193
0.662
0.662
0.359579
0.604189
0.330569
0.224573
0.0832867
0.662
0.184963
0.572481
0.522443
0.169113
0.465964
0.232728
0.290239
0.450483
0.278745
0.662
0.662
0.662
0.662
0.662
0.00712173
0.662
0.662
0.109372
0.115891
0.662
0.662
0.132466
0.662
0.662
0.17742
0.662
0.662
0.662
0.662
0.388714
0.662
0.362671
0.662
0.662
0.662
0.647754
0.662
0.325007
0.266
0.493913
0.23344
0.662
0.0805084
0.662
0.0789933
0.662
0.385727
0.662
0.662
0.365901
0.662
0.662
0.662
0.0531108
0.662
0.138743
0.662
0.662
0.662
0.662
0.0802396
0.662
0.662
0.012312
0.0198678
0.382761
0.42217
0.27091
0.293506
0.214908
0.1764
0.469077
0.24201
0.359201
0.184948
0.301222
0.342288
0.662
0.662
0.662
0.0395712
0.662
0.408263
0.662
0.662
0.421016
0.662
0.201497
0.288441
0.335068
0.200574
0.237647
0.662
0.364929
0.127047
0.662
0.662
0.662
0.662
0.151852
0.0790691
0.330784
0.0469254
0.22898
0.662
0.0514711
0.0879804
0.0970061
0.662
0.145415
0.662
0.165092
0.255284
0.0061624
0.156866
0.662
0.318828
0.021236
0.662
0.662
0.662
0.662
0.147474
0.655006
0.662
0.371352
0.366979
0.18397
0.662
0.662
0.662
0.496578
0.195146
0.662
0.662
0.471496
0.662
0.662
0.662
0.662
0.662
0.662
0.662
0.0436455
0.334886
0.662
0.131592
0.341922
0.662
0.662
0.662
0.662
0.167002
0.0781018
0.467302
0.662
0.35832
0.662
0.662
0.662
0.662
0.662
0.662
0.346097
0.163375
0.662
0.662
0.0871574
0.662
0.0352351
0.222243
0.072526
0.662
0.662
0.45786
0.192584
0.357195
0.662
0.261062
0.310736
0.662
0.662
0.397592
0.662
0.662
0.662
0.0648993
0.268932
0.662
0.237084
0.662
0.662
0.662
0.662
0.0695145
0.662
0.662
0.662
0.662
0.662
0.180168
0.662
0.662
0.662
0.217661
0.662
0.405815
0.662
0.662
0.662
0.662
0.347508
0.293813
0.246737
0.662
0.662
0.662
0.662
0.662
0.662
0.662
0.180404
0.607414
0.662
0.199673
0.155979
0.662
0.662
0.662
0.422526
0.662
0.662
0.161482
0.463628
0.662
0.662
0.662
0.662
0.662
0.662
0.228556
0.455456
0.662
0.282656
0.662
0.206426
0.662
0.662
0.662
0.397883
0.158577
0.662
0.662
0.0553224
0.662
0.662
0.208879
0.0114243
0.192447
0.662
0.130569
0.662
0.0292214
0.662
0.0662917
0.662
0.662
0.236995
0.23133
0.662
0.371201
0.662
0.662
0.00160207
0.373722
0.662
0.662
0.430829
0.662
0.662
0.662
0.122707
0.662
0.315974
0.662
0.662
0.135156
0.216947
0.219544
0.662
0.662
0.662
0.448931
0.662
0.301677
0.141426
0.662
0.662
0.662
0.662
0.662
0.18173
0.179481
0.527459
0.662
0.0126976
0.662
0.662
0.446546
0.00151264
0.186162
0.662
0.220897
0.662
0.301154
0.662
0.389993
0.662
0.662
0.662
0.203107
0.504562
0.662
0.662
0.662
0.137076
0.562224
0.662
0.199744
0.662
0.662
0.662
0.662
0.662
0.662
0.4838
0.490078
0.194018
0.662
0.662
0.0991892
0.283638
0.424066
0.662
0.662
0.430162
0.370714
0.0175523
0.570737
0.662
0.417381
0.446872
0.662
0.662
0.662
0.662
0.662
0.662
0.662
0.396928
0.662
0.288925
0.399856
0.662
0.352465
0.0963459
0.662
0.350315
0.662
0.353904
0.181469
0.662
0.662
0.404694
0.338251
0.309362
0.355415
0.486615
0.662
0.662
0.254606
0.662
0.662
0.662
0.662
0.662
0.662
0.662
0.662
0.662
0.473917
0.371913
0.662
0.433229
0.662
0.662
0.662
0.662
0.662
0.662
0.662
0.454896
0.662
0.662
0.662
0.464026
0.39272
0.662
0.155851
0.662
0.662
0.395744
0.662
0.452014
0.0926703
0.662
0.0322193
0.662
0.662
0.552143
0.662
0.232266
0.662
0.662
0.662
0.0764196
0.0254458
0.662
0.662
0.662
0.662
0.362123
0.662
0.108314
0.260357
0.662
0.0709475
0.662
0.0862285
0.271779
0.662
0.662
0.662
0.662
0.165721
0.00730724
0.335658
0.662
0.050829
0.662
0.254859
0.662
0.662
0.662
0.12235
0.305612
0.662
0.328781
0.662
0.437273
0.173578
0.119702
0.0409014
0.662
0.662
0.662
0.195718
0.662
0.177357
0.283115
0.404634
0.662
0.662
0.0544742
0.662
0.270383
0.0278465
0.451213
0.662
0.662
0.662
0.503971
0.662
0.662
0.237296
0.662
0.662
0.0857216
0.352748
0.662
0.662
0.176939
0.662
0.662
0.310145
0.207509
0.662
0.662
0.347527
0.423393
0.462231
0.662
0.526962
0.313043
0.195572
0.662
0.354944
0.662
0.44902
0.662
0.662
0.116582
0.459535
0.154247
0.099446
0.662
0.662
0.662
0.662
0.356405
0.311636
0.229864
0.662
0.553824
0.222858
0.662
0.63483
0.662
0.600689
0.195857
0.662
0.662
0.119212
0.662
0.662
0.662
0.662
0.662
0.61805
0.662
0.262962
0.662
0.166887
0.420027
0.662
0.638604
0.22126
0.167692
0.662
0.209313
0.662
0.00224243
0.662
0.038919
0.662
0.662
0.162145
0.6298
0.273838
0.102688
0.230894
0.662
0.662
0.662
0.662
0.617311
0.662
0.662
0.531389
0.662
0.367845
0.662
0.662
0.160218
0.0565276
0.662
0.662
0.353197
0.633391
0.662
0.330855
0.662
0.662
0.0997392
0.662
0.0790464
0.662
0.11118
0.0240078
0.171373
0.348758
0.662
0.662
0.662
0.0610224
0.463155
0.069586
0.662
0.662
0.662
0.149466
0.0394616
0.662
0.00558321
0.428865
0.662
0.246142
0.366108
0.520336
0.662
0.662
0.662
0.662
0.662
0.249681
0.474874
0.662
0.203514
0.262687
0.662
0.662
0.0362563
0.662
0.515419
0.561989
0.370395
0.662
0.662
0.0133807
0.662
0.339535
0.343479
0.00696848
0.662
0.662
0.662
0.662
0.662
0.424894
0.106082
0.662
0.662
0.225391
0.265356
0.571379
0.662
0.662
0.662
0.662
0.0266114
0.662
0.662
0.3102
0.0598702
0.662
0.662
0.662
0.282018
0.557299
0.662
0.662
0.662
0.052336
0.662
0.662
0.662
0.417026
0.30681
0.20261
0.15279
0.662
0.662
0.433872
0.423556
0.662
0.470655
0.13621
0.662
0.410679
0.662
0.662
0.662
0.662
0.662
0.662
0.057676
0.662
0.1084
0.216836
0.280633
0.662
0.0484615
0.662
0.362871
0.662
0.261079
0.207706
0.0238522
0.662
0.662
0.15496
0.435724
0.662
0.662
0.525946
0.0591729
0.662
0.114698
0.360873
0.662
0.46451
0.662
0.662
0.121646
0.349086
0.391077
0.662
0.400319
0.662
0.0822983
0.662
0.0348414
0.447596
0.662
0.332815
0.662
0.662
0.306788
0.662
0.662
0.602895
0.662
0.662
0.662
0.442307
0.662
0.268749
0.434537
0.662
0.662
0.662
0.54012
0.202882
0.265733
0.270212
0.319321
0.239644
0.662
0.129458
0.662
0.662
0.662
0.403552
0.448902
0.662
0.446532
0.662
0.662
0.662
0.662
0.487249
0.503997
0.0613063
0.0065591
0.662
0.662
0.193766
0.662
0.662
0.266851
0.17457
0.662
0.15957
0.662
0.662
0.662
0.0373366
0.662
0.612345
0.662
0.662
0.662
0.662
0.662
0.662
0.662
0.156688
0.463471
0.662
0.289288
0.254538
0.292622
0.139083
0.0896533
0.662
0.662
0.171855
0.662
0.183731
0.0900445
0.662
0.662
0.0562525
0.662
0.185532
0.171931
0.662
0.662
0.469109
0.28204
0.239137
0.662
0.662
0.0541451
0.662
0.662
0.662
0.662
0.168607
0.269608
0.662
0.662
0.662
0.662
0.0709205
0.662
0.276684
0.662
0.418807
0.662
0.174123
0.662
0.662
0.662
0.116135
0.662
0.0799441
0.662
0.117855
0.0249757
0.662
0.662
0.439293
0.474819
0.137192
0.662
0.433352
0.662
0.662
0.373215
0.662
0.662
0.662
0.662
0.447292
0.50749
0.465148
0.662
0.662
0.662
0.662
0.662
0.662
0.662
0.662
0.662
0.138737
0.397844
0.662
0.662
0.662
0.0772732
0.662
0.210093
0.662
0.0973785
0.264507
0.662
0.662
0.662
0.662
0.662
0.159272
0.370953
0.662
0.102569
0.431679
0.600612
0.264137
0.662
0.662
0.662
0.0276118
0.662
0.447011
0.458038
0.662
0.294992
0.0985882
0.662
0.662
0.45553
0.259917
0.662
0.662
0.224147
0.413476
0.662
0.437173
0.470209
0.662
0.373957
0.662
0.662
0.473899
0.1789
0.662
0.662
0.662
0.662
0.12343
0.662
0.181254
0.293049
0.357156
0.662
0.406707
0.662
0.0803232
0.158467
0.159051
0.662
0.402849
0.062806
0.451582
0.662
0.550535
0.0979442
0.662
0.662
0.313252
0.662
0.662
0.662
0.371348
0.662
0.0374328
0.0759259
0.662
0.662
0.662
0.213683
0.236171
0.662
0.151408
0.662
0.662
0.662
0.662
0.662
