0.294681
0.538013
0.167025
0.662
0.662
0.387976
0.662
0.306751
0.0643194
0.448681
0.422955
0.198721
0.662
0.662
0.662
0.662
0.662
0.662
0.662
0.662
0.211613
0.425117
0.662
0.21343
0.166887
0.367062
0.662
0.24407
0.662
0.388393
0.441204
0.0105464
0.227092
0.662
0.662
0.662
0.264882
0.0617902
0.352351
0.662
0.509478
0.462491
0.662
0.662
0.662
0.433562
0.662
0.662
0.300643
0.662
0.42933
0.662
0.662
0.00218672
0.662
0.0165264
0.307089
0.342156
0.142593
0.662
0.338022
0.662
0.662
0.395904
0.0408063
0.0254458
0.441589
0.662
0.662
0.662
0.266331
0.0857534
0.0352147
0.662
0.410132
0.662
0.662
0.336455
0.370628
0.662
0.662
0.459892
0.394664
0.662
0.201611
0.662
0.535326
0.477492
0.385046
0.458219
0.662
0.662
0.662
0.662
0.662
0.662
0.662
0.428662
0.662
0.449181
0.662
0.662
0.662
0.274201
0.212241
0.662
0.662
0.0742263
0.45133
0.179122
0.662
0.21217
0.662
0.662
0.194221
0.384622
0.311636
0.662
0.467097
0.662
0.550645
0.454579
0.339864
0.378289
0.662
0.114698
0.662
0.662
0.662
0.313043
0.450071
0.335862
0.430849
0.625226
0.163647
0.662
0.662
0.662
0.662
0.364998
0.400931
0.224194
0.662
0.553065
0.63361
0.0352054
0.036206
0.662
0.207628
0.173121
0.115891
0.662
0.662
0.662
0.662
0.662
0.662
0.0953574
0.662
0.294569
0.474778
0.662
0.662
0.282187
0.662
0.235306
0.662
0.662
0.662
0.195343
0.662
0.662
0.662
0.662
0.662
0.662
0.662
0.395274
0.662
0.662
0.270053
0.169576
0.662
0.662
0.662
0.662
0.662
0.662
0.662
0.0568368
0.662
0.662
0.288263
0.205234
0.306588
0.662
0.205847
0.0283356
0.662
0.247222
0.261079
0.47902
0.662
0.662
0.662
0.366364
0.0828973
0.211312
0.662
0.216458
0.662
0.662
0.394028
0.269476
0.662
0.662
0.155453
0.244531
0.208407
0.662
0.662
0.0577006
0.212724
0.662
0.662
0.662
0.448767
0.662
0.662
0.400533
0.395193
0.662
0.662
0.571379
0.168719
0.662
0.662
0.662
0.662
0.662
0.299501
0.662
0.216614
0.00937676
0.428019
0.662
0.662
0.662
0.0486891
0.662
0.662
0.662
0.662
0.395472
0.12624
0.662
0.0543151
0.662
0.0294098
0.662
0.662
0.662
0.620522
0.662
0.662
0.459805
0.662
0.662
0.662
0.165098
0.662
0.195245
0.662
0.662
0.193836
0.387446
0.662
0.662
0.662
0.0534814
0.662
0.662
0.26091
0.351196
0.174123
0.662
0.662
0.553399
0.662
0.662
0.250717
0.662
0.662
0.662
0.662
0.662
0.494999
0.159027
0.475467
0.194018
0.662
0.589816
0.418962
0.659046
0.333491
0.467185
0.490268
0.0324416
0.662
0.662
0.0031803
0.012726
0.438438
0.662
0.662
0.662
0.0304315
0.366831
0.436741
0.19803
0.473928
0.662
0.342181
0.662
0.0594156
0.662
0.476579
0.662
0.662
0.662
0.144742
0.662
0.662
0.662
0.662
0.662
0.662
0.662
0.662
0.0163094
0.43423
0.00318891
0.289642
0.662
0.662
0.662
0.41205
0.633391
0.662
0.662
0.448173
0.662
0.662
0.314744
0.662
0.662
0.193573
0.662
0.662
0.259581
0.662
0.451208
0.248733
0.662
0.662
0.662
0.662
0.662
0.33028
0.662
0.0374326
0.662
0.662
0.662
0.662
0.662
0.446532
0.630188
0.249393
0.113028
0.496577
0.662
0.33425
0.662
0.124757
0.662
0.40512
0.375993
0.662
0.0716992
0.339588
0.662
0.213543
0.445813
0.294598
0.662
0.662
0.192692
0.225525
0.326394
0.13848
0.527694
0.464638
0.151852
0.662
0.662
0.0198678
0.135723
0.113813
0.062939
0.305835
0.38404
0.662
0.662
0.662
0.279787
0.662
0.324385
0.662
0.662
0.0979936
0.662
0.109372
0.110018
0.662
0.30806
0.662
0.283638
0.0281805
0.406761
0.0880831
0.662
0.458363
0.465025
0.0767808
0.662
0.662
0.269831
0.662
0.192842
0.662
0.662
0.662
0.662
0.662
0.662
0.416542
0.216842
0.268334
0.350398
0.662
0.662
0.114979
0.522098
0.662
0.662
0.103313
0.292862
0.662
0.209844
0.449859
0.662
0.460601
0.0393917
0.662
0.0496369
0.662
0.662
0.377521
0.118232
0.434673
0.662
0.459324
0.057436
0.243054
0.662
0.557299
0.662
0.415539
0.662
0.00996756
0.63339
0.349711
0.662
0.662
0.374894
0.662
0.662
0.369378
0.662
0.662
0.37143
0.662
0.662
0.662
0.320226
0.662
0.465869
0.662
0.662
0.662
0.166224
0.662
0.662
0.290534
0.431801
0.0496019
0.662
0.321622
0.662
0.211589
0.188769
0.662
0.0171421
0.39957
0.662
0.662
0.662
0.367337
0.153249
0.662
0.662
0.325002
0.127253
0.662
0.38734
0.109997
0.402616
0.165483
0.662
0.662
0.351058
0.662
0.353498
0.662
0.354025
0.0523448
0.662
0.560595
0.662
0.609113
0.0487717
0.662
0.662
0.00931544
0.144589
0.662
0.662
0.662
0.492135
0.662
0.662
0.662
0.0253652
0.662
0.662
0.662
0.309721
0.113976
0.360258
0.380083
0.662
0.365386
0.662
0.269534
0.452476
0.662
0.287714
0.662
0.662
0.508933
0.128882
0.662
0.662
0.0667714
0.662
0.379409
0.662
0.454406
0.662
0.662
0.662
0.662
0.324523
0.662
0.662
0.662
0.216787
0.0627073
0.425676
0.662
0.662
0.0175523
0.662
0.135868
0.0551
0.272643
0.662
0.662
0.295295
0.662
0.662
0.662
0.662
0.407045
0.472471
0.662
0.662
0.322878
0.310939
0.662
0.662
0.662
0.479136
0.662
0.313562
0.194431
0.43186
0.662
0.265485
0.0802518
0.662
0.662
0.22869
0.662
0.662
0.662
0.460881
0.662
0.662
0.416128
0.662
0.0963459
0.356224
0.575581
0.662
0.662
0.0499563
0.662
0.662
0.449548
0.0319141
0.662
0.0457862
0.25719
0.662
0.662
0.662
0.662
0.662
0.662
0.206968
0.662
0.532645
0.662
0.320637
0.662
0.662
0.662
0.0920479
0.662
0.662
0.0717248
0.662
0.0108806
0.516754
0.335653
0.186067
0.35519
0.142137
0.662
0.662
0.470583
0.0472088
0.662
0.0919936
0.409194
0.662
0.662
0.662
0.059415
0.662
0.166052
0.662
0.33165
0.0895146
0.598463
0.662
0.662
0.281811
0.662
0.191107
0.296205
0.241943
0.662
0.662
0.207119
0.662
0.0370891
0.490127
0.106349
0.426066
0.216137
0.662
0.48852
0.662
0.662
0.334886
0.277682
0.370395
0.25051
0.0359063
0.107866
0.216
0.200301
0.662
0.00349213
0.179029
0.0811786
0.662
0.662
0.146311
0.144658
0.662
0.662
0.662
0.662
0.315548
0.168961
0.546406
0.662
0.662
0.662
0.662
0.268186
0.377176
0.662
0.662
0.662
0.370364
0.119488
0.0805084
0.382791
0.662
0.662
0.662
0.662
0.662
0.662
0.662
0.234726
0.662
0.153508
0.662
0.662
0.0085689
0.662
0.339199
0.265733
0.662
0.196158
0.662
0.339993
0.308265
0.662
0.662
0.662
0.662
0.390636
0.230821
0.298144
0.400702
0.556886
0.662
0.662
0.662
0.0512447
0.662
0.662
0.559807
0.445731
0.397263
0.662
0.662
0.662
0.662
0.22882
0.662
0.662
0.662
0.504562
0.293826
0.662
0.169347
0.429853
0.087583
0.662
0.328038
0.0756283
0.429204
0.662
0.103838
0.0821002
0.662
0.662
0.601776
0.241844
0.662
0.038919
0.296998
0.402337
0.662
0.226029
0.228
0.662
0.30842
0.548621
0.38137
0.662
0.662
0.349618
0.662
0.662
0.662
0.662
0.662
0.263522
0.465835
0.0455805
0.265613
0.178361
0.330784
0.12343
0.662
0.11118
0.498814
0.662
0.386065
0.662
0.662
0.471282
0.197338
0.662
0.662
0.0419954
0.617923
0.662
0.662
0.0334651
0.662
0.13494
0.662
0.0169655
0.662
0.662
0.662
0.662
0.662
0.662
0.265402
0.662
0.416648
0.378066
0.39937
0.30106
0.454997
0.662
0.662
0.110932
0.0919486
0.343359
0.662
0.662
0.500875
0.662
0.662
0.281134
0.0737938
0.210995
0.662
0.402606
0.662
0.662
0.11593
0.363247
0.662
0.662
0.662
0.662
0.662
0.662
0.662
0.662
0.289568
0.0439748
0.662
0.0160978
0.438862
0.662
0.457751
0.662
0.0065591
0.257631
