0.662
0.0363942
0.662
0.620083
0.342947
0.662
0.335633
0.4876
0.662
0.325978
0.389897
0.040998
0.662
0.476912
0.187756
0.162644
0.358416
0.662
0.662
0.662
0.204363
0.662
0.413944
0.662
0.360164
0.662
0.461456
0.630856
0.415568
0.473801
0.662
0.662
0.429803
0.107067
0.662
0.662
0.654584
0.270392
0.662
0.04953
0.662
0.32155
0.662
0.662
0.393519
0.662
0.662
0.387127
0.662
0.662
0.662
0.662
0.662
0.662
0.662
0.54452
0.662
0.662
0.147041
0.0520215
0.170929
0.444028
0.0789231
0.662
0.662
0.662
0.468543
0.662
0.456042
0.185863
0.115907
0.143991
0.662
0.328133
0.662
0.313225
0.123306
0.403928
0.662
0.218359
0.662
0.662
0.662
0.662
0.662
0.0539053
0.662
0.662
0.662
0.62774
0.662
0.662
0.662
0.299351
0.138572
0.113346
0.662
0.195551
0.662
0.662
0.431544
0.662
0.662
0.662
0.278017
0.0298487
0.662
0.307543
0.492982
0.662
0.662
0.662
0.662
0.222444
0.662
0.662
0.215909
0.662
0.184573
0.472298
0.290495
0.295628
0.662
0.173519
0.105631
0.3602
0.662
0.662
0.662
0.662
0.456661
0.0893394
0.351457
0.120098
0.427984
0.662
0.662
0.481673
0.662
0.391438
0.125516
0.524343
0.662
0.362317
0.272258
0.662
0.662
0.539998
0.445351
0.662
0.662
0.0303911
0.0989887
0.662
0.510941
0.183285
0.662
0.662
0.662
0.662
0.662
0.383405
0.662
0.44023
0.662
0.662
0.377358
0.244427
0.662
0.662
0.36784
0.662
0.662
0.250245
0.662
0.180678
0.662
0.488438
0.346607
0.662
0.0434057
0.246112
0.662
0.662
0.662
0.140761
0.080434
0.236438
0.662
0.310128
0.35545
0.662
0.662
0.662
0.662
0.662
0.662
0.662
0.429956
0.662
0.662
0.662
0.0617807
0.662
0.43741
0.662
0.0632883
0.467251
0.662
0.325093
0.662
0.105947
0.662
0.662
0.662
0.662
0.0306771
0.102426
0.308814
0.662
0.234822
0.662
0.662
0.239705
0.450547
0.426545
0.662
0.662
0.00449852
0.662
0.662
0.140345
0.391058
0.662
0.662
0.662
0.400619
0.662
0.662
0.514086
0.198075
0.662
0.662
0.512603
0.0679683
0.252265
0.397663
0.662
0.519056
0.511541
0.00984323
0.662
0.0649383
0.662
0.662
0.156226
0.199253
0.611712
0.183675
0.185055
0.662
0.0300888
0.374432
0.662
0.145109
0.662
0.188448
0.662
0.662
0.419102
0.662
0.255596
0.662
0.194423
0.662
0.662
0.197458
0.662
0.662
0.532348
0.662
0.662
0.197321
0.340023
0.216081
0.16122
0.410656
0.422249
0.132767
0.662
0.421655
0.662
0.395677
0.662
0.433856
0.662
0.325558
0.662
0.662
0.44343
0.375755
0.333244
0.662
0.203997
0.235966
0.446811
0.41878
0.662
0.662
0.662
0.435749
0.662
0.0848594
0.662
0.662
0.494183
0.344322
0.153072
0.391456
0.579924
0.662
0.662
0.425765
0.662
0.436279
0.247937
0.102049
0.662
0.662
0.662
0.644066
0.0982743
0.662
0.662
0.662
0.175028
0.143932
0.662
0.429345
0.662
0.2512
0.662
0.0852021
0.662
0.662
0.27692
0.662
0.662
0.161921
0.662
0.662
0.318947
0.246841
0.662
0.662
0.158019
0.662
0.151767
0.662
0.205444
0.662
0.662
0.662
0.4002
0.0165624
0.662
0.247111
0.662
0.280329
0.127451
0.387223
0.474224
0.662
0.662
0.270296
0.662
0.662
0.662
0.662
0.153065
0.304318
0.134716
0.662
0.00216733
0.662
0.5031
0.662
0.662
0.419337
0.431851
0.301673
0.129137
0.145611
0.0246221
0.662
0.0756913
0.185754
0.662
0.125232
0.239246
0.0126223
0.662
0.662
0.662
0.662
0.662
0.662
0.662
0.296622
0.662
0.163828
0.662
0.422476
0.662
0.662
0.662
0.357202
0.181688
0.314889
0.38091
0.182348
0.662
0.521507
0.662
0.662
0.459622
0.662
0.662
0.450164
0.662
0.662
0.163869
0.33468
0.218605
0.0265873
0.662
0.662
0.345101
0.258211
0.355532
0.662
0.662
0.488133
0.619641
0.662
0.662
0.662
0.419741
0.474808
0.662
0.662
0.662
0.0174315
0.662
0.662
0.194225
0.209839
0.662
0.662
0.662
0.349619
0.389638
0.662
0.477561
0.140897
0.662
0.662
0.662
0.236762
0.662
0.391051
0.662
0.662
0.0238595
0.246039
0.662
0.662
0.388705
0.662
0.0819014
0.662
0.662
0.204197
0.329791
0.662
0.662
0.318207
0.227123
0.662
0.340065
0.291794
0.055107
0.448483
0.662
0.28327
0.662
0.662
0.662
0.662
0.662
0.300185
0.662
0.13152
0.662
0.170135
0.39559
0.00639492
0.306895
0.30309
0.662
0.662
0.662
0.662
0.0807135
0.662
0.662
0.45055
0.591233
0.375443
0.662
0.662
0.662
0.279725
0.662
0.304691
0.252031
0.662
0.662
0.662
0.662
0.123181
0.662
0.662
0.138119
0.196275
0.662
0.237767
0.338564
0.295069
0.0867295
0.458124
0.662
0.662
0.399817
0.452945
0.662
0.256591
0.326407
0.662
0.662
0.429769
0.00307169
0.00522863
0.356315
0.291869
0.662
0.662
0.662
0.662
0.662
0.662
0.662
0.662
0.285213
0.662
0.662
0.662
0.363022
0.445956
0.662
0.413423
0.0260345
0.662
0.662
0.662
0.662
0.662
0.092716
0.662
0.200392
0.240456
0.461201
0.662
0.662
0.635401
0.231413
0.662
0.662
0.216581
0.662
0.408126
0.662
0.256195
0.289319
0.0932995
0.43144
0.31057
0.662
0.397465
0.662
0.662
0.662
0.662
0.212048
0.662
0.662
0.425877
0.445269
0.195448
0.662
0.337433
0.0926949
0.358802
0.662
0.24604
0.257878
0.164245
0.662
0.662
0.439257
0.662
0.473105
0.0143468
0.136468
0.662
0.0456838
0.437171
0.430708
0.662
0.236243
0.418182
0.448022
0.378638
0.662
0.662
0.662
0.662
0.662
0.400103
0.368329
0.662
0.662
0.662
0.226856
0.467191
0.662
0.662
0.434125
0.662
0.041085
0.662
0.360687
0.228446
0.275579
0.361379
0.662
0.662
0.662
0.48386
0.561974
0.0702181
0.662
0.662
0.662
0.662
0.148569
0.0336705
0.14187
0.662
0.111143
0.0592876
0.407442
0.35956
0.662
0.370334
0.29891
0.39503
0.662
0.154663
0.662
0.662
0.662
0.0863885
0.474044
0.662
0.160757
0.662
0.662
0.662
0.662
0.640983
0.308986
0.662
0.662
0.0808017
0.662
0.152331
0.0170499
0.421607
0.279491
0.308591
0.662
0.662
0.662
0.0881901
0.461545
0.0237022
0.47706
0.662
0.133338
0.176085
0.662
0.291839
0.662
0.164783
0.526219
0.511525
0.0734192
0.226029
0.0143166
0.153517
0.662
0.616018
0.0598563
0.662
0.662
0.662
0.362867
0.419079
0.662
0.633391
0.174785
0.662
0.235857
0.662
0.105122
0.662
0.662
0.662
0.662
0.467048
0.179373
0.324453
0.662
0.204741
0.031758
0.47483
0.662
0.348639
0.20124
0.241914
0.662
0.662
0.0433501
0.662
0.215377
0.261801
0.662
0.662
0.322501
0.262297
0.0141373
0.662
0.00795958
0.387112
0.662
0.476868
0.285367
0.517014
0.662
0.462946
0.398333
0.017961
0.446276
0.397053
0.662
0.662
0.410714
0.65245
0.0271044
0.662
0.299203
0.662
0.662
0.662
0.662
0.662
0.662
0.662
0.0725232
0.662
0.662
0.0395343
0.662
0.137432
0.662
0.662
0.662
0.049219
0.662
0.449481
0.294346
0.139255
0.662
0.662
0.201304
0.319944
0.662
0.662
0.662
0.224675
0.662
0.662
0.662
0.662
0.662
0.295047
0.662
0.662
0.662
0.416832
0.662
0.662
0.261656
0.328111
0.00498815
0.662
0.662
0.662
0.176238
0.025701
0.380723
0.662
0.134997
0.545185
0.662
0.662
0.662
0.16014
0.662
0.662
0.662
0.196143
0.662
0.662
0.662
0.465888
0.0350697
0.148892
0.216253
0.248026
0.145372
0.662
0.549355
0.319365
0.662
0.31485
0.662
0.662
0.662
0.662
0.234993
0.662
0.662
0.610837
0.662
0.662
0.662
0.662
0.662
0.662
0.324774
0.0183221
0.662
0.662
0.240029
0.369536
0.662
0.218975
0.412273
0.662
0.662
0.0120436
0.0985028
0.662
0.662
0.662
0.662
0.662
0.662
0.53752
0.662
0.662
0.662
0.662
0.662
0.0771046
0.662
0.0851893
0.440103
0.203619
0.397646
0.662
0.662
0.223038
0.490583
0.662
0.662
0.662
0.200583
0.255649
0.45804
0.662
0.23906
0.662
0.454827
0.662
0.0635166
0.211971
0.364976
0.662
0.386839
0.662
0.662
0.354071
0.662
0.109913
0.662
0.662
0.662
0.120274
0.0159216
0.662
0.187845
0.235568
0.093937
0.662
0.662
0.662
0.662
0.662
0.662
0.44777
0.41009
0.662
0.338609
0.662
0.200618
0.13803
0.321796
0.662
0.662
0.662
0.662
0.662
0.306247
0.662
0.301239
0.662
0.662
0.662
0.662
0.662
0.662
0.662
0.170527
0.662
0.662
0.0937424
0.662
0.103675
0.662
0.662
0.662
0.662
0.318993
0.662
0.662
0.247769
0.262015
0.662
0.361314
0.662
0.0435433
0.662
0.662
0.662
0.266856
0.662
0.136052
0.662
0.662
0.30847
0.662
0.662
0.418804
0.662
0.662
0.662
0.19975
0.506622
0.662
0.296487
0.662
0.00884477
0.662
0.454071
0.215191
0.662
0.092712
0.568297
0.32665
0.261054
0.418702
0.662
0.662
0.449232
0.662
0.662
0.472427
0.662
0.35706
0.662
0.116454
0.662
0.43807
0.467146
0.662
0.332463
0.367795
0.662
0.662
0.0112344
0.164174
0.662
0.662
0.662
0.662
0.0120739
0.662
0.662
0.662
0.662
0.662
0.662
0.662
0.662
0.662
0.662
0.35421
0.662
0.662
0.662
0.662
0.662
0.613138
0.0966703
0.0154598
0.662
0.662
0.662
0.475495
0.0823428
0.286538
0.662
0.281579
0.662
0.129877
0.25277
0.662
0.510134
0.200903
0.28741
0.1879
0.662
0.321986
0.150083
0.662
0.662
0.662
0.662
0.662
0.54825
0.25537
0.662
0.154114
0.662
0.662
0.662
0.662
0.662
0.176516
0.228092
0.662
0.662
0.357989
0.662
0.0221154
0.662
0.262406
0.662
0.662
0.662
0.662
0.450757
0.271218
0.407171
0.662
0.305571
0.662
0.662
0.147835
0.185262
0.393809
0.120078
0.662
0.662
0.662
0.342206
0.662
0.0671877
0.0831333
0.173661
0.662
0.662
0.662
0.189332
0.662
0.662
0.662
0.411474
0.662
0.662
0.0175504
0.387401
0.662
0.525723
0.516568
0.662
0.312389
0.662
0.662
0.385059
0.662
0.172121
0.348784
0.6619
0.0260264
0.0481023
0.662
0.662
0.662
0.371311
0.0797259
0.662
0.460725
0.299028
0.662
0.662
0.182452
0.662
0.662
0.662
0.00203945
0.151395
0.317774
0.459458
0.382958
0.662
0.662
0.450465
0.662
0.662
0.519412
0.662
0.662
0.112157
0.369792
0.662
0.0477964
0.251994
0.662
0.0484955
0.163128
0.662
0.161375
0.662
0.662
0.385722
0.161315
0.394161
0.662
0.662
0.181298
0.662
0.662
0.662
0.37227
0.646921
0.662
0.0475652
0.0653263
0.355707
0.228751
0.662
0.161218
0.299215
0.662
0.164016
0.662
0.662
0.662
0.662
0.662
0.662
0.0285966
0.662
0.301092
0.662
0.0276014
0.662
0.264978
0.435841
0.662
0.446064
0.662
0.662
0.662
0.339883
0.339096
0.0317331
0.231173
0.385011
0.662
0.662
0.662
0.662
0.662
0.427147
0.662
0.662
0.662
0.473749
0.662
0.662
0.662
0.422492
0.662
0.662
0.257519
0.662
0.662
0.662
0.0133517
0.246765
0.662
0.356195
0.662
0.302706
0.199219
0.0946164
0.662
0.662
0.662
0.164754
0.416511
0.662
0.36204
0.662
0.43059
0.662
0.453027
0.47155
0.662
0.662
0.215711
0.459839
0.662
0.662
0.662
0.662
0.515777
0.306819
0.319094
0.662
0.216459
0.0468713
0.662
0.199719
0.105578
0.0549866
0.662
0.245638
0.662
0.662
0.662
0.662
0.258488
0.662
0.662
0.662
0.231823
0.461288
0.662
0.662
0.662
0.662
0.662
0.662
0.453121
0.475953
0.292367
0.662
0.292406
0.662
0.662
0.370026
0.662
0.662
0.448608
0.148074
0.662
0.662
0.508784
0.662
0.662
0.662
0.241183
0.551886
0.662
0.662
0.662
0.440659
0.662
0.0240484
0.662
0.662
0.662
0.662
0.407082
0.398062
0.662
0.220056
0.662
0.662
0.123568
0.662
0.430796
0.662
0.662
0.213226
0.358288
0.187318
0.18622
0.662
0.662
0.471754
0.662
0.662
0.662
0.544143
0.46149
0.0818858
0.0772487
0.662
0.200816
0.662
0.352804
0.662
0.078479
0.662
0.662
0.192018
0.199605
0.662
0.132742
0.349698
0.218224
0.432013
0.199109
0.662
0.286923
0.662
0.662
0.662
0.662
0.662
0.662
0.062098
