0.15552
0.662
0.662
0.662
0.388763
0.662
0.662
0.357972
0.391842
0.662
0.567274
0.102414
0.662
0.662
0.662
0.662
0.662
0.662
0.496414
0.311793
0.662
0.0939551
0.662
0.579634
0.662
0.236932
0.662
0.662
0.662
0.662
0.21528
0.662
0.658568
0.113721
0.633205
0.118921
0.662
0.662
0.662
0.117153
0.30373
0.662
0.277517
0.347339
0.195478
0.662
0.446305
0.662
0.00410559
0.662
0.446054
0.447445
0.405372
0.662
0.198798
0.662
0.468819
0.662
0.662
0.369039
0.662
0.640412
0.336777
0.662
0.662
0.360815
0.376362
0.662
0.360616
0.0598972
0.479727
0.0356072
0.662
0.662
0.43393
0.308366
0.662
0.662
0.237346
0.447484
0.189209
0.172501
0.32776
0.662
0.0254137
0.662
0.621561
0.662
0.328188
0.662
0.605173
0.244105
0.386813
0.662
0.307178
0.371213
0.463847
0.662
0.230749
0.662
0.198892
0.662
0.662
0.662
0.662
0.251507
0.116941
0.662
0.133393
0.662
0.279787
0.477225
0.662
0.0386866
0.0989322
0.662
0.662
0.368262
0.662
0.662
0.078219
0.195868
0.662
0.662
0.4274
0.662
0.345462
0.662
0.300935
0.662
0.662
0.0693682
0.662
0.662
0.662
0.662
0.662
0.662
0.662
0.32593
0.27506
0.662
0.375761
0.43869
0.130097
0.662
0.102961
0.221851
0.662
0.662
0.662
0.292214
0.662
0.518223
0.435422
0.662
0.20283
0.662
0.0677878
0.662
0.059121
0.662
0.358234
0.082769
0.662
0.400299
0.334565
0.662
0.662
0.662
0.662
0.264212
0.209668
0.662
0.0802701
0.662
0.662
0.662
0.662
0.488929
0.662
0.662
0.461263
0.662
0.465784
0.587045
0.662
0.23779
0.382294
0.336544
0.662
0.662
0.662
0.429776
0.471029
0.662
0.662
0.662
0.662
0.662
0.662
0.122329
0.184501
0.427651
0.13649
0.130812
0.662
0.241488
0.662
0.662
0.662
0.662
0.662
0.0285288
0.259979
0.662
0.290237
0.426743
0.662
0.662
0.662
0.662
0.662
0.289315
0.662
0.662
0.662
0.662
0.0967934
0.662
0.139445
0.390509
0.662
0.421738
0.662
0.662
0.271333
0.304509
0.122023
0.662
0.662
0.497683
0.141559
0.335927
0.662
0.662
0.662
0.662
0.208267
0.662
0.662
0.129352
0.662
0.000537101
0.662
0.662
0.662
0.662
0.662
0.662
0.435398
0.427327
0.662
0.385756
0.46706
0.662
0.662
0.662
0.470684
0.446394
0.662
0.413983
0.282001
0.662
0.662
0.662
0.542504
0.50453
0.662
0.552692
0.48414
0.0197624
0.662
0.662
0.0969246
0.381223
0.662
0.461058
0.662
0.662
0.186824
0.188565
0.662
0.0403338
0.662
0.341123
0.662
0.662
0.324864
0.662
0.454126
0.662
0.662
0.662
0.662
0.245828
0.0608654
0.662
0.662
0.468428
0.278098
0.0382829
0.405548
0.662
0.0946964
0.180528
0.455448
0.0345645
0.662
0.662
0.662
0.662
0.194902
0.474558
0.280597
0.230022
0.662
0.451545
0.662
0.215192
0.662
0.662
0.257181
0.662
0.299225
0.662
0.662
0.449406
0.662
0.662
0.662
0.662
0.112217
0.662
0.387996
0.662
0.477212
0.662
0.0252157
0.662
0.662
0.605104
0.662
0.662
0.199916
0.551572
0.44187
0.662
0.662
0.662
0.164524
0.662
0.662
0.662
0.662
0.427739
0.458834
0.274606
0.377671
0.662
0.384217
0.662
0.0042044
0.662
0.662
0.662
0.662
0.662
0.662
0.662
0.0289801
0.662
0.44939
0.662
0.662
0.662
0.662
0.216392
0.662
0.662
0.0250031
0.662
0.662
0.662
0.662
0.662
0.662
0.662
0.183682
0.662
0.662
0.662
0.662
0.662
0.47339
0.662
0.154486
0.662
0.662
0.662
0.401899
0.157643
0.241669
0.221647
0.662
0.423047
0.662
0.34129
0.154045
0.137164
0.585073
0.463221
0.266149
0.662
0.0742256
0.35285
0.662
0.0193689
0.662
0.0610299
0.368009
0.662
0.446588
0.563295
0.324608
0.662
0.391816
0.356877
0.662
0.379666
0.662
0.0449624
0.662
0.662
0.29797
0.493628
0.393066
0.662
0.234646
0.152254
0.23032
0.662
0.662
0.662
0.662
0.662
0.370747
0.13823
0.324526
0.662
0.0838073
0.662
0.662
0.662
0.662
0.307647
0.0212129
0.020365
0.436808
0.324543
0.15161
0.104175
0.662
0.662
0.257329
0.414843
0.662
0.662
0.662
0.0128307
0.662
0.0263434
0.662
0.374372
0.662
0.156005
0.662
0.246806
0.662
0.0664186
0.242445
0.389958
0.324743
0.662
0.662
0.662
0.662
0.662
0.00274583
0.12139
0.25503
0.435851
0.132903
0.6184
0.662
0.662
0.432552
0.662
0.163584
0.662
0.662
0.349822
0.662
0.264125
0.466451
0.0258467
0.0710677
0.486558
0.662
0.662
0.388635
0.662
0.463848
0.662
0.434328
0.662
0.45428
0.662
0.310677
0.662
0.662
0.662
0.389964
0.662
0.662
0.662
0.289405
0.662
0.194469
0.662
0.181646
0.223517
0.267057
0.310852
0.662
0.334612
0.199596
0.662
0.662
0.295362
0.442468
0.0441037
0.258134
0.278149
0.662
0.662
0.662
0.384472
0.662
0.53948
0.422696
0.662
0.0789543
0.308824
0.449195
0.0810561
0.662
0.0272968
0.184064
0.662
0.662
0.126616
0.662
0.257061
0.662
0.662
0.52501
0.662
0.662
0.662
0.391317
0.662
0.662
0.453769
0.662
0.183739
0.418262
0.255955
0.662
0.116055
0.662
0.662
0.314201
0.662
0.303423
0.264892
0.662
0.0357346
0.29164
0.288533
0.662
0.662
0.347126
0.662
0.154511
0.662
0.662
0.662
0.465155
0.662
0.662
0.0435559
0.662
0.0602132
0.199262
0.662
0.129668
0.662
0.438573
0.38024
0.086825
0.204135
0.449838
0.0308926
0.227955
0.662
0.662
0.662
0.138019
0.662
0.662
0.0876106
0.662
0.662
0.662
0.662
0.662
0.662
0.113373
0.11289
0.662
0.101066
0.662
0.47858
0.465145
0.662
0.662
0.662
0.662
0.513982
0.662
0.409887
0.662
0.337759
0.662
0.662
0.0734174
0.662
0.662
0.662
0.148043
0.662
0.662
0.662
0.461901
0.662
0.662
0.537728
0.662
0.662
0.662
0.0860346
0.662
0.292106
0.0672548
0.272525
0.458105
0.662
0.662
0.662
0.662
0.160586
0.662
0.662
0.0517632
0.261964
0.407811
0.662
0.232968
0.662
0.30095
0.422907
0.662
0.662
0.662
0.662
0.209301
0.662
0.342764
0.47212
0.662
0.662
0.383978
0.271312
0.303494
0.662
0.282134
0.662
0.662
0.662
0.199861
0.662
0.34424
0.662
0.662
0.662
0.662
0.662
0.662
0.662
0.48246
0.459943
0.1424
0.509058
0.662
0.164155
0.662
0.311253
0.515618
0.662
0.662
0.309938
0.662
0.662
0.641809
0.275956
0.662
0.645655
0.456297
0.662
0.662
0.662
0.662
0.00183737
0.146833
0.021741
0.463321
0.662
0.122029
0.662
0.469529
0.662
0.489783
0.662
0.236789
0.662
0.209116
0.662
0.662
0.335389
0.662
0.662
0.662
0.247479
0.422794
0.662
0.350565
0.662
0.662
0.662
0.662
0.375953
0.662
0.662
0.242491
0.000172616
0.183646
0.284935
0.662
0.662
0.0034634
0.00495493
0.409801
0.283079
0.662
0.14609
0.662
0.42863
0.208983
0.662
0.230318
0.662
0.088887
0.447782
0.662
0.104053
0.00224814
0.662
0.10378
0.00537843
0.662
0.0835742
0.662
0.409993
0.662
0.662
0.0120911
0.629706
0.662
0.662
0.424215
0.662
0.131596
0.00249504
0.44336
0.662
0.0202828
0.27286
0.0344534
0.662
0.391597
0.490641
0.662
0.662
0.0233752
0.662
0.284124
0.662
0.662
0.0317983
0.662
0.165697
0.295036
0.662
0.662
0.662
0.127927
0.662
0.662
0.222179
0.662
0.0299726
0.662
0.662
0.662
0.447306
0.270153
0.171416
0.662
0.466998
0.662
0.662
0.662
0.662
0.390428
0.0632201
0.662
0.122809
0.662
0.662
0.0623003
0.634115
0.662
0.662
0.294835
0.397362
0.662
0.662
0.662
0.662
0.662
0.174313
0.662
0.152382
0.148793
0.301638
0.451056
0.275874
0.391033
0.662
0.662
0.662
0.611701
0.662
0.63339
0.662
0.662
0.63339
0.662
0.0101611
0.0995178
0.662
0.417905
0.531223
0.214788
0.662
0.662
0.662
0.290257
0.662
0.378914
0.662
0.662
0.662
0.0322338
0.131424
0.662
0.207872
0.662
0.662
0.662
0.438562
0.662
0.290416
0.662
0.662
0.662
0.662
0.662
0.662
0.662
0.662
0.662
0.662
0.662
0.34192
0.662
0.662
0.662
0.662
0.662
0.118558
0.662
0.662
0.662
0.662
0.416081
0.431983
0.402099
0.0304685
0.485047
0.0403927
0.662
0.349359
0.662
0.223096
0.662
0.662
0.662
0.662
0.344009
0.662
0.289337
0.662
0.662
0.407306
0.662
0.0623398
0.523266
0.662
0.350867
0.454088
0.61571
0.295623
0.662
0.662
0.0421931
0.662
0.662
0.662
0.662
0.662
0.662
0.662
0.0269362
0.105373
0.156451
0.256392
0.662
0.662
0.662
0.310893
0.0472141
0.662
0.352221
0.662
0.180765
0.156925
0.662
0.290947
0.222734
0.662
0.662
0.662
0.662
0.662
0.310704
0.662
0.107353
0.662
0.662
0.662
0.662
0.662
0.662
0.474518
0.241499
0.234793
0.662
0.607072
0.662
0.0450836
0.662
0.268358
0.662
0.10355
0.662
0.0632586
0.662
0.471968
0.0368514
0.662
0.662
0.12932
0.179616
0.662
0.137543
0.472157
0.662
0.268756
0.662
0.662
0.123545
0.149718
0.662
0.662
0.662
0.53591
0.192888
0.317283
0.662
0.662
0.662
0.662
0.662
0.662
0.513594
0.353894
0.209339
0.662
0.662
0.338473
0.35405
0.287806
0.219541
0.662
0.662
0.662
0.662
0.49282
0.662
0.0999047
0.662
0.0829588
0.205527
0.0295936
0.452699
0.122221
0.175902
0.662
0.0642488
0.662
0.662
0.268954
0.662
0.662
0.662
0.662
0.608048
0.157646
0.662
0.662
0.662
0.347852
0.152097
0.662
0.662
0.662
0.420246
0.230733
0.152449
0.662
0.662
0.662
0.662
0.662
0.662
0.510033
0.662
0.170988
0.108655
0.662
0.662
0.662
0.662
0.373199
0.0138256
0.662
0.662
0.662
0.470748
0.662
0.267955
0.13657
0.662
0.0577104
0.409587
0.662
0.662
0.662
0.662
0.662
0.662
0.662
0.662
0.662
0.662
0.284445
0.662
0.579926
0.416247
0.662
0.662
0.580414
0.339159
0.662
0.662
0.662
0.0924273
0.2108
0.662
0.0635218
0.662
0.662
0.401309
0.181228
0.662
0.415826
0.209587
0.662
0.283996
0.0983361
0.662
0.662
0.375032
0.286053
0.542839
0.662
0.662
0.382398
0.662
0.202899
0.328405
0.662
0.662
0.359553
0.0593917
0.662
0.662
0.0507045
0.662
0.662
0.291323
0.662
0.412273
0.662
0.321089
0.24149
0.662
0.412248
0.0504114
0.662
0.440016
0.662
0.662
0.662
0.662
0.662
0.662
0.0912231
0.662
0.397943
0.662
0.0369996
0.662
0.662
0.662
0.662
0.284473
0.662
0.30198
0.0239941
0.662
0.662
0.662
0.0321841
0.662
0.41168
0.361603
0.0511406
0.662
0.662
0.368982
0.662
0.193545
0.543696
0.662
0.662
0.288929
0.410506
0.662
0.459628
0.662
0.662
0.662
0.427946
0.662
0.217635
0.662
0.193474
0.662
0.132071
0.662
0.316939
0.662
0.662
0.662
0.662
0.212661
0.436829
0.662
0.448357
0.662
0.0589321
0.355211
0.662
0.662
0.0435165
0.662
0.662
0.37403
0.172086
0.662
0.662
0.662
0.517782
0.662
0.0450852
0.662
0.662
0.107959
0.662
0.525479
0.662
0.662
0.100961
0.57881
0.484886
0.662
0.454887
0.241364
0.662
0.48792
0.662
0.312154
0.662
0.662
