0.662
0.335098
0.662
0.662
0.0554681
0.662
0.224877
0.662
0.376928
0.407434
0.444854
0.348353
0.662
0.662
0.662
0.662
0.662
0.662
0.432787
0.662
0.356135
0.662
0.315133
0.235593
0.662
0.662
0.487414
0.662
0.662
0.662
0.662
0.114812
0.267336
0.423939
0.0179867
0.662
0.384271
0.435937
0.662
0.312722
0.303227
0.0339176
0.662
0.476874
0.662
0.662
0.5264
0.662
0.450802
0.662
0.191979
0.0946174
0.37257
0.662
0.306912
0.662
0.662
0.343567
0.662
0.406247
0.286196
0.662
0.662
0.662
0.624937
0.111324
0.662
0.662
0.662
0.17234
0.114522
0.0655465
0.662
0.662
0.0594865
0.617264
0.662
0.662
0.534063
0.662
0.145969
0.662
0.662
0.346651
0.662
0.662
0.662
0.0305244
0.21423
0.181846
0.0656794
0.453683
0.213038
0.662
0.389261
0.662
0.662
0.603103
0.286423
0.662
0.662
0.432672
0.465913
0.662
0.368539
0.662
0.662
0.0395202
0.662
0.662
0.662
0.662
0.662
0.662
0.662
0.662
0.662
0.107025
0.0736961
0.662
0.0332403
0.288695
0.420201
0.287275
0.662
0.662
0.662
0.662
0.0262691
0.0466911
0.616081
0.344575
0.112266
0.531918
0.662
0.422544
0.47591
0.416465
0.662
0.0152799
0.0413631
0.243008
0.662
0.662
0.125194
0.302663
0.496686
0.662
0.190273
0.156248
0.00932963
0.662
0.662
0.0260544
0.662
0.272648
0.160298
0.309982
0.662
0.662
0.662
0.0845208
0.304847
0.335192
0.662
0.662
0.662
0.662
0.662
0.662
0.662
0.0477881
0.662
0.662
0.409486
0.328156
0.0450104
0.543904
0.356988
0.662
0.106053
0.239356
0.662
0.662
0.662
0.0140241
0.662
0.117912
0.014541
0.662
0.662
0.662
0.0140774
0.662
0.462604
0.195266
0.346893
0.1453
0.662
0.662
0.662
0.324349
0.662
0.3689
0.662
0.362561
0.206336
0.169937
0.33718
0.662
0.662
0.319598
0.662
0.662
0.44651
0.0594584
0.23998
0.0644072
0.662
0.434808
0.367579
0.16192
0.662
0.211613
0.236244
0.0166913
0.662
0.662
0.662
0.125263
0.0501609
0.662
0.369708
0.132573
0.24609
0.439278
0.662
0.662
0.27294
0.662
0.443188
0.458918
0.510675
0.317586
0.662
0.662
0.275914
0.662
0.330883
0.381895
0.662
0.662
0.662
0.284238
0.0215019
0.62897
0.366029
0.662
0.662
0.198224
0.662
0.342759
0.281642
0.662
0.176436
0.662
0.593612
0.232207
0.662
0.378249
0.449266
0.662
0.128749
0.662
0.662
0.0723596
0.662
0.662
0.662
0.377619
0.277527
0.09088
0.662
0.00255681
0.0278973
0.405159
0.376503
0.0121638
0.662
0.662
0.467189
0.662
0.194162
0.175678
0.662
0.662
0.349167
0.662
0.0879655
0.662
0.149456
0.183211
0.662
0.553213
0.159033
0.662
0.266181
0.662
0.662
0.472147
0.662
0.662
0.662
0.260602
0.225465
0.662
0.337662
0.662
0.305857
0.105916
0.125947
0.282719
0.446872
0.291524
0.662
0.0903887
0.662
0.662
0.662
0.467647
0.662
0.662
0.662
0.159135
0.390595
0.662
0.662
0.662
0.662
0.662
0.662
0.110564
0.14755
0.662
0.662
0.662
0.662
0.662
0.207226
0.662
0.213097
0.351813
0.662
0.662
0.662
0.662
0.18685
0.536691
0.662
0.662
0.662
0.662
0.662
0.113189
0.153409
0.662
0.146742
0.662
0.354941
0.662
0.662
0.146003
0.00461424
0.662
0.551419
0.662
0.662
0.241927
0.495368
0.122766
0.156156
0.662
0.127833
0.662
0.241432
0.289097
0.128503
0.662
0.0920404
0.366297
0.662
0.144556
0.662
0.114696
0.158585
0.289149
0.662
0.662
0.347591
0.348994
0.327367
0.662
0.662
0.662
0.662
0.662
0.662
0.223619
0.662
0.662
0.0606815
0.204656
0.662
0.413575
0.0343675
0.401796
0.662
0.317937
0.662
0.662
0.662
0.662
0.662
0.662
0.662
0.259661
0.397208
0.662
0.381131
0.662
0.191929
0.295501
0.468954
0.662
0.662
0.662
0.261276
0.662
0.576549
0.662
0.662
0.662
0.662
0.0977123
0.662
0.406146
0.662
0.662
0.662
0.148961
0.662
0.662
0.662
0.0579229
0.662
0.662
0.662
0.662
0.662
0.662
0.312692
0.662
0.662
0.662
0.662
0.662
0.238907
0.0338325
0.662
0.443463
0.662
0.662
0.417978
0.64954
0.662
0.662
0.662
0.22012
0.252837
0.284368
0.662
0.0198472
0.662
0.662
0.255161
0.0526588
0.189496
0.490526
0.662
0.662
0.193847
0.255056
0.354012
0.662
0.662
0.662
0.662
0.662
0.332037
0.411141
0.662
0.25134
0.37425
0.662
0.662
0.662
0.103407
0.228903
0.392474
0.255066
0.662
0.662
0.662
0.238483
0.144244
0.662
0.192624
0.662
0.124149
0.526836
0.462361
0.662
0.439074
0.662
0.127057
0.662
0.662
0.295088
0.640539
0.662
0.662
0.0588933
0.662
0.662
0.58153
0.662
0.662
0.662
0.662
0.0118245
0.662
0.29261
0.662
0.662
0.186864
0.40592
0.386101
0.498281
0.53474
0.662
0.435638
0.662
0.216648
0.662
0.662
0.662
0.662
0.662
0.662
0.289479
0.662
0.459839
0.238988
0.662
0.662
0.342362
0.331359
0.0561496
0.662
0.662
0.366705
0.56613
0.16387
0.4525
0.662
0.662
0.289231
0.0244198
0.662
0.662
0.0871442
0.191495
0.104019
0.434998
0.0429622
0.0155875
0.662
0.662
0.138922
0.0497809
0.568227
0.662
0.362163
0.201954
0.216503
0.662
0.198195
0.662
0.662
0.662
0.255611
0.662
0.446356
0.0895773
0.662
0.662
0.329158
0.662
0.596367
0.662
0.411176
0.399436
0.128266
0.662
0.107228
0.212905
0.662
0.662
0.662
0.662
0.662
0.361882
0.662
0.318737
0.662
0.662
0.028493
0.662
0.662
0.33868
0.438467
0.286553
0.662
0.662
0.423648
0.264966
0.273671
0.118382
0.662
0.662
0.662
0.662
0.662
0.469789
0.662
0.350808
0.191963
0.499121
0.662
0.662
0.0577819
0.662
0.662
0.662
0.540281
0.662
0.164339
0.430938
0.662
0.262906
0.662
0.131546
0.175328
0.151317
0.263648
0.362441
0.278423
0.662
0.306885
0.662
0.662
0.662
0.662
0.662
0.662
0.662
0.023329
0.330181
0.662
0.286058
0.662
0.375709
0.421515
0.662
0.474599
0.662
0.662
0.662
0.662
0.334773
0.662
0.662
0.662
0.364475
0.662
0.343173
0.662
0.436818
0.14921
0.0570811
0.662
0.328012
0.213031
0.100403
0.169851
0.662
0.662
0.00974491
0.662
0.662
0.108063
0.662
0.662
0.320571
0.662
0.662
0.662
0.662
0.662
0.0290464
0.394026
0.0205162
0.352365
0.0210354
0.662
0.189297
0.356356
0.662
0.662
0.107242
0.219934
0.0812069
0.330522
0.662
0.662
0.0911688
0.219237
0.399925
0.243251
0.358198
0.304762
0.662
0.106556
0.275305
0.662
0.198267
0.0651026
0.662
0.662
0.609027
0.48562
0.662
0.662
0.274841
0.16169
0.160529
0.373641
0.662
0.0893709
0.662
0.294372
0.312399
0.378492
0.439644
0.662
0.662
0.662
0.662
0.662
0.472003
0.662
0.478902
0.166077
0.662
0.662
0.662
0.333368
0.662
0.336818
0.662
0.103828
0.662
0.0402102
0.662
0.662
0.662
0.479951
0.662
0.662
0.662
0.101589
0.662
0.0122199
0.0879887
0.662
0.662
0.662
0.662
0.662
0.397378
0.22936
0.662
0.527562
0.0322982
0.43387
0.662
0.550988
0.212586
0.662
0.241187
0.256285
0.200604
0.662
0.662
0.140056
0.562204
0.662
0.662
0.662
0.0435642
0.0432667
0.419399
0.22353
0.384034
0.662
0.662
0.113504
0.662
0.662
0.465461
0.331352
0.089954
0.662
0.662
0.291346
0.0109438
0.365019
0.662
0.662
0.00584246
0.662
0.662
0.183142
0.662
0.388137
0.662
0.662
0.662
0.293795
0.222177
0.151853
0.662
0.662
0.161974
0.662
0.662
0.662
0.419668
0.662
0.585585
0.193369
0.662
0.662
0.406527
0.662
0.629696
0.662
0.662
0.662
0.157491
0.150619
0.36224
0.286738
0.49427
0.662
0.364767
0.135837
0.363681
0.172827
0.218144
0.662
0.662
0.0336587
0.382237
0.662
0.662
0.655621
0.662
0.00321394
0.650692
0.439041
0.156746
0.662
0.662
0.353378
0.539549
0.662
0.043278
0.540772
0.391051
0.662
0.662
0.662
0.662
0.662
0.194076
0.447934
0.382618
0.662
0.129153
0.491292
0.662
0.416612
0.386575
0.662
0.190815
0.190838
0.662
0.662
0.662
0.429992
0.0728476
0.662
0.500527
0.0168864
0.38758
0.186506
0.662
0.662
0.32497
0.341672
0.473349
0.424963
0.662
0.662
0.275046
0.00331941
0.0383618
0.662
0.469437
0.662
0.662
0.40252
0.662
