0.662
0.662
0.662
0.662
0.662
0.662
0.465387
0.662
0.662
0.408785
0.136725
0.662
0.662
0.187533
0.662
0.662
0.396195
0.662
0.662
0.517424
0.662
0.392124
0.662
0.0770356
0.662
0.288372
0.662
0.662
0.662
0.662
0.662
0.410273
0.662
0.662
0.662
0.662
0.662
0.427121
0.369307
0.0529993
0.662
0.273751
0.242922
0.406345
0.198932
0.398315
0.662
0.662
0.662
0.168106
0.662
0.34951
0.377303
0.281452
0.0931354
0.662
0.121719
0.662
0.662
0.0166675
0.662
0.662
0.662
0.601135
0.662
0.00813588
0.662
0.662
0.662
0.662
0.662
0.662
0.662
0.351056
0.322549
0.534829
0.235317
0.662
0.271441
0.428163
0.662
0.0305854
0.423443
0.662
0.662
0.404892
0.662
0.662
0.662
0.662
0.662
0.662
0.40182
0.662
0.662
0.00535006
0.0354863
0.323382
0.431588
0.662
0.504886
0.43765
0.0726885
0.662
0.662
0.662
0.662
0.327732
0.662
0.662
0.662
0.19273
0.662
0.662
0.00397748
0.662
0.662
0.170598
0.662
0.427859
0.0411016
0.662
0.662
0.662
0.662
0.662
0.662
0.662
0.211805
0.073872
0.662
0.662
0.370125
0.0192272
0.244407
0.662
0.662
0.0198555
0.020365
0.662
0.662
0.662
0.47436
0.310965
0.662
0.524042
0.662
0.662
0.662
0.662
0.662
0.391398
0.662
0.662
0.375331
0.559046
0.662
0.662
0.390707
0.662
0.662
0.449077
0.662
0.662
0.268454
0.59041
0.662
0.662
0.662
0.662
0.662
0.390172
0.662
0.236576
0.662
0.248338
0.438149
0.211329
0.662
0.662
0.662
0.132201
0.662
0.662
0.563581
0.19919
0.322719
0.462818
0.404238
0.211555
0.400843
0.662
0.0202764
0.662
0.662
0.468651
0.662
0.432816
0.662
0.662
0.662
0.662
0.662
0.0163179
0.662
0.662
0.167998
0.662
0.662
0.662
0.662
0.662
0.108985
0.662
0.190596
0.0661798
0.662
0.662
0.662
0.662
0.662
0.662
0.662
0.241714
0.662
0.0123123
0.662
0.662
0.662
0.662
0.0714346
0.662
0.464429
0.161849
0.550505
0.662
0.451734
0.662
0.662
0.279627
0.662
0.0595258
0.437295
0.662
0.445064
0.442726
0.441572
0.156327
0.22391
0.457852
0.662
0.0343331
0.662
0.116976
0.662
0.0229808
0.662
0.448797
0.662
0.662
0.662
0.662
0.240051
0.662
0.183444
0.157245
0.662
0.125454
0.662
0.167169
0.662
0.662
0.662
0.288801
0.662
0.662
0.466336
0.662
0.149672
0.457084
0.662
0.255081
0.186177
0.662
0.128385
0.662
0.353692
0.662
0.662
0.662
0.45595
0.662
0.662
0.662
0.202613
0.662
0.662
0.423725
0.662
0.662
0.662
0.662
0.662
0.400412
0.662
0.175246
0.52155
0.662
0.662
0.19664
0.0155674
0.552748
0.662
0.662
0.662
0.662
0.662
0.357452
0.662
0.662
0.662
0.486292
0.662
0.332987
0.0452454
0.336897
0.330314
0.209332
0.404819
0.662
0.197004
0.250146
0.401385
0.662
0.157479
0.46156
0.324567
0.662
0.0440528
0.0597968
0.662
0.662
0.662
0.662
0.662
0.662
0.255311
0.662
0.662
0.125494
0.308415
0.456546
0.662
0.662
0.662
0.185725
0.662
0.34629
0.466668
0.341798
0.257701
0.662
0.434249
0.662
0.662
0.662
0.662
0.214962
0.662
0.662
0.0142011
0.10795
0.0240849
0.0722418
0.145741
0.662
0.662
0.662
0.474868
0.662
0.662
0.0959486
0.662
0.094435
0.662
0.255531
0.339996
0.401419
0.662
0.662
0.441153
0.160192
0.402904
0.662
0.130888
0.662
0.0346846
0.662
0.662
0.292687
0.662
0.0285921
0.662
0.173771
0.662
0.434002
0.662
0.662
0.464993
0.662
0.662
0.662
0.662
0.131769
0.662
0.662
0.265544
0.662
0.662
0.662
0.0756867
0.662
0.662
0.355028
0.0379467
0.662
0.0197749
0.246449
0.662
0.662
0.662
0.662
0.450165
0.419401
0.662
0.662
0.662
0.0154077
0.374861
0.47099
0.104804
0.662
0.662
0.0452306
0.662
0.457187
0.662
0.375484
0.431442
0.662
0.662
0.662
0.0397368
0.662
0.00426024
0.662
0.2547
0.662
0.152066
0.120774
0.613237
0.662
0.662
0.633694
0.238397
0.662
0.662
0.662
0.047638
0.662
0.000778909
0.662
0.3745
0.073387
0.662
0.388478
0.662
0.662
0.347417
0.662
0.00369598
0.662
0.662
0.662
0.662
0.100982
0.208976
0.284078
0.620108
0.258404
0.662
0.00374037
0.662
0.662
0.662
0.662
0.417489
0.377203
0.454962
0.265675
0.00547785
0.0858
0.662
0.00830331
0.662
0.135141
0.662
0.662
0.347837
0.0937276
0.662
0.662
0.311949
0.0435028
0.328411
0.662
0.266791
0.662
0.662
0.460132
0.662
0.454129
0.662
0.025294
0.662
0.662
0.2888
0.662
0.662
0.662
0.662
0.259669
0.371239
0.224249
0.268847
0.662
0.662
0.373641
0.445466
0.662
0.298043
0.406767
0.426703
0.0819652
0.462847
0.0193674
0.218011
0.662
0.662
0.112369
0.349548
0.662
0.298856
0.662
0.662
0.0858096
0.210932
0.102157
0.130485
0.37714
0.662
0.213768
0.662
0.662
0.662
0.329909
0.662
0.662
0.343446
0.100826
0.662
0.364882
0.662
0.662
0.342513
0.362869
0.662
0.662
0.662
0.662
0.0761407
0.213209
0.238499
0.662
0.215916
0.133236
0.266302
0.0471693
0.662
0.662
0.538245
0.251777
0.347139
0.662
0.662
0.166053
0.0404393
0.158503
0.662
0.662
0.33816
0.662
0.662
0.321008
0.152848
0.370964
0.662
0.255476
0.662
0.662
0.11368
0.662
0.662
0.662
0.219994
0.180472
0.662
0.41506
0.335106
0.662
0.41389
0.365868
0.0826265
0.662
0.413835
0.295778
0.662
0.216697
0.662
0.662
0.446927
0.662
0.451411
0.322687
0.21853
0.224362
0.662
0.294763
0.216511
0.662
0.222343
0.662
0.662
0.293059
0.198499
0.662
0.662
0.662
0.662
0.662
0.662
0.333732
0.301791
0.306413
0.373865
0.35318
0.662
0.631071
0.662
0.662
0.270509
0.662
0.449413
0.662
0.662
0.662
0.662
0.042984
0.171644
0.662
0.00105729
0.662
0.662
0.662
0.662
0.662
0.517417
0.662
0.662
0.662
0.431217
0.662
0.662
0.282742
0.662
0.662
0.662
0.410002
0.662
0.662
0.662
0.445478
0.544299
0.418954
0.0400688
0.662
0.272042
0.662
0.662
0.308569
0.662
0.662
0.662
0.559336
0.662
0.284346
0.662
0.662
0.539927
0.479789
0.18707
0.275654
0.283077
0.662
0.662
0.455386
0.123256
0.242572
0.300673
0.296821
0.662
0.662
0.574524
0.662
0.254204
0.431379
0.662
0.450149
0.662
0.662
0.662
0.662
0.0967934
0.662
0.662
0.200513
0.662
0.662
0.224973
0.268756
0.330243
0.0562979
0.662
0.460792
0.662
0.436331
0.662
0.215133
0.230481
0.662
0.248541
0.662
0.294767
0.662
0.662
0.662
0.662
0.662
0.662
0.113153
0.415937
0.662
0.32917
0.662
0.662
0.662
0.285732
0.662
0.662
0.285457
0.662
0.234839
0.233997
0.662
0.662
0.204006
0.422472
0.340063
0.662
0.662
0.272296
0.662
0.662
0.227304
0.662
0.662
0.662
0.357561
0.237358
0.662
0.662
0.010047
0.662
0.662
0.662
0.662
0.662
0.320235
0.662
0.662
0.662
0.205898
0.662
0.0783935
0.359631
0.175288
0.662
0.662
0.37428
0.662
0.662
0.178518
0.662
0.662
0.662
0.434398
0.463821
0.140037
0.662
0.662
0.662
0.662
0.662
0.662
0.662
0.662
0.662
0.662
0.662
0.662
0.394381
0.111471
0.662
0.289801
0.0165616
0.424567
0.662
0.66107
0.249625
0.662
0.662
0.662
0.0335211
0.662
0.39071
0.662
0.662
0.662
0.0391052
0.662
0.0267312
0.662
0.662
0.662
0.662
0.662
0.404598
0.662
0.304749
0.662
0.662
0.662
0.0421441
0.435045
0.200457
0.662
0.148576
0.662
0.662
0.088071
0.662
0.388144
0.662
0.662
0.355343
0.273727
0.662
0.331072
0.333855
0.446718
0.662
0.662
0.486974
0.662
0.662
0.524626
0.662
0.662
0.662
0.0868193
0.55024
0.187283
0.299463
0.228327
0.354537
0.662
0.164695
0.662
0.662
0.662
0.45127
0.662
0.389512
0.415757
0.621337
0.662
0.662
0.522087
0.361653
0.662
0.0840624
0.662
0.162518
0.662
0.0907073
0.0701855
0.662
0.163002
0.662
0.662
0.662
0.241481
0.662
0.203921
0.662
0.183782
0.662
0.662
0.662
0.662
0.143251
0.662
0.662
0.662
0.230791
0.175288
0.0730311
0.662
0.0709221
0.101006
0.662
0.191825
0.662
0.662
0.662
0.662
0.662
0.662
0.662
0.662
0.662
0.0055931
0.662
0.289376
0.662
0.142826
0.662
0.662
0.662
0.662
0.157449
0.662
0.662
0.662
0.535051
0.662
0.662
0.409773
0.662
0.301706
0.662
0.285284
0.662
0.232375
0.433489
0.015473
0.103013
0.662
0.662
0.662
0.24836
0.0227772
0.662
0.355453
0.662
0.662
0.662
0.662
0.150413
0.383558
0.662
0.464002
0.170988
0.39802
0.471852
0.662
0.422482
0.217967
0.662
0.173072
0.479412
0.662
0.662
0.662
0.662
0.239849
0.249514
0.184255
0.320746
0.662
0.411865
0.662
0.2602
0.0120911
0.557112
0.662
0.0962568
0.0098881
0.139804
0.493201
0.0648934
0.400766
0.210427
0.0206329
0.112401
0.662
0.662
0.364059
0.662
0.305212
0.460531
0.25435
0.662
0.307924
0.261364
0.662
0.662
0.138534
0.44653
0.662
0.662
0.662
0.662
0.662
0.662
0.662
0.408979
0.25598
0.662
0.662
0.359093
0.662
0.349812
0.0693465
0.662
0.662
0.662
0.662
0.662
0.662
0.662
0.662
0.662
0.662
0.662
0.437592
0.662
0.662
0.662
0.132903
0.473076
0.662
0.458128
0.662
0.662
0.662
0.608468
0.307613
0.123262
0.662
0.369818
0.189212
0.662
0.662
0.62951
0.474278
0.662
0.365991
0.662
0.662
0.662
0.662
0.237521
0.268317
0.4542
0.662
0.662
0.0913169
0.662
0.0986608
0.257335
0.411741
0.662
0.662
0.662
0.211376
0.662
0.274605
0.155802
0.662
0.662
0.662
0.662
0.209402
0.233684
0.52688
0.662
0.00108527
0.531149
0.0196339
0.383683
0.300403
0.662
0.351844
0.00544099
0.358078
0.662
0.367862
0.662
0.662
0.662
0.329422
0.351772
0.662
0.662
0.662
0.662
0.259351
0.364346
0.156976
0.662
0.662
0.662
0.662
0.00956691
0.662
0.662
0.662
0.218863
0.308805
0.662
0.366732
0.662
0.662
0.662
0.331669
0.0355143
0.171192
0.169331
0.662
0.137763
0.116882
0.662
0.662
0.662
0.662
0.415586
0.394409
0.223551
0.662
0.662
0.0263434
0.662
0.185623
0.662
0.21263
0.461374
0.662
0.208732
0.0766172
0.662
0.581651
0.290399
0.395894
0.662
0.662
0.662
0.379348
0.662
0.662
0.662
0.662
0.662
0.09464
0.172086
0.662
0.662
0.380754
0.662
0.246094
0.361307
0.190942
0.662
0.662
0.421935
0.662
0.0243188
0.662
0.4736
0.662
0.121786
0.662
0.0454084
0.662
0.662
0.662
0.151238
0.662
0.262711
0.662
0.384375
0.662
0.264311
0.118292
0.662
0.662
0.662
0.443171
0.662
0.209565
0.418244
0.416682
0.662
0.449684
0.662
0.662
0.662
0.662
0.430028
0.237425
0.662
0.308408
0.662
0.662
0.196348
0.297486
0.662
0.0948209
0.400564
0.131441
0.662
0.662
0.662
0.662
0.222681
0.662
0.662
0.410121
0.662
0.662
0.130637
0.662
0.662
0.662
0.458287
0.662
0.202057
0.662
0.315643
0.409218
0.283152
0.662
0.662
0.180928
0.430482
0.455244
0.129694
0.662
0.476253
0.239104
0.469141
0.662
0.662
0.114273
0.477016
0.367163
0.662
0.662
0.18217
0.662
0.662
0.304132
0.228205
0.104173
0.522284
0.395822
0.662
0.662
0.360739
0.092157
0.662
0.376929
0.662
0.390908
0.662
0.281238
0.662
0.266528
0.300033
0.662
0.662
0.324252
0.662
0.662
0.614222
0.397618
0.662
0.295267
0.662
0.236163
0.0877296
0.264333
0.662
0.662
0.18821
0.283945
0.662
0.662
0.241634
0.438631
0.662
0.0906409
0.295812
0.435951
0.662
0.662
0.662
0.662
0.662
0.662
0.662
0.662
0.662
0.662
0.020953
0.662
0.172741
0.662
