0.662
0.0183443
0.456688
0.662
0.662
0.144689
0.662
0.253928
0.108314
0.662
0.662
0.249681
0.662
0.0702156
0.662
0.662
0.00373903
0.662
0.662
0.448109
0.280058
0.662
0.662
0.662
0.662
0.662
0.662
0.393839
0.662
0.662
0.273068
0.662
0.169838
0.662
0.506906
0.137192
0.662
0.662
0.662
0.436975
0.137743
0.662
0.662
0.662
0.662
0.662
0.662
0.662
0.662
0.662
0.474819
0.193766
0.662
0.662
0.662
0.368755
0.124077
0.424394
0.662
0.662
0.662
0.28923
0.662
0.662
0.375446
0.662
0.277189
0.662
0.215827
0.662
0.662
0.170818
0.077332
0.00558804
0.662
0.662
0.662
0.662
0.662
0.662
0.662
0.662
0.662
0.662
0.662
0.307464
0.662
0.662
0.146202
0.662
0.662
0.662
0.662
0.662
0.662
0.435827
0.380622
0.223506
0.662
0.662
0.662
0.165847
0.129701
0.662
0.294992
0.662
0.2429
0.662
0.10594
0.662
0.662
0.471496
0.244615
0.662
0.213683
0.226916
0.107914
0.163361
0.0919936
0.662
0.387744
0.662
0.662
0.329263
0.354769
0.662
0.662
0.662
0.184963
0.501974
0.180404
0.0545857
0.360899
0.0683308
0.116204
0.662
0.0240937
0.662
0.662
0.071719
0.289403
0.410391
0.170953
0.662
0.370057
0.662
0.212154
0.662
0.662
0.322413
0.0213684
0.662
0.141426
0.171634
0.0978675
0.46284
0.0924417
0.662
0.242851
0.276728
0.0183416
0.201527
0.411463
0.0278465
0.259816
0.662
0.662
0.442925
0.328781
0.662
0.662
0.662
0.662
0.662
0.662
0.662
0.1212
0.640299
0.390095
0.662
0.189146
0.326343
0.662
0.662
0.662
0.171855
0.662
0.662
0.662
0.360879
0.265245
0.231159
0.0534321
0.181982
0.662
0.0789933
0.662
0.213018
0.279005
0.466832
0.662
0.662
0.662
0.109693
0.138237
0.662
0.449895
0.404381
0.463702
0.0698771
0.662
0.662
0.0398934
0.391389
0.345176
0.662
0.662
0.662
0.521173
0.662
0.662
0.0871574
0.486264
0.662
0.48452
0.424037
0.469953
0.355415
0.662
0.662
0.662
0.662
0.150264
0.662
0.662
0.662
0.662
0.662
0.0591729
0.161395
0.361
0.0349954
0.454818
0.662
0.662
0.662
0.0132932
0.0832867
0.662
0.125283
0.662
0.232731
0.468208
0.662
0.662
0.0781103
0.223134
0.662
0.0259052
0.662
0.662
0.339669
0.662
0.294011
0.0908953
0.662
0.388171
0.371913
0.0138709
0.662
0.0682023
0.435109
0.410679
0.199308
0.662
0.209364
0.662
0.662
0.0879804
0.662
0.119702
0.00311215
0.246737
0.662
0.662
0.0322003
0.662
0.248259
0.662
0.047178
0.662
0.662
0.476896
0.662
0.122707
0.431106
0.260386
0.662
0.662
0.352748
0.463155
0.104461
0.662
0.220289
0.347442
0.36057
0.375713
0.662
0.662
0.00580008
0.662
0.662
0.156124
0.560654
0.37827
0.300976
0.662
0.662
0.419384
0.449117
0.326364
0.662
0.662
0.150319
0.647436
0.662
0.313513
0.662
0.662
0.662
0.662
0.662
0.239403
0.343229
0.0293931
0.662
0.662
0.226684
0.23344
0.662
0.097041
0.662
0.662
0.105377
0.662
0.603093
0.452562
0.662
0.662
0.662
0.662
0.112029
0.662
0.662
0.662
0.00669263
0.662
0.404378
0.100049
0.429722
0.662
0.405325
0.61573
0.203408
0.662
0.616523
0.458762
0.102688
0.317943
0.459952
0.662
0.662
0.263657
0.458143
0.3388
0.326783
0.319321
0.662
0.321773
0.662
0.465166
0.662
0.318953
0.662
0.662
0.662
0.0346017
0.287567
0.662
0.662
0.662
0.662
0.662
0.662
0.188096
0.662
0.415521
0.662
0.130569
0.662
0.662
0.389814
0.662
0.662
0.662
0.435964
0.662
0.411447
0.437273
0.662
0.0476416
0.232823
0.662
0.394474
0.662
0.212624
0.477765
0.328479
0.220754
0.662
0.340011
0.431355
0.662
0.662
0.662
0.662
0.204475
0.0395712
0.662
0.662
0.662
0.662
0.662
0.390394
0.662
0.290317
0.332386
0.206297
0.662
0.547608
0.662
0.17889
0.662
0.311424
0.662
0.662
0.662
0.662
0.128445
0.335471
0.662
0.180168
0.662
0.290692
0.662
0.0926703
0.038466
0.662
0.662
0.662
0.0293866
0.662
0.364853
0.0398615
0.662
0.662
0.662
0.662
0.662
0.142768
0.458718
0.335536
0.662
0.309221
0.347917
0.333393
0.662
0.662
0.662
0.462231
0.662
0.662
0.0820089
0.0277539
0.662
0.187236
0.662
0.662
0.662
0.425753
0.373417
0.43319
0.662
0.662
0.662
0.138997
0.0512058
0.662
0.662
0.235553
0.662
0.0906168
0.662
0.0413609
0.159758
0.159994
0.662
0.448902
0.662
0.662
0.662
0.662
0.0778784
0.25249
0.360513
0.335068
0.662
0.314918
0.479019
0.662
0.421016
0.662
0.36813
0.662
0.662
0.662
0.413137
0.662
0.477245
0.231366
0.662
0.446449
0.4955
0.255024
0.0732506
0.662
0.662
0.115471
0.446422
0.169133
0.662
0.662
0.0372256
0.662
0.224147
0.662
0.662
0.662
0.662
0.234209
0.142434
0.662
0.662
0.194209
0.381807
0.0226388
0.662
0.662
0.293506
0.662
0.662
0.0404356
0.662
0.428625
0.662
0.662
0.662
0.145416
0.662
0.127752
0.662
0.450483
0.262962
0.662
0.662
0.662
0.662
0.386234
0.662
0.662
0.662
0.662
0.473337
0.05752
0.145875
0.250425
0.416439
0.662
0.662
0.0781018
0.662
0.662
0.0855354
0.22126
0.302158
0.662
0.180521
0.662
0.459309
0.195857
0.0893904
0.662
0.662
0.368259
0.662
0.527603
0.662
0.28489
0.65978
0.294343
0.492322
0.429186
0.662
0.305203
0.662
0.662
0.230717
0.662
0.662
0.662
0.224627
0.662
0.202485
0.662
0.42217
0.662
0.0845994
0.662
0.662
0.190312
0.317131
0.451259
0.662
0.662
0.138269
0.54966
0.662
0.662
0.662
0.050829
0.662
0.430511
0.138865
0.662
0.662
0.662
0.662
0.333486
0.0772732
0.149466
0.662
0.072526
0.194896
0.359444
0.662
0.47686
0.662
0.0336208
0.662
0.662
0.0917289
0.662
0.662
0.662
0.299478
0.312537
0.222427
0.662
0.662
0.0896533
0.662
0.399169
0.662
0.0407055
0.464936
0.662
0.255002
0.662
0.0821489
0.662
0.408867
0.662
0.0664217
0.662
0.662
0.662
0.424066
0.302421
0.662
0.662
0.662
0.392921
0.297697
0.662
0.662
0.404694
0.662
0.662
0.662
0.424704
0.136809
0.147474
0.416894
0.662
0.662
0.662
0.0114243
0.662
0.662
0.0937461
0.432806
0.00112874
0.662
0.451043
0.052336
0.662
0.267443
0.433972
0.662
0.662
0.662
0.662
0.427364
0.662
0.181469
0.662
0.662
0.572481
0.662
0.371014
0.562224
0.428865
0.517519
0.662
0.662
0.431593
0.662
0.662
0.323857
0.337765
0.309686
0.662
0.662
0.111129
0.662
0.662
0.388714
0.662
0.662
0.23133
0.662
0.22118
0.157093
0.662
0.662
0.662
0.662
0.662
0.257908
0.0615585
0.662
0.662
0.662
0.662
0.662
0.662
0.651487
0.662
0.464026
0.199804
0.265356
0.662
0.662
0.662
0.662
0.295375
0.276684
0.662
0.0709475
0.662
0.662
0.335143
0.662
0.624596
0.662
0.191345
0.261146
0.00696848
0.662
0.662
0.0432464
0.490222
0.332194
0.146766
0.662
0.662
0.662
0.191697
0.662
0.662
0.662
0.662
0.276329
0.428754
0.662
0.339999
0.325094
0.20112
0.226315
0.378966
0.662
0.313349
0.662
0.662
0.662
0.662
0.117202
0.218714
0.662
0.662
0.662
0.0394616
0.0274885
0.662
0.662
0.662
0.247129
0.136563
0.248105
0.276431
0.365601
0.158888
0.662
0.169793
0.662
0.0144312
0.122798
0.662
0.662
0.662
0.662
0.241113
0.662
0.662
0.662
0.662
0.662
0.662
0.0785281
0.662
0.662
0.662
0.662
0.467302
0.258635
0.662
0.293025
0.662
0.0153163
0.662
0.243081
0.228556
0.662
0.280958
0.530074
0.350519
0.662
0.662
0.500022
0.662
0.417106
0.662
0.0840339
0.0410667
0.662
0.195009
0.662
0.353269
0.662
0.378897
0.364929
0.662
0.555898
0.662
0.443889
0.385007
0.156866
0.662
0.449816
0.662
0.662
0.310736
0.662
0.662
0.442307
0.44751
0.244342
0.206065
0.662
0.323596
0.662
0.401136
0.662
0.662
0.662
0.662
0.662
0.662
0.662
0.126812
0.264316
0.662
0.612345
0.662
0.391077
0.342288
0.662
0.662
0.2315
0.662
0.179115
0.662
0.156645
0.662
0.462729
0.143605
0.54503
0.327408
0.263105
0.294836
0.662
0.333195
0.662
0.662
0.412178
0.662
0.662
0.561888
0.662
0.662
0.662
0.662
0.452704
0.662
0.269237
0.662
0.273748
0.662
0.662
0.662
0.484843
0.361059
0.0865608
0.662
0.662
0.662
0.0900445
0.120013
0.239753
0.662
0.662
0.404207
0.662
0.662
0.297728
0.32831
0.155665
0.662
0.662
0.662
0.208622
0.662
0.304559
0.662
0.662
0.29608
0.662
0.427429
0.310145
0.662
0.494018
0.320585
0.0352351
0.113448
0.444145
0.662
0.405815
0.662
0.662
0.172025
0.475594
0.662
0.284418
0.662
0.662
0.662
0.662
0.662
0.662
0.590813
0.323721
0.662
0.662
0.0970273
0.662
0.662
0.309872
0.662
0.662
0.267556
0.262274
0.290184
0.459759
0.662
0.662
0.662
0.0668386
0.462097
0.662
0.662
0.117057
0.63339
0.496578
0.662
0.106854
0.662
0.662
0.662
0.647949
0.662
0.662
0.0551247
0.662
0.264637
0.160168
0.662
0.662
0.662
0.177075
0.0663772
0.514133
0.258832
0.000908659
0.662
0.662
0.428666
0.662
0.662
0.662
0.662
0.228883
0.277643
0.638132
0.662
0.615998
0.662
0.662
0.374015
0.0356
0.662
0.195146
0.662
0.662
0.0862291
0.662
0.662
0.0452321
0.662
0.525946
0.0516987
0.452709
0.662
0.0817018
0.638502
0.15491
0.400333
0.662
0.662
0.662
0.35003
0.63339
0.662
0.662
0.107575
0.0292425
0.357401
0.662
0.270004
0.662
0.662
0.0879849
0.662
0.221337
0.662
0.034091
0.418381
0.662
0.193301
0.160267
0.473861
0.662
0.0931764
0.206686
0.396928
0.662
0.662
0.446507
0.662
0.662
0.373111
0.156688
0.662
0.451582
0.662
0.662
0.0662917
0.506659
0.273347
0.202723
0.199872
0.662
0.306374
