0.662
0.189297
0.662
0.662
0.662
0.416123
0.662
0.662
0.291524
0.662
0.235747
0.662
0.422795
0.337855
0.662
0.662
0.316467
0.662
0.662
0.409197
0.662
0.176472
0.247109
0.662
0.662
0.662
0.44401
0.305546
0.662
0.447108
0.0684222
0.662
0.19216
0.495649
0.662
0.662
0.0439147
0.662
0.0727262
0.662
0.123635
0.662
0.336985
0.301039
0.662
0.662
0.662
0.662
0.125301
0.41818
0.662
0.662
0.662
0.662
0.289511
0.662
0.662
0.662
0.662
0.3966
0.499121
0.662
0.405798
0.662
0.662
0.169937
0.662
0.662
0.662
0.662
0.662
0.427284
0.662
0.662
0.662
0.662
0.662
0.662
0.150857
0.0275517
0.662
0.662
0.662
0.166531
0.662
0.662
0.662
0.204282
0.239667
0.296937
0.00565204
0.662
0.593911
0.48446
0.662
0.252503
0.0650348
0.662
0.205758
0.317302
0.418478
0.294468
0.370787
0.284261
0.662
0.362948
0.123886
0.662
0.149271
0.662
0.662
0.662
0.662
0.662
0.662
0.361483
0.570681
0.203174
0.662
0.304831
0.662
0.00983086
0.0315849
0.662
0.662
0.662
0.14791
0.322755
0.662
0.662
0.662
0.468444
0.662
0.260602
0.00526203
0.662
0.662
0.662
0.662
0.057114
0.662
0.168971
0.323324
0.662
0.662
0.182099
0.0674488
0.238907
0.267745
0.0425379
0.0259293
0.000576119
0.662
0.272661
0.662
0.126624
0.310679
0.531429
0.662
0.662
0.204629
0.526996
0.084491
0.662
0.662
0.662
0.0168864
0.0702158
0.662
0.662
0.455685
0.662
0.662
0.0845208
0.662
0.247543
0.475935
0.662
0.662
0.662
0.662
0.662
0.0337386
0.662
0.662
0.662
0.256293
0.214502
0.192357
0.662
0.662
0.247277
0.662
0.291138
0.0155683
0.412125
0.338642
0.185178
0.0546715
0.0544494
0.228507
0.496781
0.495943
0.124149
0.441368
0.662
0.662
0.662
0.662
0.662
0.169672
0.0700359
0.0348346
0.397208
0.286553
0.662
0.662
0.430117
0.662
0.662
0.372414
0.410722
0.662
0.662
0.185397
0.662
0.341928
0.143843
0.0283394
0.662
0.218812
0.0253714
0.343263
0.662
0.662
0.662
0.473349
0.662
0.662
0.10341
0.662
0.226636
0.662
0.662
0.662
0.662
0.662
0.662
0.662
0.662
0.0611076
0.283182
0.662
0.332037
0.662
0.581442
0.364219
0.427961
0.662
0.662
0.354926
0.18953
0.286058
0.662
0.362441
0.0928834
0.146742
0.662
0.662
0.230793
0.662
0.662
0.126928
0.662
0.148105
0.662
0.662
0.662
0.662
0.0932094
0.662
0.662
0.662
0.662
0.662
0.662
0.291301
0.662
0.102049
0.662
0.5648
0.0994255
0.662
0.662
0.311426
0.662
0.662
0.662
0.662
0.487554
0.662
0.662
0.662
0.662
0.662
0.662
0.662
0.0245649
0.108331
0.662
0.341357
0.515459
0.442789
0.652732
0.240606
0.453389
0.662
0.662
0.248437
0.662
0.226942
0.337728
0.232113
0.193384
0.295006
0.662
0.633761
0.145309
0.662
0.194162
0.662
0.662
0.662
0.495026
0.295611
0.662
0.662
0.0109411
0.432877
0.400823
0.118382
0.662
0.119372
0.0409769
0.662
0.0673077
0.662
0.662
0.410551
0.590119
0.00896919
0.0237724
0.209568
0.662
0.13133
0.662
0.662
0.662
0.175327
0.662
0.662
0.3821
0.268658
0.56613
0.662
0.344778
0.175942
0.662
0.662
0.481098
0.662
0.662
0.0466911
0.0755596
0.662
0.443463
0.662
0.390097
0.289992
0.662
0.198224
0.662
0.248988
0.662
0.00182792
0.662
0.403476
0.000563044
0.662
0.00105836
0.187622
0.662
0.662
0.662
0.662
0.0730056
0.0599994
0.662
0.215677
0.662
0.662
0.662
0.149635
0.213136
0.662
0.0531416
0.347536
0.198739
0.662
0.662
0.190017
0.662
0.213038
0.356988
0.476757
0.662
0.662
0.338808
0.662
0.662
0.0291599
0.384759
0.662
0.336792
0.18599
0.0871442
0.361191
0.662
0.662
0.662
0.405968
0.0186428
0.451001
0.220256
0.375165
0.252965
0.662
0.662
0.32113
0.330815
0.662
0.662
0.184278
0.574161
0.662
0.662
0.662
0.662
0.0598496
0.295703
0.223434
0.662
0.662
0.0910021
0.662
0.191979
0.662
0.142087
0.662
0.520961
0.662
0.662
0.511225
0.662
0.662
0.00342553
0.662
0.328312
0.662
0.512217
0.146683
0.267674
0.43952
0.662
0.0714674
0.590226
0.0315693
0.662
0.662
0.279835
0.493847
0.469355
0.662
0.273671
0.662
0.662
0.12669
0.662
0.420798
0.0512126
0.662
0.276663
0.662
0.0723596
0.662
0.157905
0.662
0.662
0.662
0.662
0.662
0.0413631
0.662
0.662
0.303565
0.662
0.662
0.268339
0.662
0.314808
0.448592
0.240665
0.182386
0.662
0.662
0.176436
0.578429
0.662
0.426489
0.130631
0.662
0.0109438
0.662
0.662
0.662
0.265913
0.662
0.103828
0.662
0.662
0.662
0.662
0.310047
0.104542
0.662
0.662
0.42573
0.183477
0.368107
0.0124985
0.662
0.500527
0.456654
0.00136933
0.485711
0.662
0.662
0.662
0.330913
0.382956
0.662
0.662
0.662
0.363449
0.203523
0.662
0.662
0.389025
0.662
0.210046
0.191564
0.198091
0.235193
0.0129513
0.662
0.231358
0.662
0.662
0.240105
0.662
0.356135
0.196667
0.128017
0.662
0.329368
0.662
0.284101
0.186622
0.662
0.662
0.662
0.352141
0.0120813
0.145704
0.662
0.128749
0.0408831
0.662
0.662
0.583439
0.662
0.662
0.1723
0.190157
0.662
0.662
0.662
0.662
0.133084
0.662
0.662
0.603586
0.662
0.309617
0.46754
0.174843
0.662
0.210864
0.662
0.662
0.628981
0.362163
0.662
0.0063794
0.00531876
0.408712
0.141429
0.0526588
0.662
0.662
0.662
0.0237486
0.662
0.117307
0.662
0.430347
0.662
0.483535
0.662
0.282548
0.662
0.662
0.449266
0.098081
0.662
0.24114
0.0859155
0.662
0.662
0.662
0.161974
0.662
0.10179
0.662
0.386575
0.662
0.662
0.481802
0.511014
0.23896
0.662
0.105965
0.317371
0.368422
0.662
0.367402
0.437932
0.662
0.662
0.662
0.662
0.204226
0.109219
0.499033
0.662
0.662
0.127088
0.0338325
0.662
0.662
0.568227
0.662
0.662
0.161736
0.662
0.662
0.662
0.662
0.662
0.364817
0.106635
0.662
0.662
0.402918
0.335465
0.662
0.468412
0.662
0.0188267
0.662
0.662
0.101589
0.388926
0.662
0.183211
0.662
0.442688
0.289231
0.433647
0.662
0.662
0.581464
0.328363
0.662
0.084319
0.662
0.289479
0.580228
0.304847
0.460546
0.662
0.625179
0.425568
0.662
0.662
0.662
0.0599218
0.662
0.592352
0.662
0.418717
0.23711
0.662
0.0276142
0.100905
0.345114
0.296184
0.11782
0.662
0.217301
0.662
0.662
0.662
0.662
0.662
0.403792
0.662
0.268674
0.207929
0.662
0.412277
0.662
0.662
0.0653732
0.421911
0.662
0.662
0.47591
0.662
0.662
0.423586
0.662
0.662
0.662
0.662
0.106553
0.35336
0.662
0.243728
0.306885
0.662
0.653318
0.662
0.662
0.101329
0.662
0.662
0.410291
0.0360193
0.662
0.662
0.381964
0.662
0.662
0.172552
0.662
0.118187
0.332022
0.662
0.662
0.662
0.171299
0.273241
0.188567
0.00278841
0.0443455
0.662
0.662
0.662
0.328334
0.662
0.128338
0.367316
0.662
0.274741
0.662
0.402506
0.346046
0.384654
0.291707
0.332617
0.662
0.662
0.662
0.541733
0.218372
0.374364
0.662
0.379804
0.20873
0.209504
0.453804
0.448
0.662
0.662
0.316383
0.633391
0.662
0.662
0.309133
0.662
0.662
0.662
0.662
0.662
0.662
0.662
0.396427
0.662
0.662
0.662
0.108063
0.361127
0.0467623
0.132573
0.26397
0.421515
0.368821
0.662
