0.195009
0.326288
0.662
0.167692
0.517494
0.662
0.640304
0.515419
0.662
0.0565276
0.449943
0.662
0.481807
0.199673
0.662
0.0334077
0.662
0.373961
0.247862
0.662
0.662
0.662
0.453464
0.662
0.662
0.662
0.662
0.662
0.662
0.208879
0.422955
0.662
0.662
0.0362618
0.662
0.662
0.352748
0.662
0.662
0.662
0.0940832
0.213683
0.415674
0.202027
0.22319
0.473029
0.662
0.356125
0.662
0.662
0.168593
0.418807
0.662
0.41511
0.662
0.397883
0.140385
0.542209
0.451213
0.527694
0.662
0.662
0.662
0.433352
0.662
0.0501182
0.384956
0.662
0.662
0.271779
0.038919
0.662
0.662
0.662
0.529674
0.662
0.619282
0.662
0.139083
0.662
0.662
0.171931
0.0304315
0.662
0.329919
0.582758
0.385727
0.662
0.662
0.662
0.0798538
0.420456
0.472124
0.662
0.662
0.0479345
0.662
0.571379
0.662
0.438794
0.662
0.100535
0.662
0.332815
0.662
0.119702
0.662
0.662
0.662
0.0383803
0.662
0.213098
0.493913
0.662
0.0767384
0.274098
0.662
0.325835
0.662
0.662
0.382439
0.662
0.1764
0.662
0.100613
0.662
0.662
0.00996756
0.248863
0.139082
0.662
0.662
0.662
0.247474
0.241433
0.143612
0.206968
0.662
0.662
0.211613
0.662
0.290239
0.302768
0.662
0.399606
0.662
0.0316455
0.0402789
0.342163
0.265733
0.662
0.497651
0.662
0.662
0.662
0.662
0.662
0.494401
0.209844
0.335658
0.0148401
0.271791
0.662
0.662
0.0480073
0.662
0.662
0.662
0.662
0.662
0.662
0.350315
0.662
0.261079
0.662
0.444114
0.662
0.662
0.662
0.662
0.382995
0.662
0.662
0.0527302
0.662
0.468724
0.662
0.334718
0.662
0.662
0.228556
0.153315
0.165092
0.370395
0.432551
0.20813
0.486615
0.662
0.662
0.662
0.662
0.506977
0.0289515
0.662
0.662
0.50749
0.354025
0.662
0.662
0.662
0.662
0.15496
0.246205
0.595261
0.662
0.662
0.205234
0.662
0.504562
0.662
0.662
0.315548
0.147474
0.662
0.662
0.308258
0.662
0.109068
0.265184
0.662
0.662
0.662
0.662
0.216
0.42933
0.662
0.662
0.662
0.32083
0.0441022
0.662
0.293506
0.662
0.662
0.662
0.518606
0.281811
0.662
0.294343
0.19341
0.246479
0.399856
0.320936
0.662
0.662
0.662
0.662
0.430723
0.000281776
0.662
0.353698
0.561989
0.0963459
0.662
0.662
0.662
0.214085
0.662
0.662
0.662
0.191781
0.662
0.392233
0.662
0.508767
0.662
0.11095
0.662
0.662
0.431355
0.662
0.342181
0.662
0.431801
0.300643
0.195343
0.662
0.191619
0.662
0.21307
0.63483
0.662
0.662
0.662
0.0183443
0.662
0.268932
0.662
0.247222
0.662
0.662
0.446532
0.301222
0.662
0.122927
0.662
0.662
0.292262
0.662
0.0331915
0.44983
0.662
0.662
0.208249
0.662
0.662
0.177357
0.364929
0.411447
0.662
0.662
0.662
0.278745
0.118592
0.163375
0.0976331
0.151852
0.143226
0.107914
0.662
0.662
0.181254
0.662
0.662
0.24407
0.209296
0.662
0.142718
0.199372
0.000908659
0.662
0.0932329
0.539167
0.237024
0.662
0.662
0.390209
0.662
0.662
0.662
0.662
0.662
0.285686
0.662
0.205905
0.662
0.487249
0.662
0.178296
0.397263
0.0500825
0.544358
0.00184087
0.662
0.662
0.193553
0.662
0.662
0.662
0.288441
0.662
0.264637
0.662
0.662
0.662
0.662
0.662
0.197079
0.662
0.662
0.662
0.196158
0.662
0.190606
0.662
0.0698771
0.470579
0.0879804
0.395193
0.648707
0.662
0.662
0.612345
0.366979
0.348634
0.662
0.662
0.662
0.273876
0.662
0.161482
0.0560488
0.662
0.662
0.662
0.638604
0.368574
0.0717248
0.662
0.459805
0.662
0.419874
0.469109
0.662
0.222426
0.482885
0.662
0.662
0.123421
0.662
0.662
0.662
0.269608
0.375993
0.174123
0.662
0.216842
0.662
0.662
0.195146
0.471496
0.662
0.662
0.662
0.183076
0.662
0.662
0.662
0.396755
0.545265
0.570737
0.395429
0.662
0.343682
0.662
0.38404
0.662
0.662
0.662
0.662
0.659579
0.662
0.662
0.662
0.662
0.662
0.662
0.662
0.662
0.662
0.273838
0.208407
0.662
0.221231
0.208291
0.662
0.662
0.229375
0.230894
0.134005
0.241641
0.251177
0.371352
0.251321
0.207706
0.662
0.662
0.447292
0.335653
0.662
0.662
0.662
0.266
0.662
0.295295
0.180279
0.662
0.293813
0.662
0.662
0.662
0.662
0.662
0.662
0.662
0.169827
0.184963
0.662
0.246142
0.662
0.662
0.662
0.166887
0.662
0.557299
0.662
0.662
0.662
0.662
0.662
0.0254458
0.115891
0.662
0.45553
0.662
0.154894
0.365927
0.662
0.662
0.662
0.662
0.662
0.662
0.3102
0.662
0.662
0.662
0.373952
0.12343
0.662
0.105466
0.249393
0.662
0.357156
0.662
0.662
0.662
0.662
0.662
0.662
0.288925
0.662
0.662
0.662
0.0709475
0.662
0.662
0.662
0.459869
0.662
0.0594574
0.662
0.662
0.0354897
0.0896533
0.42979
0.662
0.286501
0.662
0.662
0.662
0.0895146
0.179481
0.228494
0.33207
0.662
0.662
0.662
0.662
0.447011
0.0589543
0.662
0.662
0.342288
0.263105
0.662
0.662
0.63761
0.109048
0.662
0.662
0.662
0.0857216
0.662
0.662
0.30842
0.330784
0.195572
0.662
0.662
0.662
0.334886
0.662
0.305612
0.151408
0.662
0.662
0.662
0.662
0.48852
0.662
0.473899
0.662
0.662
0.662
0.177249
0.662
0.476621
0.662
0.662
0.662
0.349618
0.662
0.662
0.662
0.662
0.411788
0.254859
0.0742263
0.662
0.224573
0.0394616
0.285174
0.662
0.662
0.662
0.662
0.662
0.662
0.662
0.370714
0.662
0.423556
0.662
0.662
0.662
0.662
0.267579
0.662
0.0973785
0.0457221
0.243054
0.662
0.234465
0.124806
0.174774
0.158331
0.282633
0.339535
0.662
0.0370891
0.662
0.662
0.662
0.662
0.662
0.423519
0.662
0.662
0.339902
0.662
0.662
0.327708
0.0543151
0.382761
0.662
0.662
0.350398
0.662
0.544768
0.421993
0.62161
0.662
0.662
0.633391
0.662
0.662
0.0764196
0.324033
0.2773
0.081003
0.662
0.389993
0.662
0.285093
0.662
0.0384863
0.662
0.662
0.472841
0.0756283
0.662
0.430162
0.414229
0.349015
0.378289
0.2712
0.27969
0.662
0.298266
0.662
0.236171
0.357195
0.662
0.662
0.354352
0.30681
0.662
0.0281805
0.662
0.12235
0.662
0.141719
0.463471
0.119488
0.413756
0.52413
0.474874
0.585896
0.535875
0.0737804
0.0789933
0.180134
0.662
0.662
0.662
0.662
0.662
0.473917
0.629706
0.662
0.662
0.662
0.233296
0.428865
0.0750944
0.33029
0.662
0.662
0.662
0.662
0.662
0.496577
0.662
0.23344
0.662
0.662
0.662
0.183869
0.4838
0.662
0.225391
0.662
0.662
0.662
0.662
0.114698
0.313043
0.662
0.662
0.662
0.662
0.305854
0.662
0.662
0.662
0.662
0.262687
0.662
0.662
0.662
0.662
0.662
0.662
0.662
0.662
0.517427
0.662
0.662
0.105539
0.104156
0.329928
0.662
0.662
0.662
0.210638
0.069586
0.662
0.662
0.0472088
0.662
0.1084
0.118128
0.662
0.0899744
0.662
0.0322193
0.135785
0.662
0.662
0.662
0.662
0.38734
0.63339
0.662
0.160218
0.239644
0.552493
0.0845994
0.662
0.662
0.251255
0.662
0.662
0.662
0.200574
0.662
0.662
0.662
0.379953
0.194071
0.216387
0.267163
0.598463
0.662
0.662
0.15957
0.248732
0.158577
0.662
0.0284719
0.283638
0.662
0.354944
0.0565635
0.0759259
0.662
0.662
0.662
0.662
0.397592
0.235166
0.662
0.400702
0.11118
0.662
0.250717
0.396811
0.662
0.662
0.662
0.662
0.662
0.0173807
0.395065
0.662
0.662
0.662
0.662
0.37685
0.0594156
0.662
0.662
0.662
0.662
0.662
0.662
0.662
0.662
0.190708
0.135156
0.662
0.662
0.635663
0.62897
0.662
0.444119
0.662
0.662
0.662
0.466801
0.207104
0.662
0.13621
0.155979
0.430386
0.432476
0.662
0.662
0.289984
0.662
0.395744
0.373215
0.629763
0.254932
0.662
0.325007
0.0478264
0.662
0.159027
0.662
0.293826
0.372593
0.662
0.662
0.260357
0.662
0.403552
0.0720668
0.662
0.662
0.662
0.662
0.662
0.339639
0.527821
0.102023
0.249739
0.172094
0.0198678
0.662
0.280633
0.662
0.662
0.467302
0.662
0.662
0.662
0.400319
0.402849
0.301154
0.662
0.662
0.662
0.662
0.102688
0.662
0.662
0.420027
0.323266
0.662
0.662
