0.662
0.138321
0.662
0.662
0.662
0.263238
0.0912128
0.225937
0.168325
0.0425393
0.0449369
0.662
0.662
0.662
0.0713931
0.485321
0.662
0.662
0.662
0.662
0.419862
0.340362
0.332736
0.167817
0.662
0.293008
0.116545
0.662
0.166382
0.662
0.662
0.182909
0.662
0.662
0.662
0.662
0.662
0.662
0.388818
0.169475
0.253362
0.0134597
0.32906
0.662
0.297882
0.0189438
0.275549
0.287539
0.290264
0.662
0.662
0.662
0.454736
0.662
0.215868
0.662
0.22133
0.43125
0.0410899
0.662
0.662
0.662
0.662
0.217651
0.662
0.662
0.142629
0.215373
0.662
0.662
0.662
0.662
0.304001
0.353665
0.662
0.662
0.662
0.662
0.662
0.662
0.662
0.662
0.519735
0.306651
0.113854
0.662
0.662
0.662
0.662
0.662
0.662
0.662
0.662
0.266319
0.4472
0.187379
0.662
0.662
0.662
0.662
0.379166
0.662
0.662
0.662
0.662
0.662
0.662
0.325495
0.335774
0.411637
0.40936
0.135159
0.662
0.662
0.662
0.396267
0.662
0.662
0.0733765
0.662
0.662
0.400415
0.662
0.307322
0.662
0.662
0.662
0.270297
0.241363
0.662
0.27806
0.662
0.375872
0.437032
0.662
0.662
0.662
0.440937
0.519313
0.662
0.365191
0.662
0.662
0.662
0.112419
0.662
0.662
0.662
0.662
0.662
0.662
0.662
0.380838
0.662
0.662
0.499846
0.662
0.330537
0.662
0.254972
0.662
0.403566
0.234355
0.662
0.0841076
0.191907
0.662
0.223568
0.340315
0.662
0.662
0.662
0.0764952
0.036181
0.37689
0.124451
0.270328
0.45497
0.367866
0.662
0.449132
0.43418
0.662
0.294325
0.662
0.285545
0.228866
0.662
0.457879
0.136439
0.662
0.155866
0.662
0.662
0.05375
0.662
0.0850942
0.662
0.662
0.662
0.662
0.0836052
0.459749
0.662
0.403046
0.358468
0.662
0.119388
0.662
0.662
0.662
0.662
0.662
0.662
0.662
0.19367
0.236476
0.662
0.0885303
0.662
0.662
0.443069
0.662
0.187286
0.662
0.356608
0.0969174
0.107705
0.662
0.662
0.662
0.27136
0.297581
0.0189784
0.662
0.281341
0.662
0.498344
0.320912
0.662
0.320556
0.662
0.131741
0.338345
0.662
0.266261
0.662
0.41337
0.662
0.662
0.662
0.662
0.662
0.264992
0.662
0.0416975
0.423589
0.662
0.344368
0.662
0.662
0.42262
0.662
0.205697
0.164643
0.33824
0.662
0.662
0.205808
0.662
0.373016
0.249994
0.662
0.0339622
0.0171211
0.662
0.662
0.0617061
0.662
0.662
0.135425
0.662
0.662
0.407198
0.662
0.127211
0.662
0.662
0.662
0.0617807
0.662
0.662
0.662
0.33597
0.38638
0.662
0.662
0.662
0.662
0.152264
0.412527
0.44176
0.33857
0.662
0.662
0.219776
0.662
0.662
0.662
0.16674
0.662
0.0134517
0.662
0.662
0.662
0.662
0.662
0.662
0.14604
0.662
0.662
0.662
0.662
0.107878
0.662
0.662
0.205074
0.662
0.662
0.662
0.662
0.196038
0.662
0.662
0.387223
0.358187
0.173362
0.228472
0.423889
0.662
0.662
0.288986
0.662
0.0250145
0.363276
0.662
0.662
0.464481
0.662
0.143295
0.662
0.662
0.662
0.662
0.662
0.662
0.556577
0.392867
0.662
0.662
0.130666
0.389288
0.342961
0.662
0.662
0.662
0.254996
0.662
0.129144
0.662
0.313766
0.662
0.662
0.662
0.123978
0.547537
0.382545
0.42662
0.263771
0.0609491
0.662
0.662
0.662
0.662
0.212574
0.447224
0.662
0.221774
0.643426
0.662
0.295634
0.396399
0.662
0.179924
0.328879
0.662
0.603144
0.08315
0.662
0.169553
0.144427
0.448162
0.0929205
0.662
0.662
0.662
0.662
0.189184
0.113084
0.265594
0.662
0.275318
0.662
0.662
0.662
0.353692
0.662
0.662
0.186148
0.401534
0.18571
0.456925
0.662
0.0283854
0.662
0.662
0.662
0.410397
0.413344
0.662
0.340896
0.662
0.662
0.253255
0.662
0.662
0.0923925
0.233713
0.201009
0.612934
0.268975
0.662
0.662
0.662
0.401623
0.662
0.461288
0.0706733
0.662
0.662
0.47643
0.662
0.662
0.273097
0.46069
0.465028
0.662
0.18201
0.662
0.409131
0.431397
0.169595
0.662
0.133038
0.662
0.662
0.662
0.23921
0.662
0.662
0.662
0.662
0.576318
0.662
0.186094
0.662
0.263911
0.373213
0.662
0.662
0.662
0.662
0.648015
0.359696
0.233416
0.662
0.226607
0.662
0.44345
0.662
0.0871106
0.135385
0.112465
0.662
0.162998
0.384951
0.662
0.662
0.0648158
0.662
0.662
0.241243
0.662
0.241493
0.662
0.0607364
0.437436
0.662
0.138279
0.662
0.662
0.315287
0.209055
0.633693
0.662
0.217472
0.662
0.662
0.407566
0.662
0.662
0.662
0.141566
0.440998
0.307712
0.51895
0.662
0.344455
0.662
0.662
0.378166
0.065142
0.476231
0.388856
0.109799
0.662
0.662
0.24386
0.662
0.662
0.441699
0.0519703
0.662
0.662
0.662
0.662
0.259882
0.662
0.273183
0.405018
0.478513
0.662
0.662
0.662
0.662
0.662
0.277077
0.315584
0.487755
0.150715
0.124857
0.662
0.662
0.662
0.14501
0.149408
0.662
0.224831
0.662
0.493421
0.662
0.441379
0.662
0.662
0.662
0.0554105
0.228038
0.250438
0.662
0.386416
0.115898
0.662
0.662
0.662
0.662
0.441743
0.662
0.443683
0.39004
0.034941
0.662
0.308401
0.662
0.622044
0.662
0.662
0.662
0.644507
0.263265
0.208882
0.36069
0.479231
0.662
0.0671187
0.0513726
0.662
0.662
0.662
0.283362
0.246412
0.234761
0.662
0.662
0.373639
0.662
0.44383
0.0245813
0.662
0.662
0.402272
0.371343
0.464347
0.662
0.662
0.319231
0.358628
0.158926
0.662
0.122943
0.248428
0.662
0.50767
0.457808
0.662
0.412786
0.00570873
0.43597
0.349646
0.662
0.662
0.662
0.662
0.662
0.364752
0.329658
0.662
0.460723
0.662
0.0639688
0.662
0.662
0.414874
0.662
0.354634
0.662
0.662
0.662
0.662
0.662
0.251148
0.1754
0.199268
0.234677
0.417971
0.331715
0.662
0.194262
0.662
0.34364
0.662
0.662
0.662
0.662
0.476261
0.662
0.662
0.08482
0.662
0.662
0.662
0.662
0.267836
0.662
0.662
0.115427
0.662
0.662
0.662
0.09463
0.662
0.662
0.190649
0.662
0.662
0.241376
0.662
0.662
0.662
0.450153
0.662
0.163452
0.409346
0.247385
0.662
0.662
0.411755
0.662
0.662
0.662
0.32467
0.50711
0.125306
0.0922982
0.183328
0.219274
0.375416
0.178929
0.662
0.662
0.662
0.662
0.662
0.662
0.46609
0.390483
0.250599
0.216657
0.0634568
0.426763
0.244014
0.662
0.662
0.36542
0.662
0.662
0.662
0.662
0.662
0.0975873
0.229352
0.00247832
0.662
0.458095
0.145203
0.662
0.300078
0.662
0.385772
0.134778
0.533213
0.111673
0.662
0.249063
0.353898
0.384252
0.512356
0.421644
0.662
0.662
0.30463
0.662
0.572543
0.161364
0.662
0.385808
0.662
0.452008
0.44221
0.662
0.633694
0.662
0.662
0.422791
0.495621
0.1928
0.662
0.308272
0.662
0.330093
0.60974
0.662
0.662
0.662
0.662
0.662
0.46297
0.662
0.662
0.662
0.10851
0.662
0.662
0.145432
0.359043
0.662
0.662
0.662
0.236321
0.662
0.14804
0.662
0.207576
0.352236
0.541267
0.662
0.662
0.662
0.662
0.662
0.603349
0.0854951
0.332699
0.252275
0.662
0.158568
0.0131213
0.662
0.390076
0.171588
0.662
0.237304
0.662
0.662
0.372
0.361848
0.263564
0.662
0.353014
0.662
0.662
0.662
0.254099
0.662
0.662
0.662
0.120897
0.0561952
0.662
0.153881
0.256409
0.662
0.662
0.662
0.229269
0.662
0.662
0.343418
0.662
0.662
0.662
0.450575
0.662
0.662
0.452281
0.662
0.252279
0.466554
0.408496
0.19056
0.317942
0.447626
0.662
0.327981
0.350852
0.312561
0.662
0.662
0.662
0.0146925
0.211397
0.662
0.662
0.0440042
0.450719
0.0250555
0.662
0.662
0.472058
0.499784
0.461701
0.0382627
0.662
0.351478
0.662
0.662
0.662
0.662
0.327247
0.108412
0.662
0.662
0.158033
0.662
0.662
0.274001
0.387762
0.662
0.0997609
0.662
0.662
0.662
0.662
0.662
0.150832
0.229117
0.256402
0.00781641
0.502117
0.234378
0.662
0.63049
0.662
0.662
0.149222
0.662
0.662
0.662
0.662
0.322437
0.662
0.662
0.450316
0.0302308
0.024073
0.662
0.139367
0.662
0.453644
0.560192
0.662
0.662
0.660038
0.338603
0.623713
0.662
0.058496
0.662
0.184009
0.32275
0.662
0.662
0.148892
0.662
0.662
0.236666
0.254118
0.662
0.662
0.662
0.662
0.662
0.0300377
0.430253
0.662
0.662
0.662
0.150543
0.117868
0.662
0.425954
0.662
0.662
0.662
0.414529
0.662
0.662
0.662
0.25715
0.111781
0.662
0.662
0.361373
0.229118
0.662
0.450885
0.382018
0.00786916
0.662
0.191944
0.662
0.662
0.662
0.662
0.662
0.460111
0.00225509
0.662
0.42086
0.662
0.662
0.143633
0.456826
0.662
0.266529
0.662
0.331243
0.662
0.437901
0.662
0.662
0.662
0.426516
0.662
0.662
0.662
0.662
0.662
0.28748
0.270456
0.662
0.261147
0.662
0.276974
0.451826
0.662
0.662
0.662
0.662
0.662
0.662
0.437809
0.662
0.662
0.430951
0.662
0.662
0.166155
0.330757
0.662
0.233441
0.662
0.662
0.662
0.324224
0.662
0.299696
0.662
0.303475
0.662
0.662
0.499234
0.24959
0.324828
0.662
0.662
0.323414
0.273239
0.11649
0.662
0.662
0.662
0.148594
0.00887502
0.457798
0.662
0.662
0.345127
0.200876
0.0459027
0.060239
0.203336
0.401414
0.299374
0.245974
0.0113657
0.459729
0.372202
0.318211
0.662
0.662
0.373239
0.662
0.662
0.265287
0.199253
0.662
0.476165
0.283256
0.0279029
0.220072
0.662
0.444982
0.662
0.662
0.662
0.662
0.662
0.169536
0.370234
0.662
0.662
0.662
0.662
0.662
0.179261
0.662
0.315869
0.407616
0.662
0.662
0.0603563
0.10124
0.662
0.662
0.459816
0.230172
0.662
0.662
0.414781
0.662
0.239218
0.264932
0.213372
0.367258
0.662
0.662
0.168825
0.128927
0.662
0.662
0.2364
0.662
0.41074
0.662
0.662
0.662
0.662
0.494338
0.0177635
0.567077
0.662
0.662
0.274011
0.0324146
0.39074
0.526341
0.662
0.662
0.497826
0.662
0.199605
0.662
0.0711346
0.174213
0.662
0.317862
0.662
0.314364
0.662
0.37262
0.662
0.024668
0.44058
0.662
0.198382
0.662
0.00632982
0.419568
0.662
0.303973
0.022828
0.0024192
0.0451185
0.662
0.662
0.294196
0.662
0.662
0.662
0.229874
0.662
0.662
0.284647
0.662
0.321875
0.396372
0.233364
0.662
0.224426
0.662
0.0965077
0.662
0.314169
0.662
0.662
0.334327
0.374245
0.285999
0.662
0.662
0.662
0.662
0.662
0.662
0.662
0.662
0.662
0.466159
0.662
0.662
0.662
0.120551
0.427866
0.488242
0.153223
0.0164485
0.662
0.194443
0.662
0.419906
0.662
0.662
0.37941
0.662
0.487007
0.662
0.662
0.662
0.299094
0.312956
0.196844
0.260399
0.214724
0.662
0.662
0.662
0.662
0.662
0.585418
0.103786
0.380302
0.268143
0.662
0.412511
0.662
0.317843
0.662
0.662
0.662
0.440746
0.0196577
0.174346
0.662
0.230037
0.662
0.471953
0.662
0.308023
0.255865
0.460737
0.187644
0.0968718
0.662
0.299596
0.141784
0.15187
0.325102
0.662
0.439156
0.493905
0.662
0.662
0.662
0.662
0.662
0.662
0.662
0.33973
0.662
0.662
0.0877666
0.662
0.662
0.393155
0.474716
0.662
0.292312
0.662
0.0190244
0.0411805
0.662
0.108623
0.0211524
0.360409
0.662
0.270808
0.662
0.287081
0.0281565
0.247696
0.485968
0.662
0.662
0.662
0.662
0.662
0.662
0.337081
0.175181
0.451275
0.159026
0.0534075
0.0497989
0.662
0.493636
0.5905
0.0804499
0.662
0.662
0.662
0.523702
0.447915
0.400449
0.466083
0.662
0.20335
0.662
0.361841
0.662
0.662
0.105548
0.662
0.550591
0.662
0.662
0.662
0.100523
0.10717
0.133263
0.662
0.662
0.195329
0.590049
0.248072
0.662
0.054288
0.278183
0.424469
0.00790165
0.662
0.0275292
0.131991
0.24316
0.662
0.662
0.163849
0.662
0.242705
0.662
0.220552
0.662
0.377843
0.662
0.662
0.662
0.647791
0.662
0.662
0.0891451
0.256335
0.662
0.431323
