0.662
0.662
0.0281565
0.662
0.662
0.42086
0.662
0.100523
0.10717
0.522047
0.342961
0.142629
0.662
0.662
0.299596
0.215868
0.472164
0.41337
0.662
0.662
0.662
0.380838
0.499784
0.519313
0.662
0.662
0.662
0.11649
0.662
0.263315
0.662
0.266529
0.274011
0.384165
0.662
0.662
0.662
0.662
0.662
0.230172
0.662
0.662
0.662
0.662
0.314169
0.662
0.206649
0.36387
0.540383
0.222081
0.662
0.523702
0.382018
0.107878
0.353898
0.256402
0.08482
0.590427
0.662
0.662
0.662
0.312561
0.662
0.141753
0.647791
0.662
0.23921
0.255865
0.662
0.662
0.662
0.662
0.662
0.662
0.662
0.443683
0.20006
0.466554
0.662
0.662
0.662
0.379166
0.662
0.662
0.662
0.662
0.662
0.268202
0.259882
0.662
0.230037
0.254099
0.662
0.662
0.458095
0.662
0.662
0.248072
0.662
0.312956
0.662
0.662
0.662
0.390076
0.662
0.28748
0.662
0.46069
0.662
0.344455
0.662
0.662
0.459729
0.662
0.46609
0.200458
0.662
0.662
0.662
0.662
0.191907
0.662
0.397822
0.419568
0.421644
0.662
0.662
0.0648158
0.662
0.662
0.284647
0.662
0.662
0.354634
0.1928
0.662
0.199253
0.662
0.662
0.662
0.662
0.321875
0.105548
0.055265
0.00781641
0.36069
0.662
0.381527
0.252275
0.662
0.662
0.662
0.425954
0.662
0.367866
0.22133
0.662
0.294196
0.457808
0.662
0.662
0.0617807
0.290264
0.662
0.400449
0.108004
0.662
0.662
0.662
0.662
0.662
0.662
0.662
0.175705
0.389936
0.662
0.662
0.662
0.662
0.662
0.450719
0.662
0.662
0.154455
0.662
0.662
0.662
0.387223
0.358187
0.662
0.353665
0.662
0.450316
0.0302308
0.662
0.662
0.481323
0.413344
0.662
0.662
0.662
0.159026
0.315584
0.662
0.662
0.662
0.662
0.155866
0.662
0.662
0.662
0.273097
0.662
0.585696
0.662
0.662
0.662
0.662
0.662
0.60974
0.423342
0.135425
0.439156
0.603349
0.186732
0.256409
0.662
0.662
0.276974
0.662
0.135159
0.196844
0.359732
0.41074
0.164166
0.662
0.547575
0.662
0.662
0.662
0.274001
0.39074
0.662
0.403046
0.319231
0.662
0.397265
0.662
0.0704383
0.662
0.662
0.662
0.0352929
0.428118
0.0513726
0.384951
0.556577
0.662
0.487007
0.662
0.662
0.0969174
0.152264
0.662
0.441743
0.662
0.662
0.127638
0.662
0.233416
0.662
0.662
0.662
0.485968
0.662
0.308401
0.287539
0.662
0.060239
0.0449369
0.662
0.662
0.437901
0.662
0.662
0.662
0.0279029
0.382545
0.493905
0.428561
0.122943
0.441379
0.37262
0.662
0.662
0.052721
0.662
0.662
0.662
0.662
0.662
0.329061
0.351478
0.662
0.662
0.150543
0.195329
0.662
0.662
0.643426
0.662
0.662
0.662
0.662
0.662
0.535407
0.662
0.205697
0.662
0.662
0.397434
0.352236
0.0561952
0.662
0.662
0.39004
0.034941
0.2364
0.662
0.662
0.662
0.662
0.662
0.662
0.662
0.423889
0.662
0.240821
0.662
0.662
0.275549
0.662
0.662
0.662
0.611938
0.19367
0.662
0.283362
0.662
0.12122
0.662
0.221774
0.662
0.0607364
0.662
0.662
0.662
0.662
0.662
0.623713
0.662
0.662
0.662
0.32906
0.662
0.196038
0.662
0.409615
0.662
0.662
0.38276
0.662
0.662
0.662
0.662
0.179261
0.662
0.662
0.437809
0.662
0.662
0.488242
0.662
0.662
0.662
0.662
0.299094
0.662
0.662
0.241243
0.356211
0.662
0.133263
0.63049
0.662
0.117868
0.164643
0.0706733
0.662
0.662
0.662
0.413324
0.662
0.662
0.162998
0.187642
0.1754
0.662
0.662
0.307322
0.662
0.143016
0.256335
0.662
0.662
0.567077
0.285886
0.036181
0.271675
0.260399
0.420034
0.662
0.662
0.662
0.662
0.662
0.519079
0.145203
0.05375
0.662
0.287081
0.662
0.662
0.629706
0.190649
0.447224
0.662
0.0818061
0.662
0.163202
0.662
0.662
0.112465
0.456925
0.437032
0.662
0.662
0.138279
0.244014
0.08315
0.662
0.328879
0.662
0.402272
0.662
0.22265
0.493636
0.356321
0.0766205
0.208882
0.299374
0.247696
0.315287
0.168325
0.662
0.160279
0.662
0.662
0.431286
0.317862
0.662
0.169553
0.662
0.0997609
0.662
0.233291
0.662
0.224426
0.662
0.127211
0.662
0.662
0.502117
0.662
0.662
0.443069
0.662
0.662
0.662
0.497826
0.662
0.662
0.411225
0.662
0.662
0.662
0.0425393
0.662
0.240828
0.662
0.662
0.0968718
0.662
0.120897
0.662
0.0733765
0.24959
0.324828
0.662
0.662
0.662
0.339467
0.662
0.371343
0.338603
0.662
0.662
0.612934
0.662
0.263771
0.662
0.32467
0.662
0.315869
0.108623
0.373016
0.662
0.487755
0.662
0.268803
0.662
0.662
0.662
0.662
0.324224
0.662
0.10124
0.662
0.353692
0.662
0.662
0.262504
0.662
0.245974
0.662
0.662
0.143633
0.662
0.340896
0.662
0.662
0.138321
0.662
0.662
0.407566
0.662
0.44383
0.295115
0.45217
0.437939
0.329658
0.662
0.00304345
0.662
0.662
0.662
0.662
0.662
0.662
0.129144
0.393489
0.322437
0.327247
0.0923925
0.662
0.662
0.361848
0.464481
0.340315
0.241627
0.662
0.662
0.662
0.446327
0.388889
0.662
0.662
0.226607
0.662
0.662
0.662
0.662
0.293008
0.414529
0.233429
0.662
0.37941
0.662
0.662
0.350118
0.662
0.662
0.119388
0.163758
0.219776
0.366892
0.662
0.00225509
0.282784
0.662
0.662
0.662
0.108824
0.662
0.662
0.662
0.0211524
0.0146925
0.662
0.662
0.466083
0.662
0.662
0.065142
0.662
0.145432
0.662
0.662
0.662
0.450153
0.662
0.662
0.233364
0.662
0.662
0.38638
0.662
0.662
0.662
0.648015
0.148278
0.644507
0.170162
0.449132
0.476231
0.662
0.327981
0.350852
0.662
0.200876
0.662
0.214724
0.662
0.662
0.662
0.662
0.158033
0.143295
0.662
0.662
0.234378
0.662
0.662
0.662
0.662
0.662
0.254812
0.662
0.294325
0.451107
0.662
0.40759
0.662
0.662
0.430951
0.133038
0.662
0.662
0.357231
0.662
0.662
0.662
0.263911
0.662
0.414874
0.0189438
0.158926
0.465028
0.662
0.111673
0.519735
0.103786
0.662
0.662
0.662
0.0764952
0.158568
0.0406253
0.662
0.437436
0.662
0.662
0.662
0.440746
0.662
0.407198
0.662
0.33973
0.662
0.662
0.424867
0.662
0.662
0.393568
0.662
0.662
0.404031
0.303591
0.166662
0.0718602
0.662
0.447626
0.0401923
0.378951
0.662
0.251148
0.479231
0.662
0.662
0.444982
0.662
0.662
0.108251
0.241376
0.662
0.10851
0.662
0.662
0.662
0.662
0.662
0.662
0.270297
0.292312
0.662
0.308813
0.358468
0.662
0.662
0.662
0.34364
0.256586
0.662
0.495621
0.662
0.111781
0.662
0.662
0.317843
0.662
0.0196577
0.662
0.212574
0.662
0.112419
0.420887
0.662
0.662
0.265594
0.228038
0.662
0.228866
0.662
0.541267
0.197047
0.451275
0.335774
0.171588
0.0180857
0.349646
0.662
0.136439
0.116015
0.662
0.409346
0.413421
0.572543
0.252279
0.250426
0.662
0.662
0.426516
0.0975873
0.0929205
0.662
0.662
0.0926931
0.662
0.662
0.662
0.213372
0.459749
0.662
0.662
0.662
0.141784
0.662
0.662
0.662
0.412786
0.662
0.662
0.24386
0.662
0.131991
0.662
0.662
0.148892
0.662
0.662
0.662
0.533213
0.00632982
0.662
0.662
0.662
0.662
0.30463
0.108442
0.186148
0.662
0.662
0.662
0.407616
0.330757
0.341793
0.40936
0.494338
0.547537
0.0727748
0.423589
0.461288
0.0912128
0.662
0.0891451
0.0451185
0.361841
0.314364
0.116545
0.662
0.662
0.662
0.387199
0.46297
0.464347
0.662
0.662
0.240227
0.323414
0.662
0.277511
0.236666
0.216657
0.416888
0.662
0.662
0.662
0.662
0.662
0.662
0.662
0.0922982
0.662
0.662
0.662
0.388856
0.373837
0.662
0.36725
0.358628
0.024073
0.530103
0.662
0.662
0.662
0.662
0.662
0.0324146
0.662
0.36542
0.329852
0.225937
0.359043
0.365191
0.662
0.108412
0.662
0.662
0.662
0.662
0.662
0.643862
0.662
0.0877666
0.452281
0.00790165
0.662
0.440937
0.662
0.153011
0.662
0.411755
0.0416975
0.0711346
0.369257
0.662
0.662
0.447344
0.662
0.662
0.662
0.250599
0.662
0.14501
0.0245813
0.662
0.497975
0.662
0.662
0.461701
0.0897694
0.662
0.662
0.662
0.662
0.662
0.422791
0.662
0.117689
0.334327
0.178929
0.662
0.217651
0.662
0.662
0.0275292
0.662
0.662
0.662
0.345127
0.0177635
0.662
0.585418
0.09463
0.662
0.0926949
0.662
0.0333731
0.662
0.662
0.662
0.0947973
0.119664
0.144427
0.662
0.662
0.320912
0.662
0.662
0.662
0.662
0.330537
0.662
0.124451
0.662
0.662
0.662
0.452008
0.44221
0.662
0.662
0.173967
0.419906
0.0497989
0.0348426
0.211397
0.662
0.288986
0.49972
0.220552
0.367258
0.426763
0.21871
0.662
0.231951
0.662
0.396267
0.431397
0.540256
0.0425087
0.662
0.219274
0.205808
0.263238
0.474716
0.236321
0.346302
0.662
0.662
0.198013
0.662
0.278956
0.309141
0.0965077
0.411637
0.113854
0.662
0.25715
0.662
0.448162
0.662
0.356608
0.662
0.384252
0.662
0.662
0.662
0.662
0.662
0.15038
0.385808
0.662
0.662
0.662
0.0250145
0.363276
0.403365
0.662
0.211811
0.662
0.0171211
0.662
0.198382
0.662
0.662
0.173362
0.228472
0.662
0.662
0.336182
0.44345
0.662
0.662
0.662
0.662
0.153881
0.662
0.662
0.19056
0.215373
0.662
0.662
0.662
0.393155
0.662
0.662
0.662
0.451826
0.37689
0.662
0.249063
0.662
0.662
0.281341
0.203752
0.662
0.662
0.273183
0.405018
0.342708
0.662
0.662
0.662
0.662
0.486031
0.662
0.662
0.662
0.662
0.662
0.0459027
0.662
0.4472
0.481776
0.468964
0.662
0.662
0.662
0.18571
0.662
0.419796
0.662
0.662
0.662
0.15187
0.447915
0.0554105
0.450885
0.662
0.662
0.662
0.024668
0.389279
0.662
0.662
0.430253
0.662
0.662
0.113084
0.662
0.662
0.373639
0.353501
0.662
0.194443
0.266319
0.0871106
0.412527
0.0164485
0.662
0.441699
0.472058
0.457798
0.328395
0.234677
0.146557
0.565423
0.662
0.662
0.320556
0.662
0.385772
0.150832
0.662
0.308272
0.662
0.662
0.662
0.662
0.50711
0.662
0.662
0.662
0.254996
0.662
0.662
0.14604
0.662
0.330093
0.662
0.270808
0.264992
0.0850942
0.662
0.662
0.662
0.203336
0.33857
0.464395
0.131741
0.0283854
0.325495
0.174213
0.499998
0.662
0.205074
0.266261
0.662
0.662
0.662
0.662
0.229874
0.662
0.380302
0.662
0.215377
0.662
0.662
0.0134517
0.662
0.410397
0.662
0.431323
0.662
0.662
0.662
0.149222
0.662
0.662
0.662
0.662
0.662
0.283256
0.161382
0.662
0.662
0.169536
0.370234
0.662
0.460111
0.396399
0.662
0.398442
0.268143
0.350747
0.409131
0.466159
0.476261
0.662
0.177345
0.14804
0.0411805
0.662
0.229118
0.220072
0.239039
0.662
0.313766
0.662
0.662
0.139367
0.662
0.460737
0.662
0.662
0.662
0.42262
0.331715
0.662
0.398821
0.662
0.459816
0.662
0.5905
0.270328
0.662
0.662
0.622044
0.662
0.662
0.0885303
0.338345
0.0190244
0.662
0.471953
0.662
0.662
0.0257261
0.0603563
0.662
0.0519703
0.662
0.662
0.662
0.548614
0.662
0.241926
0.662
0.250921
0.148594
0.662
0.163849
0.401623
0.308023
0.467648
0.662
0.242705
0.662
0.662
0.662
0.662
0.662
0.662
0.662
0.662
0.662
0.237304
0.412511
0.662
0.662
0.425458
0.134778
0.662
0.662
0.662
0.268975
0.662
0.261147
0.303973
0.662
0.662
0.387762
0.662
0.317942
0.202976
0.359696
0.662
0.264932
0.452294
0.229117
0.115427
0.427866
0.166155
0.297581
0.035275
0.662
0.662
0.303475
0.662
0.662
0.662
0.512356
0.325621
0.662
0.187379
0.109799
0.560192
0.360409
0.295634
0.662
0.662
0.662
0.32275
0.662
0.662
0.662
0.662
0.361373
