0.205969
0.662
0.497557
0.662
0.662
0.662
0.0271044
0.662
0.662
0.205633
0.662
0.662
0.630856
0.449389
0.662
0.662
0.267831
0.330727
0.662
0.148212
0.226029
0.662
0.358288
0.662
0.34425
0.0143166
0.662
0.662
0.662
0.100095
0.662
0.461456
0.662
0.53195
0.429769
0.662
0.662
0.662
0.662
0.662
0.313766
0.175206
0.285443
0.218224
0.662
0.662
0.246039
0.662
0.284959
0.0685833
0.300185
0.662
0.0165796
0.662
0.662
0.662
0.125232
0.662
0.141261
0.134896
0.0848594
0.662
0.662
0.460725
0.662
0.377447
0.159311
0.662
0.260301
0.662
0.180678
0.104555
0.476868
0.368467
0.662
0.662
0.662
0.662
0.662
0.477561
0.662
0.0658558
0.662
0.662
0.662
0.0481023
0.662
0.415568
0.662
0.43279
0.434125
0.662
0.662
0.0199731
0.0253299
0.662
0.662
0.412273
0.662
0.662
0.431129
0.662
0.120078
0.662
0.662
0.450575
0.662
0.662
0.146121
0.662
0.169965
0.662
0.00984323
0.356608
0.662
0.34219
0.662
0.662
0.662
0.440103
0.370026
0.145109
0.447296
0.473749
0.662
0.4263
0.662
0.662
0.619084
0.335199
0.28832
0.148569
0.662
0.391456
0.662
0.454873
0.662
0.662
0.662
0.662
0.662
0.365705
0.231823
0.461288
0.0303911
0.313005
0.662
0.281962
0.00522863
0.187318
0.662
0.39269
0.551886
0.312147
0.209839
0.356195
0.662
0.33597
0.643426
0.0753908
0.662
0.662
0.662
0.279491
0.392246
0.662
0.245085
0.113386
0.662
0.188239
0.467146
0.662
0.0363942
0.662
0.373596
0.317843
0.662
0.163849
0.662
0.154663
0.42086
0.662
0.333121
0.662
0.0276014
0.662
0.613138
0.0862181
0.212729
0.662
0.176238
0.196743
0.662
0.301262
0.235966
0.662
0.662
0.662
0.662
0.108468
0.662
0.357214
0.164016
0.662
0.662
0.662
0.44023
0.0592876
0.599725
0.0926342
0.148906
0.0133517
0.662
0.119237
0.662
0.662
0.160042
0.662
0.057587
0.0537446
0.422961
0.0649383
0.43626
0.662
0.246989
0.662
0.662
0.662
0.662
0.662
0.662
0.266856
0.662
0.0513387
0.192709
0.662
0.662
0.153223
0.452945
0.662
0.252898
0.662
0.185492
0.662
0.662
0.413423
0.459622
0.0415039
0.662
0.662
0.662
0.662
0.456446
0.662
0.0721663
0.662
0.30179
0.662
0.0518447
0.18622
0.662
0.16014
0.329791
0.662
0.272091
0.325843
0.19975
0.662
0.662
0.662
0.662
0.163128
0.142926
0.235568
0.662
0.662
0.400402
0.662
0.130948
0.310238
0.662
0.662
0.662
0.662
0.662
0.662
0.662
0.662
0.662
0.356084
0.055107
0.662
0.662
0.0417181
0.113084
0.263446
0.242327
0.217625
0.662
0.662
0.662
0.0433282
0.0279029
0.0966703
0.387112
0.662
0.545157
0.280329
0.662
0.662
0.174785
0.662
0.662
0.167934
0.460361
0.0351547
0.449232
0.321986
0.357202
0.662
0.490501
0.662
0.662
0.662
0.662
0.662
0.364976
0.662
0.662
0.662
0.419741
0.662
0.0653263
0.662
0.340065
0.662
0.662
0.371168
0.218359
0.662
0.634401
0.662
0.063674
0.662
0.662
0.662
0.317071
0.443319
0.391051
0.383346
0.339883
0.662
0.662
0.201101
0.122243
0.662
0.322185
0.662
0.662
0.0448703
0.136468
0.662
0.0226185
0.662
0.243108
0.435749
0.662
0.329908
0.132767
0.662
0.34395
0.662
0.476912
0.369792
0.1879
0.172735
0.350851
0.662
0.0395343
0.226429
0.437171
0.662
0.332656
0.18156
0.662
0.662
0.662
0.0477964
0.662
0.55703
0.356315
0.662
0.662
0.327366
0.214724
0.662
0.241183
0.374009
0.164174
0.662
0.153065
0.447915
0.662
0.204642
0.245638
0.662
0.148892
0.42662
0.662
0.427147
0.662
0.46811
0.662
0.662
0.301239
0.662
0.662
0.662
0.567164
0.125306
0.506686
0.662
0.662
0.662
0.662
0.419102
0.662
0.437338
0.255464
0.662
0.197645
0.662
0.662
0.662
0.113993
0.662
0.662
0.200392
0.662
0.261656
0.149202
0.662
0.105158
0.662
0.662
0.00449852
0.361314
0.662
0.662
0.200583
0.662
0.19798
0.662
0.662
0.44063
0.662
0.349835
0.662
0.343866
0.662
0.662
0.0823428
0.662
0.274214
0.185262
0.108412
0.662
0.662
0.130489
0.662
0.351457
0.00788157
0.662
0.0238595
0.195084
0.355707
0.662
0.629706
0.662
0.662
0.662
0.662
0.662
0.427192
0.662
0.342206
0.662
0.0298487
0.662
0.662
0.662
0.0362523
0.662
0.151395
0.662
0.0926331
0.662
0.239908
0.0142086
0.662
0.236438
0.344338
0.662
0.662
0.662
0.662
0.662
0.662
0.662
0.662
0.662
0.410656
0.662
0.662
0.662
0.662
0.204904
0.662
0.0261263
0.150085
0.662
0.48881
0.36204
0.662
0.0226975
0.176208
0.35421
0.662
0.187845
0.292367
0.662
0.227258
0.467251
0.662
0.599409
0.60556
0.270296
0.662
0.662
0.303464
0.0704383
0.204741
0.662
0.662
0.662
0.362523
0.662
0.472566
0.121872
0.123306
0.494183
0.187756
0.662
0.0786428
0.662
0.662
0.197059
0.164783
0.659633
0.244427
0.662
0.662
0.662
0.662
0.662
0.440746
0.662
0.266261
0.662
0.662
0.316187
0.0126339
0.272901
0.143932
0.662
0.662
0.662
0.473689
0.662
0.387762
0.662
0.662
0.239246
0.150732
0.0499608
0.517804
0.662
0.662
0.662
0.0165624
0.662
0.00955044
0.662
0.662
0.662
0.662
0.662
0.662
0.662
0.426103
0.662
0.311136
0.46149
0.0443041
0.328794
0.662
0.662
0.662
0.416298
0.343792
0.477991
0.662
0.123181
0.662
0.662
0.226159
0.662
0.662
0.252127
0.662
0.39559
0.269841
0.662
0.429952
0.662
0.662
0.662
0.219139
0.125516
0.170135
0.662
0.662
0.662
0.662
0.245038
0.355532
0.199719
0.662
0.662
0.662
0.291869
0.662
0.493969
0.031758
0.662
0.21111
0.662
0.662
0.240029
0.662
0.662
0.662
0.662
0.365448
0.375443
0.662
0.662
0.662
0.662
0.450465
0.662
0.662
0.662
0.162758
0.662
0.256402
0.418702
0.662
0.201304
0.662
0.204197
0.662
0.315584
0.35956
0.662
0.662
0.30847
0.662
0.195906
0.416832
0.662
0.662
0.662
0.662
0.662
0.662
0.174015
0.143902
0.0734192
0.43144
0.662
0.299087
0.662
0.662
0.299215
0.662
0.344909
0.662
0.052721
0.349619
0.248026
0.143633
0.127353
0.662
0.662
0.662
0.662
0.0818858
0.211373
0.662
0.662
0.420797
0.138862
0.04953
0.0854951
0.662
0.286923
0.461201
0.662
0.234378
0.244455
0.662
0.662
0.154114
0.662
0.2364
0.662
0.294257
0.018138
0.349698
0.175181
0.662
0.662
0.662
0.467048
0.200903
0.662
0.272258
0.276733
0.662
0.662
0.662
0.0632883
0.394933
0.662
0.411225
0.268676
0.383174
0.662
0.662
0.186782
0.183338
0.662
0.662
0.120274
0.352804
0.662
0.662
0.197712
0.145611
0.662
0.575275
0.662
0.662
0.662
0.662
0.335633
0.662
0.662
0.382958
0.47706
0.421655
0.331717
0.662
0.662
0.540314
0.25537
0.65245
0.662
0.662
0.662
0.662
0.662
0.20335
0.389288
0.662
0.662
0.0435361
0.662
0.662
0.662
0.662
0.619641
0.662
0.18645
0.662
0.662
0.224675
0.662
0.662
0.662
0.244832
0.662
0.568663
0.422476
0.216217
0.129137
0.662
0.662
0.44343
0.662
0.662
0.662
0.662
0.330296
0.662
0.592677
0.662
0.662
0.662
0.662
0.662
0.662
0.296287
0.662
0.662
0.43523
0.194225
0.662
0.662
0.662
0.662
0.662
0.205444
0.161315
0.662
0.662
0.662
0.0646556
0.662
0.129669
0.268707
0.338609
0.535871
0.199219
0.662
0.662
0.230172
0.662
0.662
0.662
0.662
0.426545
0.54758
0.662
0.662
0.294346
0.662
0.450164
0.040998
0.060239
0.461545
0.46069
0.662
0.662
0.662
0.662
0.662
0.213334
0.45804
0.220269
0.662
0.662
0.662
0.449901
0.662
0.662
0.324973
0.662
0.198075
0.662
0.485204
0.0240484
0.662
0.0550098
0.662
0.662
0.141289
0.0989887
0.662
0.216253
0.662
0.274001
0.662
0.662
0.662
0.375755
0.287619
0.382709
0.206754
0.662
0.662
0.662
0.481395
0.0584601
0.662
0.662
0.662
0.662
0.662
0.359443
0.0316729
0.24111
0.431544
0.662
0.117944
0.662
0.662
0.105548
0.155275
0.105578
0.318254
0.24322
0.662
0.662
0.0851893
0.662
0.285367
0.0391255
0.0285254
0.18571
0.662
0.140897
0.24455
0.118224
0.662
0.189332
0.662
0.662
0.662
0.199491
0.662
0.662
0.662
0.44777
0.0791267
0.446811
0.662
0.662
0.662
0.198013
0.662
0.662
0.173942
0.662
0.662
0.662
0.299203
0.489398
0.662
0.361379
0.662
0.662
0.662
0.127451
0.662
0.369295
0.0534075
0.485968
0.487352
0.662
0.662
0.295902
0.662
0.0819014
0.662
0.0299462
0.662
0.398062
0.662
0.662
0.382124
0.155045
0.47483
0.185863
0.363681
0.48178
0.192865
0.662
0.662
0.285024
0.662
0.422791
0.306222
0.48386
0.24626
0.400619
0.0679683
0.662
0.662
0.304691
0.134997
0.662
0.440097
0.662
0.587137
0.662
0.662
0.173362
0.228472
0.567077
0.662
0.196143
0.662
0.662
0.662
0.662
0.092716
0.393402
0.662
0.662
0.662
0.456027
0.662
0.0808017
0.662
0.506622
0.23906
0.115209
0.662
0.025701
0.662
0.662
0.662
0.201249
0.662
0.662
0.328438
0.662
0.662
0.662
0.121822
0.662
0.662
0.662
0.662
0.189141
0.387127
0.662
0.662
0.662
0.178539
0.250611
0.115101
0.662
0.662
0.0539053
0.662
0.662
0.662
0.296487
0.405632
0.662
0.455803
0.335056
0.662
0.662
0.662
0.662
0.0549866
0.0141373
0.662
0.0175504
0.662
0.662
0.662
0.0671877
0.662
0.407171
0.4002
0.662
0.662
0.662
0.662
0.271218
0.285886
0.662
0.662
0.25407
0.238647
0.662
0.662
0.273132
0.662
0.228847
0.2917
0.662
0.662
0.662
0.337136
0.662
0.662
0.0617807
0.662
0.662
0.662
0.662
0.662
0.662
0.398212
0.662
0.662
0.340023
0.203997
0.354316
0.662
0.522061
0.662
0.236762
0.662
0.662
0.662
0.662
0.421185
0.371311
0.662
0.0237022
0.662
0.662
0.662
0.129002
0.662
0.662
0.662
0.662
0.662
0.662
0.662
0.0840925
0.662
0.422492
0.408126
0.662
0.207012
0.0174315
0.662
0.207576
0.20124
0.662
0.662
0.481673
0.368409
0.591233
0.662
0.0302308
0.662
0.00491413
0.662
0.662
0.662
0.444681
0.662
0.662
0.4472
0.411529
0.10851
0.568297
0.662
0.662
0.43741
0.662
0.662
0.164245
0.662
0.662
0.662
0.425877
0.319944
0.107067
0.371379
0.225876
0.111143
0.662
0.25695
0.263564
0.662
0.662
0.662
0.662
0.53752
0.570604
0.616018
0.662
0.662
0.125399
0.662
0.662
0.152331
0.0170499
0.395448
0.45055
0.269331
0.215191
0.662
0.424949
0.13692
0.662
0.208083
0.328047
0.662
0.269931
0.278017
0.662
0.317256
0.662
0.662
0.328236
0.662
0.192018
0.662
0.00400446
0.365779
0.089043
0.193626
0.662
0.662
0.662
0.0739923
0.662
0.662
0.662
0.662
0.662
0.662
0.444028
0.39604
0.662
0.446064
0.149508
0.662
0.465028
0.267796
0.662
0.268082
0.33468
0.231413
0.662
0.662
0.662
0.244678
0.662
0.662
0.662
0.219127
0.662
0.438651
0.0350697
0.662
0.51122
0.662
0.662
0.213372
0.10512
0.511541
0.662
0.662
0.662
0.662
0.662
0.407564
0.475953
0.662
0.662
0.662
0.662
0.516527
0.662
0.306895
0.176085
0.229136
0.178938
0.662
0.262119
0.318877
0.0456838
0.432643
0.662
0.662
0.365435
0.662
0.662
0.188274
0.539801
0.390009
0.662
0.450063
0.662
0.38091
0.557615
0.41009
0.662
0.662
0.0126223
0.647426
0.662
0.662
0.0435433
0.662
0.273534
0.662
0.469746
0.662
0.662
0.662
0.248886
0.415286
0.228092
0.662
0.662
0.37941
0.612836
0.662
0.0434057
0.254517
0.662
0.282504
0.285999
0.662
0.662
0.662
0.559889
0.662
0.326407
0.662
0.300782
0.662
0.662
0.397646
0.662
0.662
0.662
0.0246221
0.662
0.188015
0.468543
0.235857
0.252451
0.662
0.662
0.662
0.662
0.147622
0.453401
0.232411
0.421607
0.10935
0.263265
0.194767
0.178271
0.662
0.662
0.662
0.662
0.0807135
0.662
0.387401
0.314731
0.662
0.451774
0.0134597
0.662
0.0831333
0.662
0.58979
0.662
0.662
0.662
0.662
0.662
0.662
0.354634
0.662
0.177271
0.644558
0.662
0.662
0.37227
0.348639
0.662
0.662
0.0681503
0.135385
0.250245
0.237767
0.662
0.375662
0.662
0.662
0.186278
0.662
0.397861
0.471754
0.259747
0.342272
0.080434
0.296802
0.153881
0.356741
0.63339
0.46918
