0.662
0.662
0.662
0.662
0.0590117
0.437417
0.238698
0.0537733
0.662
0.662
0.662
0.445607
0.662
0.296147
0.662
0.662
0.662
0.662
0.16884
0.662
0.113775
0.392528
0.662
0.500006
0.283621
0.396475
0.662
0.128563
0.662
0.662
0.662
0.143067
0.662
0.113247
0.316487
0.112752
0.170126
0.0114256
0.0621873
0.213576
0.662
0.662
0.662
0.662
0.662
0.662
0.464604
0.662
0.462137
0.0709173
0.662
0.0476912
0.662
0.285055
0.662
0.662
0.0514774
0.397077
0.0495668
0.662
0.662
0.262439
0.662
0.180079
0.662
0.10494
0.337329
0.421804
0.662
0.417752
0.471392
0.544918
0.662
0.412658
0.00265053
0.662
0.662
0.662
0.662
0.662
0.662
0.207222
0.662
0.662
0.233284
0.0795304
0.662
0.0765034
0.662
0.488327
0.662
0.280161
0.200471
0.662
0.662
0.317013
0.662
0.0106117
0.15174
0.089484
0.662
0.471387
0.662
0.662
0.662
0.0611007
0.139185
0.21083
0.0682599
0.662
0.0568205
0.0628996
0.260456
0.29959
0.662
0.662
0.662
0.241927
0.662
0.0309861
0.322417
0.662
0.662
0.662
0.662
0.662
0.662
0.0959675
0.010199
0.0589585
0.315447
0.428179
0.662
0.662
0.662
0.417009
0.34509
0.662
0.414756
0.662
0.0980235
0.298521
0.662
0.662
0.662
0.662
0.662
0.662
0.662
0.261621
0.662
0.662
0.543956
0.662
0.1155
0.662
0.662
0.662
0.662
0.408185
0.662
0.167962
0.0370082
0.219279
0.662
0.0209292
0.358867
0.361825
0.441663
0.151864
0.662
0.19026
0.662
0.662
0.338822
0.662
0.636157
0.662
0.314488
0.662
0.287495
0.406796
0.430334
0.662
0.662
0.662
0.341036
0.662
0.2081
0.662
0.2349
0.662
0.662
0.194121
0.662
0.662
0.662
0.190753
0.11877
0.474254
0.3255
0.662
0.478981
0.0470126
0.662
0.662
0.471758
0.632364
0.376789
0.260213
0.362226
0.662
0.662
0.353942
0.298396
0.280948
0.662
0.490453
0.662
0.662
0.662
0.662
0.662
0.662
0.662
0.557213
0.662
0.662
0.662
0.208969
0.662
0.662
0.662
0.662
0.662
0.467301
0.375351
0.662
0.50644
0.662
0.0369779
0.394411
0.662
0.662
0.19948
0.662
0.535156
0.339601
0.113279
0.662
0.662
0.156995
0.662
0.0640357
0.276742
0.662
0.662
0.197509
0.0748123
0.330617
0.662
0.662
0.463409
0.662
0.311573
0.662
0.662
0.662
0.158052
0.662
0.0622781
0.662
0.662
0.662
0.662
0.427451
0.2136
0.662
0.172507
0.662
0.464679
0.34062
0.131797
0.387728
0.228882
0.0391979
0.662
0.217994
0.375478
0.662
0.662
0.0365244
0.662
0.0391567
0.662
0.662
0.329603
0.17085
0.342761
0.662
0.662
0.274429
0.662
0.173958
0.065734
0.00901334
0.662
0.662
0.662
0.662
0.256117
0.662
0.662
0.28491
0.022889
0.662
0.27108
0.662
0.662
0.534941
0.314264
0.662
0.662
0.0227378
0.662
0.449049
0.662
0.203706
0.662
0.662
0.366739
0.366778
0.662
0.662
0.214012
0.662
0.662
0.439578
0.144967
0.449091
0.662
0.662
0.662
0.181241
0.662
0.662
0.0981064
0.662
0.662
0.0634222
0.489204
0.471317
0.205298
0.662
0.312657
0.365174
0.662
0.18404
0.185353
0.662
0.662
0.472898
0.276801
0.286253
0.337571
0.662
0.104663
0.662
0.662
0.662
0.427984
0.662
0.662
0.662
0.662
0.465429
0.223343
0.391375
0.154987
0.436285
0.662
0.229791
0.410541
0.662
0.662
0.204177
0.662
0.662
0.135067
0.197198
0.662
0.498738
0.0940759
0.0996623
0.415648
0.412365
0.662
0.117394
0.662
0.662
0.662
0.40023
0.662
0.448245
0.662
0.36947
0.430724
0.06234
0.189887
0.421724
0.662
0.662
0.662
0.662
0.327908
0.439253
0.662
0.0957932
0.662
0.662
0.302672
0.662
0.405452
0.662
0.261386
0.39923
0.662
0.662
0.412632
0.0699416
0.662
0.662
0.662
0.662
0.149692
0.31008
0.662
0.242796
0.414347
0.150342
0.662
0.662
0.662
0.470623
0.662
0.335666
0.662
0.20088
0.662
0.662
0.662
0.380614
0.264983
0.662
0.373786
0.283533
0.451573
0.662
0.662
0.0911881
0.0739847
0.662
0.113249
0.662
0.662
0.468193
0.0532742
0.240531
0.286634
0.662
0.662
0.662
0.662
0.662
0.662
0.527982
0.662
0.662
0.662
0.662
0.0288266
0.662
0.662
0.51157
0.30852
0.413947
0.456159
0.445251
0.461157
0.662
0.340804
0.662
0.443944
0.662
0.662
0.20087
0.274446
0.662
0.662
0.160019
0.662
0.0408869
0.437519
0.662
0.543791
0.0705168
0.662
0.662
0.440085
0.209214
0.662
0.662
0.662
0.329099
0.662
0.2707
0.662
0.662
0.246197
0.662
0.322312
0.474887
0.662
0.256248
0.662
0.662
0.662
0.0328768
0.662
0.662
0.662
0.662
0.458029
0.48214
0.247533
0.0916902
0.662
0.662
0.404812
0.137018
0.196224
0.662
0.662
0.662
0.662
0.455729
0.662
0.441108
0.662
0.265003
0.662
0.662
0.153563
0.662
0.415819
0.662
0.662
0.21838
0.662
0.63309
0.662
0.662
0.662
0.477457
0.46595
0.662
0.333247
0.307211
0.662
0.341158
0.0754756
0.271123
0.388743
0.529203
0.662
0.662
0.662
0.18141
0.662
0.662
0.662
0.662
0.662
0.662
0.662
0.647786
0.662
0.662
0.662
0.662
0.548169
0.662
0.417609
0.662
0.345877
0.481859
0.429278
0.662
0.233304
0.277183
0.662
0.297603
0.662
0.0427051
0.0817775
0.662
0.267705
0.662
0.269735
0.42936
0.662
0.0644327
0.397081
0.547656
0.168923
0.297759
0.662
0.662
0.662
0.465131
0.662
0.662
0.662
0.0149497
0.662
0.662
0.348018
0.662
0.662
0.200069
0.662
0.0952612
0.437837
0.662
0.662
0.181658
0.404026
0.662
0.662
0.662
0.482921
0.662
0.662
0.662
0.662
0.190126
0.662
0.662
0.662
0.662
0.292
0.662
0.288244
0.123451
0.662
0.62756
0.280756
0.662
0.662
0.662
0.220406
0.206136
0.662
0.406428
0.470734
0.662
0.662
0.662
0.269655
0.312737
0.662
0.662
0.303895
0.16664
0.305934
0.453966
0.662
0.345353
0.135025
0.662
0.480073
0.662
0.662
0.316808
0.662
0.24038
0.662
0.437638
0.662
0.662
0.662
0.662
0.22138
0.662
0.662
0.05235
0.476775
0.138548
0.242362
0.662
0.357188
0.662
0.662
0.44705
0.662
0.662
0.662
0.662
0.506851
0.00822371
0.390631
0.325129
0.662
0.662
0.662
0.662
0.662
0.604932
0.0773283
0.662
0.662
0.000422636
0.662
0.662
0.473763
0.409264
0.419078
0.449866
0.662
0.208517
0.662
0.662
0.662
0.229233
0.662
0.344312
0.662
0.377503
0.376736
0.431667
0.339185
0.207945
0.272361
0.178215
0.662
0.343506
0.412009
0.662
0.662
0.662
0.254194
0.327513
0.662
0.662
0.368429
0.662
0.0580793
0.662
0.403632
0.354686
0.338258
0.662
0.662
0.145662
0.662
0.662
0.662
0.662
0.662
0.662
0.662
0.662
0.16534
0.662
0.109231
0.194715
0.662
0.662
0.662
0.249491
0.169072
0.442692
0.662
0.662
0.0727959
0.662
0.662
0.662
0.662
0.662
0.414325
0.662
0.662
0.662
0.662
0.000298585
0.590502
0.662
0.191054
0.662
0.588606
0.662
0.662
0.662
0.662
0.438443
0.662
0.602936
0.662
0.662
0.662
0.662
0.662
0.353262
0.662
0.204682
0.662
0.662
0.24788
0.106309
0.126653
0.0328812
0.662
0.365011
0.406363
0.249022
0.662
0.662
0.11584
0.662
0.322441
0.337093
0.385393
0.662
0.191401
0.214743
0.662
0.662
0.0655936
0.662
0.662
0.662
0.294786
0.338574
0.262796
0.662
0.167776
0.662
0.662
0.662
0.0950496
0.662
0.662
0.274041
0.342317
0.662
0.662
0.307188
0.662
0.662
0.662
0.662
0.662
0.662
0.304198
0.662
0.533564
0.662
0.452071
0.662
0.52216
0.371871
0.48213
0.662
0.448488
0.662
0.0711329
0.662
0.662
0.189212
0.522402
0.662
0.662
0.128946
0.662
0.662
0.662
0.40649
0.662
0.662
0.318457
0.662
0.207091
0.662
0.488748
0.285388
0.394647
0.662
0.662
0.0855575
0.662
0.310838
0.36395
0.662
0.662
0.662
0.662
0.662
0.662
0.662
0.0408162
0.3664
0.662
0.214383
0.662
0.537007
0.160197
0.479922
0.662
0.48707
0.662
0.662
0.662
0.337369
0.556055
0.662
0.398843
0.662
0.378704
0.356832
0.662
0.662
0.662
0.396406
0.662
0.0931538
0.662
0.662
0.662
0.662
0.662
0.369367
0.358675
0.206827
0.662
0.31191
0.662
0.662
0.17367
0.209435
0.662
0.148596
0.662
0.662
0.150738
0.434054
0.662
0.662
0.259938
0.662
0.662
0.662
0.252613
0.662
0.186971
0.662
0.180044
0.131609
0.26994
0.458589
0.311477
0.219948
0.411378
0.662
0.662
0.662
0.662
0.662
0.472381
0.662
0.662
0.390267
0.662
0.662
0.0833728
0.304212
0.0517509
0.662
0.662
0.662
0.662
0.662
0.414749
0.662
0.411066
0.662
0.0834136
0.662
0.263496
0.276469
0.662
0.662
0.662
0.240593
0.662
0.662
0.180186
0.662
0.662
0.662
0.335812
0.164959
0.269642
0.662
0.662
0.293896
0.125767
0.142808
0.662
0.0744284
0.482875
0.5242
0.4101
0.503205
0.215094
0.662
0.0958688
0.662
0.662
0.075769
0.662
0.0559044
0.396325
0.662
0.662
0.662
0.662
0.662
0.0112376
0.421704
0.418668
0.182173
0.309757
0.662
0.34995
0.265606
0.238184
0.662
0.071064
0.149075
0.662
0.00168814
0.662
0.374741
0.662
0.662
0.662
0.662
0.662
0.662
0.471031
0.662
0.172608
0.662
0.662
0.662
0.662
0.662
0.144419
0.577133
0.297657
0.662
0.662
0.340858
0.662
0.662
0.379112
0.662
0.217758
0.662
0.662
0.495811
0.438018
0.662
0.357916
0.662
0.662
0.283134
0.441187
0.371701
0.662
0.301435
0.662
0.662
0.662
0.294325
0.0681112
0.662
0.0755568
0.162834
0.602045
0.439411
0.355335
0.662
0.40153
0.662
0.382084
0.662
0.662
0.662
0.662
0.662
0.662
0.662
0.265665
0.662
0.199841
0.662
0.56406
0.662
0.662
0.662
0.662
0.291723
0.662
0.662
0.241256
0.140423
0.662
0.662
0.662
0.261032
0.246516
0.303655
0.517905
0.258524
0.662
0.662
0.662
0.662
0.351602
0.662
0.336745
0.662
0.662
0.432971
0.280166
0.394422
0.383227
0.305857
0.148728
0.662
0.528511
0.430365
0.215961
0.304336
0.570462
0.662
0.160319
0.662
0.662
0.662
0.662
0.662
0.662
0.662
0.662
0.662
0.45004
0.35658
0.200515
0.662
0.662
0.662
0.662
0.662
0.662
0.662
0.0185006
0.169633
0.662
0.662
0.662
0.238612
0.440374
0.330433
0.160121
0.662
0.392064
0.25739
0.282473
0.662
0.424405
0.662
0.0610066
0.662
0.479783
0.135772
0.12218
0.662
0.432821
0.662
0.662
0.160262
0.662
0.105822
0.662
0.662
0.662
0.662
0.662
0.0802997
0.662
0.662
0.0365505
0.0212116
0.350462
0.662
0.554132
0.662
0.662
0.662
0.662
0.167236
0.662
0.662
0.662
0.662
0.0968361
0.662
0.662
0.662
0.272339
0.47808
0.108396
0.662
0.662
0.605253
0.347289
0.175419
0.302516
0.27434
0.662
0.662
0.662
0.662
0.662
0.662
0.329594
0.295289
0.662
0.662
0.662
0.662
0.662
0.563971
0.342272
0.373683
0.227313
0.191606
0.0833005
0.662
0.184204
0.346102
0.662
0.662
0.662
0.662
0.604527
0.115787
0.0433862
0.662
0.662
0.261692
0.339958
0.0621566
0.662
0.127997
0.662
0.132727
0.662
0.113522
0.426213
0.301082
0.662
0.422458
0.214907
0.662
0.662
0.174944
0.428145
0.662
0.662
0.0760252
0.662
0.134712
0.402768
0.662
0.662
0.662
0.268743
0.662
0.252731
0.174895
0.229831
0.662
0.662
0.162927
0.662
0.25567
0.140971
0.662
0.662
0.662
0.662
0.420877
0.390563
0.662
0.662
0.0227861
0.662
0.590256
0.580211
0.662
0.662
0.662
0.059716
0.230528
0.662
0.662
0.20828
0.341439
0.662
0.284088
0.662
0.662
0.113976
0.662
0.662
0.662
0.662
0.558631
0.662
0.662
0.662
0.303568
0.662
0.149552
0.142689
0.233691
0.412838
0.613162
0.331116
0.662
0.662
0.38998
0.0772915
0.258577
0.0453829
0.662
0.662
0.31144
0.662
0.662
0.662
0.662
0.662
0.662
0.248338
0.212891
0.662
0.662
0.458545
0.00154178
0.662
0.662
0.662
0.662
0.662
0.464427
0.662
0.372701
0.662
0.662
0.662
0.143825
0.662
0.662
0.662
0.0224089
0.662
0.349899
0.662
0.662
0.662
0.0310597
0.366014
0.662
0.662
0.662
0.662
0.662
0.662
0.393902
0.303007
0.0502671
0.169652
0.438098
0.662
0.225041
0.662
0.456784
0.200165
0.387692
0.662
0.169947
0.662
0.662
0.231823
0.212085
0.662
0.112536
0.662
0.662
0.662
0.662
0.662
0.0526168
0.662
0.261723
0.0534552
0.662
0.662
0.0771523
0.662
0.662
0.171293
0.662
0.662
0.662
0.662
0.662
0.451243
0.662
0.182245
0.662
0.364463
0.662
0.662
0.118486
0.662
0.662
0.240067
0.662
0.662
0.00782168
0.135023
0.662
0.662
0.420367
0.662
0.662
0.281182
0.662
0.662
0.662
0.0549875
0.662
0.432361
0.176969
0.662
0.232471
0.662
0.662
0.662
0.278009
0.662
0.662
0.662
0.662
0.662
0.662
0.662
0.618058
0.463016
0.291704
0.662
0.469295
0.221409
0.662
0.662
0.662
0.341625
0.662
0.662
