0.662
0.662
0.0368601
0.662
0.578429
0.126965
0.662
0.662
0.330522
0.662
0.662
0.0273074
0.0338325
0.382618
0.662
0.42573
0.662
0.0911688
0.378249
0.350956
0.23998
0.662
0.420201
0.662
0.232724
0.662
0.662
0.0507857
0.18599
0.662
0.202389
0.0570811
0.215707
0.662
0.438467
0.662
0.265705
0.662
0.662
0.317937
0.662
0.0554681
0.662
0.172562
0.397208
0.662
0.273671
0.662
0.662
0.662
0.468954
0.662
0.531429
0.662
0.662
0.291301
0.662
0.413575
0.662
0.446872
0.662
0.662
0.662
0.177049
0.467647
0.662
0.662
0.105647
0.662
0.662
0.0197656
0.133357
0.662
0.662
0.456654
0.662
0.662
0.609027
0.551419
0.662
0.662
0.453683
0.304183
0.528644
0.662
0.0169936
0.662
0.0577819
0.662
0.662
0.662
0.0403658
0.298026
0.662
0.662
0.662
0.662
0.662
0.386575
0.662
0.662
0.0743646
0.662
0.662
0.662
0.124149
0.454458
0.189297
0.662
0.662
0.662
0.662
0.160223
0.0946174
0.662
0.662
0.40592
0.436305
0.240032
0.330181
0.289149
0.153309
0.474092
0.304847
0.662
0.150619
0.662
0.662
0.662
0.145969
0.662
0.662
0.324327
0.662
0.662
0.0109411
0.105916
0.247524
0.662
0.402506
0.662
0.0693971
0.361721
0.662
0.662
0.662
0.169114
0.203523
0.662
0.157491
0.662
0.363423
0.662
0.469355
0.662
0.662
0.662
0.0198472
0.662
0.305377
0.662
0.662
0.103828
0.341672
0.0276249
0.416612
0.662
0.662
0.662
0.32497
0.662
0.662
0.33868
0.256285
0.662
0.141292
0.281961
0.342759
0.210805
0.448202
0.662
0.252224
0.159033
0.662
0.228785
0.583439
0.294372
0.355109
0.364219
0.662
0.5264
0.629696
0.662
0.584041
0.662
0.662
0.662
0.662
0.662
0.241927
0.157905
0.662
0.662
0.231358
0.158585
0.662
0.662
0.200604
0.662
0.662
0.662
0.194076
0.281642
0.662
0.662
0.492886
0.111324
0.320571
0.169937
0.63339
0.457318
0.56402
0.275914
0.662
0.418717
0.662
0.237854
0.662
0.662
0.662
0.126928
0.662
0.662
0.122766
0.662
0.662
0.00983086
0.662
0.662
0.332022
0.108063
0.662
0.662
0.118382
0.662
0.161974
0.662
0.662
0.662
0.662
0.126624
0.432672
0.662
0.662
0.0395202
0.662
0.0845208
0.207929
0.126731
0.662
0.218812
0.302688
0.0063794
0.662
0.662
0.478978
0.662
0.240665
0.662
0.0684222
0.209496
0.348994
0.0895773
0.662
0.662
0.48562
0.662
0.662
0.56613
0.662
0.150626
0.0662763
0.662
0.662
0.0893709
0.125947
0.190815
0.191929
0.16169
0.662
0.468412
0.662
0.330913
0.404241
0.618852
0.184804
0.423939
0.496781
0.662
0.27294
0.570681
0.662
0.662
0.0560373
0.662
0.500487
0.208079
0.267336
0.140056
0.662
0.662
0.662
0.0760133
0.218144
0.0656794
0.0278973
0.207226
0.256523
0.274841
0.662
0.0994255
0.662
0.356135
0.00461424
0.444854
0.331359
0.362561
0.662
0.662
0.553213
0.662
0.0070517
0.662
0.394026
0.662
0.0109438
0.662
0.662
0.662
0.3689
0.662
0.662
0.419399
0.22353
0.662
0.0345577
0.0432667
0.662
0.656158
0.662
0.662
0.662
0.662
0.662
0.662
0.662
0.662
0.462361
0.138922
0.363681
0.204282
0.662
0.0932094
0.187606
0.662
0.662
0.662
0.128941
0.662
0.662
0.405798
0.381527
0.0322982
0.143102
0.662
0.198267
0.146742
0.662
0.662
0.662
0.662
0.662
0.10341
0.662
0.662
0.0110652
0.662
0.662
0.662
0.662
0.422544
0.24609
0.662
0.384271
0.662
0.662
0.662
0.32859
0.662
0.356988
0.238907
0.662
0.33493
0.662
0.0127047
0.248988
0.662
0.419668
0.662
0.433595
0.0784454
0.568227
0.662
0.662
0.662
0.662
0.662
0.662
0.662
0.662
0.562204
0.662
0.365019
0.662
0.360511
0.446356
0.0215019
0.58153
0.662
0.662
0.364767
0.201954
0.662
0.473349
0.662
0.449322
0.662
0.248863
0.662
0.662
0.467189
0.662
0.130146
0.662
0.662
0.662
0.662
0.662
0.662
0.662
0.309472
0.331352
0.662
0.455186
0.117912
0.662
0.439154
0.257575
0.193404
0.0155875
0.662
0.0383618
0.43027
0.662
0.219237
0.450802
0.447934
0.662
0.662
0.662
0.439074
0.468444
0.326586
0.662
0.662
0.662
0.344575
0.662
0.662
0.337662
0.662
0.662
0.662
0.662
0.000577935
0.515001
0.325436
0.662
0.0913548
0.227254
0.612951
0.101589
0.662
0.154991
0.662
0.662
0.662
0.662
0.662
0.662
0.662
0.224877
0.662
0.0221107
0.289479
0.138429
0.146683
0.662
0.662
0.030695
0.662
0.662
0.191495
0.328334
0.662
0.0296309
0.22012
0.518966
0.662
0.469437
0.499121
0.210252
0.362441
0.662
0.32113
0.662
0.646743
0.662
0.210864
0.346651
0.662
0.662
0.662
0.662
0.662
0.145296
0.0168864
0.662
0.576549
0.662
0.662
0.416123
0.662
0.662
0.662
0.268674
0.662
0.0419735
0.662
0.662
0.411176
0.0364687
0.662
0.662
0.662
0.195991
0.301777
0.201018
0.412277
0.306885
0.662
0.662
0.445315
0.662
0.662
0.662
0.662
0.662
0.662
0.113189
0.590506
0.662
0.662
0.392474
0.662
0.128749
0.409486
0.662
0.662
0.286058
0.662
0.662
0.363841
0.662
0.662
0.49447
0.35336
0.328012
0.662
0.0475147
0.0769537
0.662
0.446108
0.662
0.253532
0.330815
0.504539
0.624937
0.662
0.495368
0.662
0.151683
0.370312
0.449266
0.662
0.662
0.104019
0.662
0.47591
0.662
0.662
0.662
0.662
0.134235
0.662
0.662
0.662
0.662
0.662
0.662
0.662
0.662
0.662
0.255942
0.0774178
0.222876
0.662
0.662
0.130064
0.662
0.662
0.662
0.662
0.0736961
0.376503
0.323092
0.500527
0.662
0.662
0.448612
0.662
0.662
0.617264
0.662
0.289231
0.262906
0.662
0.662
0.375597
0.662
0.662
0.662
0.662
0.129898
0.662
0.662
0.210708
0.662
0.662
0.662
0.662
0.662
0.662
0.662
0.662
0.662
0.662
0.0811076
0.114696
0.662
0.0413631
0.0606815
0.235593
0.662
0.662
0.218286
0.204656
0.248558
0.662
0.662
0.101785
0.391051
0.662
0.286553
0.662
0.232207
0.662
0.662
0.30962
0.662
0.176436
0.163658
0.662
0.662
0.662
0.662
0.662
0.662
0.662
0.406247
0.662
0.662
0.662
0.662
0.662
0.191979
0.662
0.0407171
0.662
0.662
0.434779
0.662
0.0217327
0.662
0.662
0.662
0.662
0.0435642
0.662
0.422799
0.662
0.0805984
0.662
0.412125
0.272908
0.345951
0.662
0.333368
0.280002
0.0196551
0.127057
0.662
0.662
0.662
0.304831
0.662
0.0155877
0.662
0.0140774
0.0879887
0.228507
0.543904
0.662
0.332037
0.475344
0.662
0.662
0.662
0.171299
0.662
0.662
0.351813
0.305546
0.362163
0.534063
0.662
0.190273
0.39025
0.662
0.225465
0.420962
0.662
0.62897
0.662
0.14469
0.662
0.662
0.662
0.662
0.496686
0.662
0.662
0.662
0.662
0.157219
0.388137
0.533279
0.63339
0.662
0.144244
0.346893
0.662
0.662
0.662
0.662
0.662
0.662
0.662
0.662
0.662
0.662
0.238483
0.0336587
0.145704
0.0275686
0.219934
0.662
0.198224
0.26645
0.14755
0.379804
0.335098
0.662
0.662
0.0056906
0.662
0.49427
0.662
0.662
0.662
0.662
0.662
0.662
0.662
0.227126
0.166077
0.662
0.315468
0.183211
0.662
0.662
0.433647
0.465913
0.662
0.474599
0.662
0.662
0.662
0.107228
0.662
0.662
0.662
0.441368
0.0871442
0.166019
0.31556
0.0723596
0.662
0.36268
0.255066
0.662
0.212144
0.430938
0.662
0.153475
0.662
0.662
0.662
0.26348
0.662
0.301039
0.662
0.434998
0.421515
0.406677
0.239356
0.125977
0.140076
0.283182
0.662
0.363449
0.303565
0.662
0.662
0.662
0.260827
0.662
0.183142
0.213038
0.662
0.662
0.662
0.662
0.443463
0.0338238
0.662
0.662
0.368431
0.326524
0.655621
0.662
0.662
0.662
0.342362
0.316467
0.662
0.662
