0.294138
0.286085
0.434398
0.662
0.0736544
0.660296
0.662
0.380452
0.437295
0.247031
0.662
0.0874273
0.131596
0.662
0.438573
0.0538429
0.105724
0.662
0.662
0.276944
0.662
0.073671
0.41596
0.662
0.661688
0.245828
0.662
0.662
0.662
0.0421931
0.662
0.278149
0.662
0.662
0.662
0.662
0.179523
0.146219
0.662
0.192888
0.662
0.243744
0.662
0.471968
0.423383
0.473435
0.0755488
0.240051
0.213006
0.662
0.0403136
0.662
0.662
0.662
0.0299726
0.0556308
0.662
0.662
0.662
0.0511406
0.662
0.662
0.349082
0.662
0.662
0.662
0.662
0.662
0.662
0.662
0.662
0.662
0.358436
0.662
0.235317
0.662
0.662
0.30198
0.662
0.365991
0.662
0.305594
0.662
0.662
0.662
0.0924224
0.662
0.230004
0.417545
0.662
0.153686
0.426743
0.088071
0.662
0.662
0.662
0.662
0.398875
0.181838
0.377651
0.662
0.0632201
0.662
0.662
0.662
0.662
0.662
0.239076
0.144687
0.242572
0.479789
0.662
0.662
0.000537101
0.232507
0.430028
0.0762489
0.114843
0.337759
0.559046
0.662
0.00537843
0.236756
0.662
0.662
0.23703
0.605173
0.338854
0.662
0.0355143
0.662
0.662
0.662
0.203982
0.437906
0.25941
0.0812404
0.662
0.662
0.662
0.662
0.662
0.0202828
0.0690276
0.334612
0.345853
0.267264
0.289405
0.662
0.662
0.662
0.218139
0.662
0.259866
0.662
0.280449
0.493201
0.662
0.379911
0.662
0.30734
0.662
0.00956691
0.267955
0.662
0.662
0.662
0.662
0.465155
0.662
0.0295264
0.43222
0.662
0.517417
0.143806
0.662
0.662
0.662
0.662
0.173622
0.662
0.281654
0.218426
0.26634
0.662
0.662
0.662
0.10795
0.0504114
0.662
0.662
0.0825452
0.141888
0.662
0.662
0.662
0.662
0.662
0.662
0.662
0.662
0.662
0.292214
0.662
0.662
0.662
0.0507045
0.196348
0.356688
0.510848
0.257091
0.225165
0.237358
0.662
0.662
0.244424
0.662
0.662
0.585073
0.30095
0.662
0.000778909
0.662
0.0573279
0.662
0.662
0.662
0.662
0.0339356
0.662
0.211376
0.662
0.662
0.0154752
0.573139
0.662
0.0957253
0.662
0.47212
0.662
0.662
0.662
0.0404446
0.301719
0.424215
0.465137
0.12827
0.662
0.37403
0.0283666
0.0668995
0.435888
0.209402
0.620108
0.390172
0.46156
0.662
0.0172071
0.195366
0.159887
0.662
0.662
0.662
0.662
0.111973
0.486974
0.662
0.662
0.662
0.0939551
0.535939
0.223654
0.221138
0.259246
0.662
0.662
0.523464
0.662
0.662
0.662
0.662
0.662
0.471852
0.662
0.480966
0.662
0.477225
0.662
0.662
0.662
0.0797917
0.140461
0.0916355
0.0369123
0.662
0.662
0.00813588
0.306413
0.662
0.662
0.662
0.662
0.269133
0.662
0.662
0.662
0.662
0.0906409
0.288533
0.196
0.00830331
0.662
0.291875
0.281238
0.662
0.662
0.662
0.662
0.662
0.304749
0.662
0.355926
0.662
0.662
0.378461
0.209049
0.199927
0.32962
0.172262
0.368982
0.662
0.662
0.108996
0.359553
0.662
0.662
0.662
0.407404
0.105345
0.662
0.662
0.662
0.276833
0.662
0.662
0.662
0.424271
0.662
0.662
0.662
0.662
0.412273
0.465469
0.662
0.662
0.432055
0.449413
0.171416
0.348396
0.249688
0.662
0.0770356
0.662
0.1424
0.662
0.662
0.639447
0.217075
0.644548
0.662
0.662
0.662
0.0165616
0.662
0.272857
0.662
0.662
0.303314
0.662
0.662
0.662
0.427739
0.0611032
0.662
0.10355
0.662
0.430734
0.463214
0.406421
0.662
0.662
0.662
0.50332
0.662
0.272525
0.0403338
0.662
0.151418
0.662
0.662
0.662
0.662
0.662
0.210932
0.21853
0.306263
0.662
0.662
0.662
0.144576
0.662
0.662
0.662
0.133236
0.662
0.282879
0.189209
0.662
0.662
0.662
0.662
0.662
0.0350729
0.10378
0.662
0.662
0.352221
0.155563
0.662
0.55024
0.320235
0.662
0.174613
0.289376
0.289337
0.297799
0.629763
0.662
0.662
0.257248
0.319379
0.662
0.210927
0.443423
0.662
0.662
0.662
0.121744
0.662
0.662
0.662
0.113185
0.360616
0.662
0.633846
0.662
0.662
0.139231
0.662
0.15552
0.225636
0.662
0.450149
0.419535
0.258477
0.522284
0.662
0.662
0.662
0.662
0.662
0.580414
0.662
0.0368514
0.241368
0.662
0.662
0.445466
0.662
0.47436
0.184849
0.27138
0.662
0.266791
0.388763
0.662
0.311253
0.550193
0.422907
0.379348
0.43964
0.153003
0.433151
0.523686
0.0937929
0.460531
0.662
0.662
0.662
0.662
0.662
0.102509
0.423725
0.662
0.662
0.662
0.35318
0.371896
0.427859
0.383384
0.662
0.662
0.662
0.353317
0.415534
0.640412
0.662
0.0289801
0.662
0.365511
0.662
0.662
0.173248
0.015228
0.662
0.662
0.662
0.662
0.445064
0.341551
0.662
0.470442
0.662
0.29347
0.15297
0.0559068
0.132563
0.662
0.662
0.166379
0.284445
0.316335
0.662
0.662
0.249743
0.662
0.662
0.341798
0.129668
0.662
0.384401
0.573745
0.662
0.662
0.633391
0.662
0.346414
0.321089
0.662
0.537728
0.662
0.662
0.662
0.662
0.662
0.662
0.662
0.662
0.408785
0.248047
0.00224814
0.415938
0.662
0.130888
0.471123
0.608048
0.303678
0.34516
0.154006
0.662
0.342827
0.257676
0.662
0.353692
0.0983361
0.662
0.383643
0.245632
0.662
0.46706
0.020365
0.0733376
0.662
0.662
0.160192
0.662
0.662
0.662
0.123349
0.662
0.662
0.662
0.662
0.114273
0.230258
0.430489
0.41756
0.201161
0.424567
0.304509
0.357868
0.376328
0.662
0.662
0.662
0.00828734
0.308569
0.662
0.662
0.662
0.409801
0.25503
0.662
0.662
0.662
0.662
0.0989322
0.662
0.662
0.235345
0.662
0.078777
0.662
0.662
0.662
0.0648934
0.662
0.662
0.0656787
0.662
0.274199
0.662
0.662
0.662
0.20998
0.19492
0.274142
0.662
0.662
0.0644423
0.662
0.4436
0.340063
0.662
0.662
0.662
0.662
0.662
0.279627
0.461374
0.141559
0.662
0.464002
0.662
0.185847
0.662
0.662
0.446305
0.662
0.662
0.662
0.662
0.662
0.146833
0.662
0.662
0.662
0.662
0.662
0.662
0.421804
0.27506
0.185165
0.662
0.662
0.0154077
0.662
0.382398
0.662
0.662
0.063749
0.662
0.662
0.662
0.241992
0.112401
0.662
0.662
0.662
0.152449
0.18334
0.662
0.265789
0.171009
0.275387
0.324608
0.0589321
0.662
0.384472
0.662
0.193349
0.662
0.0356072
0.662
0.662
0.459628
0.662
0.298821
0.416986
0.489128
0.662
0.662
0.662
0.425855
0.345462
0.662
0.300935
0.662
0.662
0.333816
0.662
0.662
0.662
0.395764
0.059121
0.662
0.0566941
0.324864
0.662
0.662
0.426221
0.662
0.462342
0.662
0.477212
0.662
0.662
0.662
0.662
0.45428
0.662
0.294835
0.662
0.370208
0.662
0.403302
0.0840624
0.662
0.662
0.662
0.410506
0.463282
0.463321
0.238651
0.662
0.662
0.662
0.662
0.433434
0.662
0.284124
0.662
0.174826
0.0138256
0.662
0.662
0.662
0.662
0.662
0.662
0.662
0.374861
0.662
0.662
0.230098
0.633391
0.53948
0.0527744
0.55542
0.662
0.662
0.662
0.662
0.116941
0.662
0.116882
0.662
0.662
0.400942
0.662
0.0712825
0.662
0.662
0.662
0.662
0.662
0.662
0.429052
0.662
0.662
0.0124637
0.11368
0.662
0.40737
0.662
0.418966
0.662
0.662
0.662
0.347339
0.662
0.294747
0.662
0.662
0.285906
0.662
0.662
0.0580711
0.662
0.352382
0.279727
0.192787
0.165205
0.662
0.337554
0.366732
0.662
0.279782
0.662
0.662
0.308366
0.662
0.662
0.38753
0.308999
0.662
0.662
0.0253614
0.662
0.34424
0.184255
0.662
0.662
0.662
0.376093
0.662
0.662
0.39071
0.662
0.237499
0.371079
0.462055
0.0924273
0.662
0.419294
0.397753
0.00856073
0.339859
0.662
0.662
0.662
0.384375
0.662
0.662
0.0212469
0.300269
0.335539
0.499921
0.35595
0.662
0.274605
0.662
0.470748
0.662
0.662
0.528889
0.662
0.662
0.662
0.662
0.123262
0.0711537
0.30649
0.662
0.662
0.528773
0.662
0.330243
0.662
0.662
0.662
0.662
0.662
0.174638
0.662
0.0826265
0.662
0.662
0.499708
0.662
0.241669
0.391241
0.662
0.662
0.662
0.662
0.662
0.662
0.662
0.662
0.662
0.284441
0.36547
0.662
0.662
0.47099
0.662
0.662
0.329386
0.114091
0.209332
0.662
0.662
0.662
0.0317872
0.662
0.662
0.548565
0.0164582
0.183484
0.662
0.662
0.469971
0.662
0.662
0.662
0.662
0.662
0.458105
0.662
0.264333
0.042984
0.463821
0.662
0.662
0.406683
0.17506
0.367459
0.310631
0.30807
0.662
0.497515
0.662
0.662
0.152848
0.662
0.662
0.000747615
0.662
0.224522
0.662
0.182785
0.662
0.123256
0.662
0.662
0.450165
0.662
0.199667
0.662
0.217635
0.662
0.271589
0.662
0.662
0.392512
0.662
0.662
0.662
0.662
0.310704
0.662
0.0435559
0.662
0.662
0.383683
0.662
0.0229296
0.662
0.662
0.662
0.662
0.0276579
0.662
0.662
0.170988
0.662
0.0915263
0.662
0.438692
0.662
0.662
0.302371
0.662
0.662
0.662
0.662
0.205898
0.662
0.0967934
0.302011
0.662
0.118921
0.0142011
0.662
0.662
0.48414
0.662
0.662
0.374372
0.662
0.662
0.662
0.156451
0.0252157
0.662
0.662
0.662
0.662
0.662
0.168606
0.662
0.662
0.132071
0.662
0.106193
0.662
0.662
0.662
0.62951
0.662
0.328858
0.662
0.662
0.384707
0.479727
0.232375
0.00236947
0.219912
0.662
0.0602132
0.662
0.443171
0.0422768
0.130883
0.662
0.443813
0.662
0.0610299
0.662
0.662
0.662
0.357805
0.488199
0.449195
0.662
0.232697
0.662
0.662
0.129352
0.662
0.222972
0.662
0.433292
0.662
0.0491703
0.381223
0.209565
0.236789
0.157259
0.355028
0.339253
0.0382829
0.207709
0.162518
0.662
0.431588
0.662
0.662
0.662
0.662
0.662
0.662
0.662
0.662
0.173771
0.662
0.486558
0.662
0.662
0.285819
0.662
0.662
0.662
0.662
0.2547
0.457084
0.662
0.662
0.295812
0.241488
0.662
0.511994
0.213183
0.662
0.429449
0.662
0.662
0.12749
0.129698
0.662
0.662
0.662
0.662
0.662
0.662
0.527416
0.203192
0.662
0.662
0.451265
0.0722418
0.662
0.662
0.662
0.452413
0.662
0.662
0.363655
0.290574
0.662
0.325735
0.0902448
0.218932
0.662
0.30527
0.662
0.662
0.439869
0.662
0.254718
0.394686
0.247115
0.416684
0.662
0.662
0.662
0.296637
0.662
0.0494454
0.662
0.21345
0.662
0.662
0.107939
0.435422
0.662
0.343531
0.662
0.662
0.662
0.0487736
0.213928
0.662
0.662
0.0157919
0.662
0.662
0.662
0.662
0.335561
0.662
0.662
0.21186
0.190137
0.662
0.360152
0.409218
0.0577211
0.205083
0.662
0.155405
0.662
0.378807
0.102157
0.662
0.662
0.235283
0.662
0.156005
0.662
0.447782
0.662
0.294734
0.44604
0.662
0.662
0.662
0.662
0.413983
0.662
0.662
0.662
0.662
0.662
0.321683
0.130485
0.662
0.662
0.419401
0.662
0.662
0.291323
0.662
0.443341
0.285732
0.662
0.662
0.662
0.267069
0.19817
0.122639
0.662
0.055232
0.662
0.662
0.244867
0.308824
0.00369598
0.662
0.662
0.340331
0.288808
0.662
0.121073
0.662
0.662
0.662
0.0202665
0.478897
0.255476
0.662
0.662
0.0591394
0.662
0.0435028
0.662
0.303922
0.662
0.0242964
0.662
0.284202
0.287062
0.131955
0.162551
0.0763883
0.290237
0.231794
0.159682
0.201652
0.605879
0.133393
0.662
0.287711
0.0644559
0.0229808
0.662
0.410554
0.662
0.449375
0.662
0.613514
0.111412
0.662
0.662
0.350797
0.221967
0.0441037
0.662
0.174959
0.44653
0.662
0.662
0.662
0.662
0.138083
0.662
0.662
0.381756
0.256444
0.662
0.662
0.662
0.45597
0.662
0.020953
0.662
0.0196339
0.278702
0.184378
0.662
0.13363
0.662
0.632097
0.126616
0.438631
