0.633694
0.662
0.237819
0.662
0.662
0.662
0.489685
0.423769
0.265263
0.662
0.662
0.0871746
0.662
0.0351732
0.662
0.0669693
0.256804
0.662
0.0970369
0.384124
0.139639
0.662
0.662
0.078153
0.443071
0.23437
0.662
0.194315
0.332979
0.344819
0.662
0.662
0.662
0.0748599
0.662
0.662
0.662
0.471027
0.662
0.327696
0.313728
0.662
0.233014
0.662
0.160445
0.662
0.662
0.662
0.662
0.662
0.662
0.260291
0.662
0.548561
0.164122
0.662
0.29204
0.198271
0.662
0.662
0.299562
0.460665
0.417053
0.662
0.662
0.386462
0.662
0.662
0.662
0.210095
0.662
0.280301
0.662
0.662
0.303836
0.30716
0.359539
0.662
0.424583
0.0361607
0.550836
0.662
0.662
0.124908
0.662
0.662
0.662
0.474314
0.0322216
0.662
0.662
0.00578995
0.662
0.662
0.662
0.662
0.662
0.095784
0.599757
0.662
0.183857
0.512201
0.352379
0.662
0.662
0.662
0.206667
0.55213
0.662
0.662
0.662
0.662
0.421166
0.471676
0.662
0.168553
0.230843
0.267745
0.220934
0.313053
0.662
0.171968
0.319368
0.662
0.45965
0.662
0.662
0.421755
0.662
0.454334
0.662
0.251911
0.452075
0.236822
0.334551
0.662
0.194657
0.662
0.285623
0.343403
0.662
0.662
0.583291
0.38355
0.662
0.662
0.662
0.397569
0.662
0.662
0.662
0.160212
0.662
0.476612
0.311833
0.662
0.12128
0.151344
0.662
0.662
0.459817
0.662
0.662
0.00485885
0.29909
0.227243
0.358709
0.662
0.662
0.145403
0.575953
0.662
0.662
0.317571
0.662
0.662
0.662
0.662
0.194076
0.662
0.662
0.372
0.451358
0.662
0.662
0.102667
0.662
0.497153
0.662
0.268661
0.662
0.662
0.662
0.662
0.425069
0.662
0.0117424
0.662
0.0106952
0.662
0.662
0.662
0.439488
0.352162
0.662
0.662
0.662
0.662
0.662
0.662
0.351125
0.662
0.662
0.662
0.662
0.662
0.259728
0.327036
0.459825
0.318654
0.28209
0.328412
0.662
0.00474295
0.662
0.322551
0.662
0.662
0.334663
0.662
0.192883
0.101299
0.662
0.662
0.662
0.662
0.29218
0.464956
0.662
0.62764
0.662
0.662
0.234474
0.662
0.0268116
0.662
0.0604874
0.444522
0.662
0.662
0.662
0.662
0.662
0.662
0.648181
0.662
0.04394
0.46984
0.0677371
0.662
0.160123
0.662
0.360101
0.662
0.101987
0.662
0.662
0.662
0.334757
0.153961
0.571734
0.481616
0.0194919
0.209478
0.662
0.662
0.116964
0.423846
0.300822
0.268531
0.424484
0.662
0.0999229
0.662
0.0838886
0.662
0.662
0.318824
0.158044
0.0407451
0.662
0.662
0.399233
0.0107834
0.662
0.662
0.662
0.662
0.662
0.662
0.276426
0.160101
0.662
0.662
0.662
0.398033
0.315466
0.267078
0.0817453
0.0144636
0.173079
0.0643424
0.662
0.292142
0.17904
0.662
0.662
0.617721
0.427153
0.662
0.662
0.252871
0.24658
0.662
0.662
0.662
0.325343
0.662
0.312222
0.662
0.662
0.1789
0.662
0.662
0.324069
0.224426
0.146754
0.662
0.458322
0.662
0.662
0.662
0.662
0.662
0.00676514
0.662
0.662
0.662
0.662
0.343277
0.284874
0.153525
0.662
0.38906
0.662
0.662
0.662
0.662
0.662
0.388185
0.662
0.662
0.662
0.662
0.662
0.0718418
0.346159
0.257206
0.662
0.662
0.662
0.162479
0.0560943
0.662
0.219027
0.447328
0.0755485
0.662
0.662
0.662
0.16438
0.0230934
0.662
0.662
0.662
0.662
0.662
0.662
0.662
0.662
0.662
0.203
0.0668916
0.662
0.0465828
0.366031
0.205547
0.662
0.662
0.662
0.277095
0.662
0.662
0.662
0.662
0.164818
0.662
0.662
0.191872
0.429512
0.662
0.662
0.662
0.662
0.662
0.232197
0.0915404
0.662
0.662
0.194575
0.523008
0.662
0.339996
0.0574264
0.463484
0.188035
0.662
0.291202
0.412712
0.0241066
0.353978
0.369782
0.662
0.109897
0.183222
0.662
0.0560955
0.0110992
0.363842
0.662
0.662
0.662
0.662
0.662
0.381736
0.662
0.662
0.662
0.662
0.275939
0.272061
0.662
0.662
0.349465
0.0367196
0.15333
0.105871
0.0886971
0.465993
0.662
0.662
0.0799908
0.33486
0.226493
0.662
0.662
0.203028
0.087348
0.174313
0.662
0.662
0.44205
0.358101
0.662
0.459658
0.247399
0.662
0.109365
0.0424809
0.183376
0.229077
0.662
0.631783
0.662
0.662
0.0749214
0.662
0.662
0.662
0.338024
0.468596
0.662
0.110992
0.662
0.662
0.445093
0.321121
0.662
0.662
0.0384792
0.662
0.247232
0.150305
0.662
0.662
0.123482
0.221001
0.377595
0.662
0.0577586
0.662
0.662
0.0293386
0.0710099
0.662
0.662
0.662
0.662
0.628034
0.372398
0.394315
0.334046
0.171199
0.0136932
0.190144
0.393164
0.267242
0.604247
0.461805
0.179047
0.4509
0.662
0.662
0.662
0.415819
0.63339
0.195063
0.106771
0.494661
0.662
0.12733
0.318882
0.662
0.633977
0.662
0.662
0.466471
0.662
0.662
0.328644
0.662
0.662
0.407682
0.104064
0.662
0.662
0.662
0.656912
0.210856
0.662
0.662
0.448712
0.290073
0.662
0.662
0.0575158
0.382151
0.216161
0.215559
0.662
0.662
0.662
0.662
0.286045
0.662
0.313468
0.662
0.350042
0.662
0.30193
0.662
0.117075
0.662
0.195657
0.4288
0.0836731
0.079857
0.662
0.240088
0.662
0.0041023
0.475877
0.362006
0.312655
0.346073
0.662
0.662
0.587007
0.27736
0.662
0.327491
0.102609
0.337421
0.662
0.662
0.245614
0.193124
0.662
0.662
0.0338609
0.662
0.662
0.0288971
0.662
0.167571
0.662
0.0744267
0.422735
0.662
0.662
0.662
0.420009
0.445226
0.204504
0.402742
0.662
0.135653
0.662
0.662
0.662
0.662
0.662
0.662
0.137407
0.108246
0.28774
0.162299
0.662
0.662
0.4398
0.662
0.492138
0.358828
0.0458971
0.00024941
0.351468
0.662
0.533532
0.662
0.11645
0.326097
0.473275
0.00898677
0.662
0.662
0.662
0.662
0.662
0.662
0.536073
0.183607
0.662
0.27693
0.156993
0.389221
0.160582
0.662
0.662
0.264929
0.662
0.323557
0.662
0.178392
0.370765
0.494251
0.662
0.0830507
0.662
0.166285
0.662
0.102439
0.662
0.662
0.378929
0.409815
0.472166
0.461739
0.132381
0.0974612
0.345152
0.662
0.341279
0.662
0.0713918
0.0606672
0.268926
0.662
0.283025
0.513165
0.323794
0.662
0.242641
0.662
0.662
0.662
0.662
0.192903
0.662
0.662
0.662
0.662
0.0633734
0.411261
0.521542
0.243971
0.662
0.662
0.271819
0.662
0.662
0.662
0.662
0.662
0.403461
0.633391
0.662
0.0462235
0.447855
0.662
0.662
0.662
0.662
0.662
0.168255
0.662
0.347376
0.662
0.662
0.371038
0.207468
0.512865
0.662
0.235184
0.662
0.662
0.662
0.662
0.178797
0.202916
0.662
0.662
0.662
0.662
0.662
0.662
0.405034
0.0515167
0.257715
0.662
0.662
0.662
0.35534
0.662
0.652276
0.662
0.662
0.662
0.309422
0.662
0.411246
0.662
0.0922421
0.662
0.662
0.662
0.662
0.378925
0.318416
0.662
0.41412
0.662
0.429768
0.197938
0.662
0.180075
0.662
0.251994
0.662
0.333859
0.662
0.140863
0.416605
0.662
0.190677
0.43523
0.0116047
0.662
0.404406
0.662
0.35599
0.157064
0.662
0.454437
0.662
0.662
0.662
0.106099
0.0175407
0.483956
0.662
0.296196
0.662
0.169166
0.662
0.184373
0.662
0.339872
0.662
0.662
0.244529
0.368862
0.662
0.662
0.662
0.662
0.662
0.662
0.301739
0.277728
0.662
0.0680257
0.662
0.628501
0.143158
0.662
0.662
0.662
0.662
0.662
0.662
0.519854
0.662
0.662
0.0107952
0.0425809
0.662
0.110896
0.662
0.662
0.41787
0.35199
0.229733
0.100254
0.0515781
0.662
0.662
0.436115
0.662
0.662
0.357271
0.662
0.662
0.419015
0.662
0.662
0.662
0.00100757
0.662
0.662
0.662
0.662
0.150461
0.662
0.177143
0.353088
0.102412
0.476682
0.662
0.378725
0.662
0.662
0.662
0.370061
0.541596
0.229527
0.168475
0.0276795
0.317874
0.662
0.662
0.426348
0.662
0.176993
0.662
0.650341
0.471117
0.420908
0.662
0.112891
0.36427
0.662
0.458545
0.662
0.0328493
0.662
0.662
0.662
0.662
0.662
0.662
0.662
0.662
0.662
0.0171802
0.00669067
0.289101
0.135012
0.286652
0.514342
0.466072
0.662
0.208385
0.662
0.405385
0.662
0.273634
0.419214
0.662
0.322845
0.253628
0.662
0.662
0.189649
0.449502
0.277967
0.454064
0.453901
0.662
0.640184
0.662
0.143301
0.210371
0.662
0.662
0.662
0.662
0.662
0.439014
0.318334
0.662
0.662
0.662
0.50398
0.662
0.662
0.662
0.316344
0.662
0.662
0.185274
0.464119
0.662
0.662
0.232021
0.448334
0.223994
0.662
0.418451
0.662
0.662
0.662
0.662
0.662
0.662
0.662
0.662
0.662
0.451178
0.347434
0.0661306
0.662
0.46956
0.0462508
0.662
0.292383
0.20059
0.662
0.350525
0.445594
0.169685
0.662
0.390463
0.240613
0.1371
0.662
0.22543
0.662
0.384774
0.662
0.112641
0.453631
0.662
0.662
0.662
0.662
0.534503
0.662
0.50995
0.252764
0.27904
0.452827
0.35118
0.662
0.662
0.662
0.662
0.477444
0.64242
0.662
0.662
0.662
0.292988
0.271911
0.221734
0.662
0.662
0.662
0.662
0.00148538
0.301083
0.593165
0.662
0.662
0.0968857
0.129817
0.662
0.218712
0.486873
0.662
0.662
0.263103
0.0368606
0.0770029
0.0742177
0.662
0.662
0.662
0.276233
0.144473
0.662
0.0973882
0.602173
0.358999
0.142316
0.370784
0.662
0.662
0.662
0.543554
0.662
0.374238
0.131178
0.39285
0.245073
0.662
0.662
0.662
0.662
0.662
0.00667309
0.662
0.662
0.50581
0.187821
0.662
0.662
0.662
0.662
0.662
0.188241
0.662
0.662
0.662
0.443183
0.450055
0.279785
0.384351
0.106501
0.662
0.662
0.246661
0.662
0.662
0.662
0.662
0.557828
0.662
0.662
0.289904
0.662
0.662
0.662
0.662
0.662
0.0920315
0.662
0.195999
0.25019
0.662
0.662
0.356522
0.662
0.329901
0.662
0.222198
0.629763
0.662
0.296207
0.662
0.662
0.662
0.174214
0.321829
0.662
0.521988
0.662
0.469992
0.210807
0.662
0.0650584
0.39307
0.47497
0.228501
0.107791
0.321246
0.0565217
0.203447
0.662
0.272567
0.169761
0.662
0.127377
0.662
0.263257
0.0491613
0.662
0.3206
0.259738
0.662
0.662
0.662
0.662
0.254882
0.662
0.639285
0.393666
0.662
0.662
0.662
0.662
0.662
0.0354702
0.355072
0.662
0.216785
0.662
0.212075
0.662
0.662
0.134361
0.203248
0.662
0.662
0.662
0.662
0.340249
0.662
0.662
0.423343
0.475487
0.662
0.450797
0.273279
0.662
0.662
0.636072
0.662
0.662
0.662
0.273578
0.142934
0.662
0.662
0.105529
0.662
0.139826
0.102127
0.136004
0.452965
0.0284637
0.662
0.071159
0.662
0.610265
0.189142
0.662
0.662
0.662
0.662
0.662
0.662
0.662
0.148977
0.662
0.662
0.108941
0.111651
0.44768
0.662
0.662
0.662
0.33447
0.662
0.103431
0.258198
0.425037
0.662
0.1304
0.0636451
0.662
0.312467
0.662
0.662
0.195157
0.662
0.375759
0.662
0.662
0.129196
0.435186
0.584629
0.662
0.662
0.138833
0.662
0.662
0.290569
