0.662
0.463023
0.114903
0.216841
0.662
0.662
0.309794
0.662
0.133273
0.129898
0.662
0.662
0.662
0.662
0.145595
0.294145
0.545719
0.662
0.0885582
0.662
0.255182
0.398869
0.662
0.662
0.662
0.303808
0.662
0.407907
0.023041
0.662
0.662
0.662
0.0148803
0.662
0.34278
0.235797
0.034057
0.289008
0.662
0.373198
0.662
0.213468
0.662
0.327403
0.0193527
0.371296
0.662
0.662
0.0213265
0.377811
0.211897
0.471117
0.662
0.335427
0.318043
0.662
0.179691
0.662
0.662
0.662
0.662
0.662
0.662
0.662
0.662
0.262982
0.463358
0.0827128
0.662
0.0650627
0.662
0.662
0.175815
0.154223
0.331094
0.662
0.129397
0.118404
0.392877
0.662
0.472507
0.266331
0.00027716
0.662
0.343785
0.599279
0.236054
0.662
0.136825
0.662
0.173386
0.662
0.0404631
0.327011
0.0351303
0.178926
0.662
0.662
0.236233
0.662
0.329842
0.486684
0.381875
0.662
0.44993
0.383219
0.662
0.662
0.662
0.662
0.662
0.662
0.662
0.0153408
0.662
0.662
0.662
0.131575
0.0657292
0.662
0.13691
0.662
0.662
0.662
0.662
0.0378817
0.190873
0.472935
0.662
0.381425
0.662
0.662
0.317771
0.256913
0.122218
0.445351
0.326621
0.662
0.662
0.403485
0.104883
0.662
0.662
0.102189
0.472128
0.662
0.408422
0.13557
0.662
0.662
0.0143863
0.0844661
0.211482
0.0236629
0.439029
0.662
0.662
0.662
0.295781
0.662
0.662
0.207488
0.662
0.662
0.477076
0.0202457
0.261049
0.662
0.444362
0.093789
0.662
0.189115
0.253023
0.662
0.40189
0.186374
0.0627123
0.662
0.662
0.217892
0.258
0.662
0.662
0.416025
0.244226
0.662
0.662
0.0914073
0.340761
0.417495
0.662
0.143836
0.181446
0.662
0.662
0.662
0.34769
0.538101
0.190412
0.662
0.537445
0.662
0.343801
0.662
0.662
0.662
0.0329768
0.263906
0.662
0.42573
0.452187
0.50712
0.101952
0.166401
0.0487266
0.662
0.339748
0.662
0.0510335
0.662
0.662
0.662
0.405441
0.662
0.662
0.662
0.662
0.662
0.662
0.438218
0.662
0.176937
0.395769
0.23926
0.189687
0.662
0.662
0.0480185
0.662
0.437732
0.662
0.446644
0.172469
0.21197
0.662
0.662
0.432288
0.662
0.199944
0.489843
0.662
0.662
0.662
0.449825
0.662
0.662
0.281128
0.662
0.382357
0.209375
0.109441
0.46677
0.662
0.243937
0.183411
0.662
0.28694
0.662
0.322106
0.662
0.662
0.662
0.175183
0.662
0.662
0.662
0.662
0.410399
0.230871
0.662
0.662
0.487363
0.662
0.662
0.662
0.662
0.262263
0.662
0.278345
0.150031
0.662
0.272446
0.662
0.371348
0.662
0.662
0.662
0.662
0.662
0.662
0.190809
0.662
0.0464618
0.217334
0.648124
0.189235
0.237862
0.131355
0.662
0.662
0.662
0.662
0.662
0.662
0.056881
0.19209
0.662
0.115736
0.662
0.662
0.209856
0.318698
0.310425
0.412391
0.662
0.662
0.662
0.00571079
0.662
0.0346326
0.662
0.393735
0.657088
0.279277
0.662
0.119593
0.662
0.463971
0.662
0.662
0.350082
0.113723
0.662
0.662
0.229236
0.231713
0.662
0.662
0.662
0.356032
0.3159
0.0977668
0.208383
0.355802
0.662
0.175564
0.662
0.662
0.087501
0.0969421
0.417286
0.662
0.445731
0.229027
0.11822
0.306994
0.60173
0.333999
0.662
0.437912
0.107218
0.334721
0.662
0.234409
0.025938
0.662
0.662
0.662
0.662
0.317469
0.662
0.13061
0.0911868
0.662
0.662
0.662
0.662
0.662
0.662
0.662
0.074699
0.662
0.204171
0.274578
0.426785
0.662
0.662
0.662
0.662
0.662
0.237045
0.285075
0.386028
0.662
0.662
0.2772
0.662
0.114322
0.662
0.662
0.319045
0.662
0.662
0.662
0.662
0.662
0.441757
0.662
0.662
0.662
0.662
0.0543393
0.662
0.474052
0.662
0.662
0.467461
0.290586
0.0232008
0.662
0.466258
0.662
0.343912
0.0298676
0.662
0.251905
0.44693
0.426072
0.662
0.243739
0.418171
0.662
0.579506
0.662
0.662
0.662
0.662
0.354265
0.662
0.662
0.430334
0.662
0.133453
0.662
0.0652288
0.433505
0.244491
0.662
0.126352
0.662
0.662
0.662
0.454497
0.0881781
0.359574
0.662
0.662
0.662
0.145624
0.662
0.285159
0.587697
0.662
0.013384
0.423254
0.662
0.135323
0.662
0.115745
0.270042
0.180642
0.333047
0.152975
0.662
0.662
0.662
0.386357
0.662
0.662
0.0401375
0.297928
0.177859
0.399568
0.662
0.662
0.662
0.281828
0.662
0.662
0.0251531
0.160421
0.210853
0.128729
0.662
0.662
0.331732
0.662
0.662
0.662
0.237001
0.662
0.400045
0.662
0.662
0.662
0.179932
0.156552
0.0344779
0.209811
0.116784
0.282844
0.662
0.344949
0.662
0.310805
0.662
0.221915
0.662
0.662
0.662
0.0522187
0.253223
0.662
0.304995
0.662
0.662
0.662
0.249913
0.414672
0.662
0.470465
0.662
0.662
0.407692
0.662
0.662
0.207839
0.662
0.084509
0.662
0.662
0.23583
0.662
0.144945
0.662
0.0934945
0.355123
0.0461289
0.628979
0.662
0.501704
0.662
0.662
0.332642
0.662
0.334204
0.662
0.662
0.198242
0.662
0.662
0.160167
0.337647
0.430992
0.662
0.662
0.0198487
0.0727861
0.532847
0.662
0.254604
0.057436
0.222524
0.662
0.460363
0.662
0.474739
0.662
0.662
0.662
0.370737
0.662
0.662
0.307158
0.662
0.662
0.662
0.662
0.0449711
0.662
0.0823922
0.662
0.662
0.662
0.662
0.662
0.662
0.45429
0.662
0.0782304
0.0597079
0.662
0.662
0.662
0.30079
0.662
0.662
0.662
0.662
0.662
0.418892
0.662
0.662
0.662
0.662
0.662
0.123023
0.662
0.0890331
0.241763
0.439625
0.662
0.662
0.215919
0.0567459
0.599857
0.662
0.662
0.00526835
0.662
0.141761
0.0634524
0.215935
0.662
0.192638
0.662
0.662
0.662
0.0947338
0.662
0.662
0.662
0.39481
0.0553854
0.662
0.662
0.229521
0.662
0.662
0.662
0.256673
0.662
0.439937
0.0181851
0.393651
0.662
0.370149
0.116066
0.662
0.382255
0.188539
0.383601
0.297493
0.662
0.662
0.206449
0.442178
0.232308
0.662
0.662
0.662
0.220406
0.662
0.356926
0.0902034
0.662
0.280009
0.396932
0.662
0.662
0.464708
0.662
0.662
0.662
0.181184
0.133609
0.230496
0.662
0.42481
0.662
0.365944
0.662
0.322989
0.0184547
0.662
0.627016
0.218258
0.396594
0.498604
0.662
0.556902
0.436139
0.662
0.240597
0.662
0.377592
0.662
0.213685
0.121572
0.082101
0.256542
0.158361
0.662
0.662
0.662
0.662
0.662
0.662
0.506559
0.405351
0.144028
0.265308
0.662
0.662
0.0426962
0.662
0.0655346
0.662
0.662
0.309329
0.662
0.22193
0.662
0.231871
0.0891568
0.00565377
0.662
0.662
0.198844
0.0987619
0.662
0.224288
0.308928
0.662
0.662
0.662
0.164846
0.40106
0.442527
0.662
0.662
0.0305927
0.216853
0.662
0.662
0.662
0.662
0.452476
0.439862
0.662
0.477583
0.662
0.448237
0.662
0.662
0.311583
0.381039
0.662
0.662
0.662
0.255741
0.662
0.662
0.662
0.662
0.662
0.662
0.662
0.662
0.265535
0.662
0.662
0.116056
0.433638
0.662
0.662
0.662
0.0165103
0.662
0.662
0.662
0.662
0.416287
0.662
0.662
0.401303
0.361854
0.375205
0.662
0.662
0.385179
0.462093
0.510228
0.662
0.432058
0.662
0.662
0.662
0.0465831
0.662
0.662
0.621344
0.662
0.662
0.662
0.055012
0.155912
0.662
0.162446
0.662
0.662
0.453601
0.0791268
0.662
0.30666
0.354658
0.0666559
0.292723
0.662
0.662
0.662
0.662
0.0373019
0.504114
0.444362
0.209797
0.451895
0.662
0.662
0.351107
0.0317373
0.662
0.429452
0.662
0.325405
0.662
0.662
0.662
0.583688
0.662
0.46429
0.142362
0.662
0.466265
0.344381
0.0704753
0.152232
0.15324
0.662
0.662
0.232494
0.662
0.160081
0.662
0.335888
0.662
0.413165
0.662
0.662
0.662
0.662
0.662
0.291216
0.662
0.662
0.662
0.662
0.0435812
0.662
0.43503
0.199973
0.662
0.179854
0.237838
0.168717
0.155254
0.662
0.662
0.5631
0.662
0.662
0.662
0.662
0.194101
0.662
0.662
0.662
0.662
0.174507
0.662
0.204422
0.662
0.00790834
0.3189
0.662
0.38129
0.662
0.662
0.662
0.451289
0.232974
0.662
0.518607
0.662
0.227927
0.662
0.662
0.226005
0.662
0.662
0.12624
0.204629
0.0595107
0.662
0.662
0.662
0.18868
0.662
0.662
0.662
0.662
0.100179
0.166034
0.20626
0.262064
0.282946
0.662
0.662
0.381332
0.662
0.662
0.414771
0.227841
0.283626
0.662
0.662
0.662
0.662
0.662
0.662
0.662
0.662
0.662
0.662
0.161135
0.662
0.662
0.662
0.428104
0.108302
0.662
0.170547
0.199636
0.662
0.662
0.662
0.135984
0.20791
0.0356897
0.486526
0.662
0.662
0.662
0.149887
0.662
0.498635
0.662
0.207627
0.662
0.333931
0.302989
0.662
0.0841708
0.383542
0.662
0.662
0.281347
0.662
0.662
0.223104
0.662
0.662
0.662
0.336473
0.361196
0.662
0.411808
0.662
0.21226
0.662
0.662
0.0819336
0.303891
0.383084
0.662
0.145765
0.662
0.47468
0.00148252
0.662
0.259048
0.662
0.662
0.114753
0.662
0.352106
0.0220965
0.662
0.0412867
0.662
0.662
0.662
0.662
0.146038
0.250681
0.662
0.662
0.0128662
0.473051
0.662
0.327944
0.662
0.662
0.662
0.662
0.662
0.662
0.662
0.289964
0.662
0.0108806
0.130099
0.662
0.127374
0.321487
0.397398
0.400242
0.019286
0.662
0.662
0.662
0.662
0.211088
0.348554
0.662
0.458718
0.149278
0.662
0.0664597
0.157397
0.593664
0.130397
0.189037
0.163081
0.447913
0.285536
0.662
0.662
0.662
0.662
0.546595
0.42991
0.662
0.373912
0.662
0.170229
0.119226
0.662
0.265575
0.437715
0.188243
0.292181
0.662
0.662
0.410346
0.0449005
0.38064
0.662
0.230238
0.206308
0.222463
0.662
0.662
0.428961
0.298117
0.0465785
0.386404
0.340756
0.662
0.127553
0.662
0.662
0.662
0.455318
0.048063
0.662
0.123728
0.662
0.0527839
0.184209
0.354999
0.326152
0.140099
0.662
0.662
0.662
0.662
0.662
0.331571
0.662
0.662
0.662
0.0513296
0.662
0.414081
0.0562061
0.662
0.246482
0.473925
0.662
0.612144
0.239128
0.30907
0.662
0.662
0.290413
0.0676508
0.435803
0.24989
0.662
0.291177
0.140804
0.154433
0.662
0.36832
0.662
0.662
0.662
0.313853
0.662
0.662
0.444907
0.662
0.198966
0.360672
0.448863
0.446616
0.662
0.0757898
0.230067
0.0309356
0.662
0.144933
0.662
0.662
0.662
0.0334651
0.0485522
0.662
0.662
0.0520695
0.662
0.662
0.394852
0.662
0.662
0.124195
0.662
0.168306
0.662
0.266024
0.662
0.662
0.328668
0.662
0.662
0.662
0.277057
0.662
0.525213
0.360862
0.20424
0.414557
0.662
0.319253
0.662
0.662
0.301113
0.662
0.662
0.171352
0.320236
0.304524
0.662
0.138397
0.662
0.662
0.662
0.280567
0.485349
0.32717
0.662
0.662
0.10762
0.662
0.662
0.398601
0.550747
0.662
0.42744
0.200253
0.288383
0.662
0.0180278
0.231675
0.662
0.662
0.132522
0.309817
0.662
0.662
0.463769
0.0582946
0.00612949
0.257628
0.205055
0.154958
0.38807
0.662
0.269488
0.299803
0.286376
0.302352
0.662
0.132608
0.662
0.40687
0.275408
0.061806
0.662
0.540219
0.51353
0.662
0.662
0.321008
0.662
0.158665
0.662
0.0437665
0.662
0.662
0.662
0.346831
0.662
0.662
0.662
0.137154
0.114552
0.496886
0.662
0.457148
0.0992317
0.662
0.0279773
0.662
0.662
0.208303
0.425129
0.0267833
0.0130716
0.0905256
0.0114313
0.662
0.662
0.0875417
0.662
0.40068
0.369797
0.662
0.662
0.0818705
0.462612
0.662
0.0535976
0.167797
0.662
0.662
0.662
0.662
0.662
0.662
0.247134
0.662
0.662
0.662
0.286015
0.662
0.662
0.173376
0.662
0.196846
0.662
0.464362
0.540377
0.662
0.146834
0.35888
0.662
0.662
0.662
0.662
0.662
0.431216
0.0287675
0.535779
0.662
0.662
0.662
0.25388
0.46829
0.559403
0.662
0.662
0.0567841
0.354514
0.631213
0.363699
0.337296
0.465123
0.219181
0.00742493
0.322169
0.662
0.662
0.662
0.662
0.274107
0.662
0.234487
0.0218955
0.12401
0.662
0.267723
0.662
0.662
0.376243
0.359323
0.662
0.662
0.45764
0.662
0.448658
0.662
0.172923
0.438962
0.662
0.251879
0.0877433
0.662
0.662
0.286062
0.662
0.662
0.662
0.212815
0.424745
0.662
0.622594
0.662
0.662
0.662
0.662
0.662
0.183959
0.662
0.493544
0.662
0.372839
0.662
0.340204
0.462275
0.105533
0.32478
0.662
0.355127
0.662
0.380035
0.192097
0.403062
0.100026
0.662
0.662
0.662
0.662
0.662
0.662
0.662
0.662
0.662
0.420417
0.44187
0.614295
0.662
0.226145
0.44157
0.662
0.662
0.379171
0.662
0.286345
0.0993603
0.0494125
0.662
0.0795858
0.378735
0.177239
0.271451
0.205029
0.474557
0.385637
0.0812961
0.662
0.662
0.319051
0.662
0.453441
0.662
0.209239
0.662
0.662
0.662
0.040295
0.389141
0.662
0.662
0.662
0.0777658
0.15637
0.419747
0.168928
0.662
0.0490269
0.662
0.662
0.0792199
0.463726
0.0469422
0.662
0.662
0.207505
0.428807
0.662
0.662
0.662
0.662
0.662
0.662
0.139592
0.288399
0.662
0.662
0.662
0.21397
0.662
0.383145
0.662
0.0918086
0.662
0.662
0.662
0.448975
0.315316
0.662
0.662
0.662
0.0415753
0.393557
0.389881
0.662
0.662
0.140447
0.662
0.212339
0.6351
0.662
0.662
0.662
0.166933
0.0141932
0.364073
0.662
0.662
0.418738
0.662
0.662
0.449588
0.0597631
0.214421
0.0679672
0.662
0.662
0.488159
0.300642
0.411365
0.223958
0.038418
0.662
0.400618
0.662
0.343082
0.662
0.47418
0.662
0.662
0.467983
0.218596
0.353742
0.662
0.662
0.247616
0.662
0.662
0.624942
0.148572
0.662
0.662
0.0342589
0.662
0.662
0.662
0.295711
0.662
0.0677906
0.347978
0.662
0.662
0.662
0.36805
0.662
0.282986
0.201778
0.662
0.662
0.291106
0.193547
0.416171
0.662
0.0901771
0.142194
0.301428
0.662
0.423884
0.131077
0.454745
0.662
0.662
0.133374
0.473298
0.22234
0.662
0.662
0.45756
0.662
0.0440942
0.662
0.662
0.662
0.662
0.662
0.662
0.0661573
0.241618
0.541116
0.662
0.662
0.662
0.662
0.15296
0.662
0.662
0.0228043
0.662
0.662
0.160878
0.132853
0.0119339
0.177007
0.662
0.388064
0.662
0.382778
0.270869
0.662
0.662
0.662
0.0544502
0.662
0.301987
0.397353
0.662
0.426669
0.662
0.662
0.662
0.662
0.662
0.113775
0.662
0.662
0.458353
0.272467
0.422321
0.232782
0.662
0.662
0.450745
0.308637
0.457031
0.662
0.662
0.662
0.133857
0.227145
0.662
0.350481
0.662
0.662
0.662
0.475864
0.662
0.662
0.142676
0.29849
0.204208
0.484764
0.662
0.662
0.303305
0.662
0.662
0.0137159
0.662
0.552066
0.662
0.390135
0.662
0.333715
0.345756
0.662
0.662
0.662
0.662
0.662
0.467973
0.265191
0.491093
0.662
0.0517448
0.662
0.662
0.502709
0.136045
0.662
0.23231
0.662
0.662
0.662
0.197262
0.662
0.096378
0.502872
0.662
0.0196935
0.405563
0.0544775
0.391537
0.662
0.662
0.662
0.275146
0.0520464
0.662
0.662
0.662
0.662
0.049941
0.188173
0.662
0.662
0.478426
0.33831
0.0858149
0.662
0.662
0.062792
0.662
0.662
0.356519
0.662
0.662
0.662
0.662
0.242696
0.662
0.662
0.441725
0.662
0.662
0.662
0.662
0.662
0.107588
0.662
0.44895
0.285735
0.277125
0.270661
0.662
0.125388
0.662
0.662
0.662
0.662
0.662
0.421146
0.468447
0.187743
0.662
0.390338
0.128723
0.228728
0.144036
0.662
0.370102
0.662
0.260499
0.133546
0.467585
0.341403
