0.424313
0.124355
0.187445
0.662
0.662
0.382778
0.467032
0.662
0.662
0.338774
0.344381
0.273275
0.662
0.186767
0.0971187
0.662
0.190809
0.0408341
0.662
0.662
0.413268
0.662
0.662
0.0596892
0.662
0.114422
0.662
0.318242
0.142057
0.662
0.662
0.662
0.662
0.662
0.662
0.662
0.662
0.662
0.227984
0.662
0.175183
0.159103
0.426174
0.213691
0.158361
0.662
0.662
0.662
0.100026
0.662
0.662
0.431266
0.450487
0.662
0.44012
0.662
0.311136
0.662
0.662
0.662
0.662
0.662
0.662
0.0661965
0.662
0.662
0.662
0.662
0.314264
0.457641
0.662
0.662
0.662
0.199397
0.437557
0.662
0.515496
0.662
0.312843
0.662
0.0977668
0.227572
0.662
0.662
0.0812961
0.662
0.662
0.383601
0.662
0.0676508
0.662
0.662
0.219181
0.662
0.662
0.662
0.662
0.067371
0.291366
0.662
0.144588
0.415286
0.662
0.662
0.0113125
0.5631
0.414557
0.175852
0.662
0.0180278
0.662
0.662
0.662
0.662
0.40321
0.662
0.208677
0.662
0.662
0.662
0.662
0.662
0.662
0.0217574
0.423018
0.662
0.662
0.662
0.662
0.0303705
0.662
0.662
0.662
0.302989
0.662
0.466113
0.33571
0.662
0.0818705
0.344336
0.662
0.662
0.662
0.662
0.662
0.20002
0.297493
0.662
0.662
0.662
0.323581
0.646685
0.370827
0.57771
0.516335
0.662
0.260978
0.355091
0.662
0.383298
0.155041
0.662
0.662
0.662
0.44049
0.662
0.662
0.463807
0.261394
0.146341
0.662
0.662
0.662
0.662
0.115422
0.158701
0.662
0.662
0.662
0.662
0.186411
0.329399
0.0515109
0.00579417
0.152074
0.419343
0.662
0.662
0.662
0.0677906
0.347498
0.662
0.662
0.369477
0.662
0.131355
0.662
0.123374
0.354113
0.410264
0.190873
0.32237
0.662
0.518219
0.442251
0.0681321
0.0474477
0.356615
0.332275
0.662
0.662
0.662
0.383145
0.298965
0.123023
0.41093
0.662
0.662
0.444625
0.546116
0.395178
0.662
0.662
0.104883
0.333999
0.0823922
0.469282
0.284693
0.662
0.153758
0.662
0.215782
0.420959
0.662
0.47468
0.662
0.538637
0.283967
0.662
0.376874
0.662
0.391843
0.15583
0.662
0.662
0.662
0.294442
0.662
0.213613
0.662
0.360862
0.0580248
0.662
0.662
0.662
0.283001
0.662
0.502967
0.662
0.662
0.662
0.220448
0.494937
0.0808861
0.297623
0.60386
0.662
0.133453
0.0544502
0.140731
0.479756
0.662
0.331381
0.0105607
0.662
0.662
0.662
0.365837
0.662
0.320182
0.662
0.662
0.493544
0.662
0.242152
0.0487266
0.0149325
0.662
0.585741
0.662
0.400045
0.434679
0.662
0.344005
0.137715
0.662
0.662
0.662
0.20462
0.330392
0.358132
0.411771
0.662
0.311962
0.662
0.423884
0.662
0.235705
0.662
0.662
0.662
0.466265
0.662
0.662
0.662
0.662
0.458353
0.289551
0.146834
0.398841
0.405351
0.162377
0.30907
0.662
0.00863271
0.130969
0.223013
0.662
0.0329311
0.662
0.137513
0.113873
0.662
0.662
0.662
0.662
0.275582
0.301743
0.662
0.662
0.662
0.184114
0.662
0.361841
0.251298
0.662
0.263053
0.129654
0.662
0.149759
0.662
0.288794
0.662
0.662
0.662
0.125312
0.543134
0.317618
0.448839
0.413431
0.0292325
0.662
0.662
0.371488
0.662
0.662
0.662
0.231713
0.28445
0.489864
0.416287
0.123537
0.662
0.359574
0.662
0.662
0.145595
0.0959527
0.662
0.662
0.0490743
0.0812603
0.662
0.662
0.662
0.038418
0.662
0.662
0.662
0.126164
0.662
0.388064
0.662
0.662
0.662
0.662
0.662
0.662
0.662
0.662
0.662
0.423254
0.662
0.451289
0.662
0.662
0.662
0.468276
0.662
0.662
0.662
0.662
0.662
0.662
0.449601
0.366895
0.662
0.662
0.662
0.662
0.0160416
0.662
0.375122
0.396594
0.362028
0.232494
0.662
0.106775
0.662
0.364679
0.662
0.199703
0.460832
0.662
0.662
0.662
0.0650705
0.662
0.662
0.662
0.662
0.662
0.662
0.302352
0.662
0.662
0.170153
0.350276
0.343082
0.00726553
0.662
0.662
0.101721
0.442371
0.662
0.461976
0.0446393
0.662
0.662
0.454468
0.132608
0.010984
0.662
0.465747
0.662
0.166401
0.262575
0.662
0.281285
0.662
0.262427
0.662
0.662
0.662
0.464589
0.662
0.662
0.221904
0.0199805
0.0757898
0.662
0.0822672
0.00957804
0.662
0.662
0.662
0.662
0.0730084
0.662
0.662
0.662
0.166315
0.662
0.662
0.662
0.118218
0.00527432
0.0763307
0.662
0.662
0.464346
0.27566
0.260358
0.263291
0.356707
0.466942
0.662
0.229786
0.662
0.662
0.662
0.662
0.393006
0.230937
0.262982
0.489803
0.37932
0.267239
0.43503
0.662
0.662
0.662
0.248087
0.662
0.662
0.662
0.410121
0.662
0.662
0.192078
0.246628
0.171352
0.662
0.662
0.662
0.475358
0.341403
0.319441
0.662
0.087501
0.662
0.256257
0.26345
0.0801904
0.164699
0.662
0.143976
0.662
0.0638616
0.662
0.30648
0.662
0.662
0.662
0.662
0.662
0.662
0.0244753
0.218415
0.161597
0.662
0.662
0.35888
0.00890861
0.662
0.432058
0.212815
0.339355
0.662
0.387293
0.662
0.662
0.140733
0.662
0.662
0.206441
0.662
0.417304
0.662
0.277375
0.326994
0.657088
0.662
0.662
0.662
0.24736
0.391222
0.367933
0.366866
0.662
0.662
0.662
0.662
0.0228095
0.662
0.485349
0.662
0.175564
0.662
0.049941
0.662
0.0770043
0.662
0.662
0.662
0.213294
0.662
0.662
0.134522
0.292181
0.398869
0.42467
0.662
0.662
0.662
0.662
0.662
0.21197
0.662
0.442527
0.662
0.662
0.662
0.472115
0.662
0.662
0.353456
0.383844
0.662
0.662
0.403193
0.124396
0.662
0.662
0.488423
0.328668
0.662
0.662
0.452187
0.662
0.21952
0.662
0.0253096
0.0491953
0.113534
0.662
0.662
0.662
0.265535
0.662
0.365515
0.662
0.662
0.662
0.662
0.476829
0.061806
0.662
0.19084
0.0896918
0.205006
0.243345
0.575128
0.311667
0.662
0.298394
0.356571
0.662
0.662
0.131781
0.662
0.39481
0.306031
0.448237
0.662
0.299611
0.0411727
0.563546
0.173067
0.368495
0.662
0.084509
0.662
0.662
0.662
0.428112
0.249048
0.662
0.449763
0.449765
0.662
0.662
0.4713
0.0248549
0.188006
0.0404084
0.662
0.3189
0.475982
0.662
0.119123
0.399716
0.164959
0.20791
0.662
0.259153
0.662
0.662
0.662
0.268495
0.662
0.662
0.0128662
0.351285
0.662
0.431342
0.662
0.319791
0.227927
0.194358
0.0543798
0.509376
0.662
0.42437
0.391724
0.662
0.662
0.633391
0.662
0.0335623
0.0662217
0.662
0.662
0.398437
0.330145
0.621178
0.430334
0.662
0.662
0.662
0.662
0.13777
0.412391
0.167214
0.662
0.662
0.662
0.662
0.412578
0.662
0.195127
0.662
0.662
0.0387174
0.334057
0.662
0.310467
0.662
0.154655
0.0238836
0.662
0.391537
0.662
0.25616
0.662
0.0906807
0.274727
0.119882
0.329797
0.662
0.662
0.662
0.13482
0.0885582
0.662
0.662
0.662
0.279624
0.505444
0.662
0.662
0.662
0.662
0.000691517
0.662
0.662
0.146204
0.0242517
0.662
0.662
0.301352
0.125448
0.541116
0.662
0.662
0.662
0.662
0.662
0.228289
0.323351
0.345409
0.174614
0.662
0.662
0.444907
0.662
0.662
0.232974
0.662
0.173081
0.0998964
0.107588
0.0765539
0.281828
0.662
0.312914
0.662
0.662
0.662
0.662
0.662
0.662
0.662
0.662
0.408422
0.662
0.0222835
0.424915
0.0104347
0.662
0.662
0.136369
0.662
0.662
0.662
0.662
0.662
0.662
0.255324
0.319045
0.662
0.662
0.00988251
0.471477
0.296531
0.136201
0.662
0.113571
0.662
0.662
0.31446
0.662
0.10178
0.662
0.662
0.662
0.0112583
0.211003
0.426785
0.662
0.128295
0.662
0.418627
0.662
0.335329
0.074699
0.662
0.163702
0.662
0.662
0.589564
0.662
0.662
0.0434401
0.208846
0.333981
0.303251
0.662
0.662
0.609231
0.154241
0.192097
0.15479
0.0916259
0.662
0.322232
0.662
0.268608
0.662
0.459134
0.250832
0.662
0.398577
0.329842
0.662
0.395907
0.662
0.156062
0.662
0.0966297
0.662
0.662
0.160421
0.391431
0.662
0.662
0.662
0.391807
0.0616046
0.662
0.662
0.336946
0.103478
0.662
0.662
0.251709
0.0287842
0.662
0.662
0.424745
0.197083
0.0492515
0.662
0.0983856
0.304995
0.269804
0.662
0.662
0.662
0.662
0.34278
0.521733
0.0595756
0.662
0.662
0.662
0.593664
0.662
0.147016
0.662
0.136045
0.322989
0.662
0.662
0.540327
0.662
0.662
0.662
0.662
0.662
0.662
0.00573584
0.662
0.366437
0.433638
0.545059
0.662
0.181259
0.662
0.12051
0.662
0.662
0.662
0.662
0.662
0.662
0.662
0.218596
0.662
0.662
0.389108
0.662
0.000265103
0.123425
0.662
0.662
0.662
0.197228
0.662
0.172691
0.599857
0.662
0.662
0.662
0.428272
0.0123003
0.662
0.662
0.662
0.147067
0.662
0.0719098
0.662
0.662
0.321778
0.662
0.455183
0.662
0.662
0.662
0.373398
0.128729
0.662
0.169392
0.0137159
0.380099
0.662
0.426769
0.11786
0.114832
0.662
0.662
0.662
0.662
0.662
0.300642
0.507687
0.194101
0.529572
0.662
0.662
0.662
0.0305927
0.662
0.483492
0.369797
0.662
0.504349
0.249569
0.124926
0.662
0.662
0.662
0.662
0.116729
0.662
0.662
0.119845
0.208003
0.662
0.662
0.552066
0.662
0.662
0.0993603
0.113806
0.662
0.0302849
0.662
0.662
0.662
0.662
0.662
0.0251531
0.218481
0.662
0.662
0.410441
0.0615794
0.453441
0.662
0.662
0.312432
0.356926
0.441016
0.15637
0.487149
0.662
0.237041
0.662
0.662
0.479124
0.662
0.662
0.662
0.186374
0.662
0.662
0.399385
0.662
0.0213675
0.350082
0.269085
0.227845
0.0988075
0.662
0.22757
0.662
0.0918086
0.662
0.662
0.392245
0.662
0.125388
0.246482
0.662
0.662
0.662
0.662
0.662
0.662
0.662
0.662
0.261003
0.662
0.28798
0.483738
0.662
0.662
0.662
0.662
0.662
0.246209
0.662
0.662
0.662
0.662
0.627231
0.662
0.662
0.662
0.662
0.317332
0.662
0.662
0.105722
0.662
0.662
0.644821
0.473216
0.265865
0.4508
0.30666
0.640209
0.294333
0.662
0.457587
0.662
0.662
0.359147
0.211114
0.345923
0.410346
0.662
0.662
0.237271
0.440572
0.662
0.662
0.261049
0.662
0.64652
0.244402
0.662
0.172519
0.662
0.662
0.289767
0.501395
0.662
0.0406934
0.662
0.477583
0.662
0.132707
0.183411
0.0171037
0.662
0.662
0.662
0.354319
0.662
0.429056
0.529138
0.238207
0.029904
0.172401
0.466179
0.662
0.169828
0.662
0.662
0.662
0.662
0.662
0.662
0.226145
0.178588
0.662
0.314216
0.662
0.662
0.108302
0.662
0.662
0.662
0.662
0.404523
0.662
0.662
0.662
0.384331
0.662
0.662
0.339117
0.662
0.386404
0.662
0.662
0.662
0.662
0.662
0.662
0.148575
0.100179
0.662
0.662
0.662
0.0995477
0.662
0.0881781
0.381031
0.0673312
0.662
0.662
0.11052
0.662
0.662
0.662
0.662
0.662
0.662
0.662
0.140343
0.372164
0.662
0.426072
0.662
0.662
0.339864
0.662
0.662
0.662
0.662
0.325726
0.473325
0.456847
0.662
0.662
0.662
0.169305
0.633694
0.530335
0.662
0.141537
0.662
0.231871
0.662
0.157703
0.662
0.40812
0.662
0.41262
0.192535
0.662
0.662
0.141761
0.167797
0.286464
0.662
0.662
0.662
0.13558
0.662
0.662
0.166033
0.0378817
0.340556
0.662
0.662
0.662
0.0704185
0.662
0.201778
0.335736
0.282844
0.662
0.662
0.662
0.341653
0.662
0.303026
0.662
0.662
0.662
0.662
0.211616
0.298406
0.022851
0.662
0.662
0.204171
0.472442
0.662
0.21254
0.662
0.388973
0.0709626
0.662
0.063471
0.481362
0.662
0.201058
0.662
0.563132
0.662
0.386077
0.353044
0.0695797
0.662
0.215919
0.126352
0.662
0.662
0.179373
0.662
0.449588
0.392101
0.662
0.470554
0.178095
0.349778
0.500184
0.662
0.662
0.662
0.662
0.446556
0.00148252
0.319577
0.047676
0.148786
0.0310736
0.0159494
0.354661
0.662
0.408981
0.662
0.662
0.662
0.371292
0.662
0.662
0.144811
0.662
0.127391
0.27489
0.662
0.34002
0.338494
0.011461
0.662
0.662
0.235053
0.662
