0.662
0.397745
0.662
0.662
0.0765378
0.208942
0.63339
0.662
0.662
0.275302
0.662
0.476654
0.662
0.423063
0.662
0.420009
0.107859
0.662
0.192883
0.662
0.662
0.00578995
0.430749
0.42567
0.662
0.237668
0.662
0.662
0.662
0.180075
0.20616
0.0174284
0.102609
0.662
0.126286
0.145894
0.464808
0.460676
0.364453
0.222417
0.446905
0.419451
0.31864
0.662
0.662
0.662
0.662
0.662
0.0427487
0.418451
0.190984
0.662
0.415829
0.445339
0.662
0.283117
0.348532
0.662
0.472997
0.220291
0.662
0.0320105
0.662
0.168008
0.662
0.267285
0.311924
0.662
0.662
0.662
0.662
0.174313
0.380973
0.00761613
0.662
0.662
0.662
0.0968038
0.662
0.662
0.201997
0.104219
0.662
0.662
0.662
0.662
0.207181
0.662
0.662
0.662
0.662
0.169685
0.662
0.662
0.459383
0.595869
0.662
0.389174
0.662
0.662
0.146754
0.204748
0.279785
0.662
0.364141
0.343613
0.662
0.130886
0.662
0.662
0.284135
0.56068
0.662
0.662
0.662
0.662
0.45697
0.662
0.662
0.662
0.214618
0.650258
0.662
0.413626
0.662
0.662
0.423846
0.0515781
0.532163
0.115029
0.662
0.662
0.662
0.41787
0.121562
0.431445
0.275157
0.0866911
0.662
0.662
0.662
0.558458
0.662
0.402074
0.662
0.042839
0.662
0.662
0.662
0.662
0.662
0.662
0.662
0.662
0.662
0.270921
0.662
0.603586
0.662
0.0727262
0.662
0.454957
0.662
0.662
0.662
0.662
0.662
0.497515
0.662
0.360236
0.662
0.662
0.14331
0.175579
0.662
0.460221
0.406317
0.662
0.662
0.662
0.0296851
0.662
0.257206
0.662
0.662
0.558007
0.334095
0.662
0.305768
0.436417
0.662
0.377479
0.662
0.662
0.662
0.662
0.263812
0.440043
0.662
0.349594
0.662
0.662
0.662
0.00965022
0.662
0.662
0.662
0.179964
0.662
0.662
0.30213
0.423474
0.662
0.662
0.662
0.0347953
0.230816
0.662
0.662
0.662
0.662
0.662
0.662
0.310047
0.662
0.484355
0.10708
0.321121
0.401389
0.662
0.662
0.0227907
0.46777
0.662
0.204529
0.124464
0.662
0.427482
0.662
0.491704
0.0923042
0.662
0.217055
0.662
0.662
0.662
0.662
0.432301
0.662
0.662
0.662
0.662
0.440353
0.388759
0.541332
0.194965
0.376974
0.43847
0.286264
0.662
0.662
0.662
0.662
0.662
0.351713
0.102127
0.662
0.0734036
0.662
0.421152
0.0618968
0.662
0.662
0.219085
0.55225
0.0165875
0.100254
0.662
0.662
0.182224
0.662
0.662
0.662
0.662
0.0259932
0.662
0.662
0.662
0.196819
0.0870598
0.0382883
0.662
0.662
0.275427
0.462805
0.33252
0.662
0.662
0.387247
0.038782
0.303762
0.0262891
0.662
0.0575158
0.662
0.662
0.306897
0.465216
0.166386
0.289093
0.189199
0.246198
0.662
0.662
0.148835
0.662
0.662
0.662
0.662
0.079857
0.166999
0.662
0.662
0.228908
0.662
0.662
0.373837
0.140863
0.270683
0.0156207
0.386882
0.662
0.662
0.281537
0.662
0.662
0.662
0.166285
0.662
0.662
0.231635
0.662
0.370303
0.662
0.662
0.111068
0.662
0.662
0.219266
0.662
0.380162
0.662
0.34145
0.662
0.33811
0.662
0.662
0.132388
0.0985021
0.662
0.662
0.662
0.662
0.206198
0.662
0.662
0.587007
0.382028
0.304737
0.580226
0.104246
0.239221
0.662
0.662
0.662
0.662
0.109365
0.178981
0.662
0.662
0.179564
0.662
0.0714667
0.662
0.476371
0.324248
0.662
0.662
0.154668
0.398755
0.662
0.286896
0.662
0.158226
0.151413
0.662
0.662
0.662
0.124128
0.662
0.438422
0.281224
0.662
0.662
0.662
0.552394
0.662
0.242641
0.276851
0.449836
0.662
0.662
0.0607033
0.662
0.427643
0.662
0.475715
0.0421361
0.662
0.662
0.662
0.662
0.662
0.662
0.378235
0.201028
0.0459863
0.662
0.662
0.662
0.0373431
0.265682
0.467275
0.483608
0.155312
0.40201
0.0233121
0.122658
0.662
0.662
0.662
0.356941
0.662
0.129196
0.400259
0.429092
0.652276
0.426533
0.215108
0.662
0.0158307
0.662
0.662
0.662
0.662
0.662
0.662
0.662
0.0709479
0.0546366
0.444108
0.118971
0.662
0.662
0.662
0.610502
0.662
0.00338322
0.662
0.0961017
0.384348
0.662
0.662
0.662
0.416395
0.662
0.662
0.292255
0.662
0.20059
0.662
0.662
0.0431177
0.662
0.662
0.235881
0.0107952
0.662
0.473088
0.662
0.203383
0.313598
0.662
0.232131
0.662
0.408435
0.662
0.478077
0.662
0.448712
0.165476
0.662
0.662
0.431871
0.662
0.256579
0.359396
0.574346
0.662
0.272417
0.662
0.662
0.343403
0.299557
0.0415575
0.510884
0.188513
0.662
0.428226
0.662
0.116003
0.494335
0.388002
0.185496
0.014146
0.27233
0.468566
0.173505
0.396553
0.662
0.662
0.662
0.662
0.662
0.662
0.0041023
0.103083
0.047217
0.662
0.662
0.57902
0.220777
0.662
0.662
0.662
0.662
0.395713
0.662
0.205941
0.528091
0.338629
0.435624
0.662
0.662
0.662
0.333921
0.662
0.662
0.0562849
0.662
0.400677
0.662
0.18794
0.662
0.445314
0.21818
0.382331
0.662
0.662
0.026691
0.662
0.662
0.359397
0.100724
0.662
0.662
0.313728
0.321115
0.662
0.226344
0.662
0.45968
0.43904
0.338024
0.133171
0.272011
0.526697
0.387285
0.662
0.662
0.662
0.662
0.662
0.662
0.662
0.662
0.0597421
0.330426
0.662
0.662
0.662
0.277491
0.662
0.420231
0.662
0.662
0.662
0.281173
0.662
0.0374973
0.37281
0.618372
0.283971
0.265095
0.403377
0.662
0.662
0.662
0.662
0.662
0.074629
0.662
0.662
0.662
0.662
0.461296
0.662
0.150824
0.662
0.662
0.516815
0.29017
0.662
0.549904
0.662
0.42437
0.662
0.662
0.662
0.662
0.662
0.476612
0.232535
0.0257394
0.410228
0.588073
0.29816
0.662
0.662
0.662
0.662
0.21909
0.421267
0.662
0.662
0.257268
0.662
0.662
0.662
0.662
0.0914067
0.152309
0.662
0.0851968
0.154979
0.662
0.662
0.662
0.662
0.662
0.331331
0.435238
0.180143
0.662
0.164661
0.250506
0.0519558
0.604108
0.109656
0.662
0.662
0.121285
0.183607
0.413102
0.662
0.464605
0.453773
0.662
0.662
0.127667
0.662
0.454418
0.662
0.470182
0.662
0.662
0.662
0.106823
0.662
0.662
0.662
0.662
0.443483
0.662
0.0428176
0.662
0.662
0.662
0.266734
0.662
0.662
0.662
0.662
0.42298
0.414825
0.133139
0.662
0.662
0.0136712
0.210114
0.242412
0.270753
0.51231
0.662
0.191479
0.662
0.108659
0.662
0.222521
0.662
0.662
0.294899
0.396543
0.237563
0.662
0.227843
0.246414
0.662
0.438886
0.662
0.412634
0.394969
0.662
0.662
0.131294
0.0822823
0.091642
0.354344
0.662
0.389221
0.400087
0.662
0.662
0.411199
0.662
0.662
0.0749214
0.662
0.662
0.662
0.139333
0.472264
0.662
0.494702
0.662
0.176472
0.317303
0.662
0.160212
0.662
0.662
0.0295213
0.662
0.662
0.173079
0.662
0.662
0.662
0.277662
0.181802
0.662
0.662
0.662
0.662
0.120206
0.662
0.106981
0.311692
0.403601
0.267113
0.171849
0.662
0.662
0.662
0.662
0.662
0.662
0.662
0.662
0.376035
0.233536
0.662
0.662
0.662
0.662
0.1656
0.662
0.441271
0.662
0.662
0.662
0.445134
0.166548
0.211021
0.373857
0.662
0.662
0.331278
0.662
0.662
0.662
0.662
0.662
0.437318
0.662
0.662
0.293717
0.662
0.183192
0.662
0.662
0.662
0.330162
0.193998
0.509503
0.662
0.0303818
0.143862
0.373719
0.662
0.662
0.662
0.662
0.662
0.662
0.662
0.376461
0.195063
0.662
0.662
0.160266
0.662
0.662
0.662
0.293208
0.662
0.662
0.662
0.399881
0.662
0.662
0.662
0.203987
0.0668916
0.0237027
0.662
0.289307
0.662
0.662
0.662
0.662
0.141538
0.662
0.47254
0.662
0.662
0.406786
0.662
0.662
0.198271
0.662
0.42022
0.0683113
0.433049
0.662
0.375
0.662
0.126079
0.662
0.662
0.159615
0.250678
0.662
0.662
0.662
0.386032
0.0261624
0.168248
0.662
0.105529
0.477075
0.46984
0.186139
0.662
0.662
0.662
0.662
0.662
0.274864
0.130616
0.338483
0.0835169
0.662
0.662
0.355633
0.662
0.0385802
0.422795
0.662
0.0147488
0.662
0.662
0.0617605
0.662
0.475105
0.662
0.246253
0.121694
0.0525289
0.197506
0.232042
0.175588
0.662
0.296321
0.317571
0.452075
0.382446
0.662
0.662
0.662
0.662
0.462862
0.662
0.662
0.63339
0.0984174
0.393303
0.662
0.662
0.0650584
0.662
0.662
0.0732612
0.404592
0.662
0.662
0.662
0.440804
0.0651552
0.0358663
0.418486
0.116039
0.433411
0.662
0.662
0.662
0.662
0.0492861
0.662
0.662
0.363651
0.662
0.348809
0.593165
0.662
0.662
0.662
0.434375
0.662
0.324028
0.662
0.662
0.662
0.0996715
0.0789846
0.403282
0.662
0.662
0.662
0.281599
0.00231543
0.662
0.455103
0.220605
0.662
0.461375
0.147364
0.662
0.662
0.350948
0.662
0.662
0.127047
0.321968
0.662
0.662
0.662
0.662
0.315466
0.146591
0.662
0.662
0.275158
0.662
0.662
0.662
0.251381
0.662
0.662
0.0363258
0.122914
0.662
0.662
0.455567
0.0729109
0.0338609
0.0420978
0.309886
0.39797
0.28635
0.28107
0.662
0.662
0.662
0.662
0.662
0.662
0.662
0.0197976
0.157876
0.0209022
0.081197
0.662
0.33719
0.662
0.662
0.662
0.662
0.662
0.126138
0.0546695
0.662
0.662
0.662
0.662
0.40928
0.662
0.464395
0.131504
0.40225
0.111651
0.662
0.662
0.177104
0.662
0.474963
0.662
0.407214
0.412989
0.000608903
0.662
0.662
0.662
5.79814e-06
0.102757
0.662
0.662
0.662
0.662
0.662
0.241134
0.662
0.365432
0.662
0.662
0.662
0.253173
0.662
0.384911
0.350367
0.662
0.454438
0.146126
0.380501
0.662
0.0492053
0.662
0.662
0.662
0.127775
0.662
0.148575
0.662
0.445627
0.662
0.404571
0.109988
0.662
0.205451
0.323704
0.662
0.219599
0.0718418
0.24658
0.662
0.662
0.0940501
0.0208027
0.403071
0.172196
0.662
0.662
0.190883
0.249172
0.662
0.662
0.662
0.0701778
0.662
0.174653
0.0388468
0.167788
0.271521
0.662
0.446236
0.662
0.662
0.662
0.435267
0.662
0.307408
0.662
0.662
0.277944
0.662
0.331319
0.367532
0.662
0.360269
0.207175
0.375357
0.189706
0.662
0.662
0.662
0.662
0.148582
0.662
0.195659
0.329855
0.0426836
0.366677
0.0205499
0.662
0.339481
0.132512
0.662
0.662
0.0975905
0.662
0.273931
0.0357635
0.662
0.662
0.421387
0.662
0.476682
0.662
0.466072
0.662
0.362984
0.320665
0.662
0.421097
0.576809
0.0915404
0.153162
0.0553504
0.0729978
0.662
0.0670522
0.163968
0.090306
0.662
0.662
0.16616
0.205871
0.662
0.393906
0.662
0.43152
0.662
0.662
0.421934
0.662
0.166663
0.370833
0.662
0.43881
0.662
0.662
0.446572
0.412063
0.662
0.341244
0.102412
0.270658
0.662
0.179856
0.662
0.106635
0.662
0.0843937
0.662
0.662
0.662
0.475487
0.371639
0.662
0.372574
0.662
0.662
0.42157
0.662
0.472166
0.2139
0.496695
0.662
0.662
0.474902
0.370202
0.662
0.443083
0.382275
0.662
0.662
0.479868
0.662
0.322629
0.0877025
0.662
0.380134
0.302834
0.134144
0.414941
0.662
0.662
0.074896
0.0529813
0.377456
0.451565
0.0559171
0.662
0.191697
0.662
0.662
0.541363
0.464787
0.662
0.0527416
0.00740425
0.662
0.420914
0.124908
0.662
0.241458
0.282144
0.662
0.27123
0.662
0.564794
0.405687
0.326218
0.347229
0.662
0.662
0.662
0.135653
0.259555
0.302771
0.119356
0.662
0.102275
0.662
0.288109
0.522945
0.121642
0.159578
0.662
0.662
0.24969
0.206637
0.283914
0.0547051
0.404673
0.279952
0.210807
0.426078
0.363505
0.581741
0.0504115
0.662
0.662
0.00148538
0.213638
0.662
0.662
0.662
0.662
0.284013
0.662
0.662
0.662
0.662
0.662
0.468491
0.662
0.662
0.267233
0.397092
0.00699934
0.421755
0.662
0.662
0.662
0.662
0.662
0.153084
0.543969
0.662
0.415301
0.040645
0.410544
0.662
0.662
0.662
0.517405
0.202808
0.0888178
0.662
0.662
0.662
0.662
0.337188
0.662
0.662
0.174131
0.662
0.0837328
0.0955397
0.165662
0.0259392
0.662
0.295635
0.11307
0.662
0.662
0.662
0.422544
0.662
0.45696
0.662
0.662
0.409244
0.633693
0.123049
0.197639
0.280938
0.662
0.402983
0.662
0.662
0.165973
0.0832994
0.228803
0.662
0.103384
0.662
0.662
0.662
0.0676028
0.662
0.221513
0.117075
0.662
0.662
0.662
0.662
0.662
0.313343
0.142934
0.458225
0.662
0.241152
0.462495
0.405284
0.127344
0.662
0.662
0.323576
0.341298
0.183857
0.263041
0.0366454
0.662
0.0329976
0.662
0.662
0.202738
0.237749
0.0320102
0.662
0.3409
0.296478
0.478897
0.425228
0.0118245
0.422984
0.662
0.662
0.289572
0.018232
0.348856
0.318254
0.0832756
0.662
0.662
0.662
0.0488548
0.471275
0.314252
0.662
0.609199
0.662
0.450307
0.101949
0.662
0.220119
0.140829
0.662
0.662
0.662
0.221776
0.662
0.196285
0.4049
0.662
0.394659
0.621579
0.224784
0.439963
0.662
0.662
0.662
0.303567
0.662
0.589764
0.662
0.662
0.398778
0.377163
0.662
0.467201
0.398578
0.196617
0.0115488
0.216076
0.272981
0.662
0.310904
0.465569
0.662
0.169672
0.251712
0.377345
0.0812887
0.662
0.224426
0.252683
0.662
0.345702
0.287498
0.662
0.662
0.258074
0.662
0.662
0.662
0.391221
0.662
0.662
0.246685
0.662
0.662
0.144473
0.0852339
0.662
0.662
0.662
0.662
0.662
0.662
0.0106952
0.662
0.662
0.398866
0.662
0.41412
0.662
0.662
0.662
0.662
0.119074
0.662
0.021942
0.192903
0.662
0.155318
0.662
0.222111
0.662
0.662
0.662
0.093325
0.0839716
0.170217
0.662
0.45495
0.454117
0.662
0.197007
0.132198
0.452965
0.123635
0.529862
0.662
0.662
0.170164
0.662
0.662
0.662
0.662
0.399968
0.662
0.422923
0.204739
0.662
0.472269
0.468834
0.662
0.586269
0.287902
0.407037
0.662
0.14747
0.124564
0.662
0.662
0.662
0.514588
0.586015
0.384826
0.662
0.662
0.0508528
0.662
0.662
0.568351
0.662
0.662
0.662
0.662
0.341461
0.00340322
0.375628
0.38199
0.662
0.120771
0.662
0.662
0.662
0.141319
0.220461
0.106955
0.662
0.662
0.238079
0.662
0.662
0.588487
0.0781755
0.566158
0.662
0.662
0.662
0.662
0.662
0.170183
0.459937
0.662
0.025614
0.662
0.258015
0.662
0.662
0.439541
0.662
0.662
0.470026
0.662
0.662
0.662
0.40977
0.274042
0.662
0.0561913
0.490878
0.662
0.662
0.129282
0.344029
0.662
0.296432
0.662
0.662
0.662
0.662
0.662
0.662
0.662
0.0636451
0.429198
0.662
0.0355514
0.0900119
0.662
0.662
0.0510121
0.662
0.0103107
0.0381714
0.662
0.330671
0.281302
0.662
0.199018
0.406103
0.102171
0.662
0.339298
0.36082
0.234833
0.662
0.662
0.633391
0.464691
0.448334
0.662
0.662
0.437732
0.42038
0.0534358
0.662
0.662
0.331608
0.662
0.662
0.662
0.355382
0.662
0.375371
0.662
0.470594
0.662
0.564033
0.475519
0.662
