0.662
0.662
0.662
0.174313
0.662
0.662
0.195999
0.465993
0.662
0.662
0.04394
0.421166
0.662
0.662
0.662
0.023975
0.583291
0.420009
0.232201
0.662
0.662
0.662
0.662
0.662
0.662
0.662
0.355072
0.055491
0.0799908
0.662
0.662
0.662
0.662
0.0480522
0.0970369
0.453015
0.00905492
0.359361
0.662
0.476682
0.662
0.215188
0.662
0.0433651
0.459817
0.19095
0.226264
0.662
0.0481647
0.521542
0.362006
0.0106952
0.662
0.25019
0.322845
0.224426
0.662
0.289101
0.662
0.347434
0.129817
0.662
0.662
0.204221
0.662
0.192601
0.662
0.662
0.662
0.662
0.662
0.662
0.662
0.0346097
0.662
0.472264
0.0647088
0.662
0.251712
0.40201
0.662
0.207468
0.662
0.471676
0.662
0.662
0.662
0.242641
0.427153
0.662
0.424484
0.048069
0.358709
0.215559
0.662
0.289904
0.392336
0.358828
0.662
0.22543
0.662
0.662
0.662
0.662
0.439302
0.662
0.662
0.239205
0.521988
0.604247
0.132381
0.662
0.662
0.662
0.292988
0.386462
0.255442
0.0636755
0.177143
0.662
0.313728
0.0219056
0.662
0.162479
0.62764
0.079857
0.662
0.662
0.662
0.445226
0.351468
0.221001
0.662
0.662
0.662
0.473769
0.192883
0.543554
0.662
0.662
0.0838886
0.662
0.492138
0.662
0.662
0.662
0.662
0.41782
0.662
0.227243
0.662
0.300822
0.662
0.662
0.448712
0.662
0.193998
0.0424809
0.662
0.662
0.662
0.662
0.662
0.662
0.150461
0.662
0.213766
0.662
0.365292
0.412989
0.662
0.662
0.662
0.443316
0.662
0.102609
0.662
0.270423
0.662
0.328383
0.662
0.41412
0.30248
0.471117
0.662
0.139826
0.662
0.194076
0.662
0.374238
0.423846
0.662
0.662
0.420559
0.329901
0.662
0.662
0.0822823
0.39285
0.662
0.662
0.434334
0.285623
0.0495717
0.662
0.662
0.50581
0.662
0.662
0.662
0.0360864
0.662
0.662
0.472166
0.0917607
0.137407
0.445594
0.198271
0.662
0.662
0.30193
0.662
0.662
0.312222
0.230843
0.0871746
0.662
0.587007
0.300201
0.662
0.0116047
0.662
0.393164
0.662
0.662
0.662
0.140863
0.662
0.662
0.291426
0.662
0.121285
0.180075
0.346663
0.229733
0.662
0.318654
0.319368
0.662
0.468062
0.0817453
0.662
0.0560955
0.276426
0.662
0.421755
0.662
0.372
0.662
0.208385
0.268661
0.662
0.466072
0.662
0.662
0.662
0.339872
0.160445
0.337421
0.662
0.448334
0.17904
0.257715
0.233014
0.662
0.267852
0.111651
0.116964
0.278025
0.550836
0.50398
0.662
0.338024
0.206667
0.378929
0.662
0.087348
0.662
0.402742
0.0922421
0.202916
0.179047
0.662
0.662
0.662
0.64242
0.292038
0.662
0.662
0.451358
0.650341
0.0268116
0.263103
0.662
0.662
0.662
0.24778
0.662
0.475105
0.662
0.662
0.300598
0.662
0.662
0.662
0.108246
0.662
0.303836
0.236822
0.662
0.0565217
0.662
0.46956
0.662
0.357271
0.662
0.489685
0.662
0.449502
0.662
0.204504
0.662
0.644115
0.662
0.662
0.662
0.662
0.0525289
0.662
0.467903
0.071159
0.403461
0.662
0.419015
0.662
0.250506
0.662
0.494661
0.662
0.662
0.0136932
0.662
0.0411133
0.662
0.232197
0.662
0.292383
0.366031
0.662
0.662
0.232535
0.662
0.662
0.662
0.412712
0.662
0.62671
0.636417
0.662
0.662
0.0615358
0.662
0.662
0.468596
0.662
0.105529
0.331668
0.296207
0.24658
0.662
0.274895
0.640184
0.662
0.662
0.662
0.292255
0.662
0.244529
0.0607033
0.662
0.662
0.662
0.00898677
0.101299
0.662
0.662
0.112891
0.168255
0.662
0.47497
0.228501
0.662
0.662
0.414825
0.457474
0.662
0.662
0.0770029
0.451178
0.469992
0.662
0.323557
0.662
0.277095
0.280028
0.363842
0.662
0.662
0.512865
0.662
0.0147488
0.203447
0.420464
0.0361607
0.662
0.0830507
0.599757
0.112157
0.321121
0.475877
0.188241
0.420925
0.662
0.662
0.662
0.0462235
0.458322
0.662
0.186669
0.662
0.109897
0.36659
0.662
0.662
0.662
0.662
0.187821
0.0836731
0.662
0.662
0.416605
0.662
0.256804
0.246198
0.662
0.662
0.318882
0.0627277
0.0284637
0.321246
0.110992
0.662
0.662
0.167571
0.662
0.0740997
0.278412
0.039651
0.110896
0.662
0.162299
0.184373
0.125639
0.662
0.275939
0.662
0.242019
0.251911
0.234474
0.662
0.662
0.35118
0.639285
0.662
0.0384792
0.662
0.662
0.662
0.224591
0.220934
0.662
0.158044
0.662
0.160212
0.662
0.610265
0.575953
0.27845
0.390463
0.662
0.662
0.662
0.20059
0.662
0.662
0.662
0.272567
0.662
0.186527
0.662
0.216161
0.662
0.662
0.0999229
0.662
0.662
0.662
0.662
0.389664
0.662
0.662
0.146754
0.411246
0.459658
0.662
0.662
0.662
0.389221
0.662
0.0669693
0.662
0.662
0.167899
0.662
0.662
0.312655
0.28209
0.349605
0.662
0.186711
0.662
0.0341136
0.370784
0.662
0.0117424
0.662
0.662
0.351125
0.662
0.662
0.328644
0.101987
0.313468
0.662
0.0107952
0.333457
0.0973882
0.662
0.662
0.0338609
0.662
0.284874
0.662
0.662
0.662
0.00024941
0.0427487
0.662
0.662
0.662
0.608382
0.662
0.142934
0.662
0.662
0.36427
0.662
0.445093
0.662
0.404406
0.662
0.343403
0.00569639
0.662
0.662
0.536145
0.662
0.662
0.662
0.662
0.240374
0.662
0.435822
0.283025
0.106771
0.662
0.662
0.662
0.271819
0.662
0.0411213
0.662
0.662
0.662
0.327696
0.662
0.279785
0.662
0.662
0.662
0.662
0.272061
0.190144
0.185535
0.370765
0.662
0.662
0.0964237
0.102127
0.662
0.662
0.322761
0.662
0.419057
0.662
0.0322216
0.344846
0.662
0.305216
0.422735
0.0110992
0.302647
0.345152
0.0386856
0.462405
0.662
0.27693
0.662
0.195157
0.46948
0.209478
0.662
0.464119
0.662
0.662
0.662
0.662
0.662
0.662
0.178392
0.662
0.662
0.662
0.662
0.18946
0.662
0.662
0.662
0.662
0.662
0.290921
0.0606672
0.188035
0.290073
0.662
0.25974
0.443071
0.271911
0.0546366
0.662
0.00340322
0.662
0.0167569
0.662
0.662
0.15333
0.662
0.203
0.190677
0.291202
0.662
0.325343
0.380077
0.662
0.27904
0.662
0.454334
0.662
0.662
0.102439
0.0491613
0.29909
0.662
0.662
0.662
0.662
0.494251
0.662
0.662
0.251928
0.662
0.160582
0.194315
0.662
0.662
0.662
0.662
0.662
0.156545
0.265263
0.333453
0.606714
0.411261
0.662
0.662
0.662
0.662
0.662
0.662
0.358999
0.662
0.423769
0.662
0.662
0.0458971
0.384124
0.439488
0.662
0.35599
0.152281
0.169761
0.662
0.662
0.662
0.391094
0.136004
0.324069
0.0574264
0.662
0.662
0.210371
0.131178
0.247399
0.222198
0.662
0.102667
0.368862
0.662
0.662
0.194575
0.662
0.0718418
0.0957896
0.169166
0.0220436
0.662
0.144473
0.662
0.571068
0.00462874
0.120771
0.0369238
0.662
0.292425
0.261126
0.078153
0.662
0.267745
0.662
0.662
0.4214
0.662
0.662
0.662
0.662
0.662
0.0465828
0.662
0.662
0.273634
0.662
0.195657
0.662
0.185274
0.662
0.0041023
0.104064
0.662
0.662
0.523008
0.662
0.662
0.171199
0.415819
0.662
0.662
0.662
0.095784
0.662
0.350525
0.443183
0.197006
0.662
0.662
0.0650584
0.39307
0.662
0.662
0.317874
0.258198
0.662
0.423343
0.662
0.356522
0.400741
0.557828
0.305619
0.662
0.662
0.662
0.0968857
0.662
0.662
0.662
0.662
0.593165
0.662
0.662
0.50985
0.662
0.315349
0.100254
0.662
0.398033
0.315466
0.192903
0.662
0.209726
0.662
0.662
0.195063
0.0407451
0.0668916
0.662
0.662
0.129196
0.662
0.245614
0.662
0.120074
0.662
0.662
0.662
0.0886971
0.339996
0.662
0.662
0.183857
0.628501
0.662
0.317571
0.662
0.662
0.662
0.206571
0.405385
0.662
0.662
0.662
0.321802
0.662
0.662
0.322782
0.662
0.332979
0.109365
0.662
0.662
0.662
0.662
0.119926
0.453901
0.0276795
0.662
0.454064
0.127642
0.391079
0.662
0.662
0.124908
0.452965
0.662
0.662
0.127377
0.166285
0.344819
0.21269
0.662
0.268531
0.257206
0.662
0.662
0.245423
0.450797
0.662
0.662
0.340249
0.148977
0.313053
0.423474
0.12128
0.42379
0.662
0.662
0.662
0.00578995
0.662
0.662
0.313884
0.662
0.662
0.662
0.662
0.662
0.662
0.267242
0.44768
0.662
0.153858
0.662
0.452075
0.662
0.629763
0.662
0.197938
0.662
0.46912
0.662
0.662
0.662
0.662
0.662
0.662
0.0354702
0.652276
0.116822
0.662
0.0988076
0.213186
0.662
0.662
0.662
0.662
0.448302
0.662
0.169685
0.662
0.384351
0.0156452
0.662
0.662
0.0633734
0.662
0.475487
0.662
0.662
0.662
0.662
0.146363
0.404919
0.662
0.291764
0.662
0.662
0.153525
0.662
0.662
0.311833
0.359539
0.662
0.180596
0.662
0.662
0.253628
0.0401234
0.0144636
0.173079
0.205547
0.409815
0.0175407
0.662
0.662
0.292142
0.662
0.662
0.662
0.00792636
0.662
0.346159
0.107791
0.46984
0.0677371
0.4509
0.662
0.662
0.662
0.662
0.662
0.378925
0.662
0.662
0.662
0.210856
0.662
0.662
0.662
0.22916
0.662
0.397569
0.662
0.459825
0.0489315
0.662
0.267078
0.662
0.0162822
0.662
0.0107029
0.342745
0.662
0.662
0.662
0.662
0.662
0.405034
0.0515167
0.326097
0.662
0.662
0.214857
0.0351593
0.662
0.662
0.662
0.662
0.131499
0.662
0.662
0.425069
0.353088
0.662
0.662
0.662
0.662
0.203248
0.662
0.399233
0.662
0.256121
0.33486
0.662
0.471027
0.378725
0.245073
0.29218
0.0457223
0.210807
0.662
0.662
0.461739
0.662
0.168475
0.662
0.662
0.23437
0.662
0.488534
0.294899
0.221734
0.662
0.407682
0.662
0.662
0.662
0.0755485
0.164818
0.0351732
0.534503
0.218712
0.662
0.662
0.662
0.0984174
0.662
0.361828
0.662
0.197494
0.464956
0.0288971
0.0328493
0.662
0.662
0.662
0.27736
0.485005
0.662
0.429768
0.662
0.327036
0.28774
0.662
0.662
0.304845
0.662
0.662
0.662
0.465991
0.516564
0.617721
0.662
0.138833
0.662
0.512201
0.662
0.157064
0.662
0.662
0.662
0.662
0.662
0.277728
0.662
0.29204
0.318416
0.1371
0.662
0.662
0.662
0.662
0.662
0.662
0.425037
0.347376
0.117075
0.662
0.662
0.276233
0.662
0.662
0.0575158
0.189142
0.447328
0.662
0.662
0.270413
0.662
0.662
0.662
0.662
0.00669067
0.662
0.662
0.584629
0.662
0.662
0.662
0.662
0.340615
0.466471
0.662
0.453631
0.0742177
0.50995
0.662
0.183222
0.662
0.662
0.1304
0.662
0.518384
0.662
0.0643424
0.0107834
0.662
0.328412
0.662
0.662
0.662
0.350042
0.0673438
0.662
0.662
0.662
0.662
0.39468
0.662
0.662
0.0636451
0.662
0.662
0.662
0.460665
0.662
0.436115
0.362006
0.246661
0.662
0.662
0.662
0.662
0.463484
0.0515781
0.662
0.662
0.41787
0.662
0.0559171
0.12733
0.3896
0.296432
0.662
0.662
0.420908
0.342941
0.631783
0.662
0.662
0.662
0.662
0.662
0.662
0.648181
0.370061
0.662
0.0547051
0.662
0.662
0.237819
0.167383
0.452827
0.419209
0.150305
0.662
0.662
0.382151
0.662
0.662
0.301083
0.224382
0.662
0.656912
0.212075
0.662
0.352162
0.439014
0.662
0.662
0.662
0.420482
0.0915404
0.662
0.662
0.662
0.393666
0.662
0.476612
0.662
0.662
0.662
0.662
0.135653
0.105511
0.662
0.176993
0.662
0.334663
0.662
0.662
0.0680257
0.662
0.662
0.540906
0.662
0.662
0.662
0.662
0.0820151
0.473275
0.3206
0.662
0.410544
0.662
0.178797
0.662
0.662
0.38906
0.662
0.662
0.388185
0.662
0.260291
0.662
0.662
0.662
