0.502872
0.426163
0.662
0.662
0.40068
0.662
0.662
0.517599
0.662
0.343082
0.24989
0.347978
0.662
0.115094
0.662
0.441757
0.132522
0.437912
0.662
0.42744
0.662
0.0487266
0.662
0.340756
0.662
0.662
0.0324416
0.662
0.250681
0.662
0.0941089
0.0934945
0.391537
0.662
0.662
0.326152
0.662
0.662
0.662
0.00863271
0.23178
0.662
0.662
0.398601
0.550747
0.389141
0.208383
0.662
0.662
0.662
0.662
0.40189
0.475864
0.394852
0.116784
0.310805
0.359312
0.662
0.662
0.662
0.07744
0.291216
0.662
0.662
0.303891
0.414771
0.662
0.0791692
0.662
0.019426
0.662
0.662
0.662
0.662
0.440805
0.662
0.662
0.662
0.0522187
0.662
0.244491
0.0449711
0.662
0.165505
0.662
0.662
0.439029
0.662
0.662
0.662
0.115736
0.294145
0.319455
0.128729
0.662
0.662
0.662
0.662
0.21197
0.662
0.466303
0.167214
0.56298
0.0305927
0.662
0.356032
0.662
0.662
0.222128
0.662
0.662
0.662
0.42573
0.118404
0.411808
0.501704
0.662
0.662
0.107588
0.662
0.435803
0.0535976
0.153021
0.662
0.207627
0.280009
0.122218
0.662
0.662
0.662
0.306467
0.662
0.113063
0.194431
0.662
0.662
0.662
0.365944
0.662
0.662
0.445212
0.407692
0.662
0.662
0.418171
0.270661
0.0993603
0.463769
0.0819336
0.0614313
0.134523
0.662
0.371296
0.662
0.662
0.304995
0.230067
0.662
0.255182
0.662
0.662
0.662
0.662
0.38129
0.662
0.451722
0.662
0.515085
0.0143863
0.662
0.196846
0.368938
0.662
0.662
0.204318
0.0664597
0.662
0.662
0.116066
0.662
0.322106
0.467566
0.662
0.662
0.285536
0.270803
0.124705
0.308928
0.662
0.105846
0.153271
0.0279773
0.133546
0.662
0.327976
0.453441
0.662
0.662
0.662
0.45756
0.132558
0.290226
0.464362
0.0881781
0.23666
0.241943
0.662
0.662
0.662
0.662
0.662
0.225477
0.662
0.662
0.662
0.662
0.30327
0.463389
0.662
0.662
0.662
0.274107
0.0770819
0.0768834
0.662
0.662
0.662
0.181446
0.662
0.43469
0.0591549
0.329842
0.662
0.662
0.662
0.662
0.662
0.662
0.216853
0.662
0.662
0.662
0.662
0.22234
0.269104
0.383601
0.662
0.212339
0.205029
0.185084
0.662
0.662
0.662
0.274296
0.662
0.662
0.662
0.662
0.193547
0.0515109
0.662
0.662
0.662
0.267723
0.220742
0.662
0.0517448
0.662
0.662
0.662
0.662
0.662
0.0118983
0.119226
0.662
0.662
0.662
0.662
0.147528
0.662
0.133609
0.662
0.662
0.662
0.0634524
0.662
0.662
0.348554
0.340204
0.662
0.662
0.662
0.662
0.0249361
0.18974
0.662
0.19209
0.662
0.128653
0.662
0.662
0.410301
0.331571
0.258733
0.662
0.307547
0.662
0.662
0.442817
0.662
0.662
0.204208
0.662
0.500664
0.441725
0.662
0.662
0.662
0.662
0.662
0.43744
0.662
0.662
0.662
0.662
0.155254
0.662
0.662
0.662
0.662
0.428291
0.662
0.662
0.662
0.256673
0.51353
0.489864
0.315941
0.662
0.662
0.381332
0.633693
0.662
0.448863
0.662
0.0465785
0.478426
0.662
0.127253
0.662
0.662
0.662
0.360672
0.0501312
0.355123
0.662
0.30666
0.280567
0.662
0.254756
0.381425
0.662
0.47468
0.311583
0.662
0.662
0.236893
0.463971
0.463358
0.375205
0.231713
0.662
0.662
0.35316
0.662
0.662
0.29849
0.662
0.662
0.572083
0.0798365
0.662
0.662
0.662
0.662
0.662
0.662
0.662
0.331732
0.259186
0.256542
0.662
0.662
0.0746574
0.467585
0.151378
0.662
0.301113
0.484764
0.662
0.662
0.662
0.3161
0.464708
0.331094
0.251879
0.662
0.662
0.445351
0.662
0.662
0.662
0.474557
0.135402
0.662
0.662
0.106355
0.662
0.235093
0.215919
0.147242
0.414557
0.494684
0.662
0.155033
0.662
0.662
0.370737
0.416598
0.0490743
0.662
0.662
0.199944
0.118762
0.662
0.662
0.114074
0.662
0.334326
0.174507
0.662
0.662
0.662
0.269584
0.662
0.253023
0.0201169
0.390274
0.131575
0.662
0.0657292
0.662
0.438218
0.266667
0.0119339
0.0490269
0.662
0.210853
0.452476
0.662
0.445828
0.662
0.662
0.163805
0.662
0.176603
0.0287675
0.662
0.662
0.662
0.245345
0.662
0.662
0.314145
0.290586
0.0351303
0.467983
0.662
0.454497
0.662
0.662
0.556902
0.662
0.662
0.662
0.662
0.159103
0.583688
0.662
0.47418
0.662
0.446616
0.662
0.662
0.415371
0.0920479
0.662
0.662
0.662
0.662
0.117776
0.502709
0.662
0.175815
0.662
0.0791268
0.5631
0.306994
0.662
0.662
0.662
0.112165
0.662
0.427838
0.662
0.301987
0.662
0.662
0.662
0.662
0.662
0.231675
0.352106
0.662
0.154433
0.662
0.662
0.20791
0.662
0.662
0.0891568
0.0220965
0.662
0.662
0.662
0.30079
0.662
0.217892
0.13061
0.662
0.662
0.662
0.662
0.662
0.209072
0.124195
0.662
0.266826
0.17621
0.662
0.373912
0.269961
0.662
0.289008
0.309817
0.101952
0.662
0.662
0.0704753
0.662
0.662
0.662
0.662
0.662
0.662
0.386357
0.662
0.662
0.662
0.662
0.662
0.662
0.271529
0.377811
0.508446
0.518719
0.504114
0.662
0.32769
0.662
0.662
0.062792
0.662
0.662
0.37678
0.662
0.361673
0.133453
0.227841
0.183411
0.0300052
0.662
0.662
0.662
0.662
0.291106
0.662
0.662
0.326285
0.662
0.418738
0.662
0.662
0.662
0.662
0.662
0.0213265
0.0812961
0.153518
0.157459
0.102189
0.662
0.190809
0.283626
0.662
0.298117
0.413165
0.662
0.662
0.0780964
0.244248
0.662
0.662
0.50345
0.662
0.45429
0.662
0.350551
0.286376
0.463023
0.506092
0.662
0.0977668
0.457031
0.433505
0.409644
0.662
0.662
0.662
0.170229
0.28162
0.209239
0.662
0.0473762
0.662
0.0378817
0.662
0.281315
0.662
0.662
0.621344
0.424745
0.444907
0.339599
0.458718
0.662
0.662
0.331425
0.662
0.0196935
0.160167
0.337647
0.662
0.265575
0.247134
0.662
0.662
0.388014
0.662
0.662
0.662
0.662
0.472528
0.251905
0.662
0.662
0.662
0.662
0.662
0.662
0.662
0.662
0.447989
0.0904249
0.662
0.406069
0.138397
0.662
0.662
0.662
0.662
0.277421
0.116885
0.662
0.662
0.662
0.320236
0.662
0.662
0.662
0.662
0.662
0.662
0.662
0.662
0.370849
0.662
0.662
0.536893
0.486684
0.662
0.662
0.0775291
0.0117609
0.662
0.662
0.662
0.0827128
0.10762
0.332642
0.0415753
0.393557
0.0819325
0.662
0.0437665
0.207505
0.321487
0.428807
0.662
0.334721
0.662
0.662
0.309329
0.308637
0.662
0.662
0.662
0.662
0.662
0.0317373
0.0440942
0.662
0.400045
0.319045
0.383084
0.662
0.163105
0.662
0.662
0.662
0.44157
0.662
0.662
0.662
0.662
0.662
0.662
0.322989
0.662
0.662
0.662
0.272467
0.662
0.662
0.334488
0.662
0.206449
0.662
0.361696
0.662
0.414672
0.662
0.662
0.0434636
0.218258
0.662
0.662
0.662
0.662
0.662
0.0153408
0.355127
0.00148252
0.662
0.662
0.133273
0.281828
0.140099
0.662
0.411707
0.662
0.428104
0.599857
0.0947338
0.662
0.662
0.192851
0.439937
0.662
0.44458
0.662
0.28694
0.00027716
0.662
0.232782
0.172923
0.160081
0.662
0.662
0.389881
0.114552
0.662
0.0911868
0.662
0.142676
0.354265
0.662
0.662
0.662
0.46829
0.265308
0.662
0.662
0.455541
0.662
0.0716992
0.537445
0.195617
0.662
0.662
0.662
0.662
0.0267833
0.662
0.662
0.297493
0.662
0.0085689
0.662
0.662
0.360632
0.457148
0.662
0.40687
0.322169
0.662
0.662
0.0313519
0.180642
0.62803
0.662
0.662
0.212815
0.662
0.468447
0.137154
0.662
0.662
0.183951
0.198844
0.0987619
0.662
0.662
0.662
0.211088
0.662
0.243937
0.662
0.662
0.232494
0.269488
0.127553
0.157397
0.662
0.662
0.143836
0.662
0.295765
0.633694
0.662
0.662
0.662
0.327944
0.438962
0.103327
0.662
0.662
0.216572
0.662
0.662
0.0426962
0.662
0.396594
0.662
0.124156
0.462275
0.662
0.662
0.63339
0.0905256
0.662
0.662
0.309794
0.662
0.171352
0.662
0.662
0.662
0.466265
0.662
0.336473
0.0121223
0.662
0.662
0.662
0.662
0.0896262
0.662
0.0346326
0.0264964
0.662
0.662
0.552066
0.662
0.189408
0.662
0.199973
0.662
0.0618688
0.662
0.662
0.087501
0.662
0.234409
0.662
0.113723
0.662
0.662
0.662
0.662
0.662
0.662
0.662
0.171467
0.662
0.662
0.159599
0.114753
0.662
0.236642
0.169656
0.662
0.297928
0.295781
0.662
0.265191
0.662
0.0544502
0.662
0.662
0.074699
0.21226
0.461703
0.0202457
0.131077
0.454745
0.4595
0.662
0.662
0.227145
0.255741
0.662
0.433638
0.662
0.498635
0.662
0.662
0.235797
0.662
0.662
0.662
0.662
0.662
0.662
0.662
0.350082
0.662
0.662
0.137089
0.403485
0.171151
0.131355
0.144939
0.15296
0.662
0.206308
0.444362
0.662
0.538101
0.662
0.364106
0.63919
0.0627123
0.540377
0.662
0.662
0.662
0.139592
0.416025
0.244226
0.0383427
0.148503
0.402943
0.662
0.163081
0.56383
0.662
0.662
0.38861
0.662
0.662
0.662
0.662
0.662
0.662
0.662
0.249913
0.662
0.662
0.0727861
0.662
0.662
0.662
0.214421
0.614295
0.662
0.282844
0.243739
0.662
0.662
0.135984
0.44993
0.383219
0.662
0.437715
0.471117
0.281968
0.0846827
0.662
0.662
0.417047
0.377057
0.662
0.132608
0.364204
0.480094
0.188173
0.662
0.254664
0.539862
0.662
0.467973
0.662
0.487695
0.662
0.339748
0.226405
0.662
0.662
0.662
0.0857434
0.662
0.662
0.449464
0.662
0.662
0.662
0.161135
0.662
0.233001
0.0231868
0.359323
0.662
0.662
0.662
0.419747
0.662
0.662
0.662
0.662
0.423254
0.662
0.177007
0.133584
0.488159
0.0652288
0.408422
0.0835786
0.662
0.372839
0.662
0.0219195
0.662
0.662
0.403062
0.662
0.662
0.169086
0.662
0.301428
0.459892
0.23231
0.662
0.240597
0.662
0.474739
0.662
0.391843
0.0914073
0.41187
0.662
0.313653
0.662
0.662
0.662
0.662
0.662
0.261049
0.385179
0.173386
0.0677906
0.107218
0.662
0.662
0.662
0.662
0.662
0.32478
0.502727
0.226145
0.436139
0.168928
0.662
0.662
0.662
0.211482
0.332686
0.199636
0.386404
0.662
0.662
0.0992317
0.508232
0.203853
0.662
0.662
0.662
0.152364
0.082101
0.662
0.662
0.662
0.662
0.662
0.662
0.383145
0.662
0.446644
0.662
0.662
0.662
0.662
0.184209
0.354999
0.061806
0.219181
0.00742493
0.662
0.154223
0.662
0.662
0.0920665
0.264333
0.0823922
0.451289
0.315316
0.146834
0.662
0.3189
0.373198
0.152232
0.662
0.288383
0.662
0.446051
0.662
0.662
0.662
0.0644325
0.321008
0.662
0.181184
0.390135
0.326621
0.265535
0.662
0.662
0.160618
0.662
0.662
0.236054
0.354514
0.155564
0.359574
0.662
0.662
0.662
0.662
0.448658
0.662
0.662
0.231871
0.407907
0.232974
0.662
0.0788817
0.662
0.356519
0.662
0.382778
0.417495
0.662
0.422863
0.662
0.0180278
0.360017
0.302902
0.429452
0.662
0.662
0.662
0.192638
0.662
0.310425
0.116056
0.337296
0.145595
0.662
0.129898
0.662
0.662
0.662
0.662
0.546595
0.662
0.662
0.662
0.662
0.142194
0.266024
0.038418
0.0574039
0.240119
0.662
0.285075
0.386028
0.662
0.205642
0.662
0.204705
0.302989
0.140447
0.662
0.0592913
0.426669
0.662
0.662
0.662
0.662
0.393299
0.662
0.247616
0.662
0.416287
0.662
0.662
0.292411
0.416171
0.166401
0.207057
0.201778
0.662
0.217334
0.648124
0.34601
0.662
0.662
0.662
0.662
0.398869
0.387197
0.662
0.363699
0.0792199
0.662
0.662
0.473051
0.452187
0.662
0.303808
0.153262
0.42991
0.56286
0.271451
0.040295
0.327403
0.0894122
0.0942913
0.662
0.459045
0.662
0.662
0.140002
0.662
0.662
0.424495
0.662
0.662
0.057436
0.00990874
0.432288
0.019286
0.170547
0.473298
0.223058
0.199207
0.209797
0.334204
0.662
0.662
0.662
0.662
0.448975
0.400242
0.662
0.178891
0.662
0.662
0.134595
0.380202
0.662
0.662
0.662
0.232598
0.567348
0.662
0.662
0.0960706
0.45764
0.662
0.178071
0.662
0.662
0.662
0.662
0.662
0.210273
0.0567841
0.397398
0.0728173
0.662
0.662
0.209811
0.327723
0.662
0.0795858
0.204629
0.354293
0.662
0.385637
0.662
0.0248193
0.414081
0.392877
0.662
0.662
0.282986
0.662
0.662
0.346941
0.662
0.662
0.662
0.662
0.370102
0.662
0.662
0.662
0.662
0.163801
0.662
0.662
0.662
0.335427
0.662
0.179932
0.433609
0.107993
0.662
0.662
0.662
0.662
0.662
0.662
0.662
0.662
0.498604
0.662
0.662
0.286062
0.662
0.662
0.662
0.426785
0.0165103
0.662
0.126813
0.662
0.463726
0.662
0.662
0.662
0.662
0.662
0.662
0.166998
0.0907973
0.159826
0.0687368
0.662
0.0464618
0.662
0.197262
0.662
0.466258
0.34769
0.662
0.0877433
0.437732
0.662
0.662
0.662
0.140804
0.662
0.662
0.662
0.662
0.118558
0.662
0.662
0.662
0.662
0.0228043
0.662
0.270869
0.662
0.662
0.662
0.254604
0.0236629
0.662
0.518607
0.253223
0.104883
0.401959
0.627016
0.662
0.662
0.662
0.132733
0.662
0.290413
0.662
0.662
0.662
0.39481
0.477076
0.662
0.662
0.144733
0.465123
0.242032
0.662
0.662
0.33633
0.143976
0.0782304
0.345324
0.662
0.662
0.229236
0.662
0.103313
0.343912
0.662
0.662
0.662
0.285735
0.275408
0.169565
0.662
0.448237
0.00942693
0.662
0.662
0.662
0.230496
0.417286
0.662
0.213319
0.662
0.662
0.333931
0.662
0.662
0.662
0.323869
0.33831
0.662
0.465783
0.32717
0.130099
0.468498
0.0449005
0.208803
0.281347
0.662
0.662
0.662
0.662
0.154958
0.400618
0.662
0.662
0.141761
0.303305
0.183959
0.411365
0.662
0.202523
0.662
0.237045
0.662
0.0777658
0.144036
0.662
0.0844661
0.519121
0.662
0.304524
0.662
0.662
0.33728
0.447664
0.662
0.0890331
0.228728
0.662
0.38807
0.445731
0.44895
0.114869
0.662
0.662
0.317469
0.472935
0.401219
0.662
0.662
0.101185
0.189115
0.346347
0.662
0.662
0.662
0.662
0.662
0.662
0.6351
0.662
0.124926
0.662
0.36647
0.662
0.662
0.0758895
0.214208
0.50926
0.215935
0.662
0.662
0.0901771
0.146036
0.662
0.356703
0.25388
0.662
0.0342589
0.426072
0.188243
0.241763
0.662
0.662
0.2772
0.16407
0.662
0.662
0.432058
0.177784
0.489843
0.662
0.12401
0.662
0.662
0.453957
0.662
0.319051
0.662
0.156552
0.451514
0.662
0.662
0.048063
0.00565377
0.662
0.049941
0.229521
0.430992
0.662
0.288399
0.662
0.121572
0.257628
0.395769
0.23926
0.36832
0.36805
0.662
0.662
0.662
0.410399
0.662
0.662
0.662
0.662
0.662
0.662
0.62819
0.662
0.626474
0.662
0.0184547
0.100026
0.662
0.420417
0.393651
0.662
0.662
0.662
0.662
0.662
0.318554
0.458353
0.360862
0.20424
0.662
0.662
0.662
0.662
0.662
0.13557
0.223104
0.358483
0.662
0.662
0.450745
0.229027
0.662
0.662
0.277125
0.333047
0.662
0.662
0.0679672
0.119593
0.662
0.145624
0.186486
0.397353
0.173376
0.662
0.351107
0.662
0.662
0.662
0.662
0.410346
0.198966
0.662
0.294796
0.541116
0.186407
0.662
0.226005
0.662
0.192097
0.662
0.393294
0.662
0.272446
0.393735
0.662
0.211897
0.0375571
0.15637
0.417081
0.125388
0.136825
0.662
0.353853
0.662
0.23583
0.405563
0.302352
0.260499
0.662
0.204422
0.662
0.0128662
0.330831
0.462093
0.662
0.0485522
0.662
0.0404631
0.148572
0.662
0.662
0.164846
0.224858
0.19332
0.442178
0.662
0.662
0.473575
0.378735
0.662
0.662
0.405351
0.414186
0.662
0.662
0.427282
0.417901
0.263175
0.662
0.460363
0.432981
0.662
0.662
0.105533
0.390422
0.662
0.13691
0.662
0.420386
0.062939
0.223227
0.662
0.662
0.662
0.345756
0.43503
0.662
0.342269
0.662
0.662
0.411659
0.662
0.532847
0.662
0.209856
0.0562061
0.21397
0.662
0.662
0.0251531
0.0857534
0.662
0.662
0.289964
0.662
0.254555
0.662
0.0597631
0.662
0.382255
0.371348
0.662
0.662
0.662
0.182058
0.132853
0.662
0.662
0.220406
0.274578
0.662
0.236159
0.4185
0.662
0.662
0.662
0.0137159
0.424663
0.0818705
