0.662
0.662
0.662
0.662
0.662
0.662
0.193624
0.236835
0.662
0.662
0.443236
0.662
0.657945
0.437907
0.483402
0.662
0.662
0.662
0.253462
0.207832
0.123328
0.345709
0.338331
0.0967707
0.662
0.662
0.662
0.662
0.417003
0.662
0.146124
0.0542253
0.0790027
0.662
0.360623
0.0318614
0.108249
0.309024
0.534767
0.464582
0.609363
0.41851
0.375556
0.662
0.306275
0.417019
0.662
0.148575
0.662
0.40986
0.662
0.662
0.659244
0.31385
0.662
0.662
0.448371
0.454266
0.0219596
0.662
0.17722
0.662
0.662
0.371695
0.662
0.662
0.267675
0.419262
0.399704
0.662
0.662
0.662
0.0613583
0.662
0.147329
0.662
0.278482
0.475994
0.078681
0.381279
0.172567
0.662
0.173615
0.662
0.662
0.209497
0.354595
0.237399
0.3733
0.662
0.662
0.410503
0.662
0.662
0.662
0.662
0.32509
0.662
0.316713
0.662
0.262234
0.221948
0.662
0.662
0.662
0.142315
0.0658071
0.662
0.662
0.662
0.662
0.41171
0.114853
0.662
0.662
0.261342
0.662
0.662
0.0448613
0.662
0.662
0.423146
0.262363
0.662
0.066759
0.251444
0.0859734
0.662
0.662
0.662
0.662
0.58142
0.156749
0.136473
0.662
0.376405
0.231183
0.0916548
0.19021
0.134357
0.662
0.381678
0.333687
0.235604
0.299838
0.215684
0.287752
0.051144
0.313585
0.389766
0.662
0.604736
0.662
0.662
0.410917
0.662
0.401928
0.0664296
0.662
0.247993
0.0436145
0.491179
0.541524
0.619117
0.0781037
0.662
0.662
0.364176
0.087373
0.455151
0.662
0.244443
0.662
0.662
0.0626352
0.588275
0.293917
0.662
0.662
0.50505
0.662
0.662
0.188655
0.210553
0.662
0.301463
0.556596
0.662
0.662
0.662
0.662
0.662
0.0781358
0.662
0.662
0.662
0.662
0.662
0.186079
0.662
0.662
0.0724752
0.0638745
0.662
0.662
0.662
0.662
0.292234
0.00602388
0.177067
0.0822864
0.662
0.662
0.112708
0.477412
0.662
0.662
0.662
0.662
0.662
0.130537
0.662
0.662
0.365263
0.625874
0.662
0.410788
0.662
0.662
0.161075
0.321302
0.662
0.407741
0.662
0.662
0.128308
0.217684
0.123076
0.26796
0.312045
0.662
0.662
0.0863098
0.114229
0.662
0.380248
0.429124
0.336723
0.662
0.183124
0.662
0.662
0.496277
0.362891
0.336115
0.381055
0.047599
0.662
0.598947
0.375116
0.447311
0.39087
0.203055
0.662
0.207879
0.662
0.662
0.662
0.662
0.662
0.0109311
0.662
0.439689
0.662
0.11332
0.662
0.318807
0.662
0.0168464
0.101149
0.454031
0.662
0.662
0.662
0.662
0.662
0.662
0.426129
0.231728
0.662
0.662
0.030596
0.662
0.252102
0.662
0.0928855
0.381673
0.0125621
0.662
0.662
0.662
0.483828
0.203402
0.102841
0.662
0.434078
0.344288
0.421942
0.662
0.662
0.370684
0.662
0.279945
0.266278
0.0904282
0.0435339
0.662
0.0661434
0.178524
0.662
0.105132
0.570872
0.173294
0.21725
0.224345
0.662
0.0717011
0.0501446
0.444722
0.455462
0.611407
0.662
0.662
0.662
0.662
0.000927661
0.235707
0.662
0.662
0.0722127
0.662
0.0488244
0.0933393
0.662
0.662
0.662
0.428708
0.662
0.633391
0.662
0.662
0.662
0.662
0.662
0.662
0.662
0.662
0.662
0.319651
0.662
0.276999
0.302387
0.662
0.662
0.257782
0.395106
0.315693
0.662
0.662
0.662
0.662
0.469659
0.662
0.16596
0.662
0.662
0.662
0.662
0.0198049
0.195611
0.148634
0.662
0.42824
0.245149
0.662
0.20402
0.189122
0.442217
0.120985
0.418984
0.662
0.0679744
0.0199442
0.662
0.662
0.296952
0.14156
0.205658
0.398886
0.260177
0.332117
0.662
0.662
0.662
0.24478
0.24984
0.662
0.662
0.235561
0.289731
0.0109609
0.463058
0.662
0.662
0.284712
0.114171
0.075785
0.662
0.662
0.662
0.662
0.28692
0.514621
0.11
0.371863
0.662
0.662
0.662
0.662
0.0691177
0.471617
0.161081
0.346529
0.662
0.40334
0.662
0.662
0.317259
0.662
0.662
0.440525
0.662
0.197337
0.186819
0.060227
0.662
0.368223
0.424451
0.662
0.240403
0.134459
0.662
0.133202
0.255816
0.28744
0.662
0.662
0.47494
0.662
0.662
0.280233
0.662
0.662
0.662
0.36247
0.662
0.0942525
0.662
0.581038
0.199513
0.662
0.662
0.143406
0.255138
0.662
0.364325
0.402102
0.662
0.662
0.382555
0.662
0.662
0.26929
0.662
0.0452543
0.394014
0.662
0.662
0.662
0.121575
0.364093
0.662
0.407216
0.662
0.662
0.662
0.239781
0.662
0.662
0.662
0.662
0.662
0.662
0.0860689
0.662
0.2939
0.662
0.662
0.257595
0.0627813
0.662
0.373544
0.358085
0.426216
0.662
0.219722
0.662
0.428757
0.662
0.662
0.0982524
0.26925
0.296465
0.662
0.662
0.662
0.353728
0.250153
0.494996
0.141544
0.662
0.385285
0.662
0.0236404
0.662
0.0822745
0.662
0.208662
0.0990762
0.662
0.662
0.662
0.662
0.662
0.591893
0.662
0.662
0.662
0.662
0.353714
0.404964
0.662
0.0279793
0.463088
0.662
0.405088
0.662
0.662
0.662
0.450355
0.662
0.364298
0.662
0.662
0.662
0.128725
0.662
0.662
0.247062
0.662
0.147731
0.662
0.662
0.662
0.662
0.468254
0.409121
0.662
0.662
0.0457315
0.662
0.662
0.662
0.280658
0.446543
0.662
0.409223
0.662
0.455963
0.378857
0.662
0.217754
0.27707
0.662
0.662
0.662
0.662
0.662
0.204822
0.662
0.662
0.158638
0.662
0.189306
0.220411
0.0580811
0.0393102
0.342142
0.0876482
0.103727
0.662
0.662
0.662
0.662
0.662
0.662
0.662
0.662
0.417372
0.662
0.0745865
0.662
0.601435
0.198246
0.662
0.662
0.662
0.264962
0.662
0.662
0.662
0.662
0.448103
0.662
0.0319279
0.662
0.113869
0.662
0.662
0.662
0.248002
0.662
0.662
0.109147
0.334041
0.190937
0.662
0.39922
0.662
0.662
0.662
0.561478
0.662
0.662
0.662
0.286269
0.0859774
0.662
0.154168
0.662
0.662
0.444708
0.662
0.186139
0.662
0.662
0.152256
0.648851
0.662
0.662
0.57049
0.411071
0.155357
0.0283043
0.662
0.353553
0.662
0.0726842
0.339026
0.107035
0.654607
0.340267
0.241839
0.662
0.203655
0.27325
0.662
0.662
0.0288521
0.0072214
0.37615
0.662
0.662
0.227302
0.276803
0.662
0.242309
0.490744
0.662
0.662
0.662
0.107156
0.662
0.455274
0.446106
0.662
0.662
0.345191
0.459744
0.662
0.662
0.662
0.662
0.217711
0.662
0.662
0.662
0.393307
0.332942
0.662
0.285646
0.662
0.083388
0.273636
0.662
0.328505
0.316256
0.00608009
0.232206
0.662
0.662
0.662
0.0165155
0.641132
0.300434
0.662
0.436146
0.0831063
0.402155
0.662
0.662
0.244028
0.132638
0.191478
0.662
0.662
0.662
0.662
0.662
0.662
0.662
0.296328
0.436098
0.662
0.662
