0.662
0.171731
0.387973
0.662
0.357701
0.662
0.662
0.662
0.662
0.248003
0.662
0.662
0.0447796
0.250395
0.662
0.301426
0.340263
0.448123
0.451645
0.0943923
0.213133
0.116381
0.467609
0.455172
0.662
0.662
0.662
0.194854
0.662
0.662
0.662
0.236835
0.662
0.413884
0.662
0.662
0.662
0.662
0.0464144
0.204603
0.375084
0.662
0.662
0.0717011
0.662
0.662
0.164927
0.393647
0.662
0.345817
0.662
0.662
0.662
0.662
0.0274649
0.662
0.183124
0.662
0.662
0.424451
0.662
0.662
0.0817065
0.58142
0.662
0.0523543
0.662
0.662
0.662
0.0164014
0.186079
0.662
0.662
0.291546
0.387831
0.21397
0.662
0.662
0.662
0.168219
0.377832
0.662
0.298724
0.217184
0.662
0.0950634
0.662
0.54528
0.662
0.496115
0.662
0.662
0.662
0.662
0.662
0.662
0.0677308
0.662
0.662
0.266119
0.662
0.220668
0.662
0.406843
0.149207
0.662
0.482397
0.133968
0.47494
0.114836
0.662
0.662
0.662
0.662
0.662
0.662
0.386583
0.662
0.662
0.409144
0.662
0.662
0.0277781
0.179297
0.63339
0.662
0.281072
0.230879
0.0279793
0.662
0.386082
0.662
0.0460914
0.662
0.662
0.662
0.32833
0.0938046
0.458935
0.662
0.662
0.116654
0.437655
0.662
0.0470708
0.619249
0.662
0.204822
0.662
0.662
0.662
0.662
0.662
0.662
0.662
0.397326
0.445371
0.309401
0.662
0.0862088
0.387691
0.221065
0.0804229
0.499947
0.264962
0.662
0.381279
0.151706
0.662
0.0462414
0.662
0.662
0.0972007
0.662
0.662
0.662
0.0796482
0.275141
0.662
0.356575
0.662
0.662
0.662
0.662
0.0915659
0.360092
0.662
0.269394
0.624215
0.219722
0.205197
0.327153
0.380817
0.662
0.662
0.274993
0.0980777
0.159161
0.662
0.662
0.662
0.181123
0.311715
0.0751162
0.147627
0.180271
0.372503
0.662
0.26925
0.662
0.662
0.662
0.662
0.662
0.662
0.327376
0.199645
0.228132
0.662
0.662
0.662
0.362285
0.662
0.662
0.278796
0.662
0.327118
0.46959
0.662
0.373544
0.662
0.0618893
0.0318614
0.185441
0.662
0.30536
0.662
0.00794963
0.662
0.662
0.662
0.662
0.27712
0.0586023
0.662
0.662
0.429609
0.0501446
0.172295
0.473962
0.662
0.151988
0.563119
0.413164
0.662
0.662
0.326698
0.469027
0.468376
0.191869
0.457628
0.662
0.0694138
0.662
0.325467
0.662
0.662
0.024295
0.192571
0.0926691
0.243152
0.662
0.472506
0.662
0.0967707
0.662
0.255401
0.662
0.295605
0.264638
0.209244
0.662
0.662
0.662
0.662
0.662
0.403023
0.242587
0.662
0.662
0.233526
0.662
0.199513
0.164015
0.351538
0.662
0.387631
0.206947
0.338397
0.662
0.662
0.662
0.662
0.126959
0.662
0.662
0.662
0.662
0.662
0.662
0.662
0.300721
0.662
0.192948
0.37102
0.662
0.51916
0.438179
0.662
0.235746
0.662
0.662
0.263566
0.46254
0.0355501
0.662
0.662
0.662
0.24478
0.662
0.662
0.331012
0.662
0.166009
0.662
0.218414
0.662
0.581796
0.662
0.662
0.662
0.662
0.582958
0.662
0.662
0.110152
0.507038
0.662
0.328313
0.274064
0.662
0.0762708
0.376758
0.0348539
0.161746
0.662
0.260088
0.191254
0.32942
0.0212249
0.662
0.44612
0.425606
0.662
0.662
0.260112
0.662
0.662
0.662
0.662
0.305308
0.476285
0.433155
0.569463
0.662
0.296952
0.662
0.662
0.464583
0.410889
0.419691
0.0104275
0.132067
0.662
0.333181
0.662
0.312546
0.0481955
0.287132
0.662
0.350639
0.662
0.0902437
0.662
0.317215
0.662
9.26046e-05
0.662
0.40255
0.662
0.662
0.414532
0.23446
0.227805
0.662
0.662
0.424487
0.662
0.662
0.00140545
0.589787
0.662
0.662
0.616952
0.309162
0.429969
0.662
0.418898
0.0619679
0.320241
0.0645988
0.662
0.662
0.324292
0.662
0.013061
0.047599
0.042325
0.250519
0.0442961
0.662
0.244988
0.242706
0.662
0.662
0.662
0.316722
0.253765
0.0638745
0.662
0.398886
0.662
0.263154
0.114171
0.662
0.662
0.662
0.325902
0.174882
0.000927661
0.51007
0.370454
0.211491
0.662
0.401823
0.662
0.662
0.202237
0.363825
0.420889
0.567901
0.186139
0.662
0.111661
0.662
0.662
0.662
0.0543872
0.0895812
0.662
0.662
0.662
0.0209845
0.662
0.319863
0.234689
0.372421
0.662
0.662
0.143912
0.662
0.309362
0.662
0.662
0.33821
0.662
0.662
0.662
0.662
0.414132
0.662
0.0847285
0.39963
0.446106
0.662
0.662
0.354993
0.662
0.662
0.418984
0.37699
0.0682342
0.662
0.0936124
0.662
0.662
0.641132
0.662
0.662
0.0510072
0.290579
0.415339
0.217496
0.1682
0.400957
0.467835
0.030881
0.662
0.662
0.172567
0.332141
0.0859774
0.662
0.662
0.36654
0.662
0.463933
0.189122
0.327892
0.0884359
0.421534
0.42372
0.662
0.486779
0.0607933
0.662
0.662
0.662
0.662
0.662
0.139539
0.427812
0.662
0.350203
0.182171
0.662
0.662
0.258813
0.662
0.343649
0.662
0.662
0.0710374
0.662
0.524828
0.294604
0.662
0.662
0.437
0.662
0.662
0.662
0.662
0.060227
0.662
0.662
0.245305
0.662
0.662
0.662
0.321035
0.453043
0.201382
0.662
0.175355
0.662
0.388256
0.267675
0.447079
0.662
0.662
0.161166
0.662
0.178126
0.662
0.662
0.558297
0.296544
0.328303
0.413058
0.662
0.244674
0.662
0.428757
0.662
0.662
0.662
0.662
0.662
0.662
0.662
0.372376
0.0147944
0.662
0.662
0.211607
0.267029
0.105827
0.203975
0.45108
0.662
0.392277
0.662
0.471759
0.662
0.282186
0.496119
0.0624489
0.662
0.221314
0.386123
0.0357476
0.349974
0.285334
0.18914
0.399192
0.662
0.662
0.46804
0.662
0.662
0.662
0.0168464
0.444739
0.239669
0.271971
0.31246
0.662
0.470587
0.287239
0.205897
0.662
0.374138
0.148662
0.514621
0.265652
0.662
0.662
0.607409
0.0819297
0.662
0.316375
0.0504621
0.225029
0.662
0.662
0.170396
0.173351
0.223545
0.359547
0.0440411
0.662
0.662
0.662
0.662
0.0186602
0.662
0.118238
0.198111
0.662
0.662
0.133672
0.662
0.109366
0.662
0.583079
0.278313
0.146934
0.662
0.662
0.654607
0.662
0.662
0.433419
0.662
0.662
0.662
0.662
0.229999
0.662
0.126615
0.662
0.662
0.639916
0.662
0.478403
0.662
0.0795971
0.662
0.662
0.056108
0.00256567
0.662
0.449756
0.177715
0.662
0.662
0.247189
0.251812
0.103818
0.480508
0.662
0.0735702
0.195611
0.087373
0.662
0.662
0.662
0.662
0.662
0.165937
0.483644
0.662
0.351825
0.397433
0.42955
0.662
0.662
0.271192
0.662
0.603207
0.662
0.662
0.224423
0.662
0.242863
0.662
0.469389
0.662
0.0471063
0.457912
0.662
0.466005
0.662
0.662
0.662
0.662
0.662
0.662
0.662
0.662
0.662
0.662
0.662
0.662
0.210148
0.662
0.304103
0.662
0.662
0.662
0.662
0.0402664
0.0831389
0.0181458
0.662
0.662
0.179413
0.418434
0.662
0.662
0.314655
0.662
0.662
0.662
0.121095
0.300573
0.662
0.662
0.662
0.0937552
0.662
0.341221
0.166493
0.257599
0.662
0.199352
0.572866
0.0996564
0.0822745
0.00712904
0.662
0.458662
0.662
0.176265
0.198241
0.175081
0.542005
0.662
