0.403914
0.662
0.424663
0.42726
0.662
0.662
0.171539
0.0803252
0.166618
0.590474
0.226275
0.102153
0.231116
0.109012
0.364539
0.662
0.662
0.662
0.117188
0.662
0.662
0.0645954
0.151879
0.020628
0.196791
0.662
0.662
0.662
0.238182
0.00111817
0.662
0.662
0.662
0.326081
0.180445
0.662
0.662
0.0166491
0.298841
0.662
0.1424
0.662
0.353505
0.0809874
0.662
0.662
0.0713829
0.662
0.0677763
0.662
0.662
0.382355
0.150996
0.0325118
0.662
0.434868
0.284413
0.540123
0.209775
0.662
0.569141
0.249437
0.662
0.662
0.0174128
0.662
0.662
0.312353
0.662
0.364072
0.126949
0.662
0.0303311
0.662
0.662
0.235428
0.662
0.662
0.662
0.662
0.662
0.484288
0.662
0.117883
0.125987
0.235388
0.397408
0.662
0.448438
0.662
0.386776
0.662
0.315737
0.662
0.468462
0.169731
0.662
0.0248625
0.211299
0.352919
0.180307
0.662
0.662
0.662
0.178032
0.662
0.0975904
0.330721
0.412511
0.662
0.320789
0.662
0.415307
0.662
0.662
0.662
0.177758
0.0403569
0.14634
0.662
0.662
0.441672
0.662
0.524481
0.662
0.353274
0.378371
0.662
0.105253
0.166789
0.280675
0.163539
0.662
0.662
0.178524
0.662
0.662
0.662
0.662
0.334675
0.40975
0.662
0.303945
0.161747
0.283444
0.380289
0.0643454
0.152256
0.277977
0.662
0.423215
0.0980924
0.662
0.662
0.381444
0.311557
0.662
0.662
0.422459
0.483757
0.245141
0.610564
0.662
0.264158
0.350123
0.662
0.0499317
0.170825
0.662
0.146111
0.662
0.343266
0.662
0.0405397
0.167207
0.251297
0.552844
0.662
0.187153
0.30561
0.662
0.494004
0.332171
0.420415
0.220489
0.662
0.441339
0.662
0.662
0.200715
0.238447
0.30727
0.662
0.270614
0.419652
0.662
0.662
0.515073
0.662
0.398894
0.662
0.264506
0.662
0.279589
0.301826
0.263417
0.291847
0.662
0.662
0.662
0.662
0.180825
0.662
0.662
0.662
0.292234
0.0754148
0.662
0.227134
0.408245
0.662
0.662
0.662
0.454266
0.0155216
0.199659
0.339014
0.353086
0.302977
0.0237075
0.487222
0.662
0.662
0.662
0.652727
0.267675
0.33332
0.662
0.192109
0.127407
0.445622
0.285927
0.662
0.662
0.412972
0.327978
0.543276
0.633391
0.662
0.662
0.0920385
0.662
0.0276367
0.662
0.662
0.151902
0.382687
0.21967
0.662
0.255169
0.0343295
0.662
0.19326
0.321302
0.662
0.662
0.287029
0.381342
0.662
0.128049
0.662
0.662
0.0138118
0.469895
0.662
0.662
0.472169
0.303732
0.472925
0.039605
0.662
0.662
0.662
0.662
0.283411
0.662
0.662
0.0757206
0.662
0.662
0.662
0.662
0.662
0.662
0.662
0.192592
0.0876482
0.662
0.352537
0.083388
0.662
0.662
0.239647
0.662
0.662
0.402102
0.662
0.662
0.149216
0.169335
0.550854
0.459684
0.449331
0.276245
0.480773
0.662
0.263816
0.662
0.662
0.298975
0.00519978
0.662
0.662
0.50616
0.662
0.662
0.331509
0.475396
0.662
0.0202158
0.0916548
0.662
0.662
0.0588141
0.662
0.662
0.662
0.662
0.662
0.0443212
0.458753
0.131232
0.309728
0.249763
0.408624
0.218504
0.400172
0.0450215
0.662
0.662
0.662
0.662
0.0749536
0.662
0.662
0.662
0.662
0.662
0.40107
0.662
0.662
0.447465
0.662
0.246508
0.235702
0.662
0.662
0.662
0.161107
0.27459
0.662
0.662
0.662
0.662
0.662
0.662
0.662
0.159428
0.662
0.235994
0.662
0.212875
0.662
0.662
0.662
0.662
0.127919
0.662
0.662
0.135809
0.662
0.662
0.339208
0.662
0.662
0.662
0.603285
0.424922
0.662
0.329656
0.662
0.230379
0.17244
0.662
0.183118
0.662
0.424452
0.227934
0.438625
0.662
0.386433
0.662
0.235561
0.633694
0.408323
0.662
0.662
0.214264
0.506154
0.662
0.523295
0.172005
0.648323
0.662
0.404168
0.662
0.662
0.0757135
0.246886
0.662
0.258588
0.662
0.189472
0.229342
0.181964
0.662
0.554028
0.662
0.662
0.336652
0.240575
0.662
0.662
0.410567
0.662
0.479169
0.662
0.662
0.662
0.0559894
0.662
0.0860689
0.662
0.403826
0.662
0.415052
0.390463
0.662
0.367698
0.215906
0.662
0.146124
0.662
0.662
0.662
0.347358
0.133411
0.662
0.662
0.0725294
0.662
0.662
0.274883
0.00602388
0.662
0.662
0.662
0.329691
0.037713
0.662
0.662
0.662
0.662
0.137146
0.662
0.377219
0.358675
0.590043
0.413376
0.662
0.373155
0.454609
0.662
0.662
0.447835
0.139299
0.140989
0.662
0.118769
0.0159762
0.662
0.662
0.662
0.283155
0.450186
0.662
0.662
0.662
0.662
0.401265
0.169191
0.204241
0.662
0.662
0.662
0.662
0.394523
0.0710105
0.567919
0.0961433
0.662
0.662
0.379455
0.662
0.662
0.103727
0.039638
0.662
0.662
0.256719
0.662
0.662
0.200872
0.346622
0.0680721
0.662
0.662
0.411992
0.662
0.498068
0.259023
0.662
0.662
0.130985
0.154168
0.662
0.462573
0.662
0.629706
0.662
0.311351
0.220852
0.314975
0.191947
0.0820559
0.662
0.662
0.662
0.206045
0.662
0.662
0.662
0.662
0.274865
0.137272
0.662
0.662
0.262892
0.0246061
0.662
0.463474
0.322727
0.198419
0.394624
0.445417
0.662
0.429676
0.662
0.662
0.662
0.662
0.452753
0.156749
0.340324
0.303872
0.662
0.323859
0.367813
0.437953
0.12394
0.121781
0.662
0.0638248
0.662
0.662
0.170268
0.108821
0.0437346
0.284669
0.662
0.662
0.662
0.396985
0.662
0.222465
0.0701281
0.662
0.401089
0.662
0.455562
0.325893
0.662
0.662
0.662
0.305477
0.218446
0.411128
0.662
0.662
0.128266
0.333537
0.266192
0.662
0.662
0.0445979
0.662
0.243577
0.349626
0.662
0.662
0.106604
0.662
0.0975463
0.662
0.231183
0.662
0.549824
0.662
0.286751
0.241715
0.662
0.662
0.297432
0.190699
0.226458
0.662
0.662
0.662
0.662
0.662
0.549558
0.662
0.438024
0.139859
0.662
0.364888
0.0516328
0.662
0.662
0.278338
0.662
0.114853
0.662
0.243118
0.662
0.662
0.662
0.662
0.208637
0.662
0.662
0.662
0.0205938
0.662
0.384928
0.616151
0.662
0.210065
0.0939229
0.662
0.26374
0.662
0.472838
