0.261858
0.451147
0.322206
0.662
0.025357
0.467951
0.662
0.662
0.662
0.662
0.662
0.662
0.117357
0.437654
0.145207
0.236365
0.662
0.662
0.662
0.251529
0.662
0.662
0.263438
0.662
0.500096
0.662
0.662
0.662
0.115866
0.633391
0.00868975
0.662
0.662
0.662
0.662
0.662
0.662
0.662
0.662
0.308272
0.662
0.662
0.420334
0.292627
0.238494
0.287182
0.284043
0.662
0.662
0.662
0.662
0.662
0.211913
0.662
0.662
0.290585
0.662
0.662
0.662
0.206824
0.435704
0.322819
0.662
0.306183
0.662
0.662
0.106684
0.662
0.662
0.0161204
0.297635
0.281198
0.662
0.662
0.149492
0.662
0.662
0.662
0.211406
0.369762
0.406006
0.662
0.409084
0.423087
0.662
0.660989
0.662
0.440345
0.662
0.662
0.226931
0.662
0.422315
0.459083
0.330527
0.662
0.662
0.662
0.662
0.434393
0.662
0.662
0.266056
0.365233
0.662
0.482787
0.325609
0.662
0.0313699
0.662
0.103251
0.662
0.28813
0.662
0.305686
0.662
0.662
0.662
0.662
0.432459
0.29995
0.241152
0.00136303
0.662
0.0511815
0.404246
0.108174
0.662
0.662
0.464244
0.0370715
0.662
0.20285
0.662
0.252139
0.662
0.142432
0.662
0.0750486
0.12189
0.0175754
0.662
0.633694
0.473173
0.662
0.405926
0.662
0.662
0.662
0.225604
0.184942
0.440543
0.662
0.662
0.662
0.662
0.36824
0.203833
0.496188
0.360907
0.60676
0.510707
0.33755
0.662
0.662
0.662
0.662
0.662
0.500489
0.285397
0.662
0.567631
0.297251
0.632954
0.214391
0.662
0.384704
0.413352
0.662
0.662
0.418914
0.599312
0.662
0.272543
0.328085
0.0633892
0.662
0.662
0.518373
0.454231
0.297496
0.468113
0.0412356
0.350655
0.158888
0.662
0.662
0.662
0.455177
0.662
0.107034
0.662
0.45036
0.243479
0.186285
0.662
0.662
0.662
0.259919
0.211277
0.187225
0.662
0.662
0.108079
0.662
0.662
0.662
0.199749
0.445916
0.396603
0.662
0.380204
0.662
0.416009
0.662
0.662
0.463751
0.662
0.337733
0.662
0.662
0.34341
0.662
0.662
0.566329
0.662
0.662
0.249872
0.662
0.662
0.217003
0.662
0.482186
0.0261165
0.662
0.662
0.00531471
0.662
0.662
0.662
0.662
0.662
0.0317501
0.45579
0.662
0.662
0.159135
0.662
0.662
0.301756
0.662
0.160549
0.439022
0.662
0.302247
0.102368
0.662
0.402536
0.411796
0.662
0.662
0.662
0.156167
0.662
0.141498
0.662
0.662
0.472401
0.0606642
0.662
0.662
0.662
0.662
0.00473863
0.342052
0.245033
0.149628
0.111182
0.662
0.662
0.662
0.662
0.0758965
0.0349002
0.662
0.662
0.662
0.662
0.529111
0.662
0.285085
0.213058
0.268376
0.662
0.662
0.361415
0.662
0.205183
0.662
0.662
0.662
0.452005
0.662
0.140157
0.662
0.468931
0.271321
0.662
0.0677809
0.662
0.461763
0.662
0.317333
0.0958414
0.662
0.347068
0.370587
0.235969
0.235909
0.662
0.662
0.153598
0.416164
0.662
0.244536
0.662
0.252321
0.662
0.662
0.257569
0.0173913
0.331471
0.662
0.459085
0.662
0.662
0.662
0.328846
0.662
0.396315
0.444673
0.662
0.629153
0.195094
0.459655
0.232759
0.662
0.320882
0.321073
0.662
0.662
0.662
0.31386
0.341862
0.662
0.0154417
0.603757
0.465588
0.662
0.219915
0.662
0.260239
0.662
0.211169
0.662
0.662
0.662
0.662
0.267247
0.662
0.662
0.331452
0.461451
0.662
0.662
0.662
0.662
0.631707
0.662
0.662
0.662
0.662
0.662
0.662
0.662
0.632326
0.448238
0.453707
0.662
0.0962095
0.662
0.662
0.452039
0.237397
0.123851
0.662
0.43199
0.662
0.376535
0.662
0.662
0.407012
0.662
0.662
0.236409
0.247212
0.662
0.662
0.662
0.328501
0.662
0.662
0.662
0.662
0.2466
0.545646
0.436185
0.662
0.328682
0.662
0.662
0.662
0.662
0.662
0.662
0.196606
0.662
0.346588
0.291294
0.247141
0.662
0.167913
0.662
0.662
0.662
0.662
0.0998282
0.662
0.662
0.662
0.662
0.00405665
0.662
0.662
0.662
0.0726218
0.662
0.662
0.363539
0.662
0.662
0.662
0.146623
0.391555
0.122099
0.662
0.0926497
0.662
0.0461772
0.179737
0.509914
0.0760067
0.0642591
0.662
0.308572
0.336218
0.285969
0.662
0.662
0.226368
0.662
0.329346
0.662
0.44717
0.351894
0.662
0.348337
0.407832
0.662
0.000279095
0.662
0.0588471
0.50987
0.39582
0.216304
0.188517
0.662
0.306584
0.380983
0.419463
0.349462
0.29346
0.0108214
0.342064
0.256999
0.662
0.662
0.662
0.29732
0.63339
0.405278
0.106514
0.662
0.275087
0.662
0.662
0.662
0.457754
0.662
0.662
0.252859
0.283095
0.662
0.662
0.184138
0.229262
0.662
0.662
0.662
0.662
0.0384299
0.50327
0.32959
0.662
0.662
0.662
0.662
0.662
0.662
0.662
0.435543
0.409322
0.662
0.662
0.386209
0.662
0.662
0.662
0.662
0.662
0.662
0.662
0.662
0.543397
0.662
0.662
0.662
0.280717
0.662
0.662
0.0696268
0.662
0.24085
0.662
0.409366
0.263544
0.662
0.389294
0.662
0.662
0.123567
0.381631
0.00144082
0.662
0.662
0.662
0.662
0.662
0.662
0.0774297
0.45941
0.662
0.662
0.553993
0.474691
0.177931
0.413127
0.225111
0.220255
0.249524
0.0306539
0.662
0.662
0.662
0.495507
0.325824
0.331914
0.39451
0.662
0.662
0.662
0.0195704
0.662
0.662
0.662
0.223189
0.356661
0.334054
0.662
0.284682
0.476789
0.662
0.275759
0.347467
0.509625
0.137239
0.662
0.662
0.662
0.662
0.662
0.420187
0.370115
0.662
0.662
0.662
0.662
0.662
0.662
0.662
0.433062
0.202638
0.459213
0.662
0.662
0.662
0.662
0.385962
0.662
0.662
0.662
0.662
0.662
0.662
0.662
0.266429
0.662
0.662
0.363629
0.662
0.662
0.662
0.662
0.662
0.0524215
0.662
0.662
0.662
0.662
0.662
0.662
0.229215
0.0642838
0.585699
0.395054
0.662
0.171898
0.662
0.662
0.109815
0.662
0.662
0.0997268
0.662
0.662
0.222583
0.0296584
0.311359
0.662
0.662
0.421365
0.425624
0.254123
0.438745
0.662
0.662
0.662
0.0072274
0.430669
0.0344792
0.662
0.662
0.662
0.662
0.293844
0.204567
0.140332
0.437124
0.662
0.396504
0.662
0.0412624
0.662
0.153108
0.426094
0.24107
0.662
0.662
0.294576
0.662
0.242615
0.166779
0.662
0.662
0.0757115
0.662
0.662
0.662
0.174937
0.335344
0.591942
0.25901
0.662
0.469512
0.476851
0.662
0.662
0.0105056
0.117342
0.285841
0.662
0.662
0.662
0.662
0.662
0.662
0.456362
0.662
0.662
0.662
0.662
0.662
0.662
0.662
0.662
0.452247
0.662
0.0437843
0.22663
0.119581
0.662
0.340287
0.31545
0.30129
0.662
0.392441
0.143599
0.662
0.0523015
0.662
0.185823
0.483463
0.662
0.213769
0.662
0.662
0.181137
0.126958
0.355083
0.423291
0.662
0.148689
0.662
0.662
0.662
0.662
0.662
0.500592
0.0198368
0.280284
0.296966
0.662
0.662
0.662
0.662
0.662
0.455067
0.0125642
0.0866051
0.662
0.388774
0.317791
0.662
0.662
0.253094
0.662
0.131339
0.209192
0.461153
0.171118
0.45212
0.662
0.388625
0.662
0.662
0.662
0.257884
0.662
0.00848681
0.662
0.199943
0.185369
0.476603
0.411016
0.519851
0.662
0.0518109
0.373394
0.0776807
0.58873
0.302808
0.0535336
0.293085
0.662
0.662
0.1943
0.662
0.662
0.662
0.263295
0.429403
0.29071
0.376488
0.406724
0.662
0.365175
0.108174
0.400613
0.291026
0.662
0.121806
0.662
0.662
0.662
0.662
0.662
0.377009
0.662
0.0378993
0.662
0.481471
0.662
0.0165131
0.662
0.138782
0.662
0.244086
0.662
0.380642
0.253497
0.662
0.662
0.544824
0.19875
0.662
0.439241
0.662
0.662
0.338612
0.662
0.662
0.662
0.229841
0.662
0.662
0.662
0.459275
0.662
0.662
0.295354
0.662
0.149238
0.662
0.469565
0.282658
0.0214718
0.451061
0.662
0.662
0.662
0.662
0.413362
0.662
0.37908
0.662
0.662
0.0905095
0.662
0.662
0.0468276
0.472726
0.662
0.297917
0.504189
0.166546
0.21379
0.223834
0.491237
0.270619
0.662
0.662
0.295885
0.662
0.273925
0.662
0.662
0.662
0.372785
0.108372
0.0410903
0.662
0.0109074
0.390187
0.0235769
0.662
0.662
0.662
0.662
0.662
0.662
0.00652313
0.662
0.662
0.662
0.662
0.662
0.662
0.662
0.662
0.662
0.304105
0.662
0.662
0.112035
0.453266
0.662
0.570885
0.335054
0.662
0.533997
0.134849
0.374619
0.0481469
0.662
0.539772
0.662
0.662
0.0918275
0.662
0.662
0.662
0.430718
0.662
0.199924
0.171541
0.662
0.662
0.143166
0.662
0.0669358
0.388724
0.416977
0.662
0.286828
0.461286
0.662
0.275906
0.18986
0.374065
0.206031
0.662
0.119561
0.662
0.662
0.662
0.6239
0.662
0.662
0.304366
0.0551191
0.662
0.662
0.662
0.662
0.662
0.207659
0.345325
0.662
0.662
0.136718
0.318587
0.291803
0.662
0.662
0.233239
0.397314
0.118453
0.0590405
0.46414
0.416342
0.662
0.662
0.165808
0.662
0.573505
0.314154
0.662
0.662
0.36558
0.175452
0.662
0.662
0.381241
0.662
0.127961
0.662
0.279324
0.662
0.23602
0.662
0.662
0.662
0.662
0.51493
0.499207
0.662
0.306046
0.101717
0.161222
0.662
0.662
0.662
0.662
0.662
0.52866
0.172625
0.1674
0.662
0.330187
0.662
0.662
0.382666
0.0565269
0.662
0.125596
0.398285
0.396206
0.662
0.662
0.662
0.662
0.504367
0.662
0.19672
0.159346
0.662
0.662
0.0630905
0.445144
