0.399072
0.21086
0.662
0.662
0.229733
0.331473
0.662
0.662
0.662
0.21643
0.662
0.447893
0.324742
0.441707
0.164658
0.102226
0.662
0.662
0.662
0.194144
0.662
0.662
0.662
0.352772
0.247075
0.662
0.0179112
0.662
0.0203866
0.271693
0.662
0.460629
0.185068
0.662
0.662
0.662
0.662
0.0577928
0.662
0.662
0.662
0.662
0.662
0.643089
0.429783
0.428346
0.662
0.0769468
0.662
0.160656
0.0917961
0.662
0.662
0.662
0.361575
0.662
0.662
0.451382
0.662
0.662
0.662
0.662
0.662
0.294435
0.662
0.251109
0.341435
0.662
0.35189
0.498978
0.0223398
0.662
0.413318
0.208323
0.313016
0.0783104
0.421234
0.662
0.662
0.135583
0.0694051
0.128368
0.662
0.662
0.149124
0.662
0.125232
0.662
0.662
0.662
0.212153
0.662
0.248357
0.318997
0.662
0.662
0.662
0.562226
0.068247
0.254057
0.662
0.662
0.149115
0.437313
0.662
0.662
0.662
0.0739958
0.662
0.196847
0.216205
0.0372801
0.624466
0.662
0.662
0.419887
0.359052
0.315958
0.0952301
0.0539511
0.662
0.662
0.210203
0.224486
0.496122
0.0348893
0.662
0.358277
0.662
0.443156
0.662
0.0425127
0.662
0.0336593
0.148997
0.662
0.580426
0.525375
0.228851
0.662
0.662
0.662
0.662
0.662
0.128102
0.662
0.46444
0.301925
0.327631
0.147952
0.291539
0.662
0.339182
0.662
0.338256
0.662
0.662
0.462073
0.4177
0.662
0.415412
0.331569
0.475639
0.0867723
0.662
0.662
0.252523
0.0539691
0.32207
0.662
0.662
0.436866
0.662
0.0209542
0.662
0.0337256
0.435225
0.0349705
0.662
0.397611
0.662
0.662
0.662
0.0181743
0.264947
0.0376459
0.23325
0.662
0.662
0.662
0.0646041
0.662
0.470259
0.143717
0.195444
0.361452
0.662
0.102423
0.0226954
0.0836416
0.402991
0.0890716
0.614666
0.662
0.662
0.662
0.662
0.297498
0.299929
0.662
0.662
0.158757
0.397513
0.39234
0.141164
0.662
0.118587
0.315737
0.196522
0.662
0.662
0.343205
0.662
0.201989
0.662
0.444247
0.662
0.260602
0.343837
0.662
0.294427
0.662
0.473985
0.662
0.662
0.662
0.280811
0.174341
0.339929
0.662
0.0105867
0.662
0.662
0.662
0.292017
0.386906
0.662
0.0500694
0.662
0.109664
0.204219
0.170311
0.662
0.288833
0.662
0.12559
0.662
0.662
0.662
0.561773
0.662
0.662
0.662
0.424873
0.662
0.4104
0.662
0.468076
0.662
0.662
0.0300685
0.662
0.260517
0.0921392
0.662
0.269578
0.265888
0.376004
0.1429
0.662
0.662
0.0529614
0.662
0.226941
0.662
0.662
0.361651
0.230766
0.455125
0.252353
0.662
0.41052
0.280346
0.353064
0.662
0.329899
0.662
0.43875
0.662
0.236616
0.448126
0.308584
0.286848
0.662
0.662
0.662
0.436402
0.662
0.662
0.662
0.662
0.662
0.388454
0.437838
0.662
0.254493
0.445933
0.662
0.662
0.662
0.662
0.662
0.421137
0.662
0.662
0.0339685
0.662
0.0525269
0.272557
0.662
0.479177
0.662
0.44577
0.662
0.244382
0.662
0.662
0.662
0.662
0.662
0.0759277
0.662
0.280356
0.662
0.662
0.662
0.164317
0.570671
0.267675
0.476079
0.381049
0.662
0.662
0.376698
0.191231
0.662
0.415215
0.662
0.139158
0.383336
0.0908212
0.119697
0.662
0.662
0.653592
0.662
0.662
0.436956
0.420429
0.662
0.662
0.662
0.662
0.0615282
0.0843188
0.0781292
0.0169812
0.326177
0.463659
0.370873
0.215138
0.44772
0.662
0.386244
0.662
0.662
0.662
0.662
0.390085
0.662
0.332714
0.460864
0.368985
0.662
0.662
0.662
0.137747
0.662
0.662
0.662
0.284985
0.662
0.662
0.662
0.257718
0.662
0.180774
0.662
0.662
0.402118
0.564317
0.414956
0.662
0.63339
0.662
0.0672176
0.662
0.662
0.42434
0.3434
0.172552
0.343092
0.261686
0.0842267
0.0378826
0.00706875
0.662
0.662
0.188182
0.662
0.662
0.662
0.0422328
0.169524
0.291514
0.662
0.662
0.662
0.662
0.662
0.662
0.662
0.662
0.662
0.662
0.662
0.477229
0.448438
0.662
0.662
0.116504
0.662
0.662
0.662
0.22914
0.662
0.662
0.355347
0.208713
0.00977292
0.00331276
0.662
0.196084
0.662
0.662
0.151597
0.662
0.0873459
0.662
0.470482
0.293698
0.662
0.662
0.662
0.074165
0.662
0.236512
0.251623
0.242577
0.0503418
0.662
0.200813
0.662
0.662
0.662
0.662
0.139579
0.636231
0.0548001
0.39673
0.662
0.662
0.357824
0.662
0.41881
0.434755
0.662
0.662
0.40037
