0.169923
0.308584
0.305865
0.662
0.662
0.261052
0.662
0.326177
0.00671208
0.662
0.662
0.506415
0.244518
0.662
0.14634
0.0970625
0.662
0.662
0.662
0.280346
0.662
0.231116
0.00228547
0.662
0.0826451
0.662
0.269853
0.662
0.0269289
0.662
0.662
0.449331
0.662
0.662
0.240064
0.159477
0.662
0.662
0.662
0.0247523
0.662
0.144102
0.662
0.662
0.0950651
0.444413
0.42383
0.382051
0.44875
0.662
0.662
0.662
0.445349
0.662
0.662
0.0503418
0.662
0.662
0.453533
0.662
0.662
0.662
0.206482
0.434344
0.0337256
0.425665
0.662
0.662
0.662
0.662
0.306252
0.662
0.221695
0.0915532
0.662
0.662
0.662
0.308894
0.662
0.181847
0.0888321
0.128243
0.441339
0.357824
0.344213
0.662
0.662
0.359151
0.662
0.291518
0.1424
0.313935
0.23287
0.662
0.662
0.485865
0.662
0.662
0.662
0.0779987
0.662
0.520307
0.662
0.662
0.633694
0.108748
0.100371
0.662
0.392701
0.662
0.366368
0.662
0.662
0.662
0.260602
0.662
0.662
0.394362
0.0346077
0.0538563
0.254748
0.25281
0.662
0.0631554
0.662
0.662
0.392313
0.662
0.305477
0.653219
0.0098888
0.374882
0.398414
0.662
0.334144
0.252728
0.0690073
0.662
0.0749536
0.362742
0.662
0.336043
0.662
0.567919
0.0701901
0.0285148
0.662
0.177151
0.151597
0.337625
0.0644982
0.243693
0.417781
0.421137
0.383336
0.352346
0.348142
0.224566
0.0757206
0.662
0.662
0.662
0.662
0.0186486
0.419844
0.267675
0.416148
0.662
0.662
0.227132
0.238953
0.662
0.469172
0.429773
0.662
0.364873
0.200813
0.420415
0.662
0.662
0.201508
0.167207
0.662
0.0759277
0.184788
0.458753
0.662
0.233605
0.0212858
0.662
0.662
0.662
0.662
0.662
0.662
0.264158
0.43875
0.662
0.0499317
0.662
0.662
0.662
0.662
0.662
0.662
0.39769
0.662
0.662
0.662
0.44772
0.662
0.0548001
0.662
0.662
0.662
0.276482
0.662
0.662
0.445622
0.662
0.662
0.117116
0.183118
0.12394
0.386906
0.389219
0.110913
0.449942
0.270614
0.662
0.435435
0.434791
0.662
0.357493
0.662
0.460629
0.662
0.436866
0.417821
0.662
0.430207
0.662
0.662
0.122628
0.319262
0.3434
0.662
0.662
0.0783812
0.295795
0.662
0.229732
0.662
0.216095
0.159597
0.662
0.662
0.470482
0.00905241
0.436956
0.662
0.662
0.311557
0.662
0.239647
0.662
0.662
0.662
0.662
0.662
0.662
0.0553336
0.662
0.662
0.662
0.662
0.662
0.662
0.514721
0.257259
0.662
0.325893
0.662
0.173594
0.277414
0.284134
0.272063
0.0985737
0.353582
0.662
0.662
0.313016
0.0303311
0.0372801
0.662
0.238419
0.0153647
0.463394
0.662
0.0150487
0.662
0.662
0.662
0.662
0.53289
0.235428
0.662
0.662
0.218504
0.662
0.0237075
0.662
0.662
0.399072
0.46236
0.662
0.0237519
0.662
0.389684
0.0672176
0.0376459
0.0890716
0.224486
0.173207
0.389433
0.0348552
0.357255
0.315106
0.662
0.614666
0.0181743
0.662
0.365113
0.662
0.662
0.331234
0.0529614
0.285996
0.662
0.419887
0.00831521
0.662
0.0140197
0.662
0.662
0.662
0.0106763
0.662
0.662
0.408814
0.462538
0.528327
0.0857653
0.662
0.662
0.0026598
0.662
0.662
0.662
0.662
0.662
0.662
0.662
0.501067
0.662
0.130892
0.662
0.662
0.380181
0.662
0.095965
0.662
0.662
0.193885
0.0450215
0.275001
0.662
0.564132
0.204497
0.455125
0.662
0.662
0.662
0.662
0.662
0.662
0.662
0.662
0.662
0.662
0.19451
0.498815
0.209729
0.662
0.662
0.662
0.662
0.662
0.0155216
0.662
0.662
0.252235
0.254361
0.262054
0.662
0.418877
0.448438
0.662
0.30544
0.00111817
0.662
0.297498
0.263417
0.662
0.361148
0.662
0.662
0.00977292
0.662
0.662
0.662
0.0378826
0.361729
0.662
0.662
0.662
0.117793
0.594221
0.662
0.662
0.662
0.329618
0.662
0.662
0.0645954
0.662
0.662
0.662
0.471744
0.662
0.0921392
0.662
0.132804
0.0615282
0.662
0.662
0.662
0.0794919
0.662
0.404773
0.188644
0.188182
0.662
0.423489
0.662
0.45474
0.251623
0.435225
0.533559
0.468342
0.402991
0.662
0.662
0.434383
0.662
0.662
0.662
0.662
0.662
0.662
0.662
0.662
0.662
0.662
0.662
0.662
0.17021
0.393267
0.662
0.166665
0.662
0.465509
0.662
0.271345
0.252353
0.662
0.662
0.662
0.662
0.662
0.662
0.0127359
0.662
0.662
0.662
0.662
0.662
0.662
0.662
0.421861
0.662
0.607746
0.662
0.662
0.662
0.339929
0.662
0.662
0.662
0.2516
0.227134
0.471608
0.0111357
0.662
0.444247
0.49091
0.202382
0.237087
0.294427
0.662
0.662
0.141164
0.475268
0.662
0.331569
0.662
0.662
0.662
0.260287
0.0565932
0.367698
0.403714
0.662
0.562226
0.662
0.662
0.662
0.662
0.662
0.662
