0.134575
0.334388
0.662
0.187252
0.0717029
0.662
0.104928
0.662
0.460408
0.662
0.252949
0.392906
0.0515659
0.662
0.47948
0.662
0.662
0.662
0.145171
0.105088
0.662
0.662
0.0503525
0.645495
0.353487
0.662
0.662
0.46609
0.330436
0.485471
0.188698
0.470357
0.662
0.187896
0.662
0.366769
0.662
0.374698
0.662
0.662
0.662
0.180301
0.0343792
0.109467
0.662
0.532411
0.315277
0.348647
0.662
0.337882
0.35102
0.331808
0.662
0.662
0.579813
0.1389
0.255237
0.662
0.319436
0.0799266
0.291636
0.167791
0.662
0.662
0.363543
0.402817
0.0597229
0.260042
0.391732
0.662
0.22579
0.510079
0.662
0.0812455
0.12886
0.662
0.662
0.662
0.243031
0.422363
0.145053
0.24701
0.662
0.297051
0.181385
0.662
0.322744
0.662
0.460665
0.300364
0.662
0.662
0.662
0.136568
0.25967
0.662
0.155007
0.297112
0.4349
0.662
0.662
0.662
0.662
0.406287
0.423824
0.662
0.122731
0.325539
0.662
0.59657
0.662
0.662
0.662
0.662
0.662
0.343068
0.302743
0.346488
0.644648
0.327038
0.164296
0.662
0.305424
0.472979
0.418818
0.123873
0.230878
0.658351
0.211608
0.662
0.144816
0.662
0.374251
0.461707
0.662
0.532618
0.00381634
0.318773
0.165344
0.662
0.0619023
0.543685
0.662
0.662
0.525877
0.662
0.000971893
0.662
0.662
0.0923146
0.662
0.31179
0.662
0.662
0.662
0.335806
0.107606
0.187437
0.662
0.662
0.662
0.141909
0.106785
0.18573
0.533103
0.50374
0.249725
0.451804
0.189558
0.662
0.662
0.36625
0.278189
0.662
0.248232
0.662
0.662
0.662
0.273104
0.662
0.662
0.662
0.476672
0.468063
0.355302
0.424293
0.11767
0.662
0.662
0.662
0.662
0.117899
0.662
0.662
0.662
0.411745
0.00433332
0.624417
0.23706
0.00835037
0.247179
0.294553
0.133584
0.662
0.44468
0.662
0.30733
0.662
0.279764
0.662
0.254787
0.142097
0.486421
0.662
0.177612
0.662
0.662
0.457246
0.662
0.356323
0.17306
0.0772435
0.272014
0.662
0.445616
0.662
0.662
0.0591188
0.662
0.662
0.0741304
0.662
0.662
0.115762
0.221164
0.662
0.0778202
0.662
0.662
0.396023
0.662
0.175033
0.0936315
0.317434
0.438869
0.662
0.307546
0.233585
0.662
0.46567
0.662
0.662
0.662
0.662
0.662
0.662
0.662
0.269697
0.0507867
0.662
0.452897
0.153983
0.662
0.662
0.662
0.174223
0.662
0.629706
0.535316
0.662
0.662
0.662
0.662
0.662
0.662
0.252262
0.662
0.199829
0.662
0.662
0.662
0.662
0.198986
0.205426
0.662
0.370528
0.454235
0.662
0.169087
0.311804
0.494019
0.662
0.662
0.431989
0.209332
0.426712
0.263856
0.0808658
0.420888
0.662
0.463593
0.662
0.326608
0.662
0.460024
0.662
0.0924951
0.662
0.662
0.662
0.662
0.662
0.662
0.194739
0.236727
0.473921
0.534571
0.662
0.412567
0.293081
0.0312446
0.250211
0.336425
0.535467
0.662
0.662
0.00701685
0.399905
0.317801
0.662
0.464653
0.495267
0.662
0.662
0.159903
0.0206617
0.246384
0.662
0.662
0.662
0.0603085
0.662
0.205385
0.108716
0.662
0.662
0.662
0.070741
0.200578
0.472689
0.429684
0.662
0.662
0.0902798
0.12976
0.662
0.662
0.181143
0.662
0.0767503
0.662
0.182753
0.662
0.662
0.403914
0.662
0.305044
0.450699
0.662
0.0834919
0.118006
0.444502
0.662
0.490507
0.171109
0.662
0.662
0.662
0.374052
0.291766
0.662
0.321773
0.662
0.439296
0.312459
0.662
0.662
0.662
0.454042
0.125674
0.662
0.149811
0.355632
0.193193
0.662
0.662
0.319917
0.662
0.434546
0.387162
0.115029
0.472252
0.571334
0.662
0.662
0.00325155
0.662
0.662
0.443027
0.21527
0.662
0.472823
0.341587
0.662
0.409256
0.662
0.662
0.662
0.662
0.662
0.386371
0.163764
0.662
0.420173
0.068101
0.662
0.204177
0.662
0.662
0.662
0.662
0.589707
0.42903
0.249485
0.662
0.662
0.301346
0.145935
0.662
0.662
0.662
0.246064
0.257077
0.317908
0.662
0.662
0.220818
0.193164
0.518282
0.662
0.662
0.662
0.662
0.443259
0.458304
0.191235
0.175677
0.320591
0.53335
0.662
0.116416
0.662
0.662
0.420538
0.255208
0.662
0.182852
0.662
0.12749
0.662
0.662
0.662
0.662
0.218192
0.662
0.662
0.507325
0.470576
0.124873
0.428276
0.273277
0.662
0.662
0.425294
0.662
0.210505
0.662
0.181659
0.662
0.662
0.662
0.220399
0.558322
0.662
0.662
0.662
0.662
0.156297
0.662
0.662
0.0170584
0.662
0.463632
0.3041
0.383147
0.662
0.662
0.223327
0.191694
0.0800498
0.417465
0.355246
0.467457
0.662
0.466774
0.662
0.280864
0.662
0.288532
0.662
0.662
0.194595
0.662
0.101728
0.147962
0.378098
0.662
0.202133
0.662
0.406969
0.287967
0.271746
0.662
0.662
0.662
0.386571
0.662
0.136727
0.662
0.662
0.662
0.662
0.612411
0.662
0.262928
0.0380353
0.662
0.662
0.205398
0.421411
0.662
0.662
0.662
0.360491
0.312391
0.276647
0.662
0.662
0.662
0.252064
0.662
0.300482
0.662
0.416479
0.467003
0.231357
0.438963
0.0716925
0.662
0.662
0.501025
0.404533
0.662
0.662
0.506517
0.415788
0.662
0.286459
0.0736345
0.036561
0.558751
0.644324
0.0730963
0.344119
0.194813
0.398435
0.662
0.519211
0.318333
0.662
0.058915
0.662
0.0589672
0.662
0.187846
0.662
0.195838
0.0459462
0.417691
0.662
0.4591
0.119908
0.311727
0.520914
0.662
0.374105
0.217688
0.0605037
0.662
0.662
0.662
0.662
0.662
0.37628
0.662
0.662
0.662
0.195296
0.662
0.149964
0.662
0.128139
0.662
0.662
0.662
0.662
0.42529
0.0939047
0.153181
0.579184
0.244997
0.662
0.523941
0.662
0.373115
0.662
0.662
0.662
0.662
0.0302719
0.662
0.548974
0.00145415
0.162164
0.662
0.454685
0.186877
0.464261
0.662
0.662
0.662
0.662
0.662
0.662
0.662
0.205046
0.304256
0.662
0.662
0.662
0.380532
0.290753
0.289617
0.662
0.662
0.32549
0.662
0.662
0.662
0.662
0.436732
0.662
0.218964
0.662
0.451552
0.662
0.154638
0.662
0.466332
0.662
0.662
0.44499
0.36761
0.662
0.662
0.445296
0.344198
0.443744
0.0240994
0.478215
0.662
0.662
0.662
0.662
0.662
0.00600483
0.662
0.105573
0.331114
0.473283
0.177071
0.118429
0.403137
0.227967
0.662
0.341891
0.662
0.662
0.662
0.662
0.662
0.136486
0.401971
0.300974
0.662
0.408458
0.662
0.662
0.662
0.662
0.398033
0.384108
0.0562166
0.662
0.662
0.662
0.228761
0.662
0.662
0.631549
0.219986
0.662
0.662
0.662
0.662
0.0513969
0.662
0.662
0.662
0.662
0.282948
0.662
0.429781
0.324808
0.662
0.662
0.662
0.662
0.0196984
0.662
0.282797
0.662
0.207714
0.662
0.205502
0.662
0.662
0.662
0.662
0.662
0.39963
0.210255
0.662
0.071004
0.662
0.662
0.149742
0.662
0.662
0.662
0.434109
0.662
0.662
0.285179
0.662
0.360203
0.384531
0.662
0.303027
0.00620789
0.662
0.662
0.312291
0.161364
0.662
0.662
0.662
0.662
0.344762
0.38951
0.662
0.215133
0.364413
0.662
0.662
0.350058
0.43113
0.662
0.662
0.662
0.0260093
0.218977
0.662
0.0134085
0.662
0.662
0.662
0.662
0.466369
0.662
0.662
0.312237
0.544159
0.106113
0.662
0.662
0.261466
0.331894
0.159189
0.23901
0.27293
0.158536
0.662
0.163079
0.0586693
0.401068
0.201522
0.288955
0.0852576
0.325898
0.0956063
0.662
0.296345
0.662
0.395119
0.662
0.662
0.662
0.238237
0.171172
0.662
0.662
0.0578114
0.662
0.662
0.388912
0.130557
0.372702
0.596996
0.662
0.120109
0.662
0.662
0.467205
0.662
0.662
0.316187
0.662
0.662
0.402916
0.464756
0.309343
0.662
0.662
0.662
0.662
0.662
0.202727
0.662
0.477019
0.662
0.257194
0.375805
0.662
0.548885
0.29874
0.662
0.662
0.662
0.354076
0.662
0.0946825
0.272264
0.137718
0.0535056
0.662
0.662
0.300992
0.662
0.234323
0.0625115
0.662
0.662
0.662
0.662
0.470656
0.0436639
0.1013
0.34666
0.319555
0.662
0.15303
0.452516
0.00175176
0.399268
0.662
0.250384
0.662
0.0613751
0.45985
0.662
0.662
0.662
0.662
0.662
0.662
0.301562
0.662
0.346044
0.0326169
0.405538
0.595975
0.662
0.382739
0.662
0.662
0.439514
0.4813
0.662
0.24477
0.311491
0.199126
0.145539
0.120791
0.0137148
0.0165381
0.662
0.662
0.253044
0.662
0.662
0.297357
0.662
0.398513
0.662
0.662
0.662
0.662
0.38176
0.10593
0.127845
0.662
0.217985
0.662
0.662
0.0407599
0.662
0.471787
0.398597
0.662
0.481297
0.236284
0.662
0.475514
0.239908
0.662
0.662
0.662
0.479585
0.662
0.662
0.662
0.441023
0.426716
0.201002
0.047131
0.449252
0.474736
0.219283
0.662
0.662
0.662
0.662
0.662
0.351183
0.113339
0.452079
0.251149
0.662
0.219896
0.469674
0.662
0.0414216
0.662
0.662
0.662
0.662
0.581351
0.662
0.662
0.43261
0.396393
0.537592
0.0974716
0.351056
0.23189
0.662
0.164809
0.605117
0.440118
0.662
0.426306
0.662
0.662
0.662
0.318959
0.27428
0.0576754
0.006179
0.114032
0.361903
0.184917
0.662
0.241259
0.662
0.386054
0.662
0.535535
0.662
0.447013
0.63339
0.287186
0.662
0.662
0.223636
0.11858
0.662
0.0473622
0.662
0.0985564
0.662
0.662
0.662
0.261657
0.0365437
0.0978738
0.312817
0.662
0.662
0.662
0.234112
0.662
0.0401303
0.0221412
0.0926935
0.662
0.400014
0.284945
0.108821
0.662
0.31521
0.662
0.426675
0.662
0.0207757
0.330905
0.662
0.433102
0.662
0.442527
0.662
0.354823
0.272369
0.662
0.662
0.662
0.223958
0.431119
0.151071
0.150909
0.662
0.236451
0.335507
0.421633
0.662
0.662
0.16336
0.662
0.662
0.662
0.0403179
0.586498
0.267835
0.361183
0.438336
0.662
0.499174
0.209234
0.229934
0.399081
0.662
0.335508
0.662
0.283312
0.606458
0.282678
0.453183
0.610601
0.409452
0.1665
0.662
0.662
0.476207
0.382632
0.662
0.326384
0.141882
0.662
0.336262
0.369151
0.662
0.416969
0.249143
0.662
0.662
0.243036
0.251194
0.012582
0.662
0.0875593
0.662
0.357059
0.662
0.356968
0.662
0.432088
0.370924
0.0262677
0.662
0.662
0.662
0.662
0.232652
0.662
0.386813
0.662
0.385021
0.613525
0.662
0.662
0.662
0.662
0.662
0.626392
0.662
0.662
0.222317
0.662
0.662
0.125947
0.0861632
0.662
0.460819
0.662
0.470877
0.153821
0.662
0.167196
0.180701
0.36293
0.662
0.264874
0.090563
0.662
0.18974
0.0404177
0.662
0.412843
0.662
0.662
0.314831
0.388601
0.164589
0.239271
0.662
0.662
0.662
0.662
0.662
0.662
0.550309
0.662
0.345923
0.134467
0.662
0.230687
0.662
0.662
0.662
0.662
0.305914
0.311892
0.662
0.662
0.662
0.662
0.662
0.662
0.662
0.662
0.216207
0.10956
0.662
0.662
0.325005
0.662
0.283293
