0.662
0.231183
0.662
0.662
0.403914
0.0916548
0.0811579
0.662
0.662
0.358085
0.662
0.535388
0.152945
0.28173
0.419652
0.662
0.00602388
0.476106
0.060296
0.13385
0.662
0.41851
0.494996
0.455963
0.662
0.662
0.662
0.33013
0.662
0.379797
0.148634
0.238156
0.662
0.305308
0.662
0.403826
0.662
0.662
0.662
0.0676308
0.255444
0.662
0.662
0.662
0.662
0.118769
0.479169
0.662
0.156749
0.0942525
0.662
0.662
0.662
0.662
0.0222739
0.00976761
0.662
0.662
0.191478
0.662
0.662
0.38351
0.662
0.662
0.662
0.662
0.281532
0.662
0.662
0.662
0.662
0.662
0.277013
0.662
0.481655
0.662
0.0139363
0.215906
0.250153
0.662
0.662
0.662
0.248002
0.662
0.305637
0.662
0.650758
0.662
0.662
0.662
0.312653
0.662
0.662
0.21725
0.390463
0.662
0.316841
0.148231
0.361033
0.450182
0.114229
0.662
0.662
0.662
0.662
0.662
0.662
0.289044
0.393328
0.662
0.340324
0.191473
0.662
0.207359
0.662
0.662
0.662
0.408245
0.662
0.286092
0.662
0.336115
0.662
0.662
0.662
0.662
0.662
0.397408
0.662
0.404223
0.583896
0.045395
0.0393102
0.662
0.662
0.662
0.103727
0.483402
0.662
0.404964
0.662
0.364506
0.662
0.359169
0.662
0.116945
0.662
0.662
0.261342
0.353553
0.662
0.662
0.662
0.0548389
0.272611
0.381055
0.662
0.662
0.662
0.662
0.662
0.662
0.662
0.662
0.472838
0.662
0.0072214
0.662
0.454266
0.662
0.662
0.662
0.662
0.662
0.662
0.329062
0.662
0.0648188
0.662
0.662
0.169191
0.662
0.137626
0.186775
0.662
0.157293
0.662
0.662
0.662
0.16034
0.144859
0.0199442
0.662
0.488922
0.438723
0.252102
0.221475
0.434689
0.662
0.662
0.662
0.662
0.30727
0.662
0.662
0.662
0.0546804
0.662
0.321977
0.0822864
0.251949
0.455151
0.662
0.662
0.314993
0.662
0.03404
0.662
0.662
0.168265
0.285624
0.267596
0.662
0.190665
0.609363
0.662
0.662
0.662
0.662
0.662
0.446334
0.662
0.110102
0.570872
0.501565
0.662
0.662
0.662
0.476107
0.415293
0.200715
0.469895
0.25695
0.230393
0.662
0.662
0.407952
0.201214
0.17722
0.361826
0.662
0.268779
0.321302
0.472169
0.662
0.662
0.300882
0.158638
0.163815
0.166618
0.662
0.662
0.662
0.378892
0.223336
0.217754
0.290264
0.662
0.662
0.0465383
0.662
0.662
0.662
0.662
0.292372
0.662
0.200872
0.478646
0.40021
0.662
0.445622
0.662
0.163539
0.030596
0.662
0.662
0.00112218
0.0499278
0.407741
0.662
0.662
0.662
0.662
0.389847
0.0552147
0.495606
0.0106832
0.662
0.271748
0.378857
0.662
0.282021
0.0165155
0.115681
0.259023
0.235561
0.284712
0.662
0.438024
0.662
0.662
0.156701
0.662
0.0276367
0.307323
0.186079
0.662
0.0754148
0.484245
0.662
0.212867
0.129973
0.556854
0.178524
0.226275
0.0930555
0.662
0.461877
0.662
0.662
0.662
0.662
0.304839
0.662
0.399704
0.662
0.109164
0.662
0.448173
0.662
0.182756
0.662
0.306275
0.662
0.662
0.662
0.662
0.0643454
0.662
0.625874
0.662
0.662
0.00696535
0.662
0.380998
0.662
0.13391
0.319651
0.662
0.601435
0.662
0.662
0.662
0.17069
0.662
0.611407
0.477412
0.662
0.0876482
0.444722
0.657945
0.662
0.662
0.662
0.126615
0.662
0.185802
0.450186
0.662
0.325166
0.662
0.662
0.184748
0.0677763
0.662
0.329398
0.133677
0.662
0.662
0.662
0.662
0.662
0.662
0.662
0.598947
0.662
0.0135909
0.292636
0.662
0.240575
0.662
0.662
0.662
0.0752255
0.662
0.662
0.0933393
0.393307
0.662
0.662
0.662
0.530256
0.662
0.202473
0.335852
0.662
0.147627
0.662
0.468462
0.662
0.662
0.388782
0.662
0.662
0.662
0.662
0.340352
0.662
0.083388
0.0757135
0.662
0.662
0.462443
0.662
0.662
0.662
0.662
0.662
0.0111067
0.411992
0.211299
0.662
0.662
0.264962
0.662
0.412972
0.226814
0.662
0.662
0.662
0.0701757
0.662
0.662
0.183228
0.662
0.662
0.662
0.662
0.662
0.280233
0.220411
0.22163
0.662
0.662
0.429676
0.662
0.662
0.662
0.662
0.491179
0.0975463
0.268009
0.662
0.662
0.662
0.156341
0.439357
0.100817
0.662
0.662
0.662
0.662
0.483828
0.662
0.662
0.662
0.271994
0.662
0.662
0.128181
0.662
0.0767616
0.382142
0.405237
0.134459
0.662
0.662
0.262234
0.248003
0.421942
0.42533
0.0111791
0.662
0.662
0.662
0.662
0.662
0.0219596
0.662
0.334041
0.466275
0.496924
0.662
0.345848
0.662
0.200865
0.354595
0.662
0.662
0.662
0.0283743
0.0626352
0.662
0.662
0.0206655
0.662
0.460671
0.662
0.494212
0.502191
0.662
0.504225
0.376405
0.374566
0.662
0.662
0.13119
0.318807
0.267675
0.662
0.662
0.0832358
0.662
0.408195
0.0904394
0.524481
0.662
0.243118
0.662
0.662
0.0641444
0.662
0.418555
0.662
0.433201
0.407216
0.0620049
0.317032
0.662
0.662
0.662
0.662
0.228901
0.662
0.209181
0.31965
0.662
0.274067
0.0160595
0.662
0.236822
0.662
0.662
0.662
0.353714
0.0691177
0.662
0.662
0.127407
0.0588141
0.161081
0.662
0.662
0.662
0.662
0.074753
0.662
0.662
0.662
0.662
0.662
0.662
0.382555
0.662
0.662
0.326081
0.381611
0.472528
0.662
0.258588
0.662
0.662
0.662
0.293917
0.662
0.662
0.0511756
0.11
0.662
0.0638248
0.39922
0.662
0.662
0.246886
0.0149696
0.662
0.662
0.662
0.561478
0.343479
0.217406
0.662
0.139878
0.662
0.454151
0.154168
0.0914665
0.662
0.107156
0.662
0.662
0.500271
0.662
0.662
0.177758
0.662
0.662
0.0453492
0.662
0.146124
0.280658
0.662
0.662
0.662
0.4535
0.662
0.151879
0.662
0.662
0.169335
0.662
0.381284
0.255816
0.662
0.662
0.456068
0.662
0.662
0.662
0.330766
0.662
0.662
0.0181458
0.40986
0.662
0.662
0.662
0.385285
0.208586
0.662
0.662
0.182569
0.382415
0.0488244
0.0134079
0.662
0.253462
0.633694
0.662
0.442291
0.448438
0.243974
0.336652
0.662
0.148575
0.0904282
0.662
0.0437895
0.662
0.662
0.470793
0.662
0.0604599
0.662
0.662
0.662
0.662
0.292886
0.564179
0.662
0.662
0.662
0.172567
0.504348
0.322727
0.662
0.0865598
0.500066
0.662
0.662
0.607622
0.0123826
0.662
0.662
0.410567
0.662
0.42726
0.0860689
0.0726842
0.303529
0.0288521
0.662
0.0137813
0.662
0.662
0.139764
0.662
