0.662
0.662
0.173351
0.662
0.662
0.171975
0.460991
0.662
0.662
0.662
0.00769412
0.218742
0.662
0.662
0.662
0.662
0.662
0.662
0.662
0.662
0.287907
0.662
0.662
0.662
0.267063
0.662
0.662
0.0677308
0.085055
0.662
0.662
0.0527934
0.662
0.662
0.414132
0.238786
0.351825
0.662
0.374138
0.0511008
0.662
0.1682
0.281072
0.662
0.225661
0.662
0.391169
0.662
0.662
0.662
0.572239
0.662
0.370799
0.225689
0.360869
0.0470708
0.662
0.466401
0.249524
0.662
0.0447772
0.662
0.235473
0.0182515
0.572754
0.662
0.662
0.290579
0.255801
0.457628
0.662
0.662
0.662
0.662
0.44046
0.662
0.662
0.311236
0.662
0.662
0.115569
0.420693
0.108768
0.662
0.0980777
0.377553
0.0602733
0.662
0.0738484
0.662
0.42328
0.425606
0.662
0.662
0.662
0.662
0.662
0.662
0.662
0.0411191
0.188593
0.428295
0.502907
0.0796482
0.172204
0.265652
0.309809
0.662
0.662
0.225029
0.662
0.662
0.662
0.0828276
0.259424
0.148129
0.662
0.155267
0.286447
0.662
0.662
0.662
0.662
0.662
0.487494
0.126136
0.0543872
0.366171
0.199717
0.0385522
0.438021
0.270411
0.662
0.662
0.662
0.662
0.29553
0.0540059
0.304088
0.662
0.662
0.409144
0.143251
0.662
0.143912
0.662
0.192571
0.662
0.467835
0.132811
0.662
0.152124
0.327118
0.448535
0.267073
0.662
0.458935
0.662
0.662
0.662
0.0968677
0.450291
0.662
0.192948
0.662
0.662
0.209095
0.230879
0.662
0.0201451
0.0298226
0.662
0.250552
0.196235
0.281126
0.00712904
0.292936
0.662
0.662
0.126731
0.326981
0.662
0.403023
0.392328
0.12317
0.662
0.662
0.662
0.662
0.468376
0.200517
0.0956412
0.662
0.662
0.662
0.662
0.424487
0.327892
0.662
0.662
0.211607
0.173429
0.662
0.662
0.275468
0.482641
0.554177
0.357851
0.662
0.662
0.307632
0.662
0.37229
0.662
0.0509527
0.662
0.662
0.662
0.193733
0.662
0.351538
0.662
0.149399
0.662
0.00270541
0.662
0.662
0.662
0.475369
0.662
0.662
0.476094
0.408441
0.0847285
0.662
0.662
0.0607933
0.472581
0.0440411
0.444949
0.662
0.403653
0.662
0.662
0.662
0.112225
0.662
0.116689
0.0301014
0.464319
0.662
0.202529
0.662
0.0153362
0.662
0.424569
0.662
0.295651
0.662
0.417762
0.662
0.662
0.662
0.386123
0.662
0.662
0.342444
0.662
0.662
0.244988
0.383588
0.662
0.437232
0.0341512
0.469397
0.00305917
0.662
0.232453
0.0817065
0.0950086
0.221065
0.662
0.662
0.662
0.662
0.197893
0.662
0.45304
0.388674
0.369046
0.662
0.116444
0.0488527
0.0850648
0.121095
0.079863
0.164015
0.662
0.662
0.336417
0.260719
0.662
0.0383425
0.662
0.00961523
0.662
0.175081
0.325268
0.662
0.316722
0.292673
0.0939443
0.662
0.399192
0.662
0.662
0.662
0.662
0.215042
0.0943923
0.629596
0.255401
0.0452529
0.662
0.662
0.438179
0.260416
0.260006
0.289828
0.662
0.662
0.662
0.550865
0.389407
0.662
0.354993
0.662
0.398518
0.37395
0.662
0.662
0.335534
0.338726
0.179297
0.370454
0.500853
0.16103
0.662
0.662
0.662
0.662
0.662
0.662
0.662
0.662
0.662
0.662
0.662
0.452247
0.662
0.181514
0.662
0.662
0.464932
0.0220848
0.201392
0.397326
0.662
0.482397
0.288662
0.587986
0.662
0.662
0.662
0.0402664
0.662
0.662
0.662
0.214239
0.0092449
0.274646
0.184693
0.204595
0.662
0.662
0.0619679
0.662
0.064038
0.662
0.662
0.662
0.0640027
0.662
0.662
0.662
0.30536
0.662
0.662
0.220412
0.404104
0.662
0.157237
0.662
0.662
0.662
0.459737
0.662
0.135289
0.296185
0.662
0.662
0.457912
0.662
0.569463
0.42372
0.662
0.662
0.383291
0.366124
0.662
0.372421
0.123886
0.0438733
0.662
0.662
0.662
0.662
0.662
0.324572
0.662
0.662
0.202237
0.430486
0.210525
0.376673
0.161166
0.662
0.662
0.662
0.232962
0.662
0.401529
0.662
0.662
0.489228
0.309401
0.0484058
0.400957
0.135105
0.221314
0.0822745
0.662
0.342891
0.662
0.264393
0.244042
0.662
0.662
0.433249
0.0804229
0.662
0.662
0.662
0.662
0.662
0.314837
0.662
0.159824
0.158989
0.662
0.662
0.0498568
0.442167
0.388256
0.662
0.372376
0.0907161
0.264638
0.531095
0.0595527
0.151988
0.0274649
0.339044
0.662
0.662
0.594286
0.662
0.662
0.0520075
0.049657
0.662
0.221372
0.662
0.662
0.662
0.303649
0.185261
0.662
0.662
0.662
0.662
0.662
0.379989
0.399934
0.662
0.0643363
0.124156
0.662
0.0329769
0.133812
0.662
0.431382
0.198809
0.662
0.131797
0.662
0.331012
0.662
0.662
0.182281
0.23594
0.0795846
0.662
0.662
0.00794963
0.662
0.0303748
0.662
0.336242
0.662
0.452727
0.437417
0.662
0.315542
0.269051
0.662
0.241784
0.662
0.662
0.662
0.662
0.662
0.662
0.100096
0.662
0.662
0.286457
0.139852
0.0469968
0.281868
0.391319
0.2356
0.662
0.209849
0.662
0.278796
0.320241
0.407713
0.662
0.278313
0.110152
0.256474
0.616952
0.662
0.662
0.244674
0.662
0.662
0.662
0.662
0.150171
0.662
0.0178503
0.662
0.542848
0.662
0.378832
0.353789
0.662
0.662
0.662
0.662
0.662
0.662
0.662
0.662
0.479868
0.285334
0.662
0.358652
0.0940992
0.256646
0.447058
0.46925
0.277454
0.662
0.0230747
0.376758
0.662
0.662
0.119548
0.0752485
0.436697
0.662
0.662
0.444793
0.662
0.662
0.662
0.174373
0.45558
0.662
0.662
0.662
0.662
0.662
0.662
0.662
0.662
0.662
0.338397
0.662
0.662
0.31286
0.316375
0.662
0.662
0.662
0.662
0.619249
0.412949
0.662
0.260088
0.662
0.348732
0.253765
0.662
0.414532
0.122574
0.414825
0.662
0.662
0.143307
0.322411
0.662
0.662
0.662
0.662
0.662
0.662
0.662
0.247568
0.248466
0.662
0.662
0.662
0.662
0.335483
0.662
0.386083
0.206947
0.0502029
0.397691
0.662
0.662
0.662
0.662
0.364082
0.4046
0.662
0.151606
0.0464144
0.190719
0.662
0.0938046
0.662
0.662
0.662
0.662
0.662
0.15642
0.662
0.662
0.629706
0.178766
0.662
0.662
0.392182
0.472506
0.662
0.662
0.352636
0.116654
0.379699
0.662
0.662
0.248003
0.47083
0.604128
0.662
0.662
0.105785
0.662
0.662
0.662
0.583079
0.0902437
0.382674
0.0631288
0.348134
0.282757
0.438436
0.662
0.18568
0.172077
0.387103
0.662
0.662
0.328303
0.410148
0.662
0.662
0.356975
0.40679
0.662
0.662
0.662
0.316548
0.662
0.136846
0.662
0.554509
0.203247
0.662
0.255104
0.0198049
0.284607
0.398083
0.662
0.0616162
0.662
0.375836
0.250388
0.662
0.0164014
0.420235
0.331416
0.662
0.662
0.236753
0.104658
0.52387
0.662
0.662
0.662
0.662
0.662
0.232152
0.662
0.662
0.380884
0.0710374
0.662
0.662
0.410889
0.272116
0.114836
0.662
0.25182
0.662
0.662
0.662
0.662
0.131123
0.45108
0.662
0.307639
0.662
0.471759
0.662
0.032014
0.123309
0.662
0.437
0.662
0.0140453
0.276572
0.356682
0.662
0.662
0.325902
0.662
0.0599293
0.662
0.662
0.283784
0.235746
0.0348539
0.374448
0.662
0.472368
0.229519
0.662
0.126959
0.662
0.662
0.662
0.662
0.170098
0.662
0.218414
0.249377
0.463933
0.662
0.662
0.662
0.662
0.21397
0.662
0.0718133
0.662
0.662
0.662
0.00256567
0.662
0.662
0.423015
0.662
0.662
0.662
0.169366
0.070721
0.662
0.320029
0.251926
0.412303
0.662
0.122724
0.435047
0.0664296
0.0042706
0.0250465
0.170393
0.662
0.455351
0.662
0.174254
0.662
0.662
0.662
0.319103
0.460955
0.365504
0.51019
0.030881
0.453844
0.413884
0.358766
0.412011
