0.662
0.00994117
0.42726
0.662
0.662
0.662
0.662
0.662
0.407952
0.421942
0.0573866
0.382355
0.662
0.293917
0.0218645
0.662
0.27459
0.662
0.662
0.430089
0.662
0.658126
0.662
0.662
0.483402
0.662
0.321302
0.300882
0.662
0.191478
0.248219
0.353505
0.662
0.662
0.662
0.340352
0.561478
0.114229
0.135408
0.662
0.662
0.0112316
0.662
0.662
0.382415
0.662
0.662
0.310087
0.662
0.167005
0.662
0.662
0.662
0.127407
0.662
0.662
0.662
0.662
0.140989
0.42533
0.285624
0.662
0.662
0.662
0.662
0.353553
0.0790156
0.662
0.419652
0.662
0.662
0.662
0.662
0.105253
0.271748
0.662
0.662
0.0568793
0.158638
0.123547
0.662
0.107434
0.662
0.662
0.662
0.592827
0.662
0.662
0.662
0.22163
0.662
0.0892747
0.662
0.0379595
0.662
0.662
0.203518
0.156341
0.163539
0.45264
0.662
0.0757135
0.662
0.472169
0.226275
0.662
0.662
0.662
0.408245
0.662
0.271221
0.662
0.148575
0.662
0.662
0.412511
0.662
0.0324724
0.662
0.662
0.633391
0.662
0.268009
0.231183
0.662
0.593338
0.228901
0.267675
0.662
0.662
0.326081
0.662
0.385285
0.388384
0.662
0.662
0.662
0.186775
0.662
0.662
0.662
0.662
0.225552
0.662
0.662
0.0072214
0.662
0.418555
0.267596
0.662
0.662
0.251297
0.662
0.277013
0.121449
0.662
0.438723
0.662
0.394688
0.662
0.184748
0.662
0.662
0.368169
0.662
0.662
0.0726842
0.0933393
0.318807
0.258588
0.662
0.662
0.662
0.662
0.662
0.662
0.168265
0.455963
0.662
0.0643454
0.662
0.261342
0.662
0.662
0.662
0.662
0.468615
0.212875
0.166618
0.662
0.662
0.662
0.662
0.662
0.662
0.450182
0.40975
0.662
0.662
0.148231
0.662
0.0181458
0.116945
0.0604599
0.662
0.662
0.0165155
0.662
0.662
0.662
0.074753
0.662
0.438024
0.212698
0.662
0.0106832
0.134459
0.662
0.0276367
0.083388
0.662
0.0701826
0.662
0.662
0.662
0.662
0.448438
0.454266
0.662
0.662
0.662
0.310962
0.662
0.403826
0.00602388
0.662
0.662
0.470793
0.329398
0.662
0.230393
0.0916548
0.662
0.46316
0.662
0.0680721
0.662
0.0247158
0.662
0.0920385
0.105861
0.662
0.429676
0.662
0.662
0.662
0.117883
0.442291
0.354595
0.284776
0.524481
0.662
0.662
0.662
0.662
0.662
0.272611
0.321977
0.662
0.306996
0.0713829
0.4535
0.063154
0.662
0.662
0.662
0.442875
0.41851
0.208586
0.662
0.662
0.424663
0.662
0.322727
0.662
0.662
0.662
0.271994
0.188655
0.200865
0.0139363
0.662
0.200715
0.662
0.494996
0.662
0.251532
0.662
0.4475
0.564581
0.662
0.0803252
0.662
0.662
0.662
0.662
0.662
0.662
0.662
0.240575
0.206045
0.662
0.0115902
0.225643
0.108294
0.472838
0.306275
0.607622
0.486666
0.662
0.389847
0.662
0.662
0.26355
0.129973
0.662
0.662
0.0975463
0.0904282
0.662
0.662
0.662
0.662
0.662
0.433201
0.662
0.662
0.662
0.303383
0.662
0.662
0.662
0.662
0.662
0.662
0.156749
0.34434
0.662
0.166172
0.662
0.457153
0.662
0.00485902
0.307323
0.145088
0.662
0.662
0.1424
0.662
0.252102
0.662
0.500271
0.662
0.662
0.662
0.552844
0.178032
0.662
0.662
0.662
0.129669
0.662
0.662
0.662
0.662
0.662
0.662
0.662
0.454609
0.266453
0.662
0.34226
0.0300604
0.662
0.230321
0.386776
0.0219596
0.226814
0.662
0.466275
0.33013
0.251949
0.662
0.662
0.477412
0.662
0.662
0.662
0.476106
0.662
0.662
0.662
0.145231
0.378892
0.662
0.662
0.662
0.0876482
0.0548389
0.662
0.350123
0.408245
0.248002
0.502191
0.469289
0.662
0.411992
0.662
0.662
0.211299
0.662
0.390463
0.30727
0.0860689
0.235561
0.662
0.0277476
0.662
0.662
0.662
0.662
0.662
0.662
0.0552147
0.186079
0.662
0.456068
0.662
0.410567
0.223336
0.424922
0.570872
0.340324
0.662
0.501565
0.662
0.662
0.479169
0.230631
0.662
0.662
0.662
0.662
0.662
0.0137813
0.662
0.662
0.662
0.662
0.662
0.662
0.0701757
0.476107
0.0883446
0.585586
0.500066
0.662
0.662
0.662
0.00554107
0.662
0.311351
0.662
0.662
0.193453
0.343211
0.200872
0.110102
0.662
0.0576622
0.434689
0.662
0.662
0.662
0.662
0.662
0.662
0.118769
0.662
0.319651
0.060296
0.662
0.662
0.127919
0.662
0.662
0.662
0.662
0.662
0.137952
0.662
0.504348
0.662
0.0822864
0.207359
0.662
0.255816
0.412972
0.633694
0.12093
0.146111
0.662
0.662
0.662
0.0657093
0.039638
0.662
0.662
0.662
0.662
0.662
0.403914
0.662
0.662
0.662
0.662
0.393307
0.662
0.662
0.662
0.408195
0.232426
0.662
0.611407
0.662
0.662
0.662
0.0288521
0.662
0.243071
0.662
0.194344
0.662
0.103727
0.662
0.345848
0.662
0.259023
0.144859
0.662
0.506154
0.662
0.662
0.662
0.329062
0.662
0.448189
0.533353
0.2518
0.468462
0.358085
0.662
0.662
0.292372
0.0507772
0.650758
0.662
0.169335
0.662
0.662
0.398018
0.332942
0.469895
0.662
0.662
0.0247523
0.662
0.215906
0.0914665
0.662
0.662
0.662
0.405237
0.169191
0.662
0.662
0.662
0.262892
0.0677763
0.292886
0.662
0.662
0.349626
0.250153
0.662
0.0896882
0.662
0.334041
0.0669744
0.530256
0.662
0.317032
0.662
0.662
0.662
0.662
0.452912
0.662
0.0754148
0.662
0.662
0.13119
0.662
0.336652
0.662
0.549824
0.353714
0.662
0.662
0.662
0.284101
0.662
0.662
0.151879
0.662
0.154168
0.445622
0.662
0.287029
0.601435
0.662
0.662
0.40986
0.243118
0.662
0.662
0.146124
0.662
0.662
0.549558
0.662
0.662
0.444297
0.662
0.0119041
0.444722
0.662
0.397408
0.662
0.662
0.128266
0.662
0.662
0.0615315
0.246886
0.662
0.662
0.476058
0.576286
0.390055
0.662
0.662
0.662
0.662
0.455151
0.00112218
0.40021
0.662
0.662
0.382555
0.662
0.662
0.0149696
0.0236404
0.662
0.662
0.450186
0.408323
0.662
0.662
0.662
0.662
0.28733
0.662
0.662
0.662
0.662
0.361033
0.0111791
0.662
0.662
0.231649
0.0478578
0.662
0.662
0.109164
0.354135
0.515969
0.662
0.662
