0.297498
0.662
0.470482
0.117793
0.421137
0.662
0.0378826
0.662
0.662
0.0181743
0.39769
0.148997
0.181847
0.357824
0.662
0.254493
0.0525269
0.244382
0.331569
0.662
0.662
0.662
0.662
0.662
0.662
0.662
0.662
0.662
0.662
0.252353
0.0179112
0.0779987
0.389219
0.0348893
0.662
0.227134
0.250844
0.662
0.662
0.662
0.272063
0.662
0.251623
0.662
0.30969
0.353582
0.431277
0.662
0.441707
0.662
0.255806
0.0226954
0.662
0.44772
0.662
0.662
0.662
0.662
0.0337256
0.286848
0.662
0.662
0.662
0.662
0.299929
0.662
0.662
0.662
0.662
0.662
0.376698
0.662
0.155798
0.376004
0.662
0.259985
0.662
0.443156
0.662
0.662
0.662
0.662
0.662
0.341408
0.3434
0.315737
0.0734607
0.141164
0.102423
0.398553
0.451491
0.157178
0.570671
0.662
0.0759277
0.662
0.366368
0.662
0.278345
0.394362
0.0179304
0.485947
0.398414
0.662
0.662
0.662
0.476079
0.139158
0.375511
0.662
0.662
0.662
0.662
0.662
0.233605
0.276245
0.662
0.0348552
0.662
0.533559
0.419326
0.662
0.662
0.662
0.354244
0.662
0.42434
0.0769468
0.307786
0.399072
0.448888
0.662
0.260602
0.662
0.662
0.662
0.437838
0.329899
0.508137
0.662
0.662
0.662
0.662
0.662
0.662
0.662
0.662
0.41881
0.662
0.192571
0.662
0.662
0.662
0.662
0.414623
0.473985
0.172552
0.662
0.381049
0.662
0.462287
0.662
0.236512
0.0105867
0.460629
0.662
0.151597
0.0550621
0.662
0.357099
0.662
0.39673
0.662
0.662
0.662
0.662
0.325893
0.662
0.46444
0.662
0.448438
0.257718
0.662
0.662
0.119697
0.0425468
0.662
0.0539511
0.662
0.108748
0.275901
0.397611
0.386906
0.339929
0.662
0.0429579
0.224566
0.200813
0.450589
0.39234
0.662
0.662
0.194827
0.436956
0.662
0.158757
0.662
0.662
0.271894
0.662
0.0615282
0.662
0.315958
0.484288
0.662
0.662
0.662
0.653592
0.662
0.662
0.436402
0.359052
0.662
0.662
0.309481
0.662
0.577656
0.00331276
0.30242
0.185759
0.662
0.662
0.662
0.662
0.662
0.445933
0.46236
0.662
0.662
0.429783
0.267169
0.662
0.662
0.1429
0.662
0.662
0.662
0.40037
0.662
0.421234
0.0843188
0.662
0.662
0.662
0.662
0.662
0.662
0.465509
0.487446
0.0372801
0.435225
0.280346
0.662
0.00359181
0.662
0.662
0.662
0.193515
0.662
0.662
0.662
0.662
0.662
0.419887
0.662
0.098491
0.305221
0.267675
0.0300685
0.662
0.0503418
0.662
0.662
0.262898
0.508504
0.662
0.662
0.662
0.0904364
0.313016
0.662
0.371289
0.348681
0.0646041
0.0257787
0.662
0.662
0.662
0.662
0.662
0.662
0.109664
0.227617
0.662
0.43875
0.247698
0.272557
0.662
0.373926
0.662
0.498978
0.662
0.662
0.662
0.208713
0.662
0.386244
0.662
0.12394
0.564317
0.662
0.662
0.295426
0.662
0.662
0.662
0.662
0.662
0.662
0.0705703
0.662
0.224486
0.0883185
0.662
0.191947
0.662
0.662
0.662
0.437313
0.662
0.662
0.662
0.295795
0.662
0.0672176
0.614666
0.192285
0.662
0.455125
0.294427
0.421861
0.0530032
0.180287
0.358277
0.0425127
0.0818967
0.175134
0.662
0.315971
0.402991
0.525375
0.662
0.662
0.662
0.475803
0.193924
0.444247
0.212674
0.196522
0.212153
0.662
0.149115
0.662
0.662
0.662
0.144102
0.662
0.662
0.662
0.353064
0.662
0.00977292
0.662
0.0908212
0.0964042
0.292017
0.415274
0.662
0.0921392
0.662
0.662
0.23287
0.480462
0.662
0.264574
0.662
0.662
0.343655
0.326177
0.662
0.662
0.662
0.383336
0.178563
0.352772
0.308584
0.355347
0.0529614
0.0469799
0.455222
0.662
0.0339685
0.662
0.662
0.0836416
0.562226
0.662
0.662
0.662
0.662
0.662
0.170311
0.662
0.240064
0.662
0.173207
0.662
0.662
0.322898
0.415215
0.447893
0.124784
0.252114
0.0548001
0.662
0.662
0.580426
0.662
0.143969
0.455453
0.662
0.451382
0.0539691
0.0950651
0.662
0.662
0.662
0.662
0.662
0.361651
0.662
0.662
0.662
0.420622
0.294435
0.0739958
0.662
0.662
0.505899
0.068247
0.337252
0.662
0.662
0.662
0.662
0.214004
0.662
0.479177
0.662
0.413318
0.662
0.662
0.662
0.194144
0.662
0.475639
0.2516
0.662
0.43193
0.662
0.662
0.662
0.662
0.662
0.291518
0.662
0.169524
0.662
0.0500694
0.331473
0.662
0.662
0.343092
0.466539
0.662
0.436866
0.662
0.662
0.662
0.24634
0.662
0.662
0.662
0.662
0.262054
0.662
0.662
