0.662
0.418984
0.662
0.125445
0.259023
0.0436145
0.662
0.371695
0.662
0.226814
0.066759
0.338331
0.662
0.662
0.662
0.0501356
0.249215
0.355567
0.662
0.121658
0.662
0.662
0.662
0.662
0.415293
0.314993
0.662
0.662
0.000927661
0.662
0.438723
0.48974
0.662
0.662
0.317032
0.319651
0.177806
0.662
0.662
0.11
0.662
0.662
0.662
0.662
0.662
0.252102
0.662
0.662
0.449292
0.662
0.662
0.662
0.662
0.662
0.393807
0.460671
0.662
0.662
0.0691177
0.662
0.35232
0.662
0.662
0.662
0.63339
0.662
0.220411
0.0319279
0.370684
0.662
0.662
0.662
0.0139363
0.662
0.0318614
0.00519978
0.250153
0.349974
0.662
0.253462
0.662
0.662
0.231728
0.0613704
0.271748
0.273636
0.280658
0.662
0.662
0.629706
0.178524
0.13553
0.133202
0.662
0.662
0.662
0.662
0.662
0.662
0.500066
0.662
0.662
0.0165155
0.0717011
0.186139
0.662
0.412972
0.541524
0.296952
0.662
0.0860689
0.0109311
0.440525
0.327154
0.123328
0.317259
0.345413
0.662
0.472169
0.662
0.662
0.41851
0.662
0.662
0.336115
0.177758
0.662
0.0863098
0.114853
0.662
0.662
0.109164
0.247993
0.255816
0.662
0.662
0.158638
0.240762
0.561478
0.662
0.662
0.662
0.469659
0.446543
0.477412
0.483402
0.662
0.0342528
0.662
0.0782881
0.662
0.199002
0.662
0.662
0.662
0.662
0.463088
0.662
0.662
0.662
0.454031
0.662
0.662
0.662
0.662
0.662
0.662
0.212763
0.291847
0.662
0.662
0.662
0.662
0.17722
0.217754
0.662
0.662
0.662
0.662
0.375116
0.662
0.363153
0.389847
0.662
0.662
0.397408
0.224349
0.556854
0.662
0.231183
0.0876482
0.407216
0.662
0.662
0.662
0.662
0.258606
0.662
0.662
0.0219596
0.662
0.662
0.335852
0.307323
0.450186
0.408195
0.662
0.662
0.0916548
0.662
0.662
0.662
0.198246
0.138135
0.662
0.662
0.232206
0.601435
0.203055
0.662
0.662
0.662
0.662
0.235561
0.662
0.0125621
0.17244
0.662
0.107156
0.28173
0.195611
0.662
0.662
0.105827
0.491179
0.662
0.254803
0.0517303
0.198729
0.134459
0.114229
0.382555
0.662
0.156749
0.103269
0.662
0.163539
0.203572
0.0942525
0.0283743
0.662
0.40021
0.0110099
0.662
0.662
0.662
0.662
0.662
0.662
0.554491
0.662
0.662
0.662
0.662
0.662
0.108369
0.662
0.662
0.662
0.267392
0.662
0.0276367
0.0540405
0.290933
0.662
0.662
0.662
0.662
0.399419
0.662
0.662
0.662
0.662
0.662
0.172924
0.662
0.662
0.200872
0.662
0.662
0.0255132
0.662
0.662
0.662
0.662
0.448103
0.306275
0.662
0.662
0.662
0.662
0.408245
0.662
0.146124
0.662
0.083388
0.388782
0.662
0.304329
0.662
0.426129
0.662
0.514621
0.482409
0.662
0.231987
0.0610755
0.662
0.402155
0.40334
0.318807
0.478646
0.224247
0.662
0.662
0.429124
0.474847
0.362631
0.662
0.662
0.102153
0.662
0.353553
0.468254
0.662
0.662
0.0199442
0.416371
0.662
0.662
0.662
0.303529
0.662
0.060227
0.455151
0.400164
0.662
0.45505
0.434107
0.134357
0.662
0.662
0.662
0.662
0.243561
0.662
0.662
0.394616
0.662
0.483828
0.662
0.267675
0.662
0.0587934
0.662
0.625874
0.140506
0.58142
0.662
0.662
0.662
0.662
0.662
0.227209
0.248002
0.259315
0.662
0.662
0.217406
0.376405
0.191478
0.662
0.182757
0.662
0.662
0.662
0.293917
0.483528
0.662
0.662
0.662
0.662
0.662
0.598947
0.186079
0.662
0.148634
0.0933393
0.329082
0.662
0.662
0.662
0.662
0.19021
0.662
0.662
0.409121
0.33013
0.662
0.102841
0.662
0.662
0.0627813
0.370267
0.662
0.103727
0.0361295
0.0682382
0.662
0.0715991
0.0626352
0.423146
0.433648
0.662
0.662
0.14156
0.0389172
0.662
0.36247
0.662
0.662
0.662
0.340352
0.662
0.169335
0.131107
0.284712
0.662
0.662
0.0511756
0.662
0.662
0.662
0.136473
0.662
0.381055
0.662
0.662
0.358085
0.00662011
0.662
0.662
0.662
0.362891
0.401928
0.393307
0.662
0.186292
0.274067
0.662
0.662
0.0724752
0.662
0.662
0.662
0.662
0.662
0.402102
0.128725
0.662
0.662
0.332117
0.662
0.662
0.0488244
0.600629
0.466275
0.662
0.662
0.662
0.662
0.439357
0.662
0.251444
0.266278
0.662
0.662
0.401857
0.2939
0.657945
0.0726842
0.148575
0.662
0.662
0.662
0.662
0.662
0.292234
0.342142
0.662
0.662
0.286712
0.479079
0.147731
0.662
0.662
0.662
0.28692
0.215906
0.0990762
0.662
0.662
0.11332
0.662
0.662
0.662
0.236835
0.128308
0.235452
0.662
0.21725
0.336652
0.662
0.662
0.0752255
0.662
0.662
0.361974
0.239781
0.662
0.662
0.168265
0.662
0.662
0.662
0.345191
0.459744
0.662
0.264962
0.662
0.0638248
0.662
0.0757135
0.281394
0.662
0.0580811
0.662
0.391882
0.662
0.662
0.272611
0.662
0.662
0.385285
0.662
0.262363
0.662
0.662
0.217684
0.154168
0.442217
0.454266
0.662
0.662
0.633391
0.662
0.151879
0.662
0.662
0.356674
0.662
0.662
0.662
0.209497
0.26929
0.381678
0.662
0.662
0.662
0.195509
0.382415
0.354595
0.217991
0.464582
0.662
0.439689
0.662
0.662
0.662
0.662
0.479169
0.490744
0.662
0.662
0.662
0.257595
0.662
0.433155
0.662
0.662
0.0444975
0.332942
0.00602388
0.112708
0.662
0.662
0.662
0.662
0.611407
0.407741
0.662
0.662
0.662
0.40986
0.662
0.662
0.292372
0.662
0.662
0.210464
0.0620049
0.450182
0.225902
0.662
0.662
0.280233
0.662
0.296328
0.662
0.662
0.662
0.395106
0.39922
0.662
0.0633013
0.553058
0.662
0.662
0.662
0.0774835
0.030596
0.662
0.397433
0.662
0.431641
0.0904282
0.662
0.321302
0.363506
0.00728332
0.662
0.238447
0.662
0.248003
0.662
0.455462
0.662
0.662
0.662
0.334041
0.662
0.182756
0.662
0.494996
0.378857
0.172567
0.0164202
0.662
0.662
0.662
0.662
0.662
0.662
0.662
0.662
0.446106
0.166789
0.302927
0.662
0.662
0.252583
0.662
0.662
0.0459342
0.609363
0.662
0.223336
0.0393102
0.662
0.455963
0.662
0.17069
0.0822864
0.662
0.570872
0.662
0.662
0.662
0.285646
0.662
0.300434
0.421942
0.156341
0.0501446
0.0283043
0.662
0.662
0.399704
0.662
0.276803
0.662
0.662
0.381279
0.662
0.392437
0.353714
0.451918
0.45552
0.662
0.404964
0.242632
0.0276702
0.195458
0.662
0.662
0.662
0.161081
0.169191
0.662
0.662
0.662
0.431681
0.0552147
0.662
0.425072
