0.662
0.662
0.347355
0.362742
0.662
0.231511
0.662
0.662
0.402991
0.662
0.662
0.662
0.45474
0.662
0.662
0.662
0.662
0.662
0.662
0.662
0.662
0.389433
0.0107066
0.0116074
0.662
0.214531
0.0680721
0.142359
0.662
0.231116
0.662
0.0237519
0.201996
0.0645954
0.476107
0.662
0.332972
0.246588
0.662
0.662
0.380181
0.662
0.662
0.151597
0.662
0.413507
0.662
0.248808
0.662
0.662
0.265888
0.0269289
0.270614
0.662
0.662
0.0140197
0.662
0.344213
0.117338
0.662
0.662
0.662
0.485865
0.662
0.00111817
0.662
0.21086
0.662
0.353582
0.662
0.662
0.662
0.662
0.662
0.662
0.662
0.308591
0.239647
0.183118
0.118864
0.422459
0.175589
0.264158
0.299985
0.662
0.662
0.662
0.662
0.297498
0.662
0.662
0.662
0.662
0.105516
0.662
0.662
0.0372801
0.662
0.0915532
0.117496
0.0888321
0.662
0.662
0.662
0.1756
0.662
0.420415
0.313016
0.19451
0.262054
0.662
0.452225
0.227132
0.19685
0.194374
0.410881
0.662
0.434791
0.662
0.662
0.0405397
0.662
0.662
0.528327
0.0757206
0.301826
0.394873
0.662
0.662
0.662
0.662
0.662
0.662
0.404773
0.308584
0.0186486
0.662
0.215791
0.202584
0.0378826
0.662
0.662
0.662
0.0279294
0.0857653
0.371592
0.0968808
0.662
0.418877
0.662
0.567919
0.662
0.398386
0.0150487
0.441339
0.662
0.662
0.564132
0.241782
0.169923
0.662
0.465509
0.0139013
0.311557
0.662
0.662
0.417821
0.429773
0.662
0.167207
0.662
0.662
0.662
0.230989
0.0950651
0.412435
0.184788
0.392313
0.0247523
0.247662
0.662
0.662
0.0337256
0.246883
0.0503418
0.662
0.662
0.585878
0.662
0.0606592
0.23287
0.662
0.662
0.662
0.095965
0.357824
0.0499317
0.144643
0.662
0.662
0.0529614
0.238182
0.223033
0.471715
0.339929
0.662
0.394688
0.143233
0.332087
0.662
0.0247158
0.662
0.662
0.107839
0.662
0.662
0.200898
0.252353
0.662
0.417022
0.662
0.449331
0.331634
0.662
0.218504
0.662
0.662
0.662
0.662
0.662
0.662
0.455989
0.662
0.230766
0.662
0.662
0.662
0.662
0.662
0.662
0.269853
0.294427
0.0348552
0.662
0.319673
0.2516
0.325893
0.0588171
0.662
0.371916
0.326177
0.49091
0.17021
0.393267
0.662
0.356825
0.662
0.662
0.361729
0.243228
0.662
0.252235
0.130892
0.312728
0.357255
0.141568
0.662
0.662
0.662
0.329618
0.662
0.419652
0.352808
0.34028
0.203097
0.23951
0.662
0.662
0.662
0.0303311
0.662
0.662
0.662
0.389684
0.0672176
0.171587
0.662
0.285996
0.662
0.662
0.315881
0.203026
0.662
0.260287
0.662
0.240064
0.662
0.0239586
0.475268
0.149216
0.348142
0.0615282
0.0628833
0.0701901
0.662
0.662
0.276482
0.662
0.206482
0.662
0.263417
0.662
0.121328
0.19326
0.305477
0.392701
0.400946
0.425124
0.399072
0.0794919
0.662
0.453533
0.662
0.662
0.445349
0.662
0.662
0.367698
0.662
0.662
0.448438
0.201508
0.662
0.662
0.260811
0.271345
0.0942669
0.348681
0.250844
0.662
0.100371
0.662
0.662
0.662
0.227134
0.0608601
0.386906
0.07409
0.238953
0.346622
0.00236332
0.260602
0.435791
0.463394
0.662
0.506179
0.193885
0.351957
0.0585401
0.308894
0.662
0.607746
0.662
0.662
0.662
0.662
0.53289
0.439867
0.662
0.439798
0.315106
0.400559
0.373274
0.662
0.662
0.662
0.339014
0.243693
0.139859
0.235428
0.662
0.267675
0.0674769
0.662
0.662
0.48852
0.311215
0.662
0.662
0.0749536
0.444413
0.662
0.662
0.662
0.326843
0.662
0.662
0.404034
0.400108
0.291518
0.00905241
0.662
0.662
0.662
0.662
0.662
0.662
0.662
0.449942
0.662
0.662
0.352346
0.435225
0.189827
0.117793
0.662
0.633391
0.474442
0.662
0.662
0.366941
0.662
0.261007
0.662
0.662
0.312353
0.180924
0.430207
0.55844
0.662
0.128243
0.662
0.0026598
0.449368
0.662
0.662
0.662
0.662
0.662
0.183228
0.0783812
0.662
0.662
0.374882
0.662
0.54326
0.403714
0.0826451
0.0106763
0.662
0.662
0.662
0.0158376
0.378114
0.458753
0.275
0.662
0.662
0.662
0.237087
0.662
0.662
0.173207
0.445622
0.158506
0.337496
0.662
0.662
0.0631554
0.436956
0.662
0.292767
0.662
0.662
0.324105
0.662
0.305702
0.662
0.662
0.251623
0.662
0.306252
0.415617
0.398414
0.662
0.520307
0.662
0.662
0.159477
0.425665
0.471608
0.428673
0.662
0.128774
0.662
0.662
0.662
0.00671208
0.662
0.224486
0.257259
0.14634
0.662
0.662
0.202382
0.434344
0.662
0.436247
0.39769
0.662
0.0212858
0.662
0.662
0.662
0.0779987
0.159597
0.662
0.43875
0.662
0.108748
0.662
0.423489
0.662
0.334144
0.662
0.0719996
0.221695
0.195206
0.179591
0.662
0.394523
0.455125
0.141164
0.662
0.421005
0.662
0.662
0.662
0.0921392
0.662
0.247659
0.0120558
0.662
0.662
0.662
0.662
0.662
0.331234
0.0834383
0.421137
0.109503
0.662
0.662
0.662
0.662
0.662
0.662
0.1424
0.662
0.0970625
0.662
0.662
0.469172
0.662
0.662
0.662
0.0474877
0.662
0.46236
0.0645895
0.436866
0.305865
0.00600691
0.144102
0.0908907
0.662
0.662
0.662
0.133411
0.662
0.662
0.434383
0.470482
0.272063
0.0155216
0.662
0.251574
