0.662
0.212153
0.662
0.662
0.260602
0.662
0.236212
0.662
0.146354
0.662
0.662
0.662
0.448759
0.336759
0.662
0.662
0.662
0.662
0.416759
0.662
0.662
0.420429
0.204219
0.662
0.0339685
0.662
0.662
0.662
0.285803
0.479177
0.662
0.361651
0.249884
0.267675
0.386244
0.0689016
0.662
0.236616
0.147952
0.448438
0.270476
0.662
0.147579
0.662
0.662
0.662
0.0834813
0.662
0.212657
0.109503
0.653592
0.126331
0.0783104
0.662
0.662
0.274329
0.662
0.662
0.253689
0.404648
0.180774
0.662
0.662
0.662
0.662
0.662
0.662
0.366251
0.0843188
0.35235
0.662
0.0337256
0.662
0.662
0.118587
0.224486
0.662
0.517249
0.242491
0.216205
0.662
0.358277
0.433235
0.302438
0.662
0.468115
0.662
0.662
0.662
0.662
0.190022
0.244382
0.421234
0.662
0.365334
0.662
0.662
0.398966
0.662
0.662
0.388454
0.662
0.139158
0.581719
0.0964042
0.499956
0.230766
0.0539691
0.21643
0.662
0.662
0.331569
0.662
0.662
0.662
0.0644982
0.662
0.0525269
0.662
0.229354
0.332714
0.0319097
0.292328
0.662
0.0237519
0.12764
0.662
0.662
0.662
0.148669
0.169524
0.339102
0.128368
0.291539
0.662
0.260201
0.140655
0.0785819
0.254493
0.662
0.082224
0.662
0.136625
0.662
0.160656
0.0181743
0.662
0.465153
0.662
0.662
0.368797
0.211425
0.662
0.292017
0.662
0.270976
0.149115
0.662
0.614666
0.662
0.662
0.0209542
0.662
0.662
0.0908212
0.662
0.662
0.662
0.00489477
0.662
0.368985
0.662
0.60435
0.0867723
0.137747
0.466796
0.23678
0.352772
0.602763
0.599505
0.662
0.662
0.223821
0.662
0.0210539
0.566487
0.00977292
0.162731
0.205448
0.662
0.00331276
0.662
0.662
0.168483
0.662
0.662
0.662
0.636231
0.662
0.0378826
0.662
0.0548001
0.662
0.662
0.23551
0.662
0.662
0.662
0.662
0.662
0.116504
0.662
0.662
0.662
0.380144
0.662
0.662
0.662
0.662
0.662
0.12784
0.662
0.662
0.355347
0.662
0.662
0.00693791
0.662
0.264165
0.662
0.662
0.633694
0.662
0.662
0.18949
0.436956
0.556203
0.216269
0.662
0.662
0.343709
0.662
0.662
0.242577
0.338256
0.662
0.385039
0.662
0.662
0.285596
0.271693
0.0284719
0.201989
0.662
0.074165
0.0883021
0.268801
0.505903
0.662
0.662
0.662
0.451382
0.339182
0.662
0.447893
0.371069
0.662
0.662
0.396157
0.370873
0.0105867
0.662
0.444885
0.00649521
0.460629
0.562226
0.662
0.662
0.0187909
0.462421
0.662
0.428346
0.413318
0.461171
0.0103853
0.662
0.662
0.662
0.662
0.513556
0.662
0.212161
0.285258
0.181661
0.662
0.662
0.662
0.662
0.662
0.340072
0.662
0.00831521
0.362064
0.662
0.662
0.424873
0.175862
0.437838
0.662
0.662
0.662
0.662
0.662
0.280356
0.662
0.414956
0.286848
0.633694
0.139703
0.662
0.662
0.0577928
0.254057
0.288833
0.397513
0.126876
0.662
0.327631
0.662
0.662
0.45853
0.662
0.662
0.662
0.662
0.0630014
0.179962
0.662
0.023062
0.475639
0.662
0.280811
0.662
0.662
0.0639886
0.662
0.329899
0.26543
0.662
0.662
0.662
0.662
0.0694051
0.662
0.662
0.662
0.122628
0.43758
0.236512
0.419887
0.0759277
0.42434
0.662
0.0734145
0.441146
0.662
0.23361
0.151237
0.662
0.662
0.0348893
0.662
0.662
0.662
0.662
0.49932
0.264947
0.662
0.210722
0.662
0.226631
0.662
0.394491
0.662
0.662
0.662
0.662
0.179765
0.131814
0.662
0.662
0.662
0.662
0.662
0.662
0.45471
0.662
0.261898
0.662
0.283212
0.662
0.379306
0.470482
0.200813
0.172552
0.477229
0.40037
0.0500694
0.662
0.662
0.662
0.236892
0.438914
0.188182
0.662
0.662
0.662
0.662
0.662
0.662
0.662
0.662
0.198211
0.27995
0.308584
0.662
0.443968
0.194144
0.662
0.0071076
0.662
0.662
0.437313
0.662
0.662
0.662
0.662
0.662
0.259514
0.662
0.662
0.384602
0.662
