0.662
0.173351
0.292417
0.272631
0.571238
0.534404
0.403023
0.458935
0.662
0.107917
0.662
0.662
0.662
0.469662
0.270452
0.366171
0.0796482
0.321035
0.304088
0.662
0.504925
0.662
0.662
0.662
0.245305
0.662
0.627316
0.662
0.662
0.662
0.569463
0.662
0.662
0.662
0.179297
0.662
0.662
0.211607
0.00961523
0.662
0.662
0.247568
0.662
0.570416
0.662
0.662
0.260719
0.51916
0.278796
0.662
0.1682
0.662
0.662
0.662
0.239753
0.230879
0.44046
0.662
0.662
0.662
0.309401
0.21397
0.662
0.0527934
0.418031
0.0498568
0.662
0.0198049
0.164015
0.662
0.662
0.662
0.472506
0.662
0.662
0.662
0.112225
0.662
0.0470708
0.662
0.662
0.662
0.437095
0.0484058
0.662
0.662
0.211711
0.662
0.265652
0.466311
0.0847285
0.143097
0.662
0.155267
0.662
0.123886
0.662
0.662
0.662
0.457912
0.316375
0.108768
0.662
0.662
0.0310069
0.662
0.662
0.376758
0.525535
0.354993
0.662
0.662
0.252191
0.414132
0.448535
0.403653
0.0509527
0.0562357
0.662
0.464319
0.391319
0.472368
0.662
0.213133
0.662
0.662
0.662
0.662
0.358394
0.263566
0.099053
0.662
0.662
0.208234
0.336631
0.438021
0.662
0.31286
0.255401
0.662
0.256474
0.662
0.457297
0.114836
0.662
0.662
0.662
0.0164014
0.0939443
0.662
0.662
0.172077
0.323504
0.597235
0.221065
0.662
0.170098
0.531095
0.662
0.199717
0.662
0.662
0.476094
0.662
0.662
0.453844
0.327376
0.662
0.423015
0.633391
0.662
0.221196
0.662
0.252727
0.583079
0.444793
0.457628
0.425606
0.662
0.204822
0.662
0.376673
0.263126
0.270411
0.662
0.0738484
0.202237
0.662
0.662
0.0938046
0.424451
0.662
0.209849
0.662
0.526888
0.662
0.246763
0.192948
0.662
0.662
0.235746
0.662
0.662
0.662
0.662
0.662
0.662
0.662
0.662
0.662
0.272116
0.25182
0.482397
0.42328
0.662
0.105785
0.662
0.149399
0.662
0.662
0.662
0.662
0.273006
0.445371
0.447058
0.662
0.662
0.476898
0.189788
0.397691
0.0438733
0.174254
0.662
0.662
0.662
0.0980777
0.662
0.662
0.275468
0.662
0.662
0.288662
0.495224
0.662
0.662
0.124156
0.58011
0.260088
0.662
0.662
0.662
0.0980398
0.00712904
0.662
0.428456
0.662
0.662
0.0616162
0.662
0.079863
0.250552
0.45304
0.479868
0.0956412
0.327892
0.662
0.662
0.572239
0.662
0.143251
0.662
0.662
0.662
0.388674
0.170393
0.662
0.662
0.662
0.412949
0.437417
0.392328
0.386123
0.52387
0.133812
0.0555694
0.385078
0.662
0.662
0.123309
0.662
0.662
0.0464144
0.250388
0.37395
0.150171
0.662
0.662
0.662
0.0183582
0.662
0.662
0.662
0.662
0.530731
0.424487
0.404104
0.662
0.287907
0.662
0.450104
0.662
0.0752485
0.286063
0.264638
0.662
0.662
0.456424
0.126136
0.0804229
0.372376
0.0907161
0.320241
0.662
0.662
0.232152
0.629596
0.325467
0.662
0.662
0.23594
0.662
0.662
0.374138
0.284607
0.662
0.662
0.382674
0.662
0.420693
0.437
0.662
0.345817
0.662
0.662
0.662
0.662
0.182281
0.0162603
0.662
0.218414
0.232962
0.0280606
0.662
0.171975
0.662
0.151988
0.365504
0.0457315
0.0631288
0.662
0.550865
0.207102
0.210637
0.662
0.662
0.662
0.662
0.0677308
0.587986
0.148129
0.662
0.379989
0.0092449
0.409144
0.369046
0.662
0.459737
0.198241
0.662
0.372421
0.662
0.662
0.662
0.136846
0.662
0.662
0.276572
0.662
0.452247
0.0640027
0.662
0.092806
0.662
0.594286
0.662
0.229519
0.662
0.662
0.662
0.662
0.662
0.0850648
0.0968677
0.412011
0.244988
0.662
0.662
0.662
0.662
0.662
0.0357476
0.662
0.400957
0.282757
0.662
0.662
0.662
0.244674
0.356975
0.662
0.662
0.236753
0.662
0.662
0.662
0.408875
0.412303
0.662
0.662
0.662
0.662
0.438179
0.662
0.662
0.662
0.662
0.662
0.0440659
0.662
0.662
0.662
0.662
0.116689
0.662
0.455351
0.662
0.662
0.255104
0.0348539
0.662
0.298103
0.662
0.0520075
0.662
0.203547
0.662
0.662
0.662
0.0178503
0.662
0.662
0.464932
0.356682
0.388256
0.0429258
0.414532
0.290579
0.662
0.662
0.662
0.338726
0.662
0.0411078
0.0940992
0.235473
0.397326
0.662
0.135105
0.662
0.662
0.478761
0.662
0.662
0.40679
0.248466
0.0607933
0.309809
0.662
0.301463
0.662
0.157237
0.0303748
0.21913
0.389407
0.662
0.662
0.360869
0.662
0.662
0.662
0.662
0.0411191
0.460991
0.662
0.354397
0.380884
0.00794963
0.140352
0.422219
0.47083
0.662
0.152124
0.116654
0.0817065
0.161166
0.401489
0.662
0.662
0.662
0.662
0.662
0.662
0.0469968
0.662
0.662
0.662
0.120903
0.341063
0.399192
0.383588
0.0543872
0.662
0.662
0.0385522
0.386083
0.121095
0.662
0.662
0.662
0.45108
0.0710374
0.286457
0.448123
0.329905
0.00256567
0.0972007
0.221314
0.662
0.175081
0.468376
0.0795846
0.0353916
0.662
0.662
0.662
0.662
0.662
0.295651
0.662
0.662
0.375836
0.662
0.662
0.25313
0.159824
0.662
0.662
0.110152
0.662
0.264393
0.662
0.662
0.417762
0.662
0.0586023
0.260416
0.662
0.662
0.324572
0.662
0.662
0.303649
0.662
0.370454
0.316548
0.307639
0.115569
0.662
0.662
0.438436
0.0902437
0.662
0.444949
0.410889
0.662
0.662
0.662
0.391169
0.431382
0.145249
0.662
0.220412
0.0402664
0.030881
0.190719
0.0595527
0.0551534
0.662
0.319103
0.58142
0.619249
0.126959
0.358766
0.662
0.662
0.205715
0.662
0.413884
0.0301014
0.326981
0.316722
0.662
0.374448
0.202529
0.662
0.450291
0.44612
0.662
0.377553
0.26419
0.662
0.178766
0.662
0.662
0.662
0.463933
0.662
0.285334
0.662
0.240077
0.439189
0.229999
0.662
0.662
0.662
0.662
0.662
0.193733
0.455172
0.414825
0.662
0.662
0.335534
0.0440411
0.662
0.662
0.0319349
0.662
0.210525
0.662
0.662
0.430486
0.662
0.256646
0.662
0.662
0.260006
0.662
0.662
0.104658
0.281126
0.0540059
0.352636
0.364082
0.662
0.0943923
0.0877879
0.401421
0.487494
0.180288
0.482641
0.662
0.662
0.662
0.215042
0.201392
0.399934
0.662
0.662
0.662
0.375084
0.662
0.662
0.662
0.40698
0.662
0.662
0.662
0.662
0.662
0.351825
0.197893
0.662
0.16103
0.259424
0.169366
0.119548
0.662
0.143307
0.662
0.298405
0.662
0.662
0.467835
0.662
0.206947
0.331351
0.662
0.446777
0.460955
0.357701
0.331012
0.662
0.662
0.471759
0.0356566
0.662
0.242587
0.662
0.085055
0.662
0.42372
0.0764062
0.662
0.554177
0.662
0.662
0.662
0.662
0.662
0.292673
0.662
0.662
0.662
0.662
0.662
0.662
0.0315636
0.0619679
0.0599293
0.662
0.662
0.662
0.662
0.662
0.662
0.325268
0.345287
0.139852
0.616952
0.662
0.662
0.662
0.049657
0.253765
0.327118
0.662
0.662
0.143912
0.455744
0.662
0.662
0.269051
0.203078
0.433249
0.662
0.200517
0.100096
0.29643
0.662
0.662
0.662
0.132811
0.0832551
0.662
0.662
0.662
0.662
0.662
0.328303
0.662
0.296185
0.0511008
0.249377
0.662
0.662
0.30536
0.192571
0.662
0.662
0.662
0.662
0.116444
0.662
0.662
0.348134
0.489228
0.662
0.322115
0.378832
0.662
0.662
0.662
0.225029
0.662
0.662
0.0822745
0.209095
0.662
0.351538
0.662
0.662
0.338397
0.208989
0.662
0.187053
0.662
0.0643363
0.662
0.662
0.662
0.387103
0.379699
0.662
0.662
0.662
0.662
0.00305917
0.662
0.662
0.135289
0.325902
0.662
0.662
0.314837
0.662
0.662
0.662
