0.2587
0.474881
0.662
0.0163836
0.640807
0.329838
0.662
0.662
0.662
0.662
0.461911
0.662
0.17173
0.662
0.491124
0.662
0.662
0.404064
0.662
0.0713543
0.662
0.662
0.662
0.372216
0.246324
0.662
0.0089814
0.662
0.662
0.360856
0.662
0.108059
0.662
0.662
0.289453
0.181007
0.662
0.633391
0.281187
0.216543
0.0390886
0.206012
0.140469
0.662
0.662
0.10641
0.662
0.321394
0.662
0.662
0.305165
0.662
0.662
0.595361
0.204621
0.0756328
0.377239
0.662
0.662
0.662
0.662
0.662
0.662
0.662
0.103456
0.461078
0.662
0.662
0.662
0.0480673
0.192273
0.662
0.662
0.260276
0.662
0.662
0.662
0.452107
0.236308
0.662
0.662
0.472459
0.281472
0.662
0.662
0.386046
0.662
0.464284
0.662
0.279935
0.662
0.0949419
0.0209605
0.662
0.0337869
0.662
0.380377
0.662
0.236727
0.576746
0.662
0.662
0.662
0.662
0.195381
0.391462
0.662
0.662
0.662
0.0174339
0.662
0.662
0.662
0.662
0.309764
0.0896946
0.0661596
0.662
0.172329
0.295384
0.662
0.237333
0.35148
0.272113
0.662
0.662
0.662
0.471989
0.383044
0.662
0.372976
0.454697
0.264825
0.662
0.129096
0.662
0.662
0.461865
0.227512
0.662
0.662
0.0953535
0.662
0.662
0.662
0.0392038
0.662
0.662
0.266775
0.240356
0.142924
0.662
0.637774
0.496524
0.662
0.159552
0.35585
0.662
0.662
0.399154
0.662
0.484183
0.662
0.452301
0.662
0.662
0.287707
0.216948
0.118517
0.662
0.408084
0.662
0.250799
0.662
0.0556932
0.108116
0.112034
0.662
0.662
0.662
0.46059
0.662
0.389736
0.120335
0.0409567
0.249049
0.662
0.662
0.662
0.496844
0.21855
0.385137
0.662
0.662
0.384325
0.662
0.234831
0.257347
0.312316
0.662
0.662
0.32091
0.662
0.261101
0.662
0.662
0.0533804
0.662
0.662
0.340974
0.662
0.662
0.662
0.125502
0.662
0.0976747
0.456464
0.291638
0.662
0.225514
0.0376565
0.248928
0.662
0.662
0.662
0.367902
0.662
0.49465
0.206771
0.662
0.194869
0.662
0.266658
0.0499489
0.544296
0.662
0.387862
0.662
0.662
0.662
0.613906
0.0834228
0.166299
0.662
0.662
0.183581
0.662
0.662
0.149262
0.662
0.662
0.393862
0.472615
0.48316
0.662
0.25481
0.662
0.662
0.662
0.352153
0.350712
0.363039
0.662
0.662
0.205721
0.662
0.4374
0.662
0.286195
0.417242
0.662
0.662
0.662
0.400565
0.216489
0.477461
0.0556218
0.384108
0.151872
0.189733
0.662
0.662
0.662
0.200405
0.451653
0.662
0.108848
0.432952
0.662
0.662
0.662
0.156417
0.383276
0.565875
0.20266
0.28818
0.662
0.662
0.662
0.662
0.662
0.433711
0.40568
0.288532
0.662
0.472294
0.662
0.187896
0.662
0.662
0.5119
0.249949
0.662
0.453432
0.662
0.470939
0.122068
0.286157
0.662
0.0242211
0.331145
0.645172
0.463091
0.662
0.662
0.159279
0.662
0.451745
0.662
0.662
0.14435
0.135181
0.662
0.302811
0.416823
0.281682
0.662
0.662
0.00744307
0.578211
0.662
0.662
0.662
0.28339
0.138344
0.398138
0.159189
0.662
0.372702
0.662
0.307281
0.662
0.413023
0.662
0.662
0.662
0.662
0.29758
0.466183
0.662
0.445972
0.312605
0.166836
0.322968
0.662
0.262141
0.662
0.662
0.662
0.662
0.662
0.611978
0.0657334
0.351614
0.428286
0.234736
0.0196883
0.127482
0.662
0.0990257
0.0363232
0.176742
0.662
0.662
0.662
0.662
0.352414
0.662
0.592719
0.662
0.256139
0.662
0.662
0.662
0.139617
0.245164
0.433662
0.107129
0.0181031
0.662
0.15344
0.662
0.662
0.662
0.572595
0.362275
0.189348
0.434317
0.396761
0.165998
0.662
0.16336
0.662
0.662
0.464683
0.662
0.168595
0.662
0.662
0.39686
0.103456
0.00215625
0.0873888
0.662
0.662
0.662
0.34895
0.36337
0.662
0.662
0.389832
0.662
0.662
0.233239
0.268448
0.662
0.164018
0.662
0.662
0.388767
0.0933924
0.662
0.662
0.662
0.385587
0.662
0.662
0.662
0.662
0.631549
0.662
0.212946
0.0732756
0.662
0.318792
0.00664102
0.662
0.0722632
0.421366
0.365507
0.662
0.0585038
0.240788
0.662
0.662
0.19238
0.0828162
0.662
0.177416
0.337747
0.134239
0.443443
0.662
0.662
0.242335
0.35596
0.662
0.0717482
0.662
0.662
0.662
0.15011
0.187653
0.662
0.4736
0.445311
0.309887
0.141346
0.416583
0.662
0.662
0.662
0.441206
0.662
0.662
0.242804
0.662
0.0935207
0.662
0.175921
0.504036
0.662
0.662
0.243755
0.105409
0.662
0.41155
0.215948
0.662
0.186792
0.662
0.496875
0.391222
0.662
0.0589672
0.662
0.289437
0.662
0.0976966
0.15876
0.253359
0.417357
0.662
0.353379
0.411117
0.307743
0.662
0.0775312
0.662
0.662
0.269756
0.662
0.662
0.662
0.28834
0.662
0.662
0.662
0.662
0.662
0.45485
0.662
0.662
0.346534
0.662
0.662
0.662
0.173921
0.115855
0.181875
0.0818565
0.115488
0.662
0.662
0.662
0.662
0.662
0.313746
0.662
0.662
0.662
0.370429
0.0924951
0.662
0.242931
0.662
0.152363
0.662
0.371987
0.662
0.0100665
0.417663
0.277776
0.231357
0.662
0.662
0.46024
0.634436
0.156828
0.284677
0.371273
0.0660711
0.405
0.616859
0.662
0.368333
0.662
0.662
0.662
0.662
0.662
0.283452
0.662
0.277174
0.115145
0.662
0.662
0.662
0.353906
0.132456
0.662
0.662
0.662
0.22366
0.311357
0.103303
0.233673
0.29365
0.380134
0.277426
0.662
0.662
0.517184
0.387334
0.441698
0.147226
0.459034
0.200037
0.327196
0.662
0.0730963
0.24566
0.107551
0.22055
0.287016
0.662
0.662
0.307494
0.662
0.364456
0.662
0.662
0.662
0.322347
0.662
0.288106
0.12196
0.315829
0.662
0.221613
0.662
0.662
0.662
0.121646
0.100783
0.305773
0.662
0.662
0.451426
0.662
0.662
0.0165097
0.294953
0.0914615
0.662
0.662
0.662
0.407083
0.0482716
0.434742
0.662
0.357888
0.0203688
0.282778
0.662
0.373305
0.662
0.662
0.379025
0.0234768
0.17251
0.662
0.449928
0.662
0.0560807
0.662
0.0544138
0.285969
0.331422
0.662
0.662
0.040133
0.662
0.662
0.662
0.662
0.0649365
0.662
0.662
0.662
0.662
0.370475
0.15998
0.0604403
0.662
0.662
0.318703
0.662
0.662
0.662
0.421478
0.662
0.662
0.662
0.101647
0.662
0.0332495
0.662
0.662
0.662
0.0169347
0.662
0.662
0.662
0.662
0.662
0.457813
0.662
0.662
0.662
0.662
0.662
0.371998
0.205916
0.662
0.238366
0.363943
0.662
0.662
0.270625
0.662
0.662
0.470186
0.662
0.662
0.662
0.143776
0.433255
0.369701
0.399183
0.0879235
0.662
0.662
0.662
0.0529823
0.662
0.662
0.662
0.662
0.319443
0.662
0.662
0.0977182
0.662
0.402815
0.662
0.662
0.54167
0.473101
0.221632
0.159786
0.137207
0.662
0.662
0.491586
0.662
0.453548
0.662
0.662
0.662
0.662
0.662
0.662
0.662
0.662
0.0355807
0.251838
0.662
0.571281
0.442799
0.662
0.662
0.29331
0.100284
0.399042
0.662
0.153949
0.291084
0.662
0.633391
0.286316
0.0580344
0.03598
0.263183
0.263864
0.267956
0.662
0.19952
0.662
0.0308136
0.350636
0.334107
0.662
0.381694
0.26965
0.247684
0.662
0.662
0.544165
0.274801
0.662
0.662
0.662
0.662
0.349048
0.662
0.662
0.0439198
0.662
0.662
0.127033
0.51117
0.662
0.00552257
0.563203
0.662
0.0782687
0.662
0.359868
0.662
0.256171
0.234121
0.380734
0.170663
0.132321
0.662
0.662
0.662
0.662
0.662
0.356933
0.20645
0.349794
0.318714
0.478807
0.404324
0.662
0.633391
0.662
0.435058
0.662
0.662
0.662
0.394426
0.662
0.188508
0.662
0.662
0.0372765
0.662
0.662
0.662
0.662
0.662
0.662
0.363511
0.662
0.271738
0.662
0.662
0.117662
0.469456
0.376824
0.662
0.662
0.662
0.662
0.426497
0.349232
0.636012
0.00615816
0.192018
0.0896049
0.662
0.254726
0.662
0.662
0.0784908
0.344791
0.352353
0.321539
0.582756
0.662
0.358488
0.335839
0.28722
0.662
0.265057
0.402035
0.662
0.243192
0.262355
0.405951
0.662
0.662
0.662
0.070741
0.662
0.662
0.662
0.662
0.662
0.662
0.263559
0.662
0.529699
0.662
0.662
0.662
0.401533
0.662
0.662
0.662
0.662
0.662
0.233142
0.455721
0.188633
0.662
0.662
0.662
0.365434
0.0743343
0.662
0.662
0.662
0.0229571
0.662
0.662
0.257793
0.253753
0.662
0.662
0.662
0.325806
0.662
0.573562
0.662
0.3312
0.312455
0.662
0.0747472
0.206849
0.0721485
0.472524
0.662
0.662
0.524737
0.662
0.662
0.537239
0.662
0.105984
0.662
0.490961
0.662
0.414771
0.476065
0.201442
0.662
0.0131393
0.0424082
0.662
0.235075
0.0121452
0.662
0.330863
0.173639
0.662
0.393394
0.264811
0.662
0.662
0.198177
0.185306
0.396895
0.112182
0.662
0.556786
0.662
0.123873
0.662
0.662
0.0676272
0.662
0.662
0.662
0.4523
0.473921
0.662
0.149597
0.305104
0.426113
0.219007
0.476915
0.662
0.662
0.249317
0.662
0.662
0.662
0.477101
0.662
0.662
0.159079
0.662
0.662
0.209572
0.407263
0.531039
0.662
0.662
0.315097
0.589945
0.662
0.662
0.662
0.0414083
0.662
0.151053
0.335133
0.662
0.662
0.662
0.662
0.0180212
0.268491
0.662
0.662
0.662
0.662
0.05745
0.0703446
0.0235803
0.361613
0.662
0.348814
0.237059
0.0585113
0.662
0.662
0.0697229
0.362816
0.249143
0.662
0.662
0.407441
0.264328
0.128589
0.229934
0.53605
0.662
0.662
0.184887
0.222718
0.662
0.662
0.13238
0.662
0.662
0.191772
0.662
0.296474
0.662
0.148521
0.0993058
0.662
0.662
0.662
0.662
0.246183
0.662
0.662
0.662
0.662
0.331232
0.352683
0.662
0.340303
0.374224
0.662
0.662
0.448054
0.662
0.0880112
0.662
0.0304966
0.662
0.0146291
0.662
0.662
0.662
0.662
0.202892
0.662
0.193648
0.662
0.662
0.662
0.23672
0.480321
0.662
0.662
0.662
0.662
0.338748
0.294448
0.662
0.398225
0.29416
0.662
0.454656
0.662
0.662
0.662
0.662
0.662
0.344567
0.662
0.662
0.662
0.662
0.662
0.662
0.248232
0.365206
0.662
0.662
0.662
0.662
0.662
0.662
0.592343
0.649771
0.188031
0.662
0.662
0.374814
0.662
0.662
0.662
0.662
0.662
0.297296
0.547595
0.224889
0.261234
0.662
0.268037
0.115138
0.203734
0.662
0.662
0.237769
0.341249
0.662
0.662
0.662
0.428597
0.30581
0.662
0.227245
0.211615
0.662
0.662
0.251142
0.365723
0.338536
0.662
0.662
0.423639
0.662
0.662
0.662
0.273805
0.275052
0.199224
0.63855
0.276179
0.662
0.662
0.662
0.36436
0.662
0.662
0.662
0.0844051
0.662
0.662
0.556447
0.662
0.0895092
0.662
0.662
0.305863
0.662
0.148146
0.662
0.403372
0.662
0.377611
0.662
0.662
0.662
0.309195
0.662
0.0222835
0.287915
0.662
0.662
0.0554389
0.662
0.662
0.662
0.265459
0.662
0.662
0.662
0.194005
0.662
0.662
0.223955
0.662
0.662
0.662
0.360943
0.231154
0.36062
0.413206
0.662
0.662
0.662
0.662
0.662
0.662
0.412467
0.235284
0.0279696
0.350064
