0.133009
0.376321
0.662
0.662
0.662
0.260188
0.662
0.662
0.662
0.662
0.206947
0.662
0.662
0.358766
0.336242
0.662
0.322411
0.412303
0.475355
0.662
0.662
0.662
0.392182
0.352636
0.662
0.662
0.662
0.587986
0.662
0.662
0.662
0.662
0.182281
0.143251
0.662
0.25626
0.662
0.662
0.0250465
0.256507
0.121095
0.391697
0.285334
0.173187
0.662
0.662
0.215024
0.296233
0.662
0.10699
0.250359
0.662
0.0383425
0.662
0.323024
0.0385522
0.415879
0.143912
0.0484058
0.662
0.319103
0.386123
0.47083
0.662
0.662
0.0760607
0.0522423
0.662
0.294054
0.0058426
0.662
0.662
0.662
0.0962043
0.662
0.0902437
0.197314
0.662
0.502384
0.662
0.45264
0.366676
0.662
0.114792
0.662
0.208067
0.662
0.662
0.304088
0.662
0.463654
0.662
0.662
0.662
0.255104
0.21225
0.0438733
0.00769412
0.450291
0.662
0.171975
0.0602733
0.255401
0.0434403
0.0595527
0.383816
0.0940992
0.376673
0.174254
0.351538
0.221372
0.0511008
0.364082
0.368341
0.42328
0.662
0.662
0.662
0.34035
0.662
0.662
0.370454
0.662
0.563603
0.244988
0.662
0.0642737
0.0817065
0.662
0.245534
0.227871
0.662
0.662
0.662
0.662
0.662
0.260719
0.437417
0.253444
0.662
0.662
0.0677308
0.085055
0.110055
0.157896
0.0640027
0.0668615
0.165937
0.662
0.662
0.460316
0.662
0.662
0.128732
0.662
0.00887955
0.662
0.351825
0.243171
0.45972
0.428295
0.241784
0.478684
0.662
0.244042
0.662
0.662
0.662
0.0212249
0.388932
0.0607259
0.112176
0.662
0.662
0.662
0.0596947
0.414532
0.662
0.662
0.662
0.287907
0.163413
0.387103
0.662
0.00794963
0.662
0.209822
0.40679
0.662
0.479868
0.260088
0.0710374
0.662
0.164015
0.467835
0.387988
0.429969
0.662
0.662
0.0274649
0.662
0.662
0.662
0.662
0.662
0.12317
0.298621
0.474321
0.340374
0.662
0.482641
0.0201451
0.662
0.662
0.662
0.546554
0.662
0.211607
0.325114
0.122574
0.272116
0.174373
0.135289
0.662
0.126959
0.662
0.662
0.248003
0.662
0.662
0.662
0.443629
0.0805234
0.0697414
0.232962
0.662
0.36169
0.243749
0.662
0.154424
0.662
0.47511
0.662
0.105785
0.662
0.662
0.0502029
0.119786
0.25182
0.00305917
0.221314
0.0726963
0.0673328
0.662
0.662
0.133158
0.662
0.662
0.412949
0.662
0.374448
0.173289
0.662
0.662
0.339947
0.662
0.151606
0.0806397
0.662
0.437972
0.662
0.123886
0.136846
0.662
0.662
0.459737
0.662
0.662
0.079863
0.132072
0.315542
0.662
0.662
0.506506
0.662
0.662
0.662
0.487494
0.662
0.309809
0.0488527
0.298724
0.267063
0.325902
0.150183
0.662
0.139585
0.0866395
0.662
0.0578062
0.194458
0.32379
0.281126
0.0191094
0.662
0.662
0.662
0.0850648
0.662
0.0828276
0.662
0.662
0.168799
0.440772
0.327778
0.662
0.662
0.436391
0.662
0.399349
0.662
0.662
0.475136
0.662
0.662
0.662
0.662
0.662
0.214211
0.203975
0.662
0.192571
0.275644
0.0155937
0.244674
0.662
0.324572
0.114836
0.662
0.342444
0.278796
0.662
0.429737
0.662
0.662
0.093853
0.108949
0.240729
0.404104
0.662
0.292853
0.381314
0.662
0.662
0.662
0.662
0.0298226
0.2499
0.142486
0.0980777
0.662
0.662
0.414825
0.662
0.662
0.00952844
0.303649
0.662
0.309401
0.407024
0.495793
0.443722
0.0329769
0.662
0.662
0.662
0.662
0.190719
0.662
0.662
0.256646
0.662
0.248942
0.285614
0.662
0.662
0.177095
0.556294
0.662
0.357851
0.662
0.0464144
0.662
0.37229
0.662
0.662
0.662
0.662
0.662
0.0938046
0.662
0.662
0.662
0.662
0.21397
0.662
0.482706
0.518287
0.0348539
0.662
0.662
0.662
0.662
0.372376
0.0907161
0.662
0.185261
0.502326
0.662
0.662
0.662
0.255392
0.438436
0.662
0.398083
0.662
0.45558
0.662
0.662
0.662
0.662
0.662
0.402697
0.159192
0.0970404
0.662
0.452247
0.662
0.335494
0.322312
0.662
0.662
0.662
0.662
0.662
0.343134
0.662
0.150007
0.662
0.662
0.298931
0.662
0.662
0.662
0.286457
0.159824
0.662
0.662
0.662
0.662
0.662
0.152124
0.662
0.464319
0.175081
0.169366
0.147083
0.662
0.466637
0.197893
0.166831
0.662
0.199717
0.662
0.151988
0.662
0.662
0.662
0.207082
0.441613
0.324727
0.424569
0.662
0.662
0.662
0.0796482
0.488698
0.662
0.0943923
0.192948
0.662
0.0631288
0.259809
0.662
0.662
0.0265034
0.662
0.662
0.122724
0.662
0.662
0.662
0.00270541
0.662
0.423015
0.282757
0.16103
0.40056
0.662
0.138924
0.0806581
0.265652
0.196843
0.054366
0.447058
0.662
0.0894101
0.662
0.662
0.662
0.662
0.662
0.422333
0.314837
0.662
0.662
0.662
0.106256
0.662
0.29808
0.476068
0.393983
0.42017
0.250552
0.0557555
0.215042
0.619249
0.662
0.662
0.408441
0.241072
0.420693
0.126731
0.662
0.662
0.202237
0.413884
0.662
0.569463
0.662
0.407713
0.0895464
0.389686
0.116689
0.662
0.176982
0.458012
0.662
0.202529
0.662
0.260006
0.457628
0.391319
0.662
0.662
0.662
0.0381578
0.662
0.662
0.0136299
0.0882798
0.308689
0.270399
0.0275259
0.662
0.3323
0.196547
0.185088
0.380307
0.639377
0.662
0.417762
0.184373
0.296185
0.531095
0.313774
0.139852
0.662
0.662
0.194664
0.220412
0.662
0.662
0.662
0.662
0.662
0.662
0.662
0.030881
0.0469968
0.236753
0.662
0.662
0.453303
0.423245
0.662
0.278313
0.662
0.104011
0.281821
0.662
0.248522
0.662
0.403653
0.662
0.150171
0.513761
0.438179
0.662
0.662
0.0509527
0.662
0.295651
0.662
0.662
0.662
0.662
0.288662
0.153493
0.662
0.662
0.137224
0.662
0.435047
0.662
0.662
0.662
0.37395
0.662
0.662
0.662
0.662
0.161166
0.241281
0.437106
0.0360273
0.662
0.457361
0.662
0.360869
0.340843
0.161819
0.662
0.662
0.662
0.115569
0.662
0.662
0.662
0.379699
0.662
0.365325
0.0682849
0.662
0.461431
0.383588
0.662
0.204285
0.63339
0.0116543
0.662
0.662
0.662
0.0447796
0.662
0.662
0.662
0.217013
0.172077
0.662
0.662
0.662
0.662
0.662
0.662
0.306544
0.662
0.662
0.662
0.388674
0.489228
0.662
0.662
0.131123
0.0540059
0.221838
0.248466
0.662
0.662
0.662
0.662
0.662
0.662
0.662
0.662
0.662
0.0313716
0.530628
0.662
0.662
0.662
0.472368
0.249377
0.448535
0.662
0.662
0.662
0.431382
0.662
0.369046
0.349194
0.662
0.662
0.662
0.662
0.23594
0.365504
0.00292593
0.0440411
0.0968677
0.343842
0.0187486
0.662
0.160416
0.662
0.442312
0.214239
0.662
0.662
0.0288011
0.284607
0.662
0.143307
0.662
0.0092449
0.250009
0.193733
0.514839
0.259424
0.662
0.280121
0.264638
0.444949
0.206288
0.662
0.0434061
0.249445
0.662
0.173351
0.662
0.554177
0.662
0.662
0.662
0.662
0.662
0.662
0.616952
0.662
0.201392
0.455351
0.662
0.662
0.662
0.662
0.662
0.662
0.662
0.662
0.662
0.287882
0.00537896
0.319805
0.662
0.021153
0.662
0.401529
0.662
0.371463
0.430486
0.205729
0.662
0.662
0.662
0.662
0.31286
0.48113
0.662
0.662
0.211838
0.662
0.00256567
0.0619679
0.351031
0.338397
0.662
0.460955
0.662
0.116654
0.179297
0.316375
0.662
0.0847285
0.662
0.662
0.662
0.662
0.220069
0.0752485
0.378607
0.0411078
0.662
0.662
0.30536
0.662
0.325268
0.662
0.662
0.0164014
0.0309481
0.00961523
0.662
0.3842
0.175567
0.460991
0.662
0.662
0.247568
0.0718133
0.662
0.662
0.662
0.629375
0.453844
0.425606
0.238786
0.662
0.662
0.662
0.662
0.209095
0.662
0.339044
0.397326
0.444218
0.151043
0.662
0.170393
0.273329
0.662
0.255801
0.064038
0.662
0.662
0.292936
0.662
0.413834
0.662
0.662
0.662
0.662
0.210525
0.0153362
0.662
0.157237
0.380884
0.224114
0.662
0.662
0.342556
0.662
0.662
0.662
0.629596
0.388346
0.348732
0.662
0.662
0.348255
0.39814
0.25601
0.441538
0.0614815
0.662
0.0303748
0.662
0.662
0.662
0.594286
0.662
0.0688148
