0.662
0.662
0.662
0.662
0.43875
0.662
0.417022
0.662
0.662
0.14634
0.251623
0.662
0.662
0.419652
0.53289
0.0348552
0.39769
0.662
0.662
0.0749536
0.662
0.662
0.34028
0.0942669
0.662
0.662
0.662
0.662
0.184788
0.240064
0.308591
0.585878
0.662
0.662
0.0588171
0.662
0.662
0.347355
0.298955
0.0150487
0.0769468
0.0615282
0.662
0.662
0.202382
0.234094
0.662
0.662
0.0499278
0.214531
0.662
0.435225
0.662
0.475268
0.662
0.662
0.662
0.0921392
0.662
0.662
0.662
0.662
0.0303311
0.108748
0.311351
0.514721
0.662
0.662
0.662
0.506179
0.662
0.662
0.567919
0.444413
0.082224
0.348142
0.430207
0.662
0.135408
0.452225
0.346622
0.250844
0.662
0.339014
0.351957
0.662
0.339929
0.158826
0.342484
0.662
0.662
0.382142
0.662
0.270614
0.445349
0.662
0.662
0.662
0.0503418
0.435791
0.662
0.662
0.175589
0.187946
0.371592
0.662
0.662
0.662
0.144102
0.0206655
0.662
0.46236
0.662
0.662
0.662
0.398414
0.662
0.0116074
0.662
0.375272
0.662
0.400559
0.662
0.662
0.662
0.662
0.662
0.256719
0.662
0.194844
0.49091
0.662
0.107839
0.662
0.169923
0.180924
0.514189
0.418265
0.520307
0.334144
0.450355
0.038954
0.662
0.105516
0.662
0.386906
0.662
0.1424
0.394523
0.662
0.159597
0.662
0.20179
0.202584
0.662
0.227132
0.0135475
0.0701901
0.662
0.662
0.243693
0.315106
0.313016
0.260811
0.260287
0.384928
0.662
0.549558
0.662
0.455989
0.292767
0.325893
0.662
0.662
0.662
0.662
0.247662
0.253207
0.193885
0.223033
0.326843
0.0247158
0.224486
0.662
0.662
0.352346
0.662
0.2516
0.306252
0.662
0.662
0.662
0.238953
0.662
0.0970625
0.235428
0.662
0.662
0.0155216
0.485865
0.246588
0.662
0.362742
0.0237519
0.441339
0.662
0.662
0.662
0.206482
0.662
0.144643
0.662
0.662
0.662
0.662
0.357255
0.453533
0.305477
0.0747702
0.149216
0.662
0.393267
0.358977
0.662
0.400108
0.0193212
0.662
0.22194
0.156927
0.262054
0.662
0.436247
0.382583
0.449368
0.239647
0.662
0.662
0.662
0.394688
0.662
0.133411
0.662
0.662
0.662
0.662
0.662
0.218504
0.281716
0.422459
0.662
0.662
0.662
0.230766
0.22658
0.662
0.246883
0.294427
0.349002
0.662
0.434383
0.0186486
0.00905241
0.0106763
0.662
0.312728
0.662
0.0337256
0.21086
0.177622
0.151597
0.662
0.241782
0.298975
0.662
0.367698
0.662
0.173207
0.662
0.439606
0.662
0.203097
0.662
0.389684
0.0672176
0.662
0.183118
0.469172
0.662
0.662
0.662
0.662
0.00111817
0.662
0.662
0.662
0.662
0.662
0.662
0.662
0.662
0.200898
0.291518
0.425665
0.0405397
0.662
0.662
0.324105
0.421005
0.392701
0.662
0.0853731
0.662
0.662
0.260517
0.662
0.662
0.470482
0.474442
0.662
0.662
0.117793
0.662
0.428673
0.662
0.662
0.299985
0.0474877
0.662
0.662
0.0794919
0.404773
0.0820559
0.662
0.0279294
0.037713
0.403714
0.458753
0.423489
0.247659
0.0779987
0.662
0.0140197
0.662
0.0998195
0.48852
0.662
0.662
0.249437
0.54326
0.23287
0.258402
0.662
0.662
0.662
0.662
0.20766
0.429773
0.662
0.662
0.662
0.662
0.399072
0.662
0.662
0.0553336
0.662
0.662
0.357824
0.662
0.0645895
0.662
0.206919
0.662
0.425124
0.424452
0.141568
0.439798
0.421137
0.167207
0.662
0.0596193
0.215791
0.662
0.07409
0.248808
0.662
0.130892
0.528327
0.662
0.662
0.311215
0.662
0.1429
0.662
0.662
0.192592
0.662
0.662
0.662
0.0734145
0.662
0.662
0.0606592
0.143233
0.0783812
0.128243
0.179591
0.662
0.449331
0.415617
0.662
0.662
0.662
0.662
0.0975904
0.1756
0.19326
0.662
0.662
0.662
0.353582
0.662
0.455125
0.0120558
0.662
0.0396861
0.0576622
0.326177
0.199836
0.436866
0.662
0.417821
0.662
0.308894
0.662
0.410683
0.418877
0.662
0.622151
0.662
0.359373
0.271345
0.434344
0.662
0.476107
0.238182
0.373274
0.662
0.662
0.662
0.305702
0.662
0.227134
0.662
0.0212858
0.158506
0.662
0.0757206
0.662
0.257259
0.662
0.662
0.344213
0.148231
0.0677763
0.662
0.434791
0.662
0.392313
0.662
0.662
0.374882
0.35361
0.662
0.380181
0.662
0.0585401
0.0529614
0.662
0.305865
0.0680721
0.00671208
0.465509
0.662
0.231116
0.00600691
0.164477
0.593519
0.550356
0.402991
0.662
0.662
0.662
0.662
0.276482
0.471608
0.448438
0.662
0.662
0.662
0.0645954
0.662
0.662
0.331634
0.662
0.662
0.662
0.662
0.439867
0.417601
0.662
0.267675
0.183228
0.662
0.662
0.662
0.201996
0.109664
0.311557
0.662
0.364539
0.662
0.095965
0.237087
0.149524
0.662
0.662
0.662
0.0499317
0.0713829
0.662
0.573047
0.662
0.449942
0.662
0.263417
0.225147
0.662
0.662
0.662
0.662
0.337496
0.420415
0.662
0.283552
0.312353
0.662
0.105253
0.662
0.662
0.435901
0.381444
0.662
0.0915532
0.189827
0.445622
0.662
0.662
0.662
0.201508
0.0478578
0.662
0.252235
0.410881
0.352808
0.301826
0.662
0.662
0.0658751
0.662
0.662
0.662
0.233603
0.0026598
0.662
0.0372801
0.662
0.662
0.662
0.662
