0.225829
0.285808
0.662
0.256842
0.21837
0.662
0.662
0.662
0.0336648
0.173107
0.0939125
0.283251
0.256171
0.208626
0.550419
0.449534
0.662
0.662
0.662
0.303362
0.216948
0.322968
0.662
0.662
0.662
0.137207
0.304685
0.662
0.662
0.662
0.419677
0.662
0.549971
0.188373
0.324969
0.662
0.662
0.370609
0.662
0.662
0.268259
0.662
0.662
0.415651
0.629371
0.175584
0.662
0.662
0.662
0.662
0.252745
0.0349664
0.194005
0.662
0.311273
0.662
0.349089
0.436721
0.417126
0.404324
0.662
0.662
0.287915
0.201697
0.662
0.321539
0.662
0.662
0.124211
0.210313
0.662
0.504036
0.662
0.662
0.662
0.301057
0.662
0.662
0.662
0.662
0.662
0.332885
0.22059
0.662
0.662
0.662
0.662
0.170447
0.145394
0.397995
0.662
0.22366
0.662
0.662
0.376966
0.426494
0.381551
0.662
0.662
0.0169347
0.662
0.474881
0.309764
0.662
0.222718
0.414333
0.213981
0.476821
0.428588
0.662
0.662
0.474185
0.0993058
0.36937
0.406304
0.662
0.303807
0.662
0.209715
0.219215
0.662
0.2693
0.662
0.662
0.472615
0.662
0.373812
0.473709
0.0975244
0.324742
0.662
0.442886
0.213323
0.0439028
0.662
0.662
0.662
0.662
0.662
0.662
0.112756
0.41155
0.662
0.255258
0.662
0.662
0.662
0.662
0.456814
0.662
0.391613
0.157746
0.662
0.662
0.662
0.662
0.153039
0.305387
0.662
0.662
0.129526
0.358084
0.0806781
0.662
0.2587
0.258081
0.451653
0.662
0.397001
0.662
0.662
0.353881
0.496734
0.662
0.662
0.377239
0.222783
0.662
0.20453
0.662
0.662
0.662
0.662
0.174854
0.662
0.492273
0.181007
0.662
0.662
0.390612
0.662
0.662
0.186792
0.662
0.662
0.662
0.254726
0.157222
0.662
0.0531522
0.160088
0.131671
0.662
0.662
0.452882
0.0964233
0.431893
0.302521
0.421569
0.662
0.0649365
0.662
0.662
0.662
0.662
0.662
0.662
0.396895
0.662
0.129894
0.662
0.662
0.309668
0.662
0.204897
0.466183
0.476065
0.662
0.662
0.662
0.589731
0.407263
0.0873888
0.523103
0.662
0.662
0.662
0.662
0.662
0.329146
0.662
0.389543
0.662
0.662
0.401507
0.27497
0.486893
0.662
0.363185
0.288752
0.381938
0.374932
0.662
0.357242
0.662
0.662
0.662
0.192273
0.662
0.662
0.373625
0.662
0.662
0.662
0.0216662
0.662
0.347892
0.355341
0.431664
0.171606
0.662
0.299323
0.662
0.662
0.209168
0.662
0.662
0.662
0.0498563
0.662
0.662
0.662
0.399042
0.607514
0.184246
0.370179
0.13628
0.20886
0.573534
0.662
0.662
0.662
0.274839
0.662
0.662
0.662
0.662
0.662
0.408084
0.428597
0.662
0.262355
0.662
0.415339
0.662
0.662
0.543314
0.662
0.662
0.273968
0.662
0.193993
0.615576
0.503511
0.662
0.662
0.662
0.49648
0.323958
0.422627
0.408254
0.662
0.662
0.662
0.0525635
0.399183
0.0217318
0.662
0.662
0.19952
0.449497
0.0548332
0.159387
0.662
0.138324
0.197479
0.616737
0.451561
0.662
0.662
0.25852
0.662
0.662
0.465171
0.662
0.662
0.10086
0.662
0.255739
0.662
0.528136
0.0054402
0.195388
0.326345
0.662
0.662
0.662
0.662
0.662
0.662
0.273485
0.662
0.662
0.662
0.386805
0.0370418
0.662
0.662
0.433075
0.662
0.215743
0.175921
0.367404
0.662
0.456464
0.0958768
0.662
0.662
0.14613
0.459348
0.662
0.662
0.326426
0.662
0.183357
0.325757
0.662
0.347469
0.047386
0.430518
0.0579538
0.662
0.662
0.34817
0.662
0.662
0.481133
0.662
0.662
0.125502
0.662
0.0644212
0.662
0.662
0.0784908
0.662
0.662
0.181997
0.662
0.662
0.445311
0.662
0.0827279
0.226783
0.517605
0.662
0.662
0.244797
0.0935207
0.344791
0.247684
0.395149
0.662
0.0104461
0.662
0.319635
0.35148
0.00664102
0.662
0.662
0.662
0.662
0.662
0.0619256
0.359634
0.662
0.662
0.662
0.143776
0.294929
0.24246
0.399372
0.304869
0.662
0.350352
0.453432
0.134619
0.662
0.407338
0.410339
0.662
0.273091
0.662
0.428286
0.662
0.236484
0.662
0.662
0.662
0.461911
0.662
0.455721
0.662
0.662
0.0270535
0.662
0.662
0.358921
0.309088
0.145366
0.662
0.662
0.439296
0.647122
0.662
0.662
0.662
0.662
0.389107
0.662
0.662
0.662
0.662
0.420827
0.662
0.521151
0.662
0.662
0.662
0.210679
0.662
0.662
0.228935
0.272113
0.662
0.15876
0.592343
0.662
0.164018
0.219748
0.662
0.463797
0.463091
0.662
0.25007
0.662
0.172016
0.469214
0.0520027
0.0098765
0.185011
0.105236
0.662
0.193616
0.662
0.662
0.662
0.662
0.662
0.662
0.338748
0.662
0.662
0.452545
0.137212
0.662
0.333756
0.193092
0.662
0.662
0.662
0.461865
0.662
0.662
0.662
0.407942
0.662
0.237772
0.167816
0.662
0.662
0.662
0.251142
0.662
0.0597009
0.662
0.662
0.662
0.662
0.219793
0.662
0.307494
0.662
0.305165
0.262439
0.312605
0.166836
0.234002
0.662
0.274502
0.662
0.662
0.471989
0.126033
0.0376565
0.662
0.363987
0.662
0.662
0.662
0.191263
0.278093
0.196881
0.662
0.662
0.261975
0.662
0.0284029
0.662
0.662
0.137624
0.436273
0.662
0.662
0.662
0.370267
0.662
0.387306
0.662
0.432963
0.662
0.0525539
0.00615816
0.662
0.662
0.662
0.165673
0.0508433
0.430429
0.363455
0.383207
0.662
0.662
0.349662
0.456191
0.633391
0.662
0.662
0.172796
0.662
0.662
0.10164
0.114309
0.439315
0.531039
0.662
0.296138
0.662
0.00756593
0.37753
0.662
0.662
0.256945
0.134239
0.662
0.185133
0.662
0.550798
0.662
0.374598
0.207344
0.186291
0.209572
0.662
0.0234698
0.662
0.114201
0.662
0.0683761
0.0242211
0.662
0.662
0.662
0.662
0.15442
0.662
0.0688353
0.662
0.662
0.662
0.107129
0.11647
0.662
0.464284
0.241732
0.531061
0.403372
0.257347
0.479548
0.509428
0.662
0.662
0.292068
0.662
0.183359
0.405276
0.232222
0.582756
0.662
0.662
0.204426
0.662
0.662
0.662
0.662
0.35596
0.662
0.256813
0.580752
0.662
0.662
0.662
0.218641
0.0782687
0.662
0.0148009
0.331868
0.662
0.662
0.00552257
0.249476
0.662
0.636012
0.496875
0.662
0.10641
0.352541
0.391752
0.662
0.662
0.524655
0.202106
0.413278
0.344567
0.42876
0.0896049
0.441893
0.662
0.662
0.662
0.227245
0.662
0.120335
0.406997
0.662
0.154501
0.33988
0.375307
0.662
0.0722573
0.383322
0.662
0.122108
0.0196883
0.296055
0.662
0.662
0.662
0.662
0.662
0.662
0.318106
0.192018
0.662
0.662
0.188365
0.093077
0.149262
0.107653
0.363027
0.662
0.662
0.188508
0.662
0.662
0.662
0.103456
0.461078
0.662
0.394627
0.450645
0.662
0.262295
0.662
0.257347
0.09459
0.662
0.662
0.339475
0.662
0.288491
0.498263
0.430404
0.662
0.662
0.662
0.662
0.662
0.236751
0.662
0.662
0.662
0.16322
0.662
0.662
0.129582
0.662
0.662
0.364456
0.662
0.32652
0.199057
0.427366
0.662
0.0516847
0.233673
0.662
0.662
0.248144
0.662
0.662
0.662
0.457059
0.662
0.662
0.121113
0.662
0.334264
0.662
0.412989
0.662
0.662
0.301207
0.662
0.271046
0.0584152
0.379329
0.0717482
0.662
0.0869738
0.662
0.662
0.662
0.419653
0.662
0.176742
0.662
0.662
0.203808
0.0197344
0.454105
0.662
0.662
0.0224566
0.662
0.298142
0.176198
0.662
0.662
0.213314
0.662
0.4736
0.662
0.0483058
0.243388
0.662
0.38384
0.662
0.487281
0.461367
0.165108
0.400565
0.167264
0.662
0.283886
0.244927
0.662
0.418603
0.662
0.662
0.662
0.305436
0.662
0.662
0.225468
0.662
0.662
0.50146
0.205916
0.275847
0.662
0.662
0.662
0.662
0.662
0.148521
0.662
0.662
0.241848
0.662
0.129096
0.491361
0.662
0.662
0.369425
0.27327
0.662
0.662
0.215335
0.458189
0.662
0.662
0.170544
0.662
0.217642
0.662
0.662
0.662
0.662
0.662
0.326945
0.662
0.283757
0.662
0.662
0.662
0.662
0.159786
0.662
0.34548
0.164176
0.662
0.662
0.372315
0.662
0.345979
0.662
0.296405
0.662
0.662
0.466384
0.662
0.662
0.432146
0.662
0.662
0.40192
0.662
0.662
0.515607
0.662
0.223457
0.248102
0.403192
0.0293578
0.662
0.289148
0.597062
0.662
0.662
0.319673
0.662
0.662
0.0807261
0.044118
0.662
0.0752608
0.498702
0.190633
0.470939
0.249049
0.662
0.662
0.251606
0.304325
0.662
0.662
0.530905
0.105665
0.662
0.662
0.662
0.662
0.12478
0.170421
0.662
0.398505
0.288106
0.662
0.280611
0.662
0.21124
0.423186
0.662
0.0340535
0.662
0.613906
0.662
0.105818
0.410939
0.662
0.662
0.160933
0.0880112
0.662
0.285977
0.363711
0.662
0.322749
0.0949419
0.662
0.0722632
0.0713543
0.215106
0.401455
0.662
0.105984
0.662
0.662
0.451912
0.426187
0.59719
0.152275
0.662
0.662
0.662
0.662
0.662
0.662
0.0826778
0.662
0.662
0.0535987
0.662
0.365723
0.0556218
0.662
0.662
0.662
0.18151
0.0985247
0.662
0.189087
0.576746
0.331392
0.662
0.214558
0.277229
0.662
0.662
0.295384
0.662
0.154276
0.662
0.662
0.633391
0.662
0.38441
0.0661596
0.662
0.662
0.18732
0.448225
0.146982
0.0585581
0.662
0.662
0.662
0.151007
0.662
0.662
0.662
0.662
0.662
0.662
0.241235
0.662
0.662
0.662
0.606534
0.662
0.391222
0.662
0.611978
0.383879
0.662
0.434554
0.469479
0.0427711
0.387334
0.411695
0.120054
0.284027
0.362275
0.348814
0.662
0.662
0.662
0.662
0.34222
0.662
0.397334
0.457813
0.293547
0.203734
0.662
0.662
0.205721
0.662
0.374646
0.662
0.352353
0.662
0.380147
0.0544138
0.662
0.662
0.212573
0.211469
0.212755
0.662
0.662
0.662
0.662
0.309195
0.662
0.383899
0.180761
0.416823
0.377159
0.579395
0.63855
0.662
0.170347
0.662
0.662
0.662
0.346103
0.662
0.662
0.662
0.0066975
0.393862
0.38594
0.662
0.0568154
0.221613
0.662
0.183539
0.1179
0.662
0.662
0.662
0.662
0.400293
0.0668505
0.662
0.662
0.0194353
0.662
0.0967585
0.662
0.0392038
0.0834228
0.166299
0.662
0.662
0.524737
0.3308
0.308534
0.662
0.662
0.0518043
0.662
0.220686
0.662
0.0465299
0.662
0.662
0.662
0.662
0.45669
0.662
0.15931
0.662
0.402589
0.0648911
0.662
0.359868
0.662
0.662
0.28901
0.475192
0.339835
0.662
0.662
0.662
0.662
0.662
0.662
0.452235
0.662
0.662
0.421478
0.662
0.662
0.394426
0.288295
0.165568
0.233142
0.338757
0.662
0.224864
0.662
0.0775312
0.0100665
0.662
0.271206
0.662
0.662
0.662
0.662
0.0604403
0.662
0.662
0.662
0.662
0.662
0.418754
0.331728
0.662
0.352429
0.662
0.662
0.662
0.234881
0.662
0.402035
0.662
0.662
0.0630911
0.662
0.348856
0.662
0.662
0.662
0.255425
0.243192
0.249466
0.365206
0.662
0.662
0.352007
0.662
0.662
0.662
0.662
0.28834
0.662
0.192298
0.454039
0.559011
0.319452
