0.662
0.662
0.662
0.299985
0.662
0.484288
0.662
0.149726
0.662
0.305477
0.450136
0.408245
0.49802
0.662
0.662
0.662
0.662
0.662
0.662
0.662
0.025532
0.662
0.662
0.393267
0.118769
0.308591
0.662
0.0441138
0.252235
0.662
0.394523
0.662
0.662
0.662
0.662
0.380524
0.11245
0.662
0.218504
0.0860689
0.662
0.415052
0.662
0.662
0.345373
0.303732
0.140107
0.227134
0.240575
0.311557
0.171539
0.0803252
0.124906
0.662
0.351957
0.471608
0.662
0.232723
0.452753
0.662
0.270614
0.272737
0.662
0.662
0.662
0.662
0.662
0.662
0.128243
0.662
0.0425468
0.321302
0.662
0.662
0.367902
0.662
0.157736
0.039638
0.169923
0.662
0.662
0.662
0.662
0.662
0.311351
0.159428
0.0620049
0.662
0.231848
0.662
0.430207
0.479169
0.567919
0.142108
0.662
0.662
0.267675
0.46236
0.163539
0.662
0.447465
0.339208
0.0499442
0.0559894
0.128049
0.633391
0.255249
0.0671923
0.662
0.662
0.126949
0.264158
0.0266303
0.216589
0.339014
0.662
0.223033
0.315737
0.662
0.191947
0.662
0.662
0.00111817
0.662
0.662
0.160969
0.662
0.662
0.453533
0.662
0.0155216
0.662
0.0857653
0.662
0.662
0.662
0.662
0.662
0.46439
0.155798
0.0159762
0.662
0.0783812
0.301826
0.415307
0.373155
0.455208
0.662
0.458753
0.00230157
0.662
0.163815
0.161107
0.662
0.662
0.0638248
0.424663
0.0970625
0.151597
0.662
0.451574
0.0570608
0.00112218
0.260811
0.528327
0.520307
0.336378
0.662
0.662
0.0247158
0.662
0.434383
0.0843351
0.662
0.1424
0.662
0.22163
0.30549
0.166665
0.662
0.249437
0.276245
0.441339
0.662
0.231116
0.662
0.450355
0.662
0.662
0.662
0.662
0.541924
0.662
0.285927
0.662
0.292234
0.662
0.411128
0.148231
0.662
0.662
0.662
0.662
0.662
0.26374
0.445622
0.662
0.177622
0.662
0.0747702
0.387486
0.662
0.373094
0.040605
0.190699
0.250844
0.662
0.662
0.30727
0.243118
0.284413
0.662
0.0677763
0.480773
0.662
0.472169
0.325893
0.21086
0.662
0.662
0.662
0.662
0.662
0.662
0.662
0.249489
0.270475
0.419652
0.475396
0.662
0.662
0.417022
0.662
0.192592
0.662
0.662
0.662
0.27849
0.219521
0.239647
0.662
0.662
0.424452
0.183118
0.662
0.166618
0.662
0.662
0.481757
0.243071
0.662
0.662
0.662
0.662
0.662
0.208381
0.662
0.662
0.108748
0.662
0.0713829
0.130985
0.160455
0.662
0.0111791
0.662
0.424922
0.0841215
0.662
0.422459
0.195444
0.662
0.314975
0.662
0.220234
0.662
0.612747
0.287461
0.662
0.352808
0.662
0.662
0.00602388
0.199659
0.380289
0.0565932
0.662
0.400559
0.662
0.20766
0.662
0.127029
0.14634
0.662
0.662
0.182893
0.662
0.456097
0.662
0.662
0.662
0.662
0.0348552
0.662
0.662
0.0641444
0.202382
0.662
0.662
0.384928
0.334862
0.16596
0.380181
0.662
0.350123
0.228736
0.662
0.371348
0.420494
0.264506
0.337496
0.662
0.390463
0.662
0.662
0.662
0.662
0.227934
0.410567
0.662
0.662
0.407579
0.616151
0.611969
0.444626
0.662
0.662
0.662
0.226458
0.662
0.211772
0.558222
0.662
0.0820559
0.370074
0.327978
0.0499317
0.133411
0.662
0.463254
0.662
0.332171
0.662
0.662
0.16034
0.472838
0.662
0.170078
0.432241
0.662
0.450186
0.193515
0.16266
0.550396
0.662
0.35066
0.472925
0.662
0.130892
0.19326
0.0754148
0.652727
0.662
0.662
0.662
0.662
0.0313173
0.0383373
0.662
0.662
0.662
0.662
0.32539
0.662
0.344213
0.506179
0.277097
0.662
0.439606
0.662
0.0645954
0.662
0.662
0.662
0.364539
0.0648188
0.662
0.662
0.662
0.593519
0.235428
0.662
0.662
0.143054
0.105253
0.662
0.235994
0.662
0.312353
0.322727
0.662
0.400108
0.0858479
0.483757
0.662
0.662
0.0704516
0.662
0.662
0.367698
0.662
0.662
0.420415
0.662
0.662
0.107839
0.404168
0.662
0.662
0.381444
0.198419
0.662
0.161747
0.184788
0.180445
0.449331
0.0921392
0.0539044
0.662
0.430836
0.271345
0.662
0.0501002
0.260287
0.443929
0.662
0.662
0.662
0.0535215
0.662
0.662
0.192109
0.662
0.662
0.662
0.249763
0.0352315
0.0276367
0.193885
0.283411
0.322405
0.412972
0.662
0.428673
0.47033
0.201508
0.662
0.0127359
0.662
0.224486
0.662
0.0318334
0.662
0.440534
0.662
0.662
0.0757206
0.116592
0.662
0.256719
0.662
0.30561
0.662
0.662
0.24494
0.149216
0.662
0.662
0.662
0.377939
0.662
0.241715
0.662
0.662
0.662
0.662
0.662
0.0334446
0.662
0.0325118
0.394688
0.392147
0.212698
0.0723716
0.415617
0.662
0.662
0.662
0.662
0.662
0.662
0.662
0.148046
0.662
0.346622
0.333537
0.0437346
0.662
0.662
0.444413
0.662
0.662
0.662
0.662
0.17069
0.0606592
0.0255132
0.0749536
0.662
0.178032
0.662
0.312811
0.662
0.662
0.259023
0.662
0.0484649
0.662
0.662
0.662
0.0157229
0.662
0.516744
0.0680721
0.662
0.505843
0.23287
0.38323
0.378558
0.662
0.662
0.263417
0.662
0.353505
0.121781
0.0643454
0.662
0.448438
0.662
0.249373
0.413507
0.662
0.0809874
0.662
0.662
0.0358239
0.662
0.0506433
0.36232
0.413376
0.347355
0.151902
0.662
0.462573
0.105516
0.298975
0.238182
0.662
0.417438
0.43567
0.662
0.378313
0.0528133
0.662
0.662
0.662
0.662
0.315222
0.450589
0.262898
0.549558
0.662
0.449043
0.662
0.662
0.662
0.662
0.662
0.662
0.00607746
0.662
0.254821
0.662
0.662
0.331634
0.334675
0.662
0.662
0.408323
0.215908
0.504922
0.662
0.662
0.662
0.662
0.662
0.0769468
0.662
0.662
0.662
0.431508
0.662
