0.460629
0.44772
0.662
0.224486
0.662
0.662
0.39673
0.662
0.295426
0.257718
0.570671
0.662
0.421234
0.343092
0.662
0.662
0.252114
0.0500694
0.662
0.662
0.0921392
0.24634
0.375511
0.23287
0.662
0.259985
0.662
0.00977292
0.662
0.108748
0.662
0.662
0.141164
0.119697
0.662
0.178563
0.39769
0.662
0.533559
0.662
0.250844
0.662
0.30969
0.662
0.292325
0.662
0.662
0.0376459
0.0904364
0.662
0.662
0.1429
0.200813
0.662
0.0646041
0.662
0.444247
0.662
0.354244
0.276245
0.662
0.445933
0.662
0.662
0.42434
0.193515
0.662
0.325683
0.662
0.662
0.358277
0.614666
0.399072
0.357824
0.662
0.337252
0.662
0.662
0.662
0.0167029
0.479177
0.662
0.193049
0.662
0.662
0.662
0.157178
0.662
0.662
0.398414
0.315958
0.0503418
0.421861
0.0739958
0.662
0.0550621
0.662
0.455222
0.662
0.194827
0.662
0.0300685
0.662
0.498978
0.662
0.226894
0.662
0.662
0.577656
0.0339685
0.662
0.662
0.173207
0.662
0.662
0.662
0.109664
0.144102
0.662
0.662
0.0539511
0.662
0.447893
0.383336
0.662
0.662
0.212674
0.662
0.139158
0.662
0.662
0.429783
0.662
0.0378826
0.662
0.662
0.662
0.420622
0.212153
0.361651
0.172552
0.431277
0.386244
0.435225
0.0914471
0.272063
0.389219
0.662
0.487446
0.562226
0.662
0.0539691
0.662
0.662
0.175134
0.286848
0.325893
0.475803
0.662
0.662
0.662
0.662
0.662
0.662
0.662
0.0672176
0.662
0.376004
0.0615282
0.662
0.0548001
0.2516
0.662
0.662
0.39234
0.505899
0.662
0.0908212
0.662
0.662
0.662
0.074165
0.662
0.193924
0.662
0.0337256
0.462287
0.151597
0.662
0.662
0.662
0.662
0.341408
0.662
0.662
0.12394
0.662
0.662
0.662
0.441707
0.0779987
0.662
0.662
0.366368
0.271894
0.662
0.662
0.662
0.170311
0.292017
0.41881
0.0425127
0.662
0.476079
0.662
0.208713
0.662
0.508504
0.0370102
0.662
0.278345
0.117793
0.196522
0.662
0.149115
0.662
0.662
0.0469799
0.662
0.0734607
0.662
0.252353
0.262898
0.662
0.662
0.443156
0.662
0.251623
0.359052
0.0348552
0.224566
0.00331276
0.662
0.0759277
0.662
0.394362
0.662
0.192571
0.46444
0.662
0.662
0.662
0.662
0.436402
0.662
0.662
0.662
0.662
0.662
0.353582
0.662
0.662
0.662
0.308584
0.662
0.662
0.662
0.376698
0.181847
0.662
0.662
0.421137
0.0179112
0.295795
0.662
0.662
0.451491
0.580426
0.46236
0.484288
0.662
0.0883185
0.662
0.437313
0.662
0.662
0.0348893
0.662
0.272557
0.294427
0.0425468
0.662
0.662
0.0818967
0.357099
0.662
0.236512
0.191947
0.662
0.451382
0.662
0.473985
0.662
0.662
0.662
0.662
0.413318
0.315737
0.662
0.662
0.326177
0.254493
0.662
0.662
0.662
0.0429579
0.068247
0.662
0.662
0.294435
0.662
0.402991
0.448888
0.662
0.437838
0.194144
0.436956
0.480462
0.3434
0.102423
0.662
0.662
0.662
0.662
0.662
0.315971
0.662
0.386906
0.662
0.299929
0.662
0.662
0.662
0.291518
0.104153
0.466539
0.0529614
0.662
0.0964042
0.0769468
0.662
0.662
0.508137
0.662
0.662
0.143969
0.662
0.662
0.662
0.662
0.662
0.371289
0.124784
0.305221
0.348681
0.662
0.352772
0.332248
0.415274
0.564317
0.117418
0.43875
0.662
0.448438
0.662
0.398553
0.158757
0.355347
0.662
0.662
0.662
0.397611
0.428346
0.662
0.662
0.662
0.329899
0.662
0.662
0.662
0.662
0.662
0.662
0.662
0.0836416
0.662
0.662
0.475639
0.662
0.307786
0.662
0.102226
0.662
0.662
0.662
0.662
0.227134
0.0525269
0.40037
0.436866
0.339929
0.662
0.30242
0.0372801
0.662
0.662
0.662
0.353064
0.0105867
0.185759
0.662
0.419326
0.662
0.309481
0.244382
0.275901
0.662
0.0843188
0.662
0.662
0.148997
0.662
0.169524
0.00359181
0.662
0.662
0.662
0.662
0.331473
0.662
0.662
0.280346
0.662
0.486456
0.662
0.331569
0.192285
0.662
0.43193
0.260602
0.662
0.662
0.662
0.475972
0.662
0.662
0.662
0.662
0.0179304
0.662
0.662
0.662
0.450589
0.470482
0.662
0.662
0.662
0.662
0.662
0.662
0.0226954
0.0950651
0.322898
0.662
0.662
0.453643
0.662
0.653592
0.415215
0.662
0.098491
0.419887
0.0181743
0.0705703
0.267675
0.262054
0.662
0.662
0.297498
0.662
0.662
0.662
0.240064
0.313016
0.662
0.662
0.381049
0.662
0.662
0.662
0.662
0.662
0.455125
0.662
0.525375
0.662
0.227617
0.662
0.662
0.155798
0.662
