0.197753
0.662
0.471375
0.164463
0.468931
0.348227
0.662
0.20874
0.662
0.662
0.284682
0.633694
0.662
0.662
0.129711
0.114538
0.662
0.214098
0.662
0.662
0.00868975
0.485766
0.662
0.662
0.662
0.662
0.662
0.461526
0.466339
0.279324
0.662
0.662
0.662
0.662
0.0412624
0.662
0.581477
0.293716
0.662
0.662
0.182032
0.106147
0.357178
0.662
0.662
0.409366
0.662
0.662
0.118628
0.237397
0.662
0.418292
0.232759
0.275185
0.662
0.225111
0.662
0.662
0.662
0.377842
0.662
0.662
0.662
0.0360716
0.662
0.662
0.377009
0.662
0.305814
0.662
0.45212
0.662
0.662
0.296931
0.662
0.435543
0.0606625
0.662
0.662
0.472401
0.662
0.662
0.662
0.662
0.662
0.201961
0.211488
0.662
0.662
0.331571
0.250666
0.662
0.106684
0.225233
0.0741917
0.662
0.361415
0.662
0.60676
0.662
0.417474
0.405153
0.245553
0.662
0.662
0.222583
0.0774297
0.662
0.662
0.391555
0.662
0.139456
0.662
0.171898
0.241358
0.000915284
0.662
0.660989
0.662
0.662
0.662
0.396603
0.662
0.662
0.662
0.662
0.46883
0.662
0.662
0.102368
0.662
0.31523
0.662
0.152655
0.246679
0.123316
0.662
0.662
0.376808
0.662
0.218829
0.662
0.369662
0.388724
0.662
0.494148
0.662
0.662
0.108372
0.0214718
0.0964711
0.189675
0.336777
0.248074
0.107977
0.662
0.408759
0.328846
0.543397
0.662
0.662
0.662
0.174937
0.409322
0.633391
0.662
0.662
0.662
0.367667
0.662
0.662
0.434329
0.662
0.662
0.09941
0.109815
0.550133
0.662
0.362322
0.333985
0.662
0.662
0.662
0.281788
0.662
0.315063
0.662
0.0562244
0.662
0.662
0.112136
0.662
0.662
0.662
0.662
0.662
0.662
0.00944837
0.662
0.472469
0.662
0.508731
0.662
0.662
0.662
0.662
0.662
0.662
0.328085
0.245332
0.261238
0.662
0.662
0.0810231
0.662
0.662
0.439623
0.208196
0.374065
0.308272
0.662
0.662
0.662
0.242114
0.662
0.662
0.662
0.662
0.459723
0.543915
0.323656
0.440583
0.662
0.662
0.662
0.662
0.662
0.62628
0.317333
0.175776
0.43199
0.251529
0.662
0.472726
0.662
0.123935
0.620115
0.162566
0.161222
0.0468276
0.263295
0.662
0.662
0.174332
0.662
0.633924
0.662
0.662
0.662
0.400379
0.209698
0.451313
0.253094
0.662
0.662
0.662
0.1295
0.662
0.662
0.195042
0.242283
0.351894
0.350455
0.123515
0.662
0.662
0.234177
0.159135
0.662
0.375993
0.128398
0.247218
0.50436
0.153598
0.481471
0.414788
0.0714344
0.225788
0.258549
0.662
0.171095
0.662
0.049972
0.662
0.0971083
0.254123
0.304321
0.219915
0.202638
0.662
0.253775
0.230361
0.662
0.662
0.440453
0.0703529
0.662
0.133984
0.159346
0.230678
0.662
0.158292
0.458026
0.662
0.662
0.0105056
0.266429
0.662
0.154319
0.662
0.135984
0.662
0.662
0.352189
0.462191
0.24085
0.363818
0.662
0.196626
0.662
0.662
0.209279
0.662
0.0461772
0.386209
0.662
0.662
0.0347764
0.662
0.203437
0.662
0.662
0.137509
0.441541
0.073512
0.662
0.453266
0.256588
0.0111238
0.662
0.662
0.0161204
0.662
0.370793
0.662
0.662
0.326412
0.662
0.662
0.148308
0.662
0.662
0.204452
0.662
0.471163
0.235172
0.662
0.662
0.0168928
0.662
0.401286
0.662
0.662
0.509564
0.662
0.607895
0.662
0.292222
0.662
0.662
0.0630905
0.662
0.662
0.662
0.662
0.142034
0.662
0.662
0.662
0.378419
0.0251733
0.312777
0.662
0.662
0.179887
0.662
0.662
0.662
0.662
0.206276
0.421372
0.662
0.405926
0.550577
0.662
0.662
0.662
0.662
0.662
0.662
0.475886
0.662
0.662
0.662
0.379752
0.662
0.662
0.102308
0.458202
0.472237
0.662
0.662
0.274413
0.136667
0.429403
0.131458
0.662
0.662
0.662
0.155391
0.662
0.281278
0.662
0.662
0.138782
0.662
0.662
0.180669
0.662
0.662
0.662
0.662
0.662
0.46686
0.455832
0.662
0.662
0.288922
0.369762
0.662
0.0882983
0.429731
0.62548
0.662
0.305671
0.662
0.399577
0.662
0.662
0.24708
0.662
0.25171
0.152403
0.662
0.308288
0.662
0.662
0.308539
0.110477
0.415131
0.662
0.444673
0.47145
0.252859
0.662
0.662
0.662
0.662
0.268799
0.380476
0.662
0.662
0.385879
0.408828
0.662
0.0401433
0.489352
0.662
0.372729
0.662
0.0847523
0.308648
0.437775
0.662
0.662
0.379955
0.662
0.662
0.186661
0.479081
0.0221717
0.662
0.174527
0.421365
0.662
0.662
0.190354
0.570885
0.244086
0.662
0.662
0.465588
0.662
0.0364638
0.121806
0.662
0.662
0.662
0.662
0.662
0.662
0.0606642
0.624053
0.662
0.662
0.662
0.465536
0.662
0.33739
0.662
0.159135
0.459085
0.662
0.662
0.662
0.662
0.662
0.662
0.318109
0.123567
0.662
0.662
0.662
0.457769
0.662
0.662
0.662
0.662
0.662
0.22314
0.187469
0.662
0.112035
0.662
0.0238168
0.662
0.662
0.662
0.662
0.394809
0.143166
0.662
0.662
0.182193
0.189429
0.662
0.311057
0.451147
0.370342
0.662
0.662
0.662
0.356368
0.662
0.662
0.662
0.0905845
0.662
0.662
0.662
0.662
0.662
0.228063
0.662
0.250665
0.0746976
0.438745
0.1943
0.0728836
0.662
0.371603
0.00707606
0.0642591
0.342064
0.662
0.662
0.662
0.0564393
0.523709
0.353665
0.662
0.662
0.662
0.146726
0.0885307
0.662
0.476023
0.662
0.241763
0.0142588
0.662
0.159648
0.275759
0.662
0.181204
0.662
0.662
0.300297
0.662
0.662
0.662
0.46967
0.662
0.662
0.662
0.347708
0.0028273
0.662
0.599312
0.279123
0.662
0.662
0.386885
0.235909
0.662
0.662
0.651217
0.662
0.662
0.662
0.143599
0.632186
0.308572
0.662
0.380983
0.662
0.297731
0.662
0.214072
0.662
0.662
0.662
0.320483
0.0274219
0.662
0.662
0.662
0.0534572
0.662
0.406006
0.662
0.662
0.662
0.662
0.441584
0.566329
0.158453
0.467214
0.662
0.164409
0.662
0.662
0.662
0.162128
0.608303
0.662
0.421469
0.279067
0.257569
0.662
0.0965829
0.662
0.391311
0.457363
0.33658
0.662
0.32514
0.356661
0.662
0.662
0.153108
0.628462
0.448226
0.178818
0.330697
0.662
0.123851
0.662
0.662
0.662
0.662
0.662
0.00848681
0.662
0.662
0.363539
0.662
0.662
0.662
0.662
0.105748
0.242784
0.662
0.662
0.662
0.0835489
0.0109074
0.159021
0.662
0.662
0.396214
0.662
0.662
0.662
0.662
0.662
0.662
0.662
0.662
0.662
0.662
0.184578
0.113476
0.213357
0.662
0.662
0.662
0.662
0.232711
0.662
0.503346
0.662
0.160217
0.662
0.662
0.662
0.662
0.160549
0.662
0.482787
0.297917
0.442785
0.206492
0.217852
0.662
0.662
0.662
0.662
0.662
0.388871
0.509625
0.662
0.662
0.372114
0.433509
0.392911
0.662
0.0276329
0.662
0.0629544
0.244536
0.662
0.295473
0.662
0.251342
0.662
0.175515
0.662
0.662
0.396508
0.429693
0.662
0.662
0.322819
0.662
0.662
0.333608
0.662
0.662
0.662
0.662
0.335507
0.662
0.198968
0.662
0.311135
0.21106
0.662
0.662
0.662
0.662
0.158888
0.243479
0.441395
0.185823
0.317287
0.662
0.109294
0.662
0.662
0.454231
0.513086
0.662
0.461763
0.662
0.662
0.505962
0.662
0.26365
0.0590405
0.090764
0.015061
0.316949
0.662
0.359625
0.221346
0.0378993
0.391723
0.662
0.662
0.344755
0.299647
0.662
0.662
0.29346
0.0805806
0.662
0.662
0.662
0.662
0.662
0.139983
0.346588
0.2466
0.662
0.662
0.662
0.164695
0.662
0.662
0.662
0.499207
0.285841
0.662
0.662
0.205574
0.662
0.662
0.245588
0.0524215
0.662
0.662
0.403389
0.662
0.173945
0.662
0.483463
0.662
0.286157
0.223189
0.4561
0.662
0.0958414
0.662
0.367582
0.662
0.662
0.321866
0.662
0.4725
0.662
0.201094
0.662
0.662
0.451559
0.360599
0.468755
0.39451
0.662
0.662
0.662
0.662
0.411016
0.662
0.348439
0.662
0.385747
0.0351355
0.662
0.662
0.662
0.117342
0.456362
0.350655
0.662
0.455776
0.662
0.188886
0.662
0.435704
0.662
0.186066
0.309029
0.474691
0.0173913
0.662
0.301756
0.0511815
0.662
0.662
0.437654
0.662
0.482186
0.662
0.662
0.662
0.662
0.461451
0.36824
0.455067
0.0926497
0.218605
0.469442
0.413362
0.463751
0.662
0.0777673
0.443626
0.662
0.19672
0.0642838
0.662
0.374184
0.501233
0.662
0.306341
0.500592
0.662
0.30129
0.662
0.261858
0.216295
0.662
0.662
0.662
0.206079
0.662
0.662
0.554623
0.662
0.389289
0.307454
0.662
0.213058
0.662
0.393231
0.662
0.662
0.290577
0.662
0.662
0.44717
0.662
0.329801
0.662
0.443516
0.224984
0.662
0.662
0.177931
0.340287
0.662
0.662
0.662
0.662
0.662
0.662
0.662
0.202417
0.662
0.481484
0.662
0.662
0.311035
0.662
0.662
0.662
0.662
0.662
0.323022
0.195094
0.662
0.376487
0.496013
0.662
0.662
0.662
0.103717
0.445916
0.662
0.36558
0.31501
0.27397
0.217358
0.662
0.209179
0.662
0.662
0.662
0.270956
0.0436777
0.662
0.476535
0.12189
0.662
0.00302087
0.136923
0.662
0.420334
0.305451
0.656947
0.461996
0.662
0.0172191
0.662
0.292195
0.393396
0.662
0.662
0.331548
0.662
0.461536
0.662
0.662
0.662
0.628966
0.662
0.134275
0.325824
0.662
0.424024
0.662
0.662
0.10102
0.662
0.295977
0.0351101
0.208633
0.662
0.000658535
0.468113
0.238978
0.662
0.662
0.662
0.662
0.662
0.171243
0.662
0.0719012
0.16782
0.662
0.662
0.662
0.328501
0.056364
0.662
0.209192
0.388625
0.000279095
0.633694
0.662
0.662
0.21133
0.662
0.459655
0.662
0.407468
0.662
0.662
0.662
0.662
0.662
0.662
0.0961409
0.662
0.662
0.0726218
0.662
0.434394
0.184138
0.662
0.245614
0.662
0.287182
0.662
0.662
0.662
0.662
