0.262257
0.662
0.0887031
0.662
0.0936437
0.330548
0.106785
0.199749
0.213769
0.662
0.333072
0.662
0.662
0.43551
0.662
0.662
0.096669
0.662
0.298663
0.244507
0.662
0.194083
0.662
0.662
0.1389
0.0869648
0.20285
0.0323959
0.371916
0.662
0.243346
0.285085
0.662
0.662
0.141498
0.391732
0.662
0.662
0.662
0.446531
0.662
0.662
0.514507
0.662
0.662
0.0249795
0.355269
0.137212
0.662
0.204276
0.662
0.204177
0.662
0.330436
0.45985
0.0720503
0.107444
0.334388
0.0473622
0.278118
0.529888
0.662
0.662
0.532618
0.662
0.0588471
0.662
0.243778
0.662
0.662
0.662
0.412258
0.251359
0.29337
0.662
0.0894468
0.347694
0.297161
0.662
0.295485
0.0287043
0.662
0.662
0.662
0.425153
0.341891
0.662
0.662
0.662
0.363661
0.177263
0.233651
0.0631983
0.513638
0.150736
0.0381138
0.662
0.156167
0.662
0.38876
0.662
0.662
0.137619
0.389539
0.42529
0.662
0.662
0.477019
0.662
0.662
0.252721
0.662
0.662
0.484864
0.272996
0.304366
0.662
0.317908
0.0499516
0.662
0.662
0.662
0.37358
0.662
0.662
0.424
0.578327
0.19205
0.662
0.208808
0.384312
0.662
0.0931644
0.446238
0.662
0.662
0.662
0.662
0.662
0.321773
0.662
0.662
0.10391
0.662
0.202727
0.662
0.662
0.662
0.662
0.0884123
0.662
0.217003
0.662
0.662
0.662
0.346488
0.662
0.662
0.336784
0.120821
0.380938
0.662
0.331794
0.29946
0.662
0.0720778
0.662
0.372893
0.068101
0.662
0.662
0.327038
0.662
0.662
0.439776
0.662
0.662
0.662
0.662
0.662
0.662
0.224636
0.283563
0.326749
0.178839
0.662
0.662
0.662
0.662
0.662
0.125184
0.662
0.228761
0.662
0.145223
0.221181
0.00145415
0.147962
0.662
0.662
0.412548
0.438004
0.280073
0.41517
0.0819558
0.662
0.662
0.662
0.662
0.662
0.662
0.662
0.535535
0.662
0.662
0.433102
0.417418
0.662
0.440979
0.109968
0.662
0.662
0.662
0.662
0.443744
0.662
0.662
0.380471
0.662
0.473378
0.662
0.354076
0.106466
0.0767503
0.366473
0.473173
0.662
0.345923
0.662
0.662
0.38951
0.34666
0.117899
0.342641
0.23177
0.053956
0.662
0.662
0.662
0.662
0.146623
0.662
0.662
0.662
0.662
0.662
0.662
0.662
0.162425
0.448316
0.662
0.662
0.662
0.662
0.457422
0.61424
0.662
0.344762
0.662
0.0432594
0.662
0.113511
0.188698
0.626471
0.662
0.662
0.130966
0.280113
0.662
0.452897
0.32549
0.662
0.311305
0.662
0.0556933
0.662
0.0243281
0.207075
0.121899
0.662
0.464711
0.0545545
0.662
0.662
0.662
0.031186
0.292508
0.281695
0.662
0.662
0.373094
0.150739
0.232759
0.113339
0.0159541
0.662
0.662
0.662
0.662
0.662
0.181385
0.662
0.662
0.0187574
0.161333
0.194739
0.600321
0.47672
0.657325
0.458754
0.335806
0.0875593
0.286903
0.662
0.459213
0.340836
0.662
0.440582
0.202652
0.662
0.662
0.629759
0.662
0.662
0.662
0.0760067
0.206066
0.0286982
0.662
0.662
0.130557
0.426306
0.662
0.118815
0.662
0.662
0.301562
0.662
0.257077
0.662
0.391029
0.662
0.662
0.00607698
0.662
0.662
0.662
0.274157
0.662
0.469565
0.662
0.662
0.0679535
0.335284
0.181514
0.662
0.423585
0.662
0.662
0.0392407
0.662
0.662
0.662
0.662
0.208482
0.662
0.662
0.662
0.662
0.335344
0.472735
0.470576
0.44193
0.15435
0.662
0.384892
0.662
0.662
0.213138
0.662
0.22008
0.662
0.359946
0.312493
0.662
0.662
0.320061
0.29874
0.662
0.662
0.662
0.662
0.247362
0.209234
0.519617
0.230878
0.662
0.302978
0.0170584
0.257463
0.0429847
0.345052
0.355083
0.662
0.273925
0.662
0.166546
0.276253
0.662
0.153983
0.662
0.282598
0.207391
0.195326
0.633391
0.662
0.662
0.193164
0.662
0.662
0.662
0.662
0.662
0.425667
0.19875
0.476284
0.299447
0.156344
0.662
0.662
0.45841
0.662
0.291756
0.365175
0.11759
0.662
0.285778
0.375688
0.662
0.662
0.360907
0.423087
0.217985
0.164949
0.662
0.306448
0.662
0.662
0.662
0.662
0.507362
0.150434
0.662
0.0326169
0.341216
0.431635
0.662
0.199295
0.662
0.475514
0.662
0.39817
0.662
0.662
0.662
0.253774
0.662
0.662
0.662
0.280337
0.662
0.662
0.662
0.662
0.0322209
0.174967
0.662
0.130355
0.0565269
0.662
0.662
0.662
0.662
0.113346
0.331277
0.469867
0.662
0.440118
0.470877
0.0714489
0.662
0.662
0.454536
0.546238
0.662
0.662
0.398522
0.450887
0.662
0.662
0.226185
0.296767
0.120109
0.410465
0.438166
0.487379
0.322021
0.662
0.662
0.595156
0.662
0.438149
0.662
0.006179
0.0146228
0.301453
0.549489
0.662
0.662
0.104264
0.662
0.118833
0.233613
0.662
0.662
0.435883
0.230886
0.662
0.426712
0.662
0.662
0.332297
0.317032
0.662
0.0389085
0.662
0.662
0.662
0.444809
0.17604
0.337882
0.662
0.467457
0.662
0.275087
0.0605655
0.662
0.662
0.662
0.662
0.662
0.276664
0.0628693
0.662
0.522808
0.376285
0.263902
0.662
0.662
0.662
0.326571
0.380274
0.0225905
0.390254
0.662
0.662
0.0998725
0.662
0.0800498
0.662
0.296704
0.662
0.662
0.662
0.0993482
0.227967
0.662
0.662
0.662
0.662
0.662
0.662
0.662
0.662
0.406084
0.662
0.662
0.662
0.662
0.436565
0.662
0.662
0.385971
0.0799266
0.393264
0.310218
0.662
0.482659
0.662
0.181137
0.0404177
0.251593
0.662
0.662
0.662
0.119581
0.0535056
0.662
0.662
0.220265
0.662
0.405495
0.0513969
0.662
0.662
0.662
0.662
0.186058
0.662
0.284945
0.415788
0.662
0.662
0.662
0.0125642
0.0503525
0.000242954
0.662
0.357059
0.662
0.662
0.662
0.301012
0.662
0.662
0.0897024
0.662
0.515454
0.20839
0.662
0.662
0.252949
0.662
0.367559
0.662
0.215704
0.133584
0.388971
0.662
0.0137148
0.662
0.662
0.662
0.662
0.662
0.253768
0.113357
0.662
0.374375
0.662
0.329346
0.662
0.662
0.662
0.662
0.662
0.662
0.662
0.215323
0.452005
0.662
0.662
0.479585
0.662
0.257598
0.504153
0.432438
0.662
0.662
0.662
0.352118
0.662
0.239703
0.662
0.662
0.662
0.127961
0.662
0.277355
0.24682
0.662
0.4132
0.249778
0.662
0.281717
0.356619
0.662
0.662
0.469669
0.662
0.633694
0.101776
0.662
0.662
0.662
0.334007
0.0943688
0.112832
0.662
0.662
0.662
0.662
0.662
0.487665
0.436859
0.291018
0.0758965
0.0873279
0.266517
0.662
0.294205
0.662
0.0108475
0.453707
0.191694
0.662
0.431938
0.662
0.247876
0.662
0.265361
0.662
0.294327
0.662
0.662
0.662
0.662
0.662
0.422057
0.662
0.598244
0.285969
0.308159
0.131533
0.0824061
0.662
0.662
0.360147
0.662
0.214536
0.432626
0.662
0.464129
0.0901655
0.662
0.45941
0.476207
0.361849
0.662
0.662
0.662
0.662
0.342717
0.662
0.662
0.241406
0.662
0.467205
0.662
0.662
0.458344
0.662
0.478696
0.662
0.152725
0.450087
0.662
0.662
0.662
0.250055
0.662
0.072381
0.460478
0.662
0.269766
0.448238
0.511771
0.662
0.240313
0.0240643
0.662
0.185823
0.662
0.662
0.662
0.166233
0.662
0.463632
0.054089
0.662
0.379261
0.194233
0.662
0.662
0.662
0.662
0.353933
0.662
0.416479
0.377633
0.662
0.119561
0.316793
0.662
0.299218
0.311776
0.334598
0.662
0.662
0.662
0.662
0.662
0.361026
0.662
0.44663
0.662
0.0537341
0.00887301
0.662
0.662
0.050744
0.662
0.327317
0.662
0.662
0.380532
0.662
0.404246
0.408722
0.394888
0.662
0.117357
0.0682765
0.49373
0.662
0.662
0.662
0.662
0.662
0.232814
0.0275022
0.205801
0.662
0.662
0.423824
0.384501
0.0771356
0.259769
0.0917121
0.472823
0.662
0.662
0.662
0.237765
0.183759
0.662
0.439188
0.662
0.149485
0.365374
0.434052
0.662
0.000971893
0.0746532
0.662
0.662
0.662
0.662
0.662
0.190742
0.49757
0.461286
0.0365437
0.18573
0.43113
0.662
0.189558
0.0106404
0.175526
0.0792509
0.662
0.46432
0.192577
0.249568
0.00947521
0.662
0.662
0.589707
0.662
0.233682
0.662
0.431989
0.209332
0.298062
0.0678916
0.012321
0.662
0.476492
0.662
0.399702
0.247404
0.662
0.662
0.188517
0.251825
0.320663
0.662
0.251194
0.1674
0.662
0.662
0.662
0.662
0.662
0.662
0.0370609
0.662
0.662
0.400613
0.662
0.0430965
0.230954
0.326505
0.0240994
0.287829
0.166256
0.122731
0.510874
0.517421
0.260014
0.394655
0.662
0.662
0.568278
0.662
0.662
0.457857
0.662
0.413259
0.662
0.451074
0.662
0.662
0.662
0.0693042
0.188028
0.662
0.263438
0.294385
0.36178
0.0261298
0.662
0.662
0.343068
0.662
0.31614
0.662
0.662
0.662
0.662
0.235592
0.413461
0.662
0.662
0.40491
0.662
0.464653
0.662
0.598688
0.662
0.662
0.662
0.662
0.662
0.662
0.662
0.662
0.0404256
0.662
0.215021
0.662
0.291963
0.662
0.336522
0.662
0.231936
0.039618
0.662
0.410156
0.373727
0.349117
0.662
0.662
0.662
0.219283
0.31988
0.662
0.30525
0.662
0.350058
0.662
0.662
0.662
0.662
0.139335
0.662
0.662
0.112856
0.248903
0.239817
0.547803
0.0715689
0.662
0.439625
0.662
0.0368984
0.662
0.662
0.662
0.662
0.662
0.662
0.662
0.662
0.662
0.662
0.662
0.105573
0.634364
0.662
0.662
0.154638
0.662
0.662
0.662
0.387162
0.0541398
0.662
0.211421
0.169078
0.662
0.662
0.297496
0.662
0.265316
0.662
0.662
0.662
0.662
0.662
0.662
0.662
0.662
0.403137
0.662
0.305361
0.0236156
0.376535
0.382666
0.16979
0.360125
0.149539
0.30767
0.191235
0.662
0.662
0.662
0.0382178
0.433062
0.25967
0.662
0.231478
0.662
0.662
0.0414216
0.375102
0.425686
0.275629
0.325889
0.662
0.662
0.370924
0.454595
0.662
0.662
0.311804
0.662
0.137576
0.401739
0.662
0.662
0.662
0.662
0.384992
0.0859499
0.275844
0.532411
0.662
0.662
0.662
0.662
0.662
0.547407
0.0508845
0.662
0.409359
0.367469
0.0420172
0.662
0.662
0.662
0.662
0.309981
0.662
0.662
0.3041
0.662
0.662
0.34702
0.662
0.316187
0.351056
0.662
0.662
0.308074
0.317237
0.431727
0.375767
0.662
0.662
0.662
0.662
0.105355
0.161473
0.662
0.0833438
0.662
0.662
0.662
0.662
0.662
0.285363
0.12886
0.216206
0.0272141
0.662
0.149811
0.47092
0.662
0.662
0.662
0.662
0.662
0.370408
0.662
0.662
0.662
0.0974453
0.292581
0.662
0.0399124
0.63339
0.662
0.208093
0.163241
0.153927
0.145123
0.662
0.199126
0.424388
