0.411252
0.662
0.152872
0.572454
0.662
0.662
0.144542
0.662
0.662
0.662
0.662
0.662
0.312296
0.353728
0.306269
0.208831
0.662
0.662
0.662
0.662
0.528393
0.0266925
0.335665
0.363975
0.662
0.662
0.431705
0.245319
0.00452316
0.138319
0.662
0.150675
0.317201
0.354382
0.662
0.662
0.662
0.36942
0.358447
0.662
0.662
0.560049
0.540861
0.662
0.472672
0.460335
0.0355302
0.0769892
0.662
0.662
0.421573
0.416432
0.158069
0.662
0.662
0.662
0.662
0.270252
0.662
0.662
0.662
0.662
0.0130517
0.436437
0.662
0.336195
0.662
0.662
0.388285
0.395914
0.423915
0.662
0.170439
0.662
0.319858
0.662
0.662
0.433416
0.662
0.662
0.432657
0.662
0.0958826
0.662
0.363544
0.262823
0.662
0.146685
0.445756
0.460041
0.662
0.195798
0.662
0.00686432
0.662
0.662
0.245565
0.662
0.046895
0.662
0.115343
0.662
0.561157
0.662
0.662
0.662
0.662
0.662
0.662
0.175631
0.662
0.662
0.657393
0.271776
0.317864
0.459833
0.397143
0.0825216
0.662
0.662
0.662
0.662
0.662
0.464297
0.0945222
0.0637126
0.428048
0.143838
0.0669635
0.427985
0.662
0.217486
0.662
0.485403
0.662
0.183788
0.662
0.662
0.662
0.375376
0.119434
0.115596
0.630009
0.188728
0.662
0.662
0.662
0.417961
0.273847
0.209084
0.447961
0.662
0.371533
0.662
0.0962499
0.662
0.662
0.287871
0.364036
0.488528
0.590725
0.466872
0.662
0.662
0.205344
0.37088
0.662
0.662
0.378446
0.662
0.196762
0.230327
0.312881
0.662
0.662
0.662
0.662
0.662
0.455592
0.448573
0.662
0.662
0.662
0.061695
0.0950483
0.662
0.662
0.118533
0.662
0.460646
0.0578825
0.182596
0.408797
0.451639
0.413289
0.662
0.0321939
0.179219
0.662
0.662
0.662
0.122944
0.379324
0.662
0.662
0.662
0.662
0.662
0.152275
0.662
0.662
0.662
0.662
0.662
0.194011
0.662
0.662
0.0155753
0.51996
0.393795
0.662
0.143841
0.662
0.662
0.413893
0.156781
0.314434
0.662
0.10999
0.662
0.662
0.662
0.662
0.662
0.518808
0.404557
0.662
0.513384
0.0180924
0.662
0.0021521
0.662
0.18953
0.349962
0.283579
0.402015
0.37081
0.657998
0.662
0.662
0.662
0.662
0.662
0.0118136
0.474555
0.662
0.0274217
0.359587
0.0355896
0.424029
0.388094
0.662
0.448005
0.662
0.662
0.381743
0.137122
0.662
0.662
0.0898813
0.313636
0.662
0.662
0.277209
0.662
0.351614
0.275951
0.662
0.360543
0.147413
0.402183
0.438983
0.662
0.438261
0.228526
0.217991
0.00327339
0.662
0.662
0.662
0.662
0.662
0.44655
0.0413694
0.302432
0.662
0.662
0.0105403
0.662
0.662
0.445764
0.662
0.662
0.190906
0.662
0.266673
0.22981
0.324636
0.627917
0.232375
0.443119
0.662
0.662
0.297761
0.662
0.662
0.662
0.269084
0.662
0.219184
0.115378
0.662
0.499357
0.662
0.662
0.456867
0.662
0.0856902
0.271179
0.0181354
0.463361
0.662
0.276477
0.662
0.0964279
0.662
0.569521
0.662
0.630945
0.128999
0.315704
0.662
0.662
0.123163
0.662
0.662
0.0769231
0.662
0.662
0.0553206
0.662
0.477859
0.662
0.284203
0.264626
0.196283
0.662
0.454958
0.662
0.662
0.662
0.626984
0.27816
0.447302
0.139929
0.336726
0.0664102
0.127778
0.467358
0.662
0.662
0.662
0.662
0.466957
0.171616
0.662
0.662
0.662
0.215451
0.48131
0.662
0.662
0.0750795
0.37453
0.662
0.066709
0.662
0.662
0.662
0.662
0.32019
0.662
0.405036
0.606446
0.662
0.662
0.247954
0.662
0.662
0.201385
0.123289
0.662
0.662
0.662
0.44406
0.0119765
0.662
0.204653
0.180446
0.154949
0.0535987
0.662
0.662
0.662
0.1345
0.662
0.662
0.662
0.122246
0.112124
0.132766
0.662
0.160692
0.662
0.399982
0.662
0.189828
0.662
0.143571
0.204629
0.662
0.662
0.662
0.197479
0.248731
0.662
0.662
0.266879
0.662
0.377839
0.662
0.00935337
0.662
0.662
0.255071
0.662
0.071774
0.381748
0.277298
0.146987
0.662
0.662
0.662
0.287293
0.662
0.472913
0.662
0.662
0.662
0.662
0.662
0.22642
0.662
0.662
0.662
0.638358
0.662
0.662
0.383738
0.13038
0.0287283
0.662
0.662
0.662
0.340128
0.662
0.662
0.27475
0.662
0.0831281
0.0124817
0.323604
0.662
0.331492
0.662
0.190145
0.662
0.662
0.33438
0.219953
0.662
0.662
0.385813
0.457753
0.313016
0.662
0.662
0.662
0.121865
0.075308
0.37933
0.0920513
0.478629
0.28736
0.662
0.662
0.662
0.662
0.475734
0.49271
0.662
0.487956
0.662
0.11114
0.662
0.0204107
0.662
0.662
0.148012
0.27183
0.662
0.662
0.0241543
0.662
0.662
0.662
0.662
0.118556
0.662
0.283053
0.662
0.662
0.662
0.662
0.476398
0.662
0.0732482
0.662
0.662
0.389482
0.662
0.662
0.662
0.2005
0.23094
0.662
0.662
0.301667
0.311171
0.192029
0.144091
0.662
0.662
0.417082
0.394714
0.460759
0.13423
0.662
0.278249
0.323731
0.412989
0.335299
0.2435
0.322898
0.662
0.158911
0.349657
0.446683
0.662
0.0813417
0.662
0.662
0.662
0.662
0.662
0.662
0.662
0.34349
0.662
0.457304
0.662
0.410114
0.662
0.662
0.662
0.112591
0.0879082
0.662
0.662
0.280874
0.662
0.198203
0.662
0.134136
0.180234
0.333454
0.662
0.662
0.662
0.662
0.662
0.662
0.662
0.661149
0.662
0.197524
0.662
0.3501
0.662
0.662
0.662
0.662
0.662
0.319673
0.662
0.513567
0.400644
0.662
0.662
0.662
0.662
0.662
0.662
0.662
0.410707
0.662
0.453025
0.393406
0.662
0.662
0.411157
0.349179
0.662
0.662
0.461958
0.662
0.662
0.662
0.482165
0.220079
0.51585
0.662
0.25108
0.0131715
0.662
0.662
0.662
0.662
0.0328125
0.213314
0.002033
0.662
0.243388
0.151173
0.632298
0.662
0.662
0.33631
0.662
0.662
0.662
0.257058
0.662
0.180187
0.662
0.478115
0.280062
0.458129
0.662
0.190705
0.662
0.662
0.45379
0.00328768
0.500698
0.662
0.0753243
0.114547
0.662
0.138123
0.0752608
0.662
0.662
0.662
0.144755
0.662
0.240997
0.185723
0.369206
0.288566
0.196778
0.335845
0.662
0.434519
0.662
0.377115
0.463256
0.662
0.387264
0.662
0.391779
0.662
0.662
0.32361
0.662
0.662
0.662
0.662
0.662
0.451824
0.662
0.662
0.440292
0.662
0.662
0.662
0.662
0.662
0.280056
0.652327
0.662
0.202483
0.662
0.099349
0.662
0.662
0.0326473
0.662
0.255696
0.662
0.662
0.410939
0.662
0.30506
0.373726
0.662
0.178264
0.380588
0.210225
0.0692495
0.191442
0.361352
0.062119
0.177381
0.119458
0.662
0.662
0.662
0.258697
0.161239
0.442949
0.247065
0.0856284
0.662
0.662
0.662
0.662
0.00100228
0.320164
0.478338
0.662
0.477554
0.662
0.662
0.662
0.35972
0.662
0.35064
0.662
0.140231
0.662
0.387854
0.662
0.115432
0.662
0.662
0.200897
0.327568
0.662
0.0162773
0.403083
0.550595
0.662
0.662
0.662
0.100301
0.662
0.662
0.662
0.662
0.052448
0.662
0.662
0.109272
0.229941
0.434551
0.662
0.293104
0.662
0.466787
0.662
0.662
0.662
0.662
0.662
0.181757
0.662
0.430758
0.662
0.222215
0.614542
0.662
0.103148
0.662
0.662
0.0509678
0.662
0.662
0.662
0.662
0.662
0.132318
0.0548771
0.662
0.662
0.662
0.662
0.662
0.453442
0.387498
0.662
0.0685898
0.662
0.662
0.192713
0.448195
0.662
0.662
0.662
0.662
0.368144
0.662
0.429334
0.174707
0.0112579
0.662
0.445898
0.662
0.382474
0.662
0.662
0.426956
0.166614
0.291075
0.662
0.662
0.662
0.662
0.662
0.662
0.362485
0.662
0.0426247
0.662
0.0388001
0.662
0.662
0.662
0.662
0.662
0.662
0.02741
0.662
0.662
0.345155
0.0740128
0.662
0.099961
0.662
0.298251
0.0675518
0.273811
0.662
0.662
0.173107
0.437724
0.559826
0.662
0.593971
0.662
0.662
0.128735
0.662
0.294086
0.121853
0.662
0.477003
0.662
0.662
0.662
0.626464
0.662
0.463294
0.662
0.568371
0.662
0.662
0.181094
0.662
0.432685
0.0984455
0.205436
0.662
0.425414
0.28748
0.562789
0.163183
0.662
0.662
0.420673
0.662
0.662
0.363395
0.662
0.216304
0.662
0.662
0.662
0.0712785
0.212021
0.362663
0.139521
0.662
0.146869
0.328133
0.0660899
0.431544
0.227993
0.0426782
0.173312
0.662
0.662
0.0748503
0.662
0.662
0.393002
0.662
0.662
0.123585
0.662
0.0255408
0.662
0.0098765
0.0891108
0.662
0.444618
0.392524
0.662
0.0880851
0.286422
0.662
0.662
0.662
0.662
0.662
0.0253583
0.351857
0.569302
0.0468165
0.345812
0.273592
0.662
0.662
0.36149
0.123569
0.662
0.662
0.662
0.662
0.662
0.267093
0.453253
0.477728
0.0555453
0.662
0.0795995
0.19556
0.354123
0.662
0.0234698
0.229514
0.662
0.662
0.050439
0.662
0.455572
0.266701
0.662
0.390654
0.196768
0.381542
0.662
0.662
0.508724
0.45721
0.662
0.662
0.662
0.0839661
0.662
0.662
0.190775
0.662
0.662
0.662
0.662
0.662
0.662
0.288834
0.662
0.188747
0.334579
0.662
0.662
0.662
0.0495078
0.467845
0.455451
0.367243
0.212839
0.662
0.662
0.244753
0.39019
0.662
0.662
0.662
0.662
0.662
0.662
0.662
0.662
0.662
0.662
0.175447
0.341869
0.475428
0.164176
0.460027
0.283517
0.662
0.662
0.14985
0.662
0.662
0.319452
0.662
0.662
0.662
0.662
0.171045
0.369081
0.662
0.662
0.662
0.13242
0.14176
0.235869
0.327051
0.58152
0.0182097
0.115503
0.469309
0.474566
0.00960031
0.202618
0.0820022
0.662
0.386716
0.662
0.662
0.466865
0.27124
0.280007
0.407329
0.662
0.464763
0.662
0.662
0.662
0.662
0.423141
0.32544
0.240484
0.662
0.662
0.662
0.662
0.446177
0.181382
0.662
0.662
0.214295
0.400789
0.0653967
0.329647
0.150399
0.44896
0.560882
0.662
0.662
0.448106
0.201663
0.662
0.273091
0.38722
0.662
0.413434
0.287996
0.473992
0.582824
0.662
0.504194
0.662
0.0669122
0.321067
0.662
0.0344379
0.662
0.662
0.662
0.662
0.662
0.662
0.662
0.0851915
0.662
0.662
0.222196
0.662
0.662
0.662
0.264404
0.460911
0.662
0.286065
0.383879
0.181168
0.0445211
0.00928218
0.374685
0.46991
0.662
0.230303
0.662
0.662
0.662
0.0047628
0.4899
0.237114
0.662
0.0330204
0.0296807
0.662
0.0590858
0.0910472
0.0263818
0.226783
0.44686
0.113663
0.662
0.662
0.0766484
0.576667
0.390632
0.662
0.0133371
0.662
0.228935
0.662
0.662
0.251348
0.102916
0.662
0.193412
0.662
0.662
0.662
0.0921928
0.504185
0.0885642
0.662
0.662
0.41031
0.329892
0.662
0.631124
0.185504
0.662
0.662
0.662
0.662
0.662
0.662
0.324757
0.662
0.662
0.662
0.662
0.186603
0.662
0.662
0.099353
0.662
0.662
0.118045
0.0456693
0.662
0.662
0.662
0.662
0.319374
0.662
0.314531
0.479989
0.295194
0.258301
0.662
0.662
0.662
0.662
0.662
0.662
0.662
0.662
0.0674946
0.662
0.662
