0.525375
0.662
0.119697
0.53289
0.315737
0.662
0.434344
0.297498
0.445933
0.236512
0.662
0.337252
0.662
0.662
0.429783
0.662
0.437313
0.662
0.20238
0.434791
0.196522
0.455453
0.0550621
0.315971
0.411656
0.662
0.662
0.272557
0.0425468
0.508137
0.252353
0.662
0.262054
0.662
0.662
0.240064
0.202242
0.173207
0.43875
0.415215
0.339929
0.443156
0.662
0.662
0.41706
0.0818967
0.460629
0.662
0.0378826
0.662
0.498978
0.662
0.662
0.662
0.662
0.662
0.662
0.250198
0.41881
0.157178
0.662
0.662
0.42434
0.259985
0.233605
0.662
0.251623
0.662
0.662
0.662
0.421861
0.662
0.662
0.0921392
0.201996
0.662
0.662
0.1193
0.307786
0.662
0.662
0.375511
0.402077
0.0348552
0.662
0.662
0.662
0.0503418
0.343092
0.12394
0.299929
0.662
0.419887
0.224828
0.662
0.411293
0.662
0.176999
0.361651
0.662
0.662
0.662
0.295795
0.434773
0.662
0.662
0.437838
0.399072
0.0181743
0.662
0.366368
0.662
0.662
0.0530032
0.413318
0.662
0.0372801
0.662
0.662
0.352772
0.421137
0.662
0.662
0.0548001
0.662
0.149115
0.662
0.358277
0.662
0.662
0.662
0.267675
0.275901
0.662
0.394362
0.662
0.662
0.397836
0.662
0.42095
0.00649521
0.0226954
0.662
0.662
0.662
0.662
0.0541502
0.662
0.40037
0.662
0.127615
0.662
0.662
0.224566
0.475639
0.0525269
0.421234
0.260201
0.662
0.662
0.662
0.0908212
0.662
0.0500694
0.662
0.329899
0.614666
0.0779987
0.662
0.662
0.0759277
0.515769
0.182893
0.662
0.662
0.144102
0.662
0.389219
0.662
0.662
0.662
0.465509
0.470482
0.662
0.662
0.441707
0.326177
0.00977292
0.444413
0.662
0.662
0.191947
0.30242
0.662
0.331473
0.662
0.291518
0.0705703
0.662
0.662
0.662
0.662
0.1429
0.260602
0.448438
0.155798
0.662
0.106819
0.249763
0.325893
0.0469799
0.662
0.0261944
0.662
0.355347
0.662
0.662
0.662
0.420622
0.141164
0.662
0.662
0.662
0.662
0.0026598
0.35287
0.108748
0.662
0.662
0.662
0.255806
0.662
0.662
0.662
0.3434
0.662
0.662
0.662
0.662
0.662
0.662
0.662
0.662
0.386244
0.0673228
0.662
0.2516
0.662
0.286848
0.0646041
0.0539691
0.398414
0.200813
0.361148
0.662
0.662
0.662
0.662
0.662
0.662
0.280346
0.662
0.466539
0.662
0.662
0.436866
0.662
0.526464
0.662
0.662
0.662
0.435225
0.662
0.212674
0.662
0.386906
0.662
0.508504
0.662
0.0964042
0.662
0.662
0.662
0.0300685
0.172552
0.662
0.662
0.662
0.662
0.662
0.313016
0.662
0.662
0.662
0.662
0.0425127
0.260038
0.402991
0.662
0.662
0.662
0.290458
0.151597
0.354244
0.436956
0.662
0.376698
0.0429579
0.348681
0.143969
0.662
0.263762
0.26409
0.424452
0.662
0.662
0.662
0.39234
0.662
0.662
0.662
0.4177
0.144186
0.353582
0.662
0.662
0.662
0.412563
0.117793
0.23287
0.662
0.662
0.662
0.662
0.662
0.662
0.447893
0.662
0.662
0.102423
0.569591
0.475803
0.662
0.662
0.662
0.0769468
0.662
0.662
0.276245
0.402479
0.662
0.662
0.208624
0.662
0.390921
0.30969
0.309481
0.662
0.662
0.662
0.662
0.451491
0.22934
0.43193
0.127972
0.62897
0.662
0.0221897
0.250844
0.662
0.227134
0.662
0.295761
0.308584
0.0836416
0.662
0.262898
0.662
0.662
0.194827
0.662
0.662
0.607746
0.662
0.0529614
0.662
0.662
0.662
0.662
0.662
0.662
0.0672176
0.662
0.427632
0.662
0.194318
0.653592
0.662
0.662
0.420415
0.49932
0.662
0.455125
0.662
0.342394
0.0950651
0.257718
0.244382
0.479177
0.252114
0.212153
0.341408
0.662
0.662
0.0337256
0.436402
0.662
0.662
0.662
0.175134
0.662
0.662
0.662
0.662
0.224486
0.662
0.662
0.0179304
0.570671
0.662
0.662
0.662
0.292017
0.294427
0.662
0.662
0.00359181
0.662
0.0615282
0.662
0.533559
0.46236
0.662
0.444247
0.194144
0.315317
0.662
0.473985
0.0739958
0.181847
0.353064
0.662
0.109664
0.662
0.580426
0.662
0.0539511
0.662
0.662
0.0179112
0.0339685
0.662
0.662
0.662
0.662
0.290652
0.208713
0.331569
0.662
0.0105867
0.098491
0.662
0.662
0.331279
0.185759
0.662
0.169524
0.0883185
0.633694
0.662
0.39769
0.24634
0.662
0.662
0.662
0.276482
0.294435
0.0348893
0.0843188
0.662
0.357824
0.662
0.662
0.662
0.415274
0.662
0.360971
0.484288
0.662
0.562226
0.662
0.662
0.662
0.662
0.44772
0.662
0.662
0.662
0.662
0.662
0.198071
0.272063
0.662
0.448888
0.0904364
0.178563
0.339109
0.662
0.39673
0.662
0.662
0.285258
