0.662
0.662
0.662
0.662
0.161293
0.404171
0.662
0.205855
0.662
0.372376
0.445078
0.298138
0.662
0.150413
0.662
0.662
0.404193
0.662
0.0782881
0.147731
0.462443
0.662
0.567917
0.514621
0.26925
0.46254
0.296599
0.662
0.248002
0.0388992
0.662
0.662
0.662
0.131331
0.0897561
0.662
0.641132
0.447017
0.37516
0.362891
0.662
0.662
0.143307
0.370372
0.172276
0.662
0.118569
0.662
0.662
0.0847285
0.662
0.463088
0.662
0.662
0.496115
0.662
0.662
0.662
0.662
0.662
0.259315
0.662
0.0943923
0.317485
0.662
0.145114
0.331981
0.217754
0.662
0.662
0.662
0.314535
0.573634
0.662
0.151606
0.662
0.662
0.662
0.414188
0.228091
0.662
0.662
0.250876
0.177067
0.24478
0.0381578
0.662
0.377315
0.662
0.662
0.662
0.662
0.215473
0.425268
0.431192
0.662
0.287356
0.662
0.662
0.373544
0.0488244
0.662
0.662
0.280716
0.662
0.0926691
0.233309
0.563119
0.113869
0.371888
0.662
0.129669
0.662
0.662
0.662
0.662
0.44612
0.509606
0.0626352
0.154512
0.662
0.625874
0.0586023
0.662
0.662
0.0967707
0.662
0.662
0.662
0.422161
0.172295
0.174882
0.000927661
0.382555
0.173787
0.243901
0.240403
0.662
0.662
0.39832
0.0624489
0.25589
0.428757
0.662
0.236835
0.662
0.105132
0.327376
0.410503
0.662
0.375084
0.0147944
0.662
0.292156
0.662
0.662
0.373465
0.128308
0.662
0.662
0.662
0.170396
0.662
0.662
0.461617
0.132067
0.395106
0.662
0.139585
0.371863
0.662
0.662
0.331416
0.662
0.662
0.0402664
0.662
0.662
0.579785
0.239781
0.662
0.108249
0.662
0.180307
0.662
0.553346
0.0778031
0.662
0.240499
0.433155
0.34606
0.662
0.116689
0.0613583
0.662
0.662
0.662
0.378107
0.604202
0.58142
0.662
0.662
0.060227
0.516496
0.100096
0.662
0.030596
0.0795971
0.305308
0.662
0.475994
0.146435
0.662
0.37407
0.16103
0.0199442
0.662
0.662
0.662
0.387973
0.247062
0.662
0.313585
0.662
0.0342528
0.662
0.662
0.444708
0.215685
0.662
0.662
0.467609
0.662
0.353384
0.662
0.662
0.161585
0.662
0.662
0.662
0.238208
0.662
0.00712904
0.0630916
0.302387
0.662
0.148311
0.286269
0.339892
0.662
0.662
0.662
0.662
0.274883
0.463058
0.161093
0.662
0.180271
0.662
0.662
0.544895
0.252102
0.399704
0.290264
0.662
0.388422
0.221948
0.662
0.0669744
0.662
0.198246
0.0580811
0.662
0.193745
0.157467
0.0280475
0.662
0.252844
0.662
0.662
0.159161
0.381279
0.662
0.662
0.662
0.662
0.0902437
0.383188
0.662
0.0355501
0.309304
0.662
0.662
0.662
0.662
0.662
0.662
0.232206
0.363269
0.662
0.318561
0.335791
0.662
0.272631
0.0722127
0.331716
0.274064
0.224345
0.662
0.529744
0.662
0.662
0.0735702
0.192571
0.662
0.0717011
0.332942
0.662
0.662
0.662
0.217991
0.362285
0.393328
0.0168464
0.662
0.309563
0.244028
0.354993
0.662
0.0972007
0.662
0.25214
0.110397
0.251111
0.229445
0.662
0.462254
0.0106832
0.421722
0.435618
0.662
0.662
0.316713
0.29365
0.662
0.662
0.588833
0.662
0.662
0.662
0.662
0.662
0.18495
0.662
0.295571
0.662
0.662
0.0274713
0.290038
0.160627
0.662
0.662
0.662
0.662
0.662
0.662
0.0318614
0.398886
0.662
0.662
0.662
0.662
0.662
0.662
0.662
0.300721
0.662
0.11332
0.417003
0.662
0.662
0.211677
0.226315
0.662
0.662
0.662
0.231321
0.662
0.324862
0.146208
0.662
0.264155
0.662
0.662
0.466711
0.0701826
0.426216
0.662
0.227859
0.197401
0.172567
0.662
0.325467
0.662
0.662
0.662
0.411071
0.662
0.662
0.662
0.262234
0.662
0.437
0.662
0.186079
0.662
0.662
0.662
0.380817
0.662
0.662
0.027853
0.662
0.381678
0.662
0.070721
0.662
0.0283499
0.662
0.442217
0.0378594
0.662
0.320668
0.662
0.156252
0.662
0.662
0.280658
0.460531
0.662
0.662
0.662
0.662
0.0990762
0.662
0.662
0.662
0.48653
0.33821
0.464583
0.189122
0.662
0.387481
0.662
0.0501446
0.117763
0.183124
0.662
0.401823
0.296328
0.662
0.662
0.18977
0.662
0.662
0.662
0.345191
0.338763
0.256847
0.432664
0.381055
0.436146
0.662
0.278313
0.662
0.662
0.662
0.182756
0.662
0.662
0.662
0.662
0.662
0.654607
0.030881
0.662
0.662
0.410917
0.199513
0.662
0.401831
0.604736
0.662
0.420889
0.0474779
0.662
0.262363
0.416245
0.662
0.662
0.662
0.662
0.0277781
0.662
0.375116
0.662
0.419691
0.138699
0.0831063
0.662
0.662
0.662
0.662
0.662
0.662
0.238447
0.662
0.662
0.662
0.662
0.662
0.662
0.344288
0.17723
0.662
0.418984
0.306468
0.662
0.0859774
0.662
0.257988
0.148634
0.662
0.193777
0.662
0.662
0.662
0.436098
0.404366
0.224349
0.662
0.356628
0.188655
0.662
0.662
0.662
0.662
0.128181
0.662
0.662
0.662
0.662
0.355155
0.0049561
0.204822
0.339174
0.473579
0.0837188
0.114171
0.662
0.264668
0.662
0.148212
0.662
0.662
0.20187
0.662
0.662
0.208571
0.662
0.662
0.109147
0.491102
0.621403
0.662
0.217711
0.239669
0.220668
0.662
0.662
0.662
0.340527
0.662
0.368805
0.662
0.0627813
0.15917
0.416587
0.662
0.296952
0.662
0.360881
0.407216
0.662
0.662
0.662
0.662
0.405088
0.17722
0.662
0.219722
0.327667
0.376405
0.662
0.662
0.201863
0.198241
0.464582
0.662
0.318925
0.662
0.359547
0.361419
0.662
0.0938122
0.103748
0.662
0.285778
0.0822745
0.662
0.662
0.662
0.662
0.662
0.662
0.215684
0.329054
0.662
0.662
0.662
0.662
0.662
0.112708
0.313771
0.662
0.662
0.454031
0.662
0.446106
0.662
0.662
0.662
0.662
0.373177
0.662
0.662
0.133812
0.458885
0.662
0.0879308
0.0236404
0.662
0.0820554
0.662
0.41851
0.662
0.067868
0.662
0.662
0.194854
0.253973
0.662
0.285646
0.284479
0.662
0.662
0.195611
0.662
0.662
0.662
0.662
0.311715
0.662
0.662
0.662
0.662
0.662
0.377832
0.0439432
0.40334
0.0862088
0.362102
0.662
0.181514
0.401928
0.190306
0.662
0.662
0.662
0.133672
0.322735
0.315693
0.0982524
0.662
0.229999
0.11
0.247993
0.122969
0.0828059
0.662
0.397225
0.370684
0.588275
0.252299
0.662
0.662
0.228132
0.662
0.336723
0.662
0.00861247
0.662
0.235707
0.47494
0.662
0.662
0.662
0.662
0.143657
0.199352
0.0679744
0.662
0.662
0.105465
0.267675
0.662
0.26929
0.133202
0.00256567
0.662
0.662
0.662
0.662
0.662
0.662
0.662
0.662
0.186588
0.662
0.18075
0.0877879
0.657945
0.662
0.662
0.662
0.047599
0.662
0.662
0.148575
0.662
0.0441075
0.526011
0.224423
0.0283043
0.662
0.662
