0.0928685
0.284607
0.662
0.575556
0.391319
0.37395
0.662
0.662
0.31286
0.250017
0.662
0.202237
0.662
0.662
0.662
0.662
0.193733
0.662
0.264592
0.168184
0.173131
0.662
0.662
0.662
0.205729
0.662
0.662
0.662
0.662
0.166831
0.0960933
0.662
0.374448
0.662
0.154678
0.662
0.39814
0.395293
0.662
0.360196
0.662
0.662
0.201392
0.241072
0.662
0.662
0.662
0.339218
0.105901
0.0817065
0.662
0.662
0.662
0.0164014
0.662
0.662
0.0907161
0.151043
0.301602
0.453784
0.118135
0.662
0.482706
0.662
0.662
0.662
0.662
0.191793
0.662
0.531095
0.19551
0.339044
0.662
0.662
0.271173
0.662
0.662
0.63339
0.662
0.662
0.662
0.662
0.662
0.333615
0.662
0.662
0.0434061
0.662
0.12317
0.214861
0.662
0.336097
0.287882
0.147083
0.116654
0.662
0.335494
0.662
0.133354
0.554177
0.450717
0.35905
0.662
0.662
0.662
0.093853
0.354949
0.275644
0.282482
0.662
0.317771
0.662
0.662
0.662
0.106256
0.100764
0.177551
0.420171
0.161166
0.32717
0.595705
0.458012
0.662
0.662
0.662
0.185261
0.662
0.662
0.662
0.036714
0.419126
0.151988
0.662
0.414425
0.108585
0.26105
0.00744832
0.417762
0.415725
0.662
0.662
0.662
0.0253512
0.662
0.662
0.0885956
0.662
0.662
0.365325
0.294054
0.662
0.322672
0.333861
0.662
0.530628
0.325268
0.662
0.662
0.159824
0.309338
0.164015
0.179297
0.240022
0.662
0.0511008
0.662
0.366676
0.272116
0.485377
0.662
0.662
0.662
0.169366
0.662
0.662
0.0434403
0.662
0.662
0.662
0.0383425
0.0385522
0.169503
0.662
0.0673328
0.662
0.324572
0.662
0.662
0.662
0.662
0.662
0.662
0.662
0.662
0.260006
0.662
0.662
0.662
0.288249
0.245043
0.662
0.662
0.0894101
0.662
0.662
0.662
0.315542
0.662
0.37979
0.662
0.0841262
0.111661
0.662
0.662
0.557803
0.455744
0.662
0.662
0.253772
0.0589359
0.300522
0.457628
0.662
0.662
0.662
0.450291
0.281821
0.474321
0.256324
0.155338
0.0136299
0.662
0.662
0.662
0.479868
0.662
0.528334
0.662
0.455351
0.218124
0.413884
0.359328
0.0968619
0.423186
0.662
0.0411078
0.662
0.662
0.662
0.662
0.241784
0.662
0.175043
0.263566
0.662
0.662
0.662
0.662
0.212192
0.221838
0.662
0.662
0.0509527
0.662
0.662
0.662
0.662
0.662
0.218816
0.457361
0.265652
0.662
0.662
0.211399
0.173289
0.45264
0.00961523
0.220168
0.662
0.662
0.0469968
0.190095
0.1472
0.448535
0.662
0.662
0.662
0.0607259
0.243152
0.0823987
0.249377
0.184448
0.662
0.662
0.633694
0.435047
0.461253
0.662
0.662
0.380884
0.342891
0.27248
0.662
0.662
0.662
0.135216
0.662
0.662
0.662
0.304088
0.662
0.438436
0.0212249
0.170531
0.662
0.662
0.298727
0.309401
0.214108
0.267357
0.662
0.662
0.259424
0.662
0.2273
0.267703
0.211607
0.662
0.260188
0.342617
0.471915
0.662
0.662
0.459737
0.126959
0.662
0.248003
0.442312
0.46013
0.0298226
0.372613
0.444813
0.170504
0.662
0.184373
0.0811563
0.45972
0.418251
0.662
0.28014
0.662
0.532148
0.662
0.662
0.662
0.243171
0.662
0.056108
0.662
0.393414
0.354248
0.662
0.662
0.214211
0.404104
0.662
0.662
0.662
0.209849
0.662
0.266598
0.662
0.291849
0.662
0.270761
0.153248
0.662
0.662
0.662
0.0162603
0.662
0.0823962
0.662
0.662
0.662
0.662
0.254052
0.662
0.662
0.0481009
0.171733
0.311208
0.143386
0.662
0.662
0.662
0.662
0.662
0.662
0.662
0.619249
0.0631288
0.662
0.662
0.142124
0.662
0.0502156
0.662
0.250359
0.263021
0.0190647
0.185487
0.136846
0.662
0.662
0.209095
0.662
0.104383
0.662
0.21915
0.662
0.662
0.662
0.662
0.662
0.662
0.662
0.16993
0.138924
0.662
0.662
0.662
0.0796482
0.662
0.662
0.33538
0.213964
0.662
0.662
0.47083
0.662
0.662
0.662
0.0699705
0.662
0.662
0.662
0.662
0.441775
0.662
0.0850648
0.409307
0.121095
0.662
0.0294478
0.662
0.172756
0.132072
0.0599328
0.662
0.0543471
0.429879
0.338726
0.662
0.133009
0.156061
0.662
0.013061
0.662
0.662
0.291372
0.0275259
0.662
0.326719
0.409273
0.662
0.428595
0.662
0.411612
0.662
0.662
0.194664
0.288662
0.662
0.397326
0.105785
0.662
0.662
0.21554
0.169281
0.662
0.0642737
0.662
0.662
0.10308
0.662
0.662
0.662
0.210775
0.0568144
0.662
0.267063
0.108299
0.662
0.662
0.662
0.359975
0.662
0.662
0.662
0.454023
0.306544
0.662
0.662
0.441435
0.150007
0.662
0.370772
0.662
0.447058
0.662
0.662
0.662
0.168799
0.662
0.396924
0.28711
0.35581
0.662
0.0522423
0.351538
0.662
0.662
0.19157
0.452755
0.0962043
0.386637
0.0882798
0.269218
0.662
0.662
0.175081
0.662
0.662
0.181113
0.662
0.662
0.079863
0.464319
0.662
0.0438733
0.662
0.256507
0.0116543
0.287907
0.662
0.352741
0.203975
0.662
0.662
0.40679
0.247568
0.662
0.662
0.662
0.149207
0.302363
0.662
0.35197
0.662
0.662
0.662
0.662
0.260518
0.203232
0.489228
0.376673
0.245534
0.662
0.662
0.0744943
0.560559
0.662
0.348732
0.662
0.1177
0.0980777
0.196393
0.0402293
0.662
0.316501
0.662
0.662
0.0340673
0.662
0.662
0.662
0.381417
0.475355
0.236953
0.662
0.2262
0.412949
0.662
0.250552
0.662
0.467835
0.662
0.662
0.406005
0.662
0.0659993
0.662
0.335612
0.662
0.221314
0.0312992
0.327778
0.662
0.662
0.662
0.00305917
0.662
0.244988
0.475986
0.662
0.662
0.415666
0.662
0.441125
0.189571
0.209361
0.138449
0.00140667
0.662
0.241281
0.662
0.168232
0.0595527
0.662
0.123886
0.326789
0.054366
0.662
0.299814
0.662
0.452023
0.398083
0.425606
0.662
0.662
0.0288011
0.0340978
0.36517
0.267515
0.502384
0.662
0.662
0.662
0.662
0.629596
0.388346
0.358766
0.0317627
0.384582
0.263413
0.662
0.662
0.189942
0.0415379
0.662
0.240931
0.662
0.662
0.0360273
0.662
0.0317385
0.662
0.662
0.662
0.662
0.049657
0.00794963
0.47511
0.662
0.407713
0.422333
0.662
0.117168
0.662
0.251358
0.662
0.662
0.376321
0.46223
0.0771037
0.0683345
0.312864
0.506506
0.662
0.368341
0.368452
0.171975
0.662
0.662
0.0580812
0.0502029
0.176982
0.662
0.0265034
0.364082
0.662
0.662
0.662
0.662
0.662
0.556294
0.316626
0.325902
0.285614
0.370454
0.662
0.196547
0.215042
0.309336
0.662
0.662
0.662
0.395024
0.662
0.246201
0.662
0.190719
0.662
0.662
0.11918
0.248522
0.662
0.662
0.411925
0.662
0.662
0.203619
0.112668
0.662
0.662
0.662
0.662
0.488698
0.662
0.575327
0.662
0.662
0.221372
0.0092449
0.662
0.662
0.662
0.662
0.662
0.662
0.0411191
0.662
0.662
0.662
0.662
0.427806
0.172077
0.662
0.342358
0.218592
0.152124
0.0540059
0.36169
0.0182402
0.303202
0.182281
0.662
0.662
0.662
0.292936
0.398072
0.291504
0.37557
0.662
0.236811
0.0462414
0.388674
0.23594
0.662
0.662
0.289828
0.30141
0.662
0.662
0.434284
0.0270751
0.365504
0.662
0.662
0.662
0.662
0.662
0.662
0.127959
0.260719
0.38147
0.21407
0.662
0.292363
0.293712
0.662
0.662
0.662
0.662
0.100631
0.662
0.475136
0.662
0.662
0.662
0.453844
0.206947
0.662
0.662
0.587986
0.133158
0.387103
0.463654
0.576532
0.662
0.662
0.662
0.662
0.662
0.662
0.361653
0.662
0.662
0.662
0.662
0.331296
0.0553251
0.662
0.662
0.496883
0.326054
0.662
0.429867
0.662
0.662
0.434929
0.0694248
0.273634
0.18604
0.662
0.662
0.662
0.662
0.043786
0.662
0.662
0.502326
0.662
0.171096
0.662
0.349945
0.309809
0.303649
0.662
0.662
0.662
0.383588
0.117218
0.189981
0.444949
0.662
0.35423
0.0677308
0.662
0.325701
0.662
0.386123
0.662
0.662
0.482641
0.412303
0.662
0.457715
0.662
0.662
0.143251
0.206083
0.351031
0.662
0.662
0.662
0.662
0.662
0.662
0.662
0.662
0.241946
0.424516
0.0921198
0.662
0.662
0.662
0.662
0.340374
0.662
0.662
0.560415
0.256646
0.461431
0.662
0.217414
0.225905
0.662
0.662
0.662
0.188471
0.0187486
0.160416
0.144739
0.359845
0.151374
0.662
0.155912
0.662
0.0172978
0.662
0.0798914
0.413164
0.105283
0.662
0.633694
0.24966
0.161204
0.582306
0.242837
0.662
0.662
0.662
