0.662
0.157293
0.662
0.662
0.662
0.662
0.461877
0.462443
0.450182
0.169335
0.504225
0.0199442
0.662
0.649001
0.0641444
0.662
0.151879
0.42726
0.354595
0.434689
0.662
0.407741
0.662
0.662
0.0832358
0.662
0.470793
0.662
0.359169
0.0106832
0.662
0.117883
0.442291
0.00994117
0.421942
0.662
0.662
0.662
0.163539
0.178524
0.243118
0.403826
0.172567
0.22607
0.662
0.662
0.662
0.419652
0.662
0.662
0.40021
0.4475
0.0139363
0.662
0.662
0.343479
0.305637
0.662
0.190223
0.662
0.188655
0.662
0.662
0.217406
0.662
0.321302
0.0803252
0.378857
0.662
0.0626352
0.472838
0.397408
0.251949
0.325347
0.662
0.662
0.662
0.662
0.662
0.662
0.21725
0.662
0.662
0.0643454
0.662
0.144859
0.662
0.0876482
0.0769781
0.662
0.42533
0.662
0.110102
0.662
0.483828
0.289044
0.267392
0.335852
0.662
0.444722
0.662
0.361826
0.662
0.662
0.662
0.504348
0.662
0.404223
0.662
0.662
0.361033
0.662
0.207359
0.662
0.150911
0.662
0.588177
0.662
0.662
0.662
0.662
0.593338
0.429676
0.0691177
0.662
0.17069
0.662
0.0942525
0.662
0.322727
0.378892
0.168265
0.271994
0.418555
0.446334
0.321977
0.319651
0.0701757
0.662
0.662
0.662
0.662
0.662
0.650758
0.662
0.434187
0.186775
0.074753
0.215906
0.662
0.662
0.662
0.228901
0.662
0.00602388
0.286092
0.376405
0.083388
0.662
0.280233
0.662
0.662
0.322694
0.662
0.186079
0.334041
0.500066
0.336652
0.212867
0.662
0.292886
0.564179
0.292372
0.407216
0.662
0.662
0.460671
0.662
0.662
0.662
0.451202
0.329062
0.373571
0.0930555
0.662
0.118769
0.166618
0.662
0.522701
0.568568
0.662
0.0283743
0.662
0.116945
0.33013
0.127407
0.662
0.502553
0.393328
0.223336
0.226814
0.662
0.662
0.662
0.662
0.662
0.662
0.662
0.0757135
0.0677763
0.662
0.408245
0.662
0.662
0.662
0.662
0.662
0.662
0.662
0.662
0.662
0.662
0.285624
0.662
0.662
0.268009
0.662
0.662
0.405237
0.662
0.468462
0.662
0.438723
0.313316
0.662
0.662
0.445622
0.662
0.524481
0.258588
0.662
0.662
0.254111
0.455151
0.662
0.22163
0.236822
0.662
0.156341
0.169191
0.662
0.240575
0.662
0.433272
0.662
0.0219596
0.0904282
0.472169
0.252102
0.662
0.662
0.662
0.662
0.662
0.188771
0.00976761
0.477412
0.137626
0.126615
0.0287279
0.662
0.407952
0.662
0.662
0.662
0.662
0.561478
0.274067
0.0822864
0.129973
0.662
0.662
0.0488244
0.662
0.662
0.662
0.200715
0.662
0.385285
0.662
0.662
0.662
0.340324
0.662
0.277013
0.662
0.662
0.0752255
0.662
0.306275
0.662
0.090415
0.662
0.662
0.662
0.134459
0.329398
0.472528
0.662
0.662
0.109164
0.40986
0.662
0.662
0.662
0.662
0.662
0.325166
0.530256
0.330766
0.139764
0.00696535
0.303529
0.662
0.0134079
0.300882
0.662
0.0552147
0.0892747
0.408195
0.662
0.103727
0.0903789
0.662
0.455963
0.358085
0.496924
0.662
0.211299
0.662
0.662
0.662
0.177758
0.0754148
0.662
0.156701
0.609363
0.662
0.662
0.662
0.185802
0.662
0.662
0.662
0.662
0.433201
0.250153
0.16034
0.146124
0.662
0.662
0.662
0.662
0.662
0.662
0.662
0.183228
0.191478
0.662
0.248002
0.259023
0.662
0.404964
0.662
0.662
0.662
0.662
0.255816
0.662
0.662
0.662
0.13391
0.662
0.267596
0.657945
0.662
0.154168
0.389847
0.212432
0.662
0.598947
0.662
0.662
0.0499278
0.662
0.662
0.662
0.0285936
0.662
0.662
0.611407
0.662
0.662
0.494996
0.662
0.662
0.312653
0.0149696
0.662
0.200865
0.382415
0.25695
0.662
0.662
0.415293
0.305308
0.662
0.282021
0.662
0.662
0.662
0.662
0.662
0.662
0.393307
0.0914665
0.0288521
0.230138
0.662
0.139878
0.570872
0.662
0.662
0.662
0.662
0.662
0.30727
0.160969
0.479169
0.662
0.662
0.390463
0.662
0.352735
0.662
0.662
0.200872
0.157014
0.28173
0.410683
0.283468
0.662
0.662
0.662
0.161081
0.13385
0.0933393
0.0137813
0.0865598
0.662
0.456068
0.107156
0.662
0.13119
0.662
0.491179
0.337292
0.438024
0.662
0.662
0.662
0.439357
0.662
0.556854
0.502191
0.662
0.381122
0.662
0.100817
0.220411
0.314993
0.662
0.00112218
0.662
0.662
0.466275
0.662
0.662
0.382555
0.364506
0.217754
0.290264
0.0123826
0.454266
0.662
0.662
0.535388
0.662
0.662
0.662
0.307323
0.0135909
0.662
0.662
0.31965
0.662
0.662
0.208586
0.231183
0.382142
0.662
0.662
0.261342
0.45998
0.0648188
0.662
0.662
0.662
0.662
0.0393102
0.662
0.662
0.0604599
0.662
0.0181458
0.662
0.662
0.411992
0.662
0.662
0.662
0.271748
0.0165155
0.4535
0.11
0.293917
0.662
0.662
0.662
0.662
0.662
0.662
0.662
0.662
0.662
0.662
0.662
0.292636
0.478646
0.662
0.662
0.662
0.280658
0.662
0.662
0.662
0.662
0.318807
0.662
0.326081
0.662
0.494212
0.520263
0.24087
0.374566
0.662
0.287029
0.662
0.0072214
0.662
0.662
0.483402
0.662
0.0860689
0.662
0.662
0.662
0.412972
0.412511
0.259246
0.264962
0.662
0.253462
0.662
0.662
0.476107
0.662
0.662
0.17722
0.450186
0.583896
0.191473
0.102364
0.662
0.272611
0.184748
0.345848
0.662
0.128181
0.148575
0.662
0.662
0.662
0.662
0.060296
0.340352
0.231649
0.226275
0.662
0.158638
0.662
0.662
0.0916548
0.662
0.399704
0.0548389
0.662
0.662
0.0975463
0.662
0.662
0.235561
0.662
0.662
0.662
0.178032
0.662
0.662
0.148634
0.662
0.148231
0.662
0.662
0.448438
0.662
0.662
0.0680721
0.381055
0.607622
0.662
0.454151
0.353553
0.662
0.114229
0.662
0.442875
0.662
0.662
0.662
0.476106
0.156749
0.662
0.662
0.353714
0.662
0.662
0.662
0.662
0.662
0.39922
0.662
0.248003
0.267675
0.662
0.0811579
0.662
0.662
0.354135
0.662
0.662
0.662
0.662
0.662
0.0511756
0.246886
0.0638248
0.662
0.662
0.662
0.662
0.662
0.662
0.662
0.601435
0.662
0.662
0.662
0.662
0.662
0.662
0.662
0.662
0.662
0.658126
0.379797
0.468554
0.469895
0.410567
0.484245
0.317032
0.662
0.0111791
0.501565
0.662
0.662
0.0726842
0.41851
0.662
0.336115
0.662
0.662
0.403914
0.662
0.662
0.662
0.662
0.662
0.662
0.500271
0.0676308
0.662
0.662
0.0276367
0.230393
0.381284
0.662
0.662
0.662
0.115681
