0.0964967
0.391301
0.475284
0.662
0.45743
0.662
0.662
0.0339588
0.0986368
0.608203
0.662
0.662
0.369626
0.300455
0.0551165
0.434812
0.662
0.21225
0.662
0.454149
0.662
0.268878
0.662
0.225448
0.401618
0.0975541
0.511956
0.662
0.662
0.11017
0.247248
0.40188
0.662
0.662
0.662
0.113239
0.192068
0.288017
0.662
0.662
0.136694
0.662
0.662
0.460069
0.662
0.427417
0.662
0.662
0.397449
0.316429
0.260077
0.363788
0.662
0.297093
0.662
0.662
0.662
0.662
0.083414
0.662
0.08257
0.151752
0.0203687
0.247341
0.662
0.35751
0.662
0.662
0.662
0.662
0.662
0.662
0.378647
0.662
0.662
0.662
0.662
0.662
0.662
0.662
0.662
0.140744
0.662
0.0433755
0.662
0.149416
0.662
0.297235
0.662
0.20578
0.662
0.662
0.662
0.662
0.397143
0.662
0.409686
0.0424564
0.197476
0.662
0.662
0.644348
0.0204576
0.662
0.662
0.662
0.662
0.245391
0.0871082
0.294473
0.662
0.662
0.205862
0.662
0.217808
0.662
0.662
0.662
0.662
0.662
0.426978
0.0405482
0.190968
0.206172
0.662
0.183631
0.662
0.236691
0.222682
0.662
0.265395
0.662
0.662
0.662
0.237203
0.662
0.279845
0.662
0.549202
0.0985774
0.662
0.39507
0.38609
0.254352
0.662
0.0308756
0.662
0.363269
0.662
0.662
0.662
0.371404
0.662
0.327981
0.662
0.075308
0.197483
0.662
0.177536
0.662
0.490837
0.662
0.662
0.0578155
0.662
0.662
0.662
0.037144
0.259345
0.662
0.662
0.525211
0.227805
0.236404
0.662
0.662
0.00659879
0.0108082
0.662
0.650961
0.662
0.662
0.289659
0.462744
0.662
0.287139
0.490085
0.558111
0.354335
0.287878
0.265431
0.662
0.251676
0.662
0.662
0.662
0.662
0.662
0.662
0.662
0.662
0.112808
0.662
0.662
0.180588
0.489248
0.662
0.662
0.662
0.662
0.662
0.433393
0.662
0.662
0.614678
0.662
0.662
0.662
0.662
0.662
0.662
0.429066
0.662
0.3651
0.662
0.205094
0.228569
0.355046
0.0476855
0.662
0.382505
0.662
0.662
0.514587
0.147449
0.434486
0.407407
0.662
0.471612
0.14393
0.662
0.662
0.418699
0.437607
0.135089
0.662
0.0819067
0.160721
0.662
0.662
0.368954
0.662
0.662
0.16546
0.129983
0.662
0.662
0.569113
0.0105267
0.662
0.662
0.14365
0.0357231
0.662
0.662
0.662
0.415095
0.662
0.662
0.323641
0.662
0.662
0.366408
0.662
0.0633925
0.459709
0.662
0.662
0.265638
0.662
0.662
0.662
0.662
0.662
0.138273
0.427985
0.148238
0.0175764
0.453725
0.662
0.662
0.662
0.662
0.662
0.400255
0.662
0.362928
0.662
0.662
0.446015
0.662
0.134276
0.662
0.325479
0.662
0.0220452
0.452043
0.20953
0.122366
0.440841
0.158069
0.154328
0.662
0.662
0.220983
0.50017
0.353047
0.662
0.662
0.372706
0.598442
0.452728
0.662
0.662
0.662
0.662
0.662
0.662
0.662
0.253375
0.662
0.204972
0.424436
0.662
0.0234045
0.357827
0.438929
0.360614
0.319391
0.662
0.515935
0.129372
0.662
0.662
0.293579
0.662
0.0717522
0.0786614
0.662
0.0902583
0.350415
0.662
0.379312
0.662
0.206419
0.662
0.662
0.662
0.662
0.158131
0.662
0.662
0.388191
0.259566
0.662
0.662
0.281143
0.318441
0.662
0.662
0.662
0.0580038
0.662
0.662
0.145259
0.383397
0.340464
0.0932697
0.662
0.0295898
0.387757
0.662
0.401679
0.662
0.114154
0.662
0.354312
0.662
0.311353
0.662
0.662
0.238372
0.662
0.115941
0.662
0.0287814
0.390333
0.46729
0.254818
0.112036
0.249659
0.662
0.662
0.662
0.662
0.662
0.255125
0.403417
0.202611
0.341878
0.263423
0.662
0.0414993
0.662
0.662
0.455202
0.662
0.258825
0.0550184
0.0436717
0.662
0.476728
0.662
0.662
0.662
0.452706
0.662
0.356727
0.662
0.662
0.662
0.662
0.662
0.662
0.662
0.186073
0.662
0.662
0.662
0.61491
0.662
0.662
0.662
0.662
0.312819
0.662
0.476677
0.0757176
0.14063
0.25372
0.662
0.662
0.662
0.662
0.662
0.662
0.0910472
0.662
0.662
0.662
0.112348
0.31769
0.178124
0.403373
0.416531
0.662
0.662
0.443526
0.33324
0.127983
0.662
0.662
0.662
0.662
0.662
0.371582
0.436987
0.474585
0.662
0.307853
0.199231
0.662
0.0431517
0.662
0.662
0.662
0.662
0.451435
0.16331
0.416969
0.662
0.399161
0.662
0.118981
0.0298758
0.662
0.441601
0.435219
0.131885
0.566635
0.40815
0.662
0.662
0.219783
0.662
0.662
0.0665399
0.256228
0.662
0.662
0.662
0.0132848
0.662
0.184069
0.317672
0.303544
0.385368
0.662
0.37388
0.662
0.662
0.662
0.662
0.0477503
0.160296
0.662
0.0276927
0.662
0.662
0.662
0.0199133
0.662
0.223642
0.662
0.477771
0.475485
0.662
0.190895
0.454618
0.0524721
0.662
0.552667
0.24818
0.662
0.662
0.0180924
0.662
0.662
0.662
0.662
0.0702558
0.662
0.662
0.662
0.662
0.411642
0.022478
0.0514727
0.662
0.662
0.662
0.662
0.662
0.190798
0.662
0.662
0.472777
0.324169
0.662
0.219897
0.662
0.136505
0.396949
0.662
0.662
0.662
0.143006
0.662
0.225508
0.662
0.662
0.662
0.662
0.158984
0.256912
0.463204
0.662
0.524589
0.662
0.409525
0.662
0.33509
0.377923
0.284003
0.384626
0.662
0.0473148
0.289518
0.148302
0.662
0.386872
0.327992
0.000482921
0.351992
0.0864196
0.662
0.153988
0.0439431
0.337199
0.662
0.662
0.141434
