0.396406
0.186073
0.662
0.662
0.0902583
0.39864
0.0807318
0.662
0.367561
0.662
0.33509
0.662
0.662
0.149819
0.260077
0.662
0.417672
0.585072
0.148655
0.662
0.474585
0.363269
0.348543
0.289659
0.662
0.18671
0.662
0.662
0.0448545
0.662
0.662
0.662
0.662
0.662
0.317672
0.662
0.416531
0.662
0.158984
0.662
0.662
0.258825
0.332485
0.662
0.441265
0.662
0.662
0.401618
0.662
0.205862
0.486824
0.662
0.364742
0.136694
0.371582
0.662
0.292222
0.424953
0.5753
0.662
0.662
0.170274
0.0925461
0.662
0.662
0.662
0.235216
0.662
0.662
0.662
0.112808
0.101014
0.662
0.160721
0.0204576
0.0271734
0.0295898
0.662
0.662
0.662
0.662
0.16331
0.128146
0.662
0.662
0.305404
0.662
0.453725
0.662
0.125578
0.662
0.0506077
0.662
0.3651
0.662
0.662
0.662
0.278249
0.662
0.264108
0.662
0.0436717
0.662
0.145259
0.662
0.662
0.123617
0.662
0.662
0.662
0.662
0.257282
0.0339588
0.662
0.662
0.472742
0.662
0.662
0.662
0.662
0.662
0.662
0.250577
0.377977
0.662
0.662
0.662
0.316648
0.3126
0.356773
0.662
0.662
0.266988
0.45511
0.334949
0.0864196
0.662
0.662
0.662
0.662
0.416969
0.662
0.662
0.662
0.0480517
0.662
0.662
0.662
0.205617
0.156749
0.662
0.662
0.445764
0.526801
0.662
0.527728
0.476728
0.269707
0.197483
0.662
0.122366
0.662
0.662
0.520985
0.662
0.662
0.478629
0.662
0.662
0.662
0.40474
0.327992
0.394519
0.662
0.238372
0.45743
0.662
0.569524
0.662
0.188358
0.662
0.662
0.342215
0.662
0.293186
0.662
0.662
0.650961
0.662
0.0486151
0.102393
0.662
0.652534
0.514587
0.662
0.662
0.237114
0.297093
0.662
0.662
0.662
0.197476
0.662
0.662
0.409525
0.662
0.662
0.662
0.0510302
0.321514
0.662
0.662
0.662
0.662
0.23481
0.662
0.662
0.510636
0.357844
0.662
0.662
0.662
0.0276927
0.662
0.439318
0.662
0.662
0.39112
0.662
0.198774
0.662
0.662
0.247341
0.431306
0.163048
0.662
0.37016
0.662
0.662
0.0439431
0.662
0.247248
0.662
0.300743
0.662
0.662
0.14393
0.334178
0.0287261
0.166486
0.598879
0.662
0.662
0.0665399
0.0757176
0.317147
0.109991
0.405272
0.662
0.393002
0.336874
0.184892
0.662
0.458331
0.274935
0.662
0.481808
0.662
0.213103
0.375081
0.662
0.558111
0.662
0.662
0.424436
0.592232
0.662
0.662
0.208872
0.662
0.199139
0.0986574
0.662
0.662
0.662
0.662
0.662
0.490027
0.662
0.0600397
0.0108082
0.662
0.662
0.458959
0.662
0.146093
0.190968
0.118981
0.662
0.124213
0.289794
0.3339
0.662
0.662
0.662
0.200824
0.462957
0.0414993
0.0717522
0.662
0.662
0.662
0.662
0.290936
0.662
0.662
0.662
0.114154
0.662
0.662
0.112069
0.662
0.19556
0.662
0.662
0.662
0.662
0.662
0.0433755
0.0870498
0.0473148
0.662
0.42014
0.662
0.662
0.19812
0.662
0.662
0.61702
0.00417373
0.410157
0.662
0.0496898
0.662
0.662
0.662
0.662
0.662
0.662
0.662
0.287878
0.0125025
0.360255
0.662
0.350415
0.662
0.662
0.380197
0.11017
0.0600937
0.211164
0.416208
0.662
0.662
0.662
0.0490254
0.00789339
0.215406
0.515935
0.174132
0.662
0.438929
0.662
0.0102717
0.662
0.387757
0.662
0.447468
0.279627
0.662
0.662
0.662
0.392759
0.662
0.325479
0.662
0.3659
0.662
0.662
0.662
0.131491
0.662
0.662
0.147203
0.433393
0.662
0.662
0.662
0.662
0.662
0.367185
0.319406
0.662
0.330245
0.443406
0.662
0.662
0.436987
0.662
0.430063
0.0877834
0.662
0.662
0.0506671
0.112888
0.662
0.476677
0.00388754
0.476142
0.662
0.24863
0.190895
0.662
0.662
0.662
0.569113
0.109857
0.662
0.662
0.662
0.662
0.662
0.127983
0.662
0.61491
0.662
0.662
0.662
0.662
0.410038
0.235589
0.662
0.662
0.662
0.662
0.662
0.662
0.662
0.427686
0.662
0.445596
0.662
0.227045
0.436995
0.662
0.662
0.369626
0.0385598
0.451686
0.379312
0.24677
0.0266976
0.662
0.662
0.466781
0.314873
0.662
0.662
0.384849
0.662
0.662
0.242234
0.662
0.662
0.662
0.155414
0.0431517
0.662
0.662
0.454618
0.407962
0.157947
0.351912
0.662
0.23094
0.662
0.452256
0.662
0.662
0.662
0.066711
0.0105403
0.266714
0.662
0.662
0.662
0.662
0.662
0.140881
0.0132848
0.662
0.662
0.662
0.662
0.662
0.662
0.662
0.455633
0.662
0.457955
0.662
0.662
0.662
0.662
0.662
0.662
0.662
0.662
0.662
0.662
0.662
0.347981
0.261778
0.463204
0.213378
0.662
0.662
0.662
0.662
0.135089
0.47163
0.0120464
0.215054
0.256228
0.662
0.662
0.662
0.190561
0.662
0.231314
0.662
0.662
0.125488
0.662
0.222857
0.662
0.662
0.662
0.662
0.662
0.444017
0.662
0.475284
0.662
0.00316436
0.392143
0.662
0.662
0.662
0.455215
0.662
0.38722
0.662
0.662
0.662
0.139929
0.662
0.31816
0.498908
0.378647
0.355669
0.156451
0.256298
0.130643
0.641603
0.662
0.662
0.662
0.183776
0.385209
0.662
0.662
0.662
0.662
0.662
0.293579
0.406288
0.270456
0.662
0.662
0.169344
0.662
0.552667
0.662
0.662
0.392447
0.662
0.08257
0.0173288
0.489726
0.477771
0.662
0.662
0.407209
0.458321
0.662
0.0708585
0.662
0.662
0.662
0.662
0.662
0.662
0.160296
0.372209
0.198605
0.0405676
0.269678
0.662
0.383278
0.455202
0.136505
0.662
0.662
0.411981
0.662
0.662
0.196778
0.638184
0.113239
0.662
0.362928
0.662
