0.662
0.662
0.240716
0.379564
0.662
0.204208
0.662
0.411666
0.662
0.273838
0.10143
0.662
0.662
0.662
0.234398
0.662
0.408622
0.662
0.662
0.47307
0.416906
0.662
0.662
0.439837
0.147753
0.662
0.0239595
0.662
0.0346213
0.662
0.662
0.662
0.662
0.34562
0.662
0.662
0.662
0.226346
0.662
0.467644
0.662
0.396246
0.662
0.662
0.662
0.0190661
0.313118
0.662
0.380006
0.662
0.662
0.662
0.662
0.389676
0.429523
0.1964
0.500464
0.662
0.182464
0.662
0.662
0.458751
0.662
0.662
0.0740142
0.213196
0.662
0.662
0.29902
0.662
0.546003
0.662
0.055768
0.662
0.662
0.662
0.0881854
0.0942676
0.312501
0.662
0.438458
0.662
0.662
0.662
0.662
0.324519
0.0408532
0.662
0.662
0.662
0.662
0.662
0.00323995
0.662
0.446259
0.316503
0.662
0.662
0.662
0.662
0.662
0.227784
0.662
0.662
0.0680547
0.317691
0.662
0.662
0.22653
0.662
0.21469
0.662
0.358486
0.662
0.662
0.31384
0.662
0.662
0.662
0.284971
0.342317
0.338668
0.526471
0.662
0.251081
0.662
0.662
0.450902
0.662
0.0741304
0.662
0.441109
0.216558
0.662
0.662
0.0605037
0.662
0.352671
0.662
0.416918
0.662
0.511378
0.616175
0.477362
0.662
0.225103
0.662
0.662
0.167489
0.662
0.0856402
0.662
0.662
0.3365
0.662
0.143036
0.0616502
0.308042
0.25698
0.662
0.662
0.415611
0.662
0.662
0.372116
0.662
0.662
0.23115
0.662
0.242723
0.662
0.278549
0.31016
0.662
0.423499
0.194761
0.101345
0.262841
0.662
0.662
0.662
0.662
0.662
0.662
0.662
0.421669
0.662
0.662
0.662
0.662
0.662
0.662
0.662
0.662
0.152123
0.318853
0.1126
0.662
0.662
0.662
0.53917
0.662
0.330013
0.0503233
0.308802
0.297833
0.662
0.662
0.662
0.662
0.217048
0.662
0.0738935
0.192276
0.478665
0.662
0.662
0.662
0.662
0.111691
0.241297
0.621251
0.408056
0.662
0.662
0.662
0.662
0.455708
0.662
0.188752
0.568777
0.223455
0.0843486
0.381014
0.314542
0.662
0.351123
0.662
0.662
0.450006
0.662
0.105101
0.407215
0.662
0.662
0.424659
0.662
0.662
0.662
0.662
0.662
0.346842
0.154205
0.662
0.0328235
0.410851
0.28678
0.662
0.452409
0.662
0.214616
0.662
0.662
0.662
0.262762
0.662
0.343025
0.662
0.267644
0.662
0.662
0.662
0.662
0.662
0.314002
0.662
0.662
0.0373777
0.183113
0.307557
0.662
0.662
0.662
0.426772
0.662
0.538465
0.662
0.662
0.662
0.662
0.418921
0.662
0.333616
0.662
0.336769
0.662
0.662
0.662
0.662
0.662
0.306415
0.662
0.472816
0.0134726
0.662
0.662
0.662
0.369816
0.662
0.662
0.39921
0.662
0.0730202
0.472397
0.0223302
0.662
0.0783301
0.662
0.631907
0.662
0.226707
0.00821346
0.456841
0.662
0.662
0.456545
0.662
0.195936
0.662
0.374443
0.662
0.662
0.0891676
0.0425729
0.284202
0.662
0.662
0.186389
0.410083
0.39044
0.662
0.154056
0.662
0.662
0.662
0.454901
0.662
0.374744
0.662
0.306784
0.331791
0.199389
0.662
0.662
0.662
0.662
0.662
0.662
0.662
0.662
0.431055
0.662
0.662
0.662
0.662
0.662
0.662
0.662
0.662
0.342895
0.662
0.052274
0.662
0.132767
0.47451
0.477339
0.662
0.0624912
0.662
0.215849
0.662
0.662
0.356748
0.172816
0.662
0.0714934
0.662
0.0459462
0.662
0.662
0.239637
0.653456
0.0999592
0.10489
0.662
0.0136712
0.662
0.310836
0.662
0.261087
0.219036
0.49501
0.662
0.662
0.0294862
0.662
0.0249569
0.662
0.662
0.369362
0.662
0.373075
0.662
0.115227
0.662
0.35594
0.396303
0.662
0.662
0.146208
0.662
0.0916911
0.448895
0.342017
0.545306
0.137091
0.210342
0.193744
0.294733
0.311851
0.662
0.662
0.662
0.0914407
0.293634
0.332482
0.447721
0.662
0.325659
0.336627
0.662
0.0190314
0.662
0.662
0.221231
0.491866
0.238622
0.15381
0.0619483
0.134137
0.662
0.662
0.662
0.0665544
0.0186986
0.662
0.662
0.261313
0.662
0.662
0.662
0.302554
0.535498
0.299788
0.662
0.158116
0.194785
0.662
0.0674689
0.662
0.662
0.662
0.662
0.0622865
0.662
0.662
0.113974
0.109037
0.662
0.662
0.395541
0.339388
0.662
0.662
0.662
0.662
0.431884
0.601946
0.166938
0.662
0.662
0.108509
0.662
0.0531328
0.662
0.0593585
0.350925
0.662
0.194581
0.662
0.568423
0.264553
0.0350063
0.662
0.662
0.159356
0.662
0.470531
0.408491
0.479931
0.662
0.0318776
0.0481783
0.662
0.108246
0.216549
0.662
0.29888
0.231196
0.662
0.457352
0.451302
0.662
0.662
0.176174
0.310151
0.662
0.0506246
0.369229
0.662
0.46493
0.662
0.320493
0.188199
0.662
0.662
0.662
0.662
0.662
0.050843
0.190726
0.316237
0.662
0.344747
0.409844
0.662
0.432846
0.410006
0.446392
0.409256
0.662
0.662
0.22696
0.211102
0.662
0.662
0.0712941
0.662
0.225834
0.662
0.662
0.196743
0.0165381
0.46412
0.662
0.662
0.662
0.325661
0.662
0.662
0.662
0.662
0.662
0.662
0.285559
0.662
0.381413
0.0417328
0.662
0.472966
0.0860929
0.662
0.312291
0.662
0.338007
0.37931
0.0254523
0.662
0.662
0.114882
0.477275
0.662
0.446738
0.662
0.662
0.662
0.411635
0.662
0.182368
0.251608
0.200965
0.662
0.48543
0.662
0.0587178
0.329475
0.069804
0.190974
0.21647
0.662
0.662
0.662
0.141053
0.108189
0.329822
0.662
0.329013
0.662
0.662
0.358703
0.662
0.233745
0.662
0.113292
0.662
0.662
0.130161
0.320413
0.192739
0.150438
0.662
0.175579
0.461848
0.276656
0.662
0.662
0.662
0.662
0.461878
0.219725
0.662
0.662
0.662
0.662
0.662
0.662
0.662
0.662
0.662
0.662
0.662
0.662
0.320405
0.275725
