0.238372
0.662
0.293453
0.662
0.270933
0.662
0.662
0.486166
0.0561115
0.197293
0.196632
0.473931
0.0712536
0.662
0.662
0.662
0.662
0.0240772
0.258501
0.320508
0.662
0.662
0.662
0.507755
0.662
0.152477
0.662
0.437721
0.662
0.662
0.662
0.0481234
0.662
0.662
0.662
0.264923
0.662
0.252838
0.662
0.662
0.662
0.182412
0.662
0.0410267
0.662
0.662
0.662
0.662
0.662
0.662
0.662
0.440765
0.662
0.1086
0.364831
0.662
0.662
0.299904
0.477077
0.662
0.662
0.662
0.0258835
0.361931
0.241715
0.662
0.165822
0.135771
0.28953
0.662
0.286469
0.662
0.160306
0.662
0.662
0.662
0.128766
0.662
0.662
0.662
0.226866
0.662
0.395483
0.244493
0.662
0.25425
0.0852586
0.662
0.0619448
0.662
0.2915
0.662
0.662
0.662
0.0726968
0.199506
0.0779497
0.662
0.662
0.361746
0.213918
0.662
0.306338
0.662
0.142796
0.278572
0.662
0.662
0.275525
0.0531642
0.123995
0.662
0.662
0.109536
0.465566
0.355675
0.0246236
0.662
0.0140832
0.210166
0.46496
0.396347
0.662
0.220328
0.662
0.125251
0.418229
0.662
0.362331
0.388962
0.662
0.662
0.315575
0.0303313
0.319824
0.0983375
0.00606219
0.662
0.662
0.288726
0.147697
0.662
0.662
0.385132
0.31989
0.662
0.190463
0.16626
0.662
0.0790847
0.0882857
0.189827
0.662
0.662
0.662
0.203855
0.322513
0.196491
0.260615
0.662
0.662
0.123938
0.394641
0.662
0.41211
0.431182
0.227221
0.300967
0.662
0.662
0.305941
0.662
0.662
0.311775
0.0918567
0.38362
0.662
0.662
0.322566
0.662
0.662
0.115125
0.662
0.662
0.662
0.662
0.662
0.662
0.322128
0.662
0.662
0.177693
0.164464
0.488438
0.662
0.320557
0.0858479
0.222957
0.662
0.4372
0.234435
0.0370353
0.662
0.662
0.609042
0.662
0.662
0.662
0.229945
0.662
0.326036
0.662
0.662
0.662
0.662
0.662
0.662
0.662
0.195592
0.182477
0.157377
0.168752
0.444971
0.29612
0.662
0.662
0.662
0.0388466
0.418914
0.148946
0.662
0.662
0.662
0.662
0.662
0.195054
0.662
0.388587
0.662
0.662
0.662
0.662
0.662
0.145379
0.389783
0.662
0.40481
0.120755
0.662
0.662
0.662
0.0518938
0.133171
0.662
0.157417
0.662
0.18257
0.225678
0.224972
0.662
0.134179
0.662
0.413067
0.0835324
0.662
0.662
0.0715155
0.321534
0.0988525
0.310955
0.388909
0.300445
0.662
0.610564
0.400916
0.662
0.480036
0.662
0.662
0.662
0.213667
0.662
0.26061
0.601213
0.47898
0.142278
0.332787
0.399713
0.30683
0.646555
0.434584
0.662
0.430063
0.662
0.662
0.0631843
0.662
0.662
0.435084
0.662
0.395538
0.0213663
0.288304
0.438661
0.662
0.662
0.625243
0.662
0.662
0.662
0.216135
0.662
0.327418
0.662
0.662
0.662
0.171834
0.662
0.662
0.662
0.662
0.662
0.512406
0.317817
0.662
0.662
0.662
0.21226
0.662
0.19295
0.662
0.0648229
0.662
0.662
0.406484
0.662
0.394765
0.662
0.662
0.662
0.662
0.662
0.662
0.662
0.0135475
0.464458
0.273544
0.662
0.243476
0.662
0.440005
0.662
0.224826
0.213536
0.0648505
0.0566734
0.662
0.662
0.629706
0.212288
0.127256
0.2911
0.662
0.235561
0.662
0.202035
0.662
0.0157229
0.662
0.662
0.662
0.662
