0.0429195
0.662
0.322203
0.142089
0.0373777
0.100525
0.662
0.662
0.124326
0.662
0.662
0.662
0.239944
0.47307
0.662
0.662
0.662
0.662
0.662
0.546003
0.247916
0.229023
0.343025
0.662
0.48543
0.662
0.426392
0.662
0.662
0.426113
0.662
0.474692
0.0619483
0.182368
0.357783
0.0798727
0.662
0.662
0.662
0.662
0.419648
0.449775
0.662
0.662
0.567186
0.392905
0.0503233
0.662
0.321953
0.53917
0.414876
0.662
0.662
0.255947
0.0497706
0.340853
0.442793
0.662
0.219644
0.662
0.662
0.548412
0.198623
0.309146
0.662
0.0425729
0.662
0.662
0.662
0.662
0.662
0.443534
0.347954
0.152002
0.662
0.448202
0.260855
0.479581
0.0959193
0.662
0.394083
0.662
0.112593
0.662
0.325661
0.662
0.551711
0.662
0.662
0.165965
0.662
0.662
0.662
0.662
0.662
0.195936
0.662
0.662
0.662
0.662
0.0856402
0.662
0.662
0.662
0.662
0.662
0.662
0.0162686
0.662
0.0574813
0.662
0.214616
0.451302
0.662
0.662
0.662
0.410006
0.662
0.204208
0.21653
0.662
0.662
0.662
0.662
0.0154883
0.662
0.0318776
0.662
0.273838
0.568423
0.662
0.216503
0.662
0.429523
0.198173
0.0923559
0.662
0.662
0.662
0.160547
0.662
0.599181
0.389676
0.662
0.24098
0.183097
0.662
0.662
0.662
0.662
0.17173
0.662
0.662
0.662
0.662
0.0974767
0.662
0.251174
0.662
0.662
0.0942676
0.193118
0.662
0.456545
0.662
0.166206
0.212699
0.662
0.454697
0.298671
0.662
0.40168
0.662
0.662
0.662
0.262841
0.662
0.0970892
0.433843
0.0740142
0.662
0.662
0.662
0.662
0.487526
0.292339
0.0816647
0.662
0.0838356
0.306259
0.662
0.193413
0.662
0.662
0.662
0.277776
0.662
0.662
0.662
0.108189
0.662
0.151795
0.0872904
0.410851
0.662
0.13417
0.662
0.662
0.25698
0.457363
0.662
0.114882
0.338253
0.308042
0.00726002
0.538465
0.491866
0.662
0.0940339
0.662
0.662
0.662
0.662
0.662
0.338668
0.244887
0.436273
0.662
0.456085
0.187376
0.536444
0.662
0.662
0.662
0.314002
0.475407
0.662
0.662
0.662
0.662
0.662
0.4042
0.662
0.477362
0.397723
0.662
0.662
0.662
0.662
0.662
0.662
0.050843
0.662
0.00323995
0.662
0.190428
0.633391
0.169798
0.283165
0.662
0.302554
0.473669
0.271429
0.404049
0.448895
0.662
0.398399
0.441109
0.662
0.408491
0.00821346
0.222163
0.260492
0.147969
0.252977
0.662
0.662
0.662
0.662
0.415611
0.500464
0.662
0.662
0.662
0.662
0.261313
0.229003
0.662
0.223455
0.267963
0.39587
0.662
0.314996
0.0657662
0.662
0.662
0.662
0.662
0.662
0.662
0.0862793
0.495906
0.000475601
0.662
0.662
0.283741
0.370926
0.662
0.662
0.662
0.662
0.662
0.662
0.0136712
0.424793
0.431884
0.441268
0.662
0.662
0.444994
0.352469
0.0615464
0.662
0.0674689
0.662
0.662
0.662
0.168744
0.662
0.662
0.342317
0.267311
0.662
0.662
0.662
0.314366
0.0976747
0.662
0.662
0.662
0.662
0.225834
0.357465
0.662
0.216558
0.662
0.662
0.410497
0.0346213
0.463918
0.662
0.662
0.370979
0.662
0.662
0.153718
0.0881854
0.662
0.662
0.443255
0.39259
0.114933
0.662
0.446465
0.187053
0.0506246
0.525136
0.662
0.446259
0.477339
0.357257
0.662
0.0994743
0.158116
0.662
0.662
0.662
0.217043
0.662
0.446392
0.194581
0.067787
0.484597
0.227784
0.662
0.662
0.662
0.662
0.438166
0.454901
0.662
0.115157
0.21469
0.662
0.662
0.662
0.662
0.212253
0.0190661
0.358547
0.435446
0.183113
0.396505
0.662
0.662
0.662
0.662
0.662
0.662
0.662
0.350925
0.355216
0.662
0.662
0.662
0.239648
0.29902
0.662
0.454691
0.484595
0.662
0.0714934
0.662
0.330969
0.662
0.662
0.662
0.395541
0.662
0.662
0.280547
0.34562
0.662
0.662
0.662
0.662
0.662
0.662
0.662
0.662
0.662
0.662
0.388933
0.662
0.428716
0.472966
0.662
0.334004
0.468227
0.475576
0.598342
0.662
0.382488
0.662
0.662
0.662
0.250358
0.405302
0.146208
0.662
0.662
0.421669
0.320493
0.311851
0.662
0.662
0.194761
0.172816
0.662
0.324519
0.662
0.457352
0.662
0.662
0.662
0.188296
0.0914407
0.662
0.662
0.662
0.662
0.662
0.278123
0.662
0.573438
0.662
0.616175
0.662
0.192739
0.10095
0.662
0.620174
0.662
0.631907
0.662
0.323847
0.146282
0.412398
0.408056
0.278927
0.529788
0.662
0.662
0.662
0.662
0.662
0.662
0.662
0.662
0.316237
0.207135
0.0738935
0.662
0.399618
0.662
0.662
0.662
0.662
0.662
0.407466
0.652005
0.250409
0.662
0.662
0.308212
0.662
0.329822
0.662
0.662
0.202271
0.662
0.359329
0.662
0.662
0.662
0.18602
0.283083
0.662
0.0762844
0.662
0.653456
0.662
0.662
0.284971
0.662
0.662
0.484583
0.23487
0.348039
0.662
0.662
0.435451
0.662
0.662
0.662
0.330013
0.662
0.0701652
0.105101
0.194785
0.662
0.662
0.662
0.477275
0.662
0.308228
0.563034
0.662
0.297389
0.45708
0.396303
0.147753
0.402881
0.662
0.662
0.372157
0.49501
0.662
0.0891676
0.662
0.662
0.662
0.662
0.662
0.662
0.662
0.308105
0.662
0.446954
0.662
0.22653
0.662
0.662
0.446738
0.662
0.662
0.662
0.662
0.662
0.285787
0.662
0.055768
0.662
0.167489
0.662
0.662
0.662
0.662
0.662
0.662
0.281957
0.662
0.10489
0.662
0.432846
0.662
0.472816
0.207215
0.662
0.662
0.0417328
0.662
0.234873
0.662
0.662
0.197607
0.662
0.353017
0.662
0.662
