0.115595
0.4581
0.662
0.662
0.397649
0.662
0.662
0.662
0.662
0.662
0.662
0.181184
0.29608
0.0425139
0.252102
0.662
0.194778
0.235803
0.322274
0.662
0.662
0.25962
0.216019
0.526666
0.662
0.47883
0.0772924
0.451817
0.390358
0.0159462
0.662
0.331018
0.662
0.662
0.226167
0.662
0.662
0.0724555
0.662
0.662
0.446576
0.662
0.128155
0.662
0.662
0.228265
0.064402
0.662
0.406036
0.0405355
0.662
0.662
0.662
0.662
0.662
0.00612718
0.523911
0.662
0.178126
0.662
0.386865
0.662
0.410747
0.662
0.241614
0.662
0.463889
0.662
0.662
0.167492
0.662
0.662
0.662
0.662
0.412253
0.614341
0.662
0.662
0.274242
0.662
0.662
0.662
0.367274
0.44832
0.0684159
0.457426
0.448238
0.26301
0.662
0.287681
0.546749
0.225014
0.424299
0.662
0.26382
0.662
0.662
0.662
0.409822
0.662
0.662
0.285068
0.662
0.559244
0.208535
0.453918
0.125632
0.662
0.267782
0.662
0.662
0.340541
0.662
0.236711
0.662
0.202439
0.662
0.662
0.0280606
0.662
0.0120033
0.378953
0.464318
0.662
0.662
0.662
0.160409
0.662
0.12245
0.185109
0.662
0.662
0.662
0.231616
0.277753
0.113193
0.662
0.662
0.377114
0.662
0.478006
0.662
0.662
0.462511
0.379959
0.662
0.662
0.662
0.171829
0.408311
0.380523
0.426568
0.376158
0.662
0.662
0.108366
0.232879
0.662
0.662
0.662
0.32356
0.662
0.662
0.0568728
0.0390201
0.317463
0.632469
0.280372
0.0308967
0.662
0.662
0.662
0.662
0.662
0.662
0.662
0.22882
0.662
0.156264
0.529483
0.662
0.662
0.0372565
0.229342
0.376758
0.422928
0.103748
0.662
0.662
0.00448418
0.393983
0.662
0.25129
0.47818
0.662
0.0792337
0.270554
0.662
0.662
0.175948
0.662
0.244028
0.662
0.662
0.662
0.662
0.662
0.662
0.662
0.390653
0.390723
0.0186602
0.309989
0.263564
0.0682708
0.186808
0.197909
0.295613
0.526343
0.662
0.662
0.450778
0.223902
0.14401
0.662
0.662
0.662
0.204287
0.662
0.662
0.0843565
0.478416
0.662
0.662
0.662
0.662
0.662
0.26487
0.662
0.662
0.662
0.327974
0.662
0.144469
0.662
0.397265
0.662
0.662
0.217184
0.662
0.662
0.662
0.25584
0.662
0.662
0.662
0.0965666
0.00147091
0.662
0.662
0.662
0.187913
0.662
0.662
0.662
0.00501712
0.413378
0.422646
0.662
0.0527934
0.662
0.662
0.359636
0.446464
0.662
0.662
0.662
0.0991475
0.177027
0.380641
0.662
0.390651
0.172558
0.44646
0.502779
0.436591
0.662
0.0170552
0.036817
0.662
0.099053
0.227165
0.36891
0.0994658
0.662
0.662
0.662
0.662
0.110415
0.662
0.662
0.321886
0.662
0.662
0.662
0.453431
0.662
0.144101
0.662
0.662
0.303293
0.203576
0.662
0.373618
0.0283857
0.662
0.114185
0.662
0.164927
0.662
0.662
0.662
0.662
0.0435682
0.584119
0.371904
0.662
0.319018
0.662
0.649103
0.662
0.662
0.662
0.170743
0.53392
0.662
0.662
0.299523
0.417807
0.370525
0.400423
0.44733
0.662
0.662
0.10387
0.280559
0.662
0.393645
0.0950634
0.418832
0.662
0.662
0.662
0.662
0.662
0.0874573
0.662
0.27641
0.161335
0.662
0.403521
0.662
0.442365
0.662
0.662
0.662
0.204603
0.662
0.632029
0.662
0.662
0.662
0.179395
0.662
0.332056
0.662
0.0737266
0.662
0.299165
0.662
0.662
0.32916
0.662
0.662
0.501812
0.662
0.662
0.662
0.662
0.662
0.108822
0.0297537
0.320368
0.603573
0.103183
0.662
0.662
0.534993
0.317939
0.662
0.662
0.662
0.163508
0.662
0.0664996
0.0434445
0.1564
0.662
0.128118
0.336836
0.185762
0.662
0.11516
0.257494
0.662
0.662
0.662
0.662
0.662
0.662
0.662
0.286611
0.662
0.662
0.662
0.214824
0.662
0.0215848
0.662
0.37507
0.662
0.662
0.662
0.539078
0.662
0.662
0.662
0.662
0.662
0.662
0.662
0.584651
0.662
0.662
0.662
0.601308
0.662
0.299984
0.662
0.0562227
0.662
0.662
0.0520638
0.662
0.374941
0.662
0.0277561
0.662
0.662
0.165354
0.662
0.127494
0.345502
0.662
0.11978
0.662
0.662
0.662
0.075386
0.662
0.662
0.285213
0.662
0.0879731
0.662
0.27047
0.662
0.662
0.166118
0.662
0.106224
0.662
0.163854
0.131952
0.453201
0.662
0.662
0.662
0.662
0.358848
0.662
0.662
0.105191
0.141756
0.662
0.261792
0.662
0.662
0.123789
0.662
