0.222634
0.662
0.662
0.0775252
0.194883
0.310404
0.662
0.662
0.662
0.662
0.443723
0.240445
0.476462
0.490171
0.662
0.662
0.662
0.662
0.270499
0.662
0.662
0.662
0.297258
0.608204
0.128408
0.662
0.662
0.662
0.154412
0.662
0.662
0.662
0.662
0.458981
0.662
0.286693
0.222913
0.662
0.184472
0.662
0.662
0.175618
0.458269
0.0177452
0.374551
0.662
0.662
0.662
0.365688
0.465381
0.662
0.254895
0.662
0.182769
0.662
0.662
0.662
0.662
0.662
0.353989
0.662
0.662
0.268847
0.662
0.615844
0.130194
0.662
0.662
0.236822
0.0523542
0.0339531
0.155414
0.23264
0.662
0.202645
0.662
0.02698
0.271992
0.662
0.511469
0.00319396
0.514207
0.662
0.173881
0.662
0.662
0.662
0.662
0.662
0.662
0.372877
0.662
0.662
0.549971
0.142391
0.662
0.0217382
0.662
0.287903
0.662
0.662
0.662
0.160036
0.662
0.662
0.0726752
0.662
0.0178637
0.662
0.662
0.453199
0.662
0.662
0.329115
0.662
0.662
0.343434
0.209704
0.662
0.107613
0.662
0.662
0.662
0.662
0.0473788
0.214447
0.302896
0.662
0.629763
0.662
0.559146
0.166834
0.662
0.10314
0.662
0.662
0.212136
0.662
0.272542
0.383963
0.265716
0.492834
0.662
0.662
0.235206
0.235216
0.662
0.662
0.507274
0.662
0.662
0.662
0.662
0.0807261
0.662
0.662
0.662
0.662
0.535368
0.264626
0.662
0.314501
0.662
0.662
0.373295
0.662
0.662
0.264108
0.662
0.478325
0.411719
0.488664
0.662
0.662
0.662
0.199178
0.662
0.310825
0.32988
0.662
0.662
0.662
0.390581
0.123745
0.221632
0.662
0.662
0.662
0.316941
0.358821
0.353106
0.244788
0.662
0.662
0.662
0.662
0.662
0.307051
0.662
0.247176
0.58286
0.406884
0.662
0.517768
0.662
0.103701
0.4121
0.202563
0.443095
0.662
0.662
0.198604
0.662
0.436879
0.0881119
0.172079
0.454766
0.662
0.470115
0.662
0.662
0.424171
0.662
0.255947
0.662
0.662
0.662
0.662
0.233032
0.317514
0.662
0.480825
0.340699
0.074558
0.662
0.662
0.662
0.662
0.662
0.291733
0.204654
0.128785
0.111382
0.193818
0.662
0.486176
0.662
0.662
0.307804
0.662
0.662
0.333825
0.274291
0.354958
0.662
0.214558
0.47546
0.282308
0.662
0.00977904
0.662
0.264799
0.662
0.158155
0.106779
0.662
0.662
0.264607
0.662
0.301946
0.662
0.343967
0.339112
0.189082
0.662
0.662
0.126714
0.662
0.214734
0.237011
0.0899854
0.232222
0.662
0.662
0.33514
0.662
0.662
0.160088
0.662
0.662
0.165614
0.662
0.13748
0.662
0.189708
0.662
0.43139
0.109199
0.462944
0.662
0.0999942
0.158584
0.662
0.662
0.662
0.513345
0.662
0.662
0.662
0.662
0.662
0.662
0.662
0.0607331
0.662
0.333814
0.662
0.662
0.417158
0.662
0.662
0.257387
0.662
0.662
0.662
0.662
0.192922
0.182746
0.662
0.364731
0.334853
0.0409246
0.662
0.24795
0.212111
0.662
0.662
0.0276596
0.662
0.484437
0.662
0.0665161
0.662
0.484368
0.352997
0.662
0.239514
0.426097
0.35577
0.662
0.662
0.4543
0.494801
0.155929
0.0247084
0.662
0.662
0.662
0.17266
0.101014
0.371226
0.222062
0.359634
0.662
0.114812
0.334522
0.430408
0.662
0.0544865
0.190533
0.662
0.272944
0.662
0.662
0.662
0.662
0.662
0.662
0.125557
0.662
0.20473
0.662
0.662
0.0100649
0.662
0.166986
0.662
0.132708
0.662
0.662
0.188728
0.242765
0.143281
0.662
0.662
0.662
0.276819
0.0895495
0.324938
0.662
0.274365
0.662
0.285188
0.662
0.662
0.307997
0.0099052
0.107299
0.212692
0.662
0.662
0.165744
0.662
0.374925
0.662
0.662
0.569702
0.662
0.662
0.150746
0.662
0.544989
0.378964
0.243752
0.662
0.662
0.193988
0.088951
0.10248
0.662
0.662
0.225825
0.662
0.662
0.349999
0.662
0.662
0.662
0.662
0.21932
0.662
0.662
0.662
0.042549
0.662
0.445949
0.662
0.0813425
0.662
0.662
0.0219182
0.494918
0.662
0.311362
0.171712
0.662
0.662
0.662
0.662
0.662
0.662
0.108422
0.662
0.662
0.662
0.662
0.662
0.662
0.662
0.662
0.662
0.134046
0.235119
0.662
0.122494
0.148835
0.291321
0.455115
0.662
0.473185
0.165138
0.471942
0.662
0.662
0.662
0.662
0.662
0.00170863
0.662
0.662
0.662
0.662
0.168162
0.662
0.662
0.662
0.294692
0.662
0.129824
0.662
0.287905
0.662
0.662
0.63339
0.398068
0.662
0.662
0.662
0.662
0.662
0.63486
0.185907
0.169877
0.662
0.381332
0.0955691
0.391021
0.662
0.662
0.662
0.662
0.188358
0.662
0.183778
0.662
0.662
0.662
0.662
0.0851116
0.0180764
0.662
0.312957
0.662
0.310138
0.25916
0.241268
0.454795
0.259262
0.662
0.305734
0.662
0.662
0.662
0.662
0.662
0.662
0.662
0.574908
0.448903
0.662
0.662
0.152139
0.662
0.355225
0.662
0.662
0.255655
0.662
0.265607
0.0987792
0.662
0.405325
0.662
0.662
0.121957
0.662
0.0672144
0.0384897
0.662
0.662
0.54501
0.589569
0.462286
0.662
0.662
0.662
0.662
0.574259
0.662
0.388887
0.325978
0.426848
0.662
0.662
0.54374
0.662
0.662
0.662
0.356673
0.662
0.415958
0.662
0.031872
0.662
0.2033
0.433973
0.662
0.662
0.662
0.662
0.662
0.662
0.31294
0.662
0.264031
0.0764447
0.412718
0.662
0.119319
0.642194
0.662
0.662
0.662
0.662
0.662
0.662
0.662
0.662
0.119092
0.296498
0.255454
0.0271501
0.662
0.662
0.047887
0.090278
0.662
0.388352
0.662
0.532375
0.106147
0.662
0.662
0.137345
