0.155003
0.662
0.662
0.662
0.302128
0.0518938
0.645699
0.662
0.662
0.434584
0.21226
0.0236879
0.662
0.385132
0.275525
0.440031
0.401744
0.112547
0.662
0.662
0.395109
0.662
0.202035
0.662
0.662
0.662
0.464458
0.264923
0.273544
0.201046
0.662
0.0699804
0.662
0.299805
0.16626
0.662
0.0726968
0.662
0.662
0.0779497
0.662
0.662
0.662
0.662
0.662
0.662
0.227221
0.433283
0.662
0.599386
0.0641708
0.662
0.0620357
0.662
0.662
0.662
0.370069
0.153451
0.662
0.0638115
0.468616
0.636115
0.322513
0.662
0.662
0.662
0.662
0.662
0.662
0.662
0.418229
0.662
0.380059
0.662
0.216135
0.662
0.395483
0.0256355
0.609042
0.196491
0.662
0.21546
0.662
0.662
0.662
0.662
0.662
0.662
0.662
0.628982
0.335786
0.662
0.185176
0.311775
0.123938
0.662
0.662
0.662
0.662
0.662
0.662
0.662
0.662
0.17418
0.662
0.662
0.423567
0.662
0.662
0.662
0.153488
0.120572
0.662
0.662
0.662
0.407131
0.662
0.662
0.662
0.662
0.533033
0.662
0.221082
0.168349
0.662
0.662
0.662
0.662
0.610564
0.662
0.662
0.219141
0.662
0.512406
0.662
0.662
0.511968
0.394765
0.357911
0.468022
0.662
0.662
0.109402
0.662
0.293652
0.362389
0.662
0.0213663
0.662
0.662
0.662
0.19295
0.445465
0.122817
0.135771
0.662
0.306338
0.662
0.662
0.507755
0.283547
0.662
0.662
0.109536
0.465566
0.489285
0.662
0.662
0.662
0.369364
0.294242
0.0529551
0.260615
0.662
0.662
0.405827
0.662
0.161319
0.158391
0.362773
0.662
0.342978
0.423844
0.662
0.662
0.278572
0.319824
0.662
0.662
0.0281948
0.200317
0.662
0.662
0.662
0.662
0.662
0.142278
0.153211
0.396347
0.662
0.23013
0.662
0.00606219
0.662
0.187686
0.662
0.662
0.0882857
0.438845
0.162037
0.142062
0.662
0.590492
0.137552
0.189827
0.662
0.662
0.662
0.0858479
0.662
0.226866
0.309033
0.662
0.662
0.662
0.0566734
0.662
0.235561
0.361397
0.662
0.662
0.662
0.488438
0.662
0.662
0.134308
0.662
0.662
0.162823
0.662
0.662
0.662
0.662
0.321534
0.505313
0.291963
0.349924
0.662
0.662
0.662
0.108166
0.332853
0.662
0.336686
0.21384
0.224972
0.662
0.345754
0.662
0.662
0.417435
0.662
0.250308
0.646555
0.212288
0.298866
0.264272
0.0466457
0.662
0.662
0.300674
0.662
0.504618
0.662
0.662
0.662
0.286469
0.662
0.662
0.307721
0.420938
0.261019
0.189472
0.475426
0.662
0.662
0.662
0.662
0.387537
0.128766
0.147697
0.128204
0.662
0.0614726
0.0701602
0.662
0.102694
0.430063
0.410622
0.392343
0.662
0.662
0.662
0.435084
0.0536408
0.662
0.0920508
0.662
0.662
0.404813
0.264312
0.662
0.327466
0.662
0.662
0.0799275
0.662
0.662
0.662
0.444971
0.662
0.662
0.662
0.289391
0.662
0.662
0.437721
0.2915
0.662
0.163103
0.436244
0.662
0.281711
0.0648505
0.196172
0.0459127
0.662
0.35822
0.662
0.662
0.0877955
0.195054
0.662
0.662
0.662
0.0630365
0.662
0.662
0.662
0.662
0.293219
0.453985
0.662
0.662
0.65874
0.134179
0.480412
0.401089
0.662
0.0667115
0.662
0.662
