0.362606
0.213196
0.344747
0.662
0.485057
0.662
0.320473
0.662
0.0730202
0.358703
0.140397
0.662
0.0570739
0.662
0.00784472
0.345287
0.662
0.571495
0.162581
0.662
0.662
0.662
0.662
0.0860929
0.336352
0.174745
0.0570201
0.168055
0.52973
0.570519
0.131554
0.662
0.662
0.662
0.118746
0.367069
0.459069
0.662
0.13021
0.662
0.662
0.350957
0.662
0.662
0.218006
0.283355
0.662
0.0111872
0.200646
0.24846
0.0190661
0.025965
0.0856594
0.662
0.143036
0.309743
0.662
0.662
0.449765
0.25524
0.142704
0.159356
0.424117
0.38091
0.662
0.454806
0.447843
0.44872
0.662
0.662
0.294367
0.0916911
0.662
0.114944
0.325814
0.10745
0.107981
0.662
0.267644
0.126828
0.387829
0.662
0.662
0.233535
0.320405
0.0735699
0.339155
0.474207
0.662
0.201419
0.0172505
0.662
0.662
0.662
0.662
0.662
0.662
0.334766
0.0895154
0.197672
0.225161
0.662
0.662
0.662
0.662
0.662
0.450011
0.251291
0.50449
0.0663069
0.662
0.662
0.662
0.662
0.662
0.662
0.217048
0.356422
0.532491
0.662
0.192753
0.662
0.408622
0.188856
0.37502
0.662
0.662
0.662
0.662
0.239943
0.417739
0.662
0.662
0.0610158
0.662
0.662
0.662
0.278362
0.23115
0.662
0.662
0.662
0.163947
0.662
0.662
0.148733
0.433315
0.144612
0.232109
0.238036
0.662
0.212183
0.662
0.027516
0.662
0.304055
0.662
0.662
0.090982
0.662
0.662
0.477268
0.662
0.0413927
0.662
0.359995
0.662
0.462451
0.662
0.662
0.309116
0.429663
0.662
0.298192
0.662
0.662
0.662
0.463748
0.216695
0.192276
0.150438
0.662
0.662
0.662
0.662
0.269317
0.020183
0.662
0.13466
0.416666
0.00803559
0.662
0.387466
0.458751
0.584193
0.42197
0.154174
0.662
0.250365
0.472714
0.0665544
0.662
0.662
0.662
0.117939
0.662
0.392738
0.389216
0.662
0.372298
0.209888
0.560706
0.662
0.662
0.271543
0.662
0.662
0.662
0.236842
0.225834
0.662
0.208093
0.190974
0.662
0.662
0.662
0.662
0.662
0.446738
0.662
0.251515
0.21676
0.662
0.662
0.662
0.411118
0.662
0.32182
0.352262
0.662
0.662
0.0898258
0.662
0.662
0.662
0.465843
0.192632
0.240919
0.662
0.219036
0.39359
0.190396
0.662
0.501103
0.327971
0.662
0.662
0.662
0.189231
0.0268418
0.209426
0.662
0.0628193
0.662
0.662
0.389444
0.662
0.662
0.0995353
0.662
0.287032
0.0875812
0.662
0.662
0.662
0.492482
0.662
0.264051
0.662
0.662
0.0155368
0.212416
0.662
0.366349
0.662
0.158157
0.662
0.0448597
0.662
0.662
0.662
0.442755
0.461878
0.662
0.0977486
0.369362
0.0279764
0.662
0.240196
0.310188
0.197961
0.052274
0.266504
0.662
0.447721
0.662
0.399827
0.341427
0.662
0.329518
0.662
0.662
0.397336
0.662
0.662
0.388948
0.662
0.662
0.378835
0.257641
0.662
0.417096
0.418151
0.662
0.662
0.662
0.662
0.662
0.427386
0.335451
0.0459462
0.662
0.177913
0.662
0.526179
0.288033
0.662
0.662
0.490612
0.662
0.369085
0.662
0.662
0.662
0.662
0.662
0.130161
0.662
0.0162636
0.662
0.662
0.662
0.341747
0.662
0.662
0.0418957
0.299321
0.662
0.168697
0.265662
0.127069
0.662
0.662
0.211926
0.370021
0.357255
0.242723
0.385182
0.662
0.206042
0.662
0.342895
0.221231
0.662
0.662
0.109037
0.222183
0.662
0.662
0.662
0.662
0.662
0.662
0.662
0.489513
0.662
0.662
0.504928
0.350734
0.466904
0.411491
0.0223302
0.662
0.449083
0.0950847
0.0373777
0.662
0.662
0.314002
0.553771
0.662
0.662
0.662
0.0190314
0.662
0.18103
0.662
0.662
0.662
0.184696
0.662
0.416906
0.662
0.128081
0.102167
0.662
0.662
0.662
0.170235
0.662
0.32899
0.662
0.662
0.579262
0.662
0.662
0.662
0.36664
0.662
0.662
0.585134
0.662
0.662
0.170199
0.662
0.247533
0.234464
0.662
0.156007
0.662
0.0295896
0.662
0.662
0.453042
0.662
0.125556
0.662
0.318172
0.662
0.211191
0.662
0.333629
0.662
0.662
0.39266
0.662
0.298408
0.662
0.388604
0.402743
0.662
0.574453
0.662
0.5126
0.662
0.662
0.662
0.220116
0.372463
0.662
0.662
0.63339
0.662
0.662
0.662
0.15588
0.381014
0.662
0.154205
0.376785
0.405085
0.662
0.279243
0.662
0.662
0.206129
0.389636
0.662
0.006179
0.662
0.662
0.39921
0.175048
0.475102
0.662
0.223605
0.662
0.018925
0.1126
0.662
0.324519
0.0408532
0.0612775
0.662
0.0595949
0.662
0.662
0.291076
0.433952
0.662
0.308126
0.430657
0.307492
0.112647
0.662
0.393211
0.662
0.662
0.662
0.355203
0.0528248
0.411687
0.662
0.427926
0.662
0.113505
0.240369
0.662
0.0154883
0.190557
0.662
0.662
0.662
0.662
0.283582
0.662
0.662
0.142654
0.00335492
0.662
0.35181
0.225103
0.197739
0.465699
0.662
0.000814664
0.662
0.0614898
0.662
0.662
0.628731
0.662
0.662
0.662
0.662
0.662
0.1964
0.662
0.383523
0.662
0.662
0.154056
0.662
0.300086
0.340697
0.545306
0.440579
0.0234047
0.662
0.662
0.352108
0.46679
0.662
0.662
0.458323
0.662
0.449789
0.662
0.166994
0.113741
0.662
0.662
0.662
0.614677
0.472397
0.662
0.223781
0.662
0.26332
0.662
0.662
0.397196
0.662
0.15797
0.662
0.662
0.14074
0.662
0.662
0.245672
0.231196
0.662
0.662
0.645647
0.434109
0.39587
0.662
0.662
0.662
0.662
0.662
0.662
0.662
