0.662
0.143969
0.662
0.662
0.662
0.662
0.662
0.662
0.200004
0.144802
0.0380024
0.662
0.662
0.264948
0.426194
0.662
0.662
0.521175
0.0359416
0.662
0.662
0.451653
0.306813
0.662
0.190184
0.662
0.567209
0.28436
0.146545
0.276
0.234787
0.3903
0.0402848
0.662
0.662
0.365739
0.662
0.662
0.662
0.160212
0.368115
0.662
0.662
0.238384
0.662
0.0844865
0.662
0.662
0.662
0.167345
0.384691
0.662
0.459298
0.313749
0.662
0.0492382
0.153674
0.662
0.662
0.662
0.472041
0.662
0.297201
0.662
0.186727
0.662
0.662
0.171553
0.181921
0.341178
0.662
0.662
0.662
0.130141
0.662
0.662
0.346994
0.171029
0.0223436
0.662
0.662
0.633694
0.347247
0.0309384
0.192779
0.458129
0.0401762
0.102348
0.662
0.133812
0.0181247
0.662
0.178515
0.662
0.170961
0.662
0.662
0.081583
0.662
0.662
0.344548
0.662
0.662
0.259795
0.662
0.388724
0.662
0.27672
0.662
0.662
0.205181
0.662
0.437079
0.662
0.662
0.265648
0.180969
0.293054
0.134306
0.662
0.310875
0.662
0.662
0.194709
0.662
0.662
0.0876964
0.469314
0.662
0.662
0.662
0.662
0.662
0.00974664
0.662
0.287223
0.437269
0.182634
0.103073
0.300215
0.505715
0.662
0.662
0.471303
0.662
0.662
0.662
0.361414
0.282601
0.131619
0.322219
0.126817
0.662
0.15366
0.353946
0.662
0.534393
0.262013
0.0408546
0.662
0.350733
0.662
0.374537
0.662
0.384064
0.662
0.662
0.662
0.0275009
0.662
0.662
0.654286
0.406515
0.662
0.662
0.662
0.16059
0.662
0.233192
0.0601022
0.662
0.662
0.401698
0.264792
0.152197
0.662
0.478878
0.662
0.662
0.662
0.207003
0.662
0.662
0.662
0.662
0.662
0.662
0.662
0.300446
0.111774
0.263817
0.662
0.176782
0.662
0.0768859
0.662
0.662
0.213184
0.662
0.662
0.662
0.196532
0.651202
0.662
0.476115
0.662
0.356178
0.662
0.63339
0.339315
0.662
0.662
0.662
0.170054
0.400901
0.662
0.662
0.662
0.662
0.11522
0.662
0.470241
0.399555
0.398829
0.0216692
0.662
0.352674
0.372551
0.63339
0.452415
0.662
0.662
0.224615
0.662
0.480669
0.662
0.662
0.662
0.213518
0.662
0.662
0.662
0.662
0.662
0.662
0.662
0.662
0.406267
0.662
0.464551
0.662
0.662
0.662
0.292725
0.118408
0.0162103
0.662
0.662
0.457762
0.662
0.662
0.105845
0.662
0.216768
0.352854
0.662
0.0796812
0.182675
0.662
0.267171
0.662
0.0947569
0.401912
0.108526
0.662
0.662
0.167817
0.310301
0.662
0.19551
0.267848
0.243502
0.662
0.662
0.662
0.662
0.263545
0.279831
0.662
0.662
0.662
0.432738
0.4692
0.339419
0.367653
0.662
0.0186883
0.461913
0.662
0.662
0.662
0.260507
0.662
0.662
0.662
0.662
0.373057
0.662
0.145143
0.0578664
0.662
0.662
0.288212
0.308489
0.265205
0.662
0.242708
0.662
0.662
0.165195
0.273521
0.662
0.662
0.252432
0.36908
0.662
0.419302
0.662
0.662
0.662
0.216317
0.468984
0.103261
0.662
0.662
0.662
0.662
0.662
0.662
0.210995
0.241029
0.662
0.662
0.317951
0.662
0.125475
0.390639
0.463448
0.414202
0.662
0.662
0.496392
0.448622
0.430584
0.662
0.434226
0.662
0.260317
0.246189
0.3368
0.249447
0.455369
0.206415
0.330254
0.389388
0.122705
0.214513
0.191444
0.662
0.365329
0.364222
0.662
0.16912
0.662
0.662
0.505223
0.662
0.662
0.662
0.662
0.662
0.00452403
0.662
0.598366
0.662
0.459512
0.662
0.385469
0.662
0.112696
0.438591
0.662
0.241618
0.226012
0.662
0.444572
0.662
0.662
0.662
0.13197
0.662
0.0781698
0.662
0.236412
0.662
0.662
0.662
0.662
0.471619
0.467713
0.662
0.662
0.194684
0.662
0.418801
0.662
0.662
0.662
0.662
0.28412
0.662
0.0617291
0.189502
0.662
0.662
0.662
0.561738
0.662
0.339708
0.105863
0.323528
0.0991294
0.662
0.662
0.498899
0.662
0.205788
0.0489055
0.601704
0.662
0.662
0.225458
0.338279
0.662
0.0614105
0.413478
0.155532
0.115565
0.662
0.232738
0.426855
0.201189
0.363619
0.662
0.662
0.0779219
0.662
0.0701752
0.662
0.296667
0.0556332
0.662
0.567615
0.301799
0.662
0.662
0.662
0.387136
0.113373
0.0178964
0.363413
0.662
0.662
0.662
0.662
0.265608
0.382956
0.347506
0.234705
0.201085
0.662
0.107939
0.662
0.413247
0.662
0.313473
0.662
0.662
0.127185
0.662
0.445374
0.524317
0.355371
0.662
0.167655
0.0336777
0.0589674
0.420161
0.289312
0.662
0.653065
0.272317
0.662
0.0995482
0.662
0.235537
0.662
0.240595
0.130976
0.146729
0.427983
0.107235
0.662
0.611122
0.359321
0.29892
0.304604
0.662
0.662
0.290662
0.662
0.662
0.0105791
0.662
0.323553
0.662
0.000508679
0.662
0.662
0.662
0.239823
0.0528466
0.327773
0.190417
0.662
0.662
0.0446606
0.662
0.043334
0.388184
0.662
0.382465
0.458023
0.23604
0.455401
0.662
0.662
0.150545
0.152299
0.662
0.662
0.0172496
0.493566
0.662
0.662
0.662
0.0654634
0.197807
0.59732
0.662
0.470651
0.662
0.423597
0.662
0.662
0.662
0.662
0.243769
0.662
0.662
