0.662
0.662
0.662
0.662
0.210868
0.35808
0.662
0.369586
0.662
0.0880775
0.484624
0.662
0.662
0.662
0.309523
0.662
0.444185
0.357574
0.240645
0.475988
0.00850411
0.149313
0.662
0.184932
0.421146
0.662
0.212763
0.662
0.403821
0.662
0.662
0.662
0.662
0.587784
0.662
0.430162
0.260615
0.416557
0.662
0.662
0.662
0.662
0.230957
0.475915
0.662
0.662
0.662
0.0735011
0.343525
0.0260216
0.168349
0.536026
0.120828
0.109402
0.662
0.461132
0.124109
0.662
0.553827
0.337966
0.0466457
0.357018
0.662
0.253971
0.468022
0.197321
0.662
0.202437
0.21554
0.662
0.416916
0.662
0.662
0.049247
0.662
0.662
0.662
0.662
0.662
0.11033
0.662
0.0779497
0.287283
0.662
0.440373
0.662
0.424999
0.377204
0.662
0.662
0.394755
0.290646
0.559701
0.662
0.240551
0.662
0.662
0.662
0.662
0.662
0.234558
0.261099
0.091378
0.662
0.662
0.662
0.662
0.662
0.0702158
0.662
0.0116149
0.662
0.662
0.3835
0.662
0.0355145
0.662
0.662
0.0361295
0.227233
0.075785
0.464738
0.662
0.662
0.662
0.273636
0.662
0.630525
0.207377
0.662
0.662
0.22931
0.466064
0.662
0.662
0.453752
0.662
0.340298
0.21711
0.662
0.305596
0.662
0.115066
0.200715
0.662
0.209331
0.255191
0.482326
0.0229505
0.662
0.444594
0.662
0.381767
0.622247
0.662
0.662
0.662
0.0904394
0.662
0.343653
0.662
0.662
0.511266
0.662
0.196387
0.662
0.662
0.472969
0.408239
0.662
0.480363
0.662
0.662
0.390405
0.662
0.0106766
0.662
0.186292
0.426818
0.662
0.662
0.0266343
0.210166
0.662
0.662
0.327317
0.441589
0.313356
0.281757
0.662
0.662
0.662
0.662
0.302128
0.0806387
0.662
0.662
0.453985
0.662
0.662
0.152626
0.662
0.416231
0.662
0.452867
0.662
0.453701
0.662
0.459744
0.470873
0.662
0.464839
0.662
0.457079
0.662
0.345916
0.662
0.662
0.397246
0.333604
0.662
0.662
0.662
0.662
0.0794888
0.662
0.662
0.662
0.662
0.499952
0.662
0.383032
0.295821
0.322226
0.662
0.188191
0.662
0.662
0.4015
0.662
0.476134
0.662
0.662
0.662
0.158391
0.0304713
0.163103
0.662
0.0985618
0.662
0.662
0.662
0.662
0.372875
0.31936
0.662
0.108166
0.662
0.447037
0.662
0.23843
0.662
0.454153
0.662
0.135771
0.605095
0.662
0.662
0.307001
0.252667
0.217756
0.537098
0.662
0.260284
0.662
0.045673
0.662
0.257596
0.297966
0.276504
0.662
0.662
0.662
0.662
0.473232
0.154303
0.662
0.107834
0.085694
0.0364661
0.662
0.662
0.0975367
0.662
0.662
0.662
0.662
0.662
0.662
0.662
0.662
0.662
0.30252
0.662
0.298788
0.662
0.171208
0.220855
0.662
0.662
0.555041
0.662
0.662
0.227325
0.109536
0.662
0.082242
0.219683
0.662
0.136791
0.283047
0.662
0.662
0.0626086
0.662
0.662
0.218097
0.108139
0.255147
0.662
0.326915
0.662
0.662
0.173428
0.180352
0.662
0.662
0.662
0.662
0.386852
0.408027
0.310935
0.649754
0.662
0.662
0.662
0.0295682
0.662
0.662
0.389117
0.662
0.0719594
0.381785
0.662
0.662
0.0877955
0.402197
0.04046
0.662
0.188289
0.662
0.284712
0.212231
0.0697023
0.662
0.056231
0.662
0.662
0.662
0.440632
0.662
0.23404
0.662
0.662
0.662
0.662
0.662
0.662
0.605127
0.159804
0.436244
0.220245
0.271672
0.201046
0.201255
0.246861
0.662
0.387042
0.662
0.662
0.445465
0.662
0.270766
0.662
0.512244
0.192189
0.222311
0.662
0.662
0.134308
0.662
0.444866
0.186266
0.662
0.662
0.662
0.328505
0.662
0.0576641
