0.662
0.403231
0.662
0.45743
0.662
0.662
0.206419
0.253375
0.216792
0.662
0.0204576
0.425149
0.662
0.225448
0.143006
0.662
0.662
0.155938
0.515935
0.149416
0.662
0.398932
0.662
0.662
0.662
0.662
0.242661
0.472675
0.662
0.540273
0.102262
0.662
0.293579
0.662
0.662
0.219897
0.238859
0.662
0.131885
0.0175764
0.662
0.362928
0.0985774
0.037885
0.662
0.415095
0.662
0.184788
0.153988
0.662
0.662
0.40464
0.294052
0.662
0.662
0.297235
0.136694
0.662
0.000482921
0.0775895
0.662
0.662
0.11407
0.0424564
0.255603
0.354312
0.662
0.508908
0.236244
0.122046
0.0542404
0.14365
0.328547
0.319585
0.662
0.662
0.662
0.662
0.0349821
0.662
0.662
0.0717522
0.598442
0.662
0.227805
0.317672
0.523449
0.352302
0.662
0.222857
0.525211
0.662
0.662
0.279951
0.223642
0.0416429
0.490837
0.662
0.433775
0.337323
0.662
0.662
0.662
0.148238
0.662
0.483023
0.662
0.350415
0.662
0.662
0.662
0.470236
0.662
0.0328131
0.327981
0.0473148
0.662
0.662
0.442485
0.662
0.507405
0.662
0.20578
0.662
0.662
0.662
0.177901
0.662
0.662
0.662
0.42267
0.662
0.662
0.245391
0.28449
0.173472
0.514587
0.662
0.294473
0.568434
0.279251
0.310681
0.662
0.219783
0.452043
0.303544
0.227264
0.662
0.454618
0.256912
0.662
0.662
0.662
0.662
0.662
0.662
0.662
0.236343
0.662
0.202611
0.260077
0.662
0.662
0.375312
0.662
0.454149
0.033501
0.662
0.287139
0.0220452
0.112808
0.662
0.662
0.250197
0.662
0.662
0.0479847
0.662
0.114154
0.662
0.662
0.33324
0.189173
0.662
0.115941
0.662
0.662
0.662
0.662
0.662
0.238646
0.409686
0.112036
0.662
0.294165
0.662
0.448511
0.662
0.662
0.662
0.662
0.662
0.662
0.399161
0.0697272
0.40815
0.662
0.534594
0.102818
0.148302
0.0199133
0.0964967
0.662
0.662
0.662
0.662
0.662
0.662
0.416531
0.662
0.0864196
0.662
0.662
0.384272
0.0522035
0.225125
0.0524721
0.662
0.199228
0.325479
0.662
0.662
0.662
0.662
0.662
0.662
0.357827
0.127983
0.46729
0.662
0.662
0.662
0.225508
0.662
0.662
0.662
0.662
0.662
0.662
0.403047
0.500891
0.662
0.662
0.662
0.192837
0.400255
0.40188
0.662
0.552509
0.662
0.511956
0.186073
0.0580038
0.662
0.0665399
0.255125
0.644348
0.662
0.18403
0.662
0.662
0.49737
0.662
0.662
0.662
0.496758
0.190541
0.0254493
0.662
0.662
0.662
0.662
0.429066
0.466751
0.127931
0.308309
0.465939
0.16546
0.662
0.662
0.0974545
0.662
0.662
0.3651
0.662
0.662
0.662
0.662
0.662
0.0345
0.662
0.351992
0.662
0.37794
0.0287814
0.112348
0.424809
0.662
0.142116
0.0939108
0.662
0.0512045
0.474585
0.436437
0.662
0.21225
0.662
0.144475
0.151023
0.176484
0.662
0.386872
0.650961
0.136558
0.662
0.354142
0.360614
0.160721
0.662
0.662
0.662
0.662
0.191301
0.356727
0.165587
0.438929
0.324169
0.662
0.662
0.662
0.662
0.662
0.414373
0.662
0.662
0.0528804
0.662
0.662
0.558111
0.486168
0.662
0.0633925
0.192068
0.662
0.662
0.473823
0.662
0.662
0.662
0.662
0.662
0.383397
0.662
0.662
0.436987
0.662
0.662
0.662
0.662
0.00167387
0.0433755
0.0436717
0.22953
0.662
0.662
0.158131
0.662
0.662
0.662
0.382911
0.151752
0.662
0.220983
0.662
0.35751
0.487257
0.197483
0.378647
0.0476855
0.662
0.662
0.662
0.662
0.662
0.662
0.662
0.662
0.123689
0.662
0.434812
0.421336
0.662
0.662
0.204972
0.335374
0.662
0.662
0.427985
0.134276
0.662
0.31769
0.427022
0.0902583
0.134664
0.662
0.052343
0.662
0.662
0.662
0.662
0.503106
0.662
0.662
0.468887
0.662
0.662
0.662
0.662
0.633694
0.662
0.256228
0.07758
0.662
0.662
0.662
0.300455
0.312819
0.662
0.0932697
0.662
0.662
0.662
0.341878
0.416222
0.662
0.443526
0.662
0.454431
0.279845
0.662
0.354335
0.11017
0.662
0.403373
0.662
0.147449
0.662
0.180192
0.662
0.662
0.662
0.237203
0.662
0.662
0.403417
0.662
0.335188
0.297093
0.203854
0.236691
0.662
0.662
0.379288
0.662
0.662
0.558672
0.193173
0.662
0.254352
0.662
0.369686
0.441601
0.662
0.0276927
0.022478
0.288017
0.662
0.190968
0.662
0.0786614
0.662
0.662
0.662
0.662
0.662
0.166057
0.363788
0.245517
0.416969
0.662
0.662
0.447583
0.662
0.662
0.042276
0.541601
0.463204
0.662
0.391301
0.251809
0.193479
0.662
0.662
0.475485
0.25372
0.200041
0.259345
0.662
0.662
0.315203
0.662
0.662
0.662
0.158984
0.37388
0.662
0.33509
0.189514
0.662
0.662
0.662
0.662
0.0587596
0.113239
0.437092
0.0477503
0.662
0.475284
0.662
0.286711
0.662
0.662
0.662
0.0535451
0.662
0.662
0.623778
0.662
0.075308
0.662
0.206172
0.231829
0.662
0.662
0.662
0.662
0.219575
0.662
0.0339588
0.662
0.0298758
0.265395
0.160296
0.662
0.549202
0.0140811
0.366318
0.662
0.22797
0.662
0.662
0.0757176
0.198586
0.184069
0.459709
0.196052
0.08257
0.177536
0.465512
0.662
0.0308756
0.662
0.445637
0.662
0.335586
0.662
0.314152
0.662
0.187924
0.662
0.662
0.257848
0.662
0.662
0.662
0.662
