0.234478
0.662
0.428978
0.26141
0.126747
0.662
0.662
0.108586
0.662
0.662
0.662
0.0789551
0.45574
0.662
0.1564
0.202996
0.662
0.437972
0.662
0.114005
0.662
0.662
0.0451344
0.399581
0.662
0.439091
0.0425139
0.662
0.662
0.662
0.413805
0.662
0.662
0.662
0.662
0.14401
0.662
0.662
0.662
0.115013
0.0519734
0.0175275
0.390653
0.623442
0.662
0.198951
0.662
0.662
0.662
0.662
0.332867
0.662
0.662
0.662
0.10921
0.662
0.0665535
0.347934
0.253559
0.442562
0.376158
0.463623
0.662
0.0122015
0.662
0.662
0.116231
0.0657805
0.662
0.511677
0.662
0.662
0.662
0.662
0.0638656
0.662
0.662
0.331783
0.464848
0.337574
0.662
0.456115
0.662
0.274242
0.662
0.662
0.34819
0.364667
0.230633
0.662
0.0945841
0.361832
0.662
0.137997
0.662
0.662
0.346182
0.662
0.294363
0.662
0.0905091
0.662
0.0297537
0.419064
0.662
0.601943
0.633695
0.331688
0.183728
0.350407
0.662
0.662
0.662
0.662
0.662
0.44733
0.292963
0.662
0.662
0.440772
0.120271
0.662
0.662
0.662
0.0178085
0.0520075
0.662
0.662
0.287518
0.197324
0.276404
0.662
0.475136
0.662
0.559244
0.483063
0.45001
0.00424886
0.662
0.270461
0.662
0.162812
0.215424
0.662
0.294094
0.662
0.662
0.662
0.0914439
0.662
0.662
0.228603
0.662
0.243684
0.232054
0.662
0.175307
0.460391
0.662
0.39814
0.123031
0.0092449
0.662
0.303682
0.0277076
0.662
0.632469
0.228265
0.662
0.0709442
0.462694
0.662
0.662
0.662
0.446113
0.662
0.262816
0.662
0.0147245
0.662
0.662
0.10228
0.662
0.260699
0.662
0.408915
0.384955
0.202439
0.662
0.662
0.136187
0.662
0.569887
0.176191
0.0315902
0.232131
0.277841
0.662
0.662
0.0591116
0.662
0.014217
0.199704
0.662
0.662
0.150354
0.662
0.643163
0.223998
0.325284
0.662
0.259975
0.662
0.662
0.662
0.242837
0.650995
0.481877
0.309495
0.0388334
0.474109
0.125952
0.321354
0.662
0.601004
0.662
0.662
0.662
0.268241
0.411934
0.3733
0.662
0.662
0.662
0.662
0.156431
0.662
0.457426
0.160318
0.348515
0.662
0.662
0.0769244
0.168148
0.662
0.662
0.354536
0.662
0.662
0.662
0.662
0.0383762
0.326813
0.662
0.662
0.662
0.662
0.662
0.662
0.441247
0.0476179
0.662
0.47511
0.662
0.662
0.662
0.662
0.172375
0.662
0.210971
0.0710325
0.131406
0.129666
0.349706
0.662
0.453397
0.662
0.662
0.30753
0.508502
0.662
0.662
0.662
0.398073
0.203997
0.012878
0.662
0.0975131
0.662
0.662
0.360398
0.662
0.662
0.149399
0.233749
0.290599
0.453201
0.662
0.662
0.0415477
0.662
0.43243
0.368954
0.253251
0.662
0.662
0.662
0.344004
0.662
0.274263
0.662
0.483513
0.662
0.662
0.376543
0.238638
0.280747
0.662
0.341864
0.542214
0.365523
0.251142
0.295794
0.662
0.662
0.662
0.662
0.662
0.662
0.197379
0.355101
0.109195
0.662
0.454777
0.662
0.662
0.662
0.662
0.662
0.28705
0.384066
0.662
0.163899
0.00158817
0.335453
0.662
0.417879
0.410968
0.662
0.408235
0.662
0.662
0.662
0.0970061
0.662
0.662
0.662
0.662
0.581794
0.205294
0.662
0.232335
0.290563
0.662
0.662
0.210116
0.614341
0.33538
0.437409
0.662
0.662
0.187833
0.572141
0.662
0.662
0.356012
0.464318
0.662
0.346524
0.48925
0.662
0.462497
0.0135764
0.662
0.662
0.32412
0.449332
0.662
0.662
0.662
0.662
0.662
0.449935
0.393858
0.662
0.385696
0.662
0.610699
0.662
0.662
0.662
0.282945
0.60734
0.662
0.172558
0.264154
0.42908
0.136242
0.662
0.662
0.00501712
0.484592
0.171485
0.662
0.662
0.19175
0.662
0.44862
0.662
0.0613513
0.662
0.662
0.468639
0.255165
0.662
0.0874573
0.314678
0.245128
0.251209
0.429552
0.662
0.102436
0.662
0.394664
0.0452667
0.662
0.22826
0.662
0.320998
0.014646
0.131952
0.662
0.662
0.167492
0.662
0.662
0.273224
0.662
0.172494
0.317463
0.455081
0.662
0.131806
0.662
0.448238
0.662
0.149822
0.274119
0.417878
0.464426
0.662
0.662
0.662
0.0869962
0.662
0.662
0.662
0.662
0.276424
0.15482
0.662
0.662
0.211481
0.662
0.662
0.662
0.662
0.298533
0.385277
0.38443
0.662
0.464992
0.662
0.353205
0.662
0.0159462
0.17173
0.662
0.365886
0.307794
