0.322226
0.436244
0.186266
0.662
0.662
0.440632
0.662
0.397246
0.662
0.0481234
0.344154
0.662
0.662
0.662
0.662
0.0466457
0.138598
0.662
0.662
0.662
0.662
0.369364
0.145088
0.662
0.454105
0.662
0.00282784
0.475875
0.662
0.387571
0.662
0.662
0.416916
0.0517069
0.403821
0.662
0.662
0.161326
0.662
0.662
0.662
0.662
0.662
0.662
0.00590343
0.444971
0.418524
0.134308
0.0975367
0.662
0.322396
0.177907
0.662
0.662
0.662
0.662
0.662
0.271672
0.662
0.662
0.662
0.404813
0.662
0.452166
0.662
0.163103
0.662
0.580862
0.662
0.662
0.260615
0.662
0.218767
0.410076
0.662
0.0265323
0.343653
0.662
0.662
0.343525
0.662
0.249915
0.219513
0.662
0.662
0.662
0.662
0.345916
0.443431
0.468022
0.662
0.662
0.293652
0.0778992
0.662
0.662
0.475915
0.662
0.464839
0.174852
0.662
0.662
0.662
0.159804
0.0727455
0.662
0.424999
0.662
0.662
0.185176
0.662
0.662
0.662
0.314357
0.662
0.0513332
0.333132
0.452867
0.662
0.0614726
0.0779497
0.662
0.662
0.662
0.193426
0.406932
0.622247
0.549458
0.403499
0.376085
0.662
0.662
0.662
0.385994
0.091378
0.461136
0.0024889
0.662
0.662
0.201255
0.307001
0.662
0.205479
0.337533
0.662
0.662
0.444185
0.297966
0.662
0.662
0.662
0.0649719
0.662
0.0398264
0.310459
0.159821
0.662
0.662
0.662
0.119929
0.115125
0.142749
0.662
0.662
0.662
0.122817
0.293532
0.662
0.662
0.662
0.662
0.115066
0.662
0.662
0.662
0.448484
0.662
0.201083
0.662
0.219683
0.662
0.662
0.662
0.470873
0.662
0.662
0.201046
0.662
0.662
0.662
0.109536
0.662
0.662
0.192994
0.662
0.662
0.550707
0.196997
0.662
0.662
0.173428
0.162823
0.662
0.662
0.357574
0.276504
0.282833
0.23843
0.662
0.662
0.662
0.662
0.298866
0.225982
0.662
0.145379
0.662
0.297601
0.662
0.662
0.453985
0.605095
0.662
0.662
0.0236879
0.281757
0.540554
0.158391
0.662
0.404897
0.110039
0.00325062
0.31118
0.662
0.16626
0.0229505
0.662
0.662
0.42401
0.147697
0.119605
0.662
0.379929
0.020305
0.464738
0.662
0.46237
0.430993
0.438185
0.286444
0.649754
0.662
0.662
0.274726
0.662
0.0630365
0.273264
0.23557
0.662
0.662
0.200715
0.20049
0.302128
0.662
0.246861
0.591585
0.575212
0.662
0.356763
0.337464
0.662
0.219245
0.340298
0.662
0.662
0.196491
0.377204
0.662
0.0317051
0.662
0.662
0.629706
0.662
0.662
0.0361295
0.290646
0.379635
0.133959
0.662
0.444866
0.662
0.662
0.662
0.468001
0.428526
0.662
0.430272
0.662
0.662
0.662
0.302373
0.662
0.662
0.662
0.662
0.662
0.559701
0.662
0.0648229
0.120572
0.662
0.22931
0.662
0.662
0.662
0.04046
0.370509
0.662
0.662
0.30066
0.662
0.35137
0.662
0.4015
0.662
0.207884
0.662
0.451506
0.410474
0.174178
0.662
0.209331
0.295473
0.472969
0.662
0.662
0.662
0.662
0.533114
0.662
0.234558
0.309033
0.662
0.253971
0.186292
0.662
0.085694
0.662
0.555041
0.136791
0.196172
0.662
0.386852
0.466064
0.587784
0.662
0.0116149
0.662
0.334385
0.219141
0.479498
0.00850411
0.662
0.662
0.154647
0.0877955
0.662
0.662
0.662
0.662
0.662
0.662
0.662
0.252997
0.662
0.662
0.383626
