0.27047
0.26487
0.662
0.325164
0.662
0.478416
0.662
0.374941
0.662
0.662
0.662
0.502061
0.662
0.421567
0.255275
0.392485
0.110809
0.662
0.662
0.662
0.662
0.662
0.662
0.171191
0.208535
0.504925
0.662
0.149822
0.662
0.662
0.662
0.662
0.225662
0.662
0.401716
0.207377
0.194974
0.244028
0.373618
0.662
0.662
0.262063
0.393983
0.0215848
0.662
0.444153
0.662
0.662
0.1564
0.662
0.662
0.171829
0.662
0.662
0.131952
0.273268
0.662
0.00568804
0.261792
0.356648
0.662
0.22882
0.662
0.443564
0.662
0.662
0.662
0.662
0.662
0.662
0.247656
0.662
0.232879
0.361091
0.357214
0.662
0.662
0.662
0.217756
0.274242
0.204287
0.065771
0.390651
0.337179
0.489343
0.257494
0.662
0.124179
0.205484
0.662
0.662
0.662
0.252667
0.449582
0.662
0.359636
0.662
0.662
0.345568
0.0724555
0.662
0.662
0.267782
0.662
0.406898
0.0994658
0.662
0.229342
0.662
0.662
0.662
0.29282
0.250162
0.25584
0.662
0.286329
0.202439
0.212244
0.662
0.0186602
0.297601
0.287162
0.446576
0.462511
0.00850411
0.218026
0.662
0.486645
0.662
0.662
0.662
0.662
0.662
0.526666
0.44646
0.662
0.350672
0.168219
0.662
0.205816
0.322107
0.369586
0.10387
0.662
0.380523
0.0520638
0.270259
0.0372565
0.452077
0.279346
0.446464
0.662
0.259474
0.0834882
0.662
0.662
0.662
0.283031
0.400614
0.452849
0.662
0.662
0.662
0.250745
0.255231
0.427575
0.662
0.128813
0.662
0.662
0.19106
0.662
0.662
0.662
0.662
0.662
0.662
0.662
0.496761
0.32874
0.377114
0.00448418
0.343759
0.662
0.191861
0.442365
0.662
0.662
0.662
0.662
0.298811
0.662
0.633694
0.662
0.662
0.662
0.662
0.662
0.662
0.662
0.128155
0.662
0.662
0.662
0.662
0.317139
0.112255
0.12245
0.662
0.197909
0.120852
0.662
0.330994
0.662
0.662
0.662
0.662
0.662
0.662
0.329546
0.662
0.478006
0.284947
0.410458
0.172558
0.662
0.662
0.662
0.662
0.662
0.662
0.143489
0.662
0.496863
0.662
0.201255
0.662
0.331018
0.662
0.0530193
0.662
0.662
0.662
0.662
0.243128
0.144101
0.483112
0.287681
0.236711
0.309523
0.662
0.662
0.662
0.662
0.157021
0.662
0.640559
0.456223
0.662
0.339726
0.473232
0.662
0.288594
0.632029
0.662
0.662
0.662
0.662
0.662
0.662
0.662
0.649103
0.662
0.0991475
0.662
0.633694
0.153652
0.662
0.288242
0.317879
0.0120033
0.662
0.662
0.662
0.042666
0.386865
0.0735717
0.662
0.506457
0.662
0.662
0.32169
0.339739
0.662
0.662
0.572531
0.662
0.662
0.662
0.662
0.405961
0.345502
0.662
0.662
0.662
0.662
0.662
0.0682708
0.662
0.279417
0.662
0.662
0.662
0.662
0.662
0.662
0.375778
0.662
0.280372
0.26301
0.662
0.662
0.400423
0.662
0.662
0.381095
0.487434
0.292275
0.103748
0.662
0.393645
0.662
0.662
0.103183
0.289378
0.123256
0.534993
0.662
0.122234
0.662
0.662
0.0274713
0.437109
0.0423792
0.135851
0.0405355
0.662
0.125539
0.612638
0.030925
0.633586
0.662
0.147437
0.662
0.0851753
0.662
0.662
0.330217
0.483826
0.213535
0.0459342
0.584119
0.436591
0.662
0.437906
0.662
0.37507
0.265467
0.662
0.44832
0.426568
0.662
0.177027
0.252102
0.662
0.662
0.0943889
0.379959
0.115595
0.662
0.662
0.231616
0.223902
0.662
0.662
0.551637
0.464094
0.662
0.662
0.0576641
0.227165
0.0277561
0.299165
0.662
0.0702126
0.227161
0.156264
0.130607
0.662
0.592423
0.217991
0.662
0.220266
0.277753
0.308607
0.662
0.662
0.662
0.216019
0.417985
0.662
0.662
0.662
0.328149
0.390358
0.662
0.182557
0.378953
0.448238
0.662
0.662
0.662
0.0446941
0.662
0.662
0.394055
0.662
0.662
0.314054
0.662
0.0805912
0.662
0.662
0.662
0.27855
0.662
0.662
0.333111
0.662
0.662
0.662
0.662
0.662
0.662
0.662
0.161335
0.218263
0.662
0.163853
0.662
0.662
0.144469
0.662
0.662
0.662
0.463889
0.0305289
0.224336
0.226299
0.662
0.662
0.584651
0.11978
0.662
0.161316
0.662
0.380641
0.662
0.662
0.118238
