0.63339
0.662
0.662
0.364667
0.662
0.0106274
0.662
0.251209
0.662
0.662
0.230338
0.0994846
0.662
0.662
0.662
0.662
0.662
0.662
0.274263
0.0871743
0.117689
0.420758
0.431881
0.0452667
0.662
0.662
0.662
0.662
0.662
0.662
0.265266
0.134616
0.448626
0.332867
0.662
0.204213
0.662
0.303682
0.353205
0.662
0.662
0.348515
0.0122015
0.662
0.662
0.633695
0.662
0.232335
0.191657
0.419897
0.662
0.662
0.662
0.0994205
0.109728
0.662
0.397282
0.662
0.268241
0.437409
0.0127285
0.19175
0.662
0.662
0.662
0.662
0.197379
0.159487
0.662
0.22826
0.662
0.115013
0.373632
0.0678493
0.437972
0.0728214
0.33538
0.485507
0.441247
0.342637
0.0945841
0.223998
0.265608
0.662
0.662
0.317074
0.240982
0.662
0.662
0.662
0.662
0.241946
0.203455
0.287838
0.662
0.662
0.198062
0.218592
0.34819
0.204593
0.319852
0.263043
0.496289
0.368954
0.160318
0.662
0.569887
0.662
0.0799947
0.29743
0.642827
0.662
0.662
0.662
0.388908
0.341864
0.662
0.662
0.48925
0.662
0.662
0.440772
0.268986
0.662
0.662
0.662
0.0664416
0.294094
0.167105
0.361832
0.662
0.662
0.662
0.662
0.662
0.44733
0.662
0.601004
0.662
0.203213
0.279495
0.208824
0.662
0.662
0.42908
0.662
0.662
0.0147245
0.211596
0.662
0.031287
0.127471
0.00291313
0.403224
0.0710325
0.410706
0.325679
0.195732
0.662
0.662
0.662
0.0456792
0.662
0.374715
0.390596
0.662
0.662
0.413805
0.131836
0.662
0.425295
0.662
0.662
0.232054
0.453201
0.662
0.353102
0.483513
0.662
0.0654755
0.00158817
0.0657805
0.662
0.662
0.354248
0.14305
0.662
0.662
0.662
0.662
0.0709442
0.662
0.662
0.662
0.662
0.662
0.317463
0.394664
0.0467642
0.662
0.662
0.572141
0.662
0.662
0.662
0.662
0.324113
0.440841
0.662
0.307794
0.326813
0.662
0.417878
0.474109
0.210116
0.445098
0.662
0.662
0.662
0.143397
0.662
0.662
0.662
0.662
0.205294
0.662
0.100569
0.662
0.429331
0.429301
0.662
0.662
0.662
0.662
0.662
0.242837
0.45574
0.307161
0.333531
0.475136
0.662
0.0304195
0.504337
0.374671
0.662
0.662
0.662
0.462497
0.662
0.32102
0.172494
0.662
0.662
0.662
0.259975
0.662
0.662
0.112225
0.37241
0.662
0.321354
0.662
0.53804
0.116689
0.642725
0.256561
0.578014
0.354367
0.662
0.662
0.662
0.380229
0.102806
0.662
0.662
0.290599
0.662
0.199793
0.484592
0.662
0.0638656
0.662
0.662
0.0314155
0.662
0.662
0.0617617
0.230062
0.662
0.357981
0.0519734
0.662
0.662
0.662
0.0664996
0.28865
0.662
0.662
0.540246
0.662
0.453303
0.662
0.136517
0.542214
0.0698636
0.601637
0.410755
0.118613
0.662
0.101825
0.253251
0.250489
0.281404
0.370525
0.428978
0.662
0.662
0.389413
0.662
0.662
0.270461
0.371816
0.662
0.662
0.416257
0.410968
0.246211
0.662
0.662
0.662
0.662
0.662
0.662
0.662
0.662
0.662
0.662
0.511677
0.662
0.662
0.257896
0.662
0.662
0.474321
0.0252274
0.662
0.168148
0.156431
0.662
0.662
0.470873
0.578349
0.662
0.486957
0.356342
0.662
0.522771
0.662
0.662
0.662
0.662
0.662
0.662
0.149729
0.273224
0.0711669
0.662
0.226335
0.218588
0.662
0.662
0.290563
0.662
0.662
0.3733
0.0914439
0.25182
0.662
0.0171956
0.662
0.662
0.395066
0.320709
0.489821
0.185119
0.662
0.662
0.662
0.662
0.0743927
0.662
0.662
0.662
0.477043
0.450114
0.429552
0.483063
0.662
0.614341
0.662
0.436507
0.662
0.662
0.662
0.234362
0.0562996
0.662
0.439091
0.662
0.255165
0.350407
0.662
0.39814
0.129666
0.365325
0.662
0.388976
0.108586
0.395113
0.650995
0.374841
0.428239
0.662
0.427439
0.662
0.662
0.662
0.662
0.210971
0.453397
0.662
0.388155
0.0966576
0.662
0.662
0.214824
0.662
0.662
0.534157
0.00769412
0.662
0.662
0.662
0.165374
0.131806
0.662
0.662
0.662
0.137997
0.662
0.222945
0.245128
0.662
0.284874
0.662
0.391198
0.216324
0.662
0.0987302
0.385393
0.662
0.309325
0.662
0.354536
0.662
0.662
0.308003
0.662
0.14633
0.662
0.0664449
0.662
0.130975
0.662
0.0599682
0.292963
0.249227
0.064402
0.282138
0.662
0.662
0.662
0.464992
0.344257
0.662
0.662
0.338351
0.662
0.310003
0.662
0.211481
0.38443
0.662
0.662
0.241026
0.363567
0.319061
0.662
0.662
0.133477
0.662
0.662
0.662
0.197324
0.199704
0.662
0.452475
0.187833
0.26141
0.662
0.0125215
0.417291
0.662
