0.572141
0.0297537
0.662
0.662
0.47511
0.662
0.428978
0.662
0.112796
0.662
0.210411
0.662
0.179395
0.464318
0.394664
0.662
0.280747
0.0122015
0.662
0.662
0.187554
0.662
0.662
0.662
0.662
0.662
0.339442
0.210116
0.0147245
0.662
0.662
0.662
0.0388334
0.662
0.662
0.662
0.317939
0.662
0.246885
0.662
0.662
0.662
0.662
0.662
0.25584
0.194316
0.216381
0.662
0.662
0.332867
0.185088
0.223998
0.159487
0.17173
0.126747
0.662
0.183728
0.198951
0.0178085
0.662
0.337574
0.353833
0.662
0.167694
0.595949
0.22826
0.197008
0.353205
0.662
0.348515
0.662
0.134129
0.287329
0.210971
0.662
0.365523
0.662
0.662
0.662
0.481877
0.662
0.662
0.331688
0.413805
0.0638656
0.662
0.0092449
0.484592
0.439091
0.00501712
0.353134
0.662
0.457426
0.10921
0.148888
0.650995
0.129666
0.662
0.662
0.662
0.412253
0.542214
0.385611
0.123031
0.662
0.662
0.075007
0.662
0.662
0.384066
0.209212
0.184491
0.403189
0.662
0.468874
0.29608
0.298166
0.662
0.371904
0.662
0.662
0.0975131
0.167492
0.230336
0.662
0.0153845
0.279053
0.495013
0.662
0.614341
0.662
0.1564
0.0695514
0.662
0.662
0.114005
0.662
0.266504
0.322274
0.34819
0.662
0.394228
0.464064
0.662
0.48925
0.559751
0.662
0.136187
0.662
0.662
0.197324
0.662
0.324113
0.160318
0.662
0.353393
0.385696
0.44862
0.137149
0.662
0.203347
0.662
0.662
0.662
0.662
0.662
0.662
0.662
0.662
0.075386
0.662
0.137997
0.178126
0.0315902
0.350407
0.325284
0.483063
0.662
0.464848
0.662
0.273224
0.475136
0.0489313
0.662
0.662
0.662
0.0520075
0.287518
0.662
0.115013
0.0168709
0.342939
0.662
0.292963
0.662
0.662
0.662
0.662
0.612203
0.662
0.662
0.662
0.662
0.38443
0.662
0.662
0.662
0.014646
0.662
0.596404
0.662
0.662
0.662
0.0724555
0.662
0.187833
0.662
0.662
0.365885
0.385277
0.662
0.662
0.662
0.326813
0.662
0.662
0.662
0.0484058
0.662
0.662
0.662
0.417878
0.354536
0.662
0.662
0.662
0.393983
0.460391
0.662
0.250489
0.662
0.662
0.404362
0.185591
0.662
0.662
0.448238
0.662
0.662
0.662
0.662
0.662
0.662
0.303682
0.662
0.662
0.662
0.662
0.662
0.662
0.662
0.662
0.662
0.285563
0.662
0.0709442
0.662
0.0451344
0.102563
0.662
0.662
0.559244
0.662
0.472243
0.00424886
0.662
0.662
0.662
0.386865
0.662
0.14401
0.662
0.261026
0.0874573
0.662
0.662
0.662
0.298533
0.248007
0.0425139
0.662
0.662
0.168148
0.662
0.346524
0.662
0.662
0.45001
0.228265
0.0519734
0.163319
0.662
0.662
0.662
0.662
0.662
0.662
0.236284
0.197379
0.662
0.376158
0.662
0.662
0.119833
0.0562227
0.662
0.0858227
0.662
0.662
0.662
0.662
0.0554229
0.0603173
0.662
0.662
0.662
0.662
0.662
0.456115
0.32686
0.0735717
0.662
0.662
0.0796735
0.275262
0.233749
0.201934
0.662
0.450778
0.245128
0.662
0.662
0.199704
0.662
0.118773
0.347934
0.468639
0.662
0.248942
0.662
0.662
0.411934
0.253251
0.662
0.662
0.178174
0.112103
0.408915
0.601004
0.662
0.373955
0.662
0.662
0.662
0.0697124
0.0994912
0.662
0.662
0.662
0.172558
0.429552
0.662
0.311361
0.0991178
0.19175
0.662
0.662
0.211481
0.662
0.662
0.0945841
0.27641
0.0778788
0.662
0.0639476
0.662
0.662
0.662
0.290563
0.0387282
0.031287
0.274242
0.307794
0.662
0.586842
0.276424
0.662
0.662
0.662
0.662
0.662
0.662
0.390653
0.662
0.0728214
0.662
0.422646
0.149399
0.662
0.662
0.662
0.662
0.662
0.662
0.662
0.259975
0.63339
0.317463
0.423665
0.483513
0.228603
0.175355
0.453201
0.110415
0.603573
0.344004
0.662
0.662
0.662
0.274263
0.440772
0.662
0.584651
0.309495
0.662
0.662
0.662
0.662
0.632469
0.359191
0.0159462
0.0394854
0.662
0.662
0.662
0.398073
0.203997
0.662
0.662
0.44733
0.294094
0.255165
0.662
0.662
0.662
0.662
0.662
0.662
0.355101
0.33971
0.662
0.0135764
0.662
0.662
0.302965
0.662
0.662
0.0313716
0.662
0.662
0.662
0.0383762
0.662
0.662
0.314678
0.117713
0.662
0.0329777
0.662
0.662
0.131952
0.120852
0.662
0.662
0.20626
0.10228
0.131436
0.662
0.253689
0.662
0.662
0.321354
0.615129
0.662
0.166559
0.662
