0.662
0.662
0.662
0.149313
0.662
0.662
0.201255
0.295821
0.662
0.307001
0.389117
0.192189
0.662
0.662
0.075785
0.662
0.0719594
0.260615
0.155893
0.662
0.23843
0.403821
0.662
0.465149
0.424235
0.662
0.662
0.662
0.662
0.424999
0.253971
0.662
0.662
0.298788
0.313356
0.386852
0.662
0.201046
0.19139
0.662
0.662
0.662
0.662
0.662
0.454153
0.662
0.32539
0.662
0.662
0.327317
0.226916
0.444185
0.559701
0.662
0.475915
0.0794888
0.281757
0.662
0.135771
0.0295682
0.188289
0.186266
0.662
0.662
0.173428
0.31936
0.261099
0.441589
0.109402
0.209331
0.340298
0.476134
0.662
0.662
0.466064
0.662
0.343525
0.220855
0.255191
0.4015
0.459744
0.049247
0.30252
0.381785
0.244556
0.284712
0.593727
0.115066
0.421146
0.22931
0.452867
0.662
0.662
0.662
0.662
0.536026
0.662
0.457079
0.302373
0.436244
0.662
0.662
0.662
0.662
0.356763
0.662
0.0877955
0.662
0.210868
0.662
0.252667
0.416916
0.662
0.511266
0.224
0.662
0.662
0.225242
0.605095
0.0116149
0.662
0.0170552
0.0779497
0.662
0.662
0.197321
0.587784
0.35808
0.408239
0.662
0.0334975
0.168349
0.472969
0.662
0.662
0.085694
0.662
0.662
0.152626
0.662
0.662
0.662
0.310811
0.662
0.662
0.555041
0.662
0.662
0.662
0.662
0.11033
0.0880775
0.186292
0.134308
0.662
0.297966
0.662
0.662
0.390405
0.163103
0.662
0.0975367
0.207377
0.453752
0.138598
0.662
0.091378
0.662
0.662
0.470873
0.145088
0.662
0.662
0.662
0.662
0.662
0.662
0.504885
0.662
0.464839
0.270766
0.662
0.437664
0.108166
0.662
0.662
0.662
0.662
0.246861
0.662
0.662
0.345916
0.0466457
0.0806387
0.662
0.662
0.662
0.662
0.662
0.480363
0.662
0.106527
0.159804
0.662
0.662
0.649754
0.662
0.0355145
0.662
0.662
0.358801
0.662
0.662
0.662
0.662
0.662
0.662
0.662
0.154303
0.662
0.662
0.662
0.622247
0.0364661
0.293532
0.662
0.217756
0.387042
0.662
0.662
0.662
0.662
0.445465
0.662
0.662
0.662
0.136791
0.394755
0.276504
0.662
0.662
0.04046
0.662
0.444866
0.0229505
0.662
0.662
0.63339
0.662
0.662
0.339739
0.662
0.662
0.440632
0.662
0.482326
0.662
0.662
0.290646
0.47494
0.662
0.453985
0.0106766
0.662
0.056231
0.662
0.662
0.662
0.662
0.537098
0.662
0.21711
0.169787
0.475988
0.210166
0.662
0.416557
0.447037
0.662
0.662
0.662
0.662
0.357574
0.372875
0.0361295
0.662
0.662
0.662
0.662
0.397246
0.302128
0.662
0.662
0.662
0.484624
0.662
0.662
0.402197
0.662
0.662
0.23404
0.381767
0.662
0.662
0.383032
0.662
0.662
0.158391
0.227233
0.322226
0.428526
0.662
0.662
0.662
0.662
0.0697023
0.662
0.662
0.662
0.662
0.109536
0.245743
0.662
0.468022
0.337966
0.120828
0.662
0.662
0.464738
0.662
0.065771
0.662
0.662
0.662
0.191636
0.662
0.662
0.453701
0.662
0.662
0.142315
0.662
0.361918
0.662
0.662
0.218097
0.234558
0.343653
0.0735011
0.662
0.662
0.171208
0.662
0.662
0.328505
0.662
0.00850411
0.662
0.0702158
0.662
0.662
0.305596
0.0904394
0.211503
0.662
0.240645
0.208236
0.662
0.219683
0.662
0.662
0.662
0.662
0.662
0.082242
0.377204
0.662
0.222311
0.662
0.662
0.662
0.271672
0.662
0.662
0.662
0.662
0.662
0.273636
0.00469745
0.662
0.227325
0.200715
0.326915
0.662
0.223815
0.662
0.662
0.212763
0.310935
0.662
0.230957
0.0985618
