0.0318776
0.662
0.0994743
0.446259
0.662
0.631907
0.428716
0.662
0.250358
0.662
0.662
0.662
0.29902
0.426057
0.408056
0.662
0.662
0.407466
0.147969
0.348039
0.222628
0.435446
0.0136712
0.446465
0.0948878
0.662
0.662
0.662
0.217043
0.424793
0.662
0.0574813
0.662
0.662
0.662
0.399618
0.662
0.662
0.370926
0.302554
0.662
0.0740142
0.0976747
0.662
0.662
0.662
0.33682
0.662
0.411501
0.662
0.0798727
0.321953
0.662
0.182368
0.653456
0.662
0.222163
0.662
0.662
0.662
0.662
0.662
0.252977
0.308042
0.662
0.662
0.662
0.188296
0.451302
0.352469
0.477275
0.662
0.662
0.662
0.419648
0.0619483
0.662
0.0953814
0.662
0.662
0.662
0.662
0.662
0.100525
0.297389
0.0856402
0.662
0.193413
0.662
0.662
0.412398
0.662
0.404049
0.366366
0.662
0.662
0.500464
0.607432
0.662
0.662
0.359329
0.662
0.545266
0.0838356
0.662
0.662
0.662
0.129513
0.662
0.662
0.329822
0.662
0.00726002
0.662
0.165965
0.662
0.662
0.662
0.662
0.662
0.0674689
0.160547
0.662
0.662
0.662
0.662
0.168744
0.306259
0.124326
0.662
0.662
0.662
0.382488
0.21469
0.662
0.598342
0.662
0.662
0.39259
0.24098
0.662
0.357783
0.505496
0.662
0.662
0.365857
0.338668
0.259759
0.662
0.662
0.112278
0.0506246
0.21653
0.662
0.662
0.662
0.262841
0.662
0.283165
0.170033
0.443534
0.387692
0.247916
0.662
0.662
0.267963
0.662
0.484597
0.277776
0.0914407
0.662
0.662
0.662
0.0190661
0.166412
0.491866
0.662
0.662
0.662
0.662
0.260492
0.187376
0.662
0.405302
0.662
0.662
0.251174
0.662
0.662
0.216503
0.142931
0.330013
0.662
0.662
0.114882
0.662
0.662
0.426392
0.662
0.662
0.662
0.662
0.662
0.662
0.183097
0.284971
0.0162686
0.662
0.662
0.662
0.662
0.468227
0.475576
0.662
0.620174
0.662
0.408491
0.662
0.662
0.662
0.662
0.401462
0.662
0.325661
0.662
0.441109
0.662
0.662
0.484595
0.343736
0.0718582
0.662
0.662
0.472816
0.229023
0.662
0.662
0.662
0.662
0.662
0.40168
0.662
0.529788
0.563034
0.387273
0.662
0.662
0.662
0.662
0.662
0.0425729
0.112593
0.161361
0.662
0.662
0.454901
0.145019
0.502765
0.357257
0.0346213
0.662
0.538465
0.662
0.0615464
0.662
0.662
0.662
0.662
0.212699
0.662
0.525136
0.662
0.397723
0.662
0.662
0.662
0.342317
0.662
0.448202
0.225834
0.267311
0.662
0.347954
0.261313
0.662
0.662
0.0738935
0.146208
0.662
0.662
0.154572
0.00821346
0.320493
0.567186
0.316237
0.662
0.662
0.448895
0.662
0.662
0.474692
0.395541
0.662
0.662
0.662
0.198623
0.370979
0.662
0.662
0.662
0.662
0.388933
0.662
0.194785
0.358547
0.662
0.662
0.0497706
0.0373777
0.449775
0.394083
0.662
0.114933
0.353017
0.0265135
0.662
0.662
0.662
0.311851
0.559878
0.273838
0.662
0.194581
0.662
0.334004
0.662
0.662
0.662
0.662
0.520098
0.662
0.463918
0.662
0.410497
0.434091
0.662
0.662
0.190428
0.446738
0.055768
0.202271
0.330969
0.662
0.457363
0.662
0.298671
0.662
0.662
0.398399
0.426113
0.624155
0.662
0.662
0.662
0.662
0.193896
0.662
0.157072
0.662
0.451039
0.336068
0.0940339
0.443255
0.662
0.662
0.662
0.45708
0.662
0.105101
0.662
0.108189
0.389676
0.477362
0.48543
0.050843
0.662
0.662
0.662
0.0654562
0.0503233
0.22653
0.662
0.662
0.662
0.662
0.662
0.415611
0.438166
0.340853
0.421669
0.221341
0.662
0.662
0.662
0.662
0.662
0.000475601
0.314366
0.662
0.616175
0.373305
0.34562
0.146282
0.446954
0.662
0.401928
0.662
0.172816
0.662
0.278927
0.662
0.147753
0.195936
0.662
0.662
0.662
0.662
0.0154883
0.278123
0.285787
0.662
0.0533804
0.662
0.473131
0.662
0.662
0.662
0.662
0.662
0.548412
0.662
0.25698
0.662
0.662
0.350925
0.285278
0.456545
0.662
0.662
0.568423
0.662
0.414876
0.0762844
0.662
0.437306
0.396303
0.0881854
0.158116
0.308228
0.183113
0.662
0.662
0.223455
0.0970892
0.368831
0.662
0.0891676
0.194761
0.192739
0.662
0.09009
0.662
0.662
0.0781348
0.662
0.48468
0.216558
0.0714934
0.0371937
0.662
0.662
0.662
0.22246
0.652005
0.662
0.153718
0.662
0.662
0.388921
0.361255
0.343253
0.662
0.472966
0.662
0.0923559
0.442793
0.662
0.260855
0.263825
0.255947
0.431884
0.662
0.375429
0.662
0.338253
0.662
0.662
0.4042
0.0417328
0.662
0.662
0.234873
0.662
0.662
0.110385
0.546003
0.662
0.662
0.662
0.662
0.662
0.487526
0.292339
0.207215
0.662
0.662
0.662
0.662
0.662
0.325257
0.13417
0.454691
0.0872904
0.662
0.662
0.662
0.662
0.662
0.662
0.662
0.662
0.662
0.662
0.662
0.662
0.662
0.324519
0.662
0.662
0.662
0.662
0.00323995
0.662
0.573438
0.662
0.662
0.662
0.429523
0.662
0.662
0.410851
0.49501
0.303191
0.662
0.662
0.662
0.23487
0.662
0.662
0.662
0.662
0.662
0.308212
0.171967
0.343025
0.662
0.432846
0.18602
0.396505
0.662
0.662
0.249661
0.662
0.662
0.662
0.662
0.179937
0.662
0.47307
0.662
0.662
0.662
0.662
0.662
0.662
0.372157
0.0959193
0.662
0.495906
0.322203
0.142089
0.662
0.662
0.662
0.0701652
0.662
0.0862793
0.193118
0.167489
0.662
0.662
0.662
0.0429195
0.271429
0.227784
0.662
0.204208
0.662
0.17173
0.662
0.662
0.662
0.662
0.662
0.662
0.662
0.10489
0.532457
0.662
0.477339
0.662
0.662
0.323847
