0.662
0.662
0.268241
0.662
0.367637
0.662
0.662
0.662
0.662
0.662
0.662
0.662
0.662
0.462497
0.662
0.662
0.268986
0.285622
0.662
0.662
0.205466
0.0617617
0.0678493
0.662
0.0709442
0.428595
0.662
0.662
0.662
0.662
0.662
0.122133
0.511677
0.256561
0.578014
0.284068
0.0665535
0.0914439
0.662
0.662
0.662
0.662
0.662
0.0519734
0.0639195
0.662
0.662
0.662
0.380229
0.275895
0.662
0.314669
0.662
0.662
0.662
0.662
0.662
0.662
0.15652
0.662
0.18386
0.569887
0.662
0.353263
0.348515
0.199704
0.410755
0.662
0.407671
0.423362
0.662
0.662
0.528162
0.0896853
0.662
0.662
0.144924
0.662
0.662
0.662
0.662
0.662
0.484592
0.662
0.287547
0.662
0.105303
0.354248
0.298554
0.662
0.334302
0.662
0.254835
0.310003
0.662
0.274263
0.662
0.662
0.325679
0.388724
0.662
0.662
0.218592
0.662
0.662
0.090976
0.437409
0.662
0.402813
0.290599
0.428239
0.662
0.245128
0.662
0.536851
0.662
0.662
0.321462
0.193072
0.662
0.279495
0.662
0.0994205
0.662
0.662
0.288883
0.259975
0.662
0.373689
0.662
0.662
0.0415136
0.474109
0.662
0.662
0.662
0.165374
0.45614
0.270461
0.232054
0.662
0.662
0.118613
0.662
0.662
0.294094
0.662
0.662
0.662
0.662
0.307161
0.662
0.450114
0.662
0.239354
0.108586
0.535419
0.417878
0.48
0.34819
0.662
0.662
0.0562996
0.650995
0.00857344
0.143397
0.662
0.662
0.387194
0.0638656
0.662
0.662
0.662
0.374671
0.137997
0.662
0.0252274
0.408324
0.621447
0.662
0.662
0.662
0.374715
0.187833
0.28865
0.662
0.662
0.662
0.662
0.662
0.388976
0.662
0.494197
0.0168709
0.662
0.0654755
0.291367
0.29743
0.318867
0.198062
0.662
0.662
0.415055
0.385393
0.136517
0.482335
0.264154
0.662
0.388155
0.662
0.662
0.662
0.164755
0.662
0.466104
0.662
0.662
0.662
0.261274
0.273224
0.405035
0.0452667
0.223998
0.123441
0.662
0.662
0.237038
0.662
0.662
0.287838
0.662
0.662
0.662
0.393976
0.322413
0.280374
0.253251
0.662
0.662
0.662
0.250378
0.662
0.191657
0.662
0.289084
0.662
0.662
0.420758
0.662
0.633695
0.464992
0.662
0.662
0.0122015
0.251333
0.662
0.534506
0.662
0.662
0.0365365
0.662
0.662
0.642827
0.662
0.662
0.662
0.662
0.00638018
0.662
0.662
0.162206
0.381802
0.488072
0.662
0.100569
0.234362
0.481601
0.539163
0.662
0.662
0.320709
0.389413
0.662
0.662
0.38443
0.136242
0.662
0.662
0.466305
0.0147245
0.230338
0.662
0.662
0.662
0.0994846
0.445655
0.149729
0.176353
0.440841
0.0987302
0.662
0.662
0.474321
0.662
0.222506
0.048692
0.662
0.662
0.410706
0.364667
0.662
0.662
0.180214
0.485507
0.662
0.309073
0.056012
0.23594
0.662
0.662
0.172494
0.662
0.127471
0.662
0.662
0.318988
0.662
0.475136
0.431961
0.662
0.662
0.394664
0.662
0.133477
0.0755346
0.662
0.204213
0.354367
0.106501
0.444065
0.102806
0.374841
0.601637
0.102348
0.662
0.662
0.662
0.307668
0.477359
0.452475
0.662
0.138834
0.662
0.435787
0.662
0.662
0.662
0.0249654
0.309338
0.101825
0.662
0.406835
0.054366
0.662
0.662
0.662
0.0837976
0.662
0.0816286
0.139778
0.662
0.662
0.662
0.093677
0.662
0.662
0.309325
0.662
0.616559
0.0710325
0.134616
0.662
0.354536
0.662
0.0677463
0.662
0.662
0.662
0.171472
0.172339
0.463623
0.662
0.436507
0.662
0.662
0.662
0.662
0.662
0.662
0.662
0.642725
0.662
0.0125215
0.662
0.168148
0.00158817
0.197379
0.317074
0.662
0.540121
0.662
0.504613
0.662
0.35353
0.448626
0.662
0.662
0.662
0.240982
0.403943
0.662
0.662
0.662
0.353134
0.662
0.365325
0.431881
0.265608
0.662
0.662
0.662
0.341918
0.662
0.467618
0.662
0.662
0.217423
0.486957
0.425295
0.0510094
0.578349
0.662
0.312559
0.22826
0.189201
0.662
0.662
0.320931
0.324113
0.662
0.662
0.230569
0.350407
0.2557
0.39399
0.0456792
0.0657805
0.662
0.483063
0.44374
0.262662
0.25137
0.210116
0.279814
0.662
0.662
0.662
0.398153
0.662
0.662
0.662
0.253288
0.221237
0.383636
0.454688
0.662
0.662
0.662
0.162768
0.320136
0.249227
0.662
0.662
0.0728214
0.338351
0.662
0.662
0.292963
0.361832
0.662
0.272755
0.540246
0.662
0.662
0.662
0.662
0.208824
0.242837
