0.662
0.662
0.662
0.662
0.662
0.276504
0.115066
0.00850411
0.662
0.662
0.210798
0.379635
0.344154
0.187153
0.605095
0.403499
0.662
0.468022
0.662
0.662
0.662
0.662
0.0627128
0.158391
0.337464
0.464738
0.356763
0.186292
0.479498
0.662
0.322396
0.0119054
0.662
0.662
0.662
0.225982
0.662
0.662
0.322226
0.662
0.662
0.580862
0.0648229
0.085694
0.662
0.662
0.445465
0.0638682
0.662
0.662
0.662
0.136791
0.662
0.662
0.0116149
0.662
0.662
0.662
0.0392692
0.16626
0.662
0.662
0.662
0.662
0.00282784
0.662
0.219513
0.662
0.159804
0.662
0.293532
0.662
0.219141
0.662
0.662
0.115125
0.37845
0.662
0.662
0.295473
0.109536
0.662
0.662
0.662
0.662
0.662
0.145379
0.201255
0.662
0.249915
0.662
0.436879
0.202035
0.0614726
0.662
0.662
0.662
0.662
0.436244
0.662
0.662
0.662
0.662
0.662
0.219683
0.227233
0.662
0.662
0.662
0.252997
0.21384
0.270598
0.2926
0.369364
0.181637
0.444866
0.0466457
0.404813
0.662
0.163103
0.177907
0.662
0.404897
0.591585
0.662
0.430993
0.397246
0.662
0.662
0.662
0.662
0.049247
0.260615
0.662
0.201046
0.185176
0.555041
0.460444
0.662
0.662
0.662
0.662
0.444971
0.0778992
0.245106
0.662
0.335232
0.453985
0.575212
0.274726
0.662
0.119929
0.662
0.662
0.662
0.662
0.340298
0.662
0.0659007
0.464839
0.662
0.662
0.662
0.0877955
0.662
0.0926751
0.42401
0.662
0.662
0.343653
0.448484
0.662
0.416916
0.410474
0.662
0.559701
0.662
0.662
0.466064
0.662
0.662
0.174178
0.662
0.662
0.419338
0.662
0.234558
0.662
0.377204
0.662
0.662
0.662
0.302373
0.1887
0.662
0.218767
0.212288
0.662
0.46237
0.662
0.472969
0.282833
0.662
0.134308
0.662
0.196997
0.662
0.417435
0.302128
0.356357
0.662
0.0481234
0.379929
0.133959
0.662
0.662
0.293652
0.345916
0.0630365
0.662
0.120572
0.662
0.424999
0.662
0.662
0.662
0.380059
0.662
0.370509
0.662
0.35137
0.123082
0.662
0.662
0.662
0.662
0.662
0.387571
0.662
0.662
0.662
0.662
0.662
0.662
0.662
0.281757
0.476134
0.662
0.142749
0.662
0.00325062
0.662
0.219245
0.662
0.662
0.662
0.3366
0.662
0.662
0.308857
0.452867
0.662
0.662
0.04046
0.357574
0.662
0.662
0.309033
0.264923
0.415999
0.307001
0.0961479
0.662
0.403821
0.491912
0.662
0.342978
0.196491
0.662
0.662
0.122817
0.163751
0.662
0.0779497
0.662
0.662
0.662
0.662
0.511968
0.19441
0.662
0.662
0.662
0.340711
0.662
0.662
0.292533
0.297601
0.662
0.362763
0.662
0.156406
0.662
0.662
0.0194673
0.662
0.162823
0.662
0.161326
0.406932
0.662
0.662
0.147697
0.662
0.662
0.343666
0.20095
0.662
0.200715
0.12441
0.662
0.662
0.662
0.454609
0.662
0.587784
0.662
0.662
0.662
0.622247
0.662
0.0361295
0.662
0.649754
0.122097
0.662
0.662
0.662
0.110039
0.0229505
0.020305
0.662
0.273264
0.662
0.662
0.253971
0.438845
0.662
0.337533
0.196172
0.662
0.662
0.298866
0.662
0.662
0.662
0.662
0.662
0.662
0.662
0.0265323
0.21226
0.662
0.22745
0.662
0.662
0.662
0.662
0.386852
0.430272
