0.662
0.464094
0.662
0.0795702
0.662
0.662
0.662
0.662
0.662
0.662
0.662
0.0120033
0.471168
0.662
0.201255
0.662
0.662
0.662
0.27047
0.243128
0.328149
0.0423426
0.662
0.463889
0.662
0.110809
0.662
0.534993
0.217966
0.224247
0.662
0.662
0.662
0.662
0.473232
0.217756
0.0227433
0.202439
0.662
0.662
0.662
0.0702158
0.00568804
0.014217
0.662
0.662
0.662
0.399589
0.354747
0.662
0.662
0.353488
0.662
0.662
0.361091
0.662
0.662
0.496761
0.369586
0.662
0.380523
0.662
0.277753
0.662
0.259478
0.662
0.662
0.475915
0.662
0.662
0.662
0.128813
0.662
0.208692
0.254185
0.277661
0.216019
0.662
0.662
0.287162
0.082242
0.322107
0.161316
0.662
0.478006
0.662
0.662
0.662
0.662
0.662
0.662
0.662
0.171829
0.662
0.662
0.315282
0.27321
0.417985
0.662
0.250162
0.662
0.449582
0.0883133
0.662
0.113294
0.462511
0.662
0.662
0.662
0.229068
0.662
0.06184
0.516695
0.227442
0.662
0.207377
0.662
0.662
0.26487
0.37507
0.27855
0.345502
0.270259
0.0572643
0.662
0.662
0.16765
0.662
0.112255
0.662
0.662
0.662
0.409957
0.662
0.662
0.149822
0.374717
0.0405355
0.662
0.131
0.662
0.662
0.662
0.489343
0.662
0.662
0.662
0.197909
0.375778
0.321459
0.343025
0.426734
0.0423792
0.662
0.662
0.662
0.225902
0.156264
0.133085
0.662
0.236711
0.0994658
0.662
0.662
0.662
0.662
0.079284
0.662
0.662
0.662
0.662
0.309523
0.662
0.390358
0.205855
0.192397
0.662
0.662
0.526666
0.152626
0.450865
0.182459
0.115595
0.144101
0.345568
0.662
0.662
0.662
0.662
0.404215
0.662
0.103748
0.392053
0.0476179
0.662
0.26301
0.10387
0.208448
0.271347
0.218263
0.662
0.288242
0.662
0.380641
0.662
0.662
0.23404
0.342492
0.0576641
0.208535
0.662
0.662
0.375307
0.662
0.662
0.662
0.231616
0.662
0.662
0.582607
0.662
0.443564
0.436591
0.662
0.0338265
0.307224
0.313843
0.0372565
0.662
0.662
0.363459
0.662
0.378953
0.0135764
0.217991
0.452849
0.662
0.171485
0.0355145
0.22882
0.662
0.331018
0.662
0.662
0.662
0.662
0.0147972
0.482068
0.261416
0.325164
0.662
0.135851
0.662
0.662
0.483112
0.662
0.662
0.662
0.297601
0.662
0.662
0.0991475
0.662
0.25584
0.0702126
0.662
0.334848
0.0215848
0.307474
0.0806387
0.662
0.442365
0.350672
0.662
0.612638
0.204287
0.662
0.662
0.298166
0.662
0.662
0.662
0.662
0.279346
0.0553008
0.662
0.201737
0.280372
0.662
0.405961
0.416489
0.662
0.662
0.662
0.662
0.662
0.662
0.327317
0.662
0.468726
0.216009
0.169309
0.389903
0.0530193
0.662
0.0186602
0.143489
0.177027
0.141092
0.662
0.329546
0.065771
0.662
0.662
0.662
0.515314
0.584651
0.662
0.662
0.662
0.572531
0.662
0.212244
0.473771
0.662
0.373618
0.272883
0.437109
0.483826
0.662
0.354156
0.662
0.393645
0.459539
0.0551184
0.232879
0.662
0.662
0.426568
0.662
0.333111
0.662
0.330217
0.662
0.134157
0.662
0.512876
0.0805912
0.286329
0.168219
0.662
0.662
0.662
0.662
0.228678
0.662
0.653923
0.386865
0.529421
0.662
0.400423
0.0329777
0.662
0.662
0.436746
0.417557
0.662
0.0277561
0.456223
0.00850411
0.662
0.171191
0.122234
0.662
0.662
0.289378
0.46368
0.140128
0.0520638
0.662
0.374941
0.437997
0.662
0.662
0.662
0.662
0.192994
0.317139
0.410458
0.662
0.227161
0.381095
0.44832
0.662
0.662
0.243877
0.662
0.662
0.662
0.220266
0.662
0.339726
0.662
0.226299
0.247656
0.0663433
0.662
0.314054
0.662
0.11978
0.662
0.662
0.662
0.662
0.662
0.662
0.649103
0.44646
0.662
0.662
0.662
0.662
0.584119
0.662
0.662
0.662
0.662
0.662
0.662
0.662
0.0274713
0.252102
0.662
0.319018
0.662
0.662
0.662
0.662
0.421567
0.250745
0.662
0.662
0.400614
0.042409
0.317737
0.662
0.662
0.257494
0.662
0.662
0.446464
0.662
0.662
0.0922196
0.662
0.0735702
