0.426734
0.662
0.662
0.662
0.0729109
0.662
0.194488
0.662
0.394755
0.662
0.465116
0.662
0.662
0.662
0.662
0.662
0.662
0.536026
0.337966
0.662
0.426818
0.381785
0.269091
0.662
0.662
0.662
0.662
0.662
0.240645
0.662
0.662
0.662
0.662
0.201255
0.662
0.662
0.0283857
0.662
0.158391
0.662
0.255191
0.340298
0.11033
0.290646
0.662
0.662
0.662
0.662
0.417557
0.662
0.345916
0.255147
0.421146
0.168349
0.662
0.662
0.234558
0.173428
0.492068
0.662
0.416916
0.662
0.662
0.662
0.662
0.129982
0.662
0.662
0.649754
0.662
0.662
0.662
0.662
0.0304713
0.188289
0.662
0.662
0.662
0.0834882
0.227803
0.662
0.444594
0.0735011
0.662
0.662
0.04046
0.210462
0.662
0.662
0.662
0.362839
0.108166
0.662
0.662
0.662
0.662
0.447037
0.163718
0.437997
0.662
0.0405355
0.662
0.662
0.662
0.662
0.333917
0.662
0.662
0.662
0.23404
0.0894689
0.386852
0.230957
0.358801
0.393679
0.662
0.115066
0.322226
0.389117
0.0965666
0.372875
0.662
0.662
0.662
0.662
0.334385
0.257494
0.662
0.662
0.25631
0.208535
0.0229505
0.662
0.0697695
0.620333
0.457079
0.200715
0.56162
0.531703
0.475915
0.128204
0.662
0.662
0.662
0.662
0.357574
0.662
0.307001
0.662
0.662
0.662
0.662
0.662
0.662
0.0576641
0.473647
0.0904394
0.171208
0.30252
0.662
0.440632
0.662
0.21554
0.0922196
0.662
0.587784
0.662
0.662
0.424999
0.662
0.662
0.0719594
0.662
0.213799
0.662
0.662
0.219683
0.453752
0.662
0.662
0.662
0.662
0.662
0.662
0.662
0.662
0.295821
0.120828
0.662
0.444185
0.436244
0.484624
0.662
0.085694
0.445465
0.662
0.662
0.452867
0.0877955
0.217756
0.662
0.662
0.446925
0.400468
0.662
0.0975367
0.400608
0.091378
0.662
0.662
0.0641708
0.219096
0.662
0.662
0.662
0.662
0.313356
0.0791572
0.453368
0.662
0.662
0.662
0.662
0.662
0.622247
0.662
0.273636
0.662
0.662
0.466064
0.662
0.0295682
0.662
0.662
0.350074
0.662
0.662
0.662
0.662
0.662
0.468726
0.662
0.662
0.334848
0.264127
0.0697023
0.662
0.240722
0.662
0.605095
0.662
0.390405
0.662
0.662
0.152626
0.662
0.662
0.662
0.0133675
0.0823312
0.194283
0.369586
0.662
0.28218
0.662
0.417691
0.662
0.662
0.343525
0.662
0.271672
0.662
0.662
0.662
0.328505
0.473232
0.343653
0.662
0.281757
0.662
0.662
0.662
0.472969
0.662
0.220245
0.662
0.441589
0.662
0.00568804
0.177027
0.662
0.169552
0.252667
0.662
0.235348
0.136791
0.662
0.662
0.662
0.662
0.662
0.662
0.232879
0.662
0.662
0.662
0.662
0.470873
0.0227433
0.662
0.662
0.212763
0.662
0.662
0.284712
0.159804
0.662
0.22931
0.202437
0.662
0.212232
0.662
0.401506
0.662
0.662
0.147471
0.0691501
0.662
0.0106766
0.662
0.662
0.289227
0.416557
0.662
0.662
0.246861
0.042409
0.345568
0.279095
0.662
0.662
0.327317
0.662
0.662
0.297966
0.662
0.662
0.662
0.0699804
0.429175
0.403821
0.662
0.662
0.662
0.662
0.486887
0.662
0.662
0.469659
0.309523
0.00303776
0.662
0.0355145
0.662
0.31462
0.559701
0.662
0.662
0.133085
0.349777
0.464839
0.662
0.480363
0.662
0.662
0.383032
0.662
0.662
0.662
0.186266
0.0116149
0.210166
0.209331
0.662
0.662
0.336209
0.662
0.662
0.662
0.0626357
0.662
0.662
0.662
0.662
0.662
0.318283
0.463754
0.4015
0.662
0.662
0.662
0.662
0.207377
0.662
0.0626086
0.662
0.139208
0.662
0.292823
0.662
0.662
0.662
0.662
0.662
0.662
0.172273
0.0985618
0.476134
0.662
0.662
0.209801
0.662
0.662
0.107834
