0.662
0.216503
0.662
0.187891
0.662
0.662
0.662
0.662
0.662
0.446738
0.0425729
0.662
0.232868
0.204208
0.662
0.0730202
0.152123
0.456545
0.662
0.662
0.441109
0.219725
0.662
0.0740142
0.477339
0.150438
0.662
0.662
0.0373777
0.662
0.662
0.662
0.662
0.662
0.331791
0.662
0.154205
0.662
0.251081
0.662
0.662
0.662
0.0622865
0.662
0.662
0.662
0.662
0.207928
0.662
0.662
0.0506246
0.662
0.00819721
0.662
0.662
0.225103
0.662
0.610466
0.120467
0.350925
0.37931
0.662
0.662
0.568423
0.662
0.662
0.662
0.662
0.0417328
0.472966
0.0701652
0.662
0.662
0.662
0.413163
0.447636
0.662
0.662
0.662
0.307557
0.662
0.429523
0.662
0.195936
0.050843
0.662
0.662
0.324291
0.662
0.194581
0.396505
0.472816
0.662
0.240716
0.662
0.662
0.134137
0.662
0.662
0.662
0.662
0.192739
0.662
0.39921
0.538465
0.662
0.662
0.105101
0.662
0.380295
0.662
0.662
0.0738935
0.662
0.662
0.662
0.662
0.662
0.0741304
0.662
0.284202
0.662
0.234873
0.616175
0.662
0.239637
0.662
0.662
0.662
0.662
0.662
0.31384
0.662
0.662
0.438395
0.084035
0.662
0.662
0.302554
0.408186
0.424659
0.662
0.330013
0.662
0.0535706
0.662
0.35594
0.662
0.662
0.662
0.662
0.261087
0.662
0.343025
0.194785
0.662
0.49501
0.662
0.312501
0.215849
0.662
0.662
0.662
0.662
0.324519
0.325661
0.285559
0.662
0.108509
0.417314
0.333616
0.165965
0.662
0.662
0.261313
0.446259
0.147143
0.417428
0.223455
0.662
0.662
0.662
0.662
0.346842
0.439837
0.199389
0.147753
0.0712941
0.458751
0.221231
0.662
0.190428
0.662
0.31016
0.662
0.662
0.662
0.662
0.662
0.356748
0.662
0.438458
0.311851
0.662
0.662
0.15381
0.662
0.662
0.441268
0.662
0.0860929
0.146208
0.47307
0.00466243
0.662
0.284971
0.662
0.662
0.662
0.662
0.662
0.662
0.662
0.662
0.662
0.662
0.662
0.662
0.662
0.662
0.662
0.115227
0.662
0.468537
0.408684
0.416721
0.662
0.662
0.662
0.662
0.27686
0.662
0.662
0.389676
0.159356
0.662
0.662
0.23115
0.662
0.339388
0.186435
0.662
0.407075
0.314542
0.662
0.662
0.391098
0.0714934
0.662
0.662
0.408491
0.662
0.662
0.055768
0.662
0.477275
0.662
0.158116
0.662
0.156475
0.662
0.231196
0.556501
0.00323995
0.662
0.662
0.308042
0.48543
0.662
0.662
0.227556
0.662
0.662
0.662
0.662
0.431884
0.662
0.662
0.662
0.662
0.662
0.662
0.182464
0.287032
0.662
0.286724
0.653456
0.42001
0.662
0.273838
0.662
0.0239595
0.069804
0.662
0.662
0.205341
0.456841
0.416918
0.662
0.662
0.448895
0.369816
0.662
0.662
0.219853
0.410851
0.662
0.294733
0.546003
0.243608
0.629706
0.472397
0.0234485
0.662
0.416906
0.176174
0.662
0.662
0.662
0.662
0.662
0.114882
0.601823
0.662
0.473438
0.662
0.342017
0.662
0.381014
0.662
0.276656
0.194761
0.662
0.662
0.662
0.216558
0.283619
0.662
0.662
0.662
0.46493
0.369229
0.329822
0.190974
0.662
0.662
0.662
0.662
0.662
0.0942676
0.342317
0.662
0.0665544
0.432846
0.662
0.308802
0.662
0.0624912
0.662
0.662
0.662
0.052274
0.662
0.1964
0.662
0.662
0.0530207
0.316503
0.460412
0.262954
0.662
0.662
0.0843486
0.662
0.214616
0.662
0.0914407
0.461878
0.0294862
0.450006
0.182368
0.0336122
0.662
0.662
0.477362
0.0318776
0.662
0.662
0.662
0.447721
0.662
0.662
0.0190661
0.662
0.662
0.662
0.662
0.167489
0.662
0.662
0.219036
0.662
0.662
0.43561
0.662
0.358486
0.662
0.297833
0.620174
0.662
0.662
0.183113
0.0346213
0.293634
0.141053
0.662
0.662
0.662
0.662
0.269381
0.662
0.193744
0.662
0.130161
0.500464
0.29902
0.662
0.0838356
0.108189
0.200965
0.662
0.662
0.662
0.338007
0.662
0.3365
0.426772
0.351123
0.662
0.662
0.662
0.466104
0.446392
0.408622
0.233745
0.662
0.10489
0.262841
0.662
0.662
0.0856402
0.662
0.0605037
0.0891676
0.662
0.662
0.662
0.662
0.662
0.0619483
0.601946
0.662
0.662
0.0226597
0.207215
0.662
0.662
0.662
0.0165381
0.662
0.373075
0.662
0.160547
0.662
0.374443
0.662
0.662
0.439381
0.662
0.662
0.0142304
0.662
0.0408532
0.446465
0.662
0.0503233
0.0916911
0.566619
0.454901
0.662
0.451302
0.411635
0.662
0.22653
0.662
0.662
0.662
0.184884
0.410006
0.662
0.662
0.662
0.0674689
0.662
0.320413
0.101345
0.662
0.662
0.662
0.25698
0.662
0.662
0.381413
0.0190314
0.332482
0.662
0.662
0.407215
0.314002
0.396303
0.29888
0.234398
0.662
0.299788
0.395541
0.143036
0.0616502
0.329475
0.408056
0.00821346
0.662
0.662
0.662
0.662
0.662
0.545306
0.457352
0.0136712
0.662
0.662
0.662
0.325659
0.662
0.662
0.662
0.172816
0.662
0.662
0.662
0.662
0.662
0.0328235
0.662
0.662
0.662
0.137091
0.662
0.662
0.306415
0.370979
0.662
0.662
0.0350063
0.421669
0.415611
0.320493
0.0531328
0.329013
0.186389
0.662
0.0881854
0.662
0.662
0.225834
0.662
0.662
0.662
0.662
0.316237
0.213196
0.418921
0.662
0.662
0.662
0.662
0.132581
0.662
0.662
0.0646058
0.662
0.662
0.662
0.662
0.418669
0.318853
0.662
0.251608
0.410083
0.662
0.662
0.662
0.34562
0.662
0.662
0.662
0.662
0.226707
0.662
0.662
0.338668
0.662
0.662
0.0223302
0.249949
0.662
0.369362
0.662
0.662
0.358547
0.631907
0.662
0.662
0.662
0.662
0.662
0.21469
0.317691
0.662
0.409256
0.358703
0.662
0.352671
0.22696
0.227784
0.662
