0.00158817
0.294326
0.149352
0.123441
0.314279
0.662
0.662
0.368115
0.118408
0.662
0.457762
0.662
0.662
0.440841
0.456836
0.662
0.662
0.662
0.0175275
0.662
0.662
0.224615
0.349899
0.662
0.662
0.662
0.312258
0.662
0.662
0.561738
0.3069
0.321294
0.0513722
0.36908
0.216668
0.119833
0.11522
0.0648361
0.440396
0.662
0.662
0.662
0.662
0.388724
0.662
0.0556332
0.277439
0.662
0.662
0.662
0.662
0.653996
0.662
0.662
0.662
0.36003
0.337714
0.194297
0.662
0.314688
0.0949892
0.662
0.662
0.662
0.662
0.0603655
0.662
0.662
0.279068
0.339419
0.291283
0.662
0.320709
0.164884
0.197807
0.662
0.662
0.662
0.340347
0.540246
0.145143
0.657899
0.662
0.453003
0.0451457
0.181924
0.662
0.191432
0.662
0.662
0.662
0.662
0.274312
0.662
0.160408
0.267171
0.662
0.662
0.478878
0.30601
0.414202
0.662
0.662
0.493566
0.261274
0.662
0.662
0.240595
0.662
0.272847
0.191869
0.16099
0.193853
0.199285
0.662
0.662
0.662
0.662
0.662
0.138834
0.127878
0.662
0.126894
0.458023
0.380229
0.662
0.110983
0.662
0.662
0.662
0.400995
0.662
0.662
0.662
0.127185
0.231354
0.662
0.0309138
0.0180625
0.662
0.185687
0.662
0.662
0.662
0.44374
0.236277
0.662
0.339459
0.351735
0.475359
0.662
0.105303
0.506933
0.662
0.169056
0.307055
0.167817
0.662
0.0701752
0.662
0.662
0.164361
0.408564
0.0415477
0.199704
0.662
0.662
0.0897392
0.334775
0.662
0.181921
0.247236
0.427803
0.662
0.662
0.122705
0.662
0.662
0.662
0.422656
0.662
0.213404
0.662
0.0640538
0.662
0.463075
0.149921
0.662
0.662
0.662
0.352395
0.0742692
0.662
0.662
0.662
0.662
0.249447
0.662
0.662
0.55653
0.266887
0.662
0.662
0.662
0.662
0.662
0.262204
0.395375
0.662
0.662
0.320136
0.662
0.213518
0.218126
0.662
0.190417
0.390639
0.163232
0.0880999
0.305547
0.336247
0.662
0.662
0.662
0.616559
0.353766
0.309832
0.662
0.06203
0.662
0.662
0.662
0.662
0.30516
0.662
0.44194
0.662
0.656975
0.206248
0.662
0.43069
0.662
0.0129907
0.180122
0.0149365
0.662
0.662
0.662
0.662
0.322207
0.431553
0.662
0.364222
0.0567235
0.0760148
0.545787
0.0510094
0.662
0.238705
0.0458914
0.653065
0.662
0.42519
0.662
0.134163
0.084942
0.662
0.108526
0.365714
0.214872
0.262013
0.662
0.445374
0.0966576
0.662
0.496265
0.662
0.182585
0.505223
0.662
0.518369
0.662
0.662
0.395214
0.662
0.662
0.662
0.143145
0.0987302
0.539163
0.662
0.300236
0.662
0.0195427
0.662
0.122934
0.296471
0.662
0.468984
0.448814
0.277651
0.185449
0.105624
0.662
0.662
0.662
0.194356
0.662
0.550279
0.662
0.662
0.207312
0.304353
0.182161
0.662
0.406835
0.213716
0.662
0.262242
0.662
0.0426981
0.662
0.662
0.598366
0.662
0.584275
0.197449
0.0404434
0.108345
0.662
0.377699
0.290662
0.158902
0.662
0.662
0.662
0.662
0.311695
0.289172
0.662
0.369576
0.662
0.662
0.0711669
0.235537
0.662
0.328432
0.662
0.613198
0.311773
0.143969
0.406817
0.306704
0.662
0.662
0.662
0.176605
0.431961
0.0332042
0.662
0.662
0.662
0.662
0.662
0.0639195
0.161088
0.662
0.662
0.216398
0.0676468
0.662
0.662
0.16968
0.662
0.0252274
0.170834
0.662
0.210174
0.464846
0.662
0.662
0.662
0.33555
0.180214
0.0446606
0.644743
0.29892
0.247321
0.662
0.662
0.662
0.175829
0.662
0.288932
0.127471
0.662
0.334302
0.265608
0.100704
0.212524
0.662
0.662
0.458129
0.662
0.0135055
0.459298
0.662
0.662
0.453626
0.333274
0.430038
0.662
0.662
0.662
0.662
0.662
0.273845
0.338752
0.511905
0.304604
0.2557
0.28865
0.662
0.662
0.662
0.278091
0.253288
0.662
0.200601
0.314669
0.662
0.662
0.479488
0.346994
0.215616
0.144802
0.476115
0.662
0.191198
0.402813
0.662
0.662
0.662
0.654286
0.662
0.662
0.662
0.662
0.662
0.235383
0.194244
0.662
0.662
0.662
0.662
0.171956
0.500937
0.662
0.631111
0.291367
0.445655
0.662
0.387253
0.662
0.0581139
0.662
0.0514552
0.0151381
0.662
0.662
0.0617291
0.391805
0.662
0.265496
0.662
0.0837976
0.662
0.162912
0.662
0.662
0.463448
0.662
0.662
0.207003
0.171553
0.452415
0.0172496
0.662
0.199679
0.662
0.530594
0.374868
0.409573
0.662
0.662
0.359313
0.465575
0.322804
0.662
0.0868969
0.477359
0.257202
0.662
0.133812
0.168258
0.662
0.662
0.339255
0.662
0.279232
0.662
0.662
0.0385578
0.662
0.478588
0.662
0.662
0.662
0.662
0.662
0.662
0.662
0.662
0.662
0.170961
0.0651106
0.662
0.662
0.662
0.662
0.356788
0.258985
0.0800198
0.0663543
0.662
0.662
0.386461
0.662
0.662
0.662
0.662
0.408937
0.0991294
0.470241
0.0994205
0.662
0.662
0.662
0.0236797
0.662
0.230633
0.266924
0.499506
