0.555428
0.662
0.662
0.403821
0.111808
0.340298
0.662
0.386852
0.662
0.454105
0.227325
0.363743
0.234558
0.662
0.662
0.662
0.085694
0.0778992
0.369364
0.662
0.662
0.662
0.218218
0.404897
0.459744
0.662
0.453752
0.186266
0.394755
0.35808
0.662
0.0466457
0.270259
0.662
0.430993
0.662
0.158391
0.662
0.662
0.29034
0.662
0.162823
0.337464
0.440632
0.457047
0.197142
0.662
0.436244
0.662
0.662
0.416916
0.662
0.662
0.056231
0.662
0.662
0.662
0.662
0.147697
0.662
0.662
0.212763
0.662
0.316834
0.662
0.662
0.662
0.58711
0.662
0.14053
0.662
0.385994
0.662
0.662
0.192189
0.219683
0.662
0.662
0.662
0.468022
0.139944
0.662
0.16626
0.192994
0.0265323
0.662
0.662
0.161326
0.091378
0.662
0.587784
0.662
0.377204
0.448484
0.115066
0.242453
0.662
0.662
0.246861
0.662
0.662
0.662
0.662
0.217406
0.119929
0.662
0.662
0.662
0.120828
0.127712
0.662
0.662
0.177907
0.0877955
0.152472
0.122817
0.662
0.662
0.486509
0.559701
0.345916
0.466064
0.662
0.662
0.0630365
0.662
0.343653
0.662
0.41053
0.232558
0.622247
0.662
0.065771
0.404813
0.662
0.662
0.472969
0.662
0.428526
0.465149
0.0702158
0.357911
0.488266
0.662
0.662
0.276504
0.662
0.662
0.662
0.22931
0.297966
0.0361295
0.20049
0.662
0.308846
0.662
0.662
0.662
0.134308
0.298866
0.662
0.662
0.662
0.662
0.30066
0.662
0.452867
0.322226
0.43735
0.357574
0.138598
0.0236879
0.662
0.310955
0.662
0.397246
0.410649
0.662
0.30683
0.662
0.662
0.662
0.662
0.302373
0.295473
0.662
0.0975367
0.662
0.662
0.136278
0.662
0.145379
0.342541
0.662
0.410474
0.662
0.293652
0.662
0.662
0.0779497
0.662
0.205484
0.152626
0.662
0.174178
0.163103
0.333132
0.020305
0.475915
0.662
0.302128
0.662
0.209331
0.408239
0.201255
0.662
0.662
0.662
0.394883
0.662
0.662
0.455355
0.662
0.662
0.219245
0.662
0.662
0.253971
0.0985618
0.549458
0.0116149
0.662
0.662
0.662
0.605095
0.662
0.281757
0.0024889
0.130576
0.662
0.171208
0.662
0.662
0.421146
0.662
0.662
0.662
0.662
0.255191
0.23843
0.662
0.271672
0.133959
0.662
0.109536
0.662
0.465364
0.662
0.445465
0.662
0.136791
0.159804
0.444185
0.662
0.200715
0.444866
0.274726
0.00850411
0.149313
0.301377
0.261099
0.260615
0.662
0.662
0.453985
0.662
0.273264
0.662
0.662
0.662
0.0649719
0.662
0.662
0.662
0.662
0.662
0.662
0.108166
0.290646
0.404047
0.173428
0.252997
0.289197
0.662
0.649754
0.601704
0.435361
0.662
0.662
0.424999
0.662
0.4015
0.662
0.30252
0.662
0.662
0.662
0.662
0.662
0.662
0.662
0.0355145
0.356763
0.300328
0.555041
0.115125
0.161081
0.343525
0.240645
0.662
0.662
0.00590343
0.0229505
0.662
0.662
0.575212
0.196172
0.662
0.0435944
0.662
0.470873
0.464738
0.293532
0.296465
0.381785
0.662
0.662
0.662
0.662
0.344154
0.662
0.662
0.662
0.307001
0.662
0.662
0.662
0.662
0.201046
0.662
0.662
0.662
0.464839
0.181177
0.662
0.662
0.042666
0.425066
0.662
0.662
0.662
0.591585
0.662
0.662
0.662
0.662
0.0486715
0.662
0.662
0.662
0.235266
0.662
