0.662
0.247656
0.662
0.662
0.243877
0.662
0.662
0.662
0.126077
0.235348
0.662
0.662
0.662
0.210494
0.662
0.213276
0.662
0.0520638
0.394337
0.662
0.662
0.662
0.121905
0.345643
0.662
0.662
0.316523
0.437109
0.424999
0.0125621
0.516082
0.662
0.662
0.0450449
0.662
0.234558
0.616441
0.383032
0.662
0.662
0.345568
0.354747
0.402218
0.662
0.287059
0.662
0.413508
0.662
0.35491
0.662
0.44105
0.507663
0.662
0.385086
0.303395
0.662
0.35137
0.201255
0.662
0.327317
0.662
0.27047
0.662
0.380523
0.662
0.311975
0.662
0.459539
0.662
0.217966
0.488827
0.115595
0.662
0.381095
0.662
0.662
0.438218
0.199505
0.00568804
0.662
0.241839
0.0697023
0.38786
0.662
0.662
0.662
0.108351
0.662
0.0973
0.182459
0.0319789
0.213333
0.296272
0.662
0.475915
0.662
0.46368
0.662
0.662
0.662
0.662
0.186325
0.378953
0.220855
0.662
0.662
0.662
0.662
0.662
0.662
0.662
0.662
0.662
0.662
0.254479
0.662
0.662
0.662
0.436387
0.526666
0.323453
0.662
0.0467837
0.426734
0.662
0.131
0.662
0.417557
0.662
0.662
0.662
0.23404
0.471168
0.274995
0.132657
0.298636
0.00249052
0.217756
0.662
0.232879
0.662
0.662
0.662
0.317139
0.369627
0.662
0.0627128
0.137458
0.662
0.184978
0.662
0.662
0.22448
0.250517
0.531703
0.594942
0.469659
0.662
0.662
0.662
0.662
0.662
0.361091
0.662
0.662
0.147408
0.0246678
0.662
0.662
0.310982
0.170476
0.662
0.662
0.662
0.353488
0.662
0.662
0.468726
0.27142
0.369586
0.662
0.217177
0.457079
0.246001
0.246208
0.662
0.436611
0.409957
0.662
0.197909
0.662
0.559701
0.662
0.662
0.662
0.310055
0.540763
0.662
0.286329
0.662
0.390405
0.662
0.192835
0.343025
0.662
0.449582
0.662
0.662
0.251642
0.662
0.0828864
0.662
0.649754
0.171191
0.113193
0.220266
0.662
0.299779
0.0295682
0.378815
0.0691501
0.662
0.662
0.662
0.345916
0.662
0.271672
0.26774
0.480363
0.111808
0.662
0.0702126
0.662
0.662
0.662
0.662
0.662
0.662
0.662
0.174074
0.091378
0.00282784
0.211482
0.400423
0.289378
0.662
0.437997
0.133635
0.662
0.662
0.662
0.450865
0.344077
0.662
0.662
0.122234
0.212763
0.06184
0.559508
0.662
0.662
0.662
0.662
0.47818
0.00612718
0.649103
0.270259
0.366271
0.426083
0.313785
0.662
0.662
0.662
0.662
0.662
0.410458
0.462511
0.11978
0.662
0.662
0.30527
0.662
0.662
0.322107
0.020305
0.106224
0.0551837
0.662
0.309523
0.30804
0.44646
0.662
0.131436
0.283964
0.662
0.662
0.662
0.496761
0.36741
0.662
0.662
0.662
0.662
0.368546
0.543378
0.662
0.052014
0.662
0.218263
0.0156608
0.662
0.662
0.662
0.0922196
0.662
0.662
0.436591
0.30066
0.375307
0.145588
0.444153
0.0215848
0.13936
0.446464
0.237399
0.305836
0.22882
0.662
0.26487
0.257494
0.473812
0.662
0.662
0.662
0.225902
0.122194
0.662
0.107834
0.0702158
0.331302
0.662
0.230947
0.444594
0.662
0.662
0.662
0.587784
0.662
0.662
0.299159
0.662
0.236785
0.662
0.662
0.108468
0.334848
0.662
0.662
0.662
0.662
0.662
0.404215
0.662
0.662
0.662
0.273636
0.440632
0.373618
0.344255
0.0405355
0.662
0.662
0.662
0.662
0.662
0.00850411
0.662
0.434661
0.662
0.662
0.35808
0.310459
0.153652
0.662
0.662
0.4581
0.534993
0.662
0.662
0.205855
0.0805912
0.662
0.449769
0.350672
0.662
0.444185
0.472444
0.662
0.662
0.662
0.390358
0.662
0.226299
0.452849
0.662
0.473232
0.418157
0.342492
0.662
0.662
0.177027
0.259478
0.662
0.662
0.662
0.662
0.280372
0.662
0.662
0.401506
0.662
0.207377
0.662
0.252102
0.188289
0.333111
0.105132
0.662
0.662
0.662
0.662
0.122097
0.662
0.426818
0.662
0.252667
0.662
0.662
0.323588
0.662
0.412505
0.662
0.662
0.250162
0.662
0.478006
0.662
