0.205775
0.375479
0.662
0.640282
0.662
0.201889
0.310008
0.131125
0.188642
0.662
0.662
0.216488
0.662
0.43138
0.538566
0.0331827
0.662
0.499043
0.526706
0.662
0.662
0.662
0.405473
0.662
0.261729
0.172211
0.662
0.662
0.662
0.273288
0.280392
0.662
0.0979742
0.662
0.662
0.662
0.662
0.184316
0.00814106
0.662
0.662
0.470971
0.662
0.662
0.611102
0.662
0.662
0.662
0.662
0.662
0.652298
0.451627
0.109795
0.662
0.662
0.465765
0.40672
0.662
0.0834344
0.662
0.418932
0.125603
0.662
0.421264
0.662
0.662
0.125955
0.662
0.662
0.369472
0.662
0.349677
0.662
0.662
0.20847
0.0910926
0.662
0.245314
0.257121
0.274558
0.662
0.662
0.662
0.363493
0.662
0.309189
0.662
0.662
0.00898025
0.662
0.582702
0.662
0.662
0.662
0.471301
0.056665
0.196098
0.662
0.348804
0.327618
0.662
0.662
0.662
0.48753
0.638497
0.662
0.228466
0.662
0.381763
0.260023
0.662
0.41922
0.471658
0.196579
0.338788
0.374472
0.662
0.662
0.102193
0.177522
0.160865
0.662
0.0443132
0.662
0.662
0.214455
0.662
0.191412
0.0898525
0.662
0.662
0.662
0.468187
0.00880778
0.662
0.0190283
0.0267805
0.662
0.662
0.0281237
0.662
0.126753
0.662
0.662
0.662
0.662
0.28714
0.662
0.662
0.0759227
0.154674
0.342822
0.308763
0.662
0.300267
0.126946
0.662
0.662
0.25768
0.662
0.417588
0.662
0.378032
0.439948
0.662
0.224603
0.662
0.662
0.207836
0.230541
0.023847
0.662
0.199008
0.289943
0.107081
0.662
0.374752
0.178576
0.310438
0.662
0.662
0.351049
0.662
0.308296
0.662
0.662
0.662
0.662
0.662
0.662
0.662
0.144349
0.662
0.662
0.662
0.0401555
0.417074
0.662
0.306377
0.662
0.662
0.662
0.357393
0.662
0.237892
0.107206
0.662
0.662
0.206441
0.662
0.662
0.402849
0.662
0.662
0.662
0.340148
0.662
0.662
0.662
0.227624
0.159635
0.662
0.662
0.662
0.136666
0.352149
0.662
0.662
0.361579
0.31686
0.228527
0.0227036
0.117809
0.662
0.372156
0.095907
0.662
0.662
0.662
0.153457
0.0134206
0.0368544
0.662
0.662
0.12209
0.431194
0.662
0.363444
0.662
0.662
0.662
0.662
0.147552
0.0694117
0.662
0.141554
0.00967971
0.123659
0.662
0.662
0.461554
0.202432
0.326846
0.215997
0.662
0.414443
0.662
0.179457
0.662
0.662
0.662
0.662
0.662
0.490781
0.662
0.662
0.662
0.662
0.203186
0.0954055
0.404828
0.472395
0.662
0.175471
0.662
0.279837
0.662
0.662
0.106019
0.662
0.424372
0.662
0.662
0.512371
0.662
0.260214
0.662
0.662
0.35427
0.662
0.662
0.662
0.193419
0.306531
0.662
0.662
0.662
0.168974
0.662
0.662
0.424695
0.466859
0.662
0.662
0.662
0.462423
0.662
0.106494
0.662
0.394653
0.367627
0.170692
0.277516
0.306067
0.16304
0.368086
0.662
0.662
0.124376
0.662
0.563818
0.203193
0.662
0.136417
0.273977
0.015244
0.662
0.334881
0.662
0.114171
0.374089
0.662
0.662
0.214517
0.662
0.662
0.662
0.662
0.662
0.106629
0.662
0.219542
0.300782
0.662
0.241818
0.662
0.434517
0.662
0.0825146
0.662
0.662
0.232171
0.499272
0.662
0.662
0.138491
0.114176
0.426198
0.662
0.21314
0.106314
0.414891
0.127702
0.129802
0.0145095
0.412682
0.662
0.399303
0.464154
0.662
0.662
0.662
0.0203932
0.662
0.421436
0.631024
0.662
0.662
0.251344
0.0785804
0.0137696
0.35153
0.284052
0.662
0.662
0.662
0.102021
0.417064
0.470419
0.662
0.662
0.428104
0.162305
0.62155
0.662
0.047567
0.379878
0.662
0.662
0.662
0.439411
0.662
0.227855
0.662
0.617633
0.662
0.662
0.278785
0.662
0.662
0.662
0.408673
0.662
0.404396
0.0284108
0.662
0.662
0.662
0.457176
0.662
0.176696
0.662
0.662
0.0950667
0.00081955
0.662
0.404208
0.479191
0.662
0.262306
0.662
0.662
0.662
0.662
0.662
0.662
0.0393404
0.224134
0.310619
0.0431855
0.662
0.662
0.1788
0.662
0.157155
0.662
0.662
0.034996
0.662
0.662
0.662
0.321103
0.662
0.046777
0.662
0.0424142
0.400641
0.662
0.0627016
0.662
0.140274
0.662
0.297454
0.256279
0.0370149
0.468994
0.428711
0.281953
0.462757
0.290213
0.193523
0.662
0.662
0.0747413
0.125611
0.662
0.662
0.444408
0.662
0.345694
0.662
0.662
0.231394
0.662
0.662
0.285244
0.378686
0.33212
0.662
0.662
0.662
0.391148
0.662
0.194823
0.662
0.662
0.662
0.662
0.339351
0.662
0.189748
0.662
0.662
0.662
0.662
0.662
0.662
0.581771
0.138639
0.662
0.662
0.662
0.662
0.184348
0.46804
0.662
0.0211621
0.662
0.440354
0.662
0.662
0.445141
0.662
0.662
0.545593
0.00189781
0.309548
0.416534
0.256693
0.0716454
0.662
0.662
0.217418
0.137925
0.662
0.662
0.237352
0.662
0.662
0.034901
0.662
0.662
0.0259424
0.295059
0.262967
0.662
0.395948
0.0462424
0.342943
0.296959
0.446747
0.219884
0.398956
0.172398
0.662
0.45532
0.662
0.662
0.662
0.662
0.358527
0.236213
0.662
0.360317
0.644893
0.662
0.0634084
0.0304764
0.662
0.662
0.662
0.662
0.44722
0.662
0.432296
0.662
0.252884
0.16936
0.662
0.283615
0.662
0.162999
0.224291
0.662
0.0160647
0.662
0.0413111
0.662
0.395327
0.606825
0.445535
0.227044
0.662
0.336284
0.662
0.662
0.397288
0.231424
0.0463569
0.497636
0.662
0.229975
0.186489
0.414526
0.455045
0.0424896
0.556689
0.0600096
0.264994
0.0877559
0.302695
0.199038
0.662
0.00273379
0.441596
0.437546
0.0194052
0.662
0.662
0.662
0.288994
0.662
0.662
0.662
0.0925799
0.662
0.662
0.662
0.662
0.662
0.467845
0.662
0.662
0.662
0.332341
0.662
0.393708
0.662
0.309712
0.245017
0.662
0.662
0.232032
0.0507589
0.253962
0.662
0.416155
0.457508
0.662
0.282931
0.662
0.662
0.0415192
0.662
0.662
0.214161
0.662
0.444361
0.0275426
0.662
0.0118611
0.234285
0.0528178
0.662
0.30028
0.662
0.662
0.196262
0.662
0.637418
0.662
0.364771
0.203001
0.0212841
0.662
0.662
0.0741089
0.662
0.0381574
0.227853
0.460792
0.662
0.112494
0.662
0.662
0.609081
0.662
0.662
0.662
0.464491
0.662
0.454805
0.432875
0.470127
0.559351
0.662
0.242039
0.662
0.36149
0.220615
0.662
0.156574
0.228744
0.281964
0.336928
0.662
0.662
0.0111715
0.149071
0.144949
0.465865
0.662
0.662
0.662
0.662
0.662
0.348825
0.662
0.219064
0.0875278
0.417961
0.662
0.165704
0.31266
0.662
0.212934
0.00210668
0.299691
0.4032
0.130053
0.163434
0.285605
0.391947
0.662
0.662
0.580121
0.144426
0.662
0.662
0.662
0.662
0.0451422
0.662
0.662
0.38395
0.0911125
0.662
0.278521
0.166844
0.662
0.198355
0.662
0.182402
0.310165
0.280419
0.662
0.662
0.313319
0.447668
0.345911
0.127124
0.0545725
0.662
0.33338
0.249303
0.255811
0.662
0.662
0.662
0.662
0.662
0.662
0.662
0.282998
0.0181761
0.662
0.190744
0.662
0.217733
0.152408
0.662
0.662
0.0264649
0.662
0.662
0.12904
0.559265
0.662
0.282963
0.662
0.629763
0.662
0.662
0.152075
0.105846
0.295141
0.662
0.662
0.421404
0.200849
0.662
0.395862
0.282342
0.156672
0.110146
0.215735
0.662
0.662
0.085542
0.662
0.128115
0.662
0.136702
0.067477
0.662
0.662
0.662
0.265075
0.662
0.189134
0.662
0.662
0.662
0.248691
0.471047
0.204731
0.662
0.45156
0.662
0.112411
0.662
0.163012
0.662
0.225968
0.662
0.164804
0.662
0.662
0.307441
0.374026
0.382799
0.221237
0.476004
0.662
0.0288998
0.662
0.58521
0.0813164
0.365343
0.662
0.509237
0.662
0.662
0.662
0.662
0.662
0.662
0.119827
0.560271
0.662
0.238807
0.286125
0.662
0.662
0.228057
0.472923
0.218209
0.589137
0.375519
0.662
0.662
0.414121
0.234465
0.662
0.119881
0.129725
0.0530331
0.174845
0.662
0.238125
0.662
0.662
0.662
0.017453
0.662
0.662
0.662
0.662
0.662
0.662
0.224592
0.12677
0.343407
0.114083
0.466531
0.662
0.662
0.353572
0.662
0.662
0.662
0.662
0.662
0.412353
0.434491
0.662
0.320605
0.662
0.203199
0.221962
0.46582
0.662
0.28231
0.100102
0.662
0.662
0.198177
0.46473
0.662
0.440678
0.205316
0.296321
0.0455823
0.662
0.662
0.662
0.662
0.383794
0.394495
0.662
0.662
0.662
0.662
0.662
0.662
0.662
0.0254129
0.662
0.189081
0.662
0.444118
0.374118
0.662
0.662
0.662
0.662
0.20398
0.366747
0.662
0.662
0.313496
0.155572
0.317557
0.662
0.662
0.662
0.184787
0.150602
0.662
0.470958
0.407011
0.397207
0.0274746
0.662
0.300106
0.662
0.254418
0.0411323
0.662
0.662
0.258895
0.421047
0.662
0.662
0.662
0.422356
0.196338
0.339362
0.662
0.203669
0.662
0.0135689
0.0793469
0.662
0.662
0.662
0.662
0.662
0.662
0.662
0.353744
0.662
0.662
0.662
0.662
0.662
0.33749
0.578192
0.662
0.662
0.43503
0.662
0.662
0.662
0.662
0.662
0.331783
0.662
0.662
0.662
0.662
0.196901
0.662
0.00346305
0.662
0.662
0.662
0.662
0.276938
0.471864
0.662
0.662
0.282969
0.662
0.662
0.464924
0.662
0.351322
0.662
0.415265
0.662
0.244362
0.662
0.189071
0.662
0.00969808
0.0591137
0.248791
0.662
0.00591114
0.054399
0.662
0.246375
0.0329041
0.662
0.435857
0.294599
0.413719
0.218851
0.628653
0.662
0.662
0.183753
0.662
0.662
0.662
0.662
0.662
0.102276
0.453621
0.662
0.234375
0.492205
0.0560352
0.142924
0.662
0.436971
0.453912
