0.662
0.44527
0.662
0.662
0.0118611
0.662
0.662
0.662
0.633694
0.417588
0.358527
0.662
0.662
0.529582
0.662
0.662
0.219884
0.662
0.0396892
0.5764
0.662
0.662
0.366956
0.662
0.346247
0.204731
0.337638
0.0415223
0.0703388
0.48753
0.184348
0.662
0.229351
0.225863
0.425133
0.188273
0.0109876
0.228466
0.628653
0.265075
0.137133
0.425518
0.662
0.335857
0.411508
0.414121
0.662
0.230967
0.662
0.662
0.662
0.350104
0.217992
0.466903
0.662
0.662
0.662
0.662
0.374472
0.321103
0.662
0.280392
0.662
0.214517
0.662
0.662
0.378686
0.482035
0.662
0.662
0.662
0.06321
0.662
0.662
0.183753
0.662
0.217693
0.662
0.662
0.184787
0.470419
0.034901
0.283671
0.105544
0.662
0.662
0.281964
0.270117
0.662
0.662
0.0627016
0.0415192
0.0143462
0.139809
0.307441
0.662
0.662
0.141835
0.120661
0.662
0.662
0.443095
0.199038
0.306067
0.662
0.296959
0.662
0.662
0.662
0.37895
0.559351
0.662
0.662
0.12806
0.662
0.662
0.662
0.339774
0.457176
0.662
0.191986
0.662
0.662
0.662
0.36876
0.662
0.662
0.662
0.662
0.476004
0.662
0.341443
0.125603
0.662
0.128181
0.372266
0.051674
0.120508
0.662
0.409404
0.662
0.583271
0.662
0.662
0.132371
0.644893
0.413719
0.0598706
0.119827
0.17287
0.662
0.0291818
0.662
0.196338
0.662
0.277516
0.662
0.662
0.662
0.662
0.662
0.662
0.339362
0.0299434
0.662
0.340148
0.662
0.454002
0.662
0.31266
0.196621
0.0602879
0.38395
0.662
0.662
0.387774
0.662
0.158888
0.0835194
0.662
0.662
0.662
0.0962465
0.464042
0.662
0.662
0.662
0.196773
0.662
0.447475
0.662
0.106314
0.662
0.468994
0.662
0.349677
0.662
0.662
0.196098
0.218209
0.460993
0.662
0.662
0.662
0.662
0.221962
0.662
0.095907
0.441143
0.0451422
0.662
0.662
0.466859
0.414443
0.365343
0.0500838
0.115676
0.662
0.662
0.662
0.405909
0.662
0.662
0.360317
0.0449762
0.662
0.662
0.662
0.304825
0.662
0.662
0.662
0.142752
0.662
0.662
0.157407
0.110965
0.662
0.0559317
0.662
0.193462
0.662
0.441596
0.662
0.662
0.350833
0.237352
0.662
0.325102
0.0560352
0.470971
0.662
0.518062
0.662
0.662
0.0842475
0.231286
0.662
0.054399
0.100149
0.0281237
0.662
0.274254
0.14039
0.662
0.0709351
0.0462424
0.299954
0.662
0.658721
0.125351
0.662
0.662
0.034996
0.102276
0.288994
0.662
0.662
0.193523
0.662
0.662
0.455378
0.333965
0.233156
0.662
0.662
0.282342
0.662
0.662
0.321055
0.662
0.303946
0.374943
0.662
0.224603
0.662
0.00566353
0.662
0.498179
0.466241
0.662
0.662
0.662
0.0896503
0.0465466
0.637418
0.662
0.192687
0.35153
0.165071
0.435857
0.662
0.662
0.556689
0.280059
0.662
0.127985
0.662
0.662
0.37304
0.136417
0.044086
0.662
0.662
0.030859
0.662
0.254418
0.124456
0.0906805
0.662
0.662
0.662
0.352996
0.662
0.640282
0.263372
0.662
0.319178
0.662
0.174413
0.121761
0.662
0.277815
0.136666
0.202283
0.662
0.662
0.662
0.151509
0.662
0.231424
0.662
0.471943
0.662
0.471658
0.662
0.662
0.631998
0.662
0.507217
0.662
0.662
0.222814
0.662
0.102271
0.148407
0.434426
0.662
0.662
0.47253
0.662
0.441553
0.342073
0.662
0.662
0.522794
0.662
0.662
0.390317
0.662
0.662
0.662
0.266265
0.375519
0.310858
0.208002
0.0903261
0.662
0.662
0.279327
0.662
0.0942361
0.109
0.662
0.203199
0.396101
0.662
0.0103143
0.662
0.187748
0.662
0.309548
0.662
0.662
0.14661
0.0930066
0.662
0.476636
0.62897
0.662
0.662
0.662
0.463844
0.28709
0.294599
0.427271
0.394653
0.662
0.662
0.662
0.361733
0.644901
0.662
0.130053
0.662
0.0298023
0.435207
0.662
0.238125
0.662
0.224654
0.421849
0.662
0.470958
0.156672
0.662
0.103343
0.136296
0.166519
0.662
0.662
0.662
0.317557
0.662
0.217733
0.662
0.662
0.404602
0.207729
0.662
0.662
0.662
0.489145
0.434491
0.0258076
0.0918293
0.127541
0.662
0.457942
0.0979924
0.30508
0.662
0.424695
0.0212723
0.662
0.104152
0.662
0.662
0.662
0.353572
0.662
0.662
0.439366
0.662
0.662
0.662
0.0939197
0.3866
0.662
0.662
0.237448
0.662
0.662
0.662
0.451627
0.332478
0.00189781
0.416219
0.422906
0.241272
0.662
0.662
0.444408
0.662
0.228793
0.458205
0.106457
0.159663
0.662
0.662
0.41922
0.662
0.30922
0.351049
0.431194
0.662
0.662
0.662
0.662
0.43503
0.662
0.662
0.136273
0.172671
0.662
0.0925799
0.662
0.662
0.0288998
0.662
0.121802
0.119686
0.662
0.662
0.341013
0.662
0.662
0.399303
0.662
0.662
0.662
0.410109
0.343126
0.662
0.662
0.662
0.300106
0.492225
0.662
0.662
0.662
0.0449949
0.306531
0.46435
0.662
0.662
0.662
0.50049
0.017768
0.662
0.662
0.662
0.0560862
0.662
0.662
0.0883507
0.662
0.432296
0.662
0.383544
0.257957
0.662
0.353744
0.662
0.662
0.662
0.217136
0.363635
0.662
0.396834
0.0934602
0.662
0.662
0.662
0.0561032
0.662
0.662
0.110641
0.00081955
0.662
0.662
0.662
0.189377
0.268189
0.433753
0.401875
0.662
0.114176
0.00826072
0.247194
0.367373
0.662
0.20398
0.662
0.662
0.662
0.662
0.662
0.662
0.453251
0.182402
0.662
0.467845
0.662
0.282998
0.662
0.195608
0.662
0.662
0.662
0.266934
0.662
0.106629
0.662
0.662
0.662
0.0720372
0.662
0.451423
0.662
0.662
0.662
0.106019
0.366747
0.662
0.662
0.662
0.662
0.114682
0.662
0.186044
0.413698
0.109419
0.252884
0.662
0.662
0.662
0.472923
0.126537
0.415026
0.662
0.357077
0.405337
0.155572
0.662
0.662
0.152218
0.372156
0.0461879
0.662
0.662
0.31686
0.283954
0.369472
0.0178966
0.0591137
0.205775
0.29656
0.662
0.20465
0.662
0.662
0.662
0.662
0.662
0.658173
0.662
0.662
0.662
0.232032
0.662
0.662
0.662
0.0194052
0.662
0.662
0.446616
0.662
0.0954055
0.662
0.662
0.662
0.662
0.662
0.35427
0.421436
0.374664
0.662
0.0774138
0.662
0.662
0.662
0.662
0.188642
0.662
0.0846001
0.662
0.351322
0.504759
0.44288
0.0369414
0.662
0.127702
0.328396
0.11261
0.0274746
0.662
0.40371
0.662
0.662
0.445535
0.662
0.662
0.662
0.662
0.179457
0.431019
0.135337
0.662
0.284052
0.662
0.662
0.662
0.417961
0.662
0.662
0.662
0.662
0.662
0.662
0.662
0.662
0.662
0.662
0.223712
0.662
0.662
0.662
0.662
0.662
0.189081
0.0254129
0.00346305
0.662
0.662
0.360424
0.662
0.0926456
0.662
0.411947
0.662
0.310438
0.357393
0.262967
0.0111715
0.662
0.662
0.459943
0.256693
0.451418
0.264783
0.240244
0.662
0.336284
0.456734
0.662
0.662
0.159716
0.662
0.179197
0.0424142
0.296554
0.662
0.046777
0.662
0.00967971
0.662
0.662
0.662
0.631024
0.662
0.662
0.662
0.662
0.280419
0.341017
0.662
0.110504
0.662
0.662
0.0358704
0.662
0.251386
0.662
0.161993
0.662
0.426751
0.662
0.345729
0.0872947
0.563818
0.662
0.662
0.662
0.662
0.286037
0.662
0.426132
0.662
0.662
0.662
0.662
0.348825
0.0114952
0.436418
0.46582
0.0280408
0.16304
0.453621
0.662
0.175608
0.662
0.152075
0.165704
0.226631
0.219064
0.662
0.662
0.0911125
0.662
0.662
0.662
0.662
0.662
0.662
0.662
0.347743
0.662
0.107152
0.662
0.342822
0.662
0.662
0.126753
0.662
0.169558
0.0401555
0.662
0.662
0.662
0.662
0.662
0.662
0.25428
0.186489
0.304357
0.662
0.662
0.101756
0.662
0.297454
0.662
0.308296
0.345956
0.228631
0.419554
0.0882243
0.267446
0.0944668
0.662
0.662
0.662
0.398956
0.662
0.390328
0.662
0.662
0.196579
0.396247
0.662
0.0544624
0.462423
0.662
0.662
0.406387
0.326252
0.662
0.117809
0.662
0.381566
0.234375
0.20686
0.662
0.415265
0.224134
0.662
0.662
0.662
0.662
0.163401
0.662
0.210502
0.0381574
0.391148
0.451073
0.497636
0.471779
0.662
0.474242
0.662
0.128115
0.163434
0.357528
0.662
0.159635
0.230541
0.483243
0.662
0.662
0.0990478
0.662
0.208822
0.662
0.136702
0.662
0.290213
0.0942194
0.662
0.205316
0.468251
0.226686
0.662
0.662
0.440354
0.14071
0.595981
0.662
0.455045
0.285605
0.662
0.028451
0.662
0.662
0.662
0.178064
0.273288
0.389396
0.167844
0.439948
0.662
0.289517
0.0321942
0.462757
0.662
0.0282255
0.662
0.460148
0.662
0.662
0.662
0.662
0.225067
0.309189
0.662
0.174845
0.142924
0.662
0.442679
0.662
0.662
0.662
0.662
0.0331629
0.662
0.550768
0.283132
0.206548
0.460792
0.0861017
0.662
0.662
0.241069
0.405854
0.0152323
0.255811
0.28714
0.662
0.662
0.205843
0.150602
0.662
0.662
0.662
0.662
0.206441
0.450746
0.163159
0.662
0.662
0.185312
0.119881
0.662
0.193419
0.662
0.662
0.662
0.662
0.662
0.662
0.386212
0.662
0.662
0.358843
0.424433
0.490906
0.662
0.517381
0.662
0.331783
0.0394414
0.247175
0.662
0.662
0.32262
0.662
0.662
0.0634084
0.00898025
0.662
0.196026
0.662
0.662
0.408673
0.662
0.662
0.446747
0.662
0.662
0.662
0.662
0.264905
0.662
0.0925766
0.474768
0.198543
0.422356
0.229975
0.662
0.662
0.230029
0.662
0.662
0.662
0.127124
0.113304
0.662
0.472395
0.582702
0.662
0.662
0.662
0.220615
0.440678
0.662
0.126946
0.662
0.149071
0.662
0.0275239
0.662
0.237795
0.499043
0.662
0.465765
0.00210668
0.102193
0.307739
0.470127
0.662
0.0275426
0.662
0.662
0.662
0.0706787
0.0919923
0.0639804
0.662
0.294675
0.662
0.189748
0.662
0.662
0.662
0.232371
0.662
0.662
0.470396
0.662
0.131125
0.662
0.662
0.662
0.293408
0.662
0.662
0.4208
0.417074
0.0181761
0.662
0.662
0.194407
0.662
0.662
0.0776313
0.453912
0.085542
0.364771
0.662
0.414046
0.175471
0.662
