0.466186
0.137186
0.662
0.0598509
0.0155686
0.662
0.00418248
0.446276
0.662
0.662
0.662
0.276956
0.662
0.662
0.394943
0.423023
0.662
0.629763
0.662
0.662
0.662
0.662
0.428239
0.432496
0.662
0.277946
0.506343
0.417972
0.00105039
0.662
0.189523
0.662
0.662
0.252914
0.0496686
0.662
0.662
0.546948
0.447126
0.461958
0.662
0.348669
0.662
0.662
0.662
0.0998225
0.662
0.31553
0.662
0.369999
0.662
0.662
0.55568
0.662
0.342549
0.662
0.369604
0.244335
0.662
0.261483
0.662
0.416278
0.309182
0.386142
0.222283
0.662
0.662
0.610535
0.662
0.397504
0.0502639
0.0133158
0.662
0.662
0.419891
0.0140551
0.431617
0.0308135
0.105833
0.662
0.399058
0.662
0.392717
0.662
0.662
0.309598
0.396467
0.662
0.411336
0.00689891
0.232838
0.662
0.209778
0.662
0.478218
0.120876
0.662
0.662
0.662
0.254148
0.662
0.355927
0.0841432
0.300104
0.662
0.662
0.662
0.662
0.47467
0.662
0.662
0.142223
0.662
0.437634
0.211147
0.662
0.258103
0.335195
0.482119
0.351095
0.662
0.348173
0.662
0.662
0.414903
0.662
0.662
0.662
0.662
0.662
0.363965
0.154797
0.662
0.662
0.662
0.321399
0.252823
0.662
0.125262
0.662
0.268916
0.0639843
0.662
0.0113064
0.235578
0.0616509
0.662
0.304509
0.662
0.662
0.0632571
0.662
0.448321
0.33103
0.168887
0.662
0.319494
0.326917
0.662
0.326305
0.146778
0.662
0.414222
0.662
0.0144168
0.662
0.662
0.662
0.662
0.215982
0.26862
0.392333
0.662
0.662
0.662
0.662
0.662
0.662
0.662
0.371339
0.375066
0.662
0.662
0.662
0.0636688
0.662
0.662
0.113608
0.249295
0.662
0.398347
0.395498
0.217061
0.662
0.0853384
0.662
0.662
0.662
0.662
0.328145
0.0497194
0.662
0.662
0.323214
0.662
0.662
0.327647
0.278586
0.662
0.662
0.0622591
0.174743
0.662
0.472328
0.282851
0.662
0.662
0.662
0.446253
0.662
0.37188
0.430854
0.320744
0.662
0.662
0.662
0.662
0.662
0.662
0.662
0.403373
0.662
0.662
0.662
0.0332838
0.218774
0.662
0.662
0.662
0.662
0.0985367
0.662
0.662
0.662
0.259268
0.662
0.662
0.346948
0.402203
0.472827
0.662
0.063841
0.662
0.0265664
0.0342026
0.33282
0.662
0.472427
0.0153487
0.662
0.554374
0.662
0.662
0.662
0.662
0.662
0.662
0.662
0.0707766
0.200866
0.662
0.662
0.424979
0.46846
0.662
0.531833
0.257068
0.186699
0.0616703
0.0703124
0.662
0.662
0.390583
0.662
0.662
0.662
0.44744
0.662
0.495942
0.662
0.204483
0.135006
0.660345
0.40656
0.662
0.662
0.662
0.0856278
0.662
0.662
0.241675
0.662
0.662
0.662
0.456957
0.251324
0.662
0.662
0.662
0.662
0.662
0.662
0.168975
0.065899
0.190151
0.548076
0.662
0.361769
0.187259
0.254962
0.662
0.662
0.662
0.662
0.662
0.146869
0.635804
0.662
0.662
0.290083
0.0905599
0.397306
0.307668
0.662
0.662
0.662
0.662
0.662
0.662
0.662
0.0214723
0.662
0.662
0.662
0.662
0.189834
0.662
0.021166
0.662
0.662
0.441149
0.343051
0.662
0.662
0.196613
0.490924
0.662
0.58565
0.0230238
0.261548
0.320804
0.662
0.662
0.662
0.53383
0.662
0.463524
0.0485637
0.147197
0.41836
0.136612
0.438574
0.662
0.662
0.662
0.662
0.0425515
0.143875
0.503152
0.269738
0.662
0.385166
0.0484759
0.486859
0.34867
0.17878
0.662
0.0510886
0.427606
0.662
0.662
0.17562
0.298001
0.662
0.510076
0.662
0.662
0.448126
0.662
0.662
0.662
0.353022
0.476604
0.662
0.662
0.0278292
0.353899
0.662
0.662
0.219731
0.662
0.305329
0.662
0.249346
0.126467
0.662
0.662
0.428875
0.662
0.662
0.662
0.384878
0.0935272
0.225908
0.0663672
0.662
0.662
0.0706077
0.326283
0.662
0.135637
0.433714
0.662
0.12427
0.662
0.328894
0.662
0.150116
0.662
0.662
0.662
0.662
0.662
0.00583627
0.167748
0.276956
0.205041
0.384764
0.662
0.662
0.662
0.662
0.290732
0.662
0.142055
0.662
0.447276
0.662
0.662
0.662
0.0368522
0.662
0.662
0.308088
0.662
0.662
0.43314
0.662
0.284382
0.188931
0.662
0.662
0.662
0.249637
0.146609
0.662
0.62863
0.542553
0.240341
0.662
0.438794
0.326882
0.307754
0.662
0.434904
0.662
0.526446
0.662
0.0954752
0.662
0.662
0.217796
0.434434
0.387295
0.662
0.469442
0.662
0.263613
0.662
0.662
0.662
0.662
0.222702
0.662
0.662
0.662
0.153484
0.662
0.662
0.347583
0.662
0.662
0.258623
0.200518
0.662
0.0623953
0.662
0.328373
0.475694
0.210642
0.247118
0.662
0.245859
0.513338
0.662
0.662
0.662
0.662
0.274748
0.662
0.32603
0.662
0.662
0.419528
0.396879
0.227832
0.555452
0.469123
0.662
0.662
0.354181
0.303889
0.662
0.387443
0.435188
0.662
0.371821
0.0955347
0.662
0.196148
0.377453
0.516042
0.45109
0.662
0.662
0.662
0.264398
0.662
0.286773
0.0161107
0.662
0.0542805
0.662
0.247119
0.662
0.0994908
0.078466
0.662
0.662
0.662
0.662
0.12196
0.198944
0.247265
0.662
0.662
0.662
0.662
0.256215
0.662
0.662
0.662
0.495274
0.662
0.662
0.29964
0.0953629
0.662
0.267996
0.122957
0.120043
0.662
0.662
0.662
0.662
0.219988
0.134923
0.662
0.269018
0.36746
0.662
0.164239
0.176871
0.662
0.662
0.662
0.662
0.44044
0.662
0.0232352
0.662
0.263569
0.662
0.662
0.662
0.142381
0.412864
0.375234
0.348048
0.662
0.662
0.662
0.0430361
0.425405
0.455171
0.147964
0.662
0.481471
0.303529
0.273905
0.662
0.442714
0.0410746
0.662
0.662
0.662
0.662
0.662
0.241868
0.477108
0.662
0.383062
0.662
0.662
0.662
0.230547
0.662
0.0185318
0.662
0.662
0.193187
0.662
0.662
0.662
0.104496
0.432051
0.662
0.18229
0.0955788
0.662
0.0119478
0.233981
0.662
0.662
0.662
0.036723
0.662
0.662
0.11778
0.662
0.332819
0.662
0.577616
0.662
0.317225
0.00340849
0.0804086
0.662
0.209507
0.268709
0.298702
0.045914
0.662
0.662
0.426045
0.397014
0.662
0.662
0.662
0.396846
0.662
0.356517
0.0533496
0.219874
0.662
0.662
0.0379208
0.662
0.662
0.276038
0.266208
0.662
0.662
0.368883
0.662
0.662
0.662
0.385751
0.313109
0.662
0.662
0.340104
0.662
0.150104
0.662
0.623354
0.26055
0.662
0.662
0.662
0.662
0.662
0.0242917
0.662
0.662
0.662
0.315305
0.334643
0.662
0.173008
0.471532
0.662
0.662
0.109871
0.0709869
0.662
0.662
0.0969979
0.662
0.662
0.0974085
0.662
0.662
0.662
0.141842
0.368473
0.0576718
0.662
0.0397611
0.0073712
0.484576
0.662
0.175782
0.226828
0.213565
0.662
0.662
0.662
0.311703
0.662
0.638989
0.177123
0.662
0.662
0.662
0.416824
0.186901
0.477465
0.662
0.662
0.547511
0.446724
0.133332
0.662
0.30076
0.662
0.662
0.000945136
0.256886
0.662
0.662
0.189915
0.631338
0.662
0.662
0.662
0.32287
0.662
0.662
0.225368
0.248268
0.662
0.0499852
0.233953
0.662
0.359347
0.0168661
0.454246
0.408084
0.662
0.662
0.662
0.662
0.662
0.221954
0.662
0.662
0.309939
0.662
0.334679
0.39816
0.662
0.662
0.0980955
0.662
0.105429
0.098948
0.303077
0.542388
0.356422
0.662
0.271972
0.225862
0.662
0.662
0.104774
0.662
0.237228
0.662
0.662
0.145645
0.662
0.662
0.662
0.662
0.662
0.309694
0.525356
0.662
0.467069
0.662
0.662
0.662
0.662
0.234732
0.662
0.443222
0.662
0.225691
0.357773
0.122583
0.662
0.662
0.23243
0.662
0.662
0.662
0.662
0.0210607
0.662
0.662
0.662
0.662
0.534853
0.34513
0.0285213
0.392772
0.662
0.662
0.662
0.662
0.662
0.235401
0.662
0.132835
0.662
0.0498234
0.662
0.662
0.662
0.662
0.662
0.662
0.597098
0.0198735
0.662
0.0524468
0.367281
0.662
0.662
0.662
0.662
0.662
0.460806
0.662
0.38296
0.276275
0.474544
0.662
0.662
0.662
0.34687
0.662
0.662
0.662
0.662
0.338168
0.498393
0.189607
0.508472
0.147215
0.662
0.662
0.26744
0.424394
0.662
0.40081
0.662
0.285099
0.662
0.506368
0.662
0.245854
0.662
0.662
0.662
0.242682
0.272818
0.662
0.662
0.475867
0.191588
0.270531
0.0792884
0.498564
0.447844
0.662
0.662
0.377865
0.662
0.662
0.127473
0.662
0.103922
0.45678
0.662
0.0378381
0.662
0.466168
0.158934
0.662
0.662
0.00387882
0.335503
0.128409
0.662
0.662
0.662
0.662
0.662
0.0891981
0.201289
0.455303
0.299998
0.0206048
0.233073
0.0979194
0.662
0.379014
0.0908941
0.662
0.658318
0.384364
0.662
0.431066
0.14356
0.662
0.662
0.662
0.662
0.662
0.662
0.662
0.0454599
0.662
0.0538402
0.113065
0.662
0.534694
0.662
0.134221
0.127191
0.662
0.662
0.662
0.662
0.0130102
0.596825
0.662
0.322849
0.662
0.662
0.662
0.361168
0.413267
0.662
0.662
0.662
0.662
0.343814
0.662
0.457396
0.21298
0.662
0.662
0.662
0.662
0.133075
0.662
0.463114
0.662
0.662
0.662
0.0779385
0.266495
0.662
0.662
0.245325
0.662
0.464539
0.662
0.171289
0.365528
0.662
0.662
0.662
0.465883
0.0555323
0.662
0.662
0.539214
0.662
0.441797
0.662
0.226066
0.662
0.141248
0.384065
0.268672
0.408438
0.389449
0.662
0.662
0.662
0.38711
0.662
0.421066
0.662
0.380641
0.662
0.221009
0.451089
0.662
0.662
0.308393
0.662
0.662
0.216685
0.252612
0.662
0.662
0.53381
0.375078
0.662
0.662
0.662
0.449216
0.662
0.10448
0.369576
0.662
0.433159
0.662
0.662
0.662
0.662
0.662
0.553653
0.557101
0.327435
0.169347
0.662
0.662
0.446223
0.229129
0.662
0.113357
0.662
0.217543
0.662
0.662
0.315867
0.662
0.476903
0.432742
0.41404
0.662
0.22856
0.662
0.662
0.662
0.662
0.109366
0.662
0.662
0.662
0.473467
0.662
0.662
0.295472
0.0718543
0.662
0.38985
0.501094
0.530862
0.544712
0.662
0.00855971
0.198802
0.0226934
0.662
0.377771
0.470644
0.662
0.662
0.662
0.192124
0.662
0.662
0.371823
0.316857
0.280879
0.0257645
0.662
0.662
0.662
0.262948
0.662
0.662
0.405081
0.59258
0.662
0.386275
0.662
0.197088
0.0499902
0.18904
0.662
0.401234
0.662
0.124309
0.662
0.408499
0.662
0.633391
0.662
0.264634
0.354726
0.662
0.481998
0.432802
0.115849
0.662
0.0705631
0.450706
0.662
0.074739
0.0517453
0.662
0.338746
0.604282
0.662
0.662
0.662
0.307335
0.662
0.662
0.662
0.662
0.413607
0.662
0.662
0.662
0.662
0.456966
0.662
0.662
0.397942
0.0601735
0.662
0.662
0.205831
0.300389
0.662
0.662
0.590033
0.662
0.471956
0.662
0.218876
0.310731
0.10419
0.662
0.378553
0.662
0.310779
0.662
0.662
0.662
0.662
0.662
0.662
0.662
0.3933
0.662
0.212052
0.0898345
0.662
0.277978
0.662
0.662
0.662
0.662
0.400417
0.662
0.662
0.150333
0.662
0.662
0.411138
0.454994
0.662
0.213207
0.0823209
0.477179
0.662
0.065726
0.0278847
0.096951
0.662
0.361244
0.662
0.132893
0.197926
0.662
0.662
0.662
0.100141
0.4557
0.662
0.662
0.662
0.151678
0.662
0.662
0.595832
0.662
0.662
0.662
0.662
0.0451265
0.207683
0.662
0.417084
0.662
0.662
0.662
0.455761
0.362946
0.616132
0.662
0.185204
0.515968
0.143342
0.399778
0.662
0.086866
0.0324908
0.136622
0.662
0.417827
0.283305
0.159103
0.0802695
0.662
0.662
0.662
0.662
0.662
0.662
0.662
0.0466694
0.282664
0.662
0.662
0.662
0.662
0.118811
0.0216911
0.0556337
0.432651
0.662
0.24466
0.226847
0.662
0.125027
0.662
0.662
0.116113
0.151901
0.662
0.662
0.381292
0.662
0.662
0.662
0.662
0.662
0.662
0.221859
0.249765
0.662
0.662
0.662
0.662
0.010729
0.302141
0.181399
0.129902
0.662
0.167586
0.662
0.293003
0.662
0.414155
0.0763238
0.114974
0.166809
0.593974
0.662
0.662
0.405128
0.662
0.330258
0.662
0.376239
0.370224
0.662
0.662
0.413873
0.104443
0.242746
0.210345
0.649666
0.128662
0.662
0.662
0.662
0.0532018
0.275243
0.662
0.662
0.662
0.199478
0.324243
0.186553
0.662
0.0933075
0.0624849
0.662
0.471466
0.662
0.454503
0.0965843
0.463865
0.662
0.662
0.409555
0.662
0.662
0.0286195
0.155816
0.345423
0.662
0.662
0.662
0.662
0.662
0.361898
0.662
0.662
0.291734
0.403954
0.527046
0.226202
0.662
0.662
0.662
0.206685
0.181378
0.662
0.33677
0.198933
0.662
0.662
0.231326
0.662
0.366799
0.662
0.188652
0.662
0.662
0.662
0.289531
0.200988
0.157788
0.662
0.662
0.441017
0.662
0.662
0.167993
0.662
0.662
0.268981
0.662
0.662
0.662
0.662
0.345139
0.662
0.662
0.485644
0.662
0.662
0.662
0.662
0.416335
0.314931
0.151624
0.662
0.662
0.378687
0.532713
0.662
0.662
0.325726
0.662
0.662
0.662
0.662
0.662
0.662
0.295856
0.507504
0.111982
0.507428
0.183083
0.0907017
0.662
0.662
0.208182
0.3497
0.662
0.184193
0.662
0.291651
0.662
0.662
0.662
0.164389
0.662
0.662
0.662
0.662
0.116747
0.029086
0.662
0.662
0.662
0.662
0.449504
0.44525
0.539747
0.662
0.43421
0.401851
0.662
0.662
0.32055
0.662
0.662
0.427358
0.662
0.662
0.662
0.662
0.662
0.195162
0.662
0.083363
0.461859
0.662
0.237112
0.635485
0.662
0.296585
0.470016
0.453426
0.532227
0.662
0.0325481
0.662
0.662
0.662
0.00341507
0.662
0.33039
0.662
0.662
0.662
0.192655
0.662
0.662
0.190923
0.662
0.662
0.662
0.662
0.438527
0.662
0.662
0.0945447
0.662
0.469318
0.0928348
0.662
0.662
0.2527
0.662
0.547901
0.662
0.330519
0.662
0.662
0.3159
0.662
0.662
0.417133
0.662
0.120506
0.354183
0.662
0.662
0.14367
0.385263
0.101581
0.269324
0.355158
0.662
0.468581
0.662
0.139893
0.662
0.662
0.189415
0.557458
0.0867862
0.662
0.662
0.27304
0.662
0.555267
0.662
0.569506
0.103538
0.456398
0.662
0.662
0.662
0.662
0.113557
0.662
0.0996342
0.168429
0.131022
0.449045
0.433336
0.163729
0.662
0.373364
0.662
0.662
0.662
0.505975
0.360435
0.46588
0.153698
0.662
0.662
0.662
0.662
0.662
0.176671
0.662
0.662
0.662
0.662
0.662
0.662
0.127425
0.550949
0.662
0.662
0.662
0.662
0.449264
0.169168
0.0350042
0.200765
0.662
0.662
0.252034
0.298396
0.662
0.148396
0.662
0.662
0.394787
0.662
0.225813
0.0244261
0.662
0.476752
0.662
0.420271
0.662
0.0767262
0.113066
0.0530482
0.662
0.102125
0.0578672
0.662
0.358008
0.662
0.662
0.662
0.662
0.662
0.662
0.662
0.662
0.662
0.662
0.154248
0.437316
0.447267
0.322323
0.357589
0.337858
0.662
0.628982
0.662
0.662
0.0167815
0.662
0.662
0.662
0.10913
0.305363
0.0510226
0.662
0.662
0.662
0.662
0.333504
0.662
0.662
0.662
0.226785
0.662
0.0258202
0.360108
0.234252
0.263052
0.411294
0.662
0.662
0.154929
0.662
0.155504
0.127293
0.229774
0.662
0.662
0.313138
0.194976
0.662
0.126534
0.662
0.193729
0.276663
0.662
0.582264
0.662
0.190392
0.662
0.353445
0.662
0.304999
0.337427
0.662
0.0420111
0.662
0.662
0.662
0.662
0.662
0.662
0.662
0.662
0.409326
0.662
0.443215
0.662
0.662
0.585997
0.662
0.151358
0.662
0.0983538
0.34809
0.0377375
0.153045
0.662
0.00304675
0.370105
0.198945
0.424585
0.209119
0.662
0.662
0.662
0.662
0.662
0.662
0.0158347
0.662
0.662
0.662
0.662
0.318826
0.0168752
0.329954
0.662
0.662
0.662
0.0534736
0.662
0.662
0.0417845
0.425713
0.111383
0.662
0.419316
0.662
0.182468
0.0660865
0.662
0.662
0.662
0.422737
0.153873
0.662
0.662
0.662
0.401312
0.662
0.662
0.662
0.42092
0.0938796
0.278673
0.662
0.662
0.216599
0.210161
0.662
0.092561
0.662
0.20288
0.662
0.222488
0.0640977
0.662
0.662
0.662
0.446202
0.15422
0.323041
0.0318943
0.230479
0.662
0.0867634
0.662
0.662
0.662
0.662
0.151953
0.662
0.352732
0.662
0.3267
0.662
0.169063
0.418117
0.288492
0.292775
0.662
0.229744
0.662
0.662
0.662
0.662
0.662
0.254486
0.662
0.369083
0.662
0.505631
0.662
0.382698
0.168944
0.0404699
0.398231
0.662
0.0368278
0.662
0.662
0.0772977
0.662
0.662
0.662
0.37749
0.662
0.427973
0.662
0.662
0.662
0.662
0.662
0.662
0.662
0.662
0.662
0.662
0.585211
0.662
0.447504
0.662
0.662
0.662
0.547655
0.346581
0.662
0.206543
0.662
0.662
0.252842
0.662
0.392196
0.124214
0.662
0.662
0.385738
0.609291
0.662
0.662
0.662
0.397282
0.662
0.662
0.662
0.662
0.662
0.000449103
0.662
0.662
0.662
0.662
0.662
0.662
0.389926
0.662
0.662
0.113311
0.662
0.662
0.662
0.662
0.50292
0.446414
0.16735
0.0990299
0.662
0.116033
0.224245
0.662
0.662
0.312874
0.105136
0.662
0.210811
0.386848
0.358434
0.150374
0.275181
0.0203804
0.662
0.662
0.0427091
0.414745
0.662
0.204204
0.662
0.662
0.662
0.662
0.662
0.662
0.429138
0.662
0.662
0.662
0.412667
0.662
0.662
0.662
0.475184
0.662
0.0260186
0.662
0.662
0.662
0.473928
0.662
0.662
0.662
0.662
0.662
0.396993
0.295166
0.662
0.349681
0.662
0.0203109
0.662
0.662
0.662
0.0237329
0.662
0.662
0.662
0.213347
0.310384
0.185391
0.662
0.662
0.0785014
0.662
0.662
0.092602
0.354916
0.335107
0.662
0.0615476
0.662
0.265758
0.662
0.662
0.122123
0.585881
0.662
0.424657
0.016397
0.662
0.662
0.320247
0.255267
0.421255
0.662
0.0147054
0.662
0.424087
0.271679
0.662
0.460274
0.662
0.662
0.662
0.310713
0.0156259
0.662
0.167701
0.662
0.662
0.662
0.662
0.28721
0.662
0.338372
0.662
0.250425
0.03725
0.662
0.100942
0.662
0.257899
0.662
0.662
0.662
0.314433
0.00886396
0.662
0.662
0.361403
0.662
0.662
0.662
0.0365243
0.662
0.662
0.192407
0.332689
0.524005
0.662
0.662
0.13417
0.00529714
0.00641225
0.662
0.223655
0.375014
0.662
0.629706
0.662
0.197383
0.662
0.254447
0.321113
0.662
0.125644
0.662
0.662
0.662
0.662
0.662
0.662
0.662
0.662
0.169003
0.662
0.228338
0.662
0.662
0.662
0.662
0.662
0.662
0.662
0.431311
0.278405
0.0158048
0.662
0.0497067
0.662
0.59396
0.662
0.662
0.662
0.330654
0.662
0.15042
0.662
0.156113
0.662
0.27251
0.662
0.266224
0.144701
0.253878
0.0291603
0.0151497
0.0416081
0.327057
0.662
0.0153708
0.418237
0.662
0.131299
0.262879
0.487159
0.662
0.527852
0.662
0.662
0.662
0.662
0.662
0.662
0.662
0.141242
0.662
0.513198
0.662
0.662
0.662
0.280762
0.61648
0.333892
0.27513
0.662
0.662
0.275222
0.00625097
0.358958
0.662
0.662
0.333482
0.176854
0.662
0.662
0.662
0.662
0.662
0.662
0.662
0.111111
0.439593
0.662
0.662
0.059201
0.662
0.662
0.662
0.105581
0.662
0.0654875
0.662
0.662
0.662
0.662
0.184064
0.375681
0.662
0.090456
0.662
0.662
0.662
0.662
0.662
0.662
0.662
0.231383
0.662
0.340947
0.466262
0.419592
0.662
0.662
0.0308018
0.662
0.380882
0.662
0.513621
0.206165
0.662
0.284027
0.0252187
0.662
0.662
0.212897
0.257405
0.279181
0.325027
0.662
0.00766057
0.404872
0.662
0.298834
0.662
0.327428
0.310372
0.0591813
0.662
0.432985
0.662
0.285842
0.662
0.662
0.662
0.662
0.530037
0.431625
0.0789443
0.662
0.662
0.571719
0.662
0.422046
0.303401
0.662
0.0584496
0.662
0.662
0.250609
0.662
0.227951
0.662
0.662
0.662
0.662
0.662
0.278572
0.011468
0.662
0.662
0.565409
0.662
0.662
0.011951
0.0315737
0.30782
0.0282613
0.662
0.109699
0.237605
0.280573
0.309842
0.0980037
0.223462
0.329641
0.00257625
0.0492471
0.662
0.0164902
0.197275
0.428779
0.277237
0.0178522
0.662
0.662
0.662
0.333109
0.389241
0.532482
0.662
0.662
0.662
0.662
0.303758
0.662
0.662
0.14634
0.0991259
0.209154
0.662
0.662
0.541079
0.184378
0.0810432
0.187153
0.662
0.662
0.662
0.429868
0.197035
0.662
0.662
0.14184
0.662
0.662
0.662
0.662
0.107694
0.496262
0.163454
0.406475
0.213157
0.474072
0.0721088
0.524002
0.662
0.662
0.662
0.172888
0.662
0.662
0.662
0.662
0.662
0.397393
0.407817
0.0312216
0.0742065
0.344204
0.662
0.505035
0.367533
0.291246
0.112841
0.662
0.662
0.428309
0.662
0.311148
0.662
0.662
0.451362
0.452657
0.662
0.232457
0.265824
0.313371
0.0837666
0.461941
0.662
0.662
0.101218
0.662
0.662
0.662
0.662
