0.432324
0.662
0.259846
0.662
0.629706
0.251631
0.662
0.286354
0.662
0.662
0.662
0.662
0.611663
0.000877171
0.662
0.433357
0.356031
0.662
0.0270608
0.662
0.334441
0.662
0.662
0.662
0.662
0.0762438
0.402244
0.662
0.662
0.117239
0.413047
0.662
0.662
0.390575
0.325412
0.662
0.662
0.104632
0.662
0.662
0.0288622
0.662
0.662
0.662
0.0748518
0.20466
0.662
0.29308
0.662
0.619584
0.0722121
0.662
0.662
0.662
0.461409
0.662
0.662
0.366483
0.662
0.662
0.249989
0.662
0.148021
0.662
0.662
0.662
0.601649
0.662
0.662
0.595888
0.662
0.662
0.662
0.0744565
0.392928
0.408751
0.662
0.140529
0.110221
0.662
0.216334
0.662
0.184997
0.142343
0.662
0.302661
0.236152
0.662
0.104593
0.642141
0.31093
0.424487
0.525223
0.662
0.204777
0.662
0.646329
0.144162
0.662
0.278987
0.548145
0.662
0.662
0.170097
0.662
0.662
0.662
0.121005
0.662
0.662
0.187974
0.186847
0.510806
0.503018
0.474959
0.662
0.367495
0.645082
0.662
0.257214
0.10267
0.566867
0.662
0.131186
0.662
0.189657
0.662
0.662
0.662
0.307593
0.662
0.662
0.662
0.360243
0.250507
0.34448
0.662
0.662
0.662
0.0360577
0.662
0.0459827
0.662
0.662
0.0988965
0.316439
0.662
0.662
0.134457
0.662
0.29115
0.662
0.662
0.325925
0.0754665
0.113134
0.249779
0.0910247
0.662
0.662
0.662
0.294814
0.662
0.662
0.662
0.0287324
0.343243
0.662
0.184791
0.241296
0.0550459
0.662
0.662
0.662
0.0856679
0.463659
0.344826
0.347652
0.0196006
0.662
0.662
0.662
0.662
0.662
0.303582
0.278993
0.191226
0.662
0.474382
0.662
0.105253
0.522616
0.662
0.662
0.0442419
0.662
0.249822
0.662
0.662
0.662
0.436124
0.398902
0.127404
0.146811
0.662
0.662
0.662
0.662
0.256352
0.0313497
0.662
0.303121
0.0182071
0.662
0.662
0.407852
0.662
0.662
0.171141
0.662
0.0804675
0.662
0.0241718
0.662
0.662
0.413955
0.109616
0.295167
0.662
0.264062
0.662
0.662
0.352198
0.257721
0.662
0.662
0.662
0.51581
0.132334
0.229287
0.662
0.662
0.451337
0.662
0.662
0.662
0.662
0.605373
0.322422
0.441441
0.0247427
0.26129
0.10401
0.662
0.662
0.352024
0.662
0.434552
0.244233
0.126811
0.662
0.190578
0.662
0.662
0.662
0.244825
0.316228
0.151111
0.4135
0.197225
0.086029
0.474858
0.662
0.333458
0.569472
0.0717534
0.662
0.0190086
0.662
0.662
0.662
0.310847
0.120403
0.455649
0.662
0.662
0.662
0.259659
0.662
0.196478
0.662
0.481329
0.477274
0.662
0.441504
0.662
0.662
0.0908945
0.662
0.185926
0.242589
0.662
0.272848
0.662
0.322641
0.405407
0.388471
0.662
0.479687
0.662
0.662
0.299332
0.662
0.662
0.328119
0.662
0.662
0.662
0.464656
0.261627
0.0614625
0.443286
0.459264
0.1399
0.459032
0.662
0.662
0.313614
0.662
0.662
0.431496
0.2979
0.0943337
0.17029
0.200349
0.662
0.193788
0.662
0.0156925
0.662
0.662
0.662
0.662
0.662
0.464365
0.587701
0.662
0.405281
0.662
0.662
0.1841
0.483859
0.256558
0.417866
0.662
0.260557
0.662
0.0532808
0.633694
0.662
0.662
0.662
0.188358
0.662
0.11184
0.216109
0.662
0.662
0.662
0.336041
0.662
0.662
0.662
0.662
0.559334
0.269959
0.662
0.662
0.662
0.662
0.662
0.3455
0.132546
0.315969
0.148785
0.662
0.662
0.662
0.662
0.662
0.0894022
0.662
0.662
0.137973
0.366631
0.662
0.161824
0.662
0.264334
0.662
0.380521
0.662
0.662
0.662
0.662
0.141677
0.0652897
0.0124269
0.0693567
0.662
0.0279929
0.662
0.662
0.662
0.35929
0.662
0.256718
0.253601
0.118476
0.662
0.662
0.662
0.376118
0.139757
0.402945
0.662
0.662
0.662
0.662
0.0315368
0.662
0.345149
0.161136
0.662
0.45734
0.555409
0.363521
0.598302
0.144414
0.338483
0.662
0.465389
0.662
0.0446151
0.662
0.662
0.122913
0.27308
0.662
0.0288899
0.662
0.662
0.662
0.449171
0.355492
0.0286121
0.662
0.662
0.185536
0.662
0.662
0.0722117
0.662
0.662
0.441951
0.410449
0.602835
0.662
0.662
0.22974
0.47447
0.662
0.662
0.662
0.331232
0.662
0.107755
0.662
0.0538403
0.662
0.662
0.19435
0.432993
0.662
0.662
0.662
0.662
0.225792
0.382904
0.662
0.318513
0.662
0.170789
0.662
0.662
0.596129
0.350964
0.662
0.662
0.231939
0.280594
0.662
0.0492182
0.662
0.391662
0.662
0.662
0.0411906
0.662
0.316132
0.186733
0.142556
0.196778
0.662
0.33817
0.662
0.662
0.662
0.662
0.662
0.429071
0.662
0.409373
0.662
0.203566
0.662
0.168656
0.662
0.662
0.419155
0.408352
0.388157
0.136188
0.241482
0.662
0.172235
0.350215
0.662
0.306931
0.0426616
0.662
0.386649
0.171598
0.662
0.662
0.166209
0.662
0.662
0.662
0.662
0.662
0.662
0.00154725
0.305665
0.383209
0.0624173
0.662
0.164735
0.0776222
0.435348
0.166865
0.29014
0.662
0.214578
0.662
0.0365687
0.116862
0.258618
0.662
0.662
0.273362
0.0751499
0.662
0.655054
0.662
0.343105
0.662
0.662
0.369538
0.662
0.414971
0.662
0.662
0.25108
0.428154
0.662
0.463479
0.662
0.442517
0.0997875
0.300124
0.662
0.18267
0.662
0.0128765
0.662
0.662
0.0443844
0.27348
0.662
0.57272
0.396533
0.662
0.662
0.662
0.395642
0.394552
0.170347
0.323294
0.662
0.282276
0.662
0.662
0.662
0.30209
0.662
0.662
0.662
0.210756
0.223168
0.662
0.662
0.662
0.0594114
0.485393
0.167381
0.662
0.662
0.662
0.662
0.662
0.662
0.36281
0.662
0.662
0.662
0.134847
0.662
0.662
0.662
0.662
0.662
0.388955
0.0914992
0.485754
0.349541
0.159996
0.223894
0.471829
0.662
0.662
0.0910941
0.662
0.0121379
0.662
0.662
0.662
0.662
0.237874
0.662
0.272032
0.662
0.44696
0.330983
0.45574
0.0578992
0.401828
0.662
0.119966
0.293747
0.125186
0.662
0.662
0.662
0.463177
0.334128
0.662
0.662
0.378938
0.0943957
0.0729912
0.662
0.662
0.662
0.244292
0.662
0.47004
0.662
0.367523
0.662
0.662
0.662
0.312056
0.353596
0.217256
0.662
0.662
0.662
0.191198
0.662
0.374069
0.26844
0.662
0.662
0.555786
0.662
0.662
0.662
0.28876
0.11996
0.662
0.662
0.662
0.662
0.662
0.448806
0.383442
0.423252
0.662
0.662
0.592711
0.356646
0.233533
0.196559
0.662
0.662
0.662
0.389131
0.393827
0.662
0.662
0.662
0.406737
0.662
0.662
0.662
0.662
0.662
0.662
0.585881
0.0207786
0.208647
0.304219
0.00131973
0.306162
0.662
0.662
0.357127
0.373109
0.00422938
0.662
0.662
0.116679
0.662
0.662
0.662
0.101397
0.410698
0.37316
0.264798
0.369036
0.662
0.212205
0.662
0.382912
0.291934
0.162469
0.662
0.662
0.415908
0.662
0.662
0.360051
0.662
0.662
0.662
0.662
0.662
0.429962
0.0204657
0.337963
0.108443
0.662
0.174342
0.389244
0.662
0.662
0.16734
0.662
0.492295
0.320046
0.662
0.662
0.370665
0.662
0.37676
0.286535
0.423101
0.662
0.236884
0.134464
0.662
0.0703047
0.662
0.43428
0.662
0.662
0.662
0.662
0.662
0.662
0.662
0.662
0.22994
0.0785409
0.662
0.174483
0.662
0.662
0.662
0.174875
0.0852146
0.662
0.662
0.470698
0.662
0.662
0.337551
0.257463
0.662
0.461456
0.662
0.340448
0.662
0.334282
0.463851
0.662
0.662
0.192814
0.662
0.108083
0.134828
0.0809814
0.662
0.105538
0.662
0.20957
0.571541
0.204746
0.662
0.617016
0.662
0.296006
0.0604272
0.662
0.0980292
0.662
0.0680597
0.227869
0.0156345
0.238995
0.662
0.662
0.662
0.662
0.250523
0.662
0.662
0.12585
0.662
0.662
0.439949
0.643962
0.554071
0.135451
0.662
0.662
0.465473
0.0408671
0.662
0.662
0.311034
0.662
0.0231185
0.245455
0.0383269
0.662
0.217009
0.263426
0.00976557
0.255739
0.182915
0.662
0.662
0.0713073
0.457893
0.243577
0.309156
0.0168996
0.662
0.128842
0.662
0.662
0.662
0.662
0.662
0.662
0.662
0.662
0.662
0.662
0.0879984
0.662
0.662
0.0712391
0.546154
0.188831
0.0459883
0.355225
0.200009
0.35584
0.21906
0.164293
0.662
0.115498
0.662
0.662
0.662
0.662
0.662
0.662
0.662
0.624823
0.662
0.662
0.077493
0.662
0.662
0.662
0.662
0.257159
0.662
0.662
0.0167764
0.384683
0.441877
0.662
0.662
0.662
0.662
0.0297054
0.451167
0.662
0.444885
0.662
0.22133
0.662
0.662
0.662
0.662
0.662
0.662
0.503605
0.662
0.635239
0.662
0.353704
0.0165148
0.275087
0.385079
0.351853
0.44636
0.662
0.253205
0.662
0.0206466
0.129458
0.662
0.472073
0.100797
0.17525
0.603156
0.581685
0.060854
0.662
0.293802
0.662
0.662
0.0329979
0.27942
0.408985
0.439907
0.00862386
0.662
0.448307
0.0767606
0.662
0.358196
0.662
0.0061175
0.662
0.662
0.662
0.662
0.232228
0.662
0.662
0.662
0.448104
0.662
0.391027
0.116184
0.662
0.0336084
0.333761
0.322402
0.662
0.300607
0.0475549
0.662
0.662
0.438334
0.662
0.662
0.268479
0.13819
0.457328
0.101749
0.424356
0.169859
0.246426
0.118466
0.309454
0.662
0.473191
0.0778352
0.453169
0.662
0.662
0.0422854
0.163532
0.662
0.247412
0.393817
0.662
0.662
0.662
0.412993
0.662
0.104728
0.662
0.233674
0.662
0.662
0.161395
0.1388
0.662
0.410309
0.662
0.19104
0.662
0.662
0.662
0.335388
0.662
0.460213
0.662
0.377023
0.337791
0.662
0.662
0.662
0.245732
0.662
0.662
0.662
0.662
0.283787
0.412917
0.269
0.662
0.431479
