0.662
0.662
0.662
0.0321087
0.662
0.445317
0.0797356
0.662
0.662
0.105088
0.662
0.181235
0.0965645
0.369144
0.662
0.662
0.662
0.387054
0.314279
0.0335871
0.662
0.202299
0.662
0.113319
0.662
0.662
0.662
0.195667
0.662
0.306421
0.317937
0.237049
0.662
0.662
0.112442
0.662
0.662
0.662
0.145315
0.52208
0.223371
0.662
0.662
0.662
0.327512
0.281425
0.180233
0.269521
0.662
0.477486
0.662
0.662
0.411209
0.476552
0.396366
0.662
0.279236
0.267511
0.662
0.380146
0.662
0.662
0.662
0.662
0.291486
0.662
0.662
0.662
0.194734
0.662
0.384921
0.453386
0.662
0.212065
0.307872
0.356001
0.45837
0.662
0.662
0.251443
0.662
0.301852
0.662
0.0339285
0.157876
0.00814235
0.662
0.328276
0.662
0.387905
0.0844289
0.662
0.662
0.662
0.662
0.662
0.662
0.662
0.662
0.440662
0.434712
0.0180978
0.662
0.333738
0.537568
0.140097
0.662
0.662
0.662
0.218551
0.383045
0.156905
0.486466
0.662
0.149676
0.662
0.662
0.662
0.662
0.351062
0.662
0.662
0.0537433
0.662
0.298012
0.662
0.662
0.662
0.108271
0.662
0.434075
0.297492
0.662
0.662
0.185591
0.184285
0.662
0.662
0.283039
0.662
0.662
0.134738
0.662
0.450641
0.200045
0.447412
0.0631898
0.662
0.314307
0.662
0.354108
0.662
0.662
0.338918
0.662
0.662
0.662
0.662
0.662
0.461448
0.662
0.334347
0.662
0.471752
0.662
0.662
0.384342
0.662
0.662
0.662
0.662
0.662
0.122758
0.662
0.0507111
0.662
0.662
0.662
0.0292548
0.662
0.161908
0.366253
0.332199
0.662
0.662
0.662
0.662
0.199671
0.221413
0.615714
0.183079
0.460457
0.662
0.662
0.177332
0.553415
0.629845
0.662
0.313615
0.662
0.218398
0.662
0.662
0.662
0.42896
0.662
0.437778
0.629639
0.236651
0.385944
0.365997
0.0204514
0.662
0.404584
0.662
0.247635
0.403577
0.662
0.662
0.0871457
0.662
0.662
0.0621801
0.662
0.662
0.662
0.168203
0.0726195
0.662
0.662
0.662
0.662
0.662
0.662
0.513876
0.641891
0.114789
0.369745
0.145998
0.662
0.179344
0.471088
0.662
0.103692
0.662
0.22701
0.373501
0.292214
0.559891
0.662
0.662
0.140714
0.662
0.662
0.395096
0.374656
0.272597
0.44889
0.0293703
0.662
0.662
0.466483
0.236302
0.41416
0.662
0.662
0.662
0.350243
0.662
0.324932
0.662
0.0622576
0.662
0.662
0.481573
0.662
0.662
0.662
0.662
0.662
0.0440581
0.662
0.662
0.662
0.662
0.506158
0.0781942
0.0708652
0.507527
0.0188075
0.662
0.662
0.662
0.00846943
0.662
0.662
0.358373
0.662
0.463558
0.662
0.662
0.662
0.300072
0.347677
0.289166
0.662
0.662
0.662
0.361008
0.179039
0.0702923
0.216442
0.662
0.662
0.662
0.349689
0.662
0.662
0.662
0.662
0.662
0.662
0.23376
0.662
0.662
0.236523
0.135236
0.662
0.662
0.662
0.296886
0.662
0.413737
0.171586
0.114134
0.662
0.662
0.0868193
0.0885478
0.662
0.662
0.215202
0.662
0.484166
0.662
0.662
0.662
0.662
0.30238
0.341056
0.444869
0.662
0.158785
0.662
0.662
0.120748
0.662
0.662
0.662
0.288045
0.662
0.524159
0.662
0.151208
0.662
0.662
0.662
0.662
0.662
0.416747
0.385727
0.662
0.229824
0.153522
0.212743
0.662
0.662
0.0370689
0.662
0.662
0.662
0.418662
0.662
0.509826
0.662
0.662
0.25215
0.452516
0.662
0.0360266
0.662
0.409581
0.662
0.050727
0.208879
0.0384532
0.410488
0.311982
0.0579324
0.289517
0.0528057
0.237228
0.662
0.328073
0.662
0.0854143
0.261888
0.662
0.224488
0.20532
0.662
0.662
0.662
0.222092
0.253918
0.662
0.662
0.262895
0.196878
0.662
0.662
0.209226
0.662
0.253849
0.647529
0.662
0.247882
0.662
0.662
0.662
0.662
0.662
0.294442
0.311444
0.439381
0.662
0.295286
0.662
0.398619
0.662
0.200946
0.662
0.271201
0.439346
0.0918271
0.484989
0.445309
0.03724
0.583684
0.662
0.168114
0.662
0.115876
0.662
0.662
0.46684
0.662
0.662
0.0483232
0.469248
0.132197
0.662
0.662
0.662
0.281394
0.662
0.662
0.403617
0.662
0.0233576
0.136925
0.662
0.662
0.662
0.416457
0.336786
0.662
0.662
0.343297
0.662
0.662
0.662
0.426319
0.662
0.325829
0.0799225
0.662
0.662
0.662
0.662
0.662
0.662
0.662
0.662
0.210457
0.662
0.662
0.548785
0.662
0.0866286
0.00927308
0.662
0.662
0.662
0.439884
0.187916
0.0911635
0.662
0.248429
0.199956
0.662
0.131543
0.526362
0.662
0.228778
0.191171
0.0145974
0.143413
0.662
0.662
0.662
0.401699
0.0840896
0.662
0.662
0.662
0.469792
0.523456
0.0978299
0.388089
0.489602
0.469738
0.196522
0.050411
0.662
0.0329809
0.662
0.0514414
0.662
0.662
0.662
0.155283
0.662
0.354687
0.435227
0.345186
0.662
0.662
0.642645
0.332968
0.662
0.662
0.662
0.662
0.662
0.00551753
0.662
0.662
0.0339764
0.662
0.360205
0.240945
0.326916
0.342698
0.339527
0.662
0.662
0.662
0.662
0.662
0.374719
0.662
0.392213
0.662
0.254366
0.250096
0.662
0.428385
0.573506
0.662
0.662
0.662
0.662
0.0642848
0.662
0.662
0.380066
0.132449
0.662
0.247912
0.400704
0.204726
0.662
0.662
0.662
0.267181
0.0067239
0.0649436
0.662
0.662
0.662
0.085823
0.662
0.055
0.662
0.452506
0.662
0.662
0.545045
0.662
0.662
0.198736
0.662
0.662
0.662
0.415501
0.394855
0.381939
0.152495
0.207517
0.567468
0.0462205
0.189841
0.662
0.427229
0.000932465
0.662
0.662
0.662
0.197896
0.133154
0.662
0.270592
0.662
0.582292
0.662
0.020446
0.0655788
0.662
0.662
0.662
0.662
0.228202
0.662
0.662
0.203743
0.662
0.286825
0.662
0.0903423
0.0747167
0.471253
0.0712324
0.0443568
0.662
0.662
0.322517
0.662
0.0894791
0.184837
0.662
0.00693346
0.214521
0.154982
0.062923
0.662
0.0642021
0.597044
0.662
0.662
0.662
0.136415
0.662
0.394404
0.259652
0.1613
0.540081
0.662
0.0822356
0.583411
0.662
0.662
0.662
0.385161
0.0503715
0.407301
0.662
0.662
0.662
0.00586059
0.662
0.662
0.31869
0.662
0.662
0.662
0.662
0.0158112
0.662
0.098755
0.20666
0.662
0.156432
0.662
0.662
0.662
0.2575
0.662
0.38261
0.0388756
0.0698543
0.662
0.662
0.448549
0.662
0.121069
0.662
0.446915
0.0551953
0.157944
0.662
0.662
0.658442
0.381225
0.41211
0.662
0.662
0.45519
0.662
0.403408
0.662
0.662
0.662
0.615631
0.662
0.273381
0.454385
0.662
0.662
0.662
0.408717
0.662
0.160201
0.662
0.662
0.662
0.662
0.258728
0.662
0.662
0.0986893
0.417971
0.662
0.041499
0.41283
0.662
0.470608
0.662
0.274088
0.662
0.662
0.662
0.662
0.662
0.324393
0.662
0.310435
0.662
0.0456811
0.0559545
0.437829
0.662
0.437911
0.19837
0.0782874
0.662
0.662
0.662
0.662
0.160776
0.662
0.662
0.16025
0.662
0.662
0.477337
0.201706
0.662
0.662
0.547805
0.441758
0.662
0.465955
0.662
0.166937
0.662
0.130664
0.101257
0.662
0.142742
0.22892
0.662
0.288658
0.399996
0.294826
0.662
0.299868
0.215781
0.662
0.662
0.662
0.662
0.00786747
0.662
0.48815
0.200578
0.662
0.662
0.662
0.662
0.662
0.136304
0.183764
0.0631916
0.662
0.662
0.662
0.662
0.662
0.662
0.662
0.291525
0.0890338
0.395271
0.015836
0.662
0.230483
0.165036
0.21336
0.662
0.662
0.662
0.662
0.662
0.441728
0.190481
0.662
0.662
0.662
0.662
0.662
0.662
0.401023
0.198933
0.412299
0.662
0.662
0.348826
0.662
0.160577
0.361719
0.408757
0.662
0.398046
0.662
0.662
0.0398004
0.662
0.662
0.360338
0.416512
0.662
0.070614
0.24715
0.662
0.376756
0.47989
0.662
0.323083
0.409871
0.662
0.662
0.662
0.432062
0.47376
0.662
0.662
0.0155334
0.518532
0.662
0.662
0.662
0.0278772
0.662
0.416427
0.662
0.662
0.633694
0.662
0.662
0.662
0.662
0.662
0.662
0.662
0.662
0.179638
0.399283
0.662
0.646932
0.125552
0.232614
0.481029
0.291302
0.404595
0.662
0.662
0.662
0.662
0.662
0.147497
0.662
0.662
0.662
0.231052
0.662
0.662
0.32974
0.0593235
0.0596794
0.662
0.250702
0.174625
0.662
0.662
0.221047
0.662
0.662
0.453899
0.00261283
0.32543
0.662
0.662
0.0831642
0.446645
0.333623
0.662
0.662
0.662
0.662
0.662
0.356686
0.235959
0.14661
0.473704
0.247179
0.662
0.662
0.40273
0.662
0.662
0.662
0.662
0.662
0.662
0.662
0.662
0.662
0.41255
0.662
0.444022
0.18447
0.0650523
0.662
0.207562
0.662
0.108526
0.662
0.188553
0.662
0.131352
0.662
0.662
0.662
0.226872
0.662
0.105405
0.662
0.662
0.662
0.662
0.662
0.662
0.662
0.316565
0.662
0.27186
0.662
0.662
0.662
0.662
0.0183144
0.662
0.0833578
0.372401
0.255341
0.400107
0.104022
0.204049
0.0274557
0.662
0.0926225
0.551725
0.452542
0.46549
0.662
0.662
0.383282
0.662
0.662
0.215692
0.483623
0.662
0.0878596
0.372675
0.662
0.256189
0.537186
0.285433
0.253951
0.0238263
0.525769
0.6088
0.662
0.662
0.0413089
0.662
0.662
0.284401
0.662
0.449072
0.662
0.04192
0.662
0.662
0.246574
0.282851
0.662
0.662
0.0702162
0.662
0.662
0.662
0.331052
0.280975
0.334852
0.468289
0.407767
0.238299
0.478478
0.662
0.662
0.662
0.00895877
0.46679
0.662
0.468466
0.476495
0.662
0.23773
0.662
0.662
0.662
0.198938
0.393505
0.662
0.456766
0.120236
0.662
0.225325
0.662
0.414867
0.662
0.155479
0.371376
0.482557
0.662
0.275248
0.521941
0.0140753
0.430545
0.334702
0.16624
0.662
0.620924
0.662
0.662
0.662
0.662
0.662
0.116525
0.090207
0.662
0.662
0.662
0.0614756
0.662
0.662
0.26634
0.347884
0.662
0.230841
0.662
0.213434
0.236551
0.662
0.218596
0.662
0.284262
0.263526
0.23231
0.662
0.662
0.239821
0.662
0.662
0.662
0.662
0.140778
0.662
0.198079
0.37314
0.333179
0.662
0.662
0.0753002
0.662
0.662
0.662
0.172022
0.662
0.662
0.662
0.0360381
0.662
0.662
0.40722
0.332547
0.235483
0.662
0.0326815
0.662
0.428599
0.662
0.662
0.0992268
0.662
0.662
0.362869
0.479632
0.000854173
0.662
0.229801
0.662
0.662
0.662
0.0236939
0.662
0.662
0.0261784
0.259124
0.662
0.662
0.175378
0.306718
0.662
0.189449
0.221775
0.282443
0.0145492
0.662
0.662
0.662
0.662
0.662
0.503667
0.0217232
0.662
0.662
0.100236
0.662
0.662
0.193799
0.662
0.0145206
0.662
0.450977
0.241058
0.662
0.662
0.662
0.318455
0.662
0.370275
0.307974
0.662
0.662
0.179019
0.308946
0.662
0.662
0.662
0.662
0.11891
0.39843
0.103166
0.487586
0.290127
0.662
0.662
0.662
0.0273169
0.662
0.662
0.662
0.393081
0.45681
0.456364
0.662
0.0443522
0.300787
0.662
0.662
0.662
0.662
0.458581
0.0927373
0.288003
0.157869
0.662
0.100304
0.537248
0.314821
0.532455
0.121656
0.4367
0.662
0.662
0.383386
0.662
0.662
0.662
0.468823
0.662
0.662
0.662
0.662
0.662
0.662
0.662
0.662
0.662
0.662
0.662
0.328553
0.662
0.662
0.0205617
0.0852614
0.662
0.662
0.662
0.180291
0.662
0.662
0.552586
0.0834322
0.662
0.252612
0.256403
0.398637
0.0982928
0.166749
0.236247
0.460633
0.662
0.662
0.164843
0.662
0.394401
0.545998
0.662
0.469981
0.351957
0.662
0.467197
0.266084
0.662
0.662
0.463757
0.340961
0.662
0.309661
0.662
0.662
0.0486493
0.662
0.344882
0.459119
0.202049
0.470924
0.208033
0.0231085
0.589625
0.662
0.653656
0.662
0.513838
0.347451
0.598194
0.662
0.662
0.662
0.662
0.662
0.662
0.662
0.112284
0.00459606
0.662
0.662
0.662
0.422777
0.662
0.181883
0.0182383
0.246053
0.270432
0.399972
0.255642
0.662
0.662
0.662
0.0830528
0.662
0.662
0.662
0.102326
0.662
0.662
0.418687
0.662
0.662
0.0495502
0.662
0.453533
0.0928174
0.662
0.662
0.379077
0.216977
0.201612
0.0479872
0.263623
0.240725
0.0326202
0.062478
0.0116514
0.662
0.272375
0.189683
0.662
0.662
0.662
0.379006
0.662
0.455689
0.372296
0.662
0.24913
0.662
0.155938
0.229472
0.201361
0.662
0.451746
0.662
0.662
0.285909
0.26942
0.134172
0.221936
0.162579
0.662
0.49474
0.295317
0.601271
0.278597
0.662
0.662
0.662
0.662
0.39272
0.110873
0.117879
0.662
0.183624
0.0860441
0.249704
0.662
0.662
0.662
0.662
0.662
0.301975
0.662
0.104018
0.103912
0.662
0.232737
0.35925
0.662
0.662
0.662
0.662
0.242911
0.417071
0.662
0.662
0.662
0.662
0.0926591
0.0227319
0.468216
0.0863585
0.116404
0.662
0.662
0.233626
0.662
0.0990758
0.40249
0.140872
0.662
0.301264
0.662
0.662
0.441777
0.662
0.326675
0.312125
0.390356
0.188137
0.662
0.662
0.213219
0.662
0.110476
0.662
0.180439
0.450055
0.375065
0.662
0.662
0.662
0.0876041
0.662
0.106947
0.343513
0.207348
0.0510627
0.662
0.191914
0.284987
0.146593
0.662
0.662
0.441668
0.260401
0.662
0.662
0.662
0.410941
0.662
0.662
0.0510108
0.408599
0.662
0.0232398
0.662
0.662
0.662
0.662
0.425013
0.320064
0.662
0.662
0.325772
0.0356176
0.249002
0.662
0.248532
0.313446
0.256561
0.662
0.662
0.274813
0.662
0.0468687
0.662
0.0699811
0.662
0.662
0.29374
0.662
0.474012
0.246935
0.537578
0.662
0.18749
0.662
0.662
0.199764
0.245716
0.662
0.662
0.196548
0.438673
0.112588
0.662
0.245015
0.526584
0.662
0.662
0.662
0.662
0.176518
0.662
0.662
0.662
0.662
0.662
0.662
0.662
0.662
0.523833
0.0716156
0.382018
0.662
0.662
0.662
0.662
0.27411
0.326454
0.662
0.662
0.662
0.0494676
0.662
0.223293
0.313619
0.278671
0.662
0.662
0.364138
0.0501343
0.120547
0.181728
0.0225745
0.32201
0.477387
0.0689999
0.489454
0.662
0.290745
0.0922369
0.662
0.662
0.662
0.662
0.163964
0.662
0.662
0.449292
0.363814
0.494714
0.662
0.662
0.439912
0.0828231
0.46066
0.662
0.405365
0.662
0.0528315
0.662
0.126445
0.262019
0.662
0.662
0.662
0.168534
0.662
0.662
0.662
0.662
0.41922
0.662
0.662
0.662
0.212899
0.0644769
0.662
0.662
0.510981
0.0213689
0.662
0.662
0.0568804
0.662
0.0782491
0.162929
0.662
0.662
0.0982317
0.0993835
0.662
0.210164
0.662
0.0856838
0.662
0.662
0.18042
0.19878
0.662
0.662
0.62547
0.286351
0.406189
0.662
0.662
0.484248
0.190729
0.457956
0.568504
0.23442
0.662
0.334007
0.0155465
0.662
0.156119
0.662
0.438035
0.17214
0.461379
0.662
0.662
0.0196119
0.255742
0.0772706
0.662
0.381813
0.136302
0.662
0.179241
0.0154805
0.662
0.662
0.0808322
0.37086
0.202322
0.182032
0.154078
0.662
0.38286
0.36408
0.366619
0.662
0.570273
0.662
0.200775
0.067374
0.662
0.461991
0.0645408
0.662
0.662
0.0125165
0.0121054
0.662
0.662
0.360133
0.662
0.662
0.662
0.662
0.662
0.389752
0.309523
0.662
0.662
0.309412
0.662
0.662
0.662
0.287467
0.662
0.553116
0.662
0.216361
0.0406093
0.438076
0.143801
0.344011
0.443588
0.662
0.335405
0.662
0.14838
0.662
0.662
0.0469907
0.0336386
0.155835
0.662
0.15521
0.662
0.662
0.662
0.662
0.0527401
0.246265
0.662
0.662
0.0371248
0.549487
0.325552
0.662
0.662
0.0941292
0.662
0.118314
0.662
0.662
0.0717998
0.662
0.662
0.662
0.060255
0.0216411
0.662
0.662
0.0940174
0.377499
0.0838817
0.0705935
0.00460201
0.439268
0.269917
0.43074
0.454228
0.662
0.662
0.662
0.662
0.275363
0.662
0.411334
0.662
0.388765
0.662
0.662
0.662
0.427425
0.662
0.662
0.210669
0.254454
0.293113
0.662
0.0299772
0.364415
0.662
0.662
0.662
0.311664
0.242803
0.662
0.662
0.662
0.265432
0.112452
0.662
0.662
0.662
0.662
0.662
0.249278
0.662
0.296527
0.624869
0.662
0.662
0.16005
0.662
0.662
0.662
0.407701
0.662
0.662
0.0925441
0.237056
0.662
0.496477
0.462553
0.413498
0.662
0.107246
0.662
0.179688
0.411205
0.160121
0.662
0.662
0.662
0.252546
0.380207
0.662
0.0599474
0.535953
0.0078085
0.0193652
0.662
0.442391
0.662
0.662
0.516901
0.266192
0.662
0.662
0.010461
0.662
0.227002
0.662
0.00776111
0.662
0.662
0.261055
0.0217288
0.184881
0.262322
0.662
0.662
0.291943
0.195047
0.298593
0.398884
0.662
0.662
0.247393
0.662
0.0413034
0.446069
0.662
0.662
0.662
0.0897823
0.475252
0.662
0.662
0.407192
0.662
0.662
0.662
0.0160884
0.662
0.662
0.221761
0.00805889
0.662
0.662
0.305732
0.662
0.662
0.363949
0.0127432
0.0437031
0.662
0.130999
0.662
0.662
0.662
0.485528
0.662
0.449763
0.328527
0.662
0.662
0.662
0.662
0.138801
0.0391225
0.662
0.0561086
0.243683
0.662
0.357403
0.122825
0.662
0.455045
0.662
0.0932236
0.483568
0.526385
0.662
0.478958
0.662
0.662
0.179852
0.475453
0.662
0.662
0.662
0.43238
0.341426
0.662
0.377162
0.40461
0.662
0.662
0.662
0.662
0.55918
0.211298
0.199543
0.343544
0.662
0.155536
0.662
0.252353
0.23738
0.662
0.0360933
0.662
0.662
0.444644
0.316791
0.0551724
0.2177
0.662
0.288216
