0.27233
0.662
0.378267
0.621622
0.662
0.662
0.662
0.110786
0.662
0.135304
0.466886
0.662
0.50042
0.662
0.307061
0.662
0.662
0.662
0.662
0.463664
0.662
0.566255
0.203986
0.662
0.0745523
0.662
0.662
0.462404
0.435542
0.474569
0.662
0.322281
0.662
0.662
0.662
0.662
0.662
0.662
0.0967152
0.662
0.662
0.662
0.662
0.662
0.32499
0.439429
0.459975
0.180407
0.368726
0.662
0.662
0.662
0.280992
0.324161
0.662
0.0560879
0.0913496
0.662
0.662
0.662
0.662
0.542022
0.662
0.159141
0.238209
0.310048
0.662
0.401509
0.662
0.26589
0.662
0.232132
0.662
0.428896
0.662
0.206345
0.662
0.426043
0.662
0.662
0.29587
0.662
0.480421
0.662
0.662
0.662
0.662
0.00302545
0.662
0.662
0.662
0.662
0.662
0.0883409
0.662
0.163182
0.0352021
0.662
0.662
0.662
0.412921
0.0434752
0.662
0.662
0.241928
0.662
0.662
0.144397
0.662
0.662
0.214616
0.662
0.0958399
0.278469
0.662
0.158483
0.140172
0.186084
0.662
0.662
0.662
0.662
0.662
0.662
0.662
0.662
0.07499
0.662
0.459364
0.470084
0.13332
0.333563
0.662
0.229118
0.662
0.413563
0.433728
0.662
0.662
0.662
0.475843
0.662
0.662
0.662
0.497199
0.662
0.204645
0.662
0.662
0.662
0.662
0.662
0.236168
0.662
0.0653124
0.662
0.662
0.370477
0.478868
0.248508
0.662
0.245369
0.662
0.662
0.662
0.319644
0.662
0.220674
0.662
0.662
0.469943
0.662
0.662
0.0423647
0.0530007
0.662
0.662
0.0178107
0.662
0.146302
0.185591
0.151254
0.275438
0.340859
0.662
0.662
0.662
0.194264
0.662
0.662
0.662
0.401969
0.0667289
0.137767
0.0644798
0.286879
0.546805
0.662
0.387986
0.662
0.662
0.662
0.662
0.368734
0.662
0.662
0.662
0.662
0.391146
0.662
0.662
0.0701731
0.662
0.662
0.437428
0.662
0.662
0.662
0.662
0.00741477
0.662
0.662
0.298311
0.254517
0.662
0.662
0.36709
0.223443
0.450601
0.662
0.662
0.0574381
0.0338234
0.0452037
0.36975
0.662
0.179456
0.662
0.557058
0.662
0.461669
0.623933
0.662
0.662
0.662
0.324894
0.184722
0.662
0.283171
0.662
0.143365
0.0324127
0.662
0.662
0.145801
0.0918539
0.248073
0.662
0.662
0.662
0.662
0.662
0.662
0.262599
0.522729
0.263241
0.143275
0.250619
0.662
0.432129
0.662
0.0840931
0.662
0.662
0.312514
0.662
0.662
0.662
0.610642
0.662
0.662
0.662
0.662
0.648414
0.460849
0.662
0.372917
0.662
0.637981
0.168357
0.237916
0.066658
0.353111
0.114347
0.662
0.662
0.662
0.662
0.662
0.662
0.662
0.662
0.662
0.319773
0.447513
0.662
0.411323
0.270675
0.207956
0.095636
0.606622
0.350764
0.662
0.662
0.662
0.662
0.662
0.213056
0.234997
0.279627
0.357823
0.20924
0.662
0.662
0.662
0.662
0.662
0.0162131
0.147969
0.662
0.662
0.0754227
0.0112086
0.367658
0.662
0.662
0.0432501
0.204517
0.662
0.662
0.662
0.580477
0.186229
0.216053
0.662
0.435056
0.662
0.0944365
0.06112
0.392565
0.662
0.155989
0.662
0.662
0.662
0.294884
0.662
0.662
0.662
0.355568
0.63339
0.0331179
0.423265
0.662
0.662
0.662
0.662
0.332787
0.0442573
0.662
0.454844
0.662
0.407112
0.662
0.362058
0.662
0.662
0.662
0.313369
0.147104
0.662
0.101447
0.662
0.215672
0.222756
0.662
0.0604138
0.662
0.280874
0.662
0.368839
0.0801224
0.527116
0.662
0.337832
0.662
0.12312
0.662
0.662
0.10192
0.467709
0.317028
0.195088
0.662
0.0896484
0.662
0.662
0.46031
0.662
0.259841
0.312011
0.662
0.298971
0.222676
0.662
0.336655
0.662
0.662
0.540957
0.162547
0.662
0.662
0.471912
0.0752578
0.124271
0.306487
0.662
0.662
0.662
0.117347
0.662
0.662
0.574399
0.484823
0.166156
0.662
0.62242
0.662
0.358237
0.662
0.359644
0.662
0.17429
0.662
0.564576
0.116305
0.25621
0.184206
0.662
0.662
0.42061
0.480652
0.662
0.386183
0.662
0.662
0.404043
0.438803
0.470258
0.15427
0.407877
0.562845
0.335679
0.390787
0.191424
0.662
0.0223227
0.662
0.662
0.662
0.662
0.662
0.662
0.662
0.662
0.0311026
0.130722
0.25893
0.344524
0.333664
0.400514
0.662
0.662
0.186249
0.662
0.662
0.403566
0.662
0.507197
0.662
0.662
0.662
0.662
0.473232
0.535878
0.44918
0.662
0.322935
0.662
0.662
0.662
0.662
0.662
0.662
0.434777
0.662
0.662
0.662
0.662
0.346292
0.662
0.143037
0.662
0.270208
0.536961
0.662
0.662
0.263206
0.662
0.662
0.662
0.662
0.157471
0.662
0.409748
0.662
0.602304
0.134165
0.219652
0.304918
0.662
0.0116313
0.662
0.662
0.231853
0.173332
0.662
0.662
0.36547
0.624623
0.662
0.0826446
0.45622
0.388337
0.662
0.662
0.253017
0.201561
0.108776
0.662
0.204971
0.662
0.352308
0.330252
0.662
0.662
0.116513
0.662
0.467729
0.293769
0.5571
0.662
0.224111
0.662
0.181051
0.342997
0.328499
0.662
0.239206
0.662
0.662
0.0430802
0.662
0.662
0.447841
0.662
0.662
0.289369
0.217734
0.662
0.195191
0.466478
0.662
0.662
0.653727
0.246481
0.662
0.497347
0.662
0.116326
0.662
0.0600178
0.662
0.467733
0.165183
0.0747306
0.0831059
0.178097
0.662
0.662
0.451899
0.548565
0.662
0.415132
0.662
0.662
0.662
0.128066
0.662
0.375863
0.662
0.662
0.662
0.349657
0.662
0.662
0.0370654
0.662
0.662
0.662
0.277863
0.388904
0.168527
0.17397
0.488879
0.132568
0.662
0.306137
0.00508695
0.662
0.662
0.364295
0.662
0.662
0.144693
0.662
0.662
0.154168
0.342037
0.662
0.662
0.188658
0.36888
0.122893
0.662
0.497359
0.662
0.306219
0.662
0.662
0.480314
0.0915517
0.118394
0.216817
0.467236
0.217214
0.486466
0.662
0.662
0.0488276
0.662
0.101745
0.416787
0.424798
0.237587
0.465384
0.45407
0.43323
0.662
0.1925
0.662
0.299008
0.0374618
0.662
0.203316
0.662
0.129912
0.322373
0.662
0.0792782
0.662
0.0391811
0.642167
0.0765959
0.662
0.662
0.662
0.523091
0.662
0.662
0.463219
0.662
0.662
0.662
0.0649437
0.556776
0.0173148
0.148872
0.115296
0.662
0.662
0.662
0.322986
0.312368
0.662
0.395927
0.422174
0.662
0.0452526
0.662
0.662
0.662
0.0698443
0.050677
0.180851
0.662
0.662
0.662
0.662
0.662
0.662
0.662
0.213401
0.463488
0.662
0.216863
0.662
0.328435
0.293052
0.662
0.662
0.662
0.162583
0.051436
0.424765
0.662
0.662
0.26154
0.60591
0.429299
0.662
0.662
0.302289
0.662
0.662
0.662
0.662
0.266322
0.662
0.404751
0.153087
0.662
0.612672
0.662
0.662
0.258405
0.662
0.662
0.462258
0.662
0.662
0.662
0.185821
0.451587
0.130386
0.199803
0.407946
0.662
0.171352
0.662
0.336698
0.662
0.662
0.662
0.12946
0.662
0.277523
0.662
0.445013
0.123679
0.662
0.662
0.361799
0.662
0.0446544
0.662
0.662
0.662
0.662
0.421483
0.662
0.662
0.00322178
0.0754355
0.434537
0.662
0.381387
0.390038
0.0672849
0.662
0.662
0.662
0.662
0.662
0.136394
0.662
0.662
0.381033
0.662
0.662
0.399399
0.662
0.107028
0.662
0.662
0.662
0.594738
0.662
0.662
0.364467
0.391086
0.662
0.306596
0.314564
0.662
0.662
0.662
0.391622
0.235016
0.455834
0.662
0.27337
0.662
0.662
0.662
0.355074
0.662
0.662
0.0927971
0.662
0.662
0.662
0.344406
0.662
0.662
0.662
0.205202
0.36424
0.0731283
0.662
0.50516
0.135096
0.662
0.126325
0.34949
0.354981
0.662
0.662
0.0903357
0.662
0.662
0.662
0.474332
0.662
0.662
0.00927726
0.662
0.0854254
0.662
0.662
0.662
0.662
0.662
0.662
0.662
0.411468
0.662
0.237222
0.662
0.662
0.416149
0.321219
0.127227
0.662
0.662
0.22426
0.662
0.662
0.246873
0.662
0.662
0.662
0.662
0.156018
0.662
0.156376
0.662
0.0620216
0.441222
0.225325
0.662
0.662
0.303068
0.268155
0.662
0.417716
0.0295314
0.662
0.662
0.662
0.306778
0.562121
0.0465961
0.463848
0.473233
0.464056
0.662
0.662
0.662
0.662
0.662
0.662
0.633405
0.662
0.662
0.463659
0.662
0.662
0.662
0.161279
0.174369
0.315265
0.662
0.477504
0.0557884
0.0562655
0.00219777
0.662
0.662
0.662
0.323585
0.662
0.662
0.193568
0.369467
0.210951
0.662
0.0683342
0.662
0.266747
0.27813
0.662
0.662
0.662
0.662
0.662
0.334744
0.385374
0.250724
0.662
0.547872
0.497071
0.662
0.662
0.662
0.662
0.468207
0.662
0.278466
0.443144
0.20732
0.662
0.243841
0.662
0.662
0.12624
0.0320651
0.662
0.662
0.160494
0.186905
0.662
0.0211326
0.470578
0.662
0.0486504
0.662
0.662
0.415138
0.662
0.662
0.360338
0.388476
0.341342
0.662
0.0128629
0.319237
0.362879
0.662
0.662
0.662
0.282911
0.481996
0.662
0.662
0.324406
0.662
0.662
0.662
0.662
0.156099
0.662
0.229086
0.44102
0.253356
0.253449
0.662
0.370748
0.469575
0.662
0.520975
0.06539
0.662
0.662
0.662
0.662
0.238431
0.662
0.662
0.662
0.322625
0.662
0.662
0.662
0.457467
0.452727
0.662
0.662
0.662
0.360557
0.662
0.662
0.662
0.256941
0.29347
0.662
0.662
0.0784716
0.327131
0.579785
0.662
0.662
0.446168
0.236145
0.031193
0.367425
0.662
0.226827
0.662
0.389435
0.662
0.662
0.226531
0.662
0.662
0.103217
0.662
0.0330389
0.594595
0.098319
0.420129
0.662
0.439961
0.662
0.0381005
0.249489
0.662
0.662
0.130273
0.399122
0.662
0.0169614
0.662
0.662
0.380042
0.662
0.439243
0.662
0.662
0.301626
0.463394
0.474992
0.273552
0.320039
0.223299
0.29551
0.242112
0.469114
0.191677
0.0927139
0.662
0.229927
0.662
0.662
0.662
0.28604
0.662
0.662
0.088386
0.662
0.662
0.662
0.662
0.662
0.195165
0.662
0.509581
0.662
0.662
0.375216
0.662
0.662
0.476328
0.273073
0.662
0.303658
0.662
0.662
0.492999
0.480832
0.662
0.605509
0.323809
0.662
0.662
0.662
0.662
0.236541
0.662
0.662
0.662
0.662
0.662
0.662
0.662
0.662
0.132279
0.315511
0.662
0.662
0.470263
0.662
0.429013
0.189771
0.662
0.662
0.393159
0.474937
0.394607
0.662
0.44724
0.263353
0.662
0.662
0.131617
0.662
0.417749
0.662
0.414205
0.662
0.326292
0.662
0.124762
0.662
0.215354
0.662
0.662
0.513537
0.348229
0.445214
0.123188
0.662
0.662
0.212152
0.662
0.138738
0.662
0.662
0.662
0.662
0.467055
0.662
0.0535707
0.662
0.055577
0.662
0.662
0.220001
0.662
0.662
0.662
0.662
0.0201937
0.376461
0.157618
0.0224874
0.662
0.662
0.351879
0.189104
0.662
0.415853
0.395606
0.662
0.0384814
0.284629
0.662
0.662
0.128713
0.662
0.0176944
0.0567883
0.0671163
0.662
0.662
0.662
0.662
0.662
0.662
0.662
0.662
0.0719108
0.662
0.475671
0.662
0.662
0.420488
0.466888
0.345566
0.662
0.077848
0.662
0.662
0.161689
0.132949
0.662
0.662
0.662
0.662
0.377338
0.300463
0.463542
0.226782
0.662
0.662
0.662
0.662
0.662
0.662
0.00587853
0.662
0.662
0.662
0.226937
0.648245
0.351081
0.374978
0.242178
0.662
0.355319
0.176187
0.282903
0.662
0.0870099
0.261329
0.444055
0.662
0.662
0.662
0.662
0.477612
0.349548
0.662
0.167257
0.465182
0.0573643
0.662
0.662
0.443798
0.662
0.244177
0.426281
0.662
0.662
0.460316
0.662
0.662
0.27017
0.0862685
0.662
0.662
0.662
0.397904
0.151492
0.0590288
0.662
0.0225735
0.662
0.0537384
0.662
0.1738
0.662
0.662
0.662
0.662
0.0847848
0.159002
0.179901
0.662
0.641361
0.662
0.0525338
0.662
0.221328
0.419484
0.522003
0.0411738
0.183434
0.0925671
0.662
0.213015
0.662
0.0333265
0.481534
0.192122
0.662
0.662
0.115698
0.662
0.483253
0.662
0.662
0.096754
0.0886203
0.662
0.662
0.662
0.0395143
0.163213
0.662
0.3262
0.662
0.662
0.298952
0.378635
0.472213
0.662
0.662
0.356118
0.00424008
0.446257
0.352696
0.25497
0.662
0.408307
0.305833
0.662
0.356585
0.662
0.662
0.662
0.201524
0.662
0.397348
0.412805
0.662
0.290043
0.210179
0.658058
0.0375851
0.272836
0.168207
0.662
0.322057
0.662
0.662
0.662
0.662
0.34308
0.372351
0.662
0.347563
0.454728
0.180785
0.143715
0.11623
0.425551
0.369592
0.662
0.321241
0.662
0.662
0.662
0.308663
0.0739607
0.43834
0.132484
0.0541667
0.263058
0.662
0.662
0.662
0.662
0.662
0.356574
0.662
0.662
0.662
0.207519
0.616053
0.662
0.192675
0.187005
0.224587
0.0124794
0.0501201
0.334689
0.662
0.246069
0.00798041
0.662
0.662
0.431472
0.43153
0.662
0.446402
0.386895
0.468526
0.0651075
0.562993
0.263565
0.456626
0.662
0.0955153
0.300638
0.662
0.662
0.662
0.662
0.662
0.403785
0.662
0.0441417
0.15891
0.662
0.190027
0.662
0.410976
0.662
0.170112
0.0310502
0.113796
0.662
0.375256
0.0933119
0.662
0.662
0.128987
0.662
0.662
0.662
0.178802
0.662
0.0534237
0.117818
0.433894
0.03626
0.427232
0.662
0.662
0.662
0.157151
0.662
0.662
0.224909
0.662
0.404941
0.662
0.386399
0.662
0.0225433
0.0247896
0.662
0.662
0.519387
0.0728721
0.514424
0.123699
0.10286
0.0229991
0.421035
0.662
0.501184
0.0541605
0.662
0.223576
0.423488
0.568792
0.405235
0.424757
0.493798
0.271856
0.0600732
0.662
0.662
0.262103
0.662
0.4541
0.112842
0.455545
0.0265654
0.662
0.662
0.662
0.662
0.0227057
0.662
0.14193
0.662
0.662
0.662
0.662
0.302784
0.27138
0.662
0.113411
0.662
0.440813
0.00996971
0.662
0.662
0.662
0.113404
0.662
0.662
0.662
0.662
0.324399
0.0254979
0.377359
0.371999
0.662
0.662
0.662
0.461971
0.0990599
0.662
0.662
0.662
0.200579
0.662
0.662
0.662
0.662
0.662
0.0408053
0.592492
0.662
0.0219855
0.352765
0.662
0.419644
0.441611
0.662
0.405413
0.15
0.622679
0.435379
0.662
0.662
0.662
0.662
0.291631
0.662
0.0169594
0.662
0.468259
0.662
0.662
0.662
0.400619
0.662
0.662
0.234952
0.0144773
0.401173
0.662
0.662
0.662
0.456253
0.55327
0.662
0.662
0.465998
0.662
0.662
0.662
0.662
0.219685
0.662
0.270705
0.354424
0.662
0.307073
0.662
0.662
0.662
0.662
0.662
0.662
0.662
0.662
0.239809
0.662
0.662
0.0792949
0.422054
0.341984
0.662
0.662
0.296906
0.662
0.146756
0.662
0.0398173
0.273839
0.313797
0.662
0.662
0.33177
0.178211
0.475648
0.056138
0.662
0.423127
0.662
0.662
0.662
0.542744
0.662
0.314838
0.662
0.662
0.662
0.388415
0.662
0.662
0.662
0.662
0.281651
0.198635
0.184456
0.535073
0.662
0.0233081
0.210352
0.662
0.662
0.662
0.662
0.662
0.662
0.300143
0.662
0.662
0.354033
0.662
0.662
0.662
0.106101
0.466375
0.662
0.662
0.662
0.662
0.21302
0.662
0.662
0.662
0.00826637
0.050631
0.432625
0.386572
0.662
0.017271
0.662
0.662
0.662
0.662
0.324904
0.662
0.483614
0.140855
0.132406
0.474493
0.662
0.0777663
0.662
0.219474
0.403202
0.237259
0.325898
0.193314
0.451965
0.537576
0.662
0.489839
0.290842
0.662
0.662
0.662
0.413139
0.45507
0.662
0.474704
0.172209
0.180916
0.159758
0.662
0.302968
0.0227345
0.662
0.662
0.662
0.439298
0.662
0.662
0.119858
0.290035
0.0027024
0.662
0.575727
0.438281
0.662
0.662
0.662
0.0482246
0.662
0.662
0.662
0.313029
0.335791
0.436886
0.662
0.662
0.662
0.662
0.662
0.238239
0.662
0.55048
0.662
0.662
0.662
0.662
0.39288
0.386784
0.232944
0.662
0.385188
0.662
0.662
0.466837
0.421122
0.662
0.414777
0.662
0.284078
0.662
0.662
0.662
0.359038
0.662
0.662
0.662
0.662
0.662
0.662
0.160596
0.662
0.662
0.431107
0.361628
0.405717
0.0514477
0.218486
0.0567742
0.117417
0.193569
0.386792
0.0931809
0.662
0.662
0.662
0.662
0.583299
0.662
0.436145
0.662
0.321823
0.662
0.662
0.662
0.662
0.568669
0.132151
0.534507
0.233432
0.662
0.369247
0.662
0.662
0.405696
0.662
0.662
0.506863
0.297893
0.662
0.662
0.148372
0.343406
0.34578
0.165111
0.662
0.446161
0.662
0.662
0.662
0.662
0.214294
0.316291
0.662
0.188157
0.662
0.399897
0.460316
0.662
0.290106
0.028625
0.662
0.0337302
0.662
0.662
0.306679
0.662
0.102013
0.662
0.0125117
0.112905
0.662
0.0669344
0.251637
0.662
0.662
0.534845
0.662
0.274991
0.662
0.662
0.114485
0.662
0.329032
0.351614
0.356673
0.368934
0.662
0.0956328
0.662
0.662
0.662
0.662
0.473725
0.662
0.662
0.262933
0.662
0.662
0.662
0.662
0.226876
0.662
0.277611
0.662
0.0133375
0.529094
0.181247
0.662
0.662
0.662
0.347419
0.662
0.184621
0.540745
0.662
0.209381
0.662
0.0662874
0.0612788
0.452104
0.219882
0.662
0.662
0.662
0.275646
0.662
0.10708
0.00665837
0.662
0.662
0.662
0.662
0.297011
0.662
0.662
0.662
0.662
0.662
0.412038
0.217326
0.341861
0.0160421
0.662
0.309903
0.468922
0.475223
0.168357
0.345164
0.446894
0.172696
0.0880197
0.255341
0.417178
0.00277038
0.429133
0.662
0.0446794
0.289943
0.662
0.360596
0.662
0.662
0.469544
0.662
0.0703823
0.288648
0.662
0.471105
0.662
0.127404
0.662
0.662
0.0842498
0.662
0.248811
0.0484892
0.662
0.282909
0.662
0.662
0.214982
0.571743
0.662
0.143895
0.337994
0.0351289
0.321309
0.239823
0.0423025
0.163059
0.230795
0.662
0.526177
0.662
0.662
0.00736838
0.15989
0.176618
0.662
0.162344
0.480263
0.404862
0.424193
0.662
0.567306
0.381033
0.161225
0.0153665
0.579408
0.380765
0.662
0.124104
0.662
0.20048
0.662
0.305865
0.396357
0.261226
0.529157
0.0302144
0.290743
0.216972
0.662
0.274524
0.478339
0.374651
0.0464861
0.437186
0.662
0.00767087
0.0818343
0.662
0.662
0.662
0.266932
0.423839
0.46133
0.282963
0.662
0.250913
0.662
0.385267
0.080107
0.662
0.302054
0.662
0.662
0.662
0.227414
0.382031
0.662
0.454104
0.662
0.476631
0.395463
0.662
0.294318
0.662
0.198377
0.125913
0.662
0.662
0.662
0.313806
0.662
0.662
0.168875
0.282415
0.175515
0.556473
0.162679
0.344091
0.662
0.662
0.662
0.320542
0.662
0.662
0.386591
0.354611
0.662
0.121433
0.122207
0.662
0.662
0.662
0.188429
0.456308
0.662
0.662
0.474456
0.487941
0.662
0.41283
0.375176
0.50001
0.206597
0.662
0.344381
0.662
0.662
0.662
0.662
0.662
0.17275
0.419318
0.0593003
0.662
0.393194
0.662
0.662
0.228826
0.36527
0.346466
0.662
0.662
0.662
0.311294
0.662
0.504186
0.662
0.556239
0.152483
0.662
0.662
0.662
0.451112
0.662
0.662
0.00995815
0.169852
0.410078
0.121892
0.384028
0.316369
0.662
0.470454
0.662
0.662
0.662
0.324793
0.45941
0.662
0.662
0.31867
0.662
0.662
0.662
0.662
0.317093
0.662
0.224113
0.662
0.561949
0.662
0.662
0.183975
0.376924
0.662
0.662
0.22615
0.301221
0.662
0.662
0.47743
0.662
0.376522
0.631539
0.662
0.662
0.662
0.662
0.247355
0.662
0.48363
0.662
0.0152304
0.662
0.662
0.662
0.484821
0.662
0.0158547
0.63339
0.220536
0.662
0.221183
0.114211
0.295507
0.662
0.662
0.1981
0.662
0.425501
0.662
0.111386
0.299686
0.662
0.128212
0.662
0.349156
0.446928
0.33888
0.662
0.662
0.662
0.662
0.0103292
0.662
0.662
0.419313
0.662
0.662
0.662
0.662
0.000378987
0.369825
0.145361
0.142791
0.271261
0.662
0.462139
0.662
0.288145
0.662
0.0672061
0.662
0.280292
0.204386
0.662
0.451149
0.218165
0.0358868
0.662
0.662
0.065564
0.142162
0.662
0.662
0.662
0.662
0.202199
0.662
0.662
0.662
0.214483
0.662
0.662
0.662
0.662
0.392041
0.662
0.491821
0.497449
0.309914
0.662
0.662
0.662
0.439111
0.662
0.662
0.662
0.662
0.633693
0.662
0.662
0.0246692
0.662
0.662
0.662
0.00926185
0.419305
0.0758116
0.273019
0.552892
0.662
0.662
0.662
0.447288
0.432647
0.356819
0.662
0.662
0.662
0.662
0.1989
0.662
0.662
0.187342
0.662
0.0122289
0.0538817
0.248861
0.633391
0.455139
0.351008
0.662
0.277781
0.662
0.662
0.662
0.429172
0.63123
0.0948114
0.329069
0.452193
0.662
0.274927
0.662
0.662
0.662
0.662
0.345838
0.662
0.662
0.400317
0.662
0.662
0.225549
0.662
0.313524
0.440505
0.662
0.662
0.149275
0.589364
0.0806991
0.0898026
0.585792
0.662
0.411676
0.662
0.662
0.662
0.112465
0.104607
0.662
0.662
0.17987
0.662
0.662
0.0544821
0.0517183
0.662
0.210558
0.662
0.261226
0.0455326
0.662
0.662
0.113619
0.662
0.662
0.662
0.196045
0.349637
0.484763
0.662
0.303061
0.662
0.413033
0.491583
0.459899
0.662
0.662
0.662
0.662
0.455294
0.662
0.662
0.0837832
0.662
0.186785
0.662
0.0462486
0.00736265
0.662
0.420053
0.15987
0.662
0.266774
0.662
0.602914
0.351641
0.456462
0.0656876
0.428213
0.428457
0.386781
0.662
0.662
0.662
0.662
0.662
0.662
0.538197
0.297237
0.662
0.662
0.469158
0.662
0.662
0.126565
0.38057
0.662
0.263656
0.481296
0.662
0.662
0.662
0.662
0.20718
0.0249671
0.348982
0.662
0.37964
0.230088
0.662
0.178715
0.662
0.156788
0.662
0.662
0.662
0.200975
0.177325
0.662
0.222994
0.134955
0.662
0.662
0.41636
0.0323741
0.0159084
0.312238
0.354232
0.662
0.32236
0.662
0.337876
0.662
0.13435
0.662
0.607665
0.662
0.662
0.662
0.185317
0.280894
0.0494869
0.419133
0.662
0.662
0.662
0.662
0.662
0.532209
0.136957
0.0278852
0.285124
0.00565462
0.662
0.662
0.118661
0.662
0.418796
0.232896
0.330428
0.662
0.0716151
0.662
0.0667334
