0.662
0.662
0.293857
0.662
0.662
0.226497
0.286872
0.374808
0.662
0.409674
0.662
0.662
0.662
0.201165
0.662
0.409143
0.385062
0.535842
0.662
0.20165
0.46839
0.662
0.662
0.662
0.662
0.0944046
0.184298
0.433088
0.662
0.662
0.260225
0.662
0.662
0.461757
0.662
0.662
0.442963
0.401188
0.43681
0.505973
0.0701047
0.32189
0.662
0.662
0.662
0.192687
0.662
0.0979779
0.171316
0.662
0.222622
0.11133
0.662
0.63339
0.662
0.662
0.662
0.216995
0.662
0.451418
0.662
0.662
0.0939881
0.465475
0.440939
0.568147
0.284772
0.416117
0.00760096
0.662
0.0366283
0.662
0.132418
0.00538746
0.662
0.662
0.662
0.499803
0.662
0.662
0.593761
0.101478
0.650959
0.141221
0.0580398
0.662
0.147085
0.0686145
0.46554
0.662
0.662
0.0800568
0.396584
0.662
0.49825
0.340111
0.662
0.0722084
0.22837
0.181246
0.662
0.662
0.263744
0.662
0.26129
0.662
0.396247
0.494887
0.662
0.23837
0.338365
0.244751
0.110289
0.120656
0.662
0.443119
0.662
0.662
0.662
0.294268
0.418644
0.662
0.0852885
0.662
0.662
0.662
0.36843
0.0474037
0.309548
0.662
0.0730125
0.293213
0.380351
0.662
0.662
0.0249683
0.198362
0.314833
0.662
0.662
0.662
0.662
0.40718
0.662
0.662
0.662
0.152831
0.662
0.455762
0.229453
0.662
0.457482
0.316647
0.662
0.0311573
0.662
0.199052
0.662
0.593253
0.348846
0.662
0.662
0.450278
0.662
0.662
0.274107
0.552293
0.662
0.077075
0.0383458
0.494628
0.282969
0.662
0.114176
0.180144
0.662
0.133048
0.662
0.662
0.662
0.662
0.125449
0.298802
0.145619
0.662
0.24337
0.408529
0.160186
0.662
0.662
0.662
0.662
0.662
0.662
0.662
0.662
0.392062
0.662
0.662
0.662
0.368723
0.662
0.662
0.662
0.662
0.12673
0.305451
0.106457
0.662
0.265945
0.662
0.662
0.0130221
0.0836126
0.662
0.138505
0.211761
0.662
0.662
0.662
0.231199
0.662
0.662
0.633391
0.662
0.0291818
0.421087
0.349361
0.662
0.662
0.662
0.0493239
0.0977172
0.662
0.186044
0.662
0.237065
0.120134
0.662
0.662
0.0102696
0.285241
0.333965
0.662
0.662
0.662
0.119926
0.662
0.662
0.0706787
0.200636
0.0615468
0.416995
0.662
0.662
0.391522
0.193462
0.206826
0.423504
0.662
0.662
0.662
0.110085
0.122483
0.662
0.662
0.662
0.662
0.662
0.662
0.224654
0.662
0.44288
0.327994
0.662
0.662
0.391466
0.662
0.662
0.662
0.602917
0.662
0.662
0.29919
0.598997
0.0707908
0.662
0.560234
0.228674
0.259415
0.662
0.2412
0.662
0.662
0.273288
0.662
0.662
0.662
0.662
0.470311
0.0793901
0.662
0.662
0.398805
0.662
0.170874
0.362636
0.204727
0.662
0.45117
0.662
0.662
0.662
0.32681
0.662
0.411124
0.456607
0.662
0.662
0.662
0.368434
0.662
0.662
0.658721
0.234194
0.662
0.662
0.662
0.662
0.662
0.468251
0.662
0.325833
0.662
0.662
0.453621
0.45531
0.662
0.294081
0.662
0.40611
0.00487196
0.662
0.662
0.662
0.662
0.432184
0.662
0.662
0.200236
0.466656
0.125764
0.662
0.662
0.217476
0.463844
0.662
0.0363885
0.662
0.16224
0.235268
0.662
0.266581
0.662
0.662
0.0159605
0.188642
0.662
0.662
0.662
0.662
0.212871
0.580776
0.00273379
0.275163
0.257108
0.208292
0.662
0.662
0.000842665
0.0842464
0.32676
0.662
0.662
0.662
0.230486
0.662
0.437947
0.662
0.323753
0.406584
0.325589
0.662
0.662
0.662
0.144929
0.662
0.662
0.126946
0.662
0.278737
0.360352
0.0500838
0.169263
0.662
0.662
0.662
0.662
0.409001
0.063029
0.662
0.159734
0.191904
0.662
0.133416
0.662
0.278531
0.0827908
0.662
0.662
0.244101
0.662
0.198063
0.662
0.662
0.269509
0.662
0.662
0.662
0.49334
0.662
0.662
0.348807
0.662
0.662
0.459717
0.29656
0.662
0.662
0.0143462
0.662
0.662
0.0982886
0.662
0.376825
0.177607
0.662
0.662
0.662
0.630616
0.28056
0.662
0.662
0.477541
0.662
0.662
0.114388
0.20398
0.487155
0.126213
0.189105
0.361218
0.662
0.662
0.147902
0.662
0.662
0.662
0.0445805
0.567035
0.662
0.662
0.0304764
0.662
0.662
0.662
0.662
0.662
0.268022
0.401875
0.662
0.0402995
0.00549127
0.432746
0.662
0.28611
0.662
0.662
0.0332795
0.458421
0.662
0.0732102
0.662
0.208002
0.133188
0.258793
0.662
0.0121007
0.322226
0.247011
0.454002
0.662
0.662
0.662
0.662
0.089895
0.102271
0.662
0.193419
0.662
0.315699
0.662
0.662
0.662
0.193527
0.662
0.662
0.373147
0.429411
0.259553
0.662
0.662
0.662
0.662
0.662
0.42297
0.662
0.662
0.00773426
0.662
0.662
0.662
0.175177
0.3866
0.204035
0.16438
0.253954
0.0792034
0.286037
0.662
0.662
0.0104068
0.156612
0.130053
0.662
0.662
0.309999
0.0645145
0.662
0.0382145
0.662
0.662
0.662
0.662
0.380908
0.297496
0.193523
0.662
0.662
0.662
0.662
0.662
0.662
0.445371
0.662
0.662
0.488806
0.107163
0.253938
0.23876
0.179696
0.348282
0.662
0.662
0.662
0.306595
0.662
0.662
0.662
0.662
0.662
0.107405
0.00432106
0.244926
0.662
0.613974
0.04738
0.293889
0.662
0.662
0.662
0.662
0.662
0.332814
0.662
0.662
0.0869345
0.0056396
0.662
0.662
0.093538
0.662
0.662
0.497776
0.662
0.662
0.662
0.662
0.155274
0.343521
0.662
0.215749
0.402972
0.662
0.381838
0.662
0.662
0.237432
0.662
0.502632
0.662
0.662
0.378686
0.189305
0.228678
0.662
0.324138
0.662
0.662
0.662
0.662
0.662
0.146064
0.134864
0.662
0.662
0.662
0.472289
0.140623
0.343126
0.662
0.662
0.662
0.662
0.662
0.662
0.304098
0.631953
0.662
0.335659
0.662
0.662
0.359888
0.662
0.662
0.0733138
0.246159
0.0232099
0.662
0.156372
0.662
0.662
0.0161854
0.556658
0.662
0.455746
0.423876
0.451175
0.114688
0.231318
0.381094
0.662
0.391418
0.354886
0.237323
0.662
0.216947
0.662
0.191906
0.0925766
0.227425
0.662
0.603268
0.662
0.465566
0.662
0.110965
0.662
0.662
0.662
0.662
0.202489
0.45798
0.662
0.662
0.340485
0.662
0.590434
0.0596461
0.184486
0.0327903
0.662
0.41427
0.662
0.138655
0.472923
0.662
0.662
0.662
0.582936
0.291976
0.662
0.37204
0.0795739
0.662
0.49789
0.180578
0.490347
0.662
0.662
0.662
0.36573
0.662
0.303802
0.483224
0.662
0.662
0.354538
0.662
0.662
0.189081
0.45162
0.28377
0.298547
0.0530447
0.093234
0.30922
0.662
0.345351
0.662
0.662
0.19567
0.662
0.662
0.662
0.226014
0.662
0.312002
0.00159268
0.662
0.348249
0.662
0.662
0.662
0.239106
0.662
0.662
0.662
0.662
0.662
0.401502
0.194185
0.383696
0.324055
0.662
0.662
0.662
0.447295
0.662
0.662
0.662
0.18417
0.34263
0.662
0.662
0.420867
0.464042
0.654226
0.234612
0.662
0.376555
0.619227
0.0415223
0.378955
0.0451422
0.0490574
0.662
0.662
0.447563
0.359379
0.662
0.136296
0.156343
0.175173
0.0331629
0.224834
0.662
0.662
0.662
0.662
0.662
0.330736
0.662
0.326796
0.403706
0.206622
0.662
0.662
0.662
0.662
0.00643764
0.170044
0.662
0.423475
0.662
0.326613
0.629763
0.662
0.662
0.662
0.305864
0.137095
0.217424
0.662
0.203645
0.662
0.460609
0.662
0.37105
0.662
0.219689
0.236236
0.159663
0.662
0.299863
0.00814969
0.662
0.471943
0.662
0.662
0.0636535
0.130184
0.294764
0.662
0.193582
0.662
0.662
0.246066
0.0606899
0.466042
0.233452
0.662
0.33355
0.201368
0.468455
0.0165996
0.662
0.223572
0.256282
0.662
0.0909937
0.662
0.0897041
0.662
0.33375
0.316083
0.662
0.662
0.251441
0.0135886
0.375668
0.662
0.662
0.662
0.240077
0.662
0.662
0.662
0.00314544
0.301329
0.662
0.221087
0.132791
0.662
0.662
0.374791
0.662
0.662
0.211528
0.259746
0.662
0.662
0.662
0.662
0.393717
0.662
0.430063
0.238155
0.662
0.297437
0.408113
0.662
0.662
0.254804
0.662
0.662
0.662
0.662
0.242595
0.114695
0.128393
0.302012
0.662
0.125758
0.662
0.662
0.662
0.662
0.0934602
0.662
0.383898
0.44527
0.302513
0.662
0.662
0.662
0.150606
0.662
0.395774
0.662
0.662
0.662
0.437642
0.662
0.662
0.434988
0.0668493
0.662
0.35281
0.662
0.662
0.662
0.402842
0.0561856
0.145321
0.662
0.108296
0.109355
0.662
0.0326687
0.0297041
0.662
0.662
0.0842894
0.662
0.460792
0.662
0.290499
0.662
0.188434
0.0591626
0.662
0.662
0.662
0.662
0.662
0.662
0.460993
0.662
0.302793
0.662
0.662
0.662
0.0619445
0.662
0.461472
0.0190283
0.328588
0.662
0.526986
0.48153
0.482677
0.363991
0.239712
0.662
0.662
0.662
0.662
0.662
0.662
0.662
0.3284
0.662
0.662
0.309664
0.662
0.662
0.662
0.283671
0.662
0.0145095
0.295185
0.0252931
0.662
0.170863
0.662
0.205843
0.423109
0.662
0.129805
0.662
0.492991
0.201413
0.371391
0.153628
0.662
0.662
0.662
0.440828
0.662
0.662
0.236568
0.326252
0.136702
0.149549
0.662
0.218371
0.381594
0.350884
0.662
0.362584
0.662
0.270253
0.435207
0.13759
0.648015
0.662
0.662
0.662
0.230541
0.662
0.662
0.45669
0.273219
0.350833
0.662
0.490238
0.34242
0.349677
0.662
0.662
0.14851
0.662
0.662
0.662
0.0660728
0.662
0.324919
0.326108
0.662
0.395746
0.178167
0.662
0.662
0.662
0.468737
0.323568
0.358054
0.662
0.259935
0.177469
0.662
0.662
0.662
0.0114961
0.662
0.662
0.662
0.662
0.220882
0.0410568
0.632225
0.109419
0.377237
0.392471
0.246035
0.662
0.336147
0.662
0.124714
0.0221379
0.662
0.662
0.246877
0.259023
0.662
0.662
0.363963
0.662
0.662
0.662
0.662
0.0037721
0.662
0.662
0.445399
0.662
0.0877559
0.346168
0.662
0.662
0.471524
0.371465
0.662
0.662
0.662
0.662
0.662
0.662
0.229286
0.662
0.662
0.662
0.242088
0.662
0.662
0.662
0.662
0.00436027
0.221904
0.662
0.383237
0.662
0.662
0.662
0.527267
0.662
0.662
0.27259
0.434491
0.662
0.662
0.201798
0.662
0.160105
0.662
0.0965226
0.355747
0.662
0.662
0.662
0.28231
0.662
0.460214
0.662
0.662
0.0460587
0.662
0.555116
0.10975
0.063144
0.662
0.0558699
0.207905
0.444953
0.662
0.336742
0.528998
0.559351
0.188648
0.540272
0.662
0.424859
0.662
0.662
0.215713
0.662
0.662
0.391148
0.533368
0.173624
0.662
0.365186
0.215962
0.0165
0.662
0.662
0.662
0.662
0.508244
0.662
0.148645
0.662
0.662
0.662
0.569354
0.662
0.179506
0.662
0.662
0.662
0.662
0.662
0.0139767
0.39528
0.662
0.662
0.0649464
0.137064
0.00967971
0.311711
0.662
0.356564
0.662
0.419405
0.0399284
0.662
0.283132
0.0262229
0.662
0.158731
0.339774
0.192768
0.0998846
0.662
0.662
0.21873
0.585594
0.0866406
0.0432843
0.662
0.662
0.407742
0.464491
0.421263
0.472714
0.464476
0.181275
0.662
0.421546
0.362902
0.662
0.465765
0.662
0.120996
0.22453
0.382316
0.131149
0.178064
0.662
0.0685268
0.662
0.322496
0.296602
0.280379
0.389535
0.662
0.0560352
0.0461879
0.100526
0.662
0.108202
0.662
0.393195
0.101756
0.279478
0.457607
0.662
0.242764
0.662
0.560595
0.10104
0.662
0.662
0.0646236
0.662
0.662
0.0752058
0.342978
0.312007
0.139333
0.662
0.0824703
0.662
0.662
0.311106
0.434687
0.47253
0.652507
0.353903
0.662
0.571608
0.387696
0.662
0.267673
0.0720372
0.662
0.662
0.662
0.662
0.445953
0.662
0.470124
0.662
0.662
0.662
0.662
0.662
0.662
0.662
0.0479264
0.662
0.367373
0.0944668
0.662
0.662
0.311108
0.0394171
0.391044
0.662
0.662
0.662
0.662
0.662
0.136417
0.662
0.662
0.399542
0.0793469
0.259839
0.662
0.662
0.662
0.662
0.173305
0.372514
0.0883507
0.33765
0.662
0.178259
0.662
0.662
0.36005
0.0288998
0.662
0.117809
0.0328745
0.662
0.662
0.421164
0.428633
0.430632
0.366548
0.0380736
0.510966
0.662
0.387585
0.662
0.00196989
0.662
0.662
0.0416235
0.386251
0.662
0.662
0.662
0.220768
0.245781
0.662
0.487325
0.134411
0.351142
0.662
0.187599
0.662
0.523592
0.00763092
0.288626
0.127124
0.281456
0.229975
0.662
0.0287421
0.279989
0.102646
0.662
0.129802
