0.662
0.662
0.662
0.160359
0.0758337
0.662
0.416838
0.199908
0.0816894
0.662
0.189044
0.662
0.662
0.272076
0.662
0.169577
0.662
0.266634
0.662
0.370506
0.662
0.662
0.488274
0.662
0.00186632
0.662
0.205536
0.360166
0.662
0.297359
0.254537
0.257841
0.472207
0.662
0.428639
0.233039
0.452373
0.214349
0.485286
0.662
0.662
0.0514643
0.292765
0.246975
0.662
0.440709
0.662
0.662
0.0784551
0.662
0.427174
0.662
0.0360383
0.662
0.0173903
0.662
0.662
0.473851
0.662
0.0706674
0.662
0.662
0.46234
0.316949
0.0742565
0.662
0.662
0.434674
0.586958
0.662
0.234826
0.306744
0.470114
0.662
0.126661
0.329319
0.151644
0.662
0.0950188
0.662
0.421201
0.662
0.0850752
0.662
0.470368
0.122659
0.662
0.504697
0.0523992
0.145904
0.245722
0.0419194
0.662
0.662
0.662
0.343038
0.662
0.430878
0.422332
0.308034
0.434564
0.662
0.208265
0.35944
0.662
0.662
0.662
0.322128
0.405495
0.249837
0.18468
0.662
0.662
0.662
0.662
0.662
0.285965
0.662
0.662
0.662
0.662
0.662
0.662
0.350789
0.421356
0.662
0.662
0.500509
0.120271
0.0916987
0.662
0.662
0.454526
0.662
0.662
0.662
0.662
0.51487
0.274953
0.437281
0.662
0.096098
0.283641
0.152205
0.662
0.662
0.312894
0.045884
0.600865
0.636421
0.662
0.662
0.662
0.662
0.444733
0.662
0.329947
0.0699781
0.662
0.662
0.662
0.291629
0.48916
0.662
0.662
0.00140779
0.662
0.662
0.662
0.635194
0.384008
0.662
0.662
0.0303049
0.426058
0.0247859
0.662
0.662
0.328642
0.408816
0.662
0.662
0.662
0.662
0.662
0.662
0.662
0.383394
0.662
0.662
0.425441
0.662
0.662
0.420879
0.662
0.0316106
0.422694
0.662
0.662
0.662
0.662
0.0968393
0.662
0.662
0.279234
0.662
0.184334
0.1351
0.662
0.158038
0.223805
0.662
0.662
0.662
0.28965
0.662
0.662
0.168061
0.662
0.662
0.0209296
0.0726024
0.477947
0.332855
0.662
0.112218
0.235445
0.0210789
0.134496
0.135112
0.45333
0.040738
0.662
0.662
0.0678057
0.0411643
0.529344
0.662
0.192412
0.662
0.544977
0.205866
0.662
0.0372911
0.0325267
0.0101375
0.446943
0.662
0.216998
0.375679
0.420206
0.4985
0.233141
0.662
0.662
0.0145098
0.662
0.662
0.206375
0.428076
0.458341
0.662
0.662
0.662
0.662
0.662
0.270378
0.192406
0.490137
0.487085
0.662
0.0447925
0.294051
0.662
0.144039
0.662
0.662
0.662
0.662
0.24966
0.228167
0.662
0.662
0.662
0.662
0.662
0.662
0.662
0.662
0.391565
0.662
0.662
0.662
0.662
0.209595
0.662
0.305846
0.662
0.0641379
0.217956
0.662
0.662
0.451957
0.417894
0.662
0.154721
0.662
0.250194
0.403038
0.662
0.662
0.185916
0.478437
0.662
0.662
0.662
0.224049
0.662
0.387729
0.662
0.662
0.344171
0.662
0.662
0.662
0.264966
0.662
0.418788
0.447684
0.180437
0.662
0.662
0.662
0.662
0.182029
0.387128
0.662
0.662
0.662
0.662
0.250959
0.449346
0.441162
0.662
0.662
0.322112
0.662
0.0550964
0.662
0.662
0.212229
0.662
0.662
0.249092
0.662
0.411746
0.662
0.290363
0.59277
0.247965
0.169003
0.662
0.662
0.662
0.411265
0.156664
0.0927176
0.662
0.662
0.546494
0.662
0.447427
0.383386
0.202678
0.662
0.662
0.0635462
0.186076
0.159016
0.662
0.662
0.495999
0.662
0.662
0.342721
0.0631312
0.356937
0.0312063
0.108342
0.662
0.347143
0.662
0.648357
0.382345
0.662
0.662
0.662
0.662
0.662
0.283247
0.662
0.0219771
0.389534
0.662
0.419152
0.662
0.662
0.662
0.244265
0.116943
0.39677
0.662
0.252136
0.384074
0.662
0.0716006
0.331777
0.353099
0.119645
0.452361
0.358496
0.662
0.662
0.467697
0.662
0.662
0.325146
0.427389
0.662
0.350127
0.12185
0.058026
0.662
0.444471
0.662
0.22728
0.0535143
0.662
0.662
0.276308
0.662
0.662
0.245639
0.0476162
0.662
0.662
0.276631
0.662
0.662
0.143841
0.662
0.317646
0.662
0.445366
0.0669445
0.140771
0.662
0.378053
0.0297984
0.662
0.662
0.0926938
0.662
0.662
0.387372
0.662
0.028004
0.662
0.43585
0.662
0.0140141
0.662
0.229234
0.270684
0.269619
0.662
0.662
0.276684
0.662
0.32298
0.318935
0.662
0.662
0.662
0.592163
0.447194
0.443972
0.0307029
0.441781
0.662
0.662
0.221327
0.460558
0.426646
0.296825
0.402555
0.662
0.389743
0.343605
0.576329
0.208838
0.662
0.349014
0.662
0.295217
0.474145
0.662
0.662
0.281552
0.311988
0.662
0.662
0.159713
0.232599
0.346302
0.0577282
0.0857341
0.662
0.662
0.662
0.47241
0.0425913
0.233452
0.54748
0.662
0.662
0.662
0.662
0.662
0.662
0.662
0.341378
0.0265603
0.662
0.662
0.367572
0.0514757
0.281679
0.118032
0.306003
0.302115
0.662
0.662
0.662
0.662
0.662
0.406262
0.419241
0.662
0.662
0.382957
0.662
0.0290746
0.253356
0.421588
0.287688
0.662
0.0957339
0.403116
0.0386059
0.662
0.338989
0.662
0.0706882
0.662
0.662
0.662
0.662
0.0580712
0.420721
0.184233
0.153625
0.662
0.662
0.662
0.662
0.662
0.662
0.662
0.662
0.475532
0.662
0.62943
0.37596
0.662
0.662
0.452581
0.14493
0.226388
0.00154304
0.191843
0.662
0.350706
0.539749
0.662
0.662
0.0447326
0.472267
0.662
0.662
0.467646
0.662
0.223179
0.104272
0.200545
0.662
0.662
0.662
0.191543
0.394662
0.662
0.662
0.131493
0.662
0.662
0.662
0.662
0.492577
0.570775
0.662
0.662
0.662
0.00209331
0.662
0.386191
0.326462
0.662
0.662
0.662
0.662
0.662
0.662
0.0486504
0.411302
0.453656
0.662
0.662
0.440865
0.662
0.662
0.662
0.662
0.167634
0.662
0.662
0.482044
0.662
0.662
0.256666
0.0124794
0.662
0.662
0.472157
0.662
0.258543
0.449798
0.406391
0.662
0.662
0.662
0.662
0.468918
0.662
0.662
0.228936
0.291897
0.662
0.662
0.662
0.590283
0.135331
0.662
0.532678
0.662
0.662
0.428672
0.662
0.367041
0.662
0.662
0.392422
0.662
0.225427
0.101071
0.662
0.662
0.662
0.662
0.662
0.0921203
0.662
0.213618
0.662
0.662
0.662
0.662
0.411592
0.662
0.47618
0.0206389
0.662
0.662
0.662
0.420914
0.662
0.662
0.439269
0.662
0.145484
0.662
0.662
0.662
0.662
0.662
0.662
0.570919
0.328495
0.300652
0.662
0.401058
0.662
0.089384
0.662
0.402434
0.140134
0.662
0.662
0.662
0.583516
0.662
0.0226927
0.171527
0.662
0.662
0.662
0.180629
0.250879
0.0476475
0.662
0.662
0.662
0.392822
0.662
0.0245323
0.342693
0.340105
0.47833
0.662
0.662
0.11038
0.184413
0.159308
0.662
0.185858
0.366553
0.662
0.329756
0.662
0.662
0.662
0.0439233
0.358087
0.662
0.358124
0.662
0.662
0.662
0.662
0.662
0.662
0.662
0.662
0.108872
0.424983
0.196827
0.0460025
0.46722
0.662
0.662
0.662
0.431494
0.409534
0.662
0.662
0.662
0.662
0.662
0.209774
0.420195
0.662
0.662
0.369347
0.368762
0.240339
0.662
0.167239
0.307605
0.662
0.0805568
0.662
0.220476
0.662
0.0798176
0.277972
0.662
0.0485333
0.122051
0.281908
0.146439
0.662
0.662
0.662
0.662
0.28693
0.191432
0.222436
0.662
0.662
0.662
0.537496
0.307983
0.353694
0.3866
0.662
0.662
0.429289
0.500685
0.662
0.662
0.476715
0.323514
0.662
0.388741
0.437115
0.662
0.0817294
0.00059961
0.662
0.258918
0.214971
0.644779
0.272709
0.662
0.0883226
0.456204
0.662
0.633429
0.24053
0.662
0.662
0.662
0.662
0.662
0.016904
0.152275
0.420836
0.662
0.662
0.662
0.0516022
0.662
0.662
0.662
0.352191
0.662
0.372445
0.37173
0.662
0.264149
0.0179161
0.662
0.428746
0.313423
0.662
0.289235
0.662
0.662
0.662
0.662
0.245499
0.108015
0.662
0.662
0.0616975
0.400651
0.662
0.575856
0.147913
0.564746
0.662
0.662
0.038728
0.662
0.662
0.206128
0.662
0.105618
0.662
0.662
0.662
0.318598
0.323982
0.662
0.662
0.662
0.402782
0.662
0.662
0.662
0.662
0.465162
0.662
0.662
0.662
0.662
0.662
0.355221
0.662
0.662
0.662
0.00811364
0.306386
0.162181
0.501108
0.662
0.0317885
0.662
0.00659678
0.47042
0.634008
0.409722
0.662
0.177645
0.261865
0.662
0.21832
0.366038
0.662
0.0261846
0.19028
0.662
0.018452
0.662
0.662
0.662
0.662
0.440579
0.359836
0.614813
0.662
0.662
0.662
0.662
0.371635
0.662
0.166309
0.565397
0.585988
0.662
0.338807
0.425765
0.662
0.662
0.299231
0.662
0.662
0.662
0.0761907
0.662
0.662
0.271059
0.662
0.662
0.662
0.432269
0.132795
0.662
0.245149
0.662
0.662
0.662
0.662
0.239438
0.0929843
0.662
0.662
0.608066
0.662
0.662
0.662
0.662
0.662
0.00297344
0.662
0.190071
0.461351
0.662
0.662
0.418264
0.194151
0.53559
0.662
0.662
0.374821
0.0760419
0.0756933
0.662
0.121021
0.216746
0.662
0.662
0.662
0.662
0.0503212
0.662
0.662
0.662
0.162774
0.226203
0.662
0.662
0.662
0.662
0.091189
0.662
0.662
0.111619
0.662
0.268724
0.203333
0.518105
0.219685
0.0739603
0.662
0.662
0.662
0.075984
0.526052
0.10763
0.662
0.662
0.610711
0.662
0.397906
0.196455
0.662
0.662
0.662
0.306219
0.254654
0.446968
0.662
0.459431
0.662
0.0780126
0.526161
0.186595
0.662
0.137053
0.317502
0.662
0.662
0.597485
0.127582
0.248618
0.662
0.662
0.662
0.662
0.421456
0.662
0.662
0.662
0.662
0.662
0.662
0.390563
0.478423
0.200392
0.303462
0.662
0.662
0.662
0.662
0.158186
0.662
0.288854
0.662
0.380554
0.662
0.26802
0.265062
0.494808
0.054593
0.295184
0.352126
0.436927
0.53556
0.238644
0.662
0.662
0.148527
0.112305
0.662
0.662
0.0134997
0.662
0.662
0.662
0.0848797
0.253252
0.0778706
0.662
0.329335
0.662
0.11521
0.544342
0.318675
0.662
0.662
0.662
0.662
0.662
0.662
0.271092
0.484534
0.662
0.662
0.158622
0.662
0.531676
0.662
0.133887
0.662
0.446257
0.365985
0.346487
0.244251
0.662
0.221081
0.0926852
0.662
0.662
0.662
0.0450371
0.662
0.662
0.662
0.301415
0.662
0.272788
0.662
0.390916
0.662
0.192312
0.334142
0.662
0.177054
0.464505
0.285094
0.398461
0.32182
0.437983
0.662
0.453502
0.662
0.662
0.435065
0.352409
0.662
0.35743
0.662
0.662
0.138868
0.325752
0.662
0.662
0.662
0.662
0.356582
0.429437
0.516141
0.431107
0.662
0.454796
0.0823432
0.417524
0.662
0.662
0.603472
0.662
0.662
0.296938
0.201889
0.432407
0.662
0.662
0.28804
0.662
0.662
0.662
0.662
0.662
0.167759
0.130402
0.558881
0.662
0.662
0.45287
0.437141
0.662
0.662
0.081505
0.533593
0.662
0.393276
0.142092
0.377305
0.238153
0.662
0.179939
0.380635
0.307068
0.144084
0.662
0.662
0.0908822
0.662
0.662
0.662
0.662
0.239595
0.662
0.662
0.612371
0.662
0.448876
0.521377
0.662
0.215832
0.256523
0.662
0.213771
0.662
0.378596
0.298872
0.018225
0.662
0.427875
0.662
0.662
0.297871
0.474821
0.353887
0.662
0.662
0.356377
0.0031928
0.273949
0.019913
0.662
0.245835
0.662
0.205936
0.3814
0.662
0.662
0.662
0.0866566
0.662
0.311536
0.181818
0.119474
0.0123209
0.229951
0.662
0.153601
0.662
0.562711
0.662
0.327882
0.419752
0.398532
0.662
0.176199
0.662
0.517554
0.233877
0.662
0.570572
0.106674
0.662
0.662
0.662
0.0864143
0.27851
0.225356
0.662
0.0389936
0.662
0.277734
0.662
0.662
0.420065
0.0319502
0.662
0.304724
0.2315
0.0129905
0.405059
0.662
0.662
0.531983
0.0624436
0.662
0.662
0.147173
0.662
0.0687714
0.662
0.640969
0.662
0.662
0.299242
0.662
0.662
0.208377
0.662
0.470308
0.662
0.325971
0.662
0.379455
0.662
0.662
0.311812
0.662
0.662
0.0968643
0.0166763
0.662
0.0246488
0.0197351
0.662
0.190855
0.187367
0.326195
0.271847
0.466509
0.438677
0.662
0.462802
0.662
0.662
0.201801
0.662
0.383523
0.662
0.168908
0.662
0.00571068
0.28017
0.662
0.662
0.360545
0.662
0.662
0.320718
0.662
0.662
0.662
0.0540103
0.435089
0.189583
0.419815
0.474173
0.662
0.662
0.662
0.662
0.123359
0.163949
0.240314
0.0246133
0.662
0.195436
0.662
0.662
0.259545
0.103723
0.236163
0.662
0.125416
0.0217351
0.367793
0.520251
0.245157
0.662
0.662
0.193361
0.252611
0.272227
0.662
0.185871
0.140117
0.452631
0.222937
0.427833
0.427155
0.662
0.662
0.198676
0.266737
0.662
0.398677
0.0138725
0.662
0.662
0.29395
0.0661019
0.662
0.238654
0.662
0.662
0.662
0.662
0.662
0.662
0.198565
0.662
0.504742
0.161593
0.662
0.258996
0.662
0.603563
0.233543
0.140237
0.198141
0.11006
0.662
0.215592
0.334235
0.0425555
0.662
0.662
0.662
0.662
0.662
0.324911
0.270753
0.662
0.0461662
0.662
0.37282
0.0292094
0.546237
0.429445
0.662
0.348949
0.662
0.0804184
0.662
0.355727
0.662
0.662
0.219281
0.662
0.662
0.662
0.412167
0.662
0.361812
0.662
0.114568
0.662
0.662
0.662
0.662
0.638462
0.371145
0.662
0.662
0.17226
0.590962
0.662
0.662
0.662
0.295324
0.305724
0.662
0.662
0.250564
0.662
0.662
0.662
0.662
0.319591
0.280085
0.662
0.00244415
0.662
0.662
0.662
0.356987
0.662
0.662
0.171738
0.662
0.662
0.377345
0.36566
0.662
0.041332
0.111153
0.480106
0.285844
0.662
0.662
0.169225
0.662
0.662
0.662
0.293843
0.43013
0.235231
0.294894
0.662
0.145322
0.662
0.0822821
0.662
0.0585617
0.662
0.662
0.662
0.159537
0.662
0.662
0.215675
0.662
0.210339
0.367871
0.662
0.601355
0.662
0.662
0.335825
0.662
0.662
0.662
0.0498
0.206635
0.40088
0.339335
0.469844
0.299159
0.196991
0.433431
0.276726
0.210832
0.662
0.662
0.351923
0.662
0.367332
0.26359
0.662
0.0215752
0.662
0.662
0.662
0.423239
0.158409
0.11382
0.320847
0.248052
0.662
0.662
0.662
0.662
0.662
0.0715124
0.662
0.0950001
0.662
0.43457
0.662
0.662
0.176852
0.238866
0.662
0.662
0.220315
0.662
0.662
0.662
0.189333
0.0358308
0.662
0.662
0.112379
0.662
0.662
0.359304
0.237333
0.662
0.435274
0.0617105
0.662
0.662
0.254105
0.662
0.0839371
0.662
0.317609
0.662
0.662
0.662
0.474425
0.662
0.427792
0.275239
0.662
0.199982
0.362727
0.360458
0.377624
0.662
0.45456
0.00552041
0.51383
0.311888
0.440542
0.416327
0.257099
0.662
0.662
0.317024
0.171585
0.662
0.415552
0.135856
0.396831
0.662
0.041584
0.358755
0.662
0.428834
0.662
0.662
0.238066
0.662
0.662
0.662
0.662
0.471594
0.662
0.662
0.394981
0.442032
0.662
0.662
0.302784
0.272766
0.207573
0.493456
0.662
0.412982
0.662
0.662
0.119253
0.662
0.662
0.662
0.234785
0.327569
0.172744
0.662
0.359877
0.3423
0.0412438
0.662
0.522964
0.441202
0.662
0.54221
0.662
0.181586
0.662
0.662
0.026712
0.662
0.662
0.20401
0.382911
0.601592
0.662
0.662
0.662
0.662
0.120061
0.662
0.178925
0.130493
0.662
0.530772
0.662
0.179704
0.56008
0.662
0.662
0.130435
0.213575
0.662
0.155989
0.113689
0.232294
0.662
0.662
0.150284
0.315117
0.662
0.0226052
0.452167
0.659349
0.442795
0.133746
0.36943
0.180096
0.0770687
0.662
0.662
0.662
0.662
0.662
0.128001
0.662
0.15818
0.506903
0.662
0.207857
0.662
0.34266
0.308804
0.662
0.662
0.065786
0.662
0.271127
0.662
0.662
0.235608
0.662
0.185088
0.662
0.0388769
0.474585
0.662
0.662
0.443131
0.107761
0.662
0.0576924
0.662
0.266815
0.662
0.472533
0.662
0.317055
0.662
0.662
0.662
0.332149
0.662
0.241868
0.107893
0.0198715
0.360905
0.477096
0.662
0.662
0.662
0.662
0.462091
0.265049
0.662
0.662
0.250967
0.191681
0.242029
0.662
0.25468
0.457357
0.662
0.27291
0.438899
0.408268
0.150187
0.662
0.268331
0.262875
0.369855
0.397263
0.662
0.0875859
0.662
0.662
0.228804
0.100391
0.583368
0.468225
0.662
0.400295
0.662
0.662
0.662
0.114997
0.214999
0.453577
0.662
0.662
0.662
0.662
0.192124
0.662
0.662
0.135139
0.662
0.662
0.662
0.662
0.103138
0.205436
0.432806
0.16756
0.436123
0.662
0.245791
0.662
0.662
0.328089
0.662
0.270174
0.274804
0.0971364
0.662
0.555906
0.564269
0.662
0.662
0.444174
0.662
0.662
0.443573
0.662
0.662
0.662
0.250545
0.662
0.197625
0.140367
0.662
0.662
0.662
0.662
0.437975
0.662
0.0610559
0.424101
0.415406
0.397597
0.501745
0.662
0.1142
0.57102
0.439472
0.345844
0.0445935
0.263147
0.474584
0.334833
0.425601
0.662
0.662
0.18275
0.199215
0.378874
0.662
0.662
0.662
0.136065
0.412618
0.246334
0.662
0.662
0.662
0.0515661
0.662
0.662
0.662
0.662
0.274337
0.254914
0.662
0.231086
0.0452526
0.370661
0.347889
0.321814
0.662
0.662
0.206053
0.446627
0.381176
0.395698
0.662
0.662
0.165574
0.651891
0.0154475
0.414164
0.465841
0.363292
0.662
0.662
0.335473
0.662
0.662
0.662
0.662
0.471869
0.392873
0.415947
0.111274
0.662
0.314265
0.662
0.662
0.112599
0.167952
0.369525
0.390486
0.662
0.133952
0.215198
0.121647
0.662
0.662
0.662
0.106086
0.662
0.373492
0.277602
0.18838
0.662
0.662
0.662
0.0569529
0.451415
0.662
0.467107
0.662
0.210292
0.662
0.662
0.662
0.662
0.662
0.662
0.662
0.662
0.662
0.662
0.662
0.40673
0.198391
0.148048
0.227526
0.0749643
0.383076
0.275973
0.257118
0.20738
0.662
0.662
0.662
0.662
0.662
0.662
0.662
0.395408
0.662
0.119147
0.662
0.0332927
0.662
0.662
0.662
0.662
0.662
0.378141
0.135661
0.380518
0.47059
0.145505
0.662
0.0379366
0.662
0.662
0.243821
0.662
0.662
0.0520403
0.662
0.662
0.662
0.662
0.662
0.662
0.0512015
0.662
0.662
0.662
0.47236
0.181257
0.662
0.633694
0.0169335
0.0210951
0.662
0.363644
0.662
0.662
0.359874
0.662
0.175726
0.662
0.662
0.662
0.662
0.662
0.430398
0.662
0.588462
0.662
0.662
0.662
0.325244
0.637337
0.412039
0.662
0.0976405
0.662
0.470827
0.168141
0.122183
0.46743
0.251327
0.662
0.662
0.662
0.167453
0.662
0.662
0.662
0.0656876
0.242682
0.662
0.662
0.452125
0.399527
0.662
0.662
0.185204
0.662
0.662
0.301242
0.662
0.0569682
0.662
0.662
0.662
0.662
0.662
0.21236
0.662
0.203141
0.662
0.0987227
0.662
0.662
0.662
0.138377
0.662
0.662
0.216115
0.662
0.167772
0.662
0.662
0.0605629
0.662
0.0215531
0.143108
0.662
0.660867
0.662
0.459862
0.357164
0.384865
0.334888
0.399662
0.662
0.0266473
0.662
0.662
0.662
0.662
0.662
0.662
0.473902
0.662
0.662
0.368937
0.662
0.662
0.290782
0.662
0.378951
0.662
0.148504
0.12544
0.0468295
0.662
0.302936
0.662
0.381321
0.437868
0.409806
0.662
0.417419
0.662
0.662
0.165712
0.331055
0.178489
0.662
0.662
0.662
0.662
0.662
0.10633
0.662
0.264113
0.662
0.120857
0.662
0.662
0.662
0.0168992
0.662
0.280697
0.662
0.662
0.100028
0.662
0.420822
0.662
0.662
0.662
0.662
0.662
0.522077
0.168352
0.387704
0.421235
0.662
0.194953
0.409248
0.395295
0.662
0.468701
0.0743125
0.369209
0.419532
0.662
0.662
0.439494
0.388339
0.662
0.143012
0.191694
0.662
0.662
0.662
0.662
0.662
0.662
0.300445
0.662
0.662
0.662
0.172072
0.662
0.140834
0.328924
0.662
0.662
0.662
0.662
0.662
0.662
0.662
0.662
0.143251
0.230603
0.662
0.327357
0.662
0.662
0.37282
0.434601
0.662
0.340634
0.662
0.231706
0.44922
0.318335
0.459519
0.662
0.662
0.662
0.662
0.662
0.662
0.662
0.662
0.368455
0.662
0.158461
0.662
0.662
0.240676
0.426825
0.240985
0.190581
0.335435
0.0747021
0.662
0.113987
0.662
0.662
0.212709
0.662
0.662
0.407955
0.662
0.662
0.156721
0.662
0.662
0.662
0.182254
0.458072
0.662
0.662
0.662
0.662
0.431247
0.662
0.662
0.662
0.21191
0.0880291
0.234637
0.662
0.662
0.662
0.152654
0.315107
0.662
0.0400569
0.662
0.662
0.662
0.087729
0.662
0.194187
0.184477
0.0806991
0.662
0.662
0.337879
0.482426
0.434586
0.662
0.662
0.662
0.340966
0.662
0.662
0.512717
0.662
0.662
0.36763
0.0261194
0.528126
0.235106
0.278067
0.662
0.261388
0.662
0.662
0.400404
0.662
0.204962
0.662
0.0925738
0.0893182
0.362853
0.662
0.662
0.232866
0.662
0.385033
0.662
0.662
0.0317269
0.662
0.000695183
0.14843
0.300324
0.662
0.662
0.662
0.280793
0.662
0.662
0.362656
0.662
0.662
0.0996512
0.424105
0.0658128
0.159089
0.662
0.0888067
0.662
0.662
0.662
0.172634
0.119508
0.662
0.116768
0.662
0.0755463
0.662
0.148233
0.392502
0.0340353
0.662
0.121714
0.662
0.662
0.0862624
0.662
0.662
0.662
0.662
0.662
0.662
0.45672
0.662
0.253592
0.450624
0.351163
0.513816
0.662
0.179549
0.434365
0.662
0.194021
0.107825
0.662
0.662
0.662
0.662
0.101099
0.0674588
0.185996
0.662
0.662
0.388978
0.662
0.17092
0.00529127
0.662
0.662
0.161822
0.248049
0.662
0.662
0.0311944
0.662
0.662
0.633123
0.266291
0.154789
0.662
0.0785125
0.486502
0.662
0.662
0.197529
0.18342
0.662
0.662
0.662
0.433905
0.607458
0.662
0.662
0.662
0.412302
0.330401
0.662
0.321902
0.21558
0.372575
0.662
0.662
0.662
0.662
0.408491
0.13757
0.662
0.437415
0.237474
0.115623
0.0328697
0.662
0.415923
0.204273
0.662
0.662
0.662
0.662
0.328492
0.662
0.662
0.295029
0.24136
0.662
0.464643
0.662
0.662
0.474475
0.662
0.049848
0.0718124
0.0370165
0.419015
0.307771
0.662
0.662
0.662
0.662
0.662
0.662
0.222481
0.662
0.243801
0.477839
0.662
0.257208
0.416286
0.662
