0.662
0.662
0.662
0.265277
0.189787
0.662
0.662
0.21764
0.29014
0.120095
0.206653
0.350835
0.0954143
0.286298
0.662
0.494523
0.662
0.0159146
0.662
0.231295
0.662
0.25829
0.662
0.662
0.662
0.4157
0.662
0.236733
0.662
0.386659
0.662
0.662
0.662
0.662
0.0213526
0.662
0.662
0.319499
0.662
0.027195
0.327932
0.662
0.662
0.303279
0.662
0.22133
0.352024
0.662
0.662
0.0252369
0.662
0.457276
0.142618
0.41989
0.662
0.662
0.51108
0.107354
0.662
0.662
0.662
0.110221
0.662
0.588032
0.184685
0.662
0.662
0.662
0.662
0.206806
0.0436342
0.662
0.0850001
0.0551737
0.662
0.662
0.662
0.240398
0.0422854
0.662
0.662
0.662
0.662
0.0288622
0.342861
0.662
0.231938
0.662
0.662
0.436971
0.662
0.662
0.0459827
0.425982
0.0843089
0.662
0.662
0.662
0.662
0.662
0.662
0.662
0.662
0.662
0.662
0.182955
0.454563
0.163787
0.662
0.662
0.249314
0.662
0.662
0.662
0.662
0.662
0.0895734
0.0734097
0.662
0.662
0.662
0.136167
0.207839
0.662
0.662
0.662
0.433932
0.0431126
0.129215
0.383442
0.662
0.232212
0.662
0.662
0.662
0.119966
0.662
0.000768316
0.662
0.662
0.315036
0.116862
0.512569
0.662
0.662
0.662
0.438871
0.662
0.662
0.0406549
0.56808
0.662
0.423152
0.662
0.0652897
0.662
0.0953178
0.148357
0.662
0.662
0.662
0.434201
0.662
0.409133
0.662
0.0693997
0.243333
0.0166935
0.414278
0.319209
0.619584
0.290588
0.662
0.662
0.0241718
0.21661
0.662
0.494294
0.424428
0.662
0.662
0.215362
0.662
0.662
0.662
0.662
0.662
0.662
0.662
0.662
0.204746
0.662
0.662
0.662
0.662
0.0408671
0.0329979
0.662
0.662
0.662
0.662
0.662
0.254369
0.545159
0.217009
0.45284
0.356419
0.353596
0.39108
0.023313
0.533199
0.662
0.375276
0.574849
0.419383
0.322397
0.0387528
0.662
0.662
0.109263
0.443286
0.662
0.662
0.662
0.467335
0.109372
0.353565
0.662
0.0652459
0.662
0.12758
0.662
0.662
0.662
0.662
0.415197
0.423595
0.225792
0.662
0.46796
0.135103
0.155631
0.662
0.662
0.481905
0.376118
0.662
0.597911
0.662
0.447624
0.662
0.0443844
0.662
0.662
0.222616
0.662
0.48528
0.662
0.0756272
0.0290827
0.662
0.662
0.662
0.662
0.662
0.107917
0.662
0.308499
0.662
0.662
0.422113
0.523741
0.662
0.662
0.662
0.662
0.0988118
0.662
0.662
0.662
0.101749
0.662
0.261558
0.662
0.662
0.662
0.662
0.315583
0.526635
0.662
0.280378
0.662
0.022243
0.427593
0.330474
0.662
0.662
0.662
0.0659194
0.603302
0.165804
0.662
0.662
0.281459
0.662
0.258618
0.662
0.473191
0.662
0.440854
0.662
0.662
0.662
0.662
0.662
0.662
0.662
0.662
0.662
0.662
0.662
0.662
0.184791
0.463851
0.0313497
0.662
0.0450436
0.282726
0.662
0.662
0.163532
0.350333
0.140529
0.466167
0.662
0.662
0.662
0.406493
0.130229
0.0932625
0.222695
0.0751499
0.3513
0.662
0.0438411
0.300003
0.662
0.662
0.662
0.662
0.662
0.094676
0.662
0.472969
0.662
0.662
0.360011
0.0635682
0.0282545
0.662
0.662
0.662
0.662
0.662
0.662
0.344295
0.662
0.662
0.561932
0.146365
0.662
0.476328
0.236152
0.51581
0.130476
0.57272
0.662
0.395962
0.600074
0.662
0.00445846
0.662
0.662
0.209696
0.662
0.043661
0.0759379
0.662
0.662
0.24247
0.662
0.662
0.0158122
0.662
0.662
0.662
0.662
0.662
0.662
0.662
0.282903
0.662
0.0988965
0.662
0.381153
0.662
0.662
0.662
0.662
0.131419
0.662
0.662
0.35012
0.662
0.662
0.662
0.432769
0.662
0.18849
0.121421
0.662
0.0242363
0.45369
0.662
0.179166
0.439907
0.662
0.662
0.0660914
0.662
0.266416
0.662
0.321271
0.662
0.662
0.662
0.464365
0.662
0.662
0.662
0.662
0.00338707
0.662
0.662
0.00996869
0.182442
0.662
0.662
0.414619
0.264507
0.662
0.474959
0.0446151
0.420548
0.251297
0.662
0.662
0.0912784
0.662
0.299332
0.662
0.662
0.205383
0.072885
0.308366
0.250783
0.662
0.662
0.662
0.41054
0.0115133
0.286817
0.662
0.124113
0.260134
0.662
0.662
0.662
0.169523
0.662
0.662
0.325007
0.237962
0.257214
0.274634
0.662
0.662
0.662
0.662
0.662
0.467618
0.114002
0.662
0.290815
0.463479
0.662
0.264062
0.118396
0.662
0.377783
0.662
0.202331
0.662
0.662
0.662
0.662
0.662
0.662
0.662
0.662
0.662
0.662
0.662
0.662
0.423675
0.472036
0.530581
0.662
0.401054
0.662
0.154821
0.551581
0.417866
0.244292
0.157425
0.300124
0.662
0.405281
0.168547
0.662
0.662
0.662
0.662
0.662
0.0869181
0.662
0.662
0.254226
0.19441
0.662
0.662
0.662
0.405101
0.232811
0.662
0.431041
0.341953
0.662
0.487669
0.662
0.662
0.662
0.662
0.4047
0.662
0.413398
0.13819
0.316334
0.197225
0.662
0.166954
0.334565
0.514998
0.540522
0.662
0.0722121
0.662
0.31119
0.662
0.110529
0.165603
0.662
0.253205
0.662
0.662
0.0594114
0.031061
0.662
0.662
0.31213
0.321234
0.662
0.215903
0.662
0.662
0.662
0.209708
0.662
0.662
0.318895
0.662
0.662
0.256649
0.662
0.0943957
0.662
0.662
0.260501
0.259315
0.662
0.24578
0.662
0.662
0.500344
0.662
0.662
0.662
0.662
0.193466
0.0836886
0.662
0.0924942
0.662
0.176671
0.662
0.662
0.370665
0.662
0.126811
0.662
0.565617
0.461176
0.125186
0.363396
0.662
0.0123978
0.466283
0.347652
0.0600387
0.662
0.662
0.662
0.262637
0.188831
0.430862
0.0059987
0.662
0.23472
0.295
0.662
0.380661
0.120152
0.662
0.298957
0.662
0.0748603
0.662
0.662
0.662
0.662
0.256686
0.662
0.662
0.220603
0.662
0.473724
0.662
0.134426
0.119563
0.662
0.107755
0.662
0.293951
0.326874
0.141308
0.662
0.180161
0.662
0.662
0.662
0.0804238
0.662
0.662
0.662
0.206869
0.662
0.662
0.294339
0.170097
0.662
0.662
0.361909
0.21456
0.197344
0.662
0.340104
0.662
0.662
0.303121
0.662
0.662
0.662
0.318285
0.662
0.229287
0.134828
0.662
0.662
0.662
0.381608
0.193997
0.662
0.662
0.662
0.465473
0.662
0.662
0.662
0.662
0.655772
0.327749
0.662
0.504316
0.662
0.662
0.662
0.288363
0.319002
0.336143
0.435721
0.293987
0.662
0.662
0.259659
0.436745
0.0510076
0.662
0.35671
0.662
0.0257946
0.662
0.662
0.0256257
0.401455
0.662
0.175678
0.111826
0.617016
0.451864
0.122431
0.662
0.662
0.429037
0.211025
0.135958
0.595888
0.11845
0.467165
0.662
0.199868
0.218607
0.126225
0.662
0.375117
0.662
0.257148
0.662
0.248953
0.662
0.662
0.195637
0.662
0.313614
0.662
0.0130908
0.662
0.084838
0.662
0.446203
0.0318733
0.662
0.662
0.662
0.662
0.662
0.0651455
0.662
0.662
0.171598
0.662
0.662
0.468066
0.662
0.283417
0.36521
0.470227
0.330112
0.662
0.662
0.0202997
0.0876131
0.662
0.662
0.662
0.618485
0.113134
0.662
0.406001
0.662
0.662
0.662
0.662
0.662
0.0997875
0.212205
0.662
0.662
0.242176
0.442161
0.441441
0.662
0.249989
0.373047
0.662
0.19513
0.662
0.662
0.662
0.358196
0.122044
0.0862655
0.662
0.662
0.662
0.0792247
0.234325
0.463177
0.662
0.296093
0.662
0.0310631
0.352463
0.662
0.405456
0.0365687
0.662
0.662
0.662
0.0712665
0.381177
0.0167888
0.41502
0.662
0.0297054
0.662
0.662
0.408348
0.0992161
0.662
0.662
0.000856772
0.662
0.662
0.662
0.244495
0.662
0.662
0.662
0.662
0.444516
0.399432
0.662
0.0084874
0.662
0.109107
0.662
0.275104
0.0896618
0.17029
0.662
0.129992
0.662
0.470698
0.182915
0.662
0.662
0.28838
0.419155
0.250431
0.662
0.20466
0.662
0.662
0.662
0.436112
0.662
0.62897
0.14546
0.527072
0.0722117
0.0494057
0.662
0.662
0.662
0.662
0.662
0.355995
0.427691
0.316228
0.322839
0.211038
0.145128
0.559037
0.662
0.378679
0.210439
0.662
0.662
0.662
0.662
0.283787
0.355812
0.662
0.662
0.662
0.662
0.0609642
0.399297
0.0261828
0.419625
0.0442419
0.662
0.146944
0.299025
0.0455346
0.662
0.662
0.510613
0.0541887
0.275764
0.531935
0.662
0.662
0.469394
0.662
0.662
0.662
0.662
0.396023
0.662
0.662
0.662
0.662
0.662
0.662
0.662
0.662
0.244718
0.662
0.464668
0.16208
0.662
0.662
0.662
0.662
0.662
0.0360644
0.662
0.377543
0.662
0.109387
0.662
0.0438571
0.662
0.235977
0.662
0.662
0.662
0.662
0.662
0.32015
0.455125
0.662
0.446032
0.153104
0.0536428
0.662
0.662
0.662
0.662
0.662
0.662
0.0809814
0.633694
0.472073
0.662
0.662
0.662
0.662
0.662
0.662
0.662
0.662
0.223894
0.332543
0.662
0.250523
0.36382
0.662
0.332069
0.074526
0.0710155
0.229287
0.662
