0.662
0.388763
0.303279
0.662
0.144162
0.516011
0.662
0.662
0.274634
0.258985
0.662
0.0130908
0.662
0.662
0.479687
0.662
0.662
0.662
0.662
0.274888
0.299332
0.662
0.231295
0.662
0.448107
0.662
0.662
0.16208
0.0954143
0.47447
0.662
0.405101
0.662
0.426727
0.500344
0.109387
0.662
0.136167
0.662
0.662
0.662
0.202331
0.464656
0.662
0.0850001
0.662
0.662
0.370665
0.662
0.662
0.470227
0.101749
0.662
0.662
0.662
0.662
0.662
0.463851
0.662
0.662
0.374069
0.0997972
0.0387528
0.662
0.662
0.0358507
0.662
0.236152
0.0876131
0.662
0.662
0.0748518
0.55351
0.278993
0.472147
0.514781
0.662
0.39108
0.330002
0.126225
0.662
0.662
0.662
0.662
0.662
0.330274
0.662
0.662
0.438988
0.662
0.555746
0.309454
0.662
0.215624
0.662
0.411119
0.0119006
0.662
0.446842
0.197012
0.662
0.662
0.253896
0.662
0.662
0.633097
0.209088
0.662
0.662
0.662
0.662
0.662
0.405456
0.662
0.38617
0.662
0.662
0.352024
0.662
0.662
0.662
0.662
0.662
0.662
0.662
0.472969
0.242176
0.425982
0.328474
0.662
0.662
0.0943957
0.42993
0.662
0.429071
0.259659
0.662
0.12585
0.292394
0.662
0.662
0.100811
0.419155
0.356646
0.0448578
0.662
0.662
0.662
0.133722
0.373177
0.595888
0.327932
0.236884
0.662
0.0231185
0.515757
0.0896618
0.0365687
0.290815
0.0744075
0.274671
0.662
0.662
0.662
0.188831
0.459264
0.662
0.00221885
0.00586328
0.662
0.451864
0.662
0.662
0.365352
0.662
0.662
0.434552
0.0722121
0.467335
0.19104
0.477274
0.182692
0.0436342
0.514998
0.662
0.662
0.0693567
0.662
0.250507
0.662
0.662
0.662
0.471452
0.662
0.662
0.662
0.160482
0.662
0.146365
0.662
0.662
0.293802
0.48528
0.662
0.390696
0.662
0.481905
0.288363
0.125186
0.662
0.137507
0.662
0.342501
0.662
0.474959
0.34937
0.44751
0.662
0.662
0.662
0.662
0.436794
0.662
0.662
0.662
0.137973
0.662
0.662
0.27945
0.287891
0.662
0.662
0.662
0.211025
0.419414
0.662
0.43428
0.662
0.662
0.662
0.662
0.662
0.662
0.662
0.662
0.273718
0.662
0.662
0.662
0.35671
0.662
0.662
0.0261862
0.662
0.11941
0.336216
0.427691
0.662
0.662
0.662
0.204746
0.662
0.235054
0.662
0.662
0.171141
0.319209
0.395642
0.463177
0.262921
0.662
0.195292
0.662
0.662
0.0636981
0.424333
0.662
0.662
0.0329979
0.311587
0.662
0.350514
0.662
0.662
0.464365
0.503605
0.187499
0.0734097
0.603302
0.662
0.16657
0.662
0.439907
0.662
0.353538
0.662
0.119041
0.161824
0.225792
0.247412
0.662
0.436971
0.662
0.662
0.662
0.000768316
0.523741
0.662
0.662
0.300124
0.662
0.662
0.126164
0.25829
0.662
0.662
0.662
0.0510076
0.214578
0.662
0.0257946
0.662
0.258618
0.163532
0.464668
0.439678
0.662
0.662
0.662
0.485393
0.0313497
0.662
0.662
0.106548
0.662
0.662
0.662
0.0601935
0.662
0.3513
0.662
0.662
0.179194
0.130808
0.662
0.662
0.356419
0.662
0.662
0.662
0.662
0.00763972
0.662
0.662
0.662
0.316228
0.662
0.662
0.202447
0.462814
0.662
0.482368
0.440854
0.443286
0.662
0.662
0.10267
0.079473
0.662
0.662
0.662
0.662
0.265463
0.662
0.662
0.423152
0.662
0.557019
0.430862
0.662
0.239564
0.662
0.662
0.510806
0.662
0.229015
0.0804675
0.662
0.360243
0.662
0.0841891
0.120403
0.23472
0.483974
0.662
0.12758
0.23461
0.0241718
0.122913
0.662
0.0780769
0.662
0.250523
0.662
0.0162694
0.662
0.217256
0.662
0.29014
0.00908147
0.00673357
0.468066
0.662
0.0285407
0.259493
0.662
0.662
0.662
0.662
0.140529
0.206806
0.130476
0.662
0.662
0.662
0.0988965
0.134828
0.662
0.0443844
0.662
0.0365458
0.300032
0.401828
0.105538
0.209501
0.0875127
0.662
0.662
0.662
0.107755
0.17029
0.662
0.662
0.662
0.662
0.171598
0.662
0.306162
0.662
0.662
0.662
0.662
0.662
0.662
0.662
0.662
0.11184
0.662
0.662
0.358196
0.0459827
0.22133
0.232228
0.326874
0.388471
0.662
0.662
0.436307
0.293747
0.662
0.662
0.455125
0.662
0.662
0.244145
0.0221999
0.662
0.393827
0.589499
0.662
0.0869824
0.662
0.119966
0.21764
0.662
0.662
0.129992
0.662
0.432769
0.662
0.662
0.405281
0.662
0.662
0.662
0.184791
0.0680065
0.662
0.163787
0.662
0.662
0.662
0.662
0.662
0.425059
0.413955
0.662
0.662
0.662
0.0431126
0.417866
0.284549
0.0924942
0.402945
0.662
0.662
0.662
0.406385
0.662
0.662
0.155631
0.260501
0.232212
0.419625
0.662
0.662
0.118476
0.335099
0.433357
0.375276
0.603156
0.662
0.662
0.662
0.662
0.662
0.662
0.662
0.662
0.54068
0.325412
0.662
0.662
0.438319
0.662
0.46046
0.479722
0.662
0.295218
0.0953178
0.662
0.662
0.662
0.662
0.0450436
0.552689
0.662
0.662
0.503018
0.41502
0.662
0.662
0.342624
0.179166
0.662
0.662
0.356814
0.132334
0.662
0.662
0.0159187
0.662
0.473191
0.210756
0.662
0.410449
0.662
0.435721
0.1399
0.662
0.662
0.0751499
0.662
0.662
0.662
0.280378
0.0652148
0.662
0.351115
0.189787
0.662
0.662
0.249771
0.662
0.170097
0.249314
0.662
0.662
0.212205
0.662
0.311034
0.662
0.588032
0.662
0.662
0.662
0.662
0.662
0.324031
0.662
0.117239
0.662
0.662
0.662
0.334565
0.388157
0.662
0.662
0.662
0.30495
0.662
0.662
0.525223
0.470698
0.206869
0.268569
0.28876
0.662
0.315583
0.409373
0.662
0.273045
0.0914992
0.301902
0.662
0.662
0.137837
0.415197
0.662
0.298957
0.0330204
0.463479
0.4047
0.662
0.662
0.423675
0.138495
0.113134
0.662
0.392137
0.662
0.662
0.127099
0.662
0.662
0.662
0.662
0.662
0.662
0.154821
0.308499
0.383442
0.662
0.646329
0.662
0.662
0.24578
0.662
0.269959
0.283757
0.607725
0.316334
0.662
0.229287
0.662
0.116679
0.250431
0.662
0.662
0.0282545
0.662
0.403763
0.467165
0.662
0.449171
0.30229
0.46796
0.662
0.662
0.662
0.206522
0.176671
0.662
0.662
0.0871639
0.294814
0.662
0.237874
0.31119
0.198935
0.0297054
0.662
0.286535
0.169523
0.662
0.309421
0.0483208
0.662
0.662
0.662
0.376118
0.662
0.414278
0.146062
0.142879
0.662
0.662
0.458418
0.662
0.662
0.325289
0.432993
0.617016
0.212649
0.662
0.662
0.353596
0.105027
0.413398
0.662
0.662
0.662
0.662
0.662
0.116862
0.662
0.31213
0.662
0.322422
0.223894
0.662
0.662
0.662
0.395962
0.662
0.300003
0.662
0.662
0.662
0.662
0.662
0.0997875
0.488993
0.559825
0.0288622
0.662
0.0869181
0.0459883
0.282276
0.662
0.167883
0.633391
0.392928
0.662
0.108083
0.264798
0.0895734
0.662
0.662
0.662
0.322397
0.618485
0.662
0.662
0.662
0.230721
0.0446151
0.283417
0.662
0.51581
0.20466
0.662
0.565617
0.303121
0.662
0.585233
0.662
0.662
0.662
0.578419
0.0188334
0.662
0.662
0.0213526
0.662
0.662
0.662
0.268233
0.662
0.431479
0.662
0.662
0.662
0.662
0.662
0.51108
0.127404
0.377783
0.0767606
0.662
0.662
0.349768
0.217009
0.253205
0.662
0.352458
0.662
0.023313
0.662
0.662
0.662
0.382019
0.0910941
0.662
0.662
0.662
0.662
0.0815002
0.662
0.662
0.0722117
0.662
0.662
0.337551
0.116184
0.182915
0.662
0.36382
0.377543
0.0746416
0.022243
0.662
0.662
0.662
0.320615
0.143712
0.120095
0.662
0.662
0.662
0.489945
0.662
0.332069
0.658639
0.246594
0.662
0.655772
0.472073
0.408348
0.662
0.42009
0.662
0.662
0.662
0.441441
0.662
0.236532
0.662
0.662
0.662
0.662
0.422113
0.662
0.390747
0.662
0.662
0.662
0.662
0.409133
0.57272
0.662
0.662
0.662
0.662
0.662
0.559037
0.31093
0.369036
0.257214
0.662
0.316132
0.246426
0.313614
0.662
0.0932625
0.21906
0.662
0.662
0.662
0.249779
0.662
0.662
0.662
0.28824
0.662
0.662
0.229287
0.662
0.662
0.662
0.662
0.249989
0.373047
0.236937
0.0862655
0.417282
0.662
0.186733
0.0689987
0.662
0.210547
0.172112
0.662
0.662
0.545159
0.662
0.662
0.210733
0.0438571
0.662
0.662
0.662
0.662
0.662
0.192615
0.662
0.348449
0.662
0.347652
0.662
0.662
0.115489
0.22939
0.662
0.645082
0.278893
0.662
0.662
0.662
0.0287935
0.662
0.442161
0.645677
0.662
0.330112
0.126811
0.0652897
0.662
0.471829
0.662
0.200104
0.662
0.662
0.662
0.662
0.662
0.662
0.662
0.310689
0.662
0.662
0.662
0.325007
0.662
0.662
0.431496
0.13819
0.662
0.662
0.662
0.662
0.027195
0.662
0.329635
0.662
0.619584
0.662
0.38258
0.662
0.148021
0.662
0.0408671
0.381153
0.662
0.662
0.168873
0.328119
0.662
0.414824
0.662
0.36521
0.0809814
0.386544
0.344295
0.662
0.662
0.662
0.662
0.662
0.184997
0.436199
0.662
0.237962
0.074526
0.662
0.662
0.662
0.477008
0.662
0.193983
0.662
0.210439
0.662
0.0411906
0.420513
0.662
0.290588
0.662
0.662
0.662
0.662
0.662
0.197225
0.238995
0.195637
0.662
0.662
0.662
0.289171
0.356031
0.662
0.662
0.194337
