0.662
0.0488337
0.662
0.662
0.36647
0.662
0.662
0.405935
0.41936
0.662
0.662
0.329756
0.662
0.146049
0.26877
0.662
0.134523
0.662
0.662
0.143708
0.277559
0.662
0.662
0.662
0.662
0.662
0.430747
0.156471
0.362794
0.662
0.662
0.662
0.662
0.140968
0.662
0.662
0.662
0.13457
0.118753
0.395995
0.662
0.662
0.662
0.374934
0.0473124
0.662
0.662
0.662
0.475239
0.382184
0.662
0.515297
0.662
0.0964864
0.344549
0.442571
0.395734
0.441409
0.662
0.29606
0.246064
0.662
0.328088
0.348665
0.369706
0.662
0.314552
0.662
0.451029
0.662
0.662
0.000390931
0.410185
0.437254
0.462161
0.0954451
0.662
0.662
0.221606
0.0159634
0.117675
0.0511357
0.662
0.20725
0.414392
0.398005
0.662
0.0524976
0.0340893
0.662
0.662
0.662
0.662
0.662
0.30247
0.662
0.662
0.662
0.136921
0.662
0.662
0.0821505
0.662
0.662
0.662
0.332692
0.366186
0.662
0.662
0.662
0.662
0.662
0.068831
0.662
0.662
0.662
0.662
0.477713
0.662
0.662
0.662
0.662
0.662
0.36619
0.218307
0.153412
0.277698
0.424882
0.662
0.47413
0.276995
0.152496
0.511821
0.662
0.662
0.662
0.662
0.10696
0.662
0.662
0.00517509
0.32917
0.278812
0.468077
0.335347
0.662
0.662
0.662
0.242861
0.662
0.0577615
0.662
0.204434
0.662
0.662
0.662
0.662
0.291952
0.108781
0.405791
0.662
0.662
0.233659
0.0211702
0.662
0.239932
0.0353662
0.364543
0.662
0.662
0.662
0.297397
0.440321
0.197919
0.0732424
0.662
0.435497
0.0967028
0.662
0.0747232
0.348865
0.116513
0.662
0.662
0.444585
0.662
0.401276
0.223353
0.40609
0.662
0.462951
0.662
0.662
0.662
0.662
0.429442
0.662
0.0546683
0.237047
0.0887963
0.662
0.662
0.662
0.227801
0.0997891
0.662
0.662
0.662
0.00916558
0.172241
0.662
0.179182
0.00105653
0.662
0.0362218
0.0378518
0.662
0.111827
0.662
0.184673
0.662
0.541566
0.102684
0.662
0.439042
0.132201
0.662
0.423202
0.662
0.662
0.451563
0.324463
0.662
0.228021
0.662
0.325495
0.224254
0.477138
0.426079
0.245784
0.662
0.662
0.662
0.476158
0.297177
0.662
0.662
0.533234
0.662
0.488143
0.10728
0.662
0.662
0.662
0.662
0.382832
0.12798
0.662
0.662
0.662
0.662
0.460225
0.662
0.662
0.662
0.141024
0.662
0.131235
0.662
0.0873992
0.662
0.662
0.662
0.662
0.662
0.228489
0.543808
0.36796
0.662
0.662
0.0908109
0.0193059
0.228232
0.413122
0.662
0.0750115
0.453122
0.662
0.662
0.662
0.662
0.662
0.662
0.00690859
0.662
0.662
0.662
0.662
0.662
0.662
0.0877246
0.127709
0.188909
0.662
0.662
0.31273
0.662
0.662
0.662
0.662
0.662
0.662
0.166502
0.46345
0.662
0.662
0.662
0.662
0.662
0.662
0.311483
0.649794
0.00856488
0.662
0.662
0.662
0.662
0.172873
0.662
0.309872
0.662
0.463953
0.0858328
0.662
0.662
0.472149
0.662
0.327509
0.161979
0.662
0.662
0.662
0.662
0.389557
0.128078
0.319196
0.0618715
0.662
0.662
0.662
0.662
0.240772
0.134927
0.220261
0.662
0.662
0.662
0.662
0.120448
0.394766
0.662
0.222736
0.662
0.310247
0.662
0.662
0.662
0.358452
0.662
0.498623
0.662
0.662
0.178598
0.662
0.662
0.662
0.240941
0.662
0.662
0.662
0.662
0.662
0.662
0.662
0.170437
0.0215528
0.222428
0.111854
0.291979
0.338984
0.662
0.662
0.594846
0.662
0.467596
0.662
0.662
0.662
0.381019
0.263191
0.367338
0.662
0.0147206
0.168524
0.662
0.662
0.477211
0.199892
0.662
0.662
0.662
0.662
0.662
0.662
0.127217
0.662
0.662
0.662
0.662
0.662
0.243758
0.662
0.0914459
0.662
0.00102676
0.662
0.662
0.662
0.662
0.662
0.662
0.662
0.657838
0.662
0.662
0.662
0.445727
0.662
0.307358
0.364965
0.662
0.188066
0.651976
0.662
0.662
0.662
0.662
0.260191
0.662
0.383064
0.0523688
0.662
0.662
0.195479
0.502224
0.662
0.662
0.662
0.0947489
0.0534784
0.662
0.662
0.662
0.381232
0.0581244
0.392128
0.662
0.662
0.0571018
0.662
0.662
0.662
0.662
0.520828
0.473755
0.662
0.662
0.662
0.662
0.662
0.662
0.163383
0.297054
0.145162
0.662
0.428805
0.142759
0.662
0.474289
0.47794
0.662
0.469953
0.216025
0.662
0.662
0.258103
0.662
0.662
0.662
0.662
0.0888272
0.505978
0.377883
0.466875
0.655783
0.662
0.414319
0.428171
0.158944
0.0788812
0.119692
0.662
0.662
0.431411
0.662
0.662
0.662
0.662
0.135431
0.367527
0.662
0.662
0.375189
0.662
0.480932
0.217509
0.342226
0.0910138
0.132735
0.24495
0.363432
0.226162
0.662
0.598079
0.662
0.0357128
0.470684
0.0551887
0.0308226
0.662
0.541669
0.662
0.662
0.382922
0.38418
0.212649
0.254724
0.662
0.381763
0.662
0.662
0.282232
0.662
0.662
0.662
0.295399
0.420815
0.662
0.662
0.662
0.662
0.0909184
0.662
0.662
0.662
0.24469
0.662
0.290085
0.662
0.373852
0.662
0.43858
0.0541504
0.408285
0.662
0.474151
0.662
0.39032
0.662
0.388529
0.662
0.0502965
0.662
0.662
0.662
0.662
0.42576
0.202534
0.662
0.662
0.662
0.662
0.456611
0.662
0.662
0.467605
0.552776
0.662
0.662
0.662
0.662
0.655441
0.662
0.662
0.479885
0.266352
0.662
0.662
0.180988
0.435165
0.662
0.406086
0.331369
0.662
0.662
0.662
0.316818
0.662
0.662
0.662
0.198982
0.245624
0.662
0.444008
0.662
0.641512
0.19214
0.662
0.662
0.39738
0.457698
0.662
0.256762
0.0258577
0.662
0.222284
0.662
0.0637311
0.662
0.662
0.170509
0.662
0.662
0.662
0.662
0.347089
0.662
0.662
0.64634
0.031658
0.662
0.0827319
0.662
0.662
0.662
0.246036
0.662
0.127754
0.662
0.662
0.40585
0.137635
0.426971
0.662
0.662
0.0489615
0.662
0.662
0.662
0.662
0.266841
0.198579
0.662
0.127161
0.0202198
0.224113
0.203951
0.101175
0.662
0.662
0.662
0.376078
0.275202
0.582319
0.662
0.609319
0.16058
0.217866
0.162114
0.662
0.662
0.214676
0.662
0.0777614
0.662
0.662
0.484309
0.662
0.0445602
0.662
0.26002
0.0929583
0.332174
0.662
0.475513
0.662
0.421453
0.662
0.662
0.662
0.271384
0.0671682
0.0826211
0.25057
0.197064
0.066691
0.466781
0.138851
0.0627658
0.18778
0.662
0.662
0.662
0.298132
0.662
0.662
0.662
0.662
0.439367
0.662
0.662
0.236284
0.662
0.662
0.145402
0.435518
0.0581546
0.243321
0.662
0.536953
0.662
0.662
0.524291
0.662
0.662
0.662
0.662
0.662
0.0483006
0.662
0.300138
0.48357
0.0326569
0.662
0.405573
0.0603252
0.662
0.662
0.0685515
0.121195
0.662
0.662
0.0372542
0.662
0.662
0.21355
0.662
0.662
0.662
0.662
0.303281
0.662
0.09928
0.662
0.18616
0.613683
0.662
0.212871
0.223795
0.362732
0.0735292
0.0588435
0.572973
0.662
0.0829591
0.662
0.662
0.427753
0.220787
0.201529
0.662
0.0505206
0.0848761
0.662
0.443272
0.486416
0.662
0.14019
0.413773
0.410315
0.412297
0.662
0.174927
0.662
0.662
0.210726
0.368886
0.252127
0.662
0.32901
0.285485
0.662
0.476754
0.662
0.662
0.0359968
0.395421
0.0360422
0.19961
0.662
0.662
0.145216
0.4452
0.0577404
0.574663
0.399343
0.292043
0.13744
0.322434
0.0978671
0.200969
0.433959
0.662
0.448412
0.281738
0.662
0.662
0.378556
0.662
0.223157
0.441044
0.662
0.460609
0.662
0.662
0.227705
0.662
0.315138
0.0648706
0.114359
0.353072
0.629555
0.662
0.662
0.532883
0.0663087
0.662
0.662
0.473815
0.28437
0.662
0.662
0.662
0.136581
0.181718
0.198092
0.443737
0.662
0.490776
0.248981
0.10326
0.662
0.0301252
0.662
0.662
0.662
0.662
0.341224
0.473955
0.273483
0.662
0.451174
0.662
0.662
0.662
0.662
0.17715
0.662
0.105185
0.662
0.662
0.662
0.662
0.662
0.467098
0.662
0.662
0.662
0.143049
0.662
0.662
0.662
0.662
0.355345
0.311225
0.0120352
0.132844
0.439246
0.662
0.355761
0.398894
0.662
0.219156
0.659658
0.662
0.020141
0.224929
0.143028
0.662
0.662
0.662
0.662
0.662
0.576689
0.662
0.339198
0.396864
0.662
0.162752
0.442078
0.242471
0.428015
0.662
0.406516
0.344182
0.662
0.145233
0.336093
0.662
0.225206
0.337439
0.662
0.279379
0.662
0.662
0.210186
0.160679
0.441248
0.433946
0.662
0.415353
0.662
0.662
0.662
0.662
0.295357
0.662
0.662
0.284015
0.662
0.38228
0.662
0.199085
0.662
0.662
0.17569
0.662
0.0957481
0.374225
0.379028
0.662
0.662
0.662
0.196342
0.130388
0.662
0.662
0.662
0.0350448
0.411295
0.302761
0.106295
0.662
0.386669
0.358229
0.662
0.0812364
0.662
0.134305
0.175618
0.23896
0.209156
0.189206
0.597126
0.662
0.662
0.662
0.662
0.144638
0.281732
0.21561
0.662
0.122644
0.662
0.662
0.662
0.662
0.662
0.662
0.662
0.412893
0.000942239
0.662
0.291868
0.662
0.417624
0.662
0.122306
0.0337364
0.30665
0.059009
0.662
0.471356
0.309054
0.662
0.178841
0.662
0.662
0.363723
0.202271
0.0270448
0.662
0.662
0.0846132
0.0756416
0.0975108
0.380726
0.311576
0.260745
0.662
0.662
0.662
0.620697
0.474817
0.0250009
0.0673262
0.187953
0.662
0.369325
0.662
0.662
0.662
0.444764
0.433008
0.662
0.119466
0.662
0.0592974
0.258965
0.662
0.662
0.662
0.200322
0.662
0.22146
0.662
0.327962
0.041459
0.36213
0.662
0.662
0.470611
0.662
0.451336
0.371161
0.662
0.662
0.194326
0.348259
0.416156
0.311816
0.439509
0.662
0.0667349
0.109401
0.18783
0.302412
0.662
0.662
0.662
0.0153713
0.662
0.111174
0.167562
0.662
0.662
0.0334919
0.662
0.662
0.427447
0.183187
0.0744875
0.136236
0.049164
0.30176
0.662
0.43016
0.662
0.662
0.662
0.662
0.662
0.198275
0.437139
0.662
0.00242996
0.662
0.662
0.606655
0.189499
0.662
0.336724
0.662
0.265212
0.259872
0.401534
0.431398
0.155626
0.662
0.662
0.662
0.326151
0.345536
0.662
0.662
0.662
0.57469
0.273339
0.0656197
0.405536
0.330484
0.662
0.301464
0.240547
0.347226
0.411427
0.662
0.206447
0.454954
0.662
0.41558
0.0206042
0.077945
0.662
0.24548
0.662
0.662
0.662
0.662
0.662
0.662
0.662
0.247924
0.302252
0.649066
0.419711
0.662
0.662
0.662
0.662
0.456587
0.272706
0.515037
0.31557
0.662
0.662
0.662
0.662
0.0701233
0.662
0.11914
0.453555
0.662
0.265529
0.339643
0.662
0.662
0.662
0.662
0.662
0.453233
0.662
0.219438
0.662
0.662
0.662
0.662
0.662
0.662
0.662
0.188294
0.662
0.662
0.662
0.00144055
0.662
0.662
0.662
0.270493
0.238254
0.662
0.445638
0.662
0.0247817
0.0924274
0.0294485
0.277409
0.30037
0.662
0.662
0.662
0.662
0.142634
0.499282
0.662
0.197068
0.662
0.140354
0.300439
0.554397
0.17396
0.662
0.662
0.0689349
0.662
0.335777
0.662
0.337723
0.444786
0.662
0.171936
0.662
0.172921
0.662
0.277881
0.389643
0.393644
0.662
0.330853
0.662
0.453789
0.0656575
0.210033
0.455717
0.459577
0.00647476
0.662
0.655215
0.662
0.662
0.662
0.341427
0.273736
0.299194
0.368906
0.662
0.662
0.50516
0.662
0.662
0.662
0.0360722
0.662
0.0601528
0.406072
0.662
0.662
0.662
0.662
0.662
0.108083
0.386293
0.662
0.318102
0.0430986
0.662
0.662
0.543697
0.128008
0.140766
0.662
0.240448
0.662
0.448878
0.0838302
0.662
0.424404
0.662
0.0761615
0.662
0.1251
0.205677
0.125396
0.662
0.662
0.49838
0.171752
0.662
0.475788
0.149826
0.499937
0.645764
0.662
0.662
0.375132
0.662
0.662
0.181809
0.400323
0.662
0.662
0.662
0.662
0.230243
0.244976
0.662
0.275476
0.349219
0.662
0.365059
0.109711
0.662
0.111471
0.662
0.309728
0.662
0.371855
0.0353553
0.273374
0.662
0.605886
0.248646
0.0992046
0.662
0.401866
0.662
0.662
0.662
0.594621
0.662
0.36783
0.662
0.0871763
0.662
0.530816
0.337924
0.542281
0.515958
0.219854
0.662
0.662
0.662
0.662
0.468688
0.233862
0.662
0.457734
0.662
0.0524533
0.662
0.662
0.171335
0.662
0.455217
0.267048
0.432626
0.351033
0.230787
0.662
0.662
0.394688
0.662
0.439828
0.461975
0.662
0.16675
0.18688
0.562633
0.662
0.662
0.662
0.184785
0.146261
0.0240285
0.198924
0.345716
0.662
0.456298
0.470855
0.587673
0.327391
0.662
0.662
0.662
0.662
0.308142
0.436667
0.274148
0.662
0.662
0.522577
0.230343
0.662
0.233687
0.662
0.662
0.662
0.150101
0.472362
0.662
0.146479
0.662
0.395058
0.662
0.662
0.662
0.662
0.662
0.662
0.662
0.56816
0.662
0.256421
0.340411
0.662
0.180771
0.662
0.242551
0.177728
0.0373289
0.662
0.662
0.662
0.662
0.662
0.662
0.662
0.130838
0.142957
0.164821
0.427176
0.289721
0.642141
0.351818
0.476915
0.662
0.662
0.626227
0.507596
0.662
0.662
0.662
0.662
0.091456
0.634874
0.662
0.662
0.662
0.239865
0.418134
0.662
0.413088
0.459525
0.662
0.662
0.301249
0.513618
0.301237
0.662
0.662
0.662
0.391912
0.205159
0.662
0.516459
0.272133
0.662
0.310357
0.208029
0.662
0.662
0.662
0.662
0.350507
0.662
0.206437
0.238833
0.342457
0.662
0.436502
0.662
0.451362
0.662
0.445598
0.662
0.662
0.223266
0.633694
0.0628814
0.170087
0.662
0.662
0.483827
0.662
0.662
0.662
0.662
0.662
0.446313
0.662
0.488564
0.0770568
0.662
0.662
0.242876
0.0975387
0.252189
0.421386
0.469392
0.662
0.662
0.315128
0.662
0.305704
0.264586
0.482652
0.662
0.662
0.662
0.0675414
0.374981
0.474891
0.662
0.310453
0.445274
0.662
0.662
0.0651781
0.24507
0.342725
0.188937
0.662
0.662
0.662
0.354595
0.662
0.519371
0.604976
0.662
0.280422
0.662
0.662
0.438804
0.149384
0.401312
0.336948
0.662
0.662
0.662
0.422317
0.0500814
0.555561
0.662
0.0240461
0.0228917
0.662
0.352677
0.12093
0.241763
0.0677049
0.489633
0.475646
0.662
0.662
0.537322
8.71794e-05
0.0123544
0.146574
0.662
0.662
0.662
0.662
0.662
0.157551
0.220163
0.662
0.301713
0.0220338
0.423856
0.662
0.662
0.595392
0.662
0.343021
0.662
0.420277
0.258015
0.662
0.662
0.662
0.384391
0.662
0.26581
0.662
0.150309
0.061156
0.406488
0.662
0.662
0.662
0.259241
0.387501
0.150849
0.332795
0.228474
0.662
0.662
0.484354
0.404021
0.662
0.1148
0.421513
0.662
0.662
0.0638195
0.165289
0.662
0.400015
0.405897
0.662
0.662
0.0167567
0.429263
0.135394
0.34626
0.662
0.3071
0.462561
0.343212
0.0616574
0.0941424
0.260421
0.336053
0.0713782
0.662
0.417524
0.662
0.145888
0.398388
0.662
0.662
0.338702
0.222034
0.345015
0.082466
0.206426
0.348554
0.308887
0.662
0.662
0.662
0.372791
0.662
0.104202
0.412447
0.662
0.662
0.662
0.662
0.188889
0.662
0.24805
0.162489
0.662
0.509797
0.456579
0.343537
0.662
0.0438202
0.662
0.662
0.243381
0.662
0.662
0.0222338
0.2006
0.246566
0.474211
0.662
0.662
0.605035
0.282513
0.207997
0.662
0.483948
0.662
0.662
0.428338
0.268986
0.18825
0.452094
0.662
0.228053
0.384964
0.463848
0.32666
0.662
0.662
0.268659
0.662
0.458598
0.662
0.166661
0.370414
0.662
0.317819
0.662
0.136119
0.305549
0.27124
0.662
0.387238
0.662
0.463
0.662
0.662
0.662
0.662
0.118313
0.119409
0.231144
0.326415
0.322041
0.370993
0.39798
0.662
0.662
0.662
0.473011
0.0226077
0.662
0.246232
0.662
0.662
0.137188
0.662
0.662
0.662
0.662
0.28531
0.662
0.289946
0.662
0.662
0.662
0.039648
0.422333
0.523168
0.135128
0.662
0.394283
0.662
0.662
0.432614
0.662
0.008503
0.662
0.314235
0.247331
0.475226
0.213971
0.472863
0.662
0.662
0.662
0.662
0.286721
0.662
0.662
0.356852
0.662
0.662
0.662
0.662
0.0235608
0.18578
0.331977
0.662
0.662
0.520226
0.306236
0.418112
0.435105
0.662
0.662
0.376147
0.662
0.0292265
0.376647
0.662
0.662
0.662
0.662
0.403643
0.2203
0.285908
0.662
0.357446
0.33044
0.135432
0.662
0.266882
0.475273
0.465018
0.141649
0.045696
0.662
0.401616
0.662
0.662
0.662
0.30749
0.442466
0.662
0.136488
0.140429
0.365571
0.662
0.662
0.662
0.662
