0.0602879
0.38395
0.662
0.0861017
0.244221
0.662
0.662
0.14661
0.266484
0.5764
0.53597
0.466241
0.662
0.662
0.662
0.456734
0.662
0.662
0.644901
0.662
0.662
0.155115
0.387848
0.295185
0.662
0.360317
0.550768
0.662
0.662
0.0033736
0.341013
0.372156
0.662
0.662
0.480803
0.375519
0.179457
0.662
0.46944
0.662
0.358527
0.126946
0.662
0.662
0.662
0.662
0.662
0.662
0.662
0.0560862
0.662
0.662
0.556689
0.662
0.662
0.662
0.662
0.44527
0.29345
0.662
0.662
0.42468
0.662
0.662
0.662
0.662
0.143363
0.662
0.662
0.662
0.662
0.034901
0.283671
0.571608
0.662
0.662
0.662
0.0930066
0.188648
0.106457
0.662
0.125638
0.434426
0.662
0.119827
0.205843
0.662
0.662
0.413955
0.439948
0.662
0.0287421
0.462423
0.662
0.582702
0.662
0.339774
0.662
0.662
0.127985
0.662
0.358064
0.121802
0.152075
0.662
0.112716
0.30922
0.102193
0.147353
0.308296
0.345956
0.662
0.637418
0.662
0.662
0.0634084
0.662
0.179197
0.662
0.662
0.0903261
0.00579905
0.662
0.662
0.195608
0.470419
0.662
0.559351
0.662
0.662
0.662
0.288994
0.662
0.662
0.662
0.662
0.662
0.230541
0.410555
0.662
0.662
0.662
0.662
0.0275239
0.401084
0.0396892
0.343126
0.193419
0.662
0.662
0.210502
0.662
0.457942
0.662
0.662
0.338365
0.662
0.105544
0.418644
0.26115
0.427271
0.662
0.444408
0.662
0.184316
0.0878168
0.104221
0.0275426
0.263372
0.662
0.662
0.662
0.46582
0.662
0.169477
0.662
0.662
0.662
0.453251
0.662
0.662
0.662
0.192768
0.662
0.662
0.662
0.662
0.662
0.662
0.662
0.0990478
0.187708
0.422122
0.466859
0.662
0.31266
0.662
0.298017
0.662
0.00967971
0.251386
0.280419
0.00196989
0.662
0.13759
0.662
0.0707908
0.189081
0.128181
0.254418
0.399303
0.136702
0.662
0.233566
0.662
0.662
0.662
0.662
0.662
0.662
0.0145034
0.662
0.662
0.662
0.662
0.46435
0.662
0.339362
0.662
0.662
0.120192
0.662
0.028451
0.114176
0.304825
0.662
0.413698
0.662
0.662
0.662
0.123639
0.662
0.410109
0.662
0.662
0.662
0.662
0.662
0.0282388
0.662
0.662
0.662
0.662
0.662
0.250223
0.662
0.340148
0.662
0.356564
0.662
0.662
0.662
0.365343
0.231424
0.325102
0.662
0.662
0.40371
0.336284
0.662
0.453912
0.662
0.662
0.293408
0.268189
0.0500838
0.662
0.662
0.309351
0.321103
0.662
0.202283
0.662
0.0598706
0.662
0.662
0.132371
0.662
0.662
0.662
0.241272
0.662
0.662
0.413719
0.127702
0.462757
0.0230381
0.342073
0.0321942
0.465765
0.346247
0.274254
0.434988
0.24241
0.662
0.662
0.662
0.662
0.662
0.662
0.662
0.0706787
0.224134
0.662
0.0298023
0.435207
0.0181761
0.662
0.662
0.662
0.662
0.357528
0.662
0.0925799
0.662
0.351322
0.233953
0.421436
0.374664
0.662
0.222814
0.662
0.662
0.221962
0.662
0.0064799
0.0118611
0.662
0.106629
0.472923
0.410994
0.306067
0.662
0.417074
0.208002
0.0710221
0.304557
0.217693
0.470958
0.339987
0.188642
0.662
0.662
0.662
0.440678
0.0282255
0.203199
0.662
0.280392
0.662
0.581718
0.662
0.187874
0.0906805
0.662
0.073564
0.156672
0.195584
0.662
0.662
0.662
0.405345
0.126537
0.662
0.374943
0.189748
0.206441
0.298802
0.0869345
0.433538
0.662
0.662
0.468737
0.0748906
0.662
0.662
0.662
0.18429
0.662
0.00480094
0.411947
0.178064
0.357626
0.085542
0.369308
0.486701
0.434398
0.662
0.662
0.117827
0.640282
0.131125
0.0284108
0.598997
0.240244
0.0720372
0.662
0.369472
0.219884
0.0591626
0.662
0.132451
0.391148
0.662
0.662
0.216554
0.662
0.662
0.424695
0.662
0.427235
0.00898025
0.00881646
0.662
0.185312
0.662
0.136666
0.582755
0.662
0.662
0.404602
0.662
0.662
0.14039
0.125603
0.163159
0.662
0.662
0.662
0.136296
0.232371
0.662
0.256693
0.662
0.662
0.662
0.0882557
0.0919923
0.662
0.0239875
0.503609
0.662
0.201418
0.0258076
0.662
0.662
0.662
0.662
0.662
0.00210668
0.662
0.662
0.260214
0.662
0.662
0.103343
0.209386
0.419554
0.26616
0.662
0.662
0.662
0.471658
0.662
0.0911125
0.343387
0.662
0.662
0.452503
0.662
0.662
0.432296
0.662
0.342822
0.662
0.662
0.249611
0.114682
0.662
0.0827156
0.196098
0.0309409
0.279327
0.662
0.458205
0.662
0.662
0.662
0.0401555
0.374791
0.662
0.383544
0.0431855
0.35153
0.281953
0.441553
0.662
0.366956
0.633391
0.490906
0.662
0.460993
0.436998
0.662
0.662
0.662
0.00826072
0.662
0.662
0.00392173
0.468251
0.662
0.030859
0.331055
0.16304
0.254804
0.662
0.662
0.455378
0.110641
0.424433
0.0979862
0.101756
0.482035
0.0567185
0.662
0.499043
0.220615
0.662
0.460214
0.662
0.441143
0.262967
0.662
0.411508
0.662
0.0178966
0.662
0.416219
0.422906
0.304098
0.300106
0.662
0.43503
0.163434
0.652195
0.471943
0.662
0.322526
0.662
0.662
0.662
0.333965
0.228793
0.662
0.662
0.662
0.282445
0.281179
0.662
0.662
0.48753
0.662
0.662
0.432068
0.37304
0.662
0.662
0.662
0.662
0.662
0.662
0.184787
0.662
0.662
0.662
0.662
0.662
0.0918293
0.331783
0.662
0.662
0.662
0.662
0.662
0.453381
0.662
0.444666
0.0461879
0.306531
0.396247
0.662
0.294675
0.0254129
0.378686
0.106314
0.390328
0.662
0.662
0.662
0.466903
0.110965
0.28714
0.662
0.336227
0.662
0.0274746
0.662
0.662
0.662
0.662
0.357077
0.121761
0.662
0.408634
0.0872947
0.579059
0.662
0.662
0.662
0.174413
0.662
0.225813
0.196026
0.319178
0.662
0.130053
0.662
0.0319499
0.277516
0.229975
0.662
0.662
0.126753
0.267401
0.465566
0.364771
0.662
0.0627016
0.155158
0.662
0.662
0.662
0.662
0.662
0.406387
0.326252
0.0774138
0.662
0.0939197
0.662
0.426132
0.193523
0.141835
0.102271
0.3866
0.044086
0.0904921
0.662
0.662
0.662
0.662
0.662
0.662
0.142752
0.151509
0.0415223
0.662
0.662
0.367373
0.662
0.44288
0.0291818
0.296554
0.662
0.662
0.662
0.159663
0.196338
0.662
0.662
0.662
0.662
0.662
0.662
0.662
0.422356
0.349677
0.662
0.662
0.417588
0.662
0.662
0.662
0.0909937
0.662
0.662
0.436418
0.662
0.17287
0.662
0.228631
0.662
0.21873
0.135337
0.408673
0.330135
0.662
0.662
0.662
0.662
0.405909
0.441596
0.381067
0.285605
0.662
0.662
0.662
0.662
0.662
0.168721
0.662
0.317557
0.662
0.0164184
0.662
0.106019
0.662
0.662
0.662
0.460148
0.628653
0.662
0.662
0.399438
0.662
0.414443
0.662
0.0591137
0.662
0.662
0.662
0.242859
0.304357
0.43138
0.662
0.662
0.0954055
0.137133
0.303954
0.662
0.286037
0.662
0.234375
0.662
0.0560352
0.611683
0.155572
0.662
0.225863
0.191194
0.662
0.470971
0.0288998
0.662
0.662
0.662
0.662
0.136273
0.231286
0.204731
0.662
0.313319
0.662
0.159635
0.662
0.662
0.662
0.662
0.662
0.054399
0.662
0.0703388
0.014687
0.294599
0.662
0.265075
0.662
0.451627
0.123896
0.662
0.662
0.662
0.196579
0.662
0.662
0.662
0.662
0.483544
0.662
0.662
0.0465466
0.414526
0.204734
0.425518
0.662
0.412009
0.463844
0.662
0.662
0.405854
0.662
0.662
0.662
0.132791
0.662
0.662
0.247175
0.0449762
0.662
0.612888
0.453621
0.662
0.662
0.387774
0.662
0.662
0.662
0.0331629
0.662
0.662
0.662
0.662
0.662
0.107986
0.662
0.662
0.662
0.200178
0.662
0.417961
0.0111715
0.104152
0.297414
0.662
0.662
0.172671
0.266934
0.0526205
0.662
0.662
0.662
0.662
0.414121
0.662
0.238125
0.440354
0.662
0.217136
0.390317
0.644893
0.228466
0.662
0.662
0.662
0.464042
0.20398
0.252884
0.662
0.662
0.046777
0.0925766
0.29656
0.387602
0.662
0.662
0.662
0.310858
0.241069
0.662
0.13959
0.662
0.662
0.434491
0.127124
0.662
0.662
0.662
0.652507
0.117809
0.662
0.662
0.175471
0.120661
0.662
0.662
0.662
0.372266
0.662
0.425133
0.662
0.662
0.381566
0.518062
0.662
0.662
0.0685268
0.268377
0.658173
0.662
0.307441
0.662
0.662
0.662
0.41922
0.662
0.310438
0.167844
0.662
0.371391
0.662
0.662
0.120508
0.396101
0.224603
0.662
0.376392
0.48626
0.0451422
0.662
0.662
0.353744
0.662
0.662
0.435857
0.158242
0.662
0.662
0.662
0.662
0.206874
0.178427
0.401669
0.517381
0.159716
0.0373731
0.350833
0.662
0.662
0.662
0.662
0.457176
0.662
0.467845
0.662
0.280059
0.127541
0.662
0.406574
0.199225
0.0703644
0.662
0.134324
0.662
0.662
0.662
0.4208
0.297454
0.662
0.553068
0.303946
0.662
0.662
0.193462
0.662
0.583271
0.662
0.264783
0.0693485
0.662
0.662
0.662
0.445535
0.109419
0.662
0.662
0.461554
0.662
0.460792
0.662
0.662
0.451418
0.229351
0.662
0.662
0.662
0.662
0.662
0.509364
0.431194
0.662
0.662
0.662
0.662
0.662
0.389396
0.193689
0.47253
0.662
0.662
0.381277
0.662
0.056665
0.662
0.199038
0.662
0.662
0.283132
0.662
0.662
0.0212723
0.180454
0.662
0.662
0.470127
0.309189
0.504759
0.450855
0.662
0.662
0.405337
0.146902
0.366747
0.357393
0.662
0.255811
0.662
0.12806
0.662
0.133301
0.454002
0.0114952
0.662
0.0424142
0.662
0.662
0.158888
0.355536
0.373621
0.662
0.662
0.468994
0.00081955
0.662
0.662
0.662
0.332814
0.662
0.347743
0.662
0.0846001
0.234465
0.0842475
0.662
0.270117
0.662
0.37895
0.662
0.662
0.374472
0.662
0.217992
0.662
0.280766
0.662
0.662
0.662
0.662
0.208822
0.0944668
0.662
0.662
0.662
0.662
0.342014
0.662
0.217733
0.662
0.0934602
0.284052
0.431019
0.662
0.662
0.192687
0.662
0.662
0.128115
0.662
0.662
0.327994
0.224654
0.421849
0.662
0.183753
0.662
0.309548
0.351049
0.662
0.184348
0.662
0.21083
0.25428
0.387713
0.658721
0.662
0.662
0.595981
0.161993
0.522904
0.273288
0.662
0.219064
0.136417
0.358843
0.253536
0.119881
0.446616
0.662
0.00189781
0.662
0.662
0.662
0.662
0.662
