0.410898
0.662
0.165289
0.662
0.662
0.134782
0.183949
0.662
0.0713782
0.484354
0.337653
0.662
0.23053
0.662
0.662
0.201955
0.166661
0.662
0.187772
0.662
0.317819
0.382832
0.662
0.406584
0.295376
0.0230144
0.410315
0.662
0.0777614
0.203762
0.474817
0.662
0.312676
0.662
0.020141
0.480667
0.0258577
0.662
0.38302
0.662
0.662
0.0873992
0.662
0.310453
0.0768366
0.662
0.662
0.401616
0.347007
0.00517509
0.0436291
0.113515
0.662
0.662
0.662
0.414998
0.0101308
0.662
0.662
0.662
0.662
0.662
0.139636
0.0747232
0.135139
0.662
0.662
0.250299
0.00337008
0.662
0.55753
0.277483
0.246268
0.662
0.662
0.662
0.459525
0.25057
0.318964
0.399359
0.662
0.0906183
0.40952
0.662
0.0384413
0.427426
0.662
0.468688
0.662
0.662
0.48382
0.662
0.662
0.0533229
0.662
0.662
0.662
0.662
0.252235
0.23647
0.260709
0.22697
0.662
0.514848
0.153412
0.662
0.662
0.662
0.364901
0.322021
0.662
0.400737
0.238254
0.288069
0.662
0.662
0.609319
0.662
0.244867
0.662
0.662
0.498271
0.662
0.662
0.451936
0.30062
0.662
0.662
0.0269584
0.431156
0.0378518
0.194747
0.662
0.47746
0.662
0.265477
0.662
0.654226
0.662
0.4954
0.662
0.423202
0.505186
0.102646
0.375822
0.662
0.0822904
0.41411
0.127217
0.662
0.662
0.662
0.272706
0.662
0.662
0.140531
0.662
0.662
0.662
0.161681
0.662
0.662
0.662
0.133814
0.662
0.662
0.3725
0.662
0.362794
0.662
0.662
0.148546
0.410203
0.108083
0.662
0.273104
0.115726
0.662
0.662
0.429772
0.662
0.662
0.662
0.662
0.662
0.662
0.462161
0.662
0.144638
0.662
0.32435
0.445638
0.662
0.662
0.662
0.311501
0.662
0.0475551
0.662
0.662
0.0837119
0.00159268
0.123219
0.662
0.0302286
0.662
0.662
0.108881
0.361607
0.662
0.662
0.114814
0.322041
0.440892
0.19377
0.150309
0.320262
0.662
0.662
0.109872
0.662
0.0382145
0.662
0.662
0.662
0.28437
0.412604
0.662
0.662
0.662
0.662
0.662
0.662
0.468342
0.662
0.241381
0.356276
0.467189
0.476158
0.662
0.662
0.324767
0.134411
0.400232
0.498623
0.0850084
0.662
0.662
0.535872
0.662
0.0590129
0.662
0.0500814
0.662
0.662
0.1451
0.196059
0.662
0.662
0.662
0.282388
0.662
0.130388
0.662
0.12192
0.662
0.231199
0.36936
0.0809351
0.662
0.465018
0.662
0.662
0.662
0.03659
0.662
0.662
0.254626
0.0462916
0.350074
0.662
0.662
0.633391
0.287351
0.662
0.662
0.059009
0.345963
0.237766
0.662
0.662
0.400323
0.364467
0.662
0.662
0.061156
0.068831
0.195029
0.662
0.662
0.417587
0.662
0.662
0.206713
0.0610019
0.335274
0.662
0.3846
0.662
0.431411
0.273374
0.662
0.662
0.662
0.124278
0.662
0.382735
0.662
0.221091
0.662
0.00549127
0.332174
0.662
0.620697
0.662
0.662
0.365676
0.662
0.21927
0.662
0.363582
0.0360422
0.454267
0.662
0.111305
0.662
0.0473124
0.662
0.662
0.662
0.0670007
0.392128
0.662
0.662
0.191611
0.662
0.662
0.355283
0.662
0.662
0.662
0.172241
0.662
0.277409
0.474211
0.0356306
0.156471
0.662
0.38393
0.111827
0.662
0.662
0.179506
0.662
0.662
0.662
0.662
0.662
0.47295
0.662
0.467605
0.662
0.034708
0.62897
0.424404
0.662
0.662
0.662
0.662
0.662
0.270304
0.662
0.182971
0.400071
0.254724
0.330829
0.662
0.662
0.264642
0.662
0.662
0.302252
0.662
0.0710648
0.474891
0.556162
0.457734
0.662
0.662
0.662
0.662
0.416095
0.331369
0.162752
0.0631339
0.435105
0.0107758
0.662
0.662
0.491408
0.662
0.662
0.0737309
0.249214
0.0938036
0.140766
0.159674
0.41787
0.248608
0.662
0.662
0.662
0.662
0.662
0.662
0.509797
0.662
0.00202608
0.662
0.0893255
0.662
0.2688
0.0544129
0.662
0.662
0.18269
0.662
0.318321
0.0187839
0.662
0.212871
0.166384
0.114973
0.662
0.202583
0.662
0.312656
0.662
0.662
0.383348
0.393349
0.662
0.662
0.662
0.223651
0.22882
0.662
0.199642
0.662
0.662
0.207103
0.662
0.356442
0.662
0.550705
0.253779
0.662
0.662
0.662
0.662
0.662
0.116771
0.162332
0.477713
0.662
0.662
0.662
0.662
0.662
0.662
0.662
0.662
0.662
0.662
0.662
0.0645145
0.18825
0.196257
0.469066
0.662
0.662
0.0618715
0.662
0.662
0.662
0.155968
0.662
0.129213
0.662
0.64634
0.28064
0.662
0.662
0.662
0.0929907
0.188937
0.408929
0.662
0.27124
0.662
0.444585
0.662
0.429442
0.126012
0.450793
0.265121
0.367604
0.662
0.662
0.345716
0.357434
0.250296
0.413813
0.413035
0.662
0.662
0.0228917
0.662
0.245624
0.0968397
0.662
0.662
0.662
0.662
0.662
0.601483
0.326415
0.662
0.303247
0.220495
0.347877
0.662
0.435518
0.662
0.662
0.662
0.662
0.143998
0.0421482
0.470855
0.313154
0.214676
0.0537288
0.662
0.388917
0.0848761
0.662
0.655783
0.662
0.0180112
0.0196187
0.0278588
0.311108
0.662
0.515037
0.175415
0.0206042
0.369487
0.11652
0.662
0.662
0.0756416
0.662
0.662
0.662
0.640796
0.437947
0.662
0.662
0.272133
0.00666238
0.247011
0.662
0.438941
0.268274
0.206475
0.662
0.662
0.633694
0.662
0.662
0.662
0.662
0.662
0.488517
0.662
0.662
0.662
0.28976
0.368906
0.34506
0.122924
0.203059
0.662
0.662
0.662
0.662
0.536953
0.662
0.662
0.11119
0.0646236
0.132077
0.206437
0.343021
0.00972601
0.662
0.453233
0.662
0.0773153
0.356336
0.300184
0.662
0.388529
0.171357
0.662
0.662
0.405536
0.462951
0.662
0.662
0.464476
0.273339
0.412275
0.662
0.145162
0.221169
0.662
0.409674
0.662
0.226184
0.662
0.399231
0.662
0.662
0.627026
0.662
0.0330469
0.662
0.662
0.295896
0.258831
0.422927
0.662
0.662
0.239865
0.662
0.662
0.323163
0.662
0.662
0.662
0.357974
0.442611
0.0237666
0.142957
0.662
0.662
0.662
0.662
0.662
0.266336
0.444031
0.662
0.310053
0.662
0.217509
0.408601
0.662
0.0118968
0.143049
0.256392
0.662
0.152887
0.662
0.662
0.662
0.662
0.188066
0.662
0.15709
0.662
0.135696
0.407526
0.0581546
0.184722
0.662
0.662
0.241516
0.662
0.141448
0.662
0.40729
0.159592
0.00524836
0.311692
0.662
0.327391
0.662
0.328482
0.524291
0.662
0.613683
0.404709
0.0445867
0.231063
0.662
0.662
0.662
0.389535
0.662
0.442571
0.157965
0.363201
0.662
0.0243652
0.0699796
0.655441
0.662
0.662
0.347226
0.662
0.634874
0.506111
0.300788
0.233862
0.17119
0.662
0.662
0.662
0.662
0.197919
0.662
0.662
0.0461646
0.142769
0.46953
0.0648706
0.431116
0.204812
0.662
0.662
0.662
0.36213
0.662
0.0687698
0.662
0.662
0.462158
0.662
0.405935
0.418392
0.0766022
0.13399
0.662
0.0341482
0.662
0.662
0.662
0.448926
0.662
0.41632
0.662
0.221656
0.445371
0.424882
0.662
0.662
0.474151
0.102136
0.0327203
0.662
0.388302
0.662
0.662
0.404237
0.212273
0.662
0.662
0.555118
0.662
0.187394
0.662
0.102149
0.662
0.141831
0.212649
0.662
0.40641
0.0576751
0.662
0.662
0.662
0.404804
0.662
0.662
0.662
0.164455
0.358452
0.351033
0.472296
0.662
0.662
0.662
0.662
0.662
0.662
0.662
0.206181
0.662
0.662
0.45683
0.651557
0.662
0.146049
0.179182
0.662
0.662
0.543697
0.384391
0.445274
0.269972
0.498173
0.291952
0.154299
0.376647
0.41558
0.354063
0.662
0.510527
0.662
0.162207
0.662
0.342728
0.662
0.245579
0.662
0.662
0.662
0.662
0.662
0.21315
0.432991
0.662
0.662
0.662
0.662
0.662
0.662
0.438389
0.662
0.408285
0.491212
0.662
0.179141
0.662
0.116513
0.662
0.291868
0.662
0.662
0.662
0.198924
0.141221
0.221281
0.46035
0.662
0.662
0.662
0.662
0.0116492
0.184336
0.407959
0.662
0.547116
0.662
0.662
0.442279
0.662
0.417624
0.662
0.0788812
0.662
0.662
0.662
0.120434
0.101339
0.662
0.25483
0.408921
0.662
0.307848
0.662
0.662
0.662
0.238188
0.662
0.662
0.662
0.662
0.116175
0.662
0.301818
0.662
0.662
0.662
0.662
0.662
0.0250048
0.662
0.662
0.11276
0.349219
0.662
0.354443
0.662
0.400864
0.0236936
0.44567
0.662
0.662
0.645764
0.147085
0.255157
0.25132
0.273681
0.662
0.332795
0.662
0.662
0.662
0.297684
0.300138
0.662
0.662
0.144917
0.662
0.134987
0.452333
0.12531
0.662
0.662
0.280913
0.662
0.0403784
0.662
0.662
0.0883065
0.662
0.662
0.411295
0.279379
0.0847928
0.662
0.311816
0.662
0.353997
0.662
0.662
0.662
0.662
0.163695
0.662
0.662
0.335203
0.272381
0.0571018
0.662
0.163299
0.503726
0.662
0.662
0.662
0.398654
0.662
0.662
0.213604
0.662
0.662
0.414727
0.662
0.470684
0.662
0.346166
0.662
0.362751
0.662
0.662
0.472362
0.662
0.0226077
0.662
0.218307
0.662
0.662
0.662
0.662
0.473955
0.109857
0.662
0.662
0.662
0.662
0.662
0.662
0.171936
0.441253
0.476758
0.207503
0.455575
0.662
0.662
0.662
0.339096
0.292129
0.284784
0.662
0.662
0.4682
0.662
0.449748
0.662
0.662
0.325068
0.662
0.662
0.187514
0.395053
0.662
0.662
0.662
0.662
0.662
0.662
0.662
0.367598
0.338702
0.662
0.662
0.197064
0.100304
0.27647
0.0743449
0.662
0.162114
0.307772
0.136176
0.662
0.662
0.10836
0.627948
0.529274
0.662
0.0506291
0.416349
0.202271
0.662
0.662
0.323798
0.273237
0.662
0.662
0.242876
0.215541
0.409444
0.0154438
0.662
0.662
0.662
0.662
0.662
0.662
0.19423
0.251905
0.0327569
0.662
0.662
0.662
0.662
0.662
0.207779
0.662
0.662
0.662
0.662
0.662
0.662
0.662
0.515847
0.34626
0.662
0.662
0.662
0.662
0.662
0.272606
0.662
0.662
0.313461
0.662
0.0453085
0.662
0.0689349
0.197164
0.662
0.418886
0.662
0.435165
0.662
0.150492
0.250624
0.23607
0.662
0.299194
0.194993
0.056901
0.662
0.662
0.260099
0.14378
0.246351
0.414392
0.662
0.417491
0.662
0.662
0.662
0.0957481
0.472149
0.240483
0.662
0.662
0.662
0.662
0.662
0.662
0.39087
0.0222338
0.662
0.662
0.662
0.481499
0.553946
0.662
0.421386
0.641539
0.516131
0.272509
0.164053
0.133103
0.372791
0.662
0.417831
0.662
0.662
0.188243
0.662
0.662
0.412508
0.662
0.662
0.320442
0.244211
0.0727486
0.00487196
0.246766
0.534124
0.662
0.186882
0.145216
0.469826
0.662
0.662
0.358406
0.32193
0.662
0.662
0.294529
0.662
0.444469
0.662
0.0663087
0.662
0.662
0.662
0.662
0.662
0.265212
0.17792
0.110392
0.0247817
0.662
0.662
0.662
0.662
0.662
0.662
0.662
0.38698
0.149255
0.662
0.383483
0.662
0.662
0.662
0.414326
0.662
0.662
0.662
0.0688786
0.662
0.662
0.662
0.330484
0.293999
0.5748
0.545636
0.662
0.662
0.587581
0.662
0.662
0.244879
0.662
0.662
0.662
0.662
0.662
0.0589955
0.0595893
0.381019
0.662
0.412465
0.248383
0.662
0.662
0.662
0.145888
0.662
0.143993
0.594846
0.228281
0.223493
0.167767
0.111854
0.266352
0.662
0.662
0.662
0.122386
0.662
0.662
0.30176
0.662
0.178651
0.662
0.662
0.662
0.308563
0.662
0.198579
0.344765
0.594834
0.107041
0.184973
0.662
0.662
0.662
0.253954
0.662
0.383237
0.11544
0.662
0.473482
0.662
0.216115
0.662
0.662
0.112929
0.30084
0.662
0.117675
0.399952
0.328138
0.662
0.123754
0.432184
0.662
0.202249
0.662
0.662
0.351318
0.662
0.181718
0.662
0.662
0.662
0.662
0.252189
0.494324
0.473798
0.662
0.662
0.220163
0.396312
0.662
0.662
0.363432
0.662
0.141649
0.204896
0.197068
0.476754
0.0603252
0.415791
0.662
0.364787
0.662
0.662
0.662
0.662
0.485979
0.498968
0.1816
0.32901
0.662
0.662
0.0202198
0.452821
0.662
0.662
0.662
0.148976
0.291655
0.156261
0.450115
0.662
0.662
0.381621
0.337439
0.221647
0.279729
0.309668
0.662
0.443272
0.123424
0.662
0.266588
0.662
0.662
0.189206
0.662
0.662
0.395734
0.107058
0.206646
0.241713
0.108795
0.662
0.662
0.150101
0.374028
0.662
0.662
0.284603
0.662
0.236062
0.170391
0.662
0.427814
0.0265757
0.662
0.354944
0.277295
0.499282
0.290875
0.662
0.662
0.662
0.662
0.662
0.418753
0.384087
0.179993
0.662
0.662
0.344182
0.427447
0.662
0.0918618
0.597126
0.662
0.662
0.0258673
0.662
0.662
0.273736
0.197621
0.662
0.662
0.662
0.662
0.662
0.662
0.662
0.431398
0.00075188
0.02155
0.583199
0.194241
0.662
0.457802
0.153628
0.662
0.449925
0.662
0.662
0.662
0.119076
0.456189
0.662
0.184673
0.662
0.0272123
0.382987
0.662
0.662
0.662
0.662
0.662
0.217212
0.662
0.662
0.222284
0.662
0.662
0.662
0.204035
0.662
0.662
0.662
0.662
0.662
0.515297
0.0730309
0.662
0.662
0.406072
0.662
0.432094
0.289573
0.662
0.662
0.662
0.357446
0.662
0.143377
0.0726126
0.109423
0.662
0.662
0.662
0.662
0.662
0.662
0.466833
0.295433
0.662
0.662
0.662
0.662
0.366186
0.135147
0.662
0.306897
0.00142557
0.662
0.389557
0.199852
0.662
0.424921
0.662
0.662
0.311437
0.662
0.0758123
0.662
0.429968
0.0228161
0.364565
0.453555
0.00413856
0.662
0.662
0.662
0.476979
0.662
0.301725
0.662
0.662
0.226969
0.0579178
0.662
0.662
0.281738
0.0358184
0.662
0.662
0.662
0.662
0.436113
0.662
0.46589
0.662
0.662
0.215962
0.662
0.35391
0.195304
0.00623679
0.402759
0.00485993
0.662
0.662
0.110002
0.662
0.662
0.662
0.662
0.662
0.662
0.34676
0.120659
0.662
0.662
0.0120352
0.547135
0.153488
0.662
0.662
0.00653175
0.662
0.509159
0.375709
0.662
0.245784
0.250421
0.662
0.149826
0.662
0.662
0.662
0.10326
0.0301252
0.662
0.108278
0.0611098
0.325064
0.107377
0.662
0.113664
0.662
0.188889
0.443737
0.662
0.279906
0.249026
0.662
0.208515
0.224793
0.151152
0.662
0.609376
0.662
0.426997
0.662
0.490365
0.263105
0.662
0.491713
0.662
0.461448
0.535128
0.39977
0.521541
0.283564
0.595833
0.662
0.187078
0.662
0.662
0.0677049
0.662
0.662
0.662
0.662
0.662
0.378992
0.662
0.662
0.183785
0.662
0.662
0.470316
0.373139
0.359379
0.662
0.367516
0.662
0.265672
0.0741042
0.662
0.402065
0.0713503
0.662
0.662
0.258828
0.36482
0.662
0.662
0.393809
0.343042
0.477592
0.175165
0.662
0.662
0.00242996
0.381914
0.662
0.662
0.253824
0.0292265
0.662
0.662
0.662
0.308211
0.469668
0.662
0.0992005
0.662
0.216056
0.301229
0.662
0.0554664
0.662
0.662
0.456969
0.662
0.662
0.662
0.662
0.662
0.201779
0.0308657
0.662
0.220136
0.416189
0.58619
0.662
0.242215
0.354967
0.662
0.232212
0.105432
0.19832
0.370039
0.453789
0.471864
0.461186
0.171752
0.662
0.662
0.0308263
0.255446
0.145259
0.101796
0.477455
0.398875
0.0985097
0.181097
0.662
0.662
0.116641
0.662
0.662
0.222224
0.347344
0.662
0.662
0.0954451
0.662
0.662
0.160329
0.418134
0.0176115
0.662
0.21197
0.188872
0.354839
0.0756326
0.511821
0.332439
0.662
0.662
0.662
0.169037
0.662
0.200456
0.662
0.662
0.662
0.662
0.662
0.662
0.280511
0.662
0.662
0.662
0.662
0.662
0.662
0.662
0.0654586
0.662
0.428316
0.204783
0.662
0.0357134
0.662
0.508808
0.662
0.318771
0.662
0.662
0.662
0.114359
0.662
0.199085
0.267655
0.522972
0.115874
0.4915
0.260739
0.0735292
0.0965226
0.662
0.0980873
0.405573
0.129474
0.662
0.0673811
0.428087
0.662
