0.662
0.0446151
0.357364
0.325495
0.662
0.662
0.0387528
0.662
0.200009
0.163761
0.000856772
0.139757
0.41074
0.662
0.0443844
0.662
0.662
0.662
0.662
0.309749
0.578849
0.239564
0.28651
0.662
0.0061175
0.132334
0.136948
0.662
0.662
0.212111
0.118476
0.0552968
0.474382
0.662
0.349541
0.315036
0.662
0.108873
0.662
0.158557
0.11959
0.134847
0.662
0.662
0.662
0.662
0.388998
0.662
0.662
0.128842
0.427061
0.0102968
0.662
0.662
0.662
0.504735
0.662
0.662
0.227073
0.243604
0.662
0.385079
0.0418868
0.662
0.662
0.662
0.662
0.236152
0.662
0.574298
0.187974
0.662
0.662
0.662
0.255759
0.353704
0.590972
0.662
0.463177
0.459533
0.300013
0.662
0.28693
0.662
0.662
0.0599629
0.161476
0.304146
0.436416
0.451809
0.186847
0.662
0.463292
0.433357
0.601649
0.662
0.0896354
0.106238
0.662
0.0795227
0.662
0.0286121
0.186733
0.0102624
0.00842071
0.334282
0.662
0.476099
0.662
0.662
0.293295
0.662
0.662
0.236884
0.662
0.185763
0.662
0.276993
0.662
0.28876
0.662
0.315371
0.662
0.662
0.237525
0.278987
0.299325
0.662
0.408751
0.662
0.322641
0.432324
0.662
0.662
0.246803
0.662
0.499041
0.192494
0.662
0.400285
0.662
0.662
0.351853
0.662
0.662
0.188439
0.662
0.662
0.662
0.662
0.108443
0.367681
0.0241718
0.662
0.578034
0.662
0.662
0.206806
0.39724
0.208242
0.404854
0.583719
0.201505
0.662
0.461274
0.464656
0.662
0.373627
0.662
0.0703047
0.0381702
0.662
0.426872
0.662
0.217009
0.37364
0.246011
0.571541
0.313614
0.0910247
0.127404
0.662
0.662
0.429783
0.662
0.662
0.403318
0.184997
0.662
0.347002
0.662
0.662
0.203566
0.662
0.312556
0.662
0.218607
0.396867
0.662
0.00862786
0.431501
0.662
0.662
0.662
0.426078
0.662
0.662
0.662
0.470698
0.241277
0.352411
0.473191
0.662
0.662
0.138678
0.662
0.0427592
0.264334
0.399261
0.662
0.662
0.662
0.662
0.662
0.662
0.629706
0.511162
0.194611
0.662
0.662
0.197514
0.662
0.662
0.434552
0.662
0.613607
0.118466
0.468827
0.662
0.531789
0.390575
0.662
0.662
0.662
0.662
0.662
0.662
0.662
0.377529
0.662
0.662
0.347779
0.302655
0.660542
0.662
0.662
0.466612
0.455649
0.662
0.316387
0.378828
0.471874
0.200104
0.662
0.412936
0.662
0.662
0.662
0.196969
0.662
0.000983928
0.662
0.237404
0.662
0.662
0.662
0.237529
0.662
0.0997875
0.283988
0.132532
0.451287
0.00393558
0.662
0.429365
0.662
0.662
0.350299
0.474959
0.662
0.225792
0.189229
0.662
0.212205
0.525223
0.185093
0.265235
0.468302
0.331232
0.203415
0.662
0.270944
0.385294
0.662
0.662
0.21625
0.662
0.0894022
0.662
0.0722121
0.662
0.37823
0.336269
0.586227
0.261802
0.134457
0.662
0.0518763
0.388471
0.479823
0.662
0.395572
0.449171
0.662
0.496272
0.662
0.0848538
0.662
0.497035
0.662
0.662
0.122384
0.662
0.662
0.662
0.662
0.662
0.662
0.306709
0.662
0.662
0.662
0.662
0.374069
0.254534
0.662
0.395642
0.662
0.662
0.662
0.106899
0.411606
0.361998
0.662
0.662
0.662
0.203779
0.662
0.662
0.306551
0.336041
0.435644
0.050056
0.252808
0.662
0.170097
0.248564
0.662
0.662
0.0753032
0.385274
0.288096
0.353248
0.662
0.662
0.147528
0.662
0.662
0.492193
0.244233
0.408193
0.662
0.171527
0.0336084
0.662
0.00382243
0.662
0.101596
0.567118
0.404676
0.662
0.662
0.154119
0.662
0.662
0.662
0.662
0.662
0.0797766
0.477274
0.38289
0.662
0.662
0.662
0.662
0.421799
0.0776487
0.662
0.662
0.0519833
0.662
0.662
0.662
0.184242
0.662
0.121974
0.00346752
0.241011
0.662
0.256046
0.662
0.356719
0.662
0.49722
0.016009
0.000877171
0.273398
0.458917
0.0120949
0.548145
0.0992161
0.0946984
0.0776222
0.662
0.244825
0.662
0.337791
0.662
0.34448
0.0793047
0.00321152
0.662
0.351418
0.242589
0.662
0.662
0.314628
0.0908945
0.0675577
0.566867
0.444885
0.662
0.662
0.662
0.662
0.00908147
0.443382
0.662
0.522517
0.662
0.577165
0.30209
0.451337
0.243877
0.389283
0.0310631
0.662
0.360051
0.662
0.662
0.662
0.200635
0.662
0.662
0.662
0.662
0.662
0.276529
0.662
0.662
0.302661
0.662
0.3455
0.269
0.662
0.336216
0.250406
0.367944
0.662
0.662
0.662
0.201529
0.137541
0.662
0.51581
0.383093
0.662
0.11184
0.472073
0.318287
0.457328
0.0734876
0.431722
0.662
0.662
0.31405
0.280719
0.662
0.443677
0.662
0.662
0.328119
0.662
0.662
0.662
0.662
0.662
0.662
0.662
0.662
0.662
0.662
0.525158
0.410449
0.662
0.197225
0.662
0.662
0.662
0.662
0.662
0.429156
0.171445
0.529606
0.662
0.662
0.659265
0.662
0.662
0.0879984
0.662
0.662
0.662
0.662
0.272848
0.108083
0.376527
0.201828
0.522616
0.0820843
0.662
0.445386
0.277149
0.662
0.546154
0.662
0.662
0.174483
0.289256
0.662
0.662
0.0408389
0.662
0.662
0.321337
0.662
0.662
0.132427
0.662
0.662
0.662
0.662
0.662
0.453112
0.183317
0.662
0.405075
0.163106
0.662
0.662
0.662
0.662
0.662
0.12773
0.662
0.662
0.662
0.662
0.662
0.37376
0.259746
0.662
0.662
0.662
0.662
0.0649521
0.662
0.662
0.343243
0.0904978
0.662
0.662
0.430577
0.299516
0.424794
0.171346
0.662
0.431835
0.331806
0.0460009
0.0270608
0.662
0.122141
0.129217
0.662
0.662
0.0323629
0.662
0.662
0.339401
0.114834
0.662
0.149684
0.662
0.465389
0.662
0.36998
0.662
0.408143
0.0414958
0.662
0.662
0.662
0.28178
0.160177
0.662
0.0717534
0.214578
0.187262
0.662
0.662
0.196589
0.196561
0.391662
0.662
0.662
0.662
0.662
0.315294
0.662
0.221983
0.0247427
0.662
0.2867
0.359688
0.662
0.662
0.662
0.200168
0.662
0.296006
0.415908
0.662
0.662
0.0519662
0.108012
0.662
0.662
0.662
0.662
0.0162694
0.0288899
0.283467
0.662
0.662
0.346754
0.355225
0.386913
0.662
0.3518
0.662
0.662
0.121005
0.662
0.662
0.0356383
0.662
0.287185
0.662
0.662
0.401479
0.0383269
0.143265
0.662
0.27942
0.0507608
0.662
0.0785409
0.42549
0.257721
0.662
0.219002
0.0339612
0.483808
0.523028
0.662
0.662
0.662
0.233308
0.662
0.662
0.662
0.175385
0.662
0.662
0.662
0.662
0.0895974
0.662
0.192142
0.0455346
0.662
0.662
0.662
0.662
0.379804
0.320563
0.102125
0.475482
0.10267
0.662
0.264062
0.188868
0.369036
0.662
0.0805432
0.542539
0.0469746
0.261627
0.662
0.662
0.146728
0.662
0.0347594
0.524947
0.662
0.662
0.662
0.662
0.312666
0.124438
0.662
0.662
0.662
0.662
0.662
0.348773
0.323381
0.662
0.248489
0.662
0.241296
0.286391
0.662
0.0592262
0.662
0.445408
0.662
0.0127626
0.402318
0.202301
0.662
0.662
0.0841216
0.086029
0.362548
0.187499
0.662
0.0316651
0.662
0.662
0.581685
0.386649
0.401492
0.340766
0.662
0.662
0.406737
0.107755
0.662
0.0167764
0.662
0.408985
0.662
0.662
0.662
0.662
0.413047
0.662
0.00879483
0.662
0.189959
0.256352
0.156966
0.220297
0.298304
0.662
0.662
0.662
0.168781
0.662
0.293951
0.662
0.1841
0.449011
0.196478
0.421163
0.662
0.662
0.237806
0.44636
0.662
0.209896
0.0644687
0.662
0.662
0.216352
0.32167
0.274188
0.662
0.45734
0.297134
0.492407
0.662
0.0495341
0.413235
0.662
0.141677
0.662
0.662
0.102694
0.662
0.662
0.662
0.154026
0.456891
0.662
0.662
0.662
0.459709
0.662
0.441476
0.662
0.445671
0.662
0.00144478
0.662
0.081002
0.344898
0.0392923
0.191418
0.662
0.662
0.662
0.662
0.662
0.0601603
0.16182
0.416659
0.662
0.662
0.130548
0.662
0.366631
0.662
0.662
0.376426
0.278993
0.662
0.100797
0.662
0.662
0.662
0.662
0.358075
0.26129
0.662
0.0594778
0.438305
0.248172
0.662
0.662
0.191872
0.662
0.400002
0.64806
0.177104
0.0619403
0.662
0.119365
0.243842
0.662
0.405761
0.318513
0.140511
0.662
0.398132
0.662
0.662
0.662
0.268479
0.105094
0.662
0.114002
0.217513
0.57272
0.254284
0.662
0.163532
0.293914
0.193834
0.662
0.662
0.195816
0.662
0.662
0.662
0.662
0.662
0.662
0.662
0.619584
0.282276
0.662
0.662
0.283
0.662
0.233533
0.369888
0.0538403
0.424487
0.457893
0.662
0.294356
0.444527
0.662
0.0459827
0.662
0.494456
0.0712391
0.662
0.662
0.662
0.285955
0.126761
0.662
0.662
0.662
0.662
0.662
0.298662
0.428627
0.662
0.387109
0.662
0.662
0.662
0.305482
0.0751499
0.206731
0.662
0.0246163
0.662
0.0091026
0.662
0.275255
0.600332
0.130526
0.0706414
0.662
0.180161
0.662
0.662
0.662
0.662
0.662
0.662
0.110484
0.662
0.662
0.421413
0.409373
0.662
0.662
0.192691
0.316439
0.662
0.38854
0.375575
0.662
0.662
0.237023
0.479725
0.662
0.2979
0.662
0.662
0.655054
0.662
0.334441
0.662
0.662
0.662
0.662
0.662
0.0212296
0.286535
0.662
0.662
0.662
0.662
0.162469
0.662
0.144414
0.662
0.662
0.624407
0.388955
0.662
0.662
0.662
0.116184
0.662
0.0744565
0.653435
0.662
0.218478
0.307092
0.145529
0.662
0.662
0.484469
0.662
0.387839
0.662
0.592529
0.662
0.0418775
0.431496
0.187181
0.662
0.662
0.662
0.341625
0.662
0.662
0.0288622
0.162272
0.662
0.513476
0.182425
0.662
0.271253
0.410369
0.662
0.106196
0.662
0.197732
0.024654
0.662
0.662
0.0208342
0.179979
0.662
0.287407
0.662
0.491754
0.662
0.00862386
0.299332
0.138795
0.28905
0.662
0.325514
0.662
0.0206466
0.662
0.662
0.662
0.662
0.662
0.662
0.662
0.134464
0.662
0.271157
0.104728
0.662
0.0693567
0.662
0.662
0.371824
0.662
0.662
0.662
0.662
0.389131
0.662
0.0511197
0.662
0.662
0.662
0.662
0.662
0.662
0.550832
0.377564
0.662
0.0378298
0.662
0.172055
0.662
0.662
0.662
0.252907
0.0330204
0.662
0.662
0.00897553
0.662
0.469366
0.662
0.0365687
0.662
0.264651
0.662
0.657259
0.438886
0.350617
0.0578992
0.662
0.161136
0.662
0.338706
0.662
0.134661
0.662
0.662
0.662
0.559334
0.662
0.140529
0.662
0.599316
0.449088
0.662
0.662
0.060854
0.662
0.662
0.662
0.422906
0.00113838
0.662
0.421707
0.0297911
0.439949
0.362091
0.662
0.662
0.662
0.662
0.417807
0.662
0.0650039
0.461456
0.662
0.662
0.449216
0.133889
0.662
0.126811
0.662
0.662
0.464175
0.0624173
0.0489793
0.662
0.662
0.548215
0.221614
0.662
0.0856679
0.306931
0.366483
0.662
0.662
0.662
0.643962
0.0910941
0.242665
0.662
0.401619
0.123677
0.662
0.662
0.662
0.35584
0.600497
0.662
0.662
0.662
0.0297054
0.283787
0.617016
0.0505126
0.662
