0.251174
0.662
0.00726002
0.347954
0.322203
0.142089
0.0245339
0.229499
0.229023
0.0923559
0.662
0.131394
0.318367
0.353017
0.662
0.110385
0.662
0.662
0.662
0.662
0.0781348
0.662
0.398399
0.662
0.424659
0.261313
0.662
0.158231
0.662
0.662
0.216503
0.662
0.378011
0.455766
0.631907
0.470712
0.525136
0.662
0.260868
0.350925
0.0397668
0.34562
0.662
0.408056
0.201901
0.432846
0.214681
0.662
0.662
0.662
0.662
0.662
0.662
0.0891676
0.0259114
0.662
0.662
0.487526
0.292339
0.662
0.662
0.662
0.662
0.662
0.662
0.662
0.153718
0.662
0.662
0.662
0.274219
0.349713
0.0417328
0.662
0.662
0.662
0.662
0.338253
0.278927
0.321953
0.45708
0.662
0.662
0.174437
0.662
0.662
0.662
0.662
0.662
0.662
0.287707
0.662
0.380822
0.325661
0.662
0.662
0.662
0.354617
0.23487
0.662
0.662
0.329238
0.662
0.662
0.662
0.662
0.662
0.662
0.368831
0.525866
0.0497706
0.662
0.161361
0.662
0.28339
0.428113
0.383256
0.662
0.662
0.361255
0.662
0.662
0.662
0.662
0.394703
0.334004
0.133269
0.662
0.366736
0.662
0.662
0.115724
0.662
0.662
0.117021
0.662
0.662
0.391837
0.662
0.0142444
0.561851
0.662
0.190428
0.0959193
0.477339
0.662
0.348039
0.662
0.662
0.662
0.662
0.662
0.09009
0.0523905
0.352469
0.0696273
0.533413
0.662
0.414611
0.662
0.662
0.662
0.320493
0.450654
0.00323995
0.662
0.446771
0.235152
0.662
0.10489
0.29902
0.341287
0.357783
0.208353
0.429523
0.662
0.515195
0.662
0.437306
0.662
0.662
0.662
0.391166
0.662
0.662
0.63339
0.250358
0.662
0.662
0.662
0.662
0.176383
0.207215
0.443534
0.662
0.211688
0.337421
0.662
0.662
0.504555
0.662
0.662
0.315327
0.662
0.662
0.662
0.662
0.323847
0.662
0.662
0.662
0.255947
0.662
0.397538
0.395541
0.662
0.422776
0.361768
0.662
0.336068
0.442793
0.662
0.0162686
0.100525
0.463918
0.105101
0.30679
0.128071
0.662
0.278123
0.0382783
0.662
0.372157
0.662
0.662
0.538465
0.662
0.662
0.662
0.662
0.662
0.662
0.662
0.423719
0.196478
0.662
0.662
0.252977
0.158623
0.662
0.616175
0.662
0.662
0.226062
0.405956
0.0976747
0.28809
0.662
0.457363
0.167489
0.662
0.662
0.652005
0.662
0.399618
0.48835
0.662
0.227784
0.484597
0.109753
0.662
0.281052
0.662
0.316237
0.662
0.662
0.662
0.242803
0.662
0.662
0.662
0.662
0.662
0.662
0.421184
0.114933
0.0714934
0.662
0.662
0.311851
0.472816
0.114882
0.662
0.662
0.662
0.662
0.22653
0.662
0.662
0.662
0.662
0.591295
0.191389
0.662
0.662
0.419092
0.662
0.041773
0.471314
0.426541
0.147969
0.662
0.662
0.383044
0.662
0.426113
0.285555
0.662
0.662
0.00466243
0.000475601
0.662
0.443255
0.46697
0.431884
0.662
0.662
0.454901
0.662
0.662
0.662
0.424793
0.662
0.116089
0.329822
0.662
0.193413
0.013654
0.662
0.218742
0.662
0.662
0.193896
0.662
0.0319761
0.277776
0.662
0.491866
0.662
0.478914
0.304357
0.662
0.366366
0.662
0.662
0.662
0.662
0.662
0.0425729
0.199347
0.662
0.00821346
0.51298
0.662
0.0128427
0.662
0.662
0.396303
0.330013
0.57493
0.662
0.662
0.662
0.099144
0.662
0.317007
0.0862793
0.500464
0.364598
0.662
0.201649
0.662
0.109978
0.247916
0.662
0.194761
0.662
0.366754
0.633694
0.388933
0.0503233
0.662
0.425735
0.404748
0.662
0.656134
0.662
0.567186
0.388921
0.662
0.147753
0.662
0.246389
0.209696
0.355429
0.662
0.662
0.268146
0.662
0.357111
0.662
0.194785
0.620174
0.098744
0.662
0.662
0.192739
0.170033
0.132476
0.189792
0.662
0.662
0.662
0.370926
0.662
0.213226
0.662
0.662
0.662
0.477362
0.0533804
0.662
0.662
0.662
0.472966
0.662
0.0376363
0.12078
0.598342
0.160547
0.662
0.291398
0.662
0.438166
0.662
0.662
0.0872904
0.410831
0.662
0.662
0.662
0.662
0.662
0.308212
0.662
0.662
0.2878
0.662
0.662
0.662
0.662
0.662
0.662
0.468227
0.475576
0.274923
0.662
0.237435
0.33682
0.366286
0.643325
0.322679
0.055768
0.426057
0.662
0.458538
0.308747
0.369862
0.47307
0.662
0.299006
0.662
0.408491
0.662
0.662
0.662
0.662
0.662
0.662
0.662
0.426392
0.662
0.662
0.662
0.662
0.662
0.662
0.662
0.662
0.662
0.662
0.414876
0.144232
0.662
0.447297
0.477275
0.465553
0.662
0.45076
0.662
0.662
0.662
0.662
0.297389
0.352338
0.662
0.662
0.620456
0.24098
0.557509
0.502765
0.662
0.662
0.662
0.662
0.387692
0.405302
0.662
0.248794
0.662
0.662
0.662
0.662
0.195004
0.662
0.662
0.119
0.316973
0.0619483
0.662
0.21469
0.162506
0.147587
0.662
0.270042
0.662
0.662
0.662
0.662
0.662
0.445803
0.253316
0.662
0.662
0.393275
0.434091
0.662
0.342317
0.358547
0.302554
0.404338
0.0701652
0.662
0.662
0.299275
0.113309
0.662
0.662
0.662
0.662
0.217043
0.662
0.0856402
0.662
0.401462
0.662
0.662
0.662
0.0561423
0.662
0.234873
0.168744
0.662
0.662
0.662
0.662
0.454691
0.223078
0.436851
0.662
0.662
0.662
0.49501
0.575344
0.308042
0.662
0.662
0.662
0.662
0.112593
0.662
0.319025
0.662
0.0740142
0.662
0.662
0.662
0.204208
0.465045
0.288352
0.662
0.662
0.662
0.662
0.662
0.662
0.540483
0.193118
0.402833
0.662
0.394083
0.271429
0.260855
0.328836
0.662
0.0318776
0.662
0.662
0.662
0.662
0.662
0.662
0.662
0.662
0.532643
0.0506246
0.47802
0.137854
0.169286
0.662
0.262841
0.662
0.471355
0.403963
0.461223
0.662
0.662
0.662
