0.355216
0.662
0.662
0.346842
0.662
0.342317
0.662
0.330013
0.225834
0.411107
0.419399
0.446465
0.662
0.662
0.358547
0.548412
0.662
0.662
0.359329
0.662
0.662
0.662
0.662
0.0714934
0.662
0.662
0.662
0.662
0.443255
0.662
0.662
0.435451
0.0720547
0.662
0.662
0.662
0.662
0.662
0.662
0.662
0.662
0.662
0.662
0.662
0.0497706
0.662
0.662
0.662
0.662
0.662
0.662
0.153718
0.662
0.662
0.318853
0.285559
0.403963
0.662
0.443668
0.662
0.662
0.331791
0.662
0.662
0.261313
0.662
0.662
0.662
0.050843
0.0493793
0.662
0.662
0.662
0.662
0.262841
0.662
0.662
0.339666
0.183113
0.0738935
0.414876
0.0974767
0.662
0.500464
0.662
0.0741304
0.284971
0.662
0.653456
0.662
0.446738
0.662
0.0970892
0.477339
0.662
0.662
0.662
0.662
0.281957
0.415611
0.260642
0.397723
0.391098
0.249248
0.0856402
0.662
0.662
0.662
0.662
0.662
0.662
0.662
0.410497
0.320493
0.662
0.055768
0.662
0.662
0.662
0.0140005
0.662
0.662
0.662
0.00821346
0.190428
0.662
0.302554
0.662
0.662
0.10489
0.662
0.662
0.662
0.662
0.451146
0.241462
0.312738
0.0740142
0.662
0.662
0.662
0.662
0.421669
0.410006
0.662
0.448202
0.0723577
0.662
0.662
0.418996
0.662
0.662
0.0838356
0.662
0.441109
0.105101
0.316237
0.350925
0.662
0.662
0.662
0.114882
0.662
0.662
0.662
0.662
0.438166
0.662
0.662
0.662
0.288067
0.456545
0.662
0.662
0.662
0.0318776
0.662
0.0574813
0.431884
0.662
0.662
0.388933
0.662
0.146282
0.662
0.389676
0.662
0.662
0.25698
0.662
0.216503
0.108189
0.662
0.662
0.631907
0.662
0.662
0.662
0.0136712
0.200921
0.652005
0.470835
0.159849
0.21469
0.329822
0.662
0.662
0.63339
0.283355
0.662
0.662
0.395496
0.404049
0.321953
0.662
0.431313
0.662
0.662
0.325661
0.662
0.285787
0.324519
0.662
0.662
0.251174
0.662
0.662
0.662
0.142507
0.273838
0.426113
0.662
0.250409
0.443808
0.662
0.662
0.146208
0.662
0.394599
0.507452
0.662
0.0439529
0.182368
0.662
0.662
0.662
0.29902
0.202271
0.662
0.662
0.410851
0.662
0.662
0.338253
0.284202
0.662
0.662
0.135691
0.212253
0.0506246
0.269313
0.250229
0.147753
0.662
0.114933
0.0891676
0.193413
0.616175
0.662
0.216558
0.309146
0.662
0.252977
0.662
0.662
0.662
0.662
0.662
0.477362
0.463918
0.194761
0.227784
0.662
0.662
0.515094
0.662
0.195936
0.0872904
0.662
0.662
0.271429
0.13417
0.662
0.662
0.662
0.314366
0.662
0.662
0.662
0.196714
0.447059
0.474692
0.662
0.378418
0.408056
0.662
0.394083
0.662
0.457352
0.598342
0.662
0.662
0.212699
0.385618
0.662
0.662
0.662
0.283083
0.477275
0.452897
0.255947
0.662
0.662
0.307549
0.662
0.346648
0.353017
0.0942676
0.429523
0.194581
0.662
0.404713
0.620174
0.662
0.0425729
0.247916
0.662
0.662
0.230881
0.662
0.662
0.662
0.662
0.327131
0.662
0.662
0.662
0.662
0.662
0.34562
0.662
0.168744
0.319253
0.292339
0.443534
0.442793
0.338668
0.662
0.39259
0.662
0.662
0.158116
0.405302
0.314748
0.662
0.662
0.306259
0.372717
0.662
0.662
0.662
0.00223334
0.167489
0.662
0.334059
0.454691
0.662
0.484595
0.229003
0.662
0.662
0.067787
0.662
0.662
0.662
0.662
0.0154883
0.662
0.662
0.165965
0.114341
0.662
0.258129
0.662
0.662
0.0350063
0.662
0.662
0.662
0.662
0.260492
0.0190661
0.00323995
0.662
0.662
0.662
0.662
0.0162686
0.207215
0.662
0.662
0.662
0.0373777
0.112593
0.662
0.662
0.53917
0.662
0.130161
0.662
0.435446
0.662
0.662
0.329013
0.120011
0.160547
0.662
0.662
0.277776
0.242287
0.446392
0.0701652
0.451302
0.662
0.662
0.0533804
0.662
0.546003
0.662
0.662
0.49501
0.0503233
0.250358
0.662
0.662
0.0190314
0.343025
0.0914407
0.449775
0.240716
0.0346213
0.141053
0.662
0.662
0.472816
0.662
0.662
0.0862793
0.0916911
0.662
0.662
0.187376
0.662
0.662
0.662
0.662
0.18602
0.662
0.129809
0.662
0.188296
0.662
0.662
0.662
0.221231
0.662
0.441268
0.662
0.662
0.395541
0.662
0.662
0.573438
0.662
0.538465
0.662
0.662
0.662
0.0994743
0.662
0.0674689
0.347954
0.0923559
0.407075
0.408491
0.563034
0.454901
0.419648
0.484597
0.31687
0.662
0.662
0.278123
0.662
0.399618
0.662
0.568423
0.662
0.23487
0.0429195
0.0798727
0.164688
0.0762844
0.662
0.204208
0.411635
0.39921
0.473669
0.662
0.268588
0.662
0.662
0.662
0.308042
0.662
0.662
0.662
0.662
0.662
0.22653
0.662
0.187053
0.662
0.48543
0.662
0.662
0.172816
0.662
0.426392
0.552503
0.662
0.194785
0.662
0.47307
0.0881854
0.214616
0.0976747
0.662
0.662
0.409256
0.662
0.662
0.662
0.662
0.662
0.662
0.662
0.662
0.662
0.662
0.298653
0.662
0.662
0.662
0.473144
0.311851
0.000475601
0.432846
0.278927
0.0616502
0.662
0.662
0.662
0.662
0.662
0.662
0.314996
0.662
0.472966
0.662
0.662
0.297389
0.121151
0.662
0.662
0.662
0.0605037
0.662
0.662
0.662
0.448895
0.662
0.446259
0.662
0.141467
0.314002
0.396303
0.662
0.662
0.662
0.348039
0.662
0.444994
0.662
0.142654
0.223455
0.567186
0.662
0.322203
0.142089
0.152002
0.662
0.662
0.417188
0.0619483
0.662
0.234873
0.454697
0.334004
0.217043
0.662
0.662
0.662
0.662
0.662
0.662
0.662
0.662
0.662
0.662
0.662
0.662
0.424793
0.260855
0.662
0.662
0.192739
0.662
0.662
0.662
0.662
0.662
0.18569
0.468227
0.475576
0.662
0.662
0.662
