0.345962
0.441735
0.662
0.662
0.0125399
0.662
0.662
0.357553
0.300659
0.11936
0.662
0.662
0.662
0.662
0.662
0.279831
0.380174
0.662
0.209598
0.633391
0.662
0.266462
0.425588
0.662
0.378419
0.662
0.209501
0.309492
0.310187
0.288402
0.405284
0.662
0.662
0.662
0.0245448
0.459512
0.662
0.662
0.662
0.392441
0.662
0.143133
0.333985
0.302081
0.0337503
0.662
0.662
0.662
0.662
0.259506
0.252201
0.392539
0.402339
0.662
0.662
0.662
0.526245
0.662
0.662
0.662
0.662
0.662
0.433452
0.16771
0.662
0.434857
0.476471
0.00600867
0.662
0.167655
0.662
0.662
0.413596
0.662
0.662
0.239349
0.662
0.662
0.210347
0.662
0.340235
0.230069
0.662
0.662
0.43823
0.662
0.164816
0.467713
0.662
0.473009
0.662
0.027056
0.662
0.211488
0.662
0.662
0.662
0.229801
0.208176
0.176977
0.633694
0.662
0.662
0.662
0.440931
0.497914
0.476164
0.662
0.00400239
0.405472
0.662
0.319624
0.662
0.662
0.662
0.662
0.21957
0.662
0.35852
0.662
0.0834977
0.32938
0.662
0.187409
0.374371
0.662
0.662
0.554126
0.662
0.352041
0.38697
0.18313
0.0868641
0.0918539
0.662
0.662
0.662
0.423687
0.185823
0.0943068
0.375951
0.13437
0.441411
0.247724
0.662
0.662
0.0165279
0.662
0.662
0.279424
0.662
0.228752
0.662
0.110943
0.0883162
0.662
0.662
0.662
0.255061
0.404112
0.662
0.368867
0.0631063
0.0527072
0.662
0.662
0.567615
0.17409
0.662
0.662
0.391044
0.662
0.662
0.392641
0.662
0.47965
0.662
0.662
0.43644
0.0400071
0.212153
0.662
0.216768
0.662
0.662
0.0701881
0.662
0.282601
0.425564
0.662
0.662
0.662
0.662
0.324674
0.662
0.662
0.662
0.474902
0.202893
0.146167
0.662
0.6076
0.662
0.441151
0.419944
0.662
0.662
0.662
0.662
0.33081
0.242853
0.278712
0.218473
0.662
0.662
0.662
0.38072
0.240155
0.662
0.0854833
0.0177783
0.662
0.471771
0.303763
0.662
0.662
0.662
0.226469
0.246189
0.662
0.318109
0.662
0.467644
0.662
0.488907
0.662
0.323234
0.662
0.110928
0.254168
0.662
0.662
0.662
0.662
0.662
0.219009
0.662
0.662
0.586051
0.115565
0.662
0.662
0.662
0.165009
0.662
0.0181247
0.466352
0.441453
0.662
0.290296
0.245795
0.440143
0.477793
0.662
0.432334
0.270831
0.456285
0.662
0.662
0.182304
0.662
0.392258
0.662
0.662
0.0448937
0.126443
0.048106
0.662
0.662
0.00270241
0.468962
0.12835
0.380702
0.239591
0.347276
0.0974468
0.158669
0.662
0.662
0.662
0.176782
0.662
0.662
0.0401762
0.662
0.662
0.662
0.662
0.662
0.50582
0.662
0.662
0.662
0.419302
0.662
0.200748
0.662
0.662
0.662
0.662
0.662
0.270839
0.662
0.662
0.399943
0.295573
0.466112
0.662
0.0351402
0.662
0.412582
0.662
0.571704
0.662
0.284736
0.662
0.662
0.0647825
0.662
0.185107
0.387136
0.662
0.456232
0.184031
0.662
0.342258
0.662
0.064204
0.662
0.662
0.662
0.433356
0.662
0.662
0.662
0.662
0.662
0.662
0.194642
0.662
0.41752
0.294157
0.532476
0.521255
0.42594
0.662
0.0638095
0.586528
0.481031
0.0387353
0.0783425
0.42786
0.357646
0.332778
0.662
0.0209685
0.662
0.454992
0.0473257
0.343207
0.662
0.186138
0.662
0.402262
0.662
0.662
0.492142
0.272133
0.662
0.662
0.380365
0.0903888
0.0545922
0.662
0.409861
0.662
0.0460605
0.662
0.146545
0.0429178
0.218605
0.383377
0.0847523
0.662
0.418263
0.32514
0.662
0.662
0.662
0.662
0.662
0.662
0.662
0.147164
0.345383
0.662
0.217552
0.0876964
0.410881
0.662
0.239876
0.662
0.662
0.662
0.662
0.150109
0.0499237
0.662
0.662
0.598953
0.662
0.0468223
0.275733
0.241543
0.100657
0.662
0.662
0.662
0.365549
0.662
0.412141
0.662
0.662
0.450541
0.356178
0.434842
0.334046
0.337277
0.457442
0.623038
0.662
0.662
0.662
0.252496
0.662
0.662
0.662
0.238781
0.662
0.115476
0.662
0.336121
0.238846
0.338828
0.662
0.662
0.296686
0.662
0.202112
0.662
0.191251
0.662
0.662
0.204008
0.257086
0.662
0.662
0.662
0.0600055
0.307164
0.379342
0.0553033
0.328797
0.212242
0.015603
0.361475
0.190458
0.662
0.662
0.288797
0.662
0.662
0.662
0.662
0.662
0.662
0.0990704
0.421773
0.662
0.350689
0.662
0.662
0.662
0.662
0.235816
0.0584413
0.372468
0.662
0.578329
0.472683
0.0323754
0.662
0.211781
0.662
0.662
0.662
0.662
0.209938
0.132441
0.182397
0.494726
0.413478
0.662
0.662
0.662
0.662
0.473719
0.31867
0.511539
0.662
0.662
0.662
0.229541
0.662
0.298381
0.278172
0.662
0.384523
0.662
0.662
0.248477
0.662
0.441554
0.209596
0.662
0.0436777
0.398264
0.662
0.113373
0.662
0.662
0.301006
0.279701
0.446995
0.662
0.662
0.462374
0.662
0.442388
0.120352
0.453781
0.662
0.0766938
0.662
0.662
0.118618
0.139194
0.357853
0.662
0.662
0.662
0.213167
0.662
0.214398
0.662
0.662
0.296292
0.662
0.313986
0.481973
0.0252215
0.662
0.662
0.240497
0.662
0.662
0.447896
0.662
0.662
0.470093
0.662
0.447928
0.399555
0.662
0.233089
0.662
0.662
0.662
0.662
0.662
0.662
0.662
0.494148
0.662
0.181729
0.320896
0.662
0.0842602
0.117881
0.0260339
0.662
0.662
0.0772007
0.439623
0.662
0.662
0.662
0.125139
0.662
0.0898446
0.081583
0.662
0.662
0.353946
0.662
0.168374
0.662
0.605765
0.197254
0.662
0.304375
0.213276
0.018268
0.662
0.662
0.103422
0.662
0.263509
0.662
