0.2073
0.198425
0.662
0.232807
0.662
0.222682
0.662
0.662
0.662
0.111194
0.662
0.662
0.662
0.662
0.662
0.222103
0.2986
0.516216
0.345773
0.662
0.311658
0.662
0.662
0.0414533
0.500797
0.248169
0.106466
0.49395
0.237042
0.662
0.467165
0.662
0.662
0.15809
0.662
0.662
0.662
0.662
0.662
0.662
0.0751486
0.662
0.662
0.662
0.662
0.662
0.322619
0.371464
0.254189
0.0255663
0.234497
0.662
0.00482115
0.662
0.0926639
0.352457
0.662
0.0522552
0.662
0.662
0.291414
0.662
0.662
0.662
0.155776
0.235958
0.409739
0.662
0.437261
0.266514
0.662
0.360205
0.300717
0.662
0.662
0.303506
0.662
0.662
0.662
0.47738
0.400805
0.662
0.538338
0.662
0.124361
0.430369
0.662
0.662
0.0413581
0.662
0.282714
0.662
0.662
0.662
0.141039
0.662
0.662
0.320263
0.102611
0.662
0.662
0.313859
0.662
0.662
0.0573504
0.485671
0.662
0.316429
0.164549
0.454744
0.662
0.662
0.137768
0.600761
0.662
0.662
0.137021
0.376184
0.662
0.662
0.088571
0.662
0.0306744
0.134524
0.662
0.118927
0.662
0.453889
0.450239
0.662
0.48676
0.662
0.015523
0.662
0.00203654
0.662
0.662
0.206937
0.0752227
0.662
0.662
0.662
0.186526
0.662
0.234662
0.662
0.662
0.0214202
0.662
0.662
0.112811
0.662
0.301217
0.662
0.662
0.0943755
0.132053
0.662
0.662
0.662
0.662
0.662
0.482638
0.662
0.485879
0.373182
0.662
0.331866
0.398875
0.45245
0.368361
0.469228
0.361536
0.662
0.458983
0.4308
0.0319224
0.0415495
0.662
0.662
0.431324
0.662
0.662
0.545468
0.662
0.662
0.193052
0.662
0.662
0.662
0.662
0.108536
0.662
0.662
0.172272
0.662
0.444997
0.662
0.328845
0.279575
0.470927
0.00882326
0.379717
0.662
0.662
0.461672
0.662
0.307742
0.662
0.662
0.274141
0.0331935
0.00887259
0.662
0.103206
0.376827
0.362359
0.143889
0.662
0.0438507
0.662
0.173043
0.0694833
0.662
0.297263
0.0151879
0.615929
0.507045
0.314366
0.662
0.662
0.662
0.662
0.662
0.662
0.662
0.662
0.662
0.240404
0.242274
0.662
0.236431
0.212827
0.404038
0.662
0.662
0.662
0.662
0.662
0.220505
0.214364
0.662
0.00820182
0.0894922
0.461156
0.662
0.194385
0.0554508
0.662
0.232988
0.662
0.662
0.662
0.255062
0.393951
0.254729
0.143049
0.662
0.662
0.662
0.183336
0.662
0.662
0.398062
0.358947
0.431903
0.662
0.246467
0.662
0.21302
0.662
0.246154
0.662
0.662
0.662
0.0154688
0.176561
0.662
0.0533371
0.317865
0.394546
0.322975
0.662
0.163559
0.162178
0.662
0.335171
0.227307
0.123668
0.493719
0.0228196
0.662
0.394355
0.245598
0.424206
0.379645
0.662
0.335586
0.276211
0.0800838
0.662
0.485445
0.662
0.142589
0.662
0.296661
0.20602
0.662
0.279366
0.662
0.447071
0.662
0.662
0.437605
0.267594
0.359094
0.392679
0.431922
0.00149974
0.56719
0.418397
0.2431
0.662
0.662
0.583329
0.159947
0.109513
0.0447129
0.662
0.662
0.662
0.511423
0.662
0.446232
0.662
0.662
0.272343
0.662
0.662
0.26919
0.349444
0.190029
0.225843
0.662
0.130504
0.466692
0.192029
0.147933
0.244707
0.314277
0.662
0.35511
0.662
0.399987
0.342982
0.662
0.662
0.226704
0.662
0.236064
0.662
0.122311
0.662
0.662
0.662
0.0655602
0.662
0.662
0.662
0.0286107
0.135904
0.662
0.039584
0.221643
0.297633
0.215118
0.662
0.349694
0.0638506
0.662
0.296988
0.662
0.662
0.662
0.2728
0.662
0.0377538
0.27917
0.662
0.563568
0.26444
0.662
0.662
0.0812216
0.662
0.662
0.662
0.662
0.662
0.230456
0.257242
0.662
0.662
0.662
0.0399488
0.662
0.0258084
0.152018
0.470659
0.284386
0.459463
0.456556
0.104171
0.662
0.662
0.0111685
0.662
0.662
0.444257
0.662
0.334858
0.662
0.662
0.216159
0.0433921
0.304471
0.405325
0.662
0.662
0.662
0.662
0.224972
0.662
0.662
0.662
0.662
0.185897
0.662
0.662
0.259541
0.662
0.662
0.176384
0.424224
0.102536
0.662
0.271876
0.642267
0.200298
0.662
0.662
0.662
0.662
0.213837
0.662
0.392912
0.453739
0.0974318
0.662
0.472349
0.254703
0.444913
0.249269
0.152469
0.662
0.0880867
0.662
0.662
0.193362
0.662
0.288801
0.662
0.0131431
0.662
0.662
0.662
0.662
0.456767
0.266145
0.343398
0.662
0.662
0.0313568
0.278897
0.662
0.662
0.662
0.119307
0.662
0.662
0.0196697
0.143046
0.226116
0.0662542
0.662
0.662
0.662
0.662
0.478716
0.516296
0.662
0.470592
0.662
0.662
0.662
0.193743
0.662
0.662
0.486768
0.662
0.662
0.315973
0.662
0.478473
0.460448
0.662
0.353987
0.662
0.129112
0.662
0.662
0.470964
0.419275
0.296844
0.240769
0.461113
0.662
0.662
0.429986
0.328971
0.662
0.662
0.300776
0.304016
0.2906
0.662
0.0574712
0.662
0.624763
0.34293
0.662
0.462331
0.662
0.662
0.569828
0.662
0.662
0.662
0.553761
0.191571
0.662
0.192344
0.322603
0.662
