0.662
0.662
0.662
0.527728
0.662
0.662
0.662
0.429035
0.375081
0.316941
0.302382
0.662
0.662
0.214734
0.662
0.662
0.662
0.136136
0.0224159
0.51436
0.662
0.662
0.00170863
0.662
0.662
0.505436
0.662
0.662
0.662
0.451411
0.216013
0.662
0.106231
0.662
0.166834
0.662
0.188358
0.257282
0.662
0.40474
0.662
0.662
0.662
0.0173288
0.662
0.662
0.662
0.173881
0.662
0.111382
0.291107
0.00417639
0.662
0.662
0.333825
0.662
0.662
0.662
0.213103
0.662
0.42405
0.662
0.662
0.0819067
0.662
0.615844
0.2033
0.662
0.662
0.662
0.12822
0.19836
0.00687122
0.309245
0.662
0.182746
0.235206
0.429455
0.662
0.345241
0.0264743
0.181222
0.455215
0.662
0.662
0.319406
0.355669
0.155929
0.662
0.662
0.129824
0.389092
0.662
0.202935
0.393175
0.35577
0.00111809
0.255454
0.549971
0.662
0.662
0.380416
0.662
0.238022
0.662
0.334265
0.222913
0.662
0.662
0.215406
0.188987
0.0665161
0.372877
0.121853
0.662
0.398068
0.188522
0.662
0.662
0.662
0.662
0.662
0.662
0.407962
0.662
0.122494
0.481412
0.329115
0.662
0.662
0.513345
0.13748
0.662
0.20937
0.384315
0.662
0.662
0.337351
0.257387
0.662
0.662
0.385209
0.630336
0.662
0.662
0.133688
0.662
0.662
0.662
0.662
0.247063
0.662
0.195563
0.662
0.662
0.662
0.662
0.662
0.429324
0.662
0.166924
0.662
0.662
0.307997
0.662
0.368466
0.662
0.662
0.662
0.304782
0.662
0.662
0.0491352
0.662
0.662
0.662
0.242309
0.662
0.662
0.0870498
0.662
0.189708
0.428425
0.662
0.356193
0.24795
0.406312
0.589569
0.269707
0.0219655
0.662
0.0926536
0.548958
0.662
0.193988
0.262478
0.507274
0.662
0.662
0.662
0.263863
0.452256
0.296618
0.662
0.662
0.662
0.0679895
0.662
0.264799
0.662
0.662
0.0607331
0.662
0.23264
0.662
0.0709897
0.662
0.0384897
0.662
0.662
0.662
0.364731
0.458981
0.662
0.662
0.662
0.662
0.0851116
0.662
0.592232
0.45511
0.662
0.662
0.540889
0.662
0.662
0.662
0.662
0.662
0.0813425
0.392143
0.662
0.191397
0.662
0.16314
0.349999
0.127648
0.662
0.169492
0.0653262
0.25073
0.00388754
0.662
0.662
0.0764447
0.662
0.465381
0.0953651
0.10248
0.466807
0.662
0.662
0.662
0.564418
0.662
0.662
0.107613
0.436879
0.172079
0.662
0.662
0.662
0.662
0.662
0.183335
0.399281
0.261778
0.276645
0.662
0.292222
0.662
0.662
0.662
0.325978
0.662
0.0545202
0.0480517
0.662
0.152139
0.662
0.662
0.662
0.662
0.478629
0.662
0.662
0.662
0.260509
0.264923
0.662
0.365688
0.450274
0.201631
0.662
0.662
0.214558
0.0339531
0.489219
0.662
0.33548
0.662
0.0726752
0.662
0.662
0.662
0.662
0.662
0.662
0.168162
0.0133297
0.109199
0.498908
0.662
0.662
0.662
0.662
0.662
0.662
0.662
0.662
0.500873
0.662
0.0698133
0.0573263
0.462758
0.438159
0.461342
0.662
0.662
0.662
0.662
0.662
0.324938
0.662
0.662
0.264626
0.662
0.368366
0.317507
0.662
0.662
0.142391
0.487405
0.462285
0.662
0.662
0.662
0.585072
0.662
0.354958
0.369713
0.662
0.662
0.237011
0.662
0.296498
0.58286
0.662
0.662
0.662
0.427869
0.662
0.662
0.179628
0.445787
0.662
0.662
0.10314
0.386424
0.339112
0.662
0.662
0.280046
0.185907
0.259455
0.0177452
0.662
0.662
0.435624
0.662
0.524636
0.662
0.662
0.17266
0.662
0.662
0.662
0.662
0.361613
0.662
0.662
0.662
0.662
0.662
0.662
0.291733
0.662
0.662
0.451612
0.323663
0.182769
0.439318
0.662
0.662
0.0630911
0.662
0.662
0.662
0.662
0.171318
0.662
0.662
0.312957
0.530358
0.441265
0.411981
0.662
0.662
0.662
0.662
0.662
0.402141
0.662
0.662
0.662
0.00634988
0.399951
0.0940679
0.39296
0.662
0.159636
0.125488
0.381332
0.458959
0.662
0.662
0.662
0.198605
0.326552
0.662
0.662
0.21932
0.353989
0.662
0.121358
0.277236
0.662
0.662
0.662
0.0099052
0.508156
0.123745
0.662
0.662
0.662
0.662
0.454795
0.019084
0.43139
0.143281
0.247801
0.662
0.155414
0.662
0.662
0.662
0.662
0.0289659
0.662
0.604198
0.655984
0.588287
0.662
0.662
0.662
0.662
0.662
0.474793
0.198604
0.153592
0.662
0.662
0.361242
0.662
0.148835
0.176307
0.372209
0.242347
0.310825
0.0520943
0.197829
0.41504
0.188728
0.500294
0.0931002
0.00977904
0.662
0.23831
0.662
0.501055
0.0985759
0.378964
0.662
0.662
0.662
0.662
0.662
0.249776
0.184472
0.662
0.662
0.249222
0.0987792
0.480825
0.662
0.662
0.132976
0.662
0.662
0.662
0.662
0.478325
0.130194
0.144388
0.4121
0.415199
0.18047
0.662
0.301946
0.377883
0.189082
0.24677
0.662
0.662
0.202645
0.121957
0.662
0.343967
0.662
0.212692
0.207534
0.662
0.381849
0.662
0.662
0.183776
0.662
0.462286
0.662
0.154412
0.0895495
0.662
0.662
0.662
0.662
0.662
0.662
0.662
0.47163
0.662
0.391916
0.0600791
0.662
0.0899854
0.662
0.27591
0.662
0.662
0.662
0.662
0.321514
0.116812
0.0672469
0.00789339
0.202091
0.662
0.662
0.0247084
0.47761
0.626412
0.343582
0.43294
0.276819
0.662
0.662
0.662
0.351262
0.662
0.662
0.47546
0.165614
0.204654
0.662
0.317688
0.662
0.452588
0.410038
0.662
0.328358
0.662
0.662
0.662
0.662
0.662
0.33514
0.448903
0.662
0.324075
0.0807318
0.0125025
0.150709
0.0430268
0.662
0.279688
0.662
0.662
0.662
0.662
0.662
0.662
0.187073
0.266202
0.662
0.662
0.662
0.662
0.415958
0.662
0.662
0.140881
0.662
0.0120464
0.662
0.242133
0.469703
0.106147
0.422454
0.662
0.193818
