0.662
0.662
0.240718
0.0237468
0.662
0.662
0.662
0.0212225
0.0479847
0.549202
0.184788
0.335188
0.662
0.429313
0.662
0.662
0.662
0.662
0.662
0.662
0.662
0.662
0.662
0.0358421
0.400255
0.21758
0.37695
0.662
0.662
0.662
0.0436717
0.662
0.662
0.662
0.662
0.662
0.662
0.269078
0.662
0.662
0.662
0.662
0.414272
0.190968
0.463204
0.662
0.662
0.416222
0.354312
0.111109
0.662
0.11407
0.662
0.662
0.662
0.328923
0.281175
0.483023
0.662
0.196052
0.662
0.662
0.662
0.403047
0.662
0.269895
0.376093
0.662
0.0966768
0.662
0.662
0.254352
0.662
0.662
0.189384
0.578023
0.40434
0.355367
0.662
0.662
0.0191925
0.662
0.662
0.0328131
0.662
0.148302
0.662
0.46729
0.662
0.490837
0.662
0.662
0.193993
0.662
0.123452
0.662
0.662
0.662
0.437092
0.662
0.662
0.168781
0.256912
0.662
0.177039
0.662
0.417384
0.369686
0.662
0.442485
0.662
0.0556825
0.662
0.662
0.662
0.662
0.419349
0.000482921
0.662
0.662
0.41337
0.662
0.662
0.192659
0.662
0.662
0.662
0.662
0.662
0.236343
0.662
0.662
0.662
0.167152
0.319585
0.662
0.662
0.357516
0.662
0.662
0.662
0.0580038
0.662
0.662
0.136558
0.662
0.662
0.662
0.384272
0.662
0.662
0.0167085
0.601761
0.488328
0.471809
0.234332
0.662
0.662
0.275852
0.206172
0.309613
0.200041
0.237203
0.662
0.662
0.409686
0.333205
0.488742
0.0985774
0.662
0.662
0.0532168
0.662
0.662
0.662
0.662
0.481983
0.0755943
0.418633
0.466751
0.191794
0.0287814
0.662
0.29993
0.482322
0.662
0.111952
0.0535451
0.0476855
0.662
0.662
0.662
0.662
0.662
0.474585
0.326154
0.366318
0.367417
0.662
0.662
0.662
0.662
0.227805
0.662
0.662
0.0875806
0.662
0.464877
0.662
0.202765
0.662
0.414373
0.443338
0.177536
0.317672
0.426431
0.662
0.662
0.279845
0.662
0.29048
0.160721
0.662
0.525211
0.662
0.662
0.409871
0.379288
0.598442
0.662
0.662
0.662
0.662
0.251809
0.662
0.377572
0.0586992
0.662
0.342303
0.662
0.122046
0.662
0.662
0.0542404
0.662
0.662
0.662
0.437434
0.662
0.662
0.662
0.662
0.441601
0.33324
0.0559761
0.355837
0.438957
0.0636788
0.662
0.662
0.662
0.662
0.662
0.662
0.662
0.0697272
0.662
0.662
0.472675
0.662
0.662
0.662
0.102393
0.662
0.662
0.662
0.0864196
0.112348
0.424809
0.63339
0.662
0.63339
0.662
0.662
0.0345
0.127983
0.662
0.662
0.662
0.662
0.662
0.662
0.294165
0.662
0.37794
0.662
0.662
0.429066
0.662
0.176085
0.662
0.20578
0.0323497
0.386872
0.662
0.148403
0.662
0.217044
0.662
0.458038
0.335671
0.00252229
0.662
0.662
0.662
0.20918
0.662
0.357827
0.662
0.25372
0.662
0.35751
0.662
0.662
0.465512
0.189173
0.662
0.662
0.662
0.662
0.662
0.662
0.662
0.193226
0.523449
0.22122
0.0376379
0.0220452
0.662
0.258489
0.662
0.364898
0.206419
0.662
0.102262
0.662
0.264359
0.662
0.403231
0.0168589
0.022478
0.136486
0.448622
0.42613
0.662
0.662
0.662
0.662
0.662
0.662
0.662
0.427022
0.662
0.558111
0.662
0.662
0.662
0.322069
0.662
0.662
0.0467106
0.484078
0.662
0.151752
0.662
0.335081
0.580115
0.266468
0.0524721
0.403373
0.662
0.662
0.662
0.662
0.209868
0.662
0.662
0.662
0.204211
0.146183
0.295741
0.662
0.662
0.0074649
0.176484
0.452043
0.479829
0.407088
0.399161
0.662
0.662
0.158131
0.225508
0.662
0.202611
0.662
0.662
0.451675
0.012224
0.188564
0.463126
0.662
0.662
0.662
0.662
0.25305
0.662
0.662
0.662
0.293579
0.662
0.192068
0.295228
0.662
0.348924
0.662
0.022087
0.662
0.662
0.662
0.16546
0.265395
0.115941
0.662
0.193479
0.443526
0.662
0.662
0.3651
0.238646
0.506781
0.424103
0.662
0.0527641
0.662
0.306579
0.662
0.159943
0.662
0.219783
0.0477503
0.448511
0.288433
0.00280858
0.279951
0.377525
0.0634238
0.662
0.662
0.340253
0.309807
0.662
0.662
0.662
0.662
0.475485
0.0119942
0.662
0.533224
0.21225
0.325479
0.662
0.662
0.409904
0.256037
0.662
0.662
0.662
0.271169
0.662
0.428252
0.662
0.662
0.662
0.662
0.229418
0.184004
0.662
0.112036
0.662
0.35464
0.432132
0.662
0.156593
0.121437
0.155938
0.662
0.662
0.123717
0.14365
0.662
0.662
0.662
0.662
0.662
0.662
0.220983
0.662
0.353082
0.294473
0.662
0.662
0.123076
0.088592
0.662
0.204972
0.662
0.18403
0.662
0.662
0.662
0.662
0.173738
0.662
0.662
0.662
0.662
0.429319
0.220644
0.662
0.356727
0.662
0.212428
0.662
0.284003
0.49737
0.662
0.662
0.464224
0.465939
0.0717522
0.573255
0.662
0.662
0.297235
0.662
0.434812
0.0775895
0.224425
0.311089
0.209097
0.662
0.0756555
0.192837
0.662
0.148238
0.449717
0.662
0.0633925
0.662
0.662
0.662
0.662
0.662
0.0805857
