0.662
0.662
0.398073
0.203997
0.662
0.0562227
0.662
0.588361
0.307794
0.662
0.429552
0.394664
0.0554229
0.210116
0.350407
0.662
0.662
0.662
0.0092449
0.0297537
0.662
0.354536
0.423665
0.662
0.233749
0.662
0.662
0.662
0.662
0.344004
0.149822
0.662
0.662
0.322274
0.201934
0.0153845
0.662
0.662
0.662
0.662
0.22826
0.216381
0.266504
0.0796735
0.160318
0.662
0.386865
0.404362
0.662
0.137997
0.0484058
0.662
0.285563
0.662
0.662
0.134129
0.596404
0.662
0.0313716
0.385277
0.42908
0.119833
0.662
0.230336
0.662
0.376158
0.211481
0.321354
0.29608
0.662
0.662
0.662
0.662
0.662
0.456115
0.339442
0.468874
0.662
0.468639
0.255165
0.246885
0.662
0.662
0.572141
0.197379
0.662
0.662
0.662
0.650995
0.662
0.662
0.0728214
0.662
0.428978
0.662
0.662
0.662
0.0383762
0.311361
0.251209
0.662
0.662
0.0709442
0.662
0.662
0.662
0.168148
0.248007
0.662
0.662
0.290563
0.662
0.662
0.595949
0.662
0.662
0.38443
0.0991178
0.662
0.662
0.662
0.662
0.236284
0.662
0.662
0.662
0.662
0.183728
0.210411
0.460391
0.179395
0.662
0.662
0.662
0.44733
0.662
0.302965
0.662
0.662
0.662
0.662
0.662
0.102563
0.0724555
0.662
0.129666
0.662
0.317463
0.603573
0.662
0.662
0.662
0.273224
0.483063
0.137149
0.662
0.662
0.662
0.662
0.439091
0.271173
0.662
0.662
0.662
0.662
0.662
0.662
0.662
0.662
0.662
0.662
0.390653
0.662
0.662
0.309495
0.099417
0.662
0.662
0.662
0.662
0.662
0.346524
0.355101
0.662
0.34819
0.131952
0.662
0.662
0.662
0.20626
0.662
0.326813
0.276424
0.662
0.662
0.662
0.662
0.662
0.662
0.662
0.662
0.19175
0.662
0.110415
0.0240976
0.199704
0.662
0.112103
0.262124
0.44862
0.662
0.662
0.662
0.0639476
0.440772
0.209212
0.0520075
0.662
0.662
0.112796
0.114005
0.662
0.662
0.662
0.0858227
0.662
0.348515
0.662
0.662
0.662
0.662
0.0945841
0.257155
0.662
0.27641
0.662
0.662
0.417878
0.662
0.662
0.167862
0.453201
0.280747
0.148888
0.332867
0.662
0.662
0.534317
0.662
0.662
0.662
0.662
0.662
0.662
0.075007
0.253251
0.662
0.662
0.317939
0.662
0.195843
0.662
0.172558
0.662
0.662
0.662
0.0638656
0.662
0.159487
0.662
0.662
0.662
0.149399
0.10921
0.464848
0.662
0.662
0.662
0.223998
0.298533
0.662
0.662
0.385611
0.20012
0.662
0.274242
0.347934
0.393983
0.662
0.166559
0.187554
0.662
0.0159462
0.662
0.662
0.662
0.331688
0.288528
0.481877
0.662
0.662
0.662
0.0388334
0.0603173
0.662
0.32686
0.662
0.662
0.662
0.197008
0.0168709
0.542214
0.167694
0.662
0.178174
0.337574
0.662
0.228265
0.662
0.075386
0.662
0.0387282
0.601004
0.584651
0.0425139
0.559244
0.126747
0.475136
0.245128
0.17173
0.662
0.0874573
0.662
0.287329
0.509644
0.662
0.131436
0.411934
0.187833
0.472243
0.662
0.123031
0.662
0.662
0.662
0.483513
0.662
0.403189
0.353134
0.662
0.662
0.662
0.662
0.384066
0.612203
0.118773
0.662
0.210971
0.365885
0.47511
0.0315902
0.662
0.662
0.0451344
0.0697124
0.662
0.662
0.194316
0.662
0.662
0.662
0.662
0.662
0.10228
0.662
0.662
0.615129
0.662
0.662
0.662
0.0394854
0.484592
0.353205
0.662
0.662
0.662
0.0735717
0.662
0.662
0.120852
0.662
0.448238
0.662
0.662
0.117577
0.662
0.662
0.662
0.662
0.274263
0.167492
0.0975131
0.48925
0.662
0.14401
0.298166
0.00501712
0.614341
0.279053
0.662
0.464318
0.662
0.259975
0.200881
0.457426
0.63339
0.662
0.662
0.294094
0.464064
0.662
0.662
0.662
0.662
0.1564
0.39268
0.662
0.662
0.198951
0.0178085
0.662
0.413805
0.0147245
0.662
0.662
0.197324
0.203347
0.662
0.0519734
0.662
0.275262
0.662
0.178126
0.014646
0.314678
0.385696
0.662
0.303682
0.662
0.25584
0.136187
0.00424886
0.422646
0.662
0.408915
0.662
0.662
0.45001
0.228603
0.662
0.586842
0.325284
0.115013
0.662
0.662
0.662
0.662
0.537869
0.662
0.662
0.292963
0.662
0.662
0.0489313
0.163319
0.662
0.662
0.662
0.031287
0.371904
0.662
0.0122015
0.623442
0.662
0.324113
0.662
0.287518
0.662
0.0135764
0.662
0.632469
0.248942
0.365523
