0.662
0.00906615
0.456367
0.662
0.662
0.662
0.662
0.356558
0.446493
0.131837
0.662
0.190407
0.662
0.0249654
0.662
0.0634411
0.171553
0.0404434
0.662
0.42543
0.265608
0.662
0.134616
0.38107
0.25715
0.0579286
0.452475
0.662
0.423616
0.105303
0.214872
0.662
0.662
0.662
0.0994846
0.191198
0.30021
0.662
0.662
0.415055
0.312258
0.662
0.172494
0.466104
0.329362
0.42963
0.0709442
0.662
0.108586
0.662
0.662
0.0452667
0.662
0.0175275
0.662
0.662
0.230551
0.662
0.307668
0.180214
0.263545
0.662
0.423059
0.662
0.0710325
0.0657805
0.662
0.662
0.313164
0.268241
0.139778
0.662
0.662
0.524552
0.662
0.431553
0.662
0.662
0.325679
0.474321
0.662
0.400995
0.234771
0.662
0.662
0.237038
0.662
0.662
0.662
0.446597
0.662
0.2557
0.662
0.143145
0.662
0.662
0.291077
0.599106
0.369576
0.662
0.0678493
0.420928
0.662
0.207453
0.171485
0.662
0.448626
0.662
0.511677
0.344257
0.445655
0.662
0.662
0.662
0.341918
0.662
0.14237
0.662
0.539163
0.0388176
0.662
0.164884
0.420758
0.32102
0.289172
0.618391
0.136517
0.0125215
0.662
0.263133
0.406835
0.662
0.127471
0.388724
0.662
0.224615
0.662
0.393257
0.30516
0.162768
0.290662
0.337396
0.193853
0.484592
0.512053
0.662
0.338351
0.662
0.456836
0.0896853
0.0332042
0.0639195
0.407333
0.662
0.662
0.662
0.42519
0.314669
0.644743
0.431961
0.662
0.322804
0.662
0.64579
0.662
0.662
0.662
0.280374
0.662
0.440841
0.417053
0.253125
0.181924
0.662
0.44127
0.138834
0.265072
0.662
0.662
0.279814
0.164285
0.305547
0.0914439
0.175032
0.314279
0.662
0.334329
0.662
0.445374
0.662
0.662
0.662
0.662
0.32686
0.373689
0.662
0.291367
0.662
0.662
0.0677463
0.340347
0.474109
0.199285
0.474972
0.199704
0.451822
0.28865
0.662
0.123767
0.662
0.408324
0.662
0.662
0.662
0.662
0.584275
0.477359
0.662
0.235383
0.374841
0.662
0.287576
0.662
0.0129907
0.187336
0.42275
0.662
0.662
0.662
0.662
0.331352
0.143969
0.365261
0.662
0.429305
0.662
0.662
0.279068
0.662
0.662
0.662
0.662
0.422656
0.662
0.662
0.662
0.662
0.662
0.662
0.491379
0.374715
0.662
0.380229
0.273224
0.247236
0.274233
0.443954
0.473408
0.662
0.662
0.662
0.217423
0.662
0.662
0.464992
0.476603
0.662
0.662
0.14368
0.256561
0.102904
0.662
0.262708
0.194472
0.165374
0.386461
0.662
0.662
0.369275
0.144678
0.0514552
0.222506
0.662
0.662
0.662
0.466807
0.245283
0.662
0.274456
0.320136
0.224703
0.662
0.662
0.662
0.662
0.360556
0.662
0.0172496
0.194244
0.662
0.446113
0.662
0.153736
0.0755346
0.169056
0.662
0.662
0.662
0.309073
0.662
0.662
0.198109
0.312054
0.662
0.662
0.516149
0.0519734
0.171472
0.510297
0.245502
0.0742692
0.662
0.662
0.137997
0.662
0.662
0.662
0.38443
0.405407
0.662
0.364667
0.167862
0.662
0.662
0.662
0.662
0.662
0.601637
0.578349
0.277651
0.662
0.662
0.662
0.0399334
0.395214
0.464964
0.662
0.662
0.279744
0.362732
0.662
0.662
0.252951
0.662
0.662
0.662
0.345076
0.0105791
0.662
0.662
0.662
0.240982
0.662
0.29743
0.662
0.479488
0.662
0.662
0.662
0.662
0.662
0.662
0.395375
0.373194
0.662
0.348054
0.662
0.662
0.094355
0.193891
0.0654755
0.662
0.0701752
0.662
0.462497
0.00158817
0.662
0.662
0.662
0.662
0.662
0.662
0.662
0.662
0.504613
0.0194806
0.028075
0.204213
0.662
0.662
0.662
0.662
0.662
0.662
0.525665
0.095193
0.662
0.662
0.662
0.13725
0.662
0.662
0.321294
0.264154
0.662
0.27159
0.662
0.662
0.662
0.387253
0.662
0.0827092
0.0365365
0.662
0.0058277
0.662
0.268554
0.0858227
0.662
0.662
0.0411744
0.662
0.0837976
0.346033
0.385393
0.662
0.662
0.662
0.662
0.662
0.662
0.662
0.0987302
0.662
0.662
0.282394
0.662
0.662
0.662
0.242936
0.105438
0.662
0.662
0.353263
0.197737
0.509519
0.320709
0.662
0.662
0.101825
0.662
0.662
0.450114
0.314239
0.662
0.662
0.662
0.662
0.108526
0.262013
0.662
0.662
0.164556
0.334302
0.445678
0.662
0.653996
0.642725
0.662
0.662
0.235537
0.208824
0.0182402
0.014646
0.662
0.662
0.253288
0.662
0.662
0.540246
0.189752
0.201934
0.0435236
0.307055
0.0106274
0.662
0.662
0.475359
0.662
0.662
0.662
0.662
0.662
0.662
0.662
0.662
0.180122
0.253135
0.28939
0.415753
0.44374
0.662
0.634292
0.261274
0.662
0.176605
0.323549
0.431881
0.267171
0.662
0.662
0.662
0.170834
0.318867
0.662
0.0994205
0.662
0.662
0.662
0.10835
0.138437
0.0617617
0.301602
0.267825
