0.662
0.32102
0.662
0.337396
0.653996
0.662
0.662
0.662
0.450114
0.662
0.407333
0.0639195
0.662
0.0552764
0.662
0.445655
0.374841
0.662
0.662
0.662
0.313164
0.456836
0.642725
0.64579
0.13175
0.273771
0.204213
0.662
0.518356
0.662
0.317106
0.242936
0.662
0.662
0.662
0.662
0.0896853
0.0332042
0.240982
0.662
0.496294
0.662
0.345076
0.662
0.662
0.662
0.3733
0.233747
0.44374
0.466104
0.30021
0.318867
0.662
0.311773
0.42519
0.461596
0.187336
0.662
0.0724547
0.305547
0.662
0.662
0.662
0.224615
0.014646
0.193853
0.578349
0.171472
0.434799
0.662
0.169056
0.122705
0.289172
0.278091
0.350792
0.662
0.496265
0.475359
0.287576
0.0742692
0.662
0.662
0.662
0.662
0.662
0.662
0.662
0.662
0.662
0.440841
0.662
0.662
0.180122
0.325679
0.662
0.662
0.662
0.662
0.633391
0.662
0.662
0.4149
0.662
0.662
0.108526
0.314279
0.662
0.180214
0.662
0.239188
0.479692
0.662
0.217423
0.127471
0.0514552
0.662
0.662
0.662
0.662
0.0106274
0.662
0.471987
0.662
0.662
0.473408
0.662
0.321294
0.662
0.100704
0.662
0.181924
0.374715
0.294326
0.162768
0.662
0.662
0.431881
0.194472
0.662
0.431553
0.457633
0.262708
0.0664449
0.448626
0.422656
0.662
0.662
0.662
0.380229
0.662
0.662
0.175032
0.662
0.662
0.0174104
0.322804
0.662
0.262013
0.662
0.662
0.662
0.119506
0.662
0.662
0.662
0.662
0.662
0.662
0.265608
0.662
0.162912
0.662
0.171485
0.167862
0.662
0.662
0.377098
0.662
0.662
0.193891
0.662
0.662
0.400995
0.153736
0.0701752
0.172494
0.253125
0.662
0.662
0.662
0.190407
0.365261
0.662
0.662
0.28865
0.143969
0.0404434
0.362732
0.662
0.662
0.307055
0.273224
0.0617617
0.662
0.539163
0.236572
0.662
0.234771
0.662
0.211596
0.0399334
0.290662
0.662
0.662
0.312258
0.662
0.415055
0.279068
0.291367
0.343384
0.662
0.164884
0.222701
0.0365365
0.662
0.662
0.662
0.034984
0.395375
0.662
0.662
0.662
0.387253
0.30516
0.662
0.662
0.210174
0.348054
0.662
0.662
0.232225
0.662
0.662
0.29743
0.346994
0.662
0.662
0.662
0.0858227
0.137997
0.662
0.662
0.662
0.662
0.662
0.662
0.247236
0.662
0.222506
0.662
0.237038
0.662
0.662
0.662
0.662
0.662
0.662
0.662
0.138437
0.0554883
0.662
0.0125215
0.353263
0.618391
0.662
0.264154
0.662
0.662
0.314669
0.662
0.662
0.406835
0.662
0.484592
0.662
0.584275
0.662
0.662
0.208824
0.279814
0.662
0.280374
0.662
0.662
0.0105791
0.662
0.194244
0.662
0.138834
0.662
0.662
0.496637
0.484903
0.417053
0.662
0.567047
0.304353
0.662
0.662
0.0804353
0.662
0.662
0.163232
0.662
0.259175
0.5708
0.373689
0.662
0.662
0.662
0.00906615
0.662
0.662
0.662
0.0519734
0.139778
0.662
0.291077
0.662
0.662
0.662
0.409582
0.464846
0.662
0.0928476
0.662
0.030471
0.662
0.183947
0.320709
0.0661092
0.263133
0.320136
0.662
0.267171
0.122934
0.463795
0.662
0.515289
0.662
0.0249654
0.00158817
0.339118
0.164556
0.662
0.369576
0.235383
0.662
0.662
0.662
0.224703
0.662
0.361935
0.0987302
0.662
0.331352
0.254662
0.479488
0.662
0.199704
0.662
0.395214
0.662
0.662
0.662
0.304604
0.662
0.662
0.245502
0.662
0.445374
0.662
0.340347
0.143145
0.662
0.662
0.662
0.662
0.0678493
0.662
0.0710325
0.662
0.634292
0.0383018
0.662
0.474109
0.662
0.2557
0.662
0.360556
0.662
0.0175275
0.388724
0.662
0.186339
0.253288
0.662
0.662
0.230551
0.0994205
0.105303
0.662
0.0127285
0.644743
0.423616
0.265072
0.662
0.662
0.662
0.662
0.662
0.0172496
0.193582
0.662
0.191198
0.181921
0.662
0.201358
0.662
0.662
0.0837976
0.274456
0.38107
0.0994846
0.540246
0.662
0.662
0.14368
0.662
0.662
0.662
0.38443
0.446493
0.662
0.662
0.662
0.0452667
0.0435236
0.213518
0.662
0.509519
0.662
0.662
0.0975131
0.662
0.263545
0.662
0.662
0.662
0.662
0.662
0.32686
0.662
0.170961
0.662
0.374868
0.214872
0.662
0.662
0.386461
0.44194
0.662
0.33183
0.410798
0.0129907
0.662
0.662
0.329362
0.126227
0.662
0.429946
0.431961
0.662
0.443954
0.171553
0.463448
0.662
0.662
0.261274
0.477359
0.102904
0.0677463
0.164285
0.662
0.662
0.531932
0.178346
0.662
0.662
0.662
0.0573647
0.345924
0.0760148
0.662
0.199285
0.662
0.0634411
0.662
0.154624
0.452415
0.197647
0.176605
0.662
0.662
0.334302
0.170834
0.662
0.662
0.134616
0.511677
0.277651
0.445678
0.00948121
0.662
0.662
0.16968
0.662
