0.437409
0.102395
0.0987302
0.662
0.250489
0.0945841
0.662
0.662
0.282945
0.0388334
0.388908
0.346888
0.0425139
0.207621
0.475136
0.662
0.273224
0.662
0.0914439
0.259437
0.197379
0.662
0.229504
0.662
0.45574
0.309325
0.277841
0.28957
0.365325
0.662
0.662
0.0125215
0.0896153
0.319852
0.130928
0.662
0.616439
0.662
0.662
0.309581
0.662
0.176191
0.662
0.112225
0.662
0.662
0.470563
0.064402
0.198951
0.662
0.662
0.0883147
0.662
0.662
0.292963
0.143397
0.662
0.410755
0.662
0.662
0.417878
0.662
0.662
0.662
0.662
0.474109
0.662
0.662
0.0159462
0.662
0.662
0.662
0.348515
0.259975
0.662
0.309495
0.662
0.662
0.241946
0.0491808
0.662
0.460391
0.662
0.232054
0.569887
0.394664
0.39814
0.0452667
0.662
0.341864
0.662
0.0710325
0.662
0.662
0.662
0.269449
0.662
0.351259
0.365523
0.0207495
0.662
0.428978
0.662
0.137997
0.662
0.324113
0.662
0.662
0.210488
0.307794
0.662
0.354367
0.662
0.129666
0.34819
0.256561
0.578014
0.103808
0.360849
0.0994846
0.662
0.125952
0.662
0.662
0.662
0.118613
0.356012
0.254841
0.197324
0.268241
0.457426
0.662
0.321354
0.263862
0.662
0.662
0.156431
0.559244
0.662
0.234362
0.187833
0.0789551
0.662
0.440772
0.662
0.453397
0.662
0.429301
0.662
0.0978864
0.428239
0.662
0.317463
0.662
0.662
0.389413
0.218546
0.662
0.662
0.33538
0.3733
0.29743
0.242837
0.19175
0.662
0.251209
0.416217
0.245128
0.662
0.662
0.0122015
0.290563
0.662
0.542214
0.662
0.203455
0.662
0.662
0.357981
0.662
0.440841
0.455081
0.662
0.662
0.411934
0.662
0.662
0.194297
0.230338
0.284874
0.42908
0.0693152
0.131406
0.662
0.662
0.662
0.662
0.662
0.662
0.662
0.199704
0.662
0.662
0.391198
0.662
0.650995
0.369887
0.378607
0.354536
0.662
0.662
0.336334
0.662
0.211481
0.223998
0.662
0.662
0.662
0.281549
0.471777
0.350407
0.662
0.255165
0.405038
0.662
0.452178
0.298533
0.371816
0.012878
0.589749
0.228265
0.662
0.390653
0.662
0.253251
0.431881
0.662
0.408937
0.662
0.460211
0.662
0.259018
0.662
0.354248
0.662
0.662
0.210971
0.403224
0.662
0.662
0.662
0.662
0.662
0.48925
0.215424
0.662
0.268964
0.110983
0.346524
0.662
0.270461
0.115013
0.662
0.395113
0.662
0.232335
0.410968
0.450114
0.28705
0.662
0.662
0.565027
0.662
0.662
0.172494
0.368954
0.484592
0.662
0.268986
0.662
0.265266
0.470873
0.205294
0.662
0.22826
0.662
0.662
0.249227
0.662
0.642725
0.662
0.662
0.662
0.662
0.662
0.662
0.468639
0.134616
0.662
0.662
0.268393
0.662
0.662
0.234478
0.662
0.32102
0.662
0.279495
0.515496
0.662
0.662
0.662
0.662
0.662
0.662
0.662
0.662
0.200552
0.437972
0.662
0.540246
0.462497
0.504337
0.303682
0.662
0.662
0.36322
0.662
0.662
0.623442
0.662
0.511677
0.662
0.662
0.662
0.662
0.662
0.662
0.662
0.662
0.453201
0.662
0.662
0.385393
0.448238
0.662
0.416257
0.662
0.116689
0.662
0.221085
0.662
0.662
0.342637
0.276424
0.429552
0.662
0.0991178
0.662
0.662
0.259651
0.566693
0.633695
0.265608
0.662
0.253559
0.662
0.662
0.662
0.308003
0.123031
0.385322
0.662
0.168148
0.114005
0.662
0.662
0.662
0.662
0.662
0.662
0.662
0.364667
0.175307
0.662
0.662
0.183728
0.464992
0.662
0.662
0.662
0.168697
0.274263
0.437573
0.120271
0.662
0.613308
0.662
0.0657805
0.662
0.662
0.662
0.192873
0.439091
0.662
0.210116
0.662
0.662
0.601004
0.662
0.614341
0.662
0.294094
0.326813
0.0106274
0.198062
0.662
0.662
0.662
0.662
0.361832
0.662
0.662
0.262816
0.662
0.26141
0.160318
0.131806
0.662
0.662
0.662
0.0603655
0.662
0.662
0.662
0.10228
0.662
0.290599
0.662
0.662
0.338351
0.662
0.44733
0.355101
0.662
0.662
0.662
0.210534
0.0236797
0.388155
0.483513
0.662
0.38443
0.662
0.162812
0.390596
0.662
0.238985
0.662
0.662
0.662
0.662
0.483063
0.0874573
0.572141
0.353205
0.662
0.662
0.662
0.108586
0.662
0.662
0.662
0.347656
0.0519734
0.21682
0.347934
0.662
0.0147245
0.0709442
0.662
0.233749
0.287518
0.296514
0.00158817
0.662
0.662
0.662
0.485507
0.662
0.211782
0.662
