0.241708
0.470873
0.253251
0.662
0.662
0.44733
0.210971
0.662
0.662
0.662
0.437409
0.137997
0.662
0.251209
0.662
0.385393
0.390653
0.662
0.662
0.453201
0.341864
0.662
0.662
0.0159462
0.519758
0.662
0.662
0.0491808
0.662
0.205895
0.448238
0.662
0.0973378
0.662
0.662
0.662
0.42908
0.475136
0.662
0.662
0.662
0.307794
0.186195
0.281549
0.542214
0.662
0.662
0.162812
0.662
0.662
0.483513
0.259815
0.0447537
0.662
0.00638018
0.464992
0.662
0.115013
0.662
0.662
0.662
0.662
0.662
0.662
0.270461
0.662
0.19175
0.218546
0.204052
0.290599
0.188376
0.662
0.474109
0.394664
0.256561
0.578014
0.120271
0.662
0.662
0.319852
0.662
0.662
0.259651
0.662
0.662
0.662
0.662
0.662
0.662
0.662
0.601004
0.662
0.309495
0.303534
0.662
0.108586
0.662
0.662
0.662
0.662
0.176191
0.330492
0.662
0.662
0.0579286
0.356012
0.662
0.294094
0.131952
0.0709442
0.468639
0.662
0.364667
0.131406
0.485507
0.662
0.45574
0.282945
0.308003
0.0147245
0.662
0.143397
0.662
0.259018
0.296514
0.662
0.116689
0.211782
0.662
0.347656
0.205294
0.662
0.455081
0.483063
0.110983
0.569887
0.662
0.429552
0.662
0.410968
0.662
0.662
0.662
0.233749
0.662
0.662
0.662
0.385277
0.662
0.662
0.662
0.662
0.32412
0.662
0.662
0.172494
0.662
0.255165
0.662
0.662
0.662
0.390596
0.662
0.662
0.662
0.662
0.388155
0.0217922
0.57264
0.662
0.662
0.662
0.662
0.33538
0.439091
0.662
0.662
0.0874573
0.26141
0.123031
0.279495
0.662
0.0451344
0.662
0.662
0.614341
0.28705
0.22826
0.554309
0.662
0.437972
0.662
0.405478
0.662
0.662
0.354536
0.287518
0.662
0.547775
0.662
0.0657805
0.662
0.198062
0.662
0.662
0.249227
0.662
0.30753
0.662
0.361832
0.247856
0.326813
0.20985
0.317463
0.0415477
0.662
0.0991178
0.274263
0.198951
0.428239
0.662
0.662
0.457426
0.662
0.662
0.303682
0.197324
0.114005
0.460391
0.348515
0.662
0.662
0.662
0.560178
0.150354
0.662
0.277841
0.449935
0.662
0.662
0.15482
0.662
0.662
0.168697
0.265266
0.662
0.662
0.572141
0.48925
0.662
0.662
0.662
0.662
0.662
0.662
0.428978
0.662
0.0388334
0.662
0.0425139
0.0935053
0.368954
0.662
0.354248
0.149822
0.452178
0.215424
0.601943
0.662
0.662
0.0914439
0.662
0.192873
0.0125215
0.662
0.662
0.10228
0.411934
0.662
0.662
0.623442
0.273224
0.662
0.265608
0.662
0.662
0.662
0.38443
0.262816
0.353205
0.662
0.450114
0.662
0.336295
0.662
0.662
0.167492
0.559244
0.662
0.662
0.662
0.199704
0.662
0.662
0.662
0.662
0.662
0.662
0.0603655
0.125952
0.45001
0.662
0.662
0.464318
0.662
0.245128
0.3115
0.662
0.511677
0.160318
0.411809
0.242837
0.0106274
0.662
0.504337
0.662
0.118613
0.662
0.650995
0.662
0.662
0.662
0.268241
0.34819
0.234362
0.39814
0.662
0.662
0.662
0.456115
0.203455
0.0789551
0.662
0.292963
0.662
0.662
0.662
0.405038
0.175307
0.662
0.403224
0.662
0.662
0.662
0.662
0.662
0.462497
0.1564
0.662
0.253559
0.156431
0.662
0.662
0.662
0.484592
0.662
0.284874
0.662
0.0710325
0.662
0.263656
0.662
0.662
0.662
0.32102
0.0122015
0.284819
0.662
0.232054
0.365523
0.662
0.336334
0.360849
0.221085
0.662
0.417878
0.662
0.662
0.232335
0.276424
0.662
0.662
0.662
0.228265
0.346524
0.662
0.0207495
0.662
0.0945841
0.662
0.662
0.355101
0.103808
0.012878
0.223998
0.662
0.662
0.662
0.662
0.183728
0.662
0.351259
0.241946
0.662
0.662
0.662
0.0519734
0.365325
0.662
0.662
0.662
0.662
0.662
0.211481
0.259975
0.357981
0.662
0.662
0.0452667
0.662
0.417879
0.662
0.662
0.662
0.662
0.662
0.633695
0.298533
0.28957
0.662
0.309325
0.662
0.662
0.131806
0.506094
0.321354
0.385696
0.187833
0.662
0.662
0.662
0.662
0.662
0.347934
0.454777
0.632469
0.290563
0.3733
0.662
0.268986
0.210116
0.395113
0.00158817
0.662
0.350407
0.0883147
0.662
0.413805
0.29743
0.0208853
0.234478
0.662
0.346888
0.168148
0.129666
0.311208
0.662
0.130928
0.662
0.440772
0.662
0.349706
0.416257
0.453397
0.662
0.662
0.197379
0.662
0.662
0.662
0.0975131
0.0220952
0.662
