0.662
0.662
0.662
0.466889
0.289563
0.386872
0.00515822
0.318694
0.227259
0.662
0.662
0.0875806
0.662
0.171992
0.662
0.662
0.192837
0.00117009
0.139112
0.132499
0.662
0.662
0.662
0.429313
0.226592
0.318858
0.662
0.300605
0.662
0.662
0.657997
0.155223
0.128089
0.307116
0.662
0.662
0.662
0.202261
0.662
0.662
0.662
0.662
0.662
0.470425
0.474422
0.383491
0.662
0.662
0.662
0.662
0.662
0.0460174
0.662
0.45661
0.292281
0.662
0.27461
0.662
0.662
0.662
0.333622
0.662
0.662
0.14162
0.284912
0.662
0.0359699
0.662
0.0257689
0.662
0.0901932
0.662
0.662
0.662
0.662
0.136387
0.662
0.662
0.662
0.425152
0.662
0.662
0.662
0.582025
0.108104
0.662
0.662
0.0515843
0.137726
0.662
0.389037
0.291926
0.662
0.662
0.309263
0.0660294
0.662
0.662
0.662
0.662
0.42442
0.231619
0.407088
0.469862
0.662
0.22769
0.184788
0.360315
0.0956854
0.348505
0.662
0.610361
0.0928617
0.662
0.470903
0.662
0.310482
0.662
0.662
0.370063
0.364113
0.662
0.662
0.366318
0.662
0.0243038
0.662
0.198586
0.424651
0.320761
0.662
0.27501
0.475659
0.269533
0.394843
0.662
0.0940552
0.427022
0.662
0.63205
0.662
0.295232
0.662
0.461877
0.3848
0.0345
0.102262
0.662
0.0848868
0.286327
0.141972
0.662
0.381773
0.175775
0.662
0.662
0.198092
0.483686
0.022884
0.662
0.438931
0.662
0.158218
0.205607
0.40434
0.662
0.662
0.662
0.495769
0.322069
0.390041
0.209868
0.662
0.392393
0.352302
0.449602
0.343007
0.369375
0.000548279
0.389471
0.440437
0.662
0.282838
0.0584461
0.662
0.662
0.309374
0.0118434
0.662
0.662
0.4409
0.662
0.449514
0.558432
0.662
0.307665
0.662
0.662
0.662
0.256305
0.662
0.442485
0.662
0.390502
0.662
0.442035
0.377525
0.662
0.33136
0.0866119
0.344813
0.662
0.662
0.419339
0.662
0.662
0.662
0.662
0.662
0.298697
0.662
0.224309
0.662
0.662
0.662
0.662
0.662
0.662
0.662
0.260951
0.662
0.662
0.662
0.227041
0.354253
0.662
0.395277
0.330345
0.662
0.198506
0.662
0.662
0.662
0.50471
0.662
0.415688
0.662
0.0525705
0.662
0.662
0.425647
0.662
0.465939
0.436715
0.662
0.25028
0.205024
0.662
0.662
0.662
0.662
0.662
0.217373
0.516027
0.662
0.662
0.435081
0.662
0.662
0.156593
0.348315
0.662
0.509569
0.466404
0.448021
0.662
0.662
0.662
0.237265
0.662
0.0479847
0.662
0.33692
0.662
0.662
0.556681
0.662
0.326141
0.294052
0.662
0.662
0.213517
0.363689
0.25723
0.329916
0.662
0.22214
0.526762
0.0485256
0.263701
0.662
0.662
0.0554073
0.319518
0.662
0.00853099
0.662
0.511205
0.295741
0.190249
0.202328
0.285357
0.662
0.662
0.662
0.662
0.662
0.408462
0.318409
0.374095
0.294699
0.159308
0.0562994
0.275577
0.662
0.662
0.327102
0.0234045
0.412264
0.662
0.43918
0.662
0.101959
0.0204456
0.662
0.466531
0.662
0.662
0.662
0.662
0.179017
0.662
0.367326
0.119163
0.191355
0.662
0.301173
0.275521
0.662
0.662
0.407541
0.662
0.220644
0.662
0.127864
0.0180787
0.387472
0.662
0.330072
0.399139
0.47108
0.498135
0.215589
0.662
0.662
0.0526643
0.421072
0.662
0.662
0.332924
0.662
0.191998
0.662
0.662
0.329115
0.377445
0.662
0.288433
0.662
0.298745
0.483787
0.662
0.662
0.0591804
0.196237
0.662
0.592885
0.662
0.289112
0.0349821
0.662
0.0316604
0.409873
0.662
0.662
0.662
0.662
0.662
0.0565287
0.253483
0.662
0.662
0.47718
0.662
0.662
0.212823
0.307178
0.662
0.462086
0.281359
0.13289
0.119226
0.662
0.662
0.057368
0.228683
0.662
0.662
0.662
0.662
0.392899
0.662
0.307059
0.662
0.0379905
0.662
0.662
0.183648
0.461718
0.1681
0.157725
0.662
0.305156
0.662
0.662
0.662
0.12208
0.662
0.273066
0.616352
0.662
0.386337
0.347073
0.281633
0.407269
0.316076
0.0212225
0.324342
0.0584869
0.662
0.0977402
0.0603976
0.412936
0.662
0.662
0.308193
0.662
0.0532168
0.352194
0.289183
0.490837
0.486842
0.662
0.662
0.662
0.429319
0.200423
0.662
0.474836
0.586221
0.0107377
0.357461
0.226484
0.662
0.662
0.381981
0.0256051
0.416222
0.396711
0.100712
0.337547
0.662
0.402434
0.175802
0.181748
0.111109
0.662
0.41794
0.368355
0.662
0.467714
0.136466
0.662
0.437965
0.370494
0.171892
0.307852
0.447194
0.39992
0.662
0.417165
0.662
0.660921
0.662
0.436093
0.662
0.662
0.160721
0.361093
0.0486326
0.364011
0.662
0.662
0.662
0.349802
0.135899
0.0376379
0.662
0.662
0.662
0.662
0.662
0.662
0.662
0.662
0.428516
0.220802
0.430034
0.475585
0.309887
0.662
0.426058
0.262819
0.662
0.662
0.242858
0.281759
0.264954
0.662
0.455178
0.469787
0.2717
0.0463167
0.0447307
0.230855
0.662
0.662
0.662
0.222717
0.662
0.337831
0.175667
0.22794
0.662
0.127405
0.609837
0.662
0.59596
0.662
0.11768
0.662
0.291253
0.418817
0.662
0.662
0.662
0.179104
0.662
0.662
0.662
0.0439289
0.662
0.662
0.662
0.662
0.662
0.481447
0.0493545
0.188564
0.662
0.212004
0.23235
