0.0425139
0.662
0.118773
0.285213
0.662
0.0372565
0.662
0.662
0.662
0.546749
0.334852
0.662
0.149399
0.662
0.322274
0.662
0.235583
0.273092
0.0520638
0.649103
0.094355
0.662
0.662
0.442365
0.662
0.390653
0.259975
0.662
0.662
0.662
0.662
0.662
0.436591
0.00612718
0.408311
0.662
0.309495
0.450317
0.0727242
0.662
0.662
0.662
0.662
0.662
0.662
0.662
0.662
0.662
0.056012
0.311225
0.662
0.662
0.662
0.283196
0.0684159
0.662
0.662
0.163854
0.662
0.662
0.662
0.662
0.662
0.236284
0.632029
0.0826139
0.662
0.662
0.662
0.185762
0.146601
0.662
0.662
0.559244
0.347934
0.662
0.662
0.662
0.360471
0.662
0.662
0.228265
0.397265
0.052014
0.662
0.662
0.223902
0.662
0.662
0.662
0.662
0.662
0.662
0.472629
0.662
0.662
0.662
0.226492
0.662
0.662
0.483513
0.317463
0.662
0.204052
0.662
0.662
0.662
0.662
0.662
0.371478
0.662
0.662
0.11516
0.631972
0.489969
0.00147091
0.662
0.0174066
0.662
0.662
0.277753
0.168219
0.662
0.253251
0.662
0.662
0.662
0.325284
0.662
0.156915
0.221471
0.662
0.662
0.662
0.662
0.136187
0.662
0.210971
0.662
0.287518
0.662
0.662
0.0280606
0.0383762
0.662
0.514617
0.662
0.662
0.662
0.00448418
0.332056
0.0843565
0.270554
0.662
0.662
0.662
0.333475
0.662
0.662
0.662
0.662
0.00501712
0.662
0.245128
0.157428
0.603573
0.662
0.25129
0.662
0.662
0.662
0.156264
0.662
0.0527934
0.0208853
0.44733
0.484114
0.0697124
0.662
0.306769
0.0559519
0.359636
0.662
0.314678
0.187913
0.14401
0.456891
0.258267
0.662
0.662
0.44862
0.395496
0.472243
0.426568
0.662
0.662
0.662
0.662
0.662
0.662
0.662
0.662
0.662
0.614341
0.662
0.662
0.411934
0.632469
0.280559
0.662
0.662
0.267663
0.662
0.662
0.390651
0.662
0.662
0.662
0.662
0.662
0.662
0.662
0.662
0.662
0.662
0.320328
0.0520075
0.490213
0.662
0.16929
0.404969
0.662
0.662
0.321886
0.662
0.10102
0.662
0.274242
0.131952
0.0471063
0.662
0.662
0.662
0.662
0.283154
0.287251
0.26487
0.475425
0.179395
0.438728
0.123031
0.662
0.164927
0.662
0.0950634
0.106501
0.379959
0.662
0.386865
0.662
0.662
0.108366
0.142125
0.662
0.662
0.662
0.662
0.133968
0.129666
0.662
0.662
0.662
0.662
0.662
0.172558
0.469975
0.662
0.662
0.462511
0.662
0.0394854
0.662
0.662
0.662
0.662
0.662
0.662
0.662
0.203576
0.099053
0.143489
0.178126
0.179341
0.662
0.662
0.662
0.662
0.0437151
0.185109
0.588273
0.0828864
0.662
0.498671
0.662
0.331688
0.244028
0.186808
0.112498
0.662
0.662
0.0156608
0.137458
0.161417
0.0945841
0.662
0.662
0.662
0.662
0.17762
0.465083
0.13104
0.448238
0.662
0.0603173
0.662
0.131799
0.662
0.662
0.162812
0.662
0.662
0.393983
0.211481
0.197909
0.662
0.0806799
0.662
0.662
0.287681
0.662
0.662
0.662
0.307794
0.0946702
0.395491
0.0772924
0.0135971
0.453431
0.25584
0.662
0.662
0.662
0.254512
0.662
0.0874573
0.662
0.350407
0.662
0.662
0.286611
0.371904
0.662
0.317939
0.662
0.243228
0.662
0.662
0.662
0.662
0.662
0.662
0.662
0.344004
0.408915
0.662
0.662
0.0724555
0.662
0.662
0.662
0.342899
0.662
0.584651
0.177132
0.123256
0.662
0.662
0.374941
0.662
0.0147245
0.571013
0.0994658
0.662
0.662
0.25631
0.0299423
0.453201
0.662
0.662
0.464318
0.316195
0.110879
0.662
0.036817
0.106224
0.478006
0.662
0.662
0.662
0.131436
0.434585
0.160318
0.439091
0.662
0.422646
0.662
0.662
0.662
0.662
0.601308
0.662
0.123789
0.662
0.323984
0.29608
0.075386
0.0207887
0.230605
0.662
0.662
0.356023
0.0943889
0.27641
0.662
0.662
0.662
0.177958
0.263051
0.436753
0.662
0.662
0.46804
0.115013
0.0159462
0.662
0.0792337
0.450778
0.662
0.662
0.662
0.662
0.662
0.0297537
0.662
0.662
0.197379
0.662
0.662
0.319059
0.662
0.662
0.662
0.472929
0.075007
0.662
0.662
0.0847862
0.27047
0.662
0.226167
0.376158
0.459613
0.662
0.662
0.662
0.0313716
0.662
0.662
0.118613
0.26301
0.274263
0.23993
0.128155
0.662
0.182016
