0.11025
0.662
0.662
0.295422
0.662
0.662
0.00414672
0.566834
0.662
0.662
0.662
0.662
0.662
0.662
0.662
0.662
0.662
0.662
0.565837
0.662
0.662
0.23607
0.662
0.0591804
0.662
0.662
0.662
0.662
0.662
0.662
0.662
0.662
0.410259
0.662
0.339392
0.662
0.249137
0.662
0.662
0.656122
0.453576
0.132085
0.391351
0.662
0.662
0.662
0.662
0.662
0.420583
0.662
0.662
0.154541
0.125168
0.252188
0.662
0.662
0.662
0.262938
0.371479
0.318225
0.246467
0.662
0.662
0.114473
0.662
0.0634108
0.662
0.662
0.361688
0.662
0.662
0.662
0.662
0.662
0.620074
0.0451332
0.662
0.391712
0.516027
0.0258084
0.662
0.662
0.662
0.662
0.662
0.662
0.295576
0.662
0.662
0.185829
0.662
0.09776
0.662
0.0256207
0.662
0.662
0.2312
0.497451
0.181102
0.662
0.37097
0.662
0.662
0.202093
0.273945
0.662
0.662
0.426937
0.662
0.662
0.662
0.662
0.0296906
0.662
0.211274
0.341263
0.573692
0.662
0.662
0.64058
0.662
0.662
0.644458
0.427505
0.354695
0.377614
0.662
0.381475
0.449033
0.262191
0.0484207
0.0688553
0.662
0.662
0.141972
0.662
0.33001
0.300056
0.0804678
0.662
0.662
0.230456
0.129771
0.468316
0.662
0.662
0.451656
0.403175
0.662
0.335171
0.411516
0.0693599
0.122621
0.662
0.0630945
0.662
0.662
0.662
0.662
0.662
0.662
0.662
0.662
0.309263
0.662
0.662
0.27616
0.0866119
0.593508
0.662
0.662
0.662
0.662
0.662
0.662
0.00707941
0.662
0.116821
0.662
0.662
0.033021
0.662
0.662
0.454875
0.662
0.365888
0.662
0.15683
0.662
0.293187
0.421642
0.662
0.662
0.662
0.662
0.662
0.254875
0.662
0.222063
0.249254
0.662
0.662
0.241457
0.0878413
0.475192
0.662
0.347576
0.202541
0.662
0.662
0.0447307
0.662
0.662
0.215118
0.525781
0.662
0.271669
0.449752
0.600761
0.662
0.662
0.662
0.470098
0.398547
0.662
0.172272
0.355061
0.662
0.662
0.662
0.662
0.662
0.438455
0.662
0.415297
0.662
0.662
0.0376448
0.0522138
0.662
0.0100624
0.355574
0.23557
0.207279
0.662
0.0547014
0.662
0.662
0.257291
0.662
0.662
0.662
0.469796
0.0396182
0.325888
0.662
0.328198
0.540249
0.0809859
0.376184
0.662
0.662
0.136387
0.231619
0.662
0.380278
0.201111
0.462086
0.662
0.296126
0.662
0.662
0.261949
0.071028
0.389516
0.355598
0.662
0.662
0.0389411
0.662
0.662
0.662
0.551632
0.662
0.382425
0.662
0.662
0.662
0.429986
0.662
0.46269
0.611482
0.20593
0.662
0.662
0.177605
0.232065
0.477462
0.662
0.662
0.662
0.487056
0.362177
0.41794
0.662
0.662
0.662
0.310834
0.0284525
0.662
0.193758
0.396369
0.662
0.335817
0.662
0.240039
0.662
0.206937
0.222037
0.662
0.0983574
0.662
0.662
0.155945
0.662
0.662
0.44746
0.313763
0.662
0.500488
0.662
0.3848
0.662
0.662
0.605087
0.425179
0.662
0.175055
0.662
0.662
0.662
0.662
0.186963
0.662
0.461109
0.437212
0.562072
0.662
0.662
0.360868
0.0446163
0.662
0.18665
0.230855
0.662
0.662
0.260192
0.0271729
0.0902964
0.0517266
0.249303
0.662
0.662
0.662
0.145447
0.662
0.093261
0.39992
0.36404
0.662
0.128834
0.662
0.662
0.303443
0.208127
0.300776
0.662
0.197748
0.0204456
0.662
0.645382
0.662
0.662
0.662
0.204097
0.662
0.437035
0.327781
0.467791
0.464516
0.259507
0.0712827
0.326141
0.662
0.662
0.557448
0.662
0.662
0.662
0.00957479
0.0902774
0.0717946
0.289221
0.662
0.251732
0.111346
0.662
0.208247
0.500243
0.662
0.512198
0.25059
0.220802
0.124652
0.413563
0.00659544
0.306471
0.662
0.415598
0.389989
0.662
0.222468
0.41329
0.136466
0.662
0.371868
0.118636
0.144582
0.297766
0.662
0.662
0.0879011
0.30305
0.662
0.333246
0.662
0.394841
0.161029
0.662
0.662
0.662
0.662
0.0525135
0.491547
0.662
0.662
0.17127
0.662
0.216695
0.662
0.662
0.662
0.662
0.160142
0.0168572
0.662
0.662
0.203817
0.0573961
0.496331
0.662
0.47183
0.420367
0.547977
0.662
0.0417634
0.662
0.662
0.662
0.662
0.367086
0.662
0.183336
0.562161
0.0210942
0.0366038
0.143046
0.545862
0.0974983
0.662
0.662
0.662
0.662
0.555092
0.192029
0.467821
0.662
0.381901
0.212673
0.252489
0.662
0.00820182
0.462873
0.162075
0.662
0.349802
0.217373
0.460386
0.566797
0.662
0.662
0.347987
0.662
0.662
0.662
0.0926618
0.662
0.662
0.662
0.12982
0.149168
0.361268
0.341268
0.0824422
0.261829
0.662
0.240083
0.662
0.662
0.207171
0.36649
0.662
0.240204
0.662
0.662
0.662
0.662
0.362694
0.662
0.662
0.662
0.662
0.595047
0.662
0.662
0.398062
0.311605
0.384903
0.444655
0.138005
0.662
0.662
0.0218143
0.662
0.179337
0.662
0.108176
0.662
0.443785
0.662
0.662
0.352457
0.662
0.381253
0.662
0.662
0.662
0.405695
0.662
0.0439289
0.662
0.662
0.483985
0.169384
0.0465478
0.662
0.123668
0.662
0.662
0.460243
0.662
0.448163
0.0893426
0.0299002
0.662
0.662
0.662
0.333115
0.662
0.662
0.662
0.00329163
0.662
0.421243
