0.662
0.662
0.198902
0.662
0.662
0.202611
0.662
0.176307
0.192068
0.254818
0.662
0.355046
0.662
0.662
0.662
0.266988
0.0717522
0.662
0.662
0.662
0.662
0.662
0.461173
0.662
0.662
0.662
0.378647
0.300455
0.435219
0.662
0.197483
0.662
0.662
0.662
0.357827
0.40815
0.662
0.662
0.662
0.662
0.473985
0.113239
0.377923
0.662
0.662
0.662
0.662
0.39112
0.356773
0.0580038
0.379312
0.662
0.662
0.662
0.662
0.662
0.662
0.662
0.148302
0.662
0.662
0.662
0.662
0.206172
0.662
0.662
0.662
0.384626
0.662
0.572607
0.0105267
0.662
0.662
0.662
0.662
0.662
0.297235
0.662
0.136505
0.317672
0.46729
0.662
0.662
0.0199133
0.662
0.384964
0.662
0.662
0.462957
0.0308756
0.662
0.0932697
0.312819
0.0551165
0.662
0.281143
0.662
0.662
0.662
0.490085
0.662
0.115941
0.08257
0.401618
0.288017
0.662
0.662
0.662
0.662
0.236041
0.662
0.662
0.662
0.662
0.662
0.14393
0.662
0.186073
0.452043
0.662
0.558111
0.662
0.0357231
0.662
0.662
0.662
0.356727
0.219261
0.145259
0.662
0.662
0.662
0.662
0.662
0.443526
0.662
0.662
0.662
0.0985774
0.476677
0.42405
0.662
0.0276927
0.0902583
0.160296
0.662
0.662
0.414991
0.0173441
0.662
0.286688
0.427686
0.662
0.662
0.316429
0.45511
0.662
0.475284
0.650961
0.662
0.249117
0.279845
0.434486
0.662
0.662
0.662
0.0414669
0.633391
0.0506077
0.39794
0.222682
0.40188
0.662
0.662
0.177536
0.662
0.662
0.662
0.236805
0.662
0.0473148
0.662
0.662
0.662
0.662
0.662
0.184458
0.489726
0.476728
0.662
0.662
0.596804
0.0550184
0.334178
0.363788
0.452706
0.514587
0.662
0.149416
0.662
0.662
0.351992
0.662
0.21225
0.369626
0.662
0.391301
0.662
0.662
0.662
0.127983
0.662
0.0477503
0.400255
0.363269
0.662
0.109857
0.535668
0.190561
0.662
0.662
0.662
0.662
0.075308
0.592991
0.662
0.146618
0.148238
0.662
0.662
0.662
0.662
0.662
0.662
0.0298758
0.662
0.183776
0.662
0.3651
0.662
0.662
0.455202
0.486255
0.662
0.552667
0.662
0.14365
0.115605
0.662
0.350973
0.225508
0.662
0.327981
0.662
0.662
0.11017
0.148496
0.662
0.265431
0.662
0.318441
0.316159
0.662
0.614678
0.662
0.662
0.39507
0.066711
0.00659879
0.0187514
0.662
0.662
0.662
0.662
0.662
0.223642
0.662
0.33509
0.362928
0.638184
0.385368
0.662
0.662
0.662
0.662
0.662
0.265638
0.190968
0.255125
0.662
0.662
0.173472
0.662
0.662
0.20953
0.37388
0.0436717
0.266714
0.662
0.367561
0.437607
0.140881
0.569113
0.662
0.147449
0.325479
0.390957
0.022478
0.662
0.662
0.662
0.238372
0.662
0.137626
0.112036
0.256912
0.662
0.0431517
0.247341
0.409686
0.592232
0.662
0.662
0.474585
0.662
0.515935
0.662
0.524726
0.263655
0.662
0.662
0.662
0.311353
0.50017
0.662
0.662
0.662
0.134276
0.490837
0.662
0.0757176
0.0819067
0.662
0.357516
0.662
0.347981
0.662
0.662
0.662
0.112888
0.397449
0.662
0.662
0.0295898
0.0424564
0.662
0.284003
0.662
0.662
0.662
0.135089
0.662
0.662
0.662
0.662
0.662
0.662
0.293579
0.662
0.662
0.114154
0.112808
0.253375
0.136694
0.662
0.662
0.662
0.662
0.662
0.259345
0.2087
0.662
0.662
0.258825
0.662
0.375221
0.269707
0.0864196
0.662
0.662
0.230998
0.0204576
0.662
0.433393
0.337199
0.366408
0.287878
0.662
0.0105403
0.377364
0.662
0.190895
0.184069
0.477771
0.662
0.472777
0.246083
0.160721
0.220983
0.122366
0.662
0.416969
0.662
0.662
0.662
0.662
0.662
0.0795905
0.662
0.289518
0.662
0.662
0.415095
0.662
0.662
0.463204
0.662
0.662
0.662
0.662
0.662
0.662
0.292201
0.197476
0.662
0.128301
0.662
0.662
0.662
0.662
0.662
0.662
0.662
0.662
0.341255
0.0975541
0.662
0.662
0.662
0.662
0.662
0.205862
0.328539
0.662
0.424436
0.662
0.662
0.131885
0.243942
0.353047
0.662
0.350415
0.662
0.662
0.340464
0.662
0.662
0.112069
0.662
0.262049
0.219783
0.662
0.290936
0.421282
0.662
0.662
0.662
0.662
0.662
0.45743
0.268878
0.35751
0.453725
0.18134
0.493387
0.662
0.327992
0.662
0.16331
0.289659
0.39864
0.662
0.246543
0.0339588
0.156749
0.662
0.662
0.525211
0.662
0.0271734
0.0287814
0.31769
0.662
0.662
0.662
0.0266976
0.662
0.662
0.662
0.662
0.662
0.256228
0.662
0.235589
0.662
0.662
0.418985
0.662
0.0670107
0.0633925
0.324169
0.662
0.249439
0.0132848
0.384351
0.0964967
0.662
0.368954
0.0665399
0.247248
0.436987
0.662
0.662
0.289794
0.0433755
0.662
0.662
0.225314
0.396949
0.662
0.662
0.662
0.534352
0.662
0.0414993
0.454618
0.0439431
0.662
0.662
0.662
0.662
0.449572
0.662
0.662
0.153988
0.236691
0.662
0.27324
0.371582
0.416531
0.662
0.158069
0.522071
0.208872
0.662
0.409525
0.662
0.158131
0.0910472
0.662
0.662
0.662
0.662
0.662
0.0702558
0.662
0.662
0.662
0.301769
0.297093
0.475485
0.140744
0.0175764
0.294473
0.263423
0.16546
0.178179
0.190148
0.158984
0.0786614
0.662
0.429066
0.480779
0.662
0.662
0.662
0.662
0.438929
0.34921
0.118981
0.662
0.454149
0.397143
0.61491
0.662
0.119083
0.260077
0.0986368
0.662
0.198119
0.598442
0.662
0.424953
0.662
0.662
0.0108082
