0.662
0.662
0.0869648
0.662
0.0443063
0.662
0.662
0.417452
0.153472
0.12739
0.222397
0.662
0.662
0.174745
0.377456
0.317011
0.0711785
0.662
0.662
0.662
0.662
0.225834
0.208093
0.428488
0.662
0.57965
0.0329509
0.450906
0.662
0.662
0.662
0.449765
0.662
0.662
0.662
0.662
0.175422
0.474736
0.662
0.197196
0.662
0.662
0.662
0.662
0.132705
0.291657
0.621454
0.361578
0.662
0.355005
0.662
0.264421
0.662
0.662
0.240097
0.662
0.213559
0.0881978
0.0579131
0.29945
0.233535
0.662
0.623133
0.027516
0.662
0.662
0.018925
0.662
0.0720778
0.0766544
0.662
0.27046
0.200727
0.238036
0.147337
0.662
0.325065
0.126431
0.0911212
0.662
0.662
0.520576
0.662
0.285617
0.662
0.256407
0.662
0.32182
0.376467
0.219228
0.373212
0.662
0.662
0.469124
0.662
0.662
0.662
0.424115
0.662
0.426197
0.380078
0.146095
0.278362
0.366349
0.451476
0.14501
0.597979
0.662
0.37096
0.662
0.662
0.342367
0.662
0.248866
0.662
0.662
0.125784
0.662
0.662
0.662
0.662
0.284469
0.45684
0.662
0.48567
0.176745
0.443308
0.194866
0.417096
0.662
0.0595949
0.662
0.662
0.171355
0.662
0.602987
0.662
0.662
0.278698
0.662
0.662
0.369244
0.0934822
0.339879
0.662
0.662
0.662
0.240919
0.662
0.186995
0.662
0.26795
0.662
0.662
0.399916
0.662
0.485221
0.662
0.662
0.662
0.662
0.662
0.662
0.47976
0.449083
0.662
0.662
0.44973
0.352304
0.0111872
0.662
0.662
0.273512
0.206767
0.662
0.374833
0.662
0.436156
0.145535
0.108041
0.662
0.495919
0.662
0.662
0.662
0.662
0.662
0.662
0.662
0.662
0.662
0.662
0.148583
0.662
0.662
0.623151
0.662
0.287268
0.119471
0.662
0.195568
0.662
0.200618
0.662
0.389219
0.372298
0.328884
0.662
0.50449
0.662
0.662
0.662
0.252309
0.662
0.387466
0.662
0.385164
0.662
0.162023
0.172924
0.316508
0.155881
0.424684
0.200646
0.295249
0.453791
0.624709
0.332274
0.662
0.292668
0.274692
0.212376
0.254717
0.112856
0.276741
0.662
0.662
0.662
0.259611
0.532491
0.662
0.320736
0.662
0.662
0.662
0.662
0.662
0.662
0.662
0.662
0.0576316
0.336326
0.662
0.388948
0.387952
0.487498
0.662
0.454537
0.662
0.662
0.662
0.662
0.429294
0.343207
0.662
0.0800235
0.308432
0.662
0.335793
0.662
0.662
0.466042
0.662
0.662
0.662
0.662
0.0228286
0.662
0.490612
0.662
0.662
0.00378745
0.662
0.0985474
0.196446
0.445009
0.18124
0.438737
0.336256
0.662
0.662
0.185846
0.662
0.662
0.662
0.662
0.326655
0.0614898
0.444404
0.662
0.662
0.1556
0.662
0.432036
0.662
0.511938
0.662
0.0430772
0.662
0.454806
0.662
0.465699
0.662
0.149402
0.605258
0.466485
0.662
0.662
0.662
0.119584
0.662
0.662
0.112647
0.662
0.662
0.662
0.662
0.301057
0.382303
0.662
0.60709
0.363596
0.11334
0.662
0.662
0.662
0.662
0.141466
0.00385676
0.605414
0.0279764
0.199527
0.232819
0.662
0.236842
0.662
0.328158
0.662
0.508818
0.662
0.662
0.350734
0.662
0.662
0.662
0.662
0.227726
0.662
0.662
0.662
0.347429
0.662
0.662
0.662
0.662
0.662
0.441068
0.0513556
0.662
0.662
0.662
0.662
0.128788
0.269974
0.300576
0.298879
0.662
0.662
0.662
0.471429
0.662
0.662
0.662
0.212416
0.662
0.662
0.345151
0.131174
0.206813
0.662
0.18525
0.112523
0.662
0.662
0.662
0.589553
0.662
0.662
0.662
0.464313
0.0700524
0.185471
0.662
0.662
0.662
0.662
0.199776
0.662
0.211335
0.662
0.302574
0.361838
0.662
0.662
0.0491861
0.0240585
0.357255
0.662
0.662
0.662
0.0733168
0.662
0.662
0.662
0.0710197
0.562138
0.0916117
0.0083324
0.38259
0.225161
0.630459
0.662
0.425408
0.146097
0.662
0.662
0.350957
0.238769
0.00947521
0.662
0.246516
0.662
0.0821959
0.662
0.441824
0.662
0.125254
0.353544
0.662
0.557801
0.120564
0.662
0.432893
0.662
0.662
0.662
0.662
0.662
0.662
0.662
0.449789
0.446738
0.182727
0.193777
0.662
0.662
0.662
0.662
0.255863
0.580492
0.662
0.662
0.662
0.0541398
0.662
0.662
0.472718
0.662
0.662
0.662
0.662
0.135793
0.662
0.564562
0.662
0.662
0.662
0.662
0.662
0.662
0.662
0.662
0.511562
0.662
0.662
0.41536
0.662
0.662
0.293317
0.325648
0.100159
0.462895
0.197672
0.122422
0.292941
0.0634508
0.662
0.023066
0.662
0.331621
0.196899
0.662
0.267993
0.662
0.245672
0.0805075
0.662
0.195729
0.228137
0.0268418
0.0945424
0.662
0.662
0.662
0.0505452
0.662
0.662
0.662
0.0422113
0.662
0.371598
0.447503
0.185659
0.662
0.211857
0.198161
0.459497
0.324341
0.662
0.662
0.10781
0.662
0.662
0.0698075
0.662
0.662
0.143036
0.662
0.180471
0.662
0.662
0.662
0.662
0.463569
0.438222
0.662
0.662
0.0243281
0.1281
0.182245
0.662
0.250755
0.111385
0.662
0.662
0.16646
0.47709
0.0865454
0.0722867
0.469669
0.662
0.185356
0.0413927
0.662
0.326201
0.222626
0.662
0.662
0.662
0.0210411
0.173227
0.342187
0.594473
0.0755299
0.251392
0.662
0.662
0.433766
0.662
0.0634778
0.662
0.0261298
0.529218
0.212153
0.289635
0.0579704
0.662
0.662
0.662
0.00784472
0.215093
0.00997088
0.662
0.662
0.662
0.662
0.416666
0.279925
0.662
0.491246
0.662
0.662
0.662
0.662
0.220412
0.275034
0.662
0.523381
0.390463
0.0146784
0.306797
0.662
0.662
0.12195
0.55863
0.662
0.662
0.662
