0.662
0.0111685
0.20602
0.662
0.292936
0.172272
0.382335
0.662
0.662
0.257242
0.390306
0.662
0.242274
0.194385
0.662
0.507045
0.662
0.232154
0.662
0.452323
0.176417
0.662
0.662
0.662
0.662
0.0800838
0.193052
0.30294
0.377539
0.662
0.662
0.353617
0.662
0.0306744
0.662
0.662
0.220505
0.00887259
0.304016
0.662
0.4308
0.662
0.371464
0.361109
0.662
0.662
0.662
0.662
0.662
0.662
0.662
0.662
0.662
0.662
0.0694833
0.662
0.142589
0.0415495
0.0399488
0.662
0.248169
0.662
0.286216
0.343398
0.662
0.662
0.470679
0.353987
0.662
0.662
0.152018
0.00482115
0.111194
0.662
0.320263
0.1696
0.662
0.395381
0.404038
0.662
0.296844
0.662
0.662
0.312932
0.392912
0.224972
0.461156
0.0358017
0.485445
0.662
0.335245
0.662
0.662
0.662
0.662
0.0812216
0.662
0.384133
0.229359
0.662
0.662
0.157582
0.478244
0.662
0.379645
0.334858
0.662
0.461113
0.114103
0.662
0.173733
0.511423
0.0414533
0.662
0.662
0.431922
0.662
0.29757
0.624763
0.662
0.296988
0.662
0.662
0.0574712
0.130504
0.504132
0.2906
0.662
0.662
0.281989
0.662
0.163559
0.437261
0.662
0.662
0.219369
0.662
0.245969
0.662
0.662
0.193743
0.662
0.662
0.431903
0.356366
0.615929
0.454577
0.662
0.662
0.198425
0.662
0.472349
0.662
0.254189
0.176561
0.662
0.662
0.284797
0.051539
0.662
0.45245
0.185897
0.662
0.662
0.00632931
0.662
0.152469
0.662
0.662
0.662
0.400805
0.662
0.662
0.662
0.311658
0.662
0.538338
0.662
0.662
0.662
0.662
0.00926821
0.456556
0.662
0.662
0.662
0.102611
0.460448
0.0926639
0.662
0.662
0.553761
0.271876
0.662
0.143049
0.00820182
0.662
0.662
0.267594
0.264577
0.583329
0.662
0.379717
0.662
0.461672
0.458983
0.662
0.159947
0.0573504
0.662
0.47738
0.193124
0.662
0.662
0.662
0.662
0.662
0.662
0.326847
0.0531667
0.662
0.662
0.234662
0.431324
0.40144
0.516216
0.662
0.662
0.662
0.466692
0.137768
0.418397
0.662
0.662
0.486768
0.662
0.274141
0.662
0.276211
0.479278
0.662
0.662
0.662
0.662
0.187192
0.470927
0.662
0.362359
0.662
0.662
0.662
0.662
0.224426
0.0767414
0.0621958
0.0751486
0.266514
0.200298
0.470592
0.134524
0.662
0.662
0.0909578
0.403653
0.662
0.214364
0.222682
0.662
0.662
0.124361
0.216159
0.662
0.662
0.143737
0.226116
0.662
0.662
0.662
0.662
0.373182
0.662
0.662
0.662
0.399987
0.484244
0.662
0.662
0.662
0.662
0.370696
0.662
0.468022
0.088571
0.128663
0.485671
0.662
0.470659
0.284386
0.662
0.102536
0.662
0.0258084
0.23885
0.103206
0.0655602
0.662
0.662
0.662
0.662
0.662
0.109513
0.288801
0.662
0.322619
0.662
0.466906
0.662
0.259667
0.662
0.162178
0.662
0.662
0.662
0.662
0.662
0.662
0.662
0.662
0.339626
0.447071
0.300717
0.126046
0.662
0.662
0.225511
0.662
0.0151879
0.662
0.237042
0.662
0.662
0.291414
0.662
0.662
0.525139
0.662
0.254729
0.662
0.662
0.314366
0.662
0.389352
0.662
0.662
0.662
0.662
0.478473
0.662
0.662
0.424224
0.314277
0.122311
0.112811
0.662
0.662
0.662
0.662
0.00689491
0.662
0.376827
0.117218
0.318725
0.662
0.452816
0.662
0.221643
0.662
0.446796
0.662
0.150379
0.394546
0.662
0.240404
0.662
0.662
0.662
0.446232
0.662
0.342982
0.322603
0.662
0.662
0.0313568
0.662
0.662
0.168176
0.459463
0.662
0.0522552
0.662
0.0433396
0.662
0.218397
0.662
0.662
0.393951
0.662
0.662
0.283879
0.304471
0.0752227
0.662
0.662
0.662
0.662
0.662
0.192029
0.147933
0.662
0.662
0.469228
0.662
0.662
0.0880867
0.368361
0.0154688
0.662
0.662
0.662
0.662
0.0377538
0.307742
0.164549
0.662
0.662
0.662
0.662
0.227307
0.454744
0.444913
0.662
0.662
0.662
0.662
0.662
0.141039
0.322975
0.255062
0.0288458
0.444257
0.292327
0.352457
0.662
0.662
0.00203654
0.0916523
0.662
0.662
0.662
0.662
0.104171
0.236064
0.662
0.662
0.379547
0.662
0.352523
0.662
0.224788
0.662
0.513885
0.423507
0.662
0.662
0.662
0.662
0.662
0.662
0.470964
0.662
0.195866
0.331866
0.248537
0.437605
0.662
0.467165
0.26919
0.279575
0.662
0.662
0.662
0.662
0.0319224
0.225843
0.662
0.662
0.240769
0.662
0.591754
0.662
0.00882326
0.662
0.662
0.279366
0.462331
0.285428
0.510217
0.361536
0.444997
0.662
0.600761
0.27917
0.526521
0.662
0.662
0.235958
0.662
0.662
0.316429
0.215118
0.15809
0.662
0.662
0.450239
0.662
0.166975
0.358996
0.662
0.662
0.662
0.662
0.662
0.569828
0.328971
0.206937
0.215036
0.173043
0.0638506
0.662
0.137021
0.296661
0.563568
0.272343
0.249269
0.662
0.662
0.662
0.437755
0.247682
0.301217
0.662
0.203605
0.662
0.662
0.27445
0.662
0.430369
0.222103
0.662
0.662
0.181102
0.55069
