0.33136
0.159943
0.213135
0.0580038
0.662
0.662
0.662
0.102393
0.662
0.0360478
0.313597
0.662
0.662
0.173738
0.193226
0.122046
0.11407
0.158131
0.123452
0.0697272
0.238646
0.295741
0.662
0.191001
0.483023
0.662
0.465512
0.298212
0.377525
0.662
0.467714
0.217044
0.288433
0.662
0.662
0.662
0.662
0.662
0.412264
0.662
0.474585
0.662
0.399161
0.662
0.379288
0.662
0.662
0.0532168
0.662
0.662
0.0477503
0.130476
0.220644
0.662
0.662
0.662
0.662
0.475485
0.236343
0.662
0.662
0.0167085
0.209097
0.662
0.662
0.463204
0.662
0.16546
0.662
0.662
0.662
0.662
0.662
0.319585
0.662
0.465939
0.662
0.250197
0.662
0.662
0.057368
0.662
0.662
0.322069
0.662
0.483339
0.662
0.662
0.400481
0.0376379
0.306579
0.662
0.127983
0.202611
0.00315855
0.177039
0.662
0.662
0.123076
0.662
0.225508
0.662
0.273213
0.662
0.440652
0.662
0.662
0.357516
0.662
0.409871
0.662
0.662
0.662
0.022478
0.662
0.139787
0.192837
0.662
0.662
0.407088
0.0756555
0.464224
0.662
0.0436717
0.168781
0.662
0.662
0.269895
0.662
0.662
0.662
0.662
0.662
0.662
0.662
0.206172
0.18403
0.148238
0.309837
0.088592
0.662
0.414272
0.479829
0.662
0.662
0.662
0.111109
0.326154
0.42613
0.662
0.156909
0.662
0.662
0.601761
0.261429
0.662
0.662
0.662
0.662
0.196248
0.102262
0.121437
0.662
0.662
0.662
0.279951
0.0875806
0.294736
0.294165
0.022087
0.662
0.177536
0.662
0.356727
0.505459
0.662
0.189384
0.265395
0.429319
0.662
0.662
0.662
0.662
0.662
0.662
0.0220452
0.0542404
0.662
0.662
0.662
0.309807
0.364898
0.662
0.192068
0.662
0.662
0.662
0.662
0.224425
0.525211
0.308193
0.662
0.662
0.662
0.0985774
0.662
0.522376
0.662
0.662
0.662
0.442485
0.184788
0.662
0.30683
0.484128
0.0168589
0.21225
0.662
0.47108
0.662
0.662
0.662
0.662
0.662
0.403373
0.662
0.0966768
0.35464
0.469008
0.662
0.429313
0.662
0.662
0.662
0.662
0.0755943
0.356737
0.662
0.662
0.662
0.662
0.151752
0.662
0.662
0.662
0.662
0.662
0.662
0.354312
0.662
0.270942
0.111952
0.301173
0.232961
0.0212225
0.662
0.662
0.662
0.662
0.226543
0.0119942
0.660921
0.427022
0.662
0.662
0.662
0.662
0.256912
0.662
0.662
0.662
0.227805
0.0634238
0.662
0.253375
0.662
0.662
0.176484
0.662
0.662
0.418633
0.662
0.662
0.662
0.000482921
0.662
0.662
0.160721
0.662
0.662
0.662
0.662
0.662
0.662
0.662
0.662
0.662
0.662
0.184004
0.662
0.269078
0.662
0.662
0.662
0.215384
0.156593
0.662
0.334384
0.662
0.662
0.662
0.333205
0.662
0.662
0.662
0.0476855
0.662
0.662
0.662
0.662
0.419018
0.662
0.0524721
0.662
0.155938
0.662
0.3651
0.46729
0.0345
0.662
0.662
0.662
0.662
0.662
0.00252229
0.662
0.424103
0.403231
0.514797
0.219261
0.662
0.662
0.662
0.662
0.662
0.200041
0.662
0.662
0.196052
0.112036
0.662
0.662
0.662
0.0564635
0.441601
0.0323497
0.662
0.662
0.136486
0.662
0.662
0.662
0.482322
0.662
0.662
0.662
0.662
0.662
0.662
0.662
0.000455965
0.315203
0.662
0.355367
0.662
0.369686
0.662
0.662
0.184754
0.662
0.662
0.311089
0.148403
0.662
0.33324
0.188564
0.40434
0.466751
0.662
0.294473
0.63339
0.0535451
0.662
0.662
0.0328131
0.662
0.0527641
0.662
0.662
0.662
0.662
0.113558
0.662
0.662
0.254352
0.662
0.662
0.662
0.662
0.189173
0.662
0.449717
0.662
0.411749
0.662
0.0467106
0.662
0.107365
0.424239
0.662
0.662
0.662
0.25372
0.662
0.662
0.409904
0.335188
0.59596
0.012224
0.59435
0.662
0.256037
0.452043
0.366318
0.416222
0.2794
0.662
0.662
0.662
0.662
0.401956
0.0638783
0.662
0.274874
0.0371665
0.662
0.662
0.662
0.662
0.662
0.662
0.229418
0.662
0.662
0.662
0.432132
0.662
0.0636788
0.662
0.21503
0.419349
0.384272
0.521455
0.662
0.20578
0.662
0.662
0.662
0.662
0.112348
0.424809
0.662
0.662
0.25068
0.662
0.478137
0.662
0.662
0.662
0.481983
0.662
0.463126
0.662
0.115941
0.193479
0.523449
0.205913
0.662
0.335671
0.662
0.662
0.209868
0.153107
0.662
0.573255
0.00280858
0.509477
0.458038
0.662
0.386872
0.662
0.662
0.662
0.209877
0.662
0.206419
0.662
0.29993
0.317578
0.0717522
0.41545
0.662
0.275413
0.662
0.662
0.662
0.25305
0.662
0.417892
0.662
0.434812
0.662
0.384431
0.662
0.662
0.549202
0.662
0.35751
0.662
0.22122
0.400255
0.21758
0.662
0.136558
0.49737
0.0479847
0.662
0.662
0.662
0.662
0.200314
0.662
0.409686
0.526811
0.146183
0.662
0.662
0.448511
0.662
0.0287814
0.0584461
