0.662
0.662
0.662
0.662
0.151612
0.302896
0.662
0.662
0.662
0.662
0.662
0.107613
0.253587
0.406312
0.662
0.662
0.353989
0.662
0.662
0.662
0.242125
0.236498
0.662
0.325978
0.170274
0.292239
0.662
0.319406
0.662
0.662
0.662
0.662
0.662
0.262478
0.592232
0.142391
0.662
0.662
0.662
0.367561
0.662
0.215406
0.662
0.662
0.662
0.662
0.662
0.662
0.662
0.00715579
0.438159
0.662
0.662
0.143192
0.476462
0.662
0.0163451
0.378964
0.445596
0.0870498
0.662
0.0099052
0.662
0.0448545
0.662
0.662
0.109199
0.17266
0.454795
0.662
0.381332
0.415917
0.0120464
0.662
0.251843
0.662
0.4823
0.0385598
0.662
0.00789339
0.662
0.343582
0.27591
0.215485
0.40474
0.662
0.662
0.662
0.276632
0.662
0.292222
0.662
0.662
0.662
0.662
0.133688
0.662
0.662
0.213103
0.662
0.662
0.662
0.662
0.56536
0.662
0.662
0.662
0.130316
0.662
0.127648
0.18047
0.662
0.662
0.662
0.166834
0.436686
0.662
0.662
0.324996
0.349755
0.403177
0.215991
0.662
0.662
0.122494
0.413655
0.662
0.662
0.0851116
0.422454
0.662
0.585072
0.662
0.662
0.662
0.384639
0.264626
0.662
0.662
0.277236
0.662
0.24677
0.662
0.169344
0.662
0.662
0.662
0.148835
0.662
0.296618
0.394238
0.0940679
0.180189
0.662
0.396857
0.662
0.662
0.169679
0.507274
0.334178
0.0931002
0.662
0.197829
0.626412
0.478629
0.662
0.662
0.270456
0.662
0.662
0.662
0.662
0.462286
0.662
0.476765
0.662
0.662
0.589569
0.361576
0.292401
0.181222
0.662
0.662
0.662
0.662
0.327992
0.662
0.501055
0.662
0.662
0.662
0.157848
0.47761
0.662
0.662
0.512516
0.662
0.349999
0.662
0.662
0.662
0.662
0.662
0.662
0.662
0.125488
0.242274
0.500236
0.662
0.662
0.354958
0.00823138
0.662
0.316941
0.397899
0.662
0.235206
0.198604
0.662
0.58286
0.662
0.365466
0.662
0.159636
0.480825
0.662
0.662
0.411981
0.0600937
0.170433
0.662
0.385209
0.24795
0.662
0.662
0.662
0.193818
0.276819
0.269707
0.662
0.427686
0.662
0.662
0.662
0.130194
0.662
0.662
0.662
0.662
0.662
0.452256
0.476677
0.662
0.222913
0.662
0.662
0.415958
0.443406
0.5351
0.0339531
0.662
0.379312
0.662
0.296498
0.152139
0.0813425
0.230685
0.414479
0.662
0.279688
0.355669
0.662
0.662
0.662
0.662
0.0726752
0.455215
0.662
0.662
0.527728
0.662
0.662
0.662
0.604198
0.451322
0.662
0.367098
0.317507
0.0289659
0.662
0.399951
0.241055
0.362928
0.662
0.662
0.429035
0.171318
0.155414
0.662
0.662
0.662
0.257282
0.220203
0.662
0.662
0.0679749
0.204654
0.135974
0.662
0.00388754
0.121358
0.20937
0.47163
0.392143
0.662
0.662
0.155929
0.465381
0.154412
0.662
0.45511
0.434599
0.662
0.367399
0.662
0.195382
0.00417639
0.662
0.343967
0.662
0.291733
0.662
0.662
0.662
0.662
0.304661
0.153592
0.410038
0.111382
0.341601
0.662
0.662
0.109397
0.662
0.0480517
0.129824
0.309245
0.235589
0.10248
0.0247084
0.404223
0.00977904
0.0354608
0.451411
0.662
0.662
0.0509342
0.662
0.662
0.662
0.205617
0.188728
0.324436
0.662
0.220361
0.289294
0.662
0.662
0.439318
0.662
0.317004
0.227045
0.662
0.183776
0.12822
0.662
0.662
0.433204
0.0895495
0.436879
0.662
0.136136
0.247801
0.662
0.257387
0.441453
0.323663
0.662
0.662
0.351791
0.375081
0.662
0.662
0.662
0.662
0.662
0.662
0.662
0.662
0.662
0.662
0.662
0.393002
0.662
0.662
0.318292
0.662
0.662
0.662
0.662
0.189082
0.662
0.662
0.662
0.229998
0.427869
0.188358
0.182769
0.662
0.662
0.662
0.662
0.662
0.662
0.262386
0.662
0.172079
0.0779848
0.0656086
0.338665
0.284871
0.662
0.662
0.662
0.214734
0.662
0.0384897
0.253501
0.662
0.662
0.498908
0.262577
0.310825
0.662
0.662
0.237011
0.0764447
0.662
0.173881
0.455202
0.662
0.264799
0.461342
0.662
0.662
0.450274
0.662
0.191397
0.662
0.407962
0.662
0.662
0.261778
0.662
0.47546
0.662
0.662
0.162793
0.106147
0.448903
0.320879
0.662
0.662
0.101723
0.452588
0.190561
0.662
0.662
0.258943
0.662
0.458981
0.176307
0.662
0.123745
0.662
0.662
0.662
0.154743
0.662
0.0667751
0.458959
0.662
0.662
0.662
0.264923
0.662
0.662
0.274935
0.140881
0.662
0.415199
0.662
0.662
0.662
0.662
0.260509
0.662
0.112069
0.662
0.398068
0.462833
0.662
0.662
0.662
0.662
0.588287
0.662
0.365688
0.662
0.351262
0.470934
0.662
0.662
0.403111
0.662
0.574754
0.662
0.662
0.411461
0.662
0.435624
0.478369
0.402141
0.662
0.433891
0.662
0.478325
0.639188
0.0264743
0.0899854
0.662
0.662
0.166924
0.662
0.662
0.662
0.662
0.287491
0.310988
0.193988
0.183335
0.662
0.384315
0.353924
0.495561
0.662
0.662
0.662
0.303669
0.449044
0.0125025
0.215054
0.662
0.436875
0.662
0.662
0.662
0.662
0.260037
0.662
0.165614
0.324075
0.432078
0.662
0.429455
0.451612
0.662
0.662
0.163028
0.662
0.662
0.662
0.662
0.662
0.662
0.462758
0.662
0.0573263
0.662
0.453958
0.155706
0.0665161
0.345241
0.662
0.662
0.662
0.471156
0.127798
0.489674
0.121853
0.662
0.662
0.662
0.441265
0.513345
0.662
0.662
0.662
0.43139
0.410878
0.0971895
0.662
0.662
0.0819067
0.400336
0.662
0.662
0.662
0.378347
0.662
0.312957
0.662
0.662
0.662
0.662
0.662
0.662
