0.387253
0.170961
0.193891
0.662
0.662
0.278091
0.662
0.662
0.180214
0.0678493
0.662
0.662
0.662
0.662
0.108526
0.292918
0.445655
0.662
0.662
0.410798
0.662
0.253125
0.662
0.662
0.184757
0.662
0.662
0.484592
0.662
0.662
0.662
0.662
0.0938544
0.662
0.662
0.662
0.556458
0.662
0.322804
0.662
0.662
0.459298
0.662
0.28865
0.662
0.662
0.0220677
0.293885
0.210174
0.199704
0.662
0.662
0.294326
0.0837976
0.0129907
0.662
0.242936
0.0664449
0.662
0.430038
0.662
0.423616
0.291274
0.0280213
0.662
0.339459
0.662
0.662
0.662
0.247236
0.518356
0.662
0.38107
0.662
0.351735
0.662
0.662
0.479488
0.326718
0.0513722
0.662
0.190407
0.662
0.138834
0.171472
0.0975131
0.662
0.162912
0.662
0.014646
0.400995
0.37791
0.235537
0.194472
0.0814248
0.320709
0.662
0.139778
0.662
0.407333
0.176605
0.127471
0.394385
0.239188
0.662
0.0554883
0.662
0.662
0.429946
0.0452667
0.662
0.100704
0.100684
0.230385
0.662
0.662
0.662
0.662
0.340347
0.662
0.662
0.431881
0.0994846
0.0383018
0.662
0.2557
0.662
0.662
0.662
0.662
0.662
0.662
0.662
0.0514552
0.662
0.662
0.662
0.214872
0.453626
0.662
0.662
0.662
0.662
0.238705
0.228103
0.171485
0.662
0.662
0.662
0.304604
0.662
0.642725
0.662
0.320136
0.662
0.373689
0.662
0.662
0.662
0.662
0.0581139
0.662
0.458023
0.257202
0.662
0.416884
0.662
0.247783
0.662
0.0552764
0.662
0.409573
0.44194
0.431553
0.0760148
0.662
0.130971
0.163232
0.511677
0.662
0.164884
0.662
0.662
0.164285
0.662
0.662
0.406835
0.305547
0.662
0.353263
0.445926
0.540246
0.662
0.662
0.0195427
0.0431645
0.662
0.0536925
0.0252274
0.287576
0.440841
0.662
0.280374
0.431961
0.662
0.662
0.584275
0.539163
0.662
0.662
0.208446
0.314669
0.662
0.662
0.662
0.662
0.496265
0.395375
0.0868969
0.662
0.0966576
0.662
0.662
0.00115395
0.314279
0.662
0.662
0.662
0.662
0.662
0.369576
0.394728
0.662
0.662
0.662
0.191198
0.662
0.348054
0.0987302
0.662
0.662
0.662
0.240053
0.662
0.662
0.662
0.662
0.360556
0.194244
0.662
0.662
0.662
0.346994
0.215616
0.662
0.169056
0.662
0.662
0.213518
0.0701752
0.662
0.662
0.662
0.357609
0.334302
0.386461
0.390639
0.162768
0.662
0.662
0.662
0.0994205
0.200701
0.662
0.475359
0.662
0.00906615
0.662
0.662
0.662
0.0128407
0.662
0.496637
0.662
0.662
0.662
0.197647
0.0742692
0.662
0.29055
0.207312
0.662
0.477359
0.406817
0.224615
0.235383
0.509519
0.662
0.126894
0.662
0.464846
0.181924
0.662
0.662
0.395214
0.618391
0.662
0.662
0.171553
0.662
0.629763
0.0519734
0.30516
0.289172
0.143969
0.00158817
0.662
0.662
0.321294
0.30021
0.662
0.662
0.662
0.662
0.374868
0.662
0.291367
0.277651
0.450114
0.0249654
0.662
0.662
0.662
0.208824
0.265072
0.662
0.662
0.662
0.662
0.662
0.362732
0.0172496
0.662
0.662
0.345076
0.662
0.36908
0.138703
0.175032
0.199285
0.662
0.456836
0.662
0.662
0.414202
0.249246
0.380229
0.662
0.283215
0.662
0.377699
0.662
0.662
0.263133
0.662
0.552642
0.374715
0.662
0.662
0.662
0.662
0.194814
0.452415
0.662
0.312258
0.245502
0.662
0.253288
0.662
0.105303
0.224703
0.331352
0.662
0.474109
0.662
0.290662
0.122705
0.458129
0.662
0.662
0.662
0.662
0.240595
0.0858227
0.388724
0.110983
0.463448
0.662
0.205885
0.662
0.662
0.185449
0.662
0.0896853
0.0769244
0.445374
0.662
0.389004
0.14368
0.662
0.662
0.343384
0.364939
0.173697
0.662
0.304353
0.456884
0.662
0.662
0.662
0.402813
0.662
0.356788
0.662
0.248344
0.216398
0.653996
0.657899
0.662
0.662
0.662
0.498017
0.296471
0.170834
0.279068
0.119833
0.44374
0.662
0.511905
0.38443
0.662
0.662
0.662
0.311773
0.0617617
0.662
0.143145
0.315558
0.662
0.662
0.662
0.307055
0.662
0.662
0.279232
0.662
0.662
0.260699
0.264129
0.662
0.662
0.422656
0.662
0.662
0.662
0.662
0.0651106
0.662
0.172339
0.457633
0.662
0.546567
0.662
0.662
0.102904
0.234024
0.236305
0.105624
0.329362
0.237038
0.0105791
0.662
0.662
0.662
0.227155
0.267142
0.578349
0.662
0.183122
0.644743
0.339419
0.374841
0.662
0.0332042
0.265608
0.118408
0.662
0.223846
0.333274
0.328432
0.662
0.0639195
0.232225
0.311695
0.662
0.180122
0.662
0.262013
0.06203
0.338752
0.193853
0.662
0.662
0.393967
0.662
0.453003
0.0175275
0.0404434
0.662
0.443954
0.415055
0.242103
0.353766
0.662
0.42519
0.261274
0.249447
0.662
0.662
0.267171
0.164556
0.457762
0.654286
0.662
0.662
0.16968
0.488752
0.662
0.191437
0.181921
0.662
0.122934
