0.662
0.353134
0.355101
0.314678
0.662
0.253251
0.662
0.317939
0.112103
0.29608
0.304965
0.662
0.662
0.175307
0.662
0.390653
0.354536
0.197379
0.662
0.417879
0.662
0.129666
0.662
0.662
0.662
0.125952
0.274119
0.473455
0.385277
0.662
0.662
0.132811
0.302965
0.408915
0.662
0.0178085
0.123031
0.662
0.662
0.662
0.662
0.662
0.280747
0.462497
0.3733
0.19175
0.662
0.662
0.0665535
0.662
0.662
0.292963
0.662
0.274242
0.278364
0.662
0.662
0.376158
0.371458
0.662
0.584651
0.662
0.25317
0.0710325
0.662
0.454777
0.662
0.223998
0.662
0.559244
0.662
0.172558
0.662
0.0975131
0.00424886
0.662
0.251209
0.662
0.662
0.232054
0.662
0.569887
0.662
0.662
0.210116
0.149399
0.439091
0.662
0.253559
0.210971
0.365523
0.662
0.662
0.662
0.662
0.581794
0.662
0.464318
0.662
0.232335
0.662
0.662
0.228603
0.0297537
0.662
0.662
0.48925
0.456115
0.662
0.0122015
0.662
0.662
0.259975
0.662
0.662
0.346524
0.199704
0.102436
0.236284
0.290563
0.662
0.303682
0.451333
0.377755
0.662
0.347934
0.149217
0.662
0.131952
0.662
0.662
0.662
0.662
0.662
0.662
0.662
0.662
0.44733
0.662
0.014217
0.420486
0.662
0.464426
0.662
0.0800606
0.10921
0.42908
0.262501
0.495013
0.361832
0.623442
0.413805
0.176191
0.385696
0.0945841
0.0383762
0.00501712
0.662
0.662
0.371904
0.662
0.0853579
0.393858
0.662
0.662
0.662
0.662
0.274263
0.453397
0.662
0.22826
0.662
0.337574
0.614554
0.662
0.481877
0.10228
0.475136
0.446113
0.298533
0.662
0.339135
0.662
0.1564
0.662
0.483513
0.662
0.662
0.662
0.294363
0.472243
0.126747
0.270461
0.662
0.662
0.137997
0.221604
0.662
0.662
0.662
0.0092449
0.014646
0.662
0.376543
0.662
0.662
0.457426
0.662
0.662
0.0973335
0.662
0.662
0.662
0.662
0.662
0.662
0.633695
0.662
0.0411744
0.120271
0.662
0.0636473
0.662
0.483063
0.0451344
0.662
0.662
0.273224
0.662
0.32412
0.662
0.30753
0.662
0.662
0.255165
0.662
0.662
0.167492
0.344004
0.156431
0.662
0.136187
0.662
0.0914439
0.662
0.662
0.601004
0.440772
0.17173
0.0796735
0.0388334
0.662
0.662
0.662
0.662
0.662
0.662
0.324113
0.662
0.453201
0.650995
0.601943
0.353205
0.585039
0.346182
0.437972
0.662
0.662
0.662
0.0709442
0.430897
0.38443
0.179395
0.47511
0.44862
0.368954
0.464992
0.0874573
0.280148
0.341864
0.325284
0.162812
0.662
0.228286
0.662
0.662
0.662
0.405674
0.662
0.364667
0.662
0.398064
0.246885
0.662
0.662
0.309495
0.662
0.331688
0.662
0.102563
0.662
0.429552
0.662
0.662
0.662
0.662
0.662
0.662
0.662
0.244947
0.662
0.0159462
0.0147245
0.115013
0.662
0.662
0.662
0.321354
0.43243
0.662
0.662
0.662
0.662
0.417878
0.505923
0.662
0.662
0.662
0.662
0.662
0.288528
0.334108
0.198951
0.662
0.662
0.662
0.662
0.662
0.662
0.171485
0.662
0.632469
0.468639
0.662
0.187833
0.0425139
0.662
0.572141
0.662
0.662
0.012878
0.662
0.662
0.168148
0.662
0.662
0.662
0.287518
0.662
0.662
0.662
0.394664
0.662
0.211481
0.662
0.662
0.662
0.317463
0.460391
0.662
0.160318
0.268241
0.662
0.1172
0.662
0.462694
0.662
0.34819
0.662
0.26141
0.276424
0.662
0.1543
0.202439
0.354043
0.45574
0.441247
0.662
0.0135764
0.662
0.662
0.0519734
0.282945
0.662
0.662
0.662
0.350407
0.662
0.662
0.662
0.662
0.233749
0.149822
0.662
0.662
0.662
0.662
0.0415477
0.348515
0.662
0.662
0.448238
0.0520075
0.662
0.205294
0.662
0.662
0.428978
0.332867
0.662
0.662
0.662
0.28705
0.662
0.662
0.307794
0.0724555
0.662
0.610699
0.542214
0.662
0.633694
0.662
0.197324
0.662
0.0315902
0.662
0.662
0.662
0.0638656
0.0175275
0.326813
0.662
0.614341
0.662
0.662
0.290599
0.662
0.662
0.455081
0.662
0.662
0.14401
0.662
0.662
0.189419
0.662
0.464848
0.411934
0.662
0.662
0.189419
0.0613513
0.662
0.114005
0.277841
0.662
0.437409
0.662
0.218588
0.45001
0.484592
0.0153512
0.183728
0.662
0.245128
0.228265
0.00158817
0.287608
0.294094
0.662
0.131806
0.419064
0.662
0.398073
0.203997
0.662
0.662
0.662
0.662
0.662
0.122922
0.384066
0.190437
0.360398
0.662
0.662
