0.662
0.352041
0.211857
0.246516
0.662
0.0866051
0.662
0.0437524
0.372554
0.561236
0.282413
0.662
0.662
0.662
0.475503
0.37096
0.211335
0.662
0.234178
0.35119
0.426342
0.0430772
0.662
0.662
0.662
0.662
0.662
0.108829
0.662
0.0417382
0.662
0.555603
0.662
0.662
0.468627
0.662
0.240097
0.662
0.0937252
0.55863
0.662
0.162948
0.0911212
0.434249
0.108395
0.662
0.250486
0.662
0.662
0.404402
0.407944
0.0422113
0.144958
0.662
0.662
0.662
0.662
0.662
0.225604
0.662
0.225834
0.662
0.32903
0.32106
0.662
0.662
0.64226
0.662
0.428621
0.329766
0.662
0.602987
0.662
0.662
0.662
0.108756
0.662
0.662
0.286178
0.662
0.662
0.0807931
0.662
0.662
0.662
0.662
0.148278
0.662
0.662
0.662
0.662
0.208374
0.00270241
0.276406
0.662
0.662
0.662
0.662
0.452058
0.662
0.662
0.0918539
0.662
0.35545
0.662
0.662
0.216684
0.662
0.662
0.117343
0.662
0.662
0.662
0.662
0.329726
0.662
0.662
0.662
0.662
0.102726
0.662
0.662
0.662
0.285397
0.662
0.662
0.460041
0.524316
0.206767
0.161091
0.371648
0.212376
0.662
0.662
0.50835
0.662
0.662
0.212153
0.662
0.662
0.0782853
0.662
0.15568
0.662
0.662
0.213559
0.0294254
0.662
0.282658
0.172831
0.662
0.419932
0.0718719
0.662
0.457635
0.662
0.662
0.172914
0.455963
0.389655
0.662
0.662
0.662
0.414682
0.662
0.460074
0.124736
0.182727
0.108007
0.413421
0.662
0.248866
0.662
0.350528
0.259717
0.662
0.0126912
0.474736
0.225634
0.662
0.430887
0.348577
0.662
0.0717582
0.662
0.662
0.110437
0.662
0.243959
0.662
0.662
0.295204
0.662
0.468491
0.311428
0.662
0.662
0.171161
0.241524
0.662
0.336111
0.662
0.411723
0.662
0.197196
0.662
0.662
0.662
0.165765
0.263904
0.318561
0.662
0.662
0.373212
0.662
0.662
0.662
0.662
0.445009
0.662
0.662
0.662
0.662
0.662
0.662
0.662
0.662
0.662
0.662
0.662
0.0555545
0.400432
0.413388
0.662
0.353544
0.45043
0.0912266
0.0465878
0.0805075
0.473959
0.425624
0.24968
0.339879
0.351247
0.662
0.214591
0.662
0.351825
0.662
0.662
0.391488
0.010158
0.656105
0.0768184
0.487498
0.445015
0.662
0.662
0.662
0.662
0.633828
0.662
0.44973
0.662
0.317011
0.662
0.378109
0.45667
0.441735
0.387952
0.380174
0.662
0.662
0.662
0.662
0.662
0.662
0.662
0.662
0.203293
0.529097
0.662
0.662
0.662
0.43888
0.222397
0.662
0.662
0.662
0.16771
0.187364
0.3213
0.662
0.662
0.662
0.662
0.662
0.00858618
0.662
0.662
0.636307
0.662
0.237747
0.609167
0.662
0.662
0.662
0.662
0.662
0.0072274
0.360171
0.0756269
0.187624
0.29753
0.132325
0.662
0.662
0.662
0.662
0.662
0.662
0.238761
0.0317501
0.662
0.316675
0.662
0.348968
0.15347
0.00479793
0.662
0.662
0.417206
0.662
0.662
0.307666
0.662
0.662
0.662
0.662
0.662
0.662
0.155881
0.511739
0.662
0.662
0.662
0.662
0.0510784
0.371598
0.662
0.159583
0.662
0.662
0.662
0.662
0.0478613
0.312734
0.255863
0.273512
0.662
0.662
0.508818
0.662
0.662
0.662
0.380471
0.662
0.662
0.46848
0.662
0.662
0.300576
0.632774
0.662
0.662
0.662
0.410973
0.115627
0.47709
0.662
0.662
0.662
0.212394
0.662
0.222314
0.662
0.372785
0.662
0.662
0.662
0.394181
0.662
0.662
0.000329372
0.662
0.662
0.019581
0.662
0.662
0.662
0.233606
0.662
0.662
0.662
0.662
0.662
0.153336
0.448023
0.142432
0.662
0.662
0.058817
0.662
0.337169
0.238935
0.662
0.37142
0.662
0.662
0.662
0.202656
0.662
0.357044
0.662
0.662
0.234574
0.347832
0.466264
0.662
0.348485
0.662
0.662
0.415711
0.662
0.276159
0.0602388
0.662
0.447503
0.662
0.662
0.0399625
0.262209
0.194264
0.471429
0.662
0.662
0.662
0.662
0.470103
0.662
0.662
0.662
0.436156
0.662
0.562953
0.390463
0.662
0.342367
0.662
0.662
0.662
0.142379
0.380256
0.346899
0.281635
0.662
0.254058
0.662
0.662
0.662
0.0868641
0.337119
0.662
0.333885
0.468962
0.662
0.662
0.185659
0.296481
0.463292
0.146095
0.662
0.18124
0.370871
0.662
0.269974
0.662
0.260404
0.202465
0.662
0.662
0.662
0.0984773
0.662
0.662
0.662
0.662
0.0368733
0.662
0.413379
0.662
0.662
0.449565
0.662
0.0916117
0.331309
0.0857817
0.662
0.662
0.491548
0.137239
0.662
0.187606
0.662
0.146165
0.662
0.539096
0.662
0.425408
0.291463
0.662
0.662
0.357121
0.662
0.662
0.662
0.662
0.185471
0.662
0.662
0.128542
0.662
0.662
0.662
0.662
0.662
0.662
0.662
0.17285
0.37527
0.662
0.623151
0.256407
0.149319
0.662
0.662
0.192918
0.621454
0.422651
0.133048
0.662
0.662
0.662
0.231237
0.662
0.023066
0.662
0.662
0.662
0.320736
0.662
0.662
0.392641
0.125784
0.357718
0.294576
0.662
0.278698
0.662
0.662
0.662
0.662
0.107713
0.485221
0.424115
0.453765
0.305046
0.662
0.662
0.191697
0.343691
0.273033
0.662
0.662
0.048106
0.662
0.114593
0.662
0.662
0.234055
0.470859
0.662
0.662
0.662
0.209127
0.662
0.476209
0.662
0.280472
0.420187
0.209938
0.398959
0.662
0.618107
0.662
0.354017
0.250464
0.199182
0.662
0.101294
0.184031
0.236094
0.265496
0.662
0.430265
0.269133
0.662
0.662
0.57965
0.204544
0.662
0.248082
0.31336
0.662
0.662
0.0252215
0.662
0.662
0.207391
0.662
0.662
0.662
0.662
0.469124
0.662
0.305726
0.662
0.653058
0.443189
0.662
0.662
0.662
0.662
0.662
0.662
0.451476
0.368825
0.463569
0.25758
0.126431
0.662
0.662
0.175422
0.662
0.662
0.41999
0.110943
0.322941
0.623133
0.662
0.662
0.662
0.450906
0.0821959
0.0634778
0.662
0.292941
0.298313
