0.662
0.302485
0.447843
0.362606
0.662
0.335514
0.232819
0.662
0.49138
0.662
0.662
0.614677
0.662
0.662
0.662
0.662
0.203504
0.662
0.350957
0.662
0.434444
0.472397
0.662
0.662
0.350892
0.662
0.662
0.0190314
0.662
0.230697
0.276656
0.545306
0.197582
0.645647
0.331791
0.308126
0.458751
0.662
0.44573
0.662
0.662
0.662
0.365427
0.662
0.225103
0.662
0.427386
0.181817
0.662
0.158116
0.185509
0.662
0.662
0.662
0.210612
0.409968
0.570519
0.192632
0.0942676
0.108189
0.662
0.284971
0.662
0.662
0.126828
0.662
0.662
0.452409
0.662
0.662
0.662
0.662
0.5126
0.344588
0.0859649
0.117939
0.662
0.233535
0.0429483
0.267644
0.662
0.662
0.442755
0.662
0.662
0.662
0.114944
0.662
0.474207
0.662
0.662
0.662
0.662
0.0735699
0.283355
0.090982
0.0448597
0.662
0.662
0.662
0.662
0.025965
0.016734
0.378918
0.662
0.14074
0.662
0.0610158
0.401624
0.662
0.662
0.662
0.662
0.662
0.389983
0.446259
0.662
0.618667
0.662
0.662
0.662
0.662
0.464787
0.662
0.662
0.662
0.475102
0.506382
0.39044
0.662
0.662
0.662
0.0860929
0.325814
0.230405
0.662
0.389444
0.662
0.219036
0.662
0.162581
0.662
0.662
0.662
0.193744
0.223781
0.307557
0.662
0.662
0.0223302
0.633694
0.662
0.662
0.359995
0.662
0.662
0.662
0.338932
0.0869648
0.662
0.438458
0.177913
0.662
0.662
0.662
0.662
0.408622
0.662
0.397196
0.494336
0.662
0.0190661
0.214727
0.319227
0.662
0.221226
0.146805
0.662
0.662
0.343025
0.0705439
0.662
0.662
0.450902
0.190557
0.662
0.662
0.662
0.105936
0.333629
0.392608
0.662
0.23115
0.542543
0.488036
0.21676
0.662
0.662
0.662
0.436128
0.662
0.633391
0.144612
0.110918
0.662
0.662
0.662
0.662
0.662
0.662
0.446738
0.662
0.366349
0.336627
0.662
0.241906
0.662
0.662
0.662
0.662
0.43954
0.284202
0.662
0.662
0.662
0.662
0.0408532
0.245959
0.341747
0.16838
0.662
0.312501
0.187892
0.662
0.662
0.309359
0.212183
0.44872
0.265662
0.0612775
0.662
0.662
0.662
0.312291
0.662
0.053737
0.0155368
0.413475
0.662
0.662
0.662
0.662
0.601946
0.662
0.158157
0.662
0.662
0.662
0.159356
0.662
0.329479
0.449765
0.0665544
0.267332
0.662
0.662
0.197672
0.662
0.662
0.662
0.662
0.662
0.662
0.375939
0.501103
0.662
0.0234047
0.369362
0.662
0.332685
0.416906
0.662
0.662
0.662
0.662
0.433263
0.662
0.327971
0.407075
0.28021
0.0459462
0.662
0.352108
0.383528
0.662
0.662
0.662
0.32899
0.662
0.313226
0.662
0.0110258
0.143036
0.0616502
0.22696
0.662
0.662
0.662
0.662
0.662
0.662
0.662
0.662
0.662
0.459675
0.251608
0.662
0.662
0.0673191
0.662
0.662
0.0295896
0.662
0.662
0.0531328
0.662
0.324519
0.662
0.662
0.662
0.662
0.388622
0.1964
0.662
0.662
0.662
0.662
0.375296
0.102167
0.662
0.662
0.154174
0.0373777
0.181667
0.662
0.662
0.320405
0.662
0.274291
0.662
0.0890683
0.662
0.183201
0.662
0.419197
0.662
0.212416
0.137091
0.662
0.397134
0.662
0.662
0.662
0.662
0.662
0.052274
0.662
0.662
0.209888
0.662
0.0559526
0.06972
0.662
0.662
0.662
0.662
0.207938
0.26032
0.662
0.662
0.334766
0.662
0.374443
0.131554
0.233611
0.662
0.217048
0.417861
0.387829
0.461878
0.662
0.662
0.662
0.662
0.0129687
0.0350063
0.267297
0.118478
0.662
0.199796
0.662
0.303807
0.662
0.662
0.662
0.344747
0.0439442
0.662
0.274819
0.381014
0.273838
0.424711
0.662
0.662
0.662
0.662
0.662
0.150438
0.020503
0.154205
0.662
0.662
0.662
0.662
0.109785
0.00784472
0.199389
0.662
0.0705483
0.662
0.662
0.662
0.245672
0.662
0.221231
0.662
0.662
0.0730202
0.430657
0.662
0.0239595
0.0950847
0.434109
0.662
0.10745
0.194581
0.228048
0.447721
0.234464
0.662
0.662
0.662
0.477268
0.662
0.328521
0.283582
0.662
0.662
0.206042
0.38699
0.232109
0.389636
0.662
0.104736
0.662
0.662
0.662
0.234398
0.662
0.168055
0.662
0.459069
0.0898258
0.662
0.662
0.662
0.451302
0.662
0.240716
0.264051
0.342397
0.225834
0.662
0.662
0.662
0.662
0.480069
0.204208
0.662
0.662
0.662
0.294367
0.392738
0.662
0.662
0.411722
0.662
0.0916911
0.662
0.314036
0.662
0.662
0.440579
0.662
0.30664
0.662
0.200646
0.427926
0.662
0.662
0.231196
0.662
0.188752
0.0481137
0.662
0.494091
0.662
0.662
0.662
0.48543
0.223605
0.662
0.662
0.0443063
0.662
0.342895
0.201419
0.113505
0.156943
0.154056
0.454806
0.662
0.662
0.107981
0.352262
0.662
0.662
0.189029
0.0528248
0.0674689
0.662
0.374468
0.662
0.662
0.662
0.288178
0.662
0.662
0.662
0.662
0.145048
0.213196
0.175579
0.662
0.662
0.109037
0.662
0.128081
0.389631
0.295246
0.662
0.662
0.662
0.662
0.333616
0.358703
0.338668
0.662
0.42197
0.662
0.166994
0.584193
0.27046
0.1126
0.487482
0.662
0.662
0.662
0.476622
0.0663069
0.662
0.137042
0.662
0.112647
0.662
0.662
0.300086
0.423853
0.662
0.662
0.0875812
0.662
0.662
0.39921
0.0904448
0.662
0.662
0.411491
0.329013
0.0165381
0.585134
0.127069
0.0570201
0.340697
0.662
0.190974
0.266504
0.279243
0.662
0.662
0.464804
0.662
0.314002
0.315253
0.662
0.662
0.0885497
0.465843
0.662
