0.662
0.394664
0.276424
0.172558
0.274263
0.662
0.662
0.1172
0.475136
0.0159462
0.662
0.012878
0.662
0.662
0.390653
0.137997
0.662
0.662
0.460391
0.404362
0.662
0.437972
0.353134
0.294363
0.472243
0.325284
0.662
0.0665535
0.233749
0.468639
0.662
0.662
0.662
0.662
0.662
0.662
0.662
0.662
0.0613513
0.63339
0.48925
0.662
0.662
0.0796735
0.149822
0.662
0.662
0.662
0.662
0.228265
0.662
0.376158
0.448238
0.29608
0.662
0.246885
0.662
0.0975131
0.662
0.662
0.0425139
0.662
0.650995
0.662
0.662
0.662
0.232335
0.662
0.211481
0.314678
0.398073
0.203997
0.662
0.662
0.112103
0.662
0.662
0.662
0.662
0.662
0.360398
0.581794
0.160023
0.662
0.198951
0.0178085
0.662
0.662
0.322274
0.230336
0.662
0.662
0.662
0.0175275
0.662
0.662
0.662
0.274589
0.662
0.134163
0.296097
0.136187
0.662
0.662
0.662
0.205294
0.350407
0.662
0.662
0.662
0.187833
0.662
0.662
0.662
0.408915
0.542214
0.274242
0.662
0.662
0.454777
0.662
0.1564
0.662
0.662
0.662
0.0387282
0.441247
0.662
0.662
0.044824
0.662
0.662
0.662
0.662
0.633391
0.662
0.662
0.572141
0.662
0.662
0.662
0.662
0.199704
0.618556
0.365523
0.662
0.662
0.662
0.662
0.662
0.662
0.205777
0.123031
0.662
0.662
0.259975
0.42908
0.662
0.302965
0.662
0.0315902
0.662
0.632469
0.0945841
0.662
0.10228
0.0415477
0.559244
0.122922
0.364667
0.112529
0.43243
0.44862
0.662
0.662
0.290563
0.662
0.534317
0.197379
0.662
0.662
0.662
0.124205
0.201934
0.662
0.483513
0.453201
0.662
0.662
0.453552
0.601943
0.298533
0.548482
0.662
0.662
0.346182
0.662
0.584651
0.662
0.288528
0.334108
0.274119
0.662
0.662
0.0976326
0.614341
0.47511
0.662
0.662
0.662
0.0519734
0.141619
0.0228717
0.453397
0.662
0.662
0.662
0.0728214
0.662
0.662
0.662
0.662
0.428978
0.662
0.14401
0.662
0.0135764
0.662
0.662
0.323524
0.662
0.662
0.662
0.278364
0.662
0.662
0.149217
0.662
0.0122015
0.662
0.662
0.662
0.662
0.662
0.662
0.662
0.168148
0.292963
0.328478
0.662
0.662
0.662
0.662
0.282945
0.662
0.662
0.662
0.662
0.131806
0.662
0.484592
0.662
0.464318
0.662
0.662
0.662
0.662
0.197324
0.662
0.0297537
0.346524
0.546749
0.321354
0.481877
0.662
0.149399
0.662
0.662
0.662
0.304965
0.662
0.662
0.662
0.483063
0.662
0.385611
0.294094
0.662
0.179395
0.326813
0.344004
0.273224
0.662
0.662
0.22826
0.662
0.662
0.662
0.662
0.368954
0.176191
0.353205
0.385277
0.662
0.256049
0.662
0.662
0.662
0.623442
0.427513
0.662
0.662
0.662
0.45001
0.405566
0.662
0.273771
0.662
0.662
0.44733
0.662
0.662
0.662
0.102436
0.662
0.324113
0.662
0.223998
0.280747
0.662
0.662
0.662
0.662
0.34819
0.0147245
0.662
0.132811
0.419064
0.307794
0.662
0.115986
0.429552
0.464848
0.662
0.662
0.0092449
0.160318
0.662
0.126747
0.662
0.662
0.331688
0.662
0.437672
0.662
0.257207
0.162812
0.662
0.456115
0.439091
0.662
0.255165
0.662
0.347934
0.0388334
0.317463
0.455081
0.662
0.662
0.251209
0.662
0.662
0.662
0.411934
0.303682
0.662
0.662
0.662
0.601004
0.662
0.0724555
0.115013
0.00501712
0.464992
0.290599
0.662
0.662
0.440772
0.662
0.19175
0.662
0.662
0.662
0.662
0.183728
0.317939
0.187554
0.0709442
0.0451344
0.662
0.17173
0.662
0.385696
0.202439
0.30753
0.287518
0.662
0.0638656
0.662
0.662
0.662
0.662
0.662
0.662
0.662
0.662
0.38443
0.344229
0.210971
0.270461
0.417878
0.662
0.662
0.371904
0.175307
0.10921
0.662
0.0383762
0.228603
0.238338
0.662
0.355101
0.075386
0.253251
0.234024
0.0874573
0.0853579
0.662
0.210116
0.662
0.245128
0.662
0.662
0.248007
0.662
0.45574
0.662
0.332867
0.253559
0.123071
0.662
0.662
0.662
0.662
0.662
0.662
0.457426
0.218588
0.00424886
0.167492
0.662
0.531393
0.236284
0.662
0.209576
0.337574
0.398064
0.354536
0.114005
0.0520075
0.268241
0.662
0.662
0.662
0.014217
0.125952
0.26141
0.102563
0.662
0.662
0.662
0.309495
0.662
0.417879
0.662
0.361832
0.464426
0.131952
0.384066
0.413805
0.633695
0.348515
0.129666
0.662
0.014646
