0.435177
0.291414
0.20593
0.45245
0.662
0.222468
0.662
0.430369
0.662
0.415143
0.662
0.662
0.662
0.662
0.662
0.662
0.236821
0.488597
0.662
0.320263
0.662
0.343398
0.662
0.662
0.662
0.662
0.662
0.662
0.424206
0.106466
0.49395
0.662
0.662
0.662
0.246624
0.662
0.662
0.662
0.470659
0.377614
0.662
0.662
0.316429
0.662
0.662
0.662
0.662
0.454744
0.662
0.662
0.662
0.662
0.00820182
0.662
0.662
0.662
0.210237
0.662
0.662
0.662
0.269376
0.662
0.662
0.0366784
0.293696
0.254969
0.226704
0.662
0.662
0.662
0.662
0.662
0.136015
0.662
0.401171
0.176384
0.662
0.0533371
0.662
0.458983
0.315973
0.440746
0.662
0.371464
0.662
0.662
0.314366
0.0447129
0.662
0.257242
0.269544
0.662
0.159947
0.272343
0.662
0.152469
0.055848
0.349694
0.662
0.662
0.662
0.662
0.41329
0.15809
0.662
0.662
0.662
0.662
0.662
0.569828
0.430303
0.662
0.348943
0.662
0.662
0.27857
0.662
0.391351
0.662
0.260192
0.191571
0.345773
0.122311
0.662
0.662
0.332351
0.662
0.459463
0.662
0.0286922
0.409739
0.496343
0.163559
0.662
0.662
0.185032
0.662
0.162075
0.662
0.317531
0.662
0.246467
0.662
0.662
0.220505
0.662
0.039584
0.662
0.317173
0.271213
0.224972
0.662
0.119307
0.662
0.429986
0.662
0.662
0.662
0.0634108
0.662
0.0286107
0.176561
0.662
0.373182
0.662
0.636379
0.0943755
0.0377538
0.27917
0.447071
0.662
0.662
0.662
0.195866
0.662
0.662
0.424224
0.662
0.662
0.401981
0.662
0.374717
0.394841
0.137021
0.662
0.662
0.297633
0.662
0.232592
0.222682
0.595303
0.0702463
0.208261
0.662
0.662
0.662
0.129112
0.662
0.662
0.240083
0.662
0.232065
0.185767
0.42343
0.446232
0.255062
0.102611
0.461156
0.662
0.662
0.407509
0.233888
0.185829
0.662
0.360623
0.448163
0.662
0.279575
0.00203654
0.192029
0.0885092
0.662
0.662
0.662
0.662
0.662
0.497451
0.662
0.34293
0.411157
0.00957479
0.662
0.662
0.662
0.122251
0.662
0.448493
0.662
0.46269
0.0153502
0.662
0.0111685
0.352457
0.130657
0.662
0.645382
0.662
0.00482115
0.662
0.662
0.662
0.379717
0.0563721
0.662
0.662
0.662
0.2986
0.662
0.662
0.466692
0.415598
0.662
0.215118
0.380817
0.124361
0.662
0.662
0.662
0.662
0.662
0.335171
0.362359
0.662
0.662
0.469656
0.662
0.662
0.662
0.662
0.563568
0.662
0.596671
0.0284525
0.662
0.3848
0.662
0.406041
0.662
0.662
0.449033
0.206937
0.662
0.240404
0.00882326
0.662
0.662
0.265641
0.662
0.662
0.143049
0.137768
0.222103
0.234834
0.376184
0.662
0.336759
0.662
0.249689
0.662
0.662
0.29807
0.662
0.662
0.662
0.662
0.405325
0.165012
0.313763
0.662
0.662
0.0455447
0.662
0.662
0.662
0.362177
0.662
0.394736
0.335153
0.662
0.0189845
0.662
0.217444
0.216695
0.297263
0.662
0.662
0.662
0.272746
0.662
0.662
0.662
0.662
0.221505
0.277389
0.551817
0.662
0.0812216
0.662
0.662
0.662
0.662
0.186526
0.130504
0.00519734
0.662
0.662
0.662
0.0399488
0.662
0.662
0.662
0.662
0.398062
0.183336
0.662
0.470787
0.536095
0.0553628
0.212673
0.662
0.272484
0.662
0.662
0.0880867
0.141039
0.401964
0.662
0.662
0.499895
0.0319145
0.662
0.0151473
0.00659544
0.248169
0.0767196
0.376827
0.322975
0.662
0.662
0.662
0.662
0.297425
0.485879
0.662
0.662
0.662
0.662
0.662
0.276608
0.662
0.662
0.371479
0.232988
0.0221901
0.566719
0.662
0.662
0.0413581
0.517521
0.103206
0.662
0.662
0.662
0.662
0.119159
0.662
0.662
0.662
0.227307
0.384921
0.662
0.662
0.662
0.662
0.662
0.662
0.164246
0.662
0.662
0.662
0.662
0.662
0.662
0.662
0.662
0.198425
0.19895
0.662
0.0313568
0.373569
0.252489
0.093261
0.662
0.4308
0.662
0.662
0.600761
0.662
0.28413
0.124069
0.662
0.531685
0.662
0.0806511
0.662
0.276211
0.662
0.193743
0.450611
0.662
0.662
0.449647
0.0931127
0.662
0.0414533
0.662
0.402811
0.662
0.662
0.662
0.662
0.662
0.662
0.113479
0.280419
0.0999616
0.539723
0.314246
0.410357
0.662
0.317865
0.200298
0.419275
0.662
0.0255663
0.662
0.662
0.662
0.172272
0.662
0.357894
0.437212
0.298209
0.271876
0.0154688
0.296661
0.249269
0.071028
0.469228
0.662
0.662
0.26919
0.124408
0.353987
0.216159
0.662
0.0356802
0.0183433
0.583329
0.662
0.662
0.545468
0.662
0.662
0.0653219
0.662
0.341263
0.123251
0.461672
0.415311
0.0573504
0.511423
0.662
0.662
0.462331
0.374565
0.314277
0.508149
0.242274
0.32241
0.662
0.662
0.4123
0.142589
0.237042
0.189287
0.662
0.272705
0.36102
0.244707
0.662
0.662
0.662
0.662
0.662
0.450239
0.662
0.662
0.662
0.662
0.107754
0.662
0.662
0.211274
0.662
0.47726
0.262303
0.662
0.662
0.266514
0.307742
