0.662
0.662
0.436223
0.662
0.221108
0.662
0.633694
0.662
0.120352
0.447896
0.405472
0.662
0.00400239
0.662
0.662
0.103422
0.662
0.384523
0.662
0.294157
0.662
0.662
0.662
0.454992
0.662
0.662
0.662
0.662
0.0124151
0.662
0.288797
0.662
0.304375
0.412141
0.662
0.357853
0.287223
0.460616
0.225614
0.0499237
0.662
0.662
0.662
0.527057
0.0317685
0.662
0.15241
0.313986
0.662
0.662
0.662
0.662
0.662
0.662
0.254512
0.662
0.662
0.662
0.353946
0.259506
0.662
0.199846
0.662
0.662
0.662
0.171044
0.270839
0.248477
0.0994819
0.662
0.662
0.662
0.662
0.662
0.121259
0.139194
0.624532
0.450541
0.662
0.300659
0.662
0.412582
0.0876964
0.0336777
0.662
0.662
0.623038
0.662
0.469469
0.0943068
0.375951
0.554126
0.0701881
0.662
0.662
0.662
0.334133
0.4481
0.423366
0.440931
0.662
0.13669
0.662
0.206871
0.662
0.212873
0.13437
0.662
0.662
0.662
0.662
0.662
0.440143
0.152107
0.307164
0.662
0.35852
0.662
0.37172
0.301006
0.662
0.662
0.228752
0.380702
0.0560632
0.100657
0.153329
0.662
0.662
0.662
0.117881
0.633694
0.404112
0.381818
0.112696
0.662
0.662
0.662
0.662
0.190458
0.662
0.578329
0.662
0.662
0.662
0.662
0.662
0.662
0.662
0.4528
0.662
0.662
0.333213
0.347846
0.356178
0.662
0.241543
0.341291
0.662
0.457442
0.662
0.62904
0.364532
0.662
0.229801
0.352674
0.662
0.662
0.081583
0.216317
0.370752
0.338828
0.447928
0.474902
0.323234
0.186138
0.464289
0.662
0.0473257
0.662
0.4544
0.247318
0.662
0.662
0.662
0.662
0.662
0.662
0.662
0.442388
0.662
0.662
0.662
0.0223436
0.41605
0.433452
0.662
0.662
0.0588276
0.662
0.209501
0.662
0.473719
0.0545922
0.662
0.353444
0.165009
0.662
0.662
0.662
0.146545
0.38072
0.126443
0.662
0.158669
0.181729
0.662
0.494148
0.115565
0.142098
0.213167
0.296912
0.662
0.402262
0.423687
0.662
0.662
0.662
0.296292
0.662
0.392441
0.662
0.532476
0.662
0.662
0.279701
0.662
0.662
0.441453
0.0518073
0.662
0.420752
0.662
0.453781
0.302081
0.226469
0.42594
0.05205
0.00600867
0.0429178
0.662
0.662
0.662
0.662
0.662
0.662
0.662
0.662
0.662
0.662
0.239876
0.342258
0.662
0.320896
0.662
0.662
0.0125399
0.662
0.0772007
0.662
0.662
0.0783425
0.662
0.474867
0.50582
0.115476
0.270087
0.662
0.662
0.662
0.290296
0.662
0.239591
0.213405
0.662
0.662
0.662
0.662
0.662
0.361475
0.662
0.662
0.113373
0.303763
0.662
0.662
0.357553
0.662
0.235816
0.662
0.0177783
0.565976
0.446995
0.42786
0.218605
0.662
0.212153
0.662
0.662
0.32514
0.662
0.0468223
0.333985
0.662
0.282601
0.481031
0.079301
0.662
0.230069
0.662
0.0436777
0.662
0.662
0.662
0.433356
0.662
0.662
0.662
0.662
0.662
0.662
0.662
0.355371
0.399555
0.662
0.567615
0.0614105
0.182304
0.662
0.662
0.496392
0.0181247
0.662
0.329942
0.662
0.662
0.662
0.662
0.413596
0.0854833
0.50769
0.189013
0.425564
0.662
0.662
0.662
0.662
0.662
0.662
0.662
0.402339
0.219009
0.586051
0.466352
0.662
0.0400071
0.446078
0.372468
0.662
0.222551
0.383377
0.347276
0.110928
0.662
0.662
0.662
0.662
0.662
0.662
0.185823
0.168374
0.662
0.662
0.605765
0.662
0.0631063
0.662
0.439623
0.662
0.662
0.662
0.662
0.662
0.260599
0.662
0.392132
0.0903888
0.662
0.662
0.357646
0.233089
0.662
0.662
0.217773
0.296686
0.048106
0.662
0.0859956
0.310187
0.257086
0.662
0.662
0.662
0.46396
0.399796
0.662
0.662
0.662
0.598953
0.662
0.295573
0.209938
0.662
0.662
0.211781
0.662
0.246189
0.0402848
0.662
0.441554
0.662
0.662
0.662
0.662
0.662
0.368082
0.17409
0.662
0.662
0.207582
0.662
0.662
0.662
0.662
0.662
0.662
0.511872
0.419302
0.662
0.662
0.662
0.662
0.473009
0.662
0.662
0.211488
0.662
0.416329
0.662
0.387136
0.147164
0.313515
0.662
0.492515
0.0209685
0.410881
0.125139
0.662
0.662
0.365549
0.662
0.662
0.281788
0.0323754
0.662
0.662
0.662
0.662
0.197254
0.662
0.662
0.380073
0.33081
0.19327
0.440666
0.148152
0.662
0.662
0.456285
0.662
0.662
0.662
0.662
0.662
0.352041
0.427461
0.027056
0.662
0.526245
0.662
0.441151
0.176782
0.662
0.476471
0.662
0.662
0.218473
0.278712
0.662
0.470093
0.437079
0.662
0.662
0.0647825
0.662
0.662
0.633391
0.064204
0.391044
0.47965
0.338279
0.340235
0.298182
0.662
0.662
0.176977
0.200748
0.507811
0.220398
0.270831
0.0847523
0.662
0.662
0.43644
0.662
0.662
0.182397
0.46479
0.662
0.279831
0.662
0.662
0.459512
0.150109
0.662
0.662
0.662
0.662
0.204008
0.662
0.662
0.185107
0.0584413
0.467713
0.586528
0.12835
0.0898446
0.0245448
0.0260339
0.488907
0.194541
0.662
0.662
0.0210443
0.343207
0.238846
0.662
0.0817865
0.662
0.662
0.309492
0.521255
0.662
0.662
0.662
0.662
0.662
0.272133
0.662
0.662
0.247724
0.312229
0.662
0.241995
0.238781
0.311302
0.319624
0.662
0.418263
0.6076
0.662
0.662
0.662
0.336121
0.32938
0.662
0.662
0.662
0.0460605
0.41752
0.662
0.399943
0.425588
0.107621
0.662
0.662
0.240155
0.662
0.662
0.202893
0.187409
0.392539
0.295698
0.217552
0.662
