0.156868
0.662
0.662
0.0761437
0.662
0.662
0.208027
0.662
0.245472
0.662
0.389512
0.662
0.662
0.662
0.318017
0.662
0.146656
0.662
0.28172
0.662
0.302163
0.0653987
0.662
0.662
0.0751235
0.0814792
0.662
0.662
0.277899
0.0401515
0.442877
0.294906
0.0121798
0.662
0.662
0.434805
0.581089
0.534509
0.0501066
0.261469
0.662
0.662
0.662
0.662
0.662
0.471852
0.135914
0.190816
0.493296
0.662
0.305357
0.662
0.662
0.662
0.185187
0.662
0.662
0.662
0.431978
0.662
0.18736
0.662
0.113928
0.0304802
0.280951
0.662
0.662
0.446987
0.662
0.291537
0.662
0.662
0.662
0.662
0.441269
0.662
0.662
0.186675
0.253657
0.662
0.662
0.549848
0.662
0.662
0.662
0.00678293
0.662
0.146016
0.662
0.284407
0.662
0.662
0.477124
0.183941
0.444031
0.662
0.472605
0.662
0.662
0.662
0.662
0.588983
0.302466
0.662
0.662
0.662
0.662
0.198034
0.662
0.371994
0.122076
0.321453
0.662
0.662
0.662
0.390766
0.662
0.662
0.662
0.662
0.220667
0.662
0.662
0.393143
0.396074
0.662
0.153995
0.662
0.412639
0.385728
0.121715
0.00771946
0.383375
0.438975
0.265217
0.170245
0.662
0.23708
0.662
0.662
0.662
0.662
0.0399762
0.662
0.593568
0.662
0.220885
0.0823248
0.662
0.458534
0.0370778
0.662
0.465197
0.193924
0.662
0.662
0.405351
0.662
0.662
0.456971
0.401108
0.154803
0.131233
0.00623684
0.428747
0.0320166
0.662
0.662
0.662
0.328186
0.662
0.0405781
0.662
0.159117
0.460783
0.207748
0.436507
0.131916
0.662
0.662
0.662
0.662
0.662
0.662
0.190685
0.662
0.117052
0.452497
0.355836
0.662
0.452507
0.662
0.662
0.429443
0.662
0.207934
0.662
0.093224
0.662
0.662
0.317659
0.171888
0.662
0.662
0.662
0.267219
0.482571
0.662
0.473
0.418589
0.471266
0.662
0.662
0.662
0.662
0.202672
0.0951698
0.660691
0.662
0.0623859
0.125757
0.662
0.662
0.0284358
0.662
0.662
0.247158
0.0807218
0.662
0.662
0.200108
0.0176435
0.662
0.662
0.662
0.662
0.662
0.662
0.662
0.0963342
0.662
0.662
0.00375237
0.360795
0.101706
0.662
0.662
0.252257
0.662
0.290744
0.662
0.358067
0.393564
0.662
0.662
0.662
0.09855
0.662
0.662
0.00686768
0.662
0.662
0.0399364
0.241457
0.233419
0.139584
0.662
0.540266
0.662
0.662
0.662
0.662
0.254061
0.115557
0.626614
0.121294
0.662
0.662
0.662
0.662
0.662
0.662
0.400817
0.396192
0.334876
0.662
0.662
0.662
0.662
0.372507
0.362711
0.23332
0.253722
0.662
0.662
0.662
0.288793
0.396622
0.662
0.107214
0.662
0.401643
0.390763
0.662
0.662
0.662
0.0901725
0.0231498
0.351477
0.662
0.662
0.662
0.047177
0.51586
0.662
0.662
0.662
0.662
0.304446
0.662
0.248025
0.662
0.0832411
0.662
0.456188
0.662
0.662
0.471958
0.662
0.297223
0.662
0.662
0.662
0.662
0.0836064
0.662
0.662
0.662
0.662
0.662
0.662
0.0426376
0.662
0.662
0.0681957
0.662
0.662
0.422131
0.456005
0.662
0.46013
0.662
0.662
0.30329
0.181433
0.473372
0.222624
0.662
0.079722
0.312239
0.293265
0.662
0.285718
0.398081
0.662
0.662
0.662
0.220987
0.0754259
0.662
0.334491
0.662
0.177236
0.214115
0.662
0.457686
0.662
0.445028
0.0664703
0.503618
0.662
0.662
0.114669
0.15282
0.0415543
0.406661
0.662
0.662
0.109908
0.182215
0.290322
0.116075
0.420973
0.0873943
0.662
0.662
0.662
0.0413792
0.662
0.662
0.662
0.0366712
0.458366
0.116548
0.662
0.662
0.0580017
0.662
0.0150942
0.134353
0.271916
0.273144
0.354823
0.305325
0.662
0.662
0.248033
0.244251
0.184827
0.662
0.662
0.662
0.108244
0.31369
0.662
0.662
0.217401
0.211254
0.357366
0.182687
0.662
0.662
0.471142
0.211051
0.662
0.179664
0.110923
0.662
0.371193
0.662
0.403144
0.181633
0.662
0.662
0.662
0.155653
0.662
0.662
0.662
0.662
0.170743
0.662
0.42277
0.662
0.662
0.0738578
0.662
0.418912
0.662
0.158922
0.662
0.424975
0.662
0.177821
0.465388
0.0376323
0.662
0.435167
0.319317
0.662
0.662
0.570412
0.662
0.662
0.641089
0.31537
0.662
0.662
0.662
0.662
0.00882834
0.662
0.0821703
0.662
0.189292
0.106883
0.662
0.409083
0.114158
0.662
0.662
0.662
0.662
0.662
0.101586
0.471261
0.662
0.662
0.465386
0.374755
0.201531
0.182815
0.154887
0.347048
0.662
0.662
0.662
0.662
0.662
0.346334
0.662
0.507903
0.469977
0.662
0.490184
0.264175
0.662
0.174911
0.0550457
0.662
0.0533869
0.486642
0.662
0.18165
0.662
0.662
0.295935
0.0198381
0.178539
0.662
0.444056
0.662
0.662
0.196798
0.166309
0.481433
0.157134
0.662
0.361067
0.662
0.662
0.100947
0.207254
0.662
0.662
0.410212
0.568513
0.662
0.662
0.662
0.389123
0.662
0.662
0.324801
0.662
0.662
0.662
0.452242
0.662
0.662
0.662
0.662
0.289977
0.330851
0.662
0.662
0.417254
0.250104
0.662
0.662
0.200178
0.662
0.662
0.0525564
0.116235
0.232469
0.662
0.662
0.345985
0.662
0.662
0.662
0.132307
0.662
0.271194
0.662
0.152565
0.345126
0.662
0.662
0.662
0.662
0.662
0.662
0.114103
0.662
0.0256661
0.41285
0.662
0.662
0.612383
0.657371
0.662
0.662
0.114598
0.218117
0.486209
0.0929142
0.662
0.0144046
0.662
0.662
0.558938
0.662
0.662
0.30596
0.662
0.662
0.662
0.662
0.662
0.662
0.159118
0.662
0.0492228
0.662
0.453686
0.363116
0.274395
0.0156593
0.127589
0.662
0.662
0.662
0.662
0.662
0.00767379
0.662
0.259423
0.662
0.173362
0.0165787
0.662
0.0628027
0.662
0.314571
0.662
0.662
0.662
0.662
0.609378
0.171341
0.0971312
0.662
0.662
0.662
0.0330488
0.662
0.12976
0.662
0.662
0.662
0.155805
0.662
0.212363
0.662
0.662
0.662
0.209489
0.662
0.662
0.662
0.239209
0.662
0.0243824
0.445068
0.361605
0.492748
0.473511
0.190765
0.662
0.662
0.662
0.406804
0.0328864
0.23772
0.0853624
0.456712
0.662
0.461294
0.37014
0.437887
0.18124
0.662
0.583115
0.265709
0.464021
0.387707
0.662
0.662
0.662
0.409963
0.308241
0.39378
0.0882975
0.662
0.0282044
0.0944629
0.662
0.383736
0.662
0.662
0.0838409
0.494833
0.662
0.662
0.662
0.320604
0.662
0.662
0.481038
0.304431
0.0279193
0.662
0.662
0.294888
0.264013
0.32587
0.662
0.263139
0.231198
0.196534
0.662
0.662
0.662
0.341851
0.408696
0.297148
0.169487
0.662
0.470918
0.662
0.272881
0.0976145
0.194568
0.662
0.662
0.0754145
0.662
0.010859
0.662
0.275113
0.3614
0.325349
0.662
0.662
0.589473
0.399282
0.662
0.0555709
0.662
0.662
0.662
0.662
0.662
0.662
0.410075
0.662
0.183585
0.0878544
0.338795
0.662
0.362359
0.662
0.662
0.258604
0.662
0.662
0.662
0.324168
0.662
0.662
0.662
0.662
0.357623
0.272032
0.662
0.26921
0.311472
0.662
0.662
0.662
0.662
0.662
0.662
0.662
0.662
0.154692
0.662
0.662
0.662
0.662
0.0204249
0.662
0.662
0.00872519
0.662
0.0697129
0.662
0.662
0.180373
0.662
0.233245
0.155593
0.245466
0.662
0.164933
0.662
0.662
0.429475
0.442887
0.662
0.0554803
0.662
0.590398
0.442024
0.280642
0.59586
0.662
0.395135
0.662
0.251563
0.493225
0.662
0.314437
0.605092
0.133573
0.495653
0.662
0.662
0.662
0.662
0.21774
0.164712
0.221374
0.306502
0.662
0.662
0.662
0.576075
0.383147
0.462602
0.662
0.012182
0.662
0.185007
0.0585585
0.662
0.362322
0.662
0.371362
0.662
0.662
0.662
0.662
0.662
0.345462
0.28133
0.662
0.181806
0.41395
0.662
0.0500541
0.662
0.266632
0.662
0.464899
0.403461
0.307428
0.453861
0.662
0.662
0.178412
0.662
0.662
0.662
0.662
0.313121
0.400036
0.662
0.380488
0.138323
0.662
0.385857
0.662
0.662
0.662
0.302532
0.0390693
0.406831
0.662
0.37926
0.24088
0.662
0.0174014
0.662
0.110386
0.662
0.662
0.259979
0.633391
0.4934
0.236706
0.0602219
0.160512
0.662
0.147617
0.662
0.211925
0.437883
0.662
0.485234
0.662
0.467438
0.662
0.662
0.662
0.0459387
0.420298
0.662
0.308326
0.662
0.662
0.662
0.124057
0.420123
0.662
0.662
0.662
0.235385
0.368383
0.662
0.175252
0.377954
0.379396
0.176787
0.662
0.662
0.141713
0.0361075
0.198732
0.383963
0.662
0.662
0.246922
0.662
0.16182
0.662
0.662
0.365779
0.236685
0.662
0.662
0.247657
0.402769
0.32326
0.0102258
0.0296861
0.662
0.662
0.274946
0.662
0.662
0.283123
0.0620771
0.662
0.662
0.0172498
0.321005
0.662
0.0939352
0.662
0.662
0.377043
0.662
0.471095
0.060045
0.449287
0.297397
0.662
0.637705
0.198117
0.206743
0.662
0.0753886
0.662
