0.464061
0.236577
0.662
0.662
0.163545
0.662
0.662
0.662
0.662
0.364433
0.160206
0.523839
0.121615
0.354859
0.662
0.662
0.662
0.662
0.252419
0.662
0.662
0.0945305
0.297487
0.288206
0.662
0.312126
0.33801
0.337706
0.662
0.662
0.270618
0.222413
0.0978793
0.662
0.0518738
0.161283
0.662
0.662
0.36087
0.662
0.363861
0.383294
0.0605653
0.662
0.662
0.197296
0.16642
0.662
0.662
0.662
0.573877
0.662
0.662
0.273851
0.662
0.0121844
0.389798
0.662
0.662
0.662
0.662
0.182091
0.662
0.662
0.442148
0.438854
0.662
0.662
0.662
0.662
0.662
0.360524
0.662
0.157113
0.662
0.386225
0.662
0.662
0.266134
0.318737
0.662
0.479724
0.59291
0.376526
0.409102
0.603079
0.662
0.617226
0.289104
0.0230242
0.662
0.662
0.662
0.662
0.662
0.227687
0.662
0.662
0.252307
0.662
0.662
0.662
0.662
0.662
0.0698598
0.662
0.662
0.662
0.662
0.434495
0.662
0.0505068
0.662
0.662
0.662
0.160735
0.246715
0.662
0.662
0.475573
0.477157
0.662
0.662
0.662
0.182127
0.662
0.662
0.662
0.331996
0.43577
0.395192
0.662
0.385909
0.662
0.529247
0.436795
0.278704
0.324156
0.662
0.253776
0.190967
0.662
0.324168
0.662
0.662
0.248788
0.662
0.185603
0.341966
0.356461
0.662
0.240785
0.362609
0.662
0.662
0.662
0.662
0.662
0.662
0.662
0.662
0.662
0.662
0.662
0.662
0.109079
0.193911
0.662
0.662
0.662
0.100716
0.115624
0.420254
0.430056
0.662
0.662
0.662
0.662
0.662
0.547031
0.0304153
0.662
0.292662
0.410622
0.662
0.662
0.662
0.417065
0.662
0.434256
0.662
0.338954
0.662
0.25798
0.435759
0.662
0.662
0.662
0.643581
0.0602928
0.662
0.0405381
0.350931
0.3861
0.662
0.662
0.35566
0.662
0.111405
0.34298
0.662
0.662
0.00483539
0.662
0.662
0.662
0.662
0.662
0.133209
0.183902
0.662
0.179436
0.21903
0.14959
0.662
0.662
0.137207
0.662
0.662
0.662
0.662
0.662
0.662
0.295793
0.0330124
0.268569
0.662
0.662
0.662
0.222458
0.662
0.662
0.662
0.0341596
0.0313024
0.633694
0.662
0.0812133
0.662
0.39605
0.364427
0.592647
0.02723
0.662
0.662
0.662
0.39945
0.662
0.662
0.662
0.662
0.662
0.662
0.0644863
0.00785809
0.361061
0.662
0.231807
0.662
0.662
0.662
0.396504
0.662
0.00630626
0.662
0.662
0.662
0.662
0.401337
0.662
0.150325
0.201426
0.405279
0.662
0.662
0.662
0.498001
0.444484
0.123262
0.607976
0.241998
0.222309
0.662
0.247672
0.209291
0.662
0.662
0.662
0.662
0.378123
0.662
0.662
0.470622
0.35057
0.662
0.0691226
0.0191067
0.662
0.662
0.260625
0.662
0.106188
0.066439
0.507124
0.662
0.662
0.662
0.662
0.226143
0.662
0.342998
0.265517
0.137683
0.233283
0.662
0.442242
0.662
0.178736
0.662
0.662
0.662
0.662
0.20402
0.241298
0.662
0.662
0.538134
0.662
0.662
0.662
0.184978
0.394805
0.000949673
0.486756
0.662
0.408633
0.356211
0.531497
0.662
0.18713
0.325693
0.662
0.662
0.662
0.233216
0.243016
0.662
0.253949
0.418924
0.662
0.662
0.31053
0.224498
0.662
0.222747
0.390583
0.662
0.104665
0.662
0.662
0.00487193
0.0968177
0.0288937
0.0321859
0.662
0.294413
0.0462396
0.456068
0.234187
0.662
0.369596
0.418474
0.662
0.662
0.241908
0.662
0.662
0.662
0.47378
0.205185
0.147022
0.662
0.320243
0.189501
0.662
0.662
0.662
0.0309753
0.414847
0.662
0.234846
0.267663
0.662
0.0322701
0.203853
0.349918
0.662
0.662
0.310988
0.662
0.662
0.662
0.662
0.662
0.534924
0.465037
0.662
0.662
0.459273
0.0344708
0.662
0.25063
0.113905
0.662
0.173257
0.662
0.0429541
0.662
0.662
0.662
0.662
0.27619
0.433255
0.662
0.662
0.662
0.151322
0.211713
0.662
0.0284882
0.662
0.662
0.662
0.416764
0.662
0.522429
0.662
0.620482
0.662
0.252938
0.471746
0.662
0.662
0.131709
0.662
0.662
0.662
0.168615
0.662
0.232925
0.662
0.662
0.0690283
0.662
0.662
0.662
0.662
0.662
0.662
0.222898
0.662
0.498097
0.662
0.0726608
0.662
0.662
0.419365
0.117907
0.100461
0.39743
0.662
0.45824
0.662
0.177978
0.0257267
0.0752376
0.464634
0.227228
0.662
0.662
0.510175
0.662
0.662
0.144979
0.278798
0.662
0.662
0.00328284
0.662
0.317854
0.339877
0.287011
0.662
0.662
0.517386
0.653346
0.387905
0.662
0.222194
0.662
0.662
0.662
0.380204
0.542479
0.197875
0.352806
0.662
0.0902162
0.662
0.662
0.272593
0.662
0.662
0.662
0.630602
0.318493
0.662
0.662
0.662
0.662
0.43684
0.662
0.349474
0.662
0.00959088
0.0551288
0.197084
0.476084
0.392389
0.247924
0.397461
0.662
0.662
0.662
0.00541101
0.429998
0.0850092
0.194086
0.662
0.117942
0.117161
0.662
0.318513
0.365423
0.0523747
0.662
0.662
0.662
0.470334
0.394631
0.124686
0.662
0.662
0.109859
0.0330802
0.662
0.311961
0.378269
0.662
0.287346
0.662
0.662
0.035769
0.456419
0.662
0.662
0.662
0.583145
0.662
0.662
0.0895095
0.0203715
0.662
0.161776
0.662
0.662
0.559799
0.100605
0.134062
0.662
0.240714
0.662
0.662
0.436582
0.662
0.662
0.662
0.662
0.343924
0.662
0.662
0.59287
0.662
0.38712
0.174429
0.662
0.138044
0.662
0.486252
0.662
0.327849
0.40299
0.662
0.248625
0.405026
0.662
0.479651
0.477521
0.627865
0.662
0.662
0.45101
0.0252547
0.662
0.662
0.227137
0.662
0.2641
0.662
0.662
0.662
0.160814
0.662
0.0666017
0.662
0.572484
0.56813
0.662
0.218288
0.448032
0.0211509
0.0410648
0.0098608
0.0324236
0.662
0.58112
0.459206
0.435195
0.662
0.662
0.662
0.425788
0.662
0.662
0.0967529
0.662
0.00456728
0.662
0.409891
0.662
0.662
0.662
0.662
0.662
0.0603732
0.246652
0.289067
0.662
0.150662
0.233375
0.662
0.512135
0.662
0.662
0.662
0.662
0.207955
0.433104
0.662
0.662
0.662
0.662
0.662
0.558807
0.454185
0.662
0.456899
0.662
0.662
0.662
0.662
0.662
0.123353
0.0601601
0.143598
0.662
0.244702
0.662
0.164261
0.191037
0.130378
0.662
0.281801
0.155395
0.0861919
0.662
0.452388
0.662
0.662
0.662
0.114377
0.662
0.456813
0.198366
0.348483
0.662
0.662
0.0312938
0.662
0.662
0.662
0.201513
0.169746
0.662
0.662
0.662
0.147144
0.662
0.662
0.0545015
0.662
0.662
0.662
0.662
0.662
0.662
0.662
0.127906
0.662
0.170028
0.155986
0.303291
0.662
0.161115
0.137818
0.461617
0.192958
0.662
0.662
0.662
0.662
0.662
0.662
0.662
0.662
0.461573
0.662
0.39781
0.305744
0.662
0.293544
0.00447973
0.593713
0.662
0.435188
0.662
0.358569
0.662
0.321551
0.662
0.662
0.343423
0.0848851
0.453269
0.245776
0.662
0.662
0.662
0.662
0.285889
0.662
0.662
0.415777
0.47048
0.0612934
0.662
0.396649
0.662
0.205534
0.486618
0.662
0.04294
0.662
0.458612
0.662
0.662
0.332429
0.662
0.169722
0.46245
0.662
0.662
0.662
0.471017
0.111403
0.39645
0.662
0.662
0.454933
0.662
0.662
0.205785
0.026494
0.270539
0.288981
0.662
0.662
0.662
0.662
0.662
0.115851
0.306965
0.662
0.662
0.0295554
0.100097
0.662
0.662
0.466628
0.662
0.307864
0.272578
0.42048
0.210204
0.455735
0.401874
0.552013
0.466742
0.662
0.364936
0.662
0.366797
0.417726
0.662
0.120289
0.662
0.250212
0.662
0.662
0.662
0.662
0.662
0.662
0.445807
0.662
0.394962
0.418908
0.662
0.662
0.0231027
0.0616108
0.662
0.662
0.280972
0.662
0.662
0.440102
0.437345
0.662
0.23723
0.662
0.662
0.662
0.662
0.239477
0.152041
0.229273
0.662
0.662
0.446747
0.662
0.208041
0.662
0.662
0.628354
0.448499
0.662
0.662
0.662
0.341426
0.662
0.417467
0.662
0.662
0.662
0.662
0.662
0.385661
0.662
0.273163
0.348351
0.662
0.240121
0.301755
0.662
0.662
0.08809
0.25123
0.284632
0.197511
0.420673
0.249297
0.0806104
0.0326747
0.662
0.0092855
0.662
0.429418
0.126845
0.662
0.361454
0.662
0.265909
0.271839
0.662
0.467058
0.662
0.420021
0.662
0.662
0.662
0.0380499
0.662
0.662
0.662
0.662
0.520301
0.0499329
0.292249
0.662
0.662
0.662
0.662
0.662
0.0750268
0.211479
0.662
0.662
0.662
0.662
0.115503
0.662
0.442367
0.30005
0.662
0.662
0.662
0.662
0.328184
0.662
0.662
0.546245
0.397929
0.435759
0.662
0.662
0.662
0.662
0.662
0.205805
0.662
0.662
0.662
0.418104
0.662
0.662
0.662
0.407357
0.116944
0.662
0.165644
0.662
0.662
0.563728
0.0106308
0.19667
0.0219931
0.351415
0.496568
0.662
0.0976364
0.501094
0.0815879
0.662
0.466422
0.662
0.0289788
0.662
0.662
0.470012
0.142428
0.391422
0.662
0.662
0.662
0.241052
0.662
0.293853
0.413027
0.662
0.16642
0.422586
0.0948816
0.662
0.210177
0.662
0.662
0.662
0.662
0.662
0.662
0.662
0.0836357
0.0103986
0.662
0.662
0.662
0.662
0.173605
0.662
0.662
0.468284
0.441053
0.662
0.152073
0.144381
0.401421
0.662
0.662
0.18628
0.662
0.662
0.0627129
0.255071
0.662
0.185744
0.662
0.31681
0.662
0.662
0.0179466
0.599599
0.280034
0.346307
0.0644323
0.464277
0.662
0.662
0.662
0.662
0.662
0.00144528
0.662
0.0678976
0.662
0.662
0.433437
0.662
0.308627
0.0997665
0.662
0.662
0.190303
0.524375
0.00612299
0.282139
0.019709
0.196075
0.662
0.662
0.62508
0.488854
0.0770187
0.353851
0.119117
0.662
0.401612
0.466731
0.448209
0.479105
0.174
0.274824
0.121723
0.407672
0.662
0.662
0.128573
0.385409
0.448554
0.662
0.662
0.662
0.414093
0.572981
0.662
0.326974
0.662
0.150476
0.662
0.233719
0.662
0.662
0.662
0.171529
0.662
0.662
0.0418813
0.0632307
0.662
0.408289
0.662
0.214497
0.201084
0.21388
0.662
0.243895
0.385004
0.510353
0.310984
0.215888
0.45745
0.159538
0.0320097
0.202814
0.662
0.662
0.662
0.416188
0.662
0.662
0.662
0.662
0.00589161
0.662
0.468921
0.244067
0.10595
0.352368
0.662
0.193664
0.662
0.0380896
0.420592
0.167085
0.0886882
0.28299
0.423171
0.425807
0.334942
0.0369092
0.662
0.219293
0.374903
0.662
0.662
0.308175
0.482509
0.330645
0.39557
0.152061
0.121427
0.662
0.381262
0.662
0.662
0.662
0.069017
0.172263
0.662
0.662
0.662
0.662
0.662
0.377718
0.662
0.310533
0.662
0.463727
0.384046
0.662
0.662
0.360521
0.303379
0.230553
0.662
0.394998
0.662
0.421393
0.662
0.105587
0.662
0.431132
0.662
0.662
0.662
0.662
0.523286
0.159676
0.157764
0.198062
0.662
0.501314
0.662
0.662
0.473253
0.0273611
0.662
0.662
0.662
0.662
0.554381
0.401013
0.662
0.0667762
0.662
0.261402
0.118437
0.334695
0.188238
0.359395
0.662
0.183519
0.662
0.469985
0.662
0.662
0.24898
0.662
0.200597
0.662
0.662
0.662
0.469376
0.662
0.281416
0.662
0.158893
0.1728
0.662
0.188872
0.662
0.662
0.103646
0.0026879
0.662
0.350563
0.399136
0.662
0.21261
0.662
0.386843
0.0802515
0.0751258
0.662
0.662
0.662
0.411037
0.662
0.132079
0.662
0.662
0.368085
0.174012
0.662
0.662
0.32711
0.662
0.449031
0.130427
0.082114
0.326198
0.662
0.662
0.0286822
0.0682196
0.662
0.662
0.662
0.662
0.662
0.662
0.193577
0.662
0.662
0.316489
0.0970067
0.187997
0.419658
0.662
0.662
0.181804
0.662
0.662
0.290504
0.662
0.0517227
0.183912
0.662
0.33485
0.425087
0.662
0.417249
0.29739
0.26682
0.662
0.0124437
0.662
0.662
0.375803
0.662
0.662
0.229373
0.662
0.624238
0.662
0.662
0.662
0.266822
0.662
0.662
0.662
0.0992365
0.662
0.662
0.224876
0.181459
0.662
0.662
0.297045
0.662
0.662
0.260892
0.30892
0.662
0.662
0.662
0.662
0.662
0.118032
0.330795
0.662
0.0211453
0.318791
0.662
0.415239
0.0278073
0.662
0.333366
0.473672
0.662
0.196596
0.662
0.662
0.395023
0.000326704
0.662
0.662
0.255463
0.662
0.662
0.31878
0.662
0.662
0.662
0.662
0.38541
0.633694
0.202461
0.226098
0.662
0.662
0.236932
0.662
0.423564
0.662
0.225113
0.662
0.662
0.662
0.00571992
0.662
0.529149
0.662
0.662
0.662
0.662
0.0602403
0.100097
0.662
0.662
0.662
0.662
0.330273
0.662
0.662
0.0529927
0.344193
0.0100909
0.662
0.662
0.0995378
0.175302
0.662
0.0899975
0.662
0.339767
0.662
0.662
0.662
0.662
0.429616
0.210398
0.148777
0.662
0.149674
0.662
0.662
0.0852696
0.217724
0.0822678
0.662
0.662
0.662
0.105437
0.662
0.455817
0.13015
0.662
0.0783018
0.0624536
0.453075
0.0603696
0.662
0.429405
0.223188
0.153359
0.0984647
0.662
0.265436
0.0944584
0.662
0.662
0.229057
0.662
0.236144
0.662
0.279276
0.244017
0.297331
0.181355
0.224348
0.245069
0.662
0.234477
0.662
0.662
0.388024
0.662
0.662
0.662
0.184072
0.662
0.473252
0.662
0.662
0.153309
0.0358749
0.0922686
0.662
0.662
0.521423
0.662
0.662
0.462392
0.662
0.662
0.181109
0.662
0.0472595
0.162165
0.523754
0.662
0.200227
0.662
0.662
0.0234612
0.38573
0.314044
0.662
0.46415
0.662
0.21805
0.466069
0.105451
0.662
0.662
0.662
0.0364109
0.662
0.188394
0.662
0.0986362
0.662
0.249325
0.13908
0.662
0.662
0.662
0.662
0.662
0.25257
0.30752
0.607308
0.121437
0.0537701
0.662
0.662
0.662
0.169788
0.270361
0.350807
0.662
0.662
0.0883429
0.662
0.662
0.662
0.662
0.662
0.662
0.662
0.662
0.252829
0.278325
0.418333
0.0872526
0.220394
0.355503
0.3166
0.521218
0.662
0.358568
0.375129
0.662
0.611893
0.207254
0.662
0.0383148
0.662
0.0900033
0.662
0.662
0.264535
0.25567
0.430875
0.662
0.203544
0.662
0.662
0.352528
0.662
0.662
0.662
0.662
0.0607984
0.662
0.317312
0.215602
0.280535
0.662
0.105032
0.388946
0.662
0.662
0.662
0.463002
0.662
0.352169
0.0156424
0.662
0.662
0.662
0.229568
0.662
0.662
0.307612
0.401249
0.662
0.0202659
0.662
0.203502
0.14083
0.110968
0.30158
0.662
0.11619
0.009994
0.250448
0.0338868
0.147859
0.11617
0.274443
0.662
0.470633
0.662
0.662
0.662
0.364582
0.0931651
0.662
0.662
0.405557
0.0434438
0.197736
0.662
0.0875471
0.451307
0.662
0.0820937
0.662
0.662
0.662
0.662
0.126451
0.326966
0.530548
0.662
0.304687
0.626003
0.662
0.662
0.0999583
0.662
0.566887
0.662
0.662
0.662
0.662
0.662
0.662
0.464867
0.239355
0.662
0.0726431
0.662
0.390032
0.662
0.662
0.662
0.662
0.662
0.662
0.662
0.662
0.662
0.662
0.295333
0.0938456
0.0391321
0.197662
0.662
0.158406
0.253852
0.247744
0.228564
0.662
0.202047
0.195844
0.662
0.193922
0.45127
0.662
0.135906
0.327699
0.662
0.662
0.662
0.43193
0.285382
0.662
0.662
0.230913
0.332868
0.399581
0.436766
0.662
0.462078
0.218149
0.160859
0.662
0.454579
0.662
0.448227
0.662
0.157324
0.116559
0.207052
0.370339
0.662
0.133621
0.662
0.404862
0.0454015
0.209379
0.242146
0.279685
0.662
0.662
0.115545
0.662
0.662
0.662
0.662
0.0790317
0.477075
0.273365
0.428768
0.0221851
0.662
0.662
0.12219
0.662
0.662
0.662
0.662
0.662
0.440087
0.662
0.662
0.662
0.662
0.170592
0.662
0.662
0.662
0.58764
0.662
0.323347
0.662
0.365801
0.662
0.662
0.662
0.292588
0.419113
0.196945
0.00509659
0.662
0.662
0.662
0.662
0.662
0.439793
0.662
0.347027
0.181495
0.662
0.208791
0.662
0.662
0.662
0.662
0.662
0.446062
0.104121
0.662
0.141492
0.662
0.662
0.268789
0.371868
0.0178036
0.662
0.479742
0.42035
0.0883904
0.068834
0.0274985
0.662
0.478166
0.169909
0.662
0.0568754
0.567115
0.662
0.662
0.178884
0.136128
0.518695
0.333238
0.200707
0.449256
0.662
0.662
0.662
0.242025
0.662
0.662
0.662
0.662
0.662
0.662
0.662
0.662
0.662
0.112301
0.200231
0.662
0.662
0.160302
0.402366
0.662
0.333292
0.662
0.662
0.662
0.170556
0.662
0.455343
0.353558
0.662
0.662
0.662
0.0258126
0.662
0.662
0.662
0.12846
0.662
0.0412172
0.161715
0.662
0.233488
0.662
0.0119886
0.412088
0.662
0.314866
0.662
0.0657095
0.19132
0.662
0.352632
0.662
0.662
0.662
0.662
0.251752
0.662
0.421278
0.662
0.2669
0.440631
0.0776435
0.662
0.475653
0.662
0.662
0.419522
0.171344
0.662
0.662
0.662
0.402972
0.515272
0.459724
0.0476031
0.0828568
0.662
0.662
0.662
0.662
0.662
0.662
0.228226
0.246948
0.420689
0.662
0.662
0.662
0.662
0.203183
0.556392
0.253264
0.191405
0.326024
0.351714
0.662
0.0448255
0.189203
0.573153
0.464523
0.569813
0.0111293
0.367131
0.176603
0.586015
0.63339
0.641948
0.662
0.662
0.662
0.421132
0.313694
0.413475
0.662
0.662
0.00408819
0.454495
0.233649
0.289245
0.131809
0.662
0.471553
0.102088
0.662
0.203719
0.432465
0.662
0.370907
0.397816
0.48276
0.114316
0.436456
0.259027
0.662
0.177646
0.662
0.662
0.662
0.662
0.378812
0.662
0.130212
0.50734
0.325038
0.194219
0.662
0.662
0.662
0.662
0.445533
0.662
0.662
0.662
0.662
0.662
0.662
0.416061
0.662
0.662
0.662
0.662
0.662
0.340597
0.050807
0.436038
0.32507
0.0355312
0.662
0.662
0.295957
0.662
0.466597
0.662
0.662
0.662
0.215538
0.662
0.662
0.662
0.492406
0.14513
0.420251
0.662
0.662
0.195234
0.662
0.662
0.662
0.391996
0.662
0.366629
0.662
0.662
0.0883054
0.368196
0.332027
0.200562
0.336165
0.662
0.662
0.118775
0.313582
0.310903
0.0104481
0.153598
0.139999
0.181871
0.662
0.662
0.289599
0.161995
0.397919
0.375479
0.662
0.0623799
0.325356
0.662
0.363272
0.204729
0.090982
0.212
0.662
0.662
0.218197
0.662
0.0835284
0.662
0.407028
0.633391
0.662
0.662
0.662
0.28792
0.662
0.229532
0.0987982
0.662
0.253541
0.361439
0.328051
0.0975452
0.662
0.444486
0.662
0.662
0.662
0.0467788
0.662
0.662
0.294021
0.35007
0.430102
0.662
0.662
0.662
0.192441
0.31657
0.662
0.662
0.662
0.662
0.187856
0.29543
0.174081
0.372286
0.333493
0.461548
0.357884
0.662
0.323403
0.662
0.662
0.328817
0.662
0.662
0.662
0.662
0.578865
0.41994
0.662
0.662
0.662
0.525679
0.064021
0.662
0.662
0.662
0.662
0.662
0.264967
0.474734
0.662
0.662
0.131117
0.51534
0.662
0.430403
0.0944935
0.662
0.662
0.662
0.662
0.662
0.662
0.433142
0.662
0.451852
0.662
0.662
0.0245687
0.11738
0.662
0.102887
0.662
0.469931
0.662
0.339742
0.662
0.0622456
0.662
0.183385
0.456358
0.662
0.662
0.662
0.662
0.662
0.662
0.662
0.219219
0.269699
0.662
0.115201
0.662
0.662
0.662
0.102195
0.662
0.662
0.662
0.662
0.177703
0.115094
0.109656
0.596531
0.662
0.332185
0.662
0.298998
0.0803008
0.370464
0.461455
0.429073
0.662
0.662
0.662
0.662
0.662
0.662
0.662
0.662
0.662
0.662
0.662
0.340983
0.311943
0.33244
0.00679183
0.155973
0.662
0.662
0.21011
0.317014
0.662
0.662
0.662
0.474352
0.662
0.662
0.271038
0.662
0.340531
0.337726
0.0628394
0.662
0.16211
0.00643083
0.0985472
0.662
0.662
0.394066
0.662
0.662
0.416541
0.662
0.662
0.662
0.219268
0.662
0.662
0.662
0.662
0.401701
0.662
0.0729805
0.421595
0.318255
0.662
0.662
0.232762
0.266414
0.207587
0.0306277
0.662
0.040448
0.17916
0.662
0.397524
0.662
0.279275
0.325413
0.662
0.0298548
0.662
0.525787
0.176482
0.434884
0.662
0.117449
0.545834
0.662
0.329944
0.0892247
0.662
0.662
0.662
0.662
0.114316
0.426584
0.662
0.0153222
0.662
0.662
0.662
0.662
0.662
0.263374
0.172714
0.255011
0.662
0.662
0.662
0.466059
0.662
0.662
0.409935
0.574231
0.10065
0.662
0.662
0.662
0.463487
0.441596
0.662
0.662
0.662
0.662
0.662
0.30749
0.155577
0.0200305
0.00687637
0.268637
0.474511
0.662
0.662
0.662
0.0953637
0.307147
0.662
0.662
0.0668465
0.24764
0.662
0.551534
0.662
0.652127
0.662
0.36567
0.274144
0.032396
0.662
0.662
0.662
0.362768
0.662
0.662
0.662
0.16012
0.662
0.662
0.275195
0.393799
0.650816
0.662
0.0434975
0.246695
0.275313
0.662
0.437809
0.662
0.662
0.662
0.229202
0.524583
0.662
0.198385
0.662
0.073708
0.662
0.662
0.237695
0.153191
0.0991889
0.662
0.662
0.662
0.662
0.138811
0.0540603
0.662
0.662
0.662
0.167092
0.662
0.662
0.662
0.662
0.39423
0.662
0.662
0.00684811
0.662
0.662
0.662
0.662
0.662
0.662
0.662
0.407858
0.085558
0.429901
0.472285
0.662
0.662
0.461425
0.662
0.662
0.145943
0.19906
0.662
0.662
0.662
0.361474
0.662
0.662
0.662
0.662
0.190569
0.662
0.0905323
0.537646
0.36361
0.450629
0.0307999
0.39715
0.662
0.662
0.244134
0.662
0.662
0.662
0.463358
0.421804
0.662
0.662
0.174178
