0.196605
0.181633
0.662
0.662
0.662
0.479128
0.0973499
0.662
0.662
0.468774
0.431978
0.662
0.662
0.469799
0.155563
0.31539
0.238018
0.662
0.662
0.662
0.00678293
0.173608
0.662
0.662
0.662
0.662
0.634166
0.662
0.615048
0.662
0.464021
0.193578
0.396709
0.221265
0.406247
0.662
0.662
0.0133543
0.662
0.662
0.0117525
0.352534
0.662
0.662
0.0623657
0.662
0.662
0.218547
0.470983
0.0437353
0.0116586
0.463406
0.3901
0.0952317
0.662
0.662
0.431404
0.662
0.662
0.662
0.662
0.141713
0.475528
0.662
0.173812
0.662
0.662
0.662
0.0550457
0.17347
0.662
0.662
0.662
0.19049
0.662
0.662
0.511512
0.662
0.257934
0.400036
0.133083
0.662
0.389047
0.201074
0.662
0.662
0.354187
0.381625
0.662
0.662
0.662
0.115557
0.662
0.0124343
0.662
0.662
0.662
0.662
0.169154
0.662
0.279996
0.454441
0.662
0.173362
0.662
0.0413792
0.662
0.662
0.662
0.662
0.26185
0.662
0.662
0.298629
0.272558
0.662
0.662
0.662
0.662
0.105953
0.662
0.662
0.662
0.662
0.662
0.461294
0.421877
0.29416
0.358067
0.662
0.432107
0.228622
0.0950982
0.187358
0.662
0.662
0.257977
0.138323
0.280659
0.662
0.227417
0.477069
0.403718
0.330674
0.662
0.662
0.662
0.257871
0.467635
0.662
0.260321
0.120006
0.0826914
0.662
0.662
0.236212
0.28514
0.449287
0.662
0.173478
0.662
0.662
0.662
0.0623859
0.0131164
0.0836222
0.258604
0.280754
0.662
0.26359
0.662
0.662
0.662
0.662
0.473503
0.662
0.445365
0.419609
0.662
0.238452
0.476133
0.371608
0.662
0.662
0.0879123
0.662
0.662
0.662
0.280758
0.467438
0.662
0.127589
0.662
0.662
0.178412
0.662
0.662
0.111811
0.313998
0.0901725
0.662
0.502966
0.399879
0.662
0.662
0.340998
0.662
0.471142
0.662
0.662
0.662
0.366197
0.180567
0.662
0.662
0.452497
0.402769
0.662
0.662
0.417786
0.662
0.27265
0.380918
0.662
0.116235
0.164893
0.248336
0.124413
0.662
0.530965
0.264547
0.662
0.155805
0.252689
0.662
0.662
0.465386
0.662
0.626614
0.345985
0.105373
0.662
0.662
0.150848
0.10646
0.338942
0.662
0.131066
0.662
0.471852
0.662
0.662
0.662
0.57577
0.662
0.662
0.662
0.662
0.0320166
0.181806
0.662
0.662
0.662
0.21774
0.662
0.662
0.257614
0.418468
0.393479
0.383147
0.662
0.0863498
0.662
0.429997
0.125757
0.205208
0.662
0.643612
0.662
0.247824
0.244884
0.338631
0.662
0.662
0.662
0.309141
0.122076
0.662
0.23708
0.662
0.662
0.662
0.662
0.029698
0.662
0.662
0.141736
0.0201097
0.662
0.662
0.469561
0.0243824
0.0576507
0.662
0.662
0.449269
0.662
0.409083
0.662
0.444399
0.662
0.662
0.506266
0.449412
0.662
0.662
0.0370778
0.662
0.662
0.426867
0.362322
0.662
0.662
0.662
0.662
0.662
0.143874
0.662
0.662
0.662
0.429475
0.0949943
0.662
0.662
0.662
0.251613
0.662
0.297397
0.0399762
0.509066
0.242813
0.010288
0.276781
0.464899
0.156319
0.662
0.162692
0.662
0.662
0.662
0.332724
0.662
0.135914
0.303821
0.662
0.272881
0.199066
0.361315
0.412251
0.662
0.662
0.528114
0.662
0.662
0.662
0.321453
0.190685
0.662
0.346555
0.330142
0.453861
0.662
0.0615856
0.0174014
0.153088
0.204772
0.00872519
0.474051
0.313354
0.0997246
0.368433
0.662
0.662
0.662
0.278342
0.662
0.252905
0.51586
0.662
0.310247
0.662
0.662
0.1928
0.254419
0.314571
0.0156593
0.216308
0.662
0.662
0.662
0.0436577
0.662
0.264013
0.662
0.0823248
0.333167
0.423425
0.662
0.216627
0.424323
0.415854
0.124057
0.351411
0.662
0.662
0.662
0.662
0.216554
0.222166
0.349145
0.662
0.662
0.662
0.134385
0.662
0.662
0.215362
0.124554
0.662
0.662
0.188951
0.662
0.402942
0.662
0.0971312
0.662
0.662
0.662
0.662
0.429443
0.400444
0.662
0.0429048
0.662
0.366707
0.365779
0.662
0.662
0.19802
0.634758
0.662
0.662
0.662
0.662
0.662
0.662
0.662
0.662
0.350974
0.662
0.57016
0.189292
0.662
0.0222779
0.356272
0.655428
0.662
0.28758
0.276249
0.662
0.662
0.263905
0.113439
0.333417
0.220776
0.297148
0.434485
0.662
0.662
0.41395
0.662
0.205457
0.662
0.265709
0.0856841
0.662
0.662
0.662
0.0393176
0.277213
0.354177
0.662
0.209936
0.0747843
0.0400528
0.18124
0.662
0.389412
0.132307
0.0836064
0.662
0.662
0.166309
0.662
0.289977
0.387775
0.222456
0.662
0.662
0.368383
0.112382
0.662
0.0390693
0.271916
0.662
0.662
0.339272
0.179664
0.662
0.398644
0.436507
0.00156063
0.662
0.662
0.662
0.361067
0.662
0.662
0.273144
0.662
0.352014
0.662
0.47036
0.0567079
0.662
0.662
0.662
0.662
0.662
0.314568
0.220885
0.164712
0.662
0.307428
0.454858
0.398501
0.662
0.312239
0.616356
0.662
0.662
0.662
0.662
0.259715
0.662
0.662
0.43211
0.612383
0.481898
0.662
0.171083
0.662
0.0767871
0.662
0.417281
0.562937
0.26921
0.662
0.194568
0.662
0.662
0.0333871
0.662
0.662
0.662
0.0585452
0.662
0.0401515
0.477124
0.662
0.662
0.442205
0.302925
0.662
0.662
0.27705
0.30204
0.357623
0.662
0.321822
0.288101
0.662
0.428676
0.259979
0.662
0.103745
0.189892
0.0557827
0.290742
0.662
0.662
0.230706
0.0311025
0.662
0.629555
0.449241
0.662
0.662
0.146778
0.19683
0.662
0.662
0.291064
0.662
0.662
0.662
0.39378
0.21762
0.662
0.570225
0.104482
0.645206
0.131916
0.0405781
0.211345
0.355642
0.662
0.453564
0.232621
0.444825
0.662
0.662
0.662
0.0681957
0.662
0.324801
0.662
0.662
0.637705
0.662
0.662
0.662
0.140489
0.0358596
0.662
0.662
0.662
0.241457
0.370844
0.662
0.662
0.224447
0.662
0.662
0.662
0.149249
0.344141
0.460534
0.662
0.184237
0.2461
0.662
0.171055
0.020026
0.662
0.662
0.486524
0.445028
0.662
0.193384
0.662
0.184229
0.43938
0.662
0.454898
0.662
0.662
0.0667362
0.485282
0.662
0.27886
0.662
0.0298871
0.662
0.662
0.662
0.109476
0.100947
0.327749
0.254061
0.465222
0.662
0.41285
0.662
0.318556
0.662
0.662
0.185621
0.662
0.662
0.241187
0.520627
0.260756
0.662
0.283397
0.662
0.662
0.662
0.662
0.662
0.540266
0.37926
0.662
0.283028
0.662
0.0778856
0.235097
0.239209
0.207571
0.662
0.110386
0.236706
0.662
0.231836
0.662
0.662
0.662
0.662
0.662
0.662
0.662
0.662
0.328186
0.268404
0.662
0.662
0.228446
0.259423
0.142414
0.447893
0.662
0.662
0.221117
0.662
0.495372
0.662
0.662
0.662
0.662
0.662
0.512717
0.445311
0.344504
0.662
0.662
0.662
0.662
0.662
0.28133
0.45853
0.559553
0.312135
0.258966
0.263876
0.403573
0.662
0.125523
0.662
0.662
0.662
0.304674
0.0664703
0.662
0.126112
0.0254466
0.0200614
0.605092
0.453686
0.0428582
0.351477
0.41556
0.662
0.0467265
0.662
0.390766
0.247657
0.662
0.381182
0.662
0.577289
0.662
0.112165
0.00783944
0.245472
0.662
0.662
0.662
0.0373363
0.662
0.294906
0.662
0.413709
0.662
0.0976145
0.561289
0.453612
0.662
0.662
0.662
0.010513
0.405714
0.662
0.204711
0.662
0.662
0.662
0.662
0.114158
0.158922
0.662
0.662
0.39112
0.372507
0.298484
0.662
0.662
0.507192
0.662
0.117781
0.320912
0.662
0.662
0.226947
0.440203
0.339597
0.179264
0.662
0.662
0.0564231
0.239103
0.662
0.24136
0.434037
0.050937
0.060045
0.400202
0.662
0.662
0.662
0.173958
0.662
0.662
0.662
0.662
0.281407
0.277899
0.662
0.662
0.662
0.589137
0.662
0.662
0.334876
0.662
0.130306
0.662
0.389512
0.198732
0.0362754
0.662
0.00697475
0.662
0.547411
0.662
0.662
0.662
0.0882975
0.662
0.662
0.662
0.662
0.117022
0.662
