0.662
0.649146
0.161764
0.662
0.662
0.662
0.662
0.14398
0.662
0.662
0.442511
0.276556
0.110457
0.662
0.662
0.466791
0.662
0.662
0.264804
0.662
0.662
0.0102336
0.659414
0.20094
0.354357
0.662
0.662
0.0968087
0.41017
0.662
0.662
0.37872
0.662
0.662
0.662
0.662
0.662
0.662
0.284175
0.183159
0.662
0.261284
0.362501
0.0675181
0.662
0.0243838
0.182769
0.662
0.625331
0.662
0.218076
0.662
0.662
0.662
0.662
0.455156
0.662
0.266373
0.456037
0.194641
0.19308
0.581353
0.662
0.044983
0.662
0.662
0.431209
0.609745
0.559183
0.278831
0.662
0.143351
0.396354
0.662
0.662
0.487897
0.662
0.288994
0.662
0.148007
0.270532
0.662
0.662
0.0328549
0.428152
0.662
0.662
0.662
0.662
0.662
0.662
0.662
0.257561
0.662
0.662
0.662
0.213282
0.34933
0.662
0.183583
0.336396
0.271576
0.662
0.620432
0.662
0.662
0.474094
0.0962037
0.0334736
0.662
0.107986
0.662
0.662
0.662
0.662
0.662
0.662
0.662
0.662
0.184314
0.415912
0.662
0.210427
0.0920201
0.407127
0.662
0.475074
0.662
0.662
0.211999
0.662
0.108205
0.499173
0.662
0.46382
0.662
0.662
0.359274
0.662
0.15556
0.662
0.282582
0.0765674
0.662
0.0231977
0.662
0.662
0.662
0.662
0.031908
0.662
0.662
0.437921
0.662
0.662
0.662
0.662
0.662
0.117861
0.660314
0.201377
0.662
0.662
0.212283
0.662
0.224076
0.0216155
0.0477534
0.102427
0.662
0.435793
0.0803683
0.662
0.173133
0.662
0.206093
0.252005
0.353982
0.403407
0.662
0.613981
0.662
0.285341
0.662
0.662
0.458269
0.19492
0.459062
0.662
0.662
0.39545
0.376879
0.137171
0.662
0.662
0.220336
0.662
0.662
0.453893
0.289942
0.370835
0.273413
0.23172
0.0561644
0.662
0.662
0.662
0.299744
0.493022
0.662
0.377587
0.662
0.455764
0.0759861
0.662
0.662
0.20148
0.662
0.662
0.358657
0.547237
0.662
0.128941
0.662
0.662
0.662
0.662
0.662
0.662
0.239342
0.221834
0.662
0.331477
0.275043
0.215115
0.662
0.662
0.662
0.222635
0.662
0.401149
0.662
0.662
0.662
0.662
0.361343
0.0298009
0.662
0.1203
0.662
0.265314
0.662
0.369229
0.0970022
0.485375
0.251243
0.662
0.252152
0.662
0.662
0.662
0.662
0.662
0.37932
0.380607
0.662
0.430913
0.662
0.662
0.662
0.662
0.0112074
0.382919
0.394731
0.248448
0.433975
0.353675
0.07631
0.247172
0.662
0.662
0.367804
0.0182536
0.18188
0.00357792
0.123087
0.353896
0.662
0.437876
0.662
0.662
0.452724
0.662
0.301122
0.662
0.297621
0.385445
0.223512
0.662
0.662
0.662
0.662
0.662
0.052694
0.662
0.435652
0.0574762
0.662
0.572409
0.0180584
0.662
0.662
0.662
0.278723
0.174024
0.0664319
0.360387
0.662
0.151353
0.662
0.186225
0.104459
0.320182
0.662
0.662
0.662
0.662
0.662
0.662
0.662
0.329264
0.219061
0.662
0.662
0.662
0.662
0.214942
0.662
0.04705
0.662
0.662
0.662
0.426631
0.662
0.406069
0.503852
0.662
0.512569
0.662
0.662
0.00824829
0.662
0.662
0.244628
0.662
0.662
0.662
0.348934
0.662
0.255739
0.662
0.662
0.662
0.506715
0.286527
0.237899
0.662
0.0225657
0.373956
0.450105
0.662
0.662
0.662
0.488706
0.0568303
0.295572
0.309456
0.455752
0.378784
0.654926
0.442072
0.342229
0.315333
0.662
0.662
0.403825
0.662
0.00706225
0.35958
0.336786
0.662
0.318843
0.207975
0.428925
0.662
0.662
0.37656
0.170327
0.662
0.319639
0.662
0.662
0.662
0.410883
0.526552
0.662
0.172505
0.662
0.22685
0.109195
0.415088
0.0283119
0.662
0.662
0.662
0.414916
0.28722
0.662
0.662
0.281255
0.662
0.662
0.123182
0.185815
0.662
0.313033
0.662
0.662
0.662
0.662
0.0625971
0.662
0.662
0.662
0.374515
0.662
0.662
0.662
0.272089
0.439604
0.469214
0.662
0.662
0.662
0.398794
0.367696
0.327144
0.314388
0.0903928
0.662
0.492235
0.662
0.426439
0.662
0.0402334
0.662
0.314696
0.293008
0.225233
0.662
0.388055
0.662
0.024509
0.16698
0.246595
0.662
0.443476
0.662
0.662
0.662
0.662
0.358966
0.213151
0.115629
0.662
0.526687
0.54934
0.367675
0.376196
0.662
0.662
0.326335
0.451314
0.365515
0.662
0.662
0.662
0.662
0.662
0.662
0.662
0.0485431
0.662
0.662
0.662
0.662
0.00290817
0.662
0.304296
0.662
0.662
0.662
0.662
0.49628
0.662
0.20093
0.381355
0.317744
0.0413698
0.662
0.662
0.076492
0.662
0.662
0.662
0.433279
0.662
0.204668
0.662
0.285801
0.662
0.450439
0.320168
0.226233
0.662
0.662
0.18376
0.444655
0.17262
0.135165
0.121333
0.662
0.388903
0.470706
0.223411
0.328913
0.148392
0.382288
0.662
0.357891
0.440971
0.166257
0.246203
0.301336
0.397733
0.132136
0.404816
0.34719
0.0712532
0.662
0.662
0.662
0.416125
0.662
0.060492
0.0779939
0.140984
0.291658
0.662
0.662
0.662
0.662
0.662
0.662
0.48764
0.662
0.662
0.662
0.662
0.662
0.253054
0.662
0.415185
0.662
0.662
0.23046
0.432501
0.403343
0.662
0.621676
0.480673
0.662
0.346853
0.351818
0.662
0.662
0.27507
0.247963
0.474673
0.662
0.207892
0.170866
0.1402
0.662
0.213784
0.19641
0.442125
0.469193
0.477435
0.437984
0.141714
0.33984
0.278812
0.177041
0.662
0.228595
0.662
0.45579
0.662
0.0422911
0.662
0.662
0.662
0.662
0.662
0.662
0.662
0.077141
0.396629
0.662
0.662
0.662
0.662
0.662
0.662
0.00583765
0.662
0.662
0.202448
0.662
0.662
0.662
0.662
0.0281127
0.662
0.662
0.662
0.194157
0.662
0.589708
0.662
0.228338
0.662
0.426177
0.194965
0.662
0.662
0.662
0.011605
0.662
0.415838
0.662
0.394865
0.662
0.236522
0.475224
0.662
0.350837
0.662
0.446052
0.662
0.662
0.47649
0.662
0.662
0.378545
0.0642375
0.383672
0.662
0.662
0.662
0.00523567
0.662
0.155604
0.214847
0.662
0.662
0.0778768
0.662
0.435895
0.662
0.00414444
0.662
0.310723
0.662
0.662
0.662
0.662
0.662
0.662
0.662
0.662
0.662
0.198833
0.662
0.348279
0.662
0.224147
0.662
0.662
0.662
0.200816
0.382113
0.662
0.460615
0.417981
0.662
0.136482
0.662
0.662
0.662
0.662
0.39956
0.662
0.204579
0.662
0.346612
0.662
0.651616
0.662
0.662
0.51861
0.465356
0.348069
0.662
0.367723
0.411396
0.410701
0.360841
0.207323
0.662
0.314176
0.662
0.662
0.296548
0.662
0.662
0.662
0.662
0.452756
0.662
0.114898
0.662
0.039913
0.206052
0.662
0.662
0.0414649
0.662
0.662
0.433774
0.0610622
0.390693
0.662
0.152111
0.662
0.662
0.662
0.662
0.0570277
0.662
0.083845
0.662
0.662
0.662
0.219977
0.0588343
0.328217
0.662
0.662
0.662
0.662
0.330605
0.12234
0.662
0.162231
0.132807
0.364073
0.389366
0.482357
0.146819
0.31983
0.662
0.662
0.260064
0.662
0.02099
0.467703
0.662
0.222311
0.473829
0.130992
0.0499629
0.662
0.378359
0.662
0.662
0.00815557
0.662
0.147244
0.662
0.662
0.662
0.292675
0.257208
0.27309
0.190772
0.363233
0.178859
0.662
0.662
0.662
0.662
0.104928
0.440648
0.256901
0.662
0.662
0.662
0.662
0.662
0.267839
0.29411
0.410907
0.662
0.339651
0.279421
0.662
0.040221
0.112158
0.662
0.662
0.369483
0.662
0.381808
0.662
0.122224
0.662
0.662
0.57884
0.662
0.662
0.662
0.662
0.105415
0.662
0.0511824
0.264858
0.0974501
0.662
0.662
0.00540375
0.214085
0.662
0.662
0.662
0.106583
0.0514109
0.662
0.0256456
0.662
0.662
0.662
0.0090106
0.662
0.662
0.181529
0.0833593
0.662
0.354829
0.662
0.662
0.301213
0.662
0.0502723
0.0455393
0.662
0.662
0.46293
0.222758
0.217306
0.662
0.662
0.0159053
0.662
0.662
0.662
0.662
0.246368
0.662
0.662
0.662
0.662
0.00788536
0.124042
0.021439
0.662
0.357628
0.662
0.0935938
0.178305
0.662
0.143081
0.662
0.0100735
0.662
0.662
0.113745
0.662
0.169689
0.212606
0.218036
0.662
0.662
0.662
0.662
0.662
0.662
0.0361947
0.662
0.249436
0.662
0.662
0.662
0.301555
0.662
0.662
0.662
0.662
0.662
0.662
0.0539554
0.00062179
0.220298
0.0120073
0.662
0.662
0.163656
0.261234
0.662
0.200283
0.662
0.662
0.382258
0.0641313
0.662
0.662
0.662
0.662
0.662
0.662
0.662
0.662
0.662
0.662
0.326748
0.662
0.391697
0.662
0.662
0.428145
0.662
0.173664
0.156711
0.238715
0.662
0.24389
0.345363
0.012257
0.662
0.157859
0.574241
0.662
0.381232
0.124232
0.0628283
0.33669
0.0957336
0.247865
0.662
0.453787
0.0672689
0.662
0.443453
0.662
0.441002
0.27382
0.662
0.662
0.662
0.148775
0.249777
0.662
0.163895
0.662
0.245153
0.101213
0.662
0.662
0.00124529
0.662
3.89087e-06
0.662
0.662
0.433138
0.336196
0.217696
0.370069
0.270636
0.394248
0.662
0.662
0.662
0.662
0.165106
0.662
0.386238
0.662
0.201015
0.662
0.200235
0.662
0.662
0.662
0.441166
0.662
0.24091
0.662
0.257175
0.662
0.662
0.662
0.662
0.460282
0.662
0.662
0.662
0.295206
0.0268849
0.467963
0.251583
0.658818
0.662
0.662
0.0934848
0.662
0.662
0.292405
0.16608
0.662
0.662
0.662
0.184414
0.662
0.662
0.124129
0.662
0.662
0.662
0.451804
0.0655366
0.662
0.417418
0.383258
0.662
0.662
0.662
0.662
0.662
0.662
0.662
0.422561
0.260367
0.607299
0.662
0.662
0.0625064
0.662
0.662
0.662
0.166303
0.662
0.662
0.662
0.429968
0.47654
0.662
0.662
0.662
0.244722
0.662
0.0906618
0.359026
0.662
0.434387
0.662
0.662
0.0688581
0.562903
0.662
0.0652119
0.414072
0.662
0.662
0.320731
0.662
0.662
0.0688511
0.356002
0.162866
0.662
0.101801
0.00550875
0.337204
0.33068
0.662
0.662
0.662
0.24794
0.662
0.662
0.662
0.358194
0.322939
0.202475
0.662
0.662
0.152363
0.0624309
0.225223
0.662
0.662
0.204477
0.662
0.662
0.0368466
0.662
0.251024
0.662
0.662
0.170698
0.662
0.311899
0.453622
0.662
0.151354
0.0434872
0.248315
0.166382
0.578342
0.662
0.662
0.662
0.662
0.662
0.294635
0.662
0.662
0.315296
0.662
0.02035
0.263109
0.434441
0.147188
0.662
0.662
0.662
0.662
0.662
0.396833
0.662
0.662
0.414086
0.119785
0.386961
0.454215
0.662
0.662
0.662
0.662
0.662
0.662
0.662
0.662
0.662
0.662
0.662
0.474518
0.458695
0.662
0.662
0.0905135
0.189788
0.103513
0.479924
0.274309
0.662
0.290704
0.662
0.662
0.662
0.249859
0.662
0.662
0.38861
0.475987
0.19927
0.308163
0.239404
0.662
0.662
0.267305
0.450827
0.662
0.249838
0.662
0.471614
0.309777
0.170088
0.440757
0.662
0.662
0.380295
0.662
0.662
0.662
0.253731
0.189829
0.359568
0.327013
0.662
0.400329
0.269946
0.0832077
0.662
0.662
0.0410004
0.662
0.453222
0.0893298
0.0694376
0.662
0.0974897
0.662
0.662
0.662
0.169151
0.0868608
0.662
0.662
0.410801
0.662
0.662
0.501027
0.209815
0.662
0.662
0.219394
0.472026
0.662
0.00434284
0.351311
0.662
0.662
0.662
0.662
0.662
0.470005
0.662
0.662
0.662
0.403268
0.662
0.633128
0.354094
0.043481
0.662
0.457964
0.308981
0.662
0.019679
0.414575
0.296556
0.346238
0.662
0.662
0.662
0.638822
0.662
0.662
0.662
0.662
0.662
0.662
0.419529
0.662
0.662
0.50936
0.208212
0.0435389
0.662
0.32975
0.401837
0.662
0.27061
0.30074
0.412842
0.412016
0.662
0.362796
0.0223095
0.429623
0.662
0.662
0.135389
0.157742
0.662
0.662
0.662
0.662
0.20959
0.662
0.132774
0.230889
0.662
0.234408
0.398501
0.278534
0.662
0.662
0.197861
0.662
0.319033
0.662
0.662
0.662
0.296657
0.304279
0.662
0.662
0.662
0.662
0.662
0.400887
0.662
0.662
0.322161
0.288113
0.134126
0.257167
0.662
0.662
0.662
0.662
0.191724
0.662
0.35043
0.662
0.662
0.662
0.194934
0.433592
0.164618
0.250201
0.0765756
0.662
0.448151
0.662
0.0726394
0.662
0.662
0.662
0.0829493
0.662
0.0751914
0.45373
0.662
0.142834
0.41874
0.48543
0.662
0.662
0.662
0.177216
0.662
0.662
0.662
0.413975
0.261497
0.511801
0.662
0.662
0.09668
0.0288706
0.386843
0.159817
0.181813
0.135479
0.662
0.662
0.662
0.50726
0.662
0.662
0.528621
0.151379
0.662
0.219327
0.662
0.662
0.444964
0.260218
0.662
0.413622
0.662
0.662
0.0198662
0.0389882
0.41684
0.662
0.662
0.662
0.662
0.662
0.662
0.662
0.662
0.389192
0.662
0.662
0.547831
0.662
0.662
0.662
0.662
0.662
0.662
0.224364
0.662
0.662
0.662
0.662
0.367564
0.662
0.662
0.662
0.130231
0.431559
0.662
0.662
0.253999
0.368643
0.292928
0.192379
0.320829
0.662
0.662
0.662
0.662
0.662
0.311575
0.662
0.442569
0.472606
0.144129
0.354985
0.662
0.43719
0.662
0.662
0.662
0.326182
0.662
0.662
0.485656
0.0658934
0.662
0.0143868
0.662
0.566115
0.662
0.662
0.560349
0.4468
0.118165
0.662
0.284159
0.662
0.336959
0.662
0.662
0.19128
0.531843
0.662
0.662
0.662
0.421531
0.340084
0.366636
0.662
0.498392
0.662
0.662
0.385889
0.662
0.180023
0.662
0.285112
0.196285
0.662
0.662
0.662
0.662
0.662
0.483095
0.07681
0.662
0.662
0.507391
0.222392
0.3001
0.662
0.349277
0.662
0.0832764
0.662
0.662
0.336439
0.44919
0.662
0.240259
0.662
0.199679
0.374298
0.420901
0.582454
0.334794
0.662
0.261046
0.282206
0.297192
0.662
0.222963
0.662
0.662
0.662
0.662
0.0377326
0.662
0.662
0.662
0.662
0.662
0.32224
0.471967
0.447255
0.662
0.662
0.085464
0.140369
0.662
0.278827
0.662
0.455383
0.662
0.662
0.348056
0.541216
0.662
0.662
0.33356
0.662
0.461578
0.662
0.662
0.662
0.633516
0.662
0.662
0.662
0.662
0.39957
0.474458
0.662
0.539005
0.0760667
0.662
0.662
0.279133
0.662
0.662
0.123352
0.108894
0.075362
0.0479419
0.662
0.662
0.662
0.662
0.662
0.662
0.278171
0.662
0.401712
0.270608
0.634684
0.662
0.393546
0.191878
0.662
0.662
0.662
0.122282
0.662
0.200325
0.302822
0.15468
0.662
0.662
0.0820107
0.662
0.25892
0.039682
0.342367
0.662
0.662
0.0519125
0.662
0.662
0.318639
0.662
0.662
0.298547
0.662
0.662
0.662
0.221983
0.214374
0.237615
0.15604
0.0892071
0.410521
0.25219
0.252141
0.662
0.26426
0.216989
0.246941
0.662
0.434048
0.662
0.662
0.373976
0.662
0.322246
0.0132619
0.346717
0.221927
0.662
0.662
0.0858153
0.0442125
0.631002
0.662
0.262353
0.227552
0.0452299
0.129417
0.0900585
0.0336913
0.109991
0.662
0.662
0.662
0.662
0.662
0.270539
0.107757
0.662
0.662
0.662
0.662
0.662
0.662
0.29303
0.490195
0.662
0.339332
0.662
0.506591
0.239896
0.662
0.47479
0.662
0.662
0.662
0.169233
0.662
0.662
0.662
0.662
0.391843
0.662
0.662
0.662
0.472125
0.662
0.662
0.662
0.175732
0.329185
0.662
0.662
0.398708
0.662
0.662
0.662
0.181971
0.18437
0.451637
0.662
0.510202
0.662
0.662
0.662
0.333507
0.662
0.662
0.662
0.24246
0.662
0.382338
0.662
0.10182
0.232784
0.662
0.662
0.662
0.662
0.49741
0.662
0.0549724
0.662
0.662
0.465043
0.662
0.662
0.350464
0.388743
0.361882
0.216513
0.475744
0.662
0.576457
0.662
0.482326
0.662
0.474113
0.662
0.662
0.662
0.662
0.662
0.662
0.523263
0.662
0.59876
0.171418
0.662
0.662
0.662
0.662
0.312626
0.662
0.662
0.662
0.297795
0.0897778
0.662
0.662
0.662
0.662
0.239668
0.077643
0.662
0.291173
0.662
0.100076
0.27298
0.662
0.662
0.108883
0.662
0.0695225
0.662
0.662
0.138509
0.322851
0.589736
0.271748
0.662
0.662
0.132039
0.584706
0.662
0.662
0.492651
0.662
0.228005
0.206386
0.662
0.662
0.662
0.662
0.148406
0.662
0.0389587
0.662
0.662
0.314331
0.117608
0.662
0.0566246
0.145881
0.510781
0.139492
0.438432
0.321799
0.662
0.47002
0.311819
0.662
0.170463
0.227104
0.662
0.662
0.173718
0.662
0.662
0.662
0.662
0.491332
0.662
0.468649
0.662
0.435586
0.372022
0.662
0.275011
0.662
0.221435
0.429793
0.0597177
0.467892
0.0869808
0.124354
0.662
0.330444
0.426642
0.144493
0.378808
0.305594
0.00727339
0.662
0.299388
0.461489
0.662
0.662
0.469751
0.662
0.302365
0.0971663
0.662
0.662
0.662
0.662
0.662
