0.662
0.662
0.231836
0.662
0.436507
0.051505
0.662
0.662
0.662
0.662
0.662
0.662
0.0356667
0.662
0.662
0.345172
0.662
0.662
0.626926
0.662
0.491946
0.0905388
0.662
0.662
0.662
0.662
0.512332
0.330142
0.0952317
0.115502
0.662
0.662
0.447072
0.662
0.662
0.662
0.662
0.662
0.249047
0.217601
0.662
0.662
0.662
0.432411
0.662
0.107011
0.662
0.328069
0.662
0.473936
0.133083
0.173478
0.268404
0.365909
0.662
0.444825
0.445062
0.662
0.662
0.184237
0.662
0.190685
0.662
0.449465
0.662
0.204148
0.00243293
0.662
0.0429048
0.662
0.662
0.662
0.662
0.662
0.31539
0.662
0.662
0.662
0.477927
0.351214
0.662
0.216308
0.662
0.662
0.662
0.378521
0.662
0.662
0.323139
0.284756
0.662
0.457077
0.662
0.662
0.4366
0.662
0.0832097
0.662
0.662
0.662
0.0399762
0.431522
0.575717
0.662
0.662
0.662
0.662
0.0554803
0.662
0.445492
0.662
0.662
0.662
0.0667362
0.662
0.662
0.662
0.114598
0.662
0.0475892
0.662
0.662
0.632305
0.379247
0.117126
0.473503
0.662
0.257871
0.257934
0.662
0.434037
0.569761
0.662
0.662
0.358021
0.0662138
0.662
0.0428582
0.662
0.00824256
0.662
0.282497
0.442457
0.662
0.635637
0.662
0.662
0.662
0.141736
0.417786
0.662
0.346987
0.662
0.0801051
0.662
0.344504
0.247158
0.662
0.317824
0.662
0.657605
0.662
0.662
0.0785987
0.662
0.662
0.662
0.662
0.662
0.662
0.212408
0.662
0.662
0.662
0.0904768
0.577289
0.368025
0.662
0.662
0.237342
0.662
0.152547
0.662
0.662
0.047643
0.662
0.662
0.226947
0.440203
0.0754259
0.151503
0.662
0.662
0.349145
0.662
0.373435
0.662
0.595372
0.461699
0.662
0.199668
0.0216223
0.662
0.662
0.174434
0.366683
0.326979
0.00455482
0.530965
0.662
0.662
0.662
0.662
0.662
0.662
0.0466348
0.336478
0.662
0.662
0.314277
0.319713
0.662
0.662
0.662
0.228104
0.662
0.342076
0.239103
0.662
0.352534
0.662
0.662
0.206145
0.662
0.291064
0.629555
0.39378
0.1397
0.662
0.662
0.476133
0.132307
0.146455
0.662
0.384909
0.662
0.0602976
0.245446
0.22313
0.662
0.662
0.371268
0.438795
0.400202
0.662
0.300737
0.662
0.187923
0.662
0.244884
0.662
0.260147
0.39112
0.304674
0.662
0.662
0.662
0.662
0.16985
0.662
0.330456
0.662
0.196605
0.150848
0.0823248
0.453507
0.662
0.662
0.662
0.141503
0.428581
0.662
0.272881
0.662
0.662
0.186635
0.662
0.662
0.662
0.662
0.662
0.662
0.662
0.273637
0.372768
0.486524
0.576804
0.662
0.174019
0.574021
0.375905
0.21218
0.662
0.662
0.662
0.662
0.0712866
0.662
0.00276954
0.373517
0.357623
0.662
0.662
0.0863446
0.268734
0.662
0.462706
0.662
0.655428
0.662
0.258512
0.662
0.0994816
0.662
0.0950982
0.662
0.13181
0.200157
0.502695
0.662
0.662
0.0978494
0.662
0.662
0.662
0.105953
0.662
0.145681
0.662
0.662
0.190765
0.360278
0.439195
0.662
0.191417
0.264523
0.312759
0.117022
0.140489
0.290509
0.494794
0.662
0.662
0.662
0.662
0.47073
0.110386
0.662
0.502495
0.375258
0.0548396
0.662
0.346978
0.28133
0.247282
0.458366
0.183086
0.662
0.662
0.662
0.633694
0.0623859
0.662
0.662
0.662
0.308983
0.352014
0.264507
0.662
0.236959
0.247824
0.662
0.662
0.318851
0.467752
0.662
0.662
0.506011
0.662
0.161191
0.495372
0.662
0.0186706
0.662
0.0947331
0.662
0.662
0.662
0.662
0.19683
0.662
0.662
0.467731
0.662
0.0161196
0.09855
0.2461
0.643612
0.662
0.295026
0.662
0.429997
0.417438
0.402994
0.38909
0.662
0.323879
0.162692
0.259423
0.308698
0.150584
0.226892
0.662
0.662
0.662
0.477124
0.662
0.662
0.187794
0.633694
0.49596
0.479128
0.662
0.198732
0.662
0.662
0.143016
0.251855
0.406247
0.662
0.662
0.662
0.662
0.437996
0.516269
0.263876
0.079529
0.662
0.260321
0.662
0.344869
0.662
0.355164
0.662
0.349961
0.223148
0.238018
0.45409
0.186269
0.662
0.311762
0.662
0.662
0.382246
0.662
0.619344
0.225066
0.662
0.662
0.240417
0.352085
0.662
0.0189253
0.315346
0.662
0.662
0.179819
0.662
0.662
0.662
0.662
0.00764745
0.662
0.266912
0.20217
0.662
0.171083
0.240395
0.662
0.37501
0.0576507
0.463406
0.0320166
0.662
0.0390693
0.662
0.103745
0.662
0.662
0.0434148
0.662
0.380302
0.42964
0.0358596
0.662
0.220233
0.662
0.662
0.477069
0.662
0.41285
0.662
0.147533
0.662
0.662
0.662
0.238452
0.662
0.261055
0.309141
0.662
0.100947
0.268554
0.187358
0.133461
0.010513
0.403573
0.662
0.121529
0.662
0.290431
0.431457
0.228646
0.0761077
0.202531
0.662
0.662
0.662
0.662
0.423425
0.561289
0.389444
0.662
0.662
0.0482344
0.662
0.23828
0.26359
0.662
0.662
0.44536
0.600926
0.391761
0.0767871
0.662
0.453612
0.662
0.662
0.662
0.449241
0.280754
0.662
0.662
0.313354
0.0906582
0.662
0.662
0.662
0.662
0.312613
0.662
0.209674
0.325255
0.393765
0.393479
0.0201097
0.290796
0.662
0.662
0.307428
0.360851
0.662
0.149984
0.471852
0.662
0.295554
0.210796
0.343807
0.662
0.043397
0.0131164
0.662
0.662
0.662
0.470983
0.662
0.449269
0.294084
0.00783944
0.304577
0.662
0.662
0.662
0.306916
0.662
0.351477
0.454776
0.662
0.662
0.602497
0.0252413
0.464293
0.662
0.662
0.662
0.339039
0.662
0.559553
0.662
0.662
0.0112567
0.662
0.662
0.0398623
0.662
0.662
0.18546
0.662
0.662
0.662
0.662
0.662
0.662
0.662
0.232621
0.368383
0.662
0.662
0.228622
0.131066
0.1928
0.662
0.662
0.662
0.662
0.456379
0.43211
0.201633
0.662
0.662
0.432199
0.662
0.659105
0.23708
0.442904
0.11517
0.400444
0.662
0.662
0.426944
0.00969576
0.398501
0.485844
0.324792
0.28592
0.662
0.341503
0.662
0.349433
0.662
0.0585452
0.244973
0.662
0.662
0.662
0.190658
0.662
0.454441
0.662
0.39087
0.662
0.662
0.662
0.662
0.662
0.662
0.0623657
0.662
0.402036
0.662
0.267602
0.373051
0.662
0.0554318
0.254061
0.0966153
0.622694
0.207906
0.662
0.125523
0.662
0.662
0.280817
0.122827
0.662
0.662
0.662
0.231605
0.0856841
0.211345
0.0500541
0.662
0.25021
0.259715
0.662
0.662
0.662
0.662
0.303821
0.662
0.0628457
0.129322
0.169042
0.367861
0.662
0.0414061
0.240263
0.431767
0.662
0.662
0.16881
0.662
0.283028
0.662
0.21762
