0.493296
0.455607
0.662
0.662
0.662
0.662
0.124554
0.655428
0.662
0.662
0.412455
0.662
0.340998
0.662
0.662
0.662
0.662
0.366707
0.662
0.314568
0.452497
0.254419
0.010859
0.662
0.662
0.662
0.351477
0.263876
0.662
0.662
0.338863
0.0134563
0.662
0.662
0.662
0.662
0.41285
0.164712
0.662
0.226192
0.662
0.2461
0.479128
0.662
0.15916
0.431978
0.105373
0.662
0.662
0.662
0.354187
0.398644
0.149081
0.637705
0.662
0.662
0.417281
0.0369976
0.30204
0.662
0.265709
0.409083
0.220885
0.662
0.259979
0.662
0.288101
0.662
0.224447
0.662
0.662
0.662
0.662
0.211086
0.662
0.662
0.400817
0.294906
0.449287
0.188951
0.0585452
0.561289
0.0949943
0.321822
0.612383
0.243504
0.0826914
0.662
0.257977
0.662
0.662
0.662
0.307428
0.662
0.196306
0.662
0.662
0.662
0.662
0.321453
0.662
0.0576507
0.0436577
0.0243824
0.298484
0.662
0.260321
0.662
0.662
0.662
0.358067
0.662
0.662
0.108244
0.0752874
0.662
0.334876
0.26921
0.3901
0.263905
0.662
0.221222
0.39112
0.662
0.225667
0.138323
0.605855
0.0761437
0.662
0.258604
0.461469
0.402769
0.264452
0.507192
0.662
0.563433
0.662
0.143874
0.0370778
0.662
0.361067
0.662
0.662
0.662
0.662
0.662
0.155805
0.339597
0.662
0.662
0.662
0.414772
0.258428
0.662
0.471852
0.662
0.0373363
0.285221
0.662
0.221265
0.662
0.309141
0.456971
0.662
0.662
0.662
0.0413792
0.662
0.643612
0.429443
0.662
0.21762
0.413709
0.662
0.662
0.662
0.662
0.385728
0.0836064
0.254061
0.662
0.485282
0.662
0.239103
0.662
0.346987
0.662
0.662
0.662
0.349145
0.662
0.662
0.662
0.662
0.662
0.421877
0.662
0.00678293
0.662
0.662
0.173478
0.260867
0.253571
0.559553
0.662
0.662
0.194568
0.470983
0.297148
0.228622
0.345659
0.662
0.257614
0.310247
0.662
0.122076
0.216627
0.662
0.662
0.662
0.662
0.259715
0.662
0.662
0.301987
0.662
0.662
0.662
0.662
0.662
0.662
0.662
0.180549
0.365779
0.389512
0.662
0.387775
0.662
0.662
0.259189
0.662
0.127589
0.662
0.324801
0.457441
0.662
0.227417
0.380918
0.181633
0.662
0.255034
0.172667
0.662
0.662
0.662
0.662
0.244884
0.662
0.313998
0.662
0.662
0.235357
0.662
0.662
0.284068
0.234057
0.0156593
0.662
0.587243
0.662
0.619896
0.662
0.178412
0.0863498
0.662
0.662
0.113439
0.267219
0.662
0.662
0.662
0.296546
0.0473966
0.662
0.131916
0.211254
0.43938
0.662
0.0254466
0.0569542
0.662
0.662
0.245472
0.109908
0.181093
0.662
0.662
0.662
0.19802
0.029698
0.662
0.283232
0.662
0.297397
0.662
0.629555
0.0823248
0.333167
0.57016
0.104753
0.0416475
0.662
0.29416
0.475528
0.447928
0.495372
0.130306
0.662
0.662
0.662
0.346365
0.327749
0.209936
0.108231
0.662
0.662
0.264547
0.28133
0.662
0.662
0.662
0.115557
0.662
0.361605
0.403573
0.662
0.19049
0.403718
0.662
0.0320166
0.662
0.662
0.506822
0.662
0.412639
0.662
0.0399762
0.662
0.248517
0.662
0.149185
0.393479
0.662
0.471142
0.662
0.662
0.662
0.662
0.0564231
0.133083
0.257871
0.156319
0.305451
0.502966
0.662
0.166309
0.400202
0.662
0.117022
0.662
0.662
0.361315
0.0116586
0.662
0.461294
0.216554
0.049119
0.207571
0.662
0.662
0.247657
0.662
0.590398
0.662
0.662
0.469561
0.662
0.662
0.662
0.0222779
0.238452
0.0264785
0.662
0.0298871
0.45853
0.662
0.662
0.662
0.433663
0.444399
0.289977
0.0117525
0.39378
0.662
0.662
0.662
0.662
0.662
0.259783
0.124057
0.662
0.010513
0.662
0.662
0.125523
0.662
0.662
0.452507
0.662
0.662
0.662
0.662
0.662
0.396074
0.662
0.662
0.662
0.273144
0.171055
0.344504
0.662
0.662
0.662
0.662
0.162692
0.662
0.314571
0.662
0.662
0.662
0.662
0.662
0.662
0.662
0.662
0.0373322
0.662
0.662
0.662
0.169154
0.662
0.662
0.662
0.190107
0.0470171
0.155563
0.324058
0.662
0.662
0.662
0.0678561
0.662
0.662
0.0976145
0.662
0.662
0.474051
0.662
0.662
0.0623859
0.662
0.0231498
0.662
0.645206
0.662
0.464021
0.662
0.662
0.0550457
0.662
0.662
0.662
0.116235
0.577289
0.662
0.23708
0.453861
0.662
0.010288
0.662
0.172904
0.662
0.268404
0.104482
0.662
0.0901725
0.023446
0.662
0.662
0.198732
0.396192
0.189475
0.662
0.220776
0.662
0.662
0.0557827
0.372507
0.662
0.28758
0.662
0.402942
0.169559
0.662
0.28514
0.175614
0.464899
0.662
0.662
0.662
0.00872519
0.662
0.189292
0.528431
0.662
0.662
0.328186
0.330142
0.662
0.662
0.662
0.662
0.17347
0.357366
0.589137
0.662
0.662
0.194767
0.291064
0.290742
0.662
0.0971312
0.662
0.662
0.662
0.662
0.662
0.662
0.662
0.1628
0.662
0.114158
0.662
0.62897
0.479833
0.506266
0.662
0.662
0.424713
0.0882975
0.662
0.662
0.304431
0.662
0.51586
0.111811
0.257934
0.467635
0.662
0.0401515
0.271916
0.662
0.662
0.662
0.173362
0.284738
0.244091
0.57577
0.662
0.303469
0.406247
0.662
0.125757
0.662
0.260756
0.662
0.400444
0.539159
0.662
0.239209
0.187436
0.662
0.662
0.202822
0.662
0.662
0.277213
0.662
0.26359
0.344141
0.375676
0.445311
0.662
0.0697129
0.319006
0.662
0.662
0.140489
0.662
0.371608
0.477124
0.662
0.352014
0.662
0.113928
0.048794
0.662
0.662
0.662
0.662
0.662
0.0405781
0.662
0.662
0.662
0.662
0.302163
0.230706
0.662
0.662
0.662
0.662
0.0999952
0.135914
0.418468
0.189892
0.190685
0.540266
0.662
0.662
0.662
0.662
0.662
0.134385
0.258966
0.0944603
0.662
0.662
0.179664
0.662
0.662
0.290322
0.173958
0.0877191
0.280758
0.662
0.220407
0.318556
0.662
0.662
0.662
0.296867
0.146407
0.362322
0.662
0.662
0.356272
0.662
0.389412
0.350668
0.41395
0.0664703
0.615048
0.252689
0.662
0.381182
0.22881
0.31539
0.662
0.236706
0.209803
0.662
0.530965
0.331234
0.662
0.662
0.141713
0.662
0.455741
0.662
0.662
0.179264
0.662
0.0578037
0.204923
0.662
0.662
0.662
0.662
0.0329216
0.1928
0.338631
0.662
0.19926
0.662
0.429475
0.662
0.662
0.662
0.662
0.103745
0.662
0.112165
0.13234
0.662
0.208959
0.41556
0.277899
0.303548
0.181806
0.662
0.233949
0.662
0.662
0.662
0.0437353
0.662
0.399879
0.00697475
0.338942
0.528114
0.662
0.241457
0.662
0.662
0.238018
0.0037881
0.662
0.216308
0.146778
0.436507
0.662
0.205457
0.0602219
0.662
0.662
0.0767871
0.132307
0.605092
0.120006
0.226947
0.440203
0.36276
0.662
0.164893
0.662
0.662
0.662
0.662
0.662
0.662
0.662
0.426867
0.662
0.662
0.366197
0.196605
0.662
0.662
0.357623
0.110386
0.00156063
0.259423
0.662
0.662
0.00783944
0.662
0.368433
0.248336
0.662
0.662
0.381625
0.383147
0.131066
0.662
0.662
0.662
0.219555
0.060045
0.662
0.626614
0.662
0.47036
0.662
0.100947
0.662
0.330674
0.149249
0.662
0.662
0.352534
0.201531
0.345985
0.205189
0.662
0.662
0.662
0.417254
0.10088
0.185621
0.662
0.18124
0.662
0.142414
0.662
0.445028
0.37926
0.476133
0.424323
0.662
0.050937
0.662
0.150848
0.0390693
0.662
0.332724
0.662
0.662
0.662
0.0254039
0.0174014
0.512721
0.0997246
0.0311025
0.199066
0.662
0.00380609
0.662
0.368383
0.264013
0.662
0.662
0.662
0.464381
0.662
0.662
0.400036
0.616356
0.351411
0.662
0.662
0.662
0.662
0.477069
0.486524
0.405714
0.662
0.662
0.662
0.662
0.662
0.662
0.662
0.428676
0.662
0.662
0.109476
0.27265
0.467808
0.662
0.187662
0.453612
0.662
0.423425
0.0133543
0.0335398
0.241187
0.465386
0.662
0.1052
0.467438
0.204772
0.662
0.224661
0.662
0.117781
0.662
0.449269
0.662
0.184229
0.662
0.398501
0.0429048
0.0681957
0.465222
0.312239
0.662
0.447893
0.662
0.662
0.272881
0.662
0.662
0.662
0.662
