0.0954682
0.242708
0.662
0.351733
0.662
0.0441715
0.294064
0.28465
0.429037
0.662
0.662
0.662
0.127383
0.146698
0.428717
0.662
0.430561
0.662
0.662
0.349842
0.227117
0.480039
0.662
0.662
0.106191
0.662
0.662
0.662
0.304378
0.364666
0.119685
0.00998623
0.171375
0.662
0.662
0.0798833
0.130266
0.662
0.253161
0.662
0.477316
0.31598
0.662
0.276137
0.109397
0.0767822
0.573005
0.662
0.662
0.662
0.662
0.662
0.404615
0.0618096
0.242057
0.0774921
0.662
0.662
0.186445
0.662
0.662
0.662
0.662
0.662
0.247058
0.662
0.662
0.0450321
0.662
0.662
0.662
0.662
0.662
0.239537
0.662
0.148071
0.662
0.662
0.315669
0.378753
0.464852
0.662
0.124726
0.318836
0.0540625
0.662
0.261944
0.662
0.662
0.319207
0.0443974
0.413916
0.473844
0.662
0.371651
0.662
0.662
0.662
0.662
0.471629
0.409188
0.270606
0.662
0.662
0.662
0.341064
0.281743
0.662
0.662
0.662
0.662
0.662
0.0778406
0.662
0.662
0.662
0.150642
0.373245
0.662
0.643448
0.4947
0.412591
0.662
0.662
0.249018
0.662
0.662
0.662
0.472091
0.500157
0.362521
0.662
0.473775
0.169933
0.662
0.209375
0.203562
0.662
0.0104331
0.662
0.662
0.662
0.662
0.225683
0.251611
0.464452
0.0683879
0.367423
0.20577
0.662
0.662
0.553442
0.124211
0.662
0.662
0.662
0.662
0.662
0.662
0.662
0.207521
0.0521068
0.25164
0.239702
0.662
0.662
0.662
0.42304
0.662
0.364362
0.421977
0.196512
0.662
0.372535
0.146689
0.662
0.662
0.662
0.0213149
0.477383
0.662
0.485726
0.662
0.214185
0.16429
0.662
0.216375
0.662
0.334911
0.596004
0.133204
0.15252
0.555887
0.119516
0.662
0.662
0.662
0.518592
0.189977
0.53184
0.348756
0.662
0.0640431
0.662
0.662
0.336228
0.662
0.662
0.662
0.265428
0.275248
0.332556
0.167934
0.662
0.662
0.662
0.206516
0.176241
0.662
0.306865
0.104693
0.332489
0.400848
0.662
0.662
0.25763
0.662
0.662
0.662
0.662
0.662
0.662
0.524635
0.383237
0.426334
0.0601272
0.662
0.662
0.623298
0.662
0.662
0.132638
0.452805
0.460394
0.370198
0.399691
0.477077
0.662
0.662
0.189905
0.151922
0.365606
0.289931
0.662
0.088569
0.473347
0.0754325
0.662
0.305737
0.662
0.662
0.159335
0.662
0.122911
0.662
0.557926
0.192553
0.211943
0.341706
0.662
0.508039
0.426524
0.662
0.491952
0.662
0.461858
0.448641
0.112832
0.375544
0.0446546
0.107983
0.662
0.349395
0.214087
0.662
0.662
0.369658
0.017945
0.662
0.662
0.205602
0.662
0.662
0.662
0.662
0.322393
0.662
0.391818
0.662
0.662
0.293071
0.145318
0.37521
0.662
0.416412
0.662
0.119035
0.333075
0.439984
0.662
0.344123
0.35215
0.662
0.662
0.662
0.662
0.173646
0.215044
0.662
0.662
0.14381
0.662
0.662
0.300357
0.376882
0.0833964
0.170373
0.662
0.662
0.175889
0.662
0.030911
0.662
0.39171
0.289318
0.662
0.226517
0.662
0.407973
0.0627156
0.662
0.662
0.292066
0.662
0.200998
0.662
0.307443
0.662
0.166825
0.589786
0.662
0.662
0.257388
0.662
0.662
0.0370542
0.662
0.159315
0.257932
0.662
0.662
0.297911
0.662
0.537627
0.440744
0.245096
0.169938
0.662
0.260274
0.197911
0.174761
0.453662
0.0208368
0.0997586
0.466485
0.00239384
0.662
0.0977485
0.196341
0.662
0.662
0.0507994
0.312328
0.425312
0.205682
0.0148621
0.662
0.104325
0.0243779
0.662
0.662
0.156746
0.312521
0.662
0.662
0.662
0.13258
0.105448
0.662
0.662
0.0728398
0.662
0.384552
0.662
0.397332
0.662
0.49356
0.236915
0.324173
0.662
0.662
0.662
0.662
0.662
0.249154
0.40436
0.145086
0.443814
0.548055
0.379455
0.335634
0.278764
0.110212
0.434508
0.662
0.331994
0.662
0.356721
0.662
0.101788
0.410497
0.475359
0.662
0.662
0.662
0.662
0.662
0.162823
0.662
0.662
0.57182
0.170878
0.223195
0.662
0.662
0.662
0.662
0.662
0.170296
0.322239
0.662
0.662
0.662
0.0615568
0.0728231
0.386542
0.305162
0.662
0.662
0.662
0.662
0.368955
0.43003
0.392025
0.662
0.335164
0.662
0.243307
0.0629283
0.334148
0.662
0.662
0.662
0.432767
0.53221
0.362317
0.146776
0.0320367
0.662
0.662
0.197159
0.662
0.00124147
0.338897
0.662
0.662
0.662
0.662
0.558142
0.662
0.662
0.421993
0.662
0.662
0.662
0.662
0.662
0.327395
0.662
0.258286
0.528969
0.662
0.21407
0.662
0.273313
0.462479
0.662
0.187813
0.285458
0.662
0.662
0.662
0.662
0.662
0.473939
0.662
0.121521
0.662
0.198252
0.0584028
0.662
0.662
0.662
0.662
0.662
0.32653
0.343233
0.662
0.662
0.436726
0.662
0.160671
0.436464
0.662
0.662
0.662
0.662
0.188371
0.615694
0.662
0.30453
0.254955
0.662
0.662
0.662
0.662
0.662
0.662
0.207954
0.219736
0.662
0.662
0.224821
0.551458
0.437765
0.662
0.0584821
0.662
0.662
0.432071
0.662
0.226757
0.305037
0.20341
0.662
0.662
0.662
0.662
0.662
0.662
0.662
0.152991
0.662
0.255832
0.662
0.285972
0.662
0.662
0.662
0.662
0.662
0.662
0.662
0.662
0.0817869
0.376869
0.662
0.319448
0.662
0.662
0.228555
0.662
0.241469
0.662
0.662
0.662
0.473177
0.662
0.662
0.662
0.662
0.0328607
0.662
0.21326
0.662
0.662
0.662
0.0635192
0.662
0.662
0.662
0.662
0.00171658
0.146932
0.662
0.0429625
0.393293
0.428869
0.662
0.0274626
0.662
0.662
0.662
0.662
0.409929
0.662
0.13842
0.0138043
0.662
0.662
0.662
0.24716
0.662
0.354653
0.0865169
0.47508
0.662
0.662
0.662
0.662
0.662
0.00626369
0.0700929
0.0991321
0.662
0.406107
0.662
0.232703
0.662
0.662
0.662
0.662
0.662
0.662
0.662
0.232679
0.596275
0.293976
0.662
0.662
0.662
0.662
0.662
0.318316
0.437895
0.662
0.414405
0.662
0.662
0.55551
0.0096837
0.662
0.662
0.167989
0.195315
0.662
0.662
0.662
0.226517
0.662
0.44097
0.579654
0.662
0.662
0.662
0.1766
0.662
0.662
0.140778
0.431866
0.662
0.662
0.283497
0.200498
0.0188128
0.470877
0.246729
0.494951
0.662
0.662
0.260381
0.662
0.11989
0.662
0.281288
0.662
0.308992
0.662
0.662
0.662
0.662
0.329841
0.662
0.662
0.0865719
0.662
0.4701
0.360458
0.662
0.662
0.662
0.335076
0.0620937
0.0482964
0.0597712
0.249362
0.662
0.662
0.662
0.662
0.260853
0.662
0.211822
0.662
0.662
0.662
0.662
0.376119
0.662
0.662
0.662
0.130911
0.188635
0.29097
0.662
0.662
0.471446
0.662
0.662
0.662
0.662
0.662
0.325714
0.291417
0.662
0.425892
0.435849
0.662
0.662
0.20277
0.0731453
0.169744
0.662
0.261921
0.662
0.379128
0.662
0.662
0.311548
0.662
0.662
0.100247
0.445202
0.662
0.459828
0.448763
0.293596
0.662
0.662
0.306954
0.0557329
0.662
0.0270158
0.662
0.0602455
0.662
0.166227
0.578463
0.662
0.662
0.449536
0.662
0.347473
0.176893
0.185171
0.662
0.662
0.466184
0.662
0.4543
0.476002
0.662
0.662
0.531371
0.38853
0.322395
0.662
0.662
0.120352
0.425633
0.232546
0.418732
0.199192
0.662
0.662
0.662
0.662
0.662
0.662
0.662
0.662
0.662
0.662
0.662
0.0957005
0.29242
0.662
0.662
0.0345187
0.328162
0.513797
0.662
0.662
0.417913
0.39834
0.662
0.416241
0.404816
0.662
0.433836
0.391457
0.513362
0.118834
0.453921
0.0207386
0.662
0.346457
0.662
0.0339262
0.662
0.616348
0.0927296
0.662
0.39074
0.316278
0.151901
0.662
0.662
0.309446
0.662
0.438528
0.662
0.662
0.662
0.0673904
0.662
0.662
0.0378872
0.314591
0.662
0.0854372
0.112136
0.662
0.282303
0.662
0.662
0.192535
0.206328
0.662
0.325609
0.453876
0.662
0.662
0.319375
0.662
0.662
0.662
0.662
0.662
0.469557
0.662
0.662
0.443119
0.0589721
0.0768815
0.662
0.252809
0.299498
0.0248608
0.412369
0.662
0.363819
0.238175
0.662
0.662
0.662
0.662
0.329156
0.228458
0.445942
0.119848
0.662
0.526276
0.103876
0.381855
0.662
0.170757
0.267795
0.662
0.309264
0.662
0.241716
0.662
0.662
0.432579
0.414999
0.236443
0.280751
0.610183
0.0346185
0.662
0.185159
0.418124
0.218788
0.484001
0.389517
0.662
0.662
0.662
0.662
0.662
0.216302
0.662
0.235663
0.445759
0.0305359
0.291678
0.386242
0.313891
0.662
0.662
0.662
0.313932
0.0857743
0.210853
0.662
0.0690933
0.662
0.662
0.103893
0.546274
0.662
0.126255
0.662
0.20833
0.255022
0.257319
0.594872
0.321667
0.662
0.112669
0.545494
0.662
0.121962
0.662
0.662
0.0977374
0.224855
0.662
0.662
0.469893
0.191132
0.425147
0.662
0.262058
0.662
0.194134
0.662
0.196243
0.662
0.00337629
0.111571
0.274101
0.662
0.662
0.662
0.662
0.662
0.662
0.222592
0.662
0.444544
0.383817
0.539623
0.0128887
0.0688876
0.662
0.662
0.526037
0.401844
0.662
0.662
0.662
0.662
0.220227
0.076525
0.300406
0.662
0.662
0.282197
0.397186
0.662
0.625825
0.662
0.662
0.170772
0.662
0.199875
0.662
0.27488
0.0254381
0.373381
0.662
0.662
0.662
0.0767728
0.308702
0.407438
0.0528271
0.662
0.455198
0.334697
0.662
0.662
0.662
0.472313
0.662
0.337724
0.662
0.470661
0.465397
0.662
0.465926
0.585708
0.199705
0.662
0.662
0.426482
0.248759
0.662
0.0571115
0.0509459
0.0427725
0.662
0.662
0.662
0.268294
0.485248
0.34858
0.662
0.162468
0.332741
0.662
0.505299
0.662
0.662
0.256767
0.662
0.662
0.662
0.332925
0.438397
0.104977
0.662
0.0654308
0.662
0.662
0.662
0.662
0.662
0.469125
0.662
0.662
0.662
0.662
0.340001
0.662
0.408379
0.662
0.662
0.662
0.662
0.662
0.612488
0.662
0.662
0.662
0.662
0.662
0.0217608
0.662
0.662
0.662
0.161923
0.662
0.244429
0.662
0.466636
0.0221342
0.662
0.13062
0.662
0.0634945
0.00414326
0.662
0.0261203
0.662
0.0916099
0.662
0.662
0.256504
0.662
0.662
0.662
0.490413
0.662
0.332721
0.24064
0.662
0.15983
0.662
0.662
0.24433
0.662
0.244765
0.346923
0.20897
0.285286
0.662
0.662
0.662
0.539885
0.138631
0.440575
0.660933
0.568896
0.662
0.662
0.662
0.34262
0.338913
0.662
0.662
0.662
0.662
0.662
0.662
0.400034
0.41232
0.662
0.662
0.662
0.642449
0.662
0.0199021
0.662
0.662
0.28399
0.00110374
0.0626363
0.662
0.662
0.289682
0.662
0.226835
0.20456
0.662
0.662
0.10711
0.662
0.662
0.527002
0.203683
0.662
0.250421
0.178734
0.662
0.245848
0.0264247
0.662
0.662
0.662
0.119466
0.662
0.662
0.662
0.389605
0.662
0.662
0.361479
0.662
0.065568
0.494227
0.662
0.35969
0.112471
0.227867
0.187793
0.427497
0.293931
0.267724
0.662
0.540384
0.398825
0.425265
0.662
0.662
0.249981
0.662
0.662
0.305528
0.0451445
0.0157317
0.162096
0.662
0.662
0.662
0.662
0.662
0.0218014
0.662
0.129264
0.662
0.0284279
0.314039
0.662
0.662
0.662
0.662
0.662
0.106204
0.633694
0.662
0.288725
0.467523
0.662
0.662
0.662
0.662
0.662
0.662
0.450532
0.373965
0.427967
0.532771
0.121893
0.662
0.662
0.662
0.662
0.0304719
0.662
0.069594
0.262826
0.348311
0.662
0.662
0.46935
0.662
0.662
0.662
0.662
0.662
0.662
0.272475
0.314656
0.400099
0.396687
0.27363
0.662
0.418466
0.565342
0.0366133
0.662
0.662
0.306201
0.345174
0.662
0.662
0.662
0.394618
0.014773
0.044931
0.662
0.662
0.136458
0.103652
0.00988723
0.190253
0.662
0.0344456
0.18739
0.411875
0.33675
0.662
0.662
0.662
0.527846
0.662
0.662
0.628798
0.662
0.513039
0.662
0.452944
0.0352625
0.166772
0.294679
0.662
0.62026
0.662
0.413468
0.0757845
0.148365
0.662
0.111518
0.236392
0.662
0.114822
0.506395
0.662
0.403532
0.218956
0.662
0.662
0.662
0.662
0.662
0.662
0.0540972
0.662
0.229705
0.309798
0.23332
0.135569
0.128141
0.662
0.194395
0.392172
0.417794
0.662
0.662
0.387976
0.662
0.662
0.662
0.662
0.127496
0.662
0.0149204
0.113219
0.662
0.662
0.662
0.662
0.243387
0.662
0.662
0.234658
0.01382
0.662
0.220528
0.262554
0.662
0.662
0.662
0.662
0.222602
0.662
0.584925
0.140489
0.662
0.205512
0.379478
0.0175735
0.386283
0.662
0.662
0.662
0.405604
0.662
0.662
0.662
0.662
0.0288617
0.662
0.443742
0.662
0.473136
0.534985
0.662
0.207559
0.463454
0.460245
0.662
0.114496
0.662
0.662
0.662
0.252226
0.314672
0.662
0.662
0.662
0.469575
0.662
0.662
0.662
0.224156
0.662
0.662
0.662
0.662
0.154302
0.662
0.0129023
0.469936
0.447641
0.512404
0.662
0.433448
0.662
0.662
0.662
0.199612
0.0371047
0.662
0.662
0.147988
0.123487
0.313895
0.662
0.662
0.356204
0.662
0.662
0.662
0.662
0.318886
0.662
0.259612
0.308224
0.662
0.377697
0.662
0.662
0.458984
0.184859
0.285554
0.662
0.164639
0.276162
0.662
0.662
0.432264
0.209049
0.662
0.135095
0.662
0.180655
0.662
0.173592
0.662
0.355182
0.662
0.323292
0.473139
0.662
0.354335
0.153388
0.662
0.66155
0.662
0.662
0.253739
0.662
0.109247
0.439187
0.240634
0.662
0.00910379
0.197075
0.662
0.134615
0.662
0.662
0.132767
0.140583
0.662
0.662
0.662
0.121543
0.662
0.0706471
0.662
0.0857143
0.322767
0.662
0.432917
0.662
0.662
0.419364
0.662
0.662
0.44746
0.662
0.0660285
0.466937
0.629706
0.417903
0.084704
0.662
0.662
0.342792
0.494298
0.662
0.16386
0.553878
0.307704
0.236275
0.353182
0.0346061
0.410079
0.214502
0.662
0.212519
0.0235346
0.662
0.427728
0.662
0.0295696
0.0622278
0.401609
0.662
0.662
0.0929603
0.455608
0.455168
0.662
0.662
0.662
0.662
0.662
0.662
0.662
0.330548
0.413082
0.662
0.529944
0.662
0.287217
0.527729
0.393378
0.160688
0.662
0.0700152
0.0901132
0.377785
0.662
0.662
0.662
0.662
0.295988
0.00227874
0.662
0.424702
0.662
0.0527133
0.662
0.662
0.662
0.431738
0.662
0.227173
0.360846
0.524058
0.662
0.662
0.662
0.265758
0.332056
0.662
0.0326066
0.662
0.662
0.662
0.662
0.203438
0.245122
0.511449
0.184653
0.662
0.182677
0.241716
0.169199
0.662
0.485196
0.662
0.341284
0.141782
0.341471
0.662
0.662
0.188232
0.132974
0.128099
0.662
0.311797
0.203662
0.129262
0.662
0.362157
0.662
0.0745176
0.389237
0.662
0.662
0.128549
0.320775
0.0570974
0.246073
0.269069
0.165995
0.662
0.662
0.191516
0.0583542
0.358951
0.247275
0.33192
0.662
0.662
0.662
0.126743
0.662
0.463032
0.662
0.235032
0.662
0.257033
0.662
0.218825
0.662
0.0524853
0.662
0.534662
0.261319
0.662
0.446654
0.662
0.305594
0.558626
0.336282
0.441036
0.0891686
0.457847
0.662
0.104127
0.662
0.662
0.020793
0.662
0.662
0.242949
0.407579
0.484956
0.662
0.662
0.662
0.180307
0.483459
0.662
0.35184
0.662
0.662
0.167686
0.249029
0.270311
0.16916
0.367872
0.662
0.245259
0.226202
0.148377
0.261739
0.545017
0.158184
0.120422
0.662
0.662
0.662
0.662
0.662
0.296808
0.662
0.366844
0.662
0.130101
0.0512488
0.236935
0.422554
0.29299
0.662
0.00203932
0.662
0.662
0.662
0.662
0.662
0.368159
0.662
0.0286417
0.662
0.662
0.588784
0.215298
0.662
0.074804
0.662
0.342141
0.662
0.662
0.662
0.0869504
0.662
0.379878
0.662
0.662
0.209638
0.662
0.662
0.26517
0.453615
0.662
0.662
0.192491
0.0202906
0.306815
0.662
0.476026
0.662
0.662
0.662
0.0473356
0.662
0.662
0.322257
0.000986133
0.662
0.195331
0.662
0.662
0.0622128
0.268785
0.0206656
0.662
0.662
0.351664
0.45995
0.177675
0.662
0.100944
0.0627703
0.662
0.662
0.662
0.230618
0.158378
0.662
0.0688885
0.483012
0.662
0.244742
0.662
0.662
0.33879
0.544042
0.662
0.103564
0.0752464
0.461266
0.224267
0.172383
0.454777
0.233091
0.0772002
0.509025
0.662
0.662
0.324056
0.476597
0.00737909
0.284502
0.662
0.662
0.153685
0.187403
0.662
0.662
0.0443275
0.662
0.34461
0.388823
0.28214
0.662
0.662
0.436066
0.662
0.662
0.52931
0.361308
0.662
0.309934
0.662
0.0477799
0.112041
0.23266
0.662
0.32925
0.0258725
0.662
0.662
0.662
0.662
0.474438
0.662
0.529089
0.172757
0.662
0.282946
0.409004
0.662
0.662
0.136988
0.662
0.662
0.0488389
0.662
0.148747
0.662
0.243744
0.306016
0.0940108
0.00322566
0.242837
0.318502
0.662
0.249113
0.662
0.662
0.00270083
0.13659
0.574037
0.662
0.662
0.662
0.00070046
0.662
0.301211
0.662
0.233113
0.303021
0.662
0.662
0.662
0.0526185
0.662
0.662
0.5166
0.353007
0.0996915
0.444674
0.376524
0.139159
0.45831
0.662
0.238048
0.662
0.662
0.184113
0.170268
0.662
0.295307
0.662
0.662
0.322459
0.662
0.662
0.442019
0.455463
0.212732
0.662
0.364655
0.266294
0.662
0.0708219
0.662
0.431355
0.273897
0.662
0.452775
0.662
0.662
0.662
0.662
0.346605
0.662
0.426365
0.662
0.662
0.0121835
0.662
0.662
0.662
0.662
0.662
0.170504
0.662
0.662
0.379282
0.300637
0.662
0.0810766
0.662
0.662
0.662
0.662
0.347235
0.0580485
0.110499
0.662
0.662
0.662
0.662
0.0937599
0.662
0.662
0.211182
0.662
0.662
0.662
0.388583
0.662
0.31482
0.662
0.662
0.662
0.662
0.248004
0.662
0.344077
0.662
0.662
0.662
0.0320342
0.662
0.662
0.00780078
0.234412
0.662
0.662
0.09191
0.0651016
0.662
0.471815
0.662
0.662
0.153803
0.662
0.393408
0.289045
0.662
0.662
0.242301
0.444157
0.662
0.284101
0.0516655
0.0746462
0.662
0.662
0.662
0.236342
0.20907
0.143482
0.182672
0.121685
0.662
0.662
0.0467859
0.132984
0.398324
0.394414
0.662
0.338398
0.662
0.662
0.662
0.142657
0.662
0.414634
0.662
0.662
0.662
0.181466
0.662
0.662
0.662
0.410274
0.662
0.662
0.286233
0.662
0.453342
0.662
0.662
0.159404
0.0458759
0.447919
0.662
0.662
0.662
0.0469261
0.0735638
0.662
0.662
0.188528
0.436645
0.662
0.216907
0.662
0.00650734
0.27518
0.0763152
0.0144862
0.0506516
0.662
0.662
0.391305
0.430005
0.444565
0.0462213
0.0399676
0.246968
0.120025
0.0117727
0.074419
0.662
0.187015
0.308765
0.402821
0.662
0.662
0.327566
0.36609
0.420424
0.34657
0.404872
0.463652
0.662
0.662
0.662
0.662
0.326491
0.662
0.662
0.662
0.662
0.662
0.00815237
0.662
0.214096
0.662
0.430473
0.337497
0.662
0.662
0.416293
0.662
0.623505
0.662
0.0661414
0.662
0.517778
0.662
0.662
0.154969
0.662
0.203417
0.662
0.662
0.662
0.0295182
0.662
0.662
0.399758
0.410802
0.462851
0.662
0.0475174
0.247266
0.34182
0.164337
0.378009
0.275979
0.205592
0.570697
0.662
0.0819647
0.015406
0.662
0.662
0.399623
0.36998
0.267849
0.344394
0.662
0.00387705
0.417651
0.355277
0.294325
0.158197
0.178721
0.292988
0.371021
0.223286
0.213196
0.430774
0.0102172
0.336053
0.662
0.283659
0.309985
0.662
0.0410801
0.662
0.662
0.662
0.0621836
0.662
0.36938
0.226658
0.36236
0.662
0.662
0.662
0.452642
0.129823
0.384567
0.131897
0.662
0.0228913
0.662
0.662
0.35931
0.386325
0.662
0.12712
0.400413
0.376966
0.662
0.241076
0.438348
0.389476
0.662
0.662
0.662
0.444943
0.662
0.370773
0.662
0.269605
0.662
0.140034
0.662
0.190326
0.42076
0.331312
0.662
0.662
0.662
0.662
0.278895
0.0717423
0.0222187
0.662
0.374465
0.662
0.369432
0.662
0.662
0.662
0.662
0.662
0.662
0.392135
0.278971
0.275812
0.546423
0.662
0.429504
0.132925
0.226428
0.563264
0.662
0.662
0.662
0.662
0.662
0.150822
0.662
0.662
0.662
0.275726
0.662
0.00629831
0.65686
0.662
0.0751028
0.662
0.437688
0.662
0.247595
0.173624
0.662
0.662
0.0738825
0.662
0.359922
0.662
0.134091
0.662
0.662
0.662
0.662
0.662
0.265481
0.354336
0.662
0.662
0.662
0.503638
0.417124
0.662
0.219068
0.662
0.662
0.662
0.662
0.0923387
0.662
0.662
0.662
0.662
0.662
0.478621
0.49701
0.662
0.0144485
0.662
0.662
0.662
0.662
0.2652
0.328607
0.662
0.406099
0.662
0.662
0.662
0.662
0.662
0.662
0.190781
0.662
0.074055
0.392303
0.0293241
0.662
0.087052
0.662
0.0572672
0.662
0.662
0.662
0.662
0.662
0.662
0.428823
0.662
0.170294
0.491523
0.662
0.197939
0.406086
0.439738
0.662
0.301533
0.477994
0.197238
0.662
0.662
0.662
0.662
0.357575
0.238637
0.532137
0.431178
0.662
0.662
0.152889
