0.0436577
0.146407
0.264547
0.0681957
0.0529772
0.662
0.662
0.422131
0.662
0.0971312
0.0623859
0.662
0.662
0.0901725
0.475528
0.0578037
0.224796
0.662
0.374631
0.134385
0.662
0.296546
0.662
0.662
0.662
0.648019
0.662
0.400444
0.662
0.662
0.28758
0.0231498
0.662
0.662
0.662
0.662
0.662
0.15916
0.198034
0.662
0.396192
0.247657
0.662
0.662
0.662
0.288793
0.257871
0.155805
0.417254
0.662
0.662
0.662
0.662
0.314022
0.259423
0.662
0.662
0.253722
0.442972
0.361067
0.220776
0.662
0.540266
0.662
0.662
0.662
0.662
0.446987
0.0405781
0.662
0.662
0.122076
0.109796
0.662
0.662
0.662
0.248336
0.396074
0.216554
0.358442
0.425394
0.662
0.357623
0.662
0.0620771
0.662
0.493225
0.221265
0.506822
0.662
0.0420189
0.662
0.166309
0.238018
0.662
0.297397
0.164893
0.662
0.662
0.662
0.418207
0.662
0.0831464
0.285221
0.39378
0.103745
0.662
0.198732
0.662
0.400817
0.662
0.662
0.662
0.662
0.662
0.662
0.502966
0.662
0.310247
0.220667
0.662
0.662
0.39686
0.347048
0.00678293
0.662
0.010859
0.662
0.662
0.662
0.258966
0.662
0.662
0.662
0.662
0.662
0.662
0.662
0.234057
0.662
0.662
0.662
0.662
0.234318
0.048794
0.334876
0.23708
0.662
0.662
0.418468
0.662
0.291064
0.662
0.340998
0.662
0.662
0.662
0.289977
0.662
0.662
0.662
0.662
0.662
0.264013
0.354187
0.662
0.436507
0.0413792
0.431978
0.476133
0.402769
0.114158
0.181633
0.662
0.637705
0.662
0.662
0.662
0.662
0.372507
0.154924
0.662
0.662
0.662
0.207571
0.662
0.662
0.0282044
0.662
0.662
0.662
0.662
0.448344
0.234123
0.37926
0.662
0.662
0.471261
0.662
0.245472
0.662
0.429443
0.337386
0.117079
0.400202
0.254419
0.0836064
0.662
0.238452
0.107214
0.49007
0.149249
0.200108
0.662
0.662
0.430064
0.662
0.41556
0.662
0.662
0.662
0.662
0.662
0.662
0.0882975
0.124057
0.662
0.308268
0.662
0.040107
0.662
0.662
0.662
0.366197
0.662
0.662
0.211254
0.21762
0.662
0.662
0.449287
0.662
0.662
0.265709
0.044933
0.662
0.268409
0.549848
0.662
0.662
0.0230767
0.029698
0.385728
0.00156063
0.271916
0.260321
0.313998
0.173362
0.662
0.259189
0.605092
0.662
0.662
0.662
0.351411
0.662
0.0473966
0.662
0.162692
0.108231
0.662
0.0863498
0.662
0.662
0.662
0.662
0.662
0.662
0.51586
0.189892
0.241457
0.662
0.662
0.0042534
0.662
0.662
0.662
0.662
0.303469
0.368358
0.110386
0.662
0.371608
0.415966
0.326469
0.662
0.45853
0.662
0.662
0.662
0.662
0.645206
0.319006
0.290322
0.662
0.662
0.662
0.662
0.662
0.662
0.662
0.158657
0.354823
0.662
0.332724
0.538155
0.449269
0.662
0.662
0.662
0.662
0.662
0.662
0.662
0.662
0.662
0.662
0.453861
0.461294
0.662
0.0525564
0.236706
0.662
0.662
0.662
0.662
0.662
0.662
0.662
0.662
0.448554
0.662
0.477124
0.182213
0.662
0.456971
0.662
0.481038
0.662
0.662
0.662
0.662
0.662
0.662
0.615048
0.662
0.41285
0.461469
0.662
0.235357
0.263876
0.113439
0.629555
0.662
0.662
0.0823248
0.333167
0.0156593
0.324168
0.662
0.525145
0.296867
0.57016
0.465222
0.0997246
0.662
0.27265
0.232265
0.662
0.662
0.138323
0.662
0.121932
0.28133
0.662
0.247012
0.662
0.190943
0.662
0.537549
0.14832
0.662
0.662
0.146778
0.201531
0.662
0.662
0.662
0.272881
0.662
0.452507
0.169154
0.662
0.050937
0.662
0.188951
0.662
0.662
0.662
0.239103
0.309036
0.662
0.662
0.662
0.629763
0.655428
0.662
0.662
0.662
0.662
0.662
0.662
0.0429048
0.257934
0.361315
0.259783
0.25731
0.662
0.662
0.662
0.327749
0.662
0.208357
0.662
0.060045
0.662
0.00380609
0.662
0.257144
0.130794
0.662
0.463987
0.248033
0.41395
0.662
0.108244
0.621503
0.0976145
0.662
0.662
0.180373
0.662
0.117022
0.155563
0.662
0.662
0.662
0.164712
0.662
0.0370778
0.0117525
0.312239
0.662
0.662
0.662
0.608634
0.662
0.662
0.365021
0.199643
0.16236
0.255034
0.662
0.662
0.158922
0.302163
0.662
0.537332
0.662
0.662
0.662
0.636141
0.0678561
0.662
0.117052
0.662
0.662
0.662
0.662
0.375676
0.312613
0.662
0.662
0.383147
0.462602
0.0417686
0.328186
0.612383
0.464899
0.28514
0.662
0.393052
0.662
0.662
0.662
0.662
0.17347
0.357366
0.589137
0.662
0.589473
0.351477
0.36276
0.205457
0.0602219
0.399879
0.00856092
0.662
0.172406
0.662
0.452497
0.113928
0.662
0.0761437
0.662
0.662
0.44031
0.199315
0.662
0.662
0.662
0.662
0.662
0.662
0.423425
0.365779
0.211086
0.125757
0.220885
0.471142
0.662
0.662
0.662
0.662
0.662
0.662
0.0726627
0.662
0.368383
0.409083
0.662
0.662
0.662
0.662
0.1928
0.314571
0.417117
0.662
0.57577
0.662
0.662
0.29489
0.367647
0.298484
0.662
0.264452
0.662
0.127589
0.662
0.216627
0.314568
0.662
0.662
0.190685
0.662
0.662
0.0826914
0.254061
0.0222779
0.662
0.131066
0.662
0.626614
0.662
0.241187
0.662
0.662
0.662
0.662
0.47036
0.0550457
0.0168573
0.456712
0.0133543
0.662
0.662
0.115557
0.43938
0.662
0.467729
0.142414
0.0243824
0.453612
0.662
0.345985
0.662
0.380918
0.131916
0.662
0.192344
0.16594
0.662
0.662
0.662
0.209878
0.662
0.577289
0.662
0.662
0.662
0.109476
0.297148
0.181806
0.467438
0.0399762
0.39112
0.428676
0.662
0.0401515
0.309582
0.393479
0.471852
0.662
0.280758
0.371362
0.26359
0.662
0.559553
0.662
0.662
0.662
0.331234
0.464021
0.662
0.32326
0.405714
0.662
0.662
0.0174014
0.0754259
0.662
0.358067
0.179664
0.3901
0.353523
0.662
0.465386
0.00872519
0.662
0.223051
0.662
0.662
0.0697129
0.195095
0.493296
0.662
0.662
0.662
0.244884
0.662
0.258428
0.662
0.662
0.00783944
0.662
0.307428
0.662
0.284068
0.662
0.401108
0.0373363
0.662
0.662
0.662
0.662
0.662
0.100947
0.662
0.662
0.662
0.560805
0.662
0.456005
0.104366
0.252062
0.662
0.0751235
0.0765673
0.662
0.116235
0.662
0.264175
0.120006
0.662
0.18856
0.277213
0.0838409
0.362322
0.662
0.291986
0.662
0.112165
0.662
0.662
0.21774
0.0198381
0.662
0.349145
0.662
0.180549
0.662
0.283232
0.662
0.662
0.662
0.662
0.662
0.662
0.662
0.352014
0.662
0.662
0.0767871
0.0844731
0.662
0.389512
0.662
0.662
0.662
0.479833
0.400036
0.194568
0.0664703
0.522026
0.595831
0.172667
0.125523
0.662
0.178412
0.424975
0.0437353
0.366707
0.662
0.662
0.662
0.662
0.352534
0.257508
0.662
0.662
0.662
0.141713
0.662
0.389412
0.662
0.109908
0.181093
0.662
0.368433
0.239209
0.662
0.662
0.662
0.662
0.662
0.467635
0.267219
0.662
0.662
0.357846
0.173958
0.530965
0.338631
0.402942
0.19583
0.228622
0.252689
0.662
0.662
0.277899
0.662
0.662
0.568513
0.321453
0.662
0.662
0.111811
0.662
0.662
0.37014
0.189292
0.0254466
0.662
0.197707
0.662
0.590398
0.662
0.0569542
0.223482
0.294906
0.132307
0.662
0.209803
0.662
0.662
0.662
0.105373
0.662
0.135914
0.662
0.662
0.507192
0.662
0.00382354
0.257977
0.662
0.429475
0.662
0.662
0.243447
0.0999952
0.662
0.471095
0.324801
0.0470171
0.309141
0.662
0.662
0.662
0.273144
0.662
0.0840968
0.662
0.662
0.662
0.477069
0.00722632
0.662
0.242813
0.304431
0.31539
0.662
0.421063
0.26921
0.662
0.662
0.332723
0.303548
0.662
0.104482
0.471266
0.148278
0.662
0.662
0.506266
0.662
0.447928
0.010288
0.0387312
0.662
0.445028
0.0188532
0.259979
0.330674
0.140489
0.662
0.454244
0.662
0.662
0.0564231
0.455741
0.344504
0.169559
0.662
0.662
0.662
0.0390693
0.662
0.662
0.124554
0.662
0.662
0.662
0.31537
0.276083
0.501272
0.662
0.18124
0.260867
0.662
0.662
0.0037881
0.204475
0.662
0.116322
0.0320166
0.13234
0.262106
0.412639
0.316512
0.0638641
0.469561
0.662
0.0369976
0.662
0.361605
0.662
0.372762
0.633391
0.662
