0.662
0.662
0.0395026
0.38297
0.662
0.00180024
0.662
0.230455
0.662
0.662
0.0873943
0.662
0.662
0.422418
0.662
0.662
0.365243
0.662
0.662
0.170743
0.662
0.17216
0.398151
0.22276
0.298118
0.0367964
0.662
0.662
0.453274
0.437958
0.430863
0.277758
0.172168
0.0990586
0.662
0.662
0.350761
0.662
0.662
0.662
0.662
0.198221
0.15963
0.00864712
0.662
0.662
0.405323
0.122168
0.0102258
0.000221706
0.662
0.662
0.662
0.662
0.662
0.662
0.559295
0.662
0.662
0.0261022
0.495797
0.662
0.662
0.508291
0.662
0.0415543
0.662
0.200451
0.662
0.0797666
0.662
0.0922166
0.662
0.662
0.35215
0.629776
0.662
0.372644
0.662
0.662
0.494463
0.662
0.456042
0.662
0.345569
0.662
0.662
0.250656
0.129425
0.662
0.102204
0.0422933
0.662
0.641897
0.662
0.662
0.10814
0.662
0.209441
0.662
0.662
0.662
0.3206
0.144467
0.662
0.474852
0.662
0.25721
0.662
0.662
0.662
0.662
0.621688
0.160051
0.662
0.662
0.662
0.40125
0.145526
0.662
0.283631
0.307025
0.662
0.662
0.597892
0.440016
0.662
0.464213
0.662
0.662
0.0656501
0.662
0.134742
0.112834
0.17132
0.662
0.229761
0.662
0.0850427
0.662
0.662
0.662
0.662
0.662
0.065928
0.00882834
0.329065
0.662
0.662
0.609606
0.662
0.662
0.332864
0.662
0.662
0.662
0.662
0.662
0.662
0.470426
0.662
0.265006
0.662
0.246979
0.662
0.4389
0.44281
0.662
0.19209
0.662
0.424346
0.662
0.662
0.0926965
0.662
0.662
0.662
0.662
0.0189299
0.662
0.00944357
0.662
0.107754
0.662
0.662
0.662
0.378935
0.657371
0.662
0.662
0.285077
0.351203
0.455254
0.662
0.106883
0.662
0.350043
0.429445
0.202491
0.662
0.662
0.398342
0.662
0.662
0.662
0.662
0.662
0.0695374
0.662
0.060604
0.046872
0.486078
0.158651
0.426925
0.662
0.662
0.468588
0.662
0.662
0.465885
0.644852
0.278534
0.445068
0.662
0.398952
0.441898
0.284068
0.662
0.662
0.662
0.639392
0.662
0.157134
0.219217
0.662
0.184941
0.130091
0.441269
0.342829
0.662
0.21396
0.662
0.485164
0.662
0.121932
0.121715
0.285718
0.662
0.243018
0.662
0.298924
0.0746503
0.662
0.508696
0.0101345
0.662
0.662
0.184113
0.662
0.662
0.306269
0.212461
0.662
0.662
0.662
0.662
0.662
0.662
0.24365
0.662
0.293768
0.366354
0.393579
0.153
0.662
0.339518
0.26116
0.662
0.662
0.0223921
0.303476
0.662
0.589445
0.662
0.347283
0.421677
0.0635259
0.0531687
0.662
0.534488
0.50458
0.662
0.286472
0.223241
0.662
0.219768
0.235507
0.662
0.345056
0.370686
0.662
0.662
0.366538
0.662
0.26744
0.308569
0.283545
0.662
0.662
0.368914
0.662
0.662
0.662
0.130276
0.662
0.439009
0.662
0.372158
0.662
0.662
0.324922
0.474486
0.662
0.662
0.662
0.662
0.662
0.391983
0.662
0.662
0.190046
0.662
0.0473812
0.350131
0.537324
0.662
0.662
0.383412
0.497969
0.662
0.467002
0.188418
0.275841
0.424609
0.389878
0.662
0.313549
0.265367
0.662
0.662
0.381803
0.662
0.662
0.0496338
0.375045
0.662
0.439474
0.450841
0.0608942
0.195572
0.59849
0.184604
0.662
0.0289558
0.662
0.252905
0.662
0.443256
0.662
0.662
0.662
0.662
0.0584379
0.576075
0.412599
0.338959
0.267794
0.190943
0.662
0.0676655
0.436159
0.177911
0.662
0.662
0.244365
0.662
0.110457
0.342078
0.662
0.662
0.662
0.176878
0.662
0.662
0.662
0.662
0.662
0.411018
0.662
0.662
0.662
0.662
0.662
0.662
0.662
0.662
0.0247191
0.199258
0.45402
0.662
0.226129
0.662
0.662
0.456282
0.500477
0.47152
0.662
0.662
0.662
0.662
0.662
0.662
0.460299
0.662
0.662
0.501044
0.662
0.662
0.561955
0.0654254
0.263024
0.662
0.662
0.662
0.662
0.662
0.662
0.662
0.0241604
0.662
0.129444
0.662
0.404481
0.469439
0.662
0.662
0.128421
0.662
0.662
0.378748
0.662
0.629763
0.662
0.662
0.662
0.662
0.239684
0.662
0.662
0.662
0.662
0.341217
0.245315
0.12976
0.662
0.136978
0.662
0.258901
0.630569
0.153565
0.662
0.369607
0.408039
0.662
0.662
0.527972
0.126633
0.662
0.662
0.662
0.0872345
0.0903509
0.215732
0.662
0.662
0.662
0.380242
0.359998
0.662
0.311898
0.127887
0.464109
0.662
0.662
0.0645691
0.662
0.104609
0.662
0.1043
0.325342
0.662
0.662
0.118214
0.175144
0.662
0.450751
0.662
0.412691
0.662
0.198023
0.174677
0.662
0.662
0.0344189
0.213446
0.662
0.662
0.662
0.0702882
0.662
0.256466
0.662
0.105815
0.662
0.112681
0.662
0.156327
0.476007
0.662
0.662
0.088293
0.662
0.126405
0.455548
0.458698
0.662
0.662
0.451463
0.662
0.312453
0.0714607
0.662
0.377216
0.662
0.662
0.459095
0.382665
0.662
0.662
0.177236
0.662
0.662
0.662
0.443999
0.662
0.662
0.421398
0.578296
0.200167
0.276792
0.662
0.662
0.662
0.229983
0.662
0.662
0.490787
0.392349
0.662
0.662
0.662
0.662
0.662
0.328794
0.326127
0.188929
0.662
0.32647
0.662
0.662
0.130224
0.662
0.662
0.662
0.662
0.662
0.662
0.199996
0.662
0.455882
0.662
0.662
0.662
0.0533869
0.662
0.662
0.662
0.253176
0.662
0.662
0.662
0.0399364
0.23362
0.242265
0.662
0.347843
0.662
0.137111
0.662
0.291466
0.662
0.20265
0.662
0.662
0.662
0.662
0.662
0.662
0.662
0.662
0.662
0.413353
0.46846
0.662
0.662
0.0568374
0.662
0.322946
0.414667
0.662
0.662
0.451835
0.111447
0.0608607
0.662
0.629763
0.504564
0.662
0.0376247
0.662
0.12505
0.662
0.662
0.0674731
0.662
0.662
0.662
0.662
0.662
0.223279
0.662
0.294676
0.0195265
0.0580017
0.662
0.662
0.662
0.31677
0.138046
0.355807
0.33019
0.146259
0.662
0.239432
0.281612
0.104092
0.426542
0.0303527
0.662
0.662
0.199643
0.662
0.662
0.662
0.129555
0.244352
0.662
0.141394
0.662
0.662
0.662
0.158744
0.376628
0.662
0.662
0.166107
0.662
0.662
0.662
0.414869
0.662
0.662
0.662
0.25152
0.662
0.149501
0.662
0.662
0.662
0.662
0.0852401
0.662
0.662
0.662
0.0864474
0.662
0.662
0.270607
0.662
0.154106
0.662
0.662
0.0119683
0.662
0.371706
0.354861
0.662
0.662
0.264631
0.662
0.109404
0.662
0.662
0.378822
0.300702
0.1054
0.662
0.662
0.434245
0.662
0.225185
0.662
0.0196008
0.662
0.461038
0.662
0.662
0.662
0.662
0.662
0.662
0.434839
0.662
0.662
0.662
0.662
0.0361424
0.0892453
0.155593
0.520132
0.553258
0.662
0.662
0.662
0.662
0.662
0.620239
0.190685
0.662
0.224378
0.220382
0.662
0.662
0.0768095
0.662
0.662
0.00748653
0.170245
0.662
0.417749
0.184105
0.458534
0.358683
0.0751572
0.0210357
0.434409
0.188019
0.662
0.662
0.662
0.023753
0.662
0.662
0.662
0.662
0.662
0.662
0.662
0.662
0.662
0.0241344
0.662
0.662
0.120274
0.662
0.662
0.192785
0.662
0.404238
0.229779
0.54886
0.427682
0.662
0.662
0.367653
0.315728
0.036918
0.662
0.350764
0.228711
0.162593
0.662
0.662
0.050661
0.662
0.662
0.185355
0.662
0.352276
0.662
0.172406
0.662
0.662
0.662
0.662
0.662
0.0826824
0.171355
0.662
0.0114891
0.662
0.662
0.662
0.662
0.662
0.662
0.662
0.662
0.115677
0.662
0.662
0.46703
0.476406
0.48436
0.00533276
0.350008
0.662
0.662
0.662
0.662
0.410548
0.662
0.662
0.0456591
0.662
0.662
0.439508
0.218264
0.662
0.271473
0.238442
0.662
0.150826
0.249647
0.128408
0.662
0.662
0.662
0.662
0.107606
0.662
0.0365942
0.226117
0.1091
0.384599
0.0930823
0.662
0.126832
0.211275
0.36063
0.130798
0.011463
0.662
0.662
0.662
0.378242
0.376187
0.321005
0.662
0.662
0.205813
0.159189
0.662
0.662
0.0547037
0.221176
0.662
0.432043
0.452748
0.213855
0.150465
0.662
0.662
0.662
0.662
0.662
0.105536
0.662
0.294195
0.0246211
0.412853
0.34041
0.197786
0.420977
0.449455
0.662
0.33369
0.403993
0.295935
0.662
0.214273
0.662
0.662
0.421584
0.44793
0.662
0.0812403
0.662
0.12563
0.437259
0.321491
0.662
0.662
0.662
0.662
0.258627
0.662
0.0731663
0.662
0.310334
0.184403
0.392029
0.662
0.662
0.662
0.662
0.258519
0.183059
0.633391
0.662
0.650438
0.381892
0.662
0.662
0.662
0.568244
0.460568
0.139067
0.514891
0.662
0.204972
0.479176
0.662
0.662
0.148513
0.662
0.662
0.485234
0.662
0.662
0.0219462
0.421234
0.320312
0.662
0.662
0.342113
0.0176435
0.536862
0.662
0.0587651
0.442685
0.075108
0.250104
0.662
0.662
0.662
0.46223
0.457245
0.662
0.42186
0.662
0.342924
0.537926
0.662
0.00771946
0.662
0.662
0.662
0.662
0.139815
0.00852983
0.516197
0.662
0.360423
0.105278
0.662
0.25927
0.40569
0.377826
0.662
0.458839
0.662
0.662
0.662
0.662
0.662
0.662
0.0963226
0.211568
0.662
0.0610355
0.662
0.373536
0.662
0.143962
0.662
0.662
0.662
0.2909
0.381841
0.0703205
0.662
0.662
0.662
0.662
0.662
0.662
0.662
0.00199064
0.375192
0.662
0.662
0.662
0.131022
0.662
0.319925
0.662
0.662
0.662
0.28739
0.662
0.48355
0.0532812
0.662
0.185876
0.662
0.0519941
0.198324
0.173062
0.305357
0.662
0.35795
0.662
0.289569
0.23528
0.472874
0.662
0.662
0.662
0.662
0.190696
0.454406
0.464638
0.60201
0.662
0.662
0.466057
0.438302
0.17106
0.662
0.662
0.662
0.662
0.662
0.662
0.662
0.363926
0.662
0.0433561
0.374505
0.662
0.662
0.386609
0.440244
0.662
0.662
0.433222
0.662
0.662
0.662
0.248021
0.0143477
0.652841
0.662
0.662
0.236019
0.516616
0.662
0.662
0.414443
0.662
0.662
0.436967
0.662
0.0464444
0.650656
0.43458
0.662
0.662
0.263921
0.252272
0.178599
0.0626751
0.325667
0.129618
0.662
0.662
0.227877
0.662
0.662
0.662
0.662
0.662
0.303495
0.662
0.662
0.338992
0.662
0.272379
0.662
0.276664
0.662
0.662
0.662
0.179755
0.662
0.662
0.477118
0.379013
0.662
0.662
0.662
0.267806
0.662
0.0296861
0.662
0.662
0.662
0.662
0.662
0.135442
0.662
0.662
0.17417
0.662
0.662
0.662
0.197475
0.662
0.234469
0.284492
0.473837
0.191384
0.362488
0.662
0.662
0.294757
0.390861
0.662
0.16134
0.662
0.260489
0.662
0.0969397
0.662
0.274522
0.305325
0.337784
0.662
0.662
0.189285
0.38275
0.662
0.260375
0.662
0.662
0.20426
0.321827
0.135361
0.662
0.255725
0.662
0.662
0.662
0.662
0.105663
0.30596
0.662
0.319661
0.662
0.204632
0.0419922
0.324591
0.281484
0.0592542
0.662
0.230869
0.345126
0.091465
0.662
0.662
0.0202187
0.662
0.662
0.662
0.662
0.662
0.662
0.662
0.662
0.662
0.455356
0.04605
0.662
0.662
0.662
0.316966
0.372794
0.00448964
0.361482
0.662
0.662
0.662
0.662
0.110667
0.36449
0.662
0.0146075
0.0301564
0.221037
0.662
0.662
0.0616552
0.287123
0.662
0.312176
0.0589803
0.0490908
0.63339
0.0995385
0.410457
0.662
0.662
0.265593
0.662
