0.248625
0.236144
0.662
0.662
0.662
0.230833
0.0276579
0.240895
0.662
0.662
0.42035
0.273163
0.374361
0.662
0.187856
0.662
0.662
0.115094
0.297392
0.662
0.155395
0.662
0.662
0.169746
0.662
0.123353
0.662
0.662
0.162366
0.662
0.662
0.662
0.662
0.662
0.0337989
0.222384
0.662
0.662
0.662
0.662
0.373958
0.662
0.662
0.662
0.258507
0.662
0.662
0.662
0.381613
0.349474
0.298254
0.228922
0.662
0.662
0.662
0.662
0.328466
0.401421
0.662
0.662
0.662
0.662
0.662
0.662
0.554381
0.068834
0.0505068
0.662
0.437345
0.187997
0.019082
0.662
0.364582
0.662
0.662
0.416541
0.232925
0.22912
0.360521
0.421595
0.134985
0.296617
0.662
0.294021
0.46415
0.662
0.395023
0.176482
0.109859
0.662
0.662
0.379047
0.304687
0.662
0.0952189
0.662
0.662
0.195013
0.662
0.662
0.662
0.662
0.260832
0.662
0.321551
0.460185
0.148777
0.662
0.0467788
0.662
0.0822678
0.472285
0.662
0.241298
0.290504
0.183768
0.599189
0.00684811
0.662
0.662
0.662
0.325356
0.469792
0.662
0.629763
0.662
0.662
0.662
0.451752
0.662
0.614571
0.227137
0.410692
0.662
0.385992
0.662
0.468766
0.128573
0.662
0.662
0.251394
0.176174
0.662
0.029241
0.2669
0.662
0.394582
0.115201
0.662
0.00338565
0.662
0.662
0.662
0.167235
0.662
0.330273
0.255531
0.662
0.662
0.662
0.662
0.312126
0.662
0.662
0.662
0.354133
0.211573
0.662
0.662
0.662
0.662
0.138498
0.662
0.207166
0.662
0.662
0.58766
0.380527
0.662
0.662
0.0937665
0.19667
0.479724
0.0991889
0.0322701
0.662
0.0111293
0.28056
0.436795
0.237104
0.662
0.662
0.330645
0.477367
0.444484
0.469599
0.39715
0.662
0.39605
0.192441
0.0986362
0.464523
0.0203715
0.326974
0.662
0.662
0.662
0.0154881
0.662
0.227511
0.186466
0.662
0.662
0.662
0.396694
0.452388
0.662
0.21903
0.662
0.662
0.662
0.662
0.662
0.207955
0.662
0.366686
0.662
0.144979
0.182091
0.662
0.116276
0.0632307
0.345162
0.167092
0.662
0.329944
0.662
0.662
0.662
0.662
0.0666085
0.35212
0.662
0.662
0.662
0.344193
0.456899
0.662
0.662
0.355526
0.0883429
0.0353585
0.662
0.662
0.276851
0.662
0.662
0.271038
0.157113
0.371399
0.191037
0.662
0.0185897
0.420592
0.662
0.662
0.662
0.662
0.477521
0.662
0.662
0.0729805
0.175302
0.662
0.662
0.662
0.364427
0.449265
0.662
0.662
0.43224
0.0726608
0.514934
0.662
0.662
0.440631
0.0698598
0.662
0.662
0.662
0.662
0.662
0.413475
0.354372
0.525787
0.662
0.662
0.662
0.302915
0.662
0.662
0.662
0.0257267
0.430089
0.267981
0.662
0.0978793
0.0103986
0.662
0.662
0.662
0.436766
0.662
0.46648
0.354116
0.662
0.469931
0.188872
0.310984
0.662
0.662
0.662
0.458612
0.193911
0.296941
0.662
0.436456
0.529149
0.662
0.662
0.662
0.662
0.484491
0.662
0.662
0.662
0.215602
0.662
0.489796
0.342998
0.265517
0.434987
0.16012
0.0295554
0.0226921
0.662
0.0926993
0.662
0.442242
0.662
0.401701
0.662
0.662
0.301844
0.116944
0.662
0.156711
0.0668465
0.24764
0.662
0.641948
0.27619
0.662
0.456022
0.662
0.310903
0.0104481
0.100461
0.267047
0.662
0.00679183
0.662
0.42974
0.662
0.662
0.192222
0.134411
0.401337
0.160735
0.662
0.0273611
0.351714
0.318493
0.0902162
0.00153592
0.00699878
0.662
0.662
0.662
0.000949673
0.662
0.662
0.662
0.12249
0.662
0.662
0.0984647
0.662
0.0341596
0.662
0.662
0.662
0.127906
0.662
0.662
0.313582
0.662
0.662
0.662
0.476282
0.210177
0.0970067
0.233216
0.662
0.662
0.662
0.662
0.458701
0.243895
0.662
0.662
0.662
0.662
0.662
0.0410648
0.662
0.662
0.662
0.163545
0.117907
0.662
0.25798
0.435759
0.662
0.662
0.193922
0.662
0.662
0.477425
0.662
0.662
0.662
0.633391
0.240121
0.662
0.662
0.662
0.662
0.62492
0.546245
0.397929
0.346307
0.135969
0.662
0.35057
0.196873
0.309318
0.662
0.662
0.30138
0.662
0.662
0.662
0.00661953
0.662
0.332728
0.662
0.662
0.386225
0.407672
0.413589
0.0877601
0.662
0.181871
0.415896
0.63339
0.538219
0.43684
0.418908
0.662
0.662
0.662
0.518159
0.344336
0.662
0.205805
0.662
0.662
0.333493
0.662
0.196075
0.130212
0.00165707
0.434495
0.28299
0.358121
0.366737
0.662
0.587084
0.662
0.416764
0.662
0.461639
0.0678976
0.662
0.662
0.629706
0.662
0.662
0.662
0.454219
0.662
0.141492
0.662
0.368493
0.169494
0.438858
0.385909
0.150325
0.662
0.456068
0.0905323
0.662
0.662
0.662
0.662
0.552013
0.466742
0.662
0.415972
0.662
0.0953637
0.662
0.289645
0.662
0.662
0.156298
0.662
0.662
0.538267
0.367131
0.176603
0.327699
0.347447
0.317854
0.339877
0.241998
0.00612299
0.662
0.662
0.23723
0.069017
0.011248
0.662
0.476084
0.662
0.662
0.0545015
0.203299
0.662
0.217329
0.662
0.243352
0.0783018
0.662
0.662
0.0627129
0.348483
0.34173
0.497715
0.191405
0.662
0.0434975
0.662
0.339767
0.662
0.662
0.662
0.45938
0.662
0.662
0.662
0.300107
0.662
0.662
0.189203
0.1771
0.275313
0.662
0.266414
0.662
0.662
0.386843
0.0945305
0.662
0.368017
0.114316
0.201084
0.662
0.310988
0.662
0.662
0.421278
0.0967529
0.464867
0.36547
0.662
0.264535
0.662
0.662
0.662
0.662
0.39945
0.662
0.274192
0.662
0.662
0.394962
0.662
0.353851
0.338954
0.662
0.662
0.662
0.394631
0.26682
0.331645
0.10065
0.662
0.662
0.662
0.662
0.0691226
0.391422
0.662
0.662
0.662
0.662
0.0271409
0.662
0.662
0.662
0.3861
0.662
0.275955
0.662
0.662
0.646065
0.324168
0.662
0.274144
0.0312938
0.11619
0.662
0.662
0.0540603
0.662
0.00828178
0.662
0.0274985
0.662
0.662
0.662
0.577993
0.662
0.202757
0.662
0.233488
0.0309567
0.662
0.0358749
0.662
0.662
0.152041
0.662
0.662
0.442148
0.123749
0.433151
0.662
0.662
0.662
0.662
0.662
0.375479
0.662
0.662
0.330589
0.662
0.662
0.662
0.662
0.662
0.207052
0.662
0.523708
0.254369
0.662
0.662
0.662
0.662
0.662
0.662
0.0388216
0.662
0.662
0.662
0.537646
0.662
0.0603732
0.662
0.662
0.0999583
0.287011
0.30749
0.365423
0.662
0.268637
0.662
0.662
0.662
0.662
0.662
0.322349
0.0993752
0.0476031
0.0178036
0.662
0.479742
0.437883
0.105587
0.0666017
0.662
0.305744
0.0182533
0.662
0.388946
0.0529927
0.418104
0.474352
0.40512
0.662
0.662
0.662
0.662
0.109079
0.0180018
0.662
0.662
0.662
0.417964
0.662
0.202103
0.662
0.090982
0.662
0.662
0.611893
0.662
0.662
0.0292039
0.332185
0.0304153
0.662
0.392432
0.456358
0.297045
0.34776
0.272593
0.034923
0.662
0.662
0.218965
0.0207774
0.662
0.417467
0.0434438
0.662
0.119744
0.326227
0.252543
0.435188
0.28595
0.662
0.662
0.662
0.662
0.0364109
0.662
0.51534
0.662
0.662
0.20402
0.662
0.435195
0.352169
0.0156424
0.662
0.325372
0.203853
0.0861919
0.662
0.394998
0.064021
0.444771
0.662
0.100605
0.158146
0.662
0.37129
0.662
0.265909
0.221212
0.323403
0.39781
0.662
0.179436
0.662
0.420021
0.662
0.662
0.662
0.662
0.662
0.219268
0.662
0.609014
0.662
0.0559541
0.662
0.662
0.233283
0.662
0.662
0.100097
0.662
0.662
0.453075
0.662
0.441053
0.662
0.132079
0.63339
0.662
0.0997665
0.115624
0.294568
0.459206
0.662
0.662
0.000687858
0.662
0.0897085
0.662
0.441405
0.662
0.126669
0.662
0.662
0.662
0.662
0.111403
0.662
0.662
0.662
0.662
0.352163
0.662
0.662
0.00429929
0.271229
0.662
0.155206
0.150476
0.533531
0.195234
0.662
0.662
0.0324236
0.662
0.662
0.662
0.662
0.662
0.662
0.662
0.0572869
0.461573
0.35392
0.662
0.662
0.662
0.426709
0.662
0.273851
0.662
0.662
0.353558
0.273365
0.428768
0.662
0.414256
0.662
0.559799
0.172714
0.0563432
0.173605
0.662
0.294008
0.662
0.307624
0.662
0.179452
0.169788
0.448209
0.325693
0.177978
0.662
0.298998
0.0803008
0.0454015
0.351986
0.662
0.0418813
0.662
0.404512
0.413027
0.214497
0.662
0.662
0.662
0.383294
0.662
0.0601601
0.662
0.490649
0.662
0.0780485
0.264593
0.662
0.294413
0.662
0.662
0.195844
0.200562
0.662
0.159538
0.662
0.662
0.224498
0.662
0.0521979
0.662
0.157324
0.593713
0.374903
0.215665
0.470334
0.1433
0.198062
0.662
0.662
0.151322
0.361454
0.0594688
0.466059
0.662
0.313694
0.203719
0.662
0.200707
0.662
0.47604
0.662
0.477075
0.662
0.133621
0.662
0.662
0.662
0.262773
0.172769
0.662
0.315174
0.63339
0.0326747
0.662
0.662
0.662
0.0819772
0.662
0.291525
0.662
0.396504
0.473253
0.352528
0.0231027
0.471553
0.662
0.409102
0.401013
0.662
0.662
0.126451
0.662
0.662
0.0303226
0.662
0.0451882
0.139999
0.186929
0.40733
0.662
0.607308
0.662
0.662
0.583145
0.314599
0.158736
0.662
0.266134
0.662
0.354244
0.662
0.0217616
0.454933
0.662
0.662
0.207587
0.662
0.563728
0.662
0.662
0.490517
0.662
0.256944
0.662
0.662
0.662
0.395192
0.662
0.662
0.100716
0.662
0.662
0.372286
0.662
0.662
0.662
0.259527
0.662
0.662
0.129109
0.662
0.573153
0.00258356
0.244017
0.620482
0.203544
0.662
0.662
0.662
0.190303
0.662
0.0892247
0.0458679
0.194351
0.662
0.0605653
0.662
0.505436
0.662
0.463358
0.482509
0.662
0.662
0.215888
0.662
0.662
0.662
0.662
0.280972
0.662
0.3825
0.172585
0.31657
0.662
0.255236
0.0858473
0.662
0.478166
0.662
0.662
0.662
0.662
0.462078
0.24877
0.147022
0.357884
0.0026879
0.662
0.662
0.662
0.662
0.427409
0.209129
0.662
0.270618
0.222413
0.433142
0.662
0.662
0.336912
0.662
0.662
0.0648579
0.662
0.662
0.424229
0.662
0.662
0.0811039
0.0568754
0.662
0.214987
0.662
0.576381
0.285382
0.662
0.662
0.662
0.662
0.266907
0.370339
0.662
0.662
0.234534
0.422586
0.662
0.440783
0.662
0.662
0.662
0.201513
0.274178
0.662
0.489263
0.662
0.662
0.662
0.521423
0.470349
0.662
0.362609
0.662
0.662
0.662
0.184978
0.662
0.390583
0.662
0.420251
0.455206
0.662
0.662
0.662
0.235946
0.662
0.143598
0.662
0.662
0.662
0.219557
0.471017
0.662
0.662
0.0179466
0.0472595
0.162165
0.284052
0.302801
0.662
0.386941
0.662
0.662
0.0850092
0.662
0.523754
0.662
0.662
0.662
0.3541
0.463727
0.662
0.224348
0.245069
0.662
0.662
0.662
0.662
0.662
0.662
0.160814
0.662
0.662
0.662
0.627865
0.0812133
0.160859
0.662
0.574009
0.205785
0.026494
0.102282
0.662
0.0499329
0.136211
0.662
0.662
0.469985
0.205535
0.662
0.479538
0.441122
0.155986
0.662
0.377231
0.112301
0.314866
0.384046
0.463487
0.441596
0.314253
0.406883
0.170159
0.42769
0.545834
0.662
0.662
0.455735
0.662
0.662
0.662
0.662
0.36087
0.662
0.359805
0.662
0.662
0.161995
0.662
0.662
0.662
0.662
0.662
0.0391321
0.662
0.240185
0.662
0.402366
0.465912
0.415503
0.662
0.0221851
0.662
0.662
0.274338
0.364602
0.662
0.662
0.662
0.408289
0.662
0.0667762
0.662
0.662
0.118437
0.662
0.662
0.14959
0.662
0.662
0.32507
0.411657
0.410845
0.662
0.234696
0.662
0.46245
0.239477
0.359879
0.662
0.662
0.0690283
0.40299
0.662
0.244134
0.662
0.439852
0.662
0.662
0.662
0.662
0.341966
0.0692784
0.662
0.662
0.662
0.662
0.0432103
0.662
0.572981
0.389942
0.110461
0.465037
0.662
0.662
0.358569
0.662
0.662
0.662
0.316489
0.662
0.662
0.662
0.174012
0.258234
0.155556
0.303291
0.662
0.662
0.566887
0.0836357
0.231807
0.662
0.183912
0.332868
0.372136
0.12077
0.662
0.662
0.482203
0.319979
0.431132
0.662
0.662
0.299686
0.662
0.662
0.0726431
0.662
0.662
0.662
0.164261
0.270539
0.662
0.662
0.147335
0.662
0.662
0.662
0.662
0.420689
0.0810677
0.662
0.21261
0.145943
0.662
0.662
0.467058
0.662
0.662
0.381818
0.440102
0.662
0.662
0.662
0.244962
0.0258817
0.429405
0.0681557
0.39423
0.0616108
0.066439
0.182127
0.662
0.249325
0.421484
0.142428
0.278826
0.337726
0.0121844
0.389798
0.0815879
0.430102
0.416188
0.662
0.662
0.339742
0.0622456
0.662
0.662
0.433104
0.662
0.00306262
0.662
0.662
0.662
0.288206
0.662
0.662
0.662
0.662
0.662
0.461956
0.410622
0.196945
0.293853
0.662
0.662
0.662
0.662
0.662
0.662
0.0828568
0.662
0.662
0.662
0.272578
0.662
0.662
0.662
0.662
0.216733
0.652127
0.209004
0.0792273
0.662
0.662
0.662
0.390264
0.30892
0.39557
0.391298
0.662
0.120412
0.662
0.662
0.0612934
0.662
0.00687637
0.21498
0.662
0.662
0.210216
0.229202
0.662
0.0289788
0.572484
0.522429
0.0623799
0.224376
0.662
0.662
0.662
0.662
0.662
0.447026
0.662
0.662
0.486352
0.662
0.403539
0.422282
0.662
0.0268675
0.16642
0.662
0.662
0.360556
0.181495
0.458813
0.368196
0.662
0.662
0.662
0.662
0.662
0.455343
0.202814
0.662
0.662
0.662
0.662
0.662
0.474511
0.460966
0.426606
0.662
0.0987982
0.252419
0.171529
0.662
0.662
0.236577
0.137818
0.341426
0.662
0.266236
0.0776435
0.380282
0.662
0.662
0.662
0.629706
0.662
0.479651
0.428247
0.00630626
0.662
0.628354
0.168615
0.274824
0.662
0.662
0.224876
0.662
0.407028
0.153169
0.662
0.662
0.542479
0.364936
0.662
0.662
0.662
0.662
0.662
0.448032
0.392089
0.0298548
0.662
0.662
0.327872
0.381349
0.662
0.208041
0.469306
0.662
0.662
0.181459
0.292031
0.267663
0.524375
0.279275
0.466731
0.662
0.260625
0.662
0.662
0.326534
0.520301
0.662
0.293544
0.662
0.0365662
0.662
0.172263
0.473672
0.662
0.662
0.397524
0.233719
0.662
0.333203
0.662
0.486756
0.662
0.414159
0.183638
0.40684
0.307612
0.259646
0.662
0.297454
0.454579
0.36567
0.336165
0.13908
0.449256
0.170825
0.662
0.170028
0.39645
0.662
0.192777
0.198366
0.662
0.372994
0.662
0.200227
0.662
0.015228
0.662
0.0330135
0.662
0.662
0.255071
0.110853
0.662
0.0260114
0.480135
0.165366
0.662
0.464061
0.662
0.0383148
0.486618
0.662
0.0283268
0.662
0.0944935
0.662
0.0852696
0.662
0.217879
0.662
0.662
0.0405381
0.662
0.662
0.170592
0.662
0.351415
0.662
0.662
0.408633
0.356211
0.133207
0.662
0.662
0.662
0.22026
0.301755
0.30005
0.181908
0.662
0.662
0.662
0.662
0.662
0.212698
0.662
0.662
0.211479
0.204729
0.385004
0.388889
0.0802515
0.229568
0.112124
0.188215
0.0547643
0.662
0.102887
0.662
0.499532
0.662
0.662
0.662
0.662
0.0183258
0.662
0.248788
0.429073
0.501094
0.188394
0.662
0.662
0.144381
0.206336
0.531497
0.662
0.379011
0.197511
0.114316
0.662
0.0682196
0.662
0.662
0.662
0.662
0.0245687
0.460013
0.461617
0.662
0.396585
0.662
0.617226
0.662
0.466597
0.154398
0.662
0.320243
0.0307999
0.662
0.662
0.380599
0.401612
0.236932
0.662
0.662
0.624238
0.0557868
0.662
0.662
0.662
0.288981
0.662
0.662
0.389842
0.130639
0.437316
0.317703
0.415777
0.662
0.662
0.225113
0.229532
0.662
0.662
0.662
0.662
0.662
0.385719
0.662
0.662
0.25327
0.241052
0.292249
0.561336
0.446658
0.216508
0.662
0.218149
0.662
0.349079
0.0202659
0.662
0.485591
0.662
0.662
0.295793
0.466628
0.662
0.662
0.303294
0.662
0.662
0.445533
0.202461
0.662
0.0321859
0.223188
0.500371
0.518586
0.0630371
0.597923
0.40138
0.216207
0.662
0.662
0.297331
0.662
0.569813
0.662
0.419113
0.662
0.00589161
0.206393
0.662
0.662
0.662
0.124686
0.501265
0.662
0.662
0.662
0.197736
0.345269
0.523839
0.662
0.194086
0.662
0.432401
0.662
0.662
0.662
0.662
0.265436
0.402972
0.662
0.662
0.662
0.0412172
0.662
0.662
0.662
0.140606
0.0483819
0.662
0.662
0.036972
0.160302
0.359395
0.662
0.532871
0.662
0.662
0.662
0.366797
0.195788
0.157764
0.662
0.662
0.165571
0.121427
0.662
0.190909
0.0751258
0.181804
0.197296
0.662
0.662
0.419658
0.151348
0.662
0.662
0.662
0.0121328
0.0106308
0.662
0.228071
0.662
0.662
0.369596
0.418474
0.170556
0.330454
0.662
0.662
0.0380499
0.236908
0.33801
0.291592
0.662
0.365801
0.0628394
0.0657095
0.410762
0.662
0.662
0.433437
0.420673
0.662
0.662
0.50734
0.662
0.662
0.662
0.321403
0.0200305
0.662
0.662
0.662
0.278325
0.662
0.662
0.399136
0.421393
0.662
0.662
0.662
0.12219
0.662
0.662
0.662
0.253852
0.662
0.377718
0.0624423
0.464277
0.662
0.155577
0.0192489
0.178736
0.662
0.662
0.385355
0.662
0.295957
0.662
0.147144
0.662
0.662
0.662
0.440941
0.533332
0.662
0.662
0.117449
0.118032
0.404862
0.0355312
0.426752
0.662
0.348568
0.147859
0.662
0.146334
0.662
0.662
0.45101
0.282139
0.662
0.229057
0.00571992
0.436038
0.662
0.662
0.418333
0.0685305
0.662
0.662
0.662
0.662
0.662
0.662
0.334695
0.43193
0.662
0.135362
0.662
0.662
0.376263
0.491975
0.183519
0.662
0.662
0.662
0.0448255
0.0944584
0.662
0.662
0.221673
0.662
0.662
0.662
0.662
0.463625
0.662
0.343209
0.439793
0.662
0.287346
0.387905
0.114377
0.662
0.375129
0.662
0.662
0.268789
0.115545
0.662
0.0544931
0.446062
0.662
0.486252
0.662
0.662
0.662
0.662
0.662
0.0602928
0.662
0.662
0.662
0.183385
0.662
0.189501
0.180272
0.470622
0.470517
0.662
0.091969
0.662
0.662
0.662
0.401874
0.662
0.234089
0.662
0.662
0.643581
0.662
0.662
0.409935
0.420254
0.662
0.178884
0.470012
0.662
0.425887
0.662
0.662
0.662
0.662
0.139675
0.662
0.393799
0.662
0.662
0.662
0.662
0.292588
0.256266
0.434884
0.226143
0.662
0.662
0.105032
0.662
0.0985472
0.19132
0.662
0.28792
0.662
0.662
0.0252547
0.101823
0.662
0.662
0.033975
0.30158
0.463002
0.102195
0.662
0.00144528
0.662
0.662
0.459724
0.077309
0.237639
0.662
0.413161
0.406623
0.662
0.328503
0.662
0.352368
0.147357
0.653346
0.399581
0.662
0.479105
0.662
0.221985
0.662
0.662
0.662
0.662
0.231302
0.133209
0.417065
0.191639
0.662
0.662
0.390451
0.115503
0.662
0.265548
0.244067
0.662
0.662
0.662
0.662
0.662
0.662
0.2641
0.662
0.314044
0.00541101
0.157404
0.662
0.0938456
0.443885
0.662
0.662
0.662
0.161364
0.198385
0.662
0.633391
0.662
0.662
0.480973
0.31878
0.215538
0.662
0.118775
0.662
0.662
0.0346735
0.662
0.662
0.388535
0.662
0.662
0.662
0.662
0.08809
0.662
0.662
0.662
0.00643083
0.419365
0.662
0.662
0.361489
0.662
0.242025
0.662
0.323347
0.662
0.135906
0.131809
0.662
0.108222
0.662
0.662
0.662
0.662
0.200597
0.260018
0.662
0.412088
0.662
0.184616
0.317014
0.662
0.662
0.662
0.662
0.662
0.38541
0.662
0.662
0.169339
0.33244
0.662
0.259027
0.662
0.662
0.397409
0.161115
0.662
0.397461
0.453269
0.169909
0.0211453
0.662
0.662
0.662
0.662
0.24943
0.362768
0.31662
0.247672
0.662
0.662
0.662
0.662
0.662
0.662
0.662
0.662
0.662
0.662
0.281416
0.662
0.0306277
0.662
0.102932
0.21805
0.662
0.592647
0.662
0.215119
0.662
0.18628
0.246372
0.662
0.200438
0.662
0.204639
0.244702
0.235728
0.662
0.11617
0.662
0.470633
0.298572
0.363861
0.662
0.662
0.249129
0.662
0.374685
0.662
0.662
0.662
0.662
0.218288
0.209291
0.409891
0.547031
0.662
0.662
0.662
0.142636
0.207599
0.082114
0.38712
0.662
0.261402
0.242067
0.662
0.662
0.662
0.222863
0.482028
0.462392
0.456031
0.475653
0.0464411
0.662
0.662
0.650816
0.662
0.662
0.662
0.662
0.0258126
0.518695
0.662
0.662
0.474997
0.350813
0.197875
0.662
0.662
0.461455
0.269856
0.180421
0.662
0.662
0.662
0.162738
0.662
0.662
0.662
0.567115
0.662
0.0875471
0.285889
0.662
0.662
0.136764
0.246948
0.662
0.662
0.468284
0.662
0.474481
0.416061
0.102088
0.662
0.662
0.662
0.29543
0.662
0.205185
0.662
0.662
0.662
0.662
0.197506
0.662
0.662
0.253736
0.215678
0.300743
0.228902
0.0835231
0.59291
0.0191067
0.210204
0.662
0.361439
0.662
0.662
0.0976364
0.662
0.0320325
0.3166
0.662
0.662
0.662
0.662
0.0883054
0.662
0.181355
0.246715
0.0551288
0.271839
0.432802
0.662
0.662
0.662
0.662
0.662
0.448554
0.394805
0.393896
0.280535
0.0517227
0.662
0.662
0.0895095
0.662
0.662
0.662
0.0422146
0.343644
0.662
0.662
0.662
0.662
0.662
0.662
0.662
0.662
0.460678
0.00483539
0.662
0.0899975
0.662
0.202061
0.02723
0.662
0.662
0.349918
0.511248
0.0284882
0.662
0.662
0.662
0.662
0.121673
0.662
0.104959
0.471746
0.662
0.35851
0.662
0.161715
0.421804
0.21011
0.434331
0.662
0.136128
0.325258
0.662
0.662
0.209038
0.662
0.662
0.662
0.159676
0.214982
0.102159
0.340531
0.662
0.405279
0.662
0.199047
0.662
0.662
0.423171
0.434256
0.466422
0.662
0.662
0.662
0.04294
0.662
0.662
0.194219
0.662
0.0317078
0.662
0.161283
0.662
0.662
0.227228
0.662
0.0995378
0.662
0.0518738
0.461425
0.662
0.662
0.662
0.662
0.626003
0.436657
0.662
0.662
0.332429
0.415464
0.662
0.662
0.662
0.662
0.662
0.662
0.0219931
0.0369092
0.400096
0.340983
