0.000379769
0.401179
0.1702
0.311419
0.662
0.662
0.662
0.662
0.662
0.230237
0.662
0.662
0.125523
0.662
0.483603
0.662
0.189141
0.333103
0.662
0.662
0.662
0.662
0.00882864
0.405111
0.662
0.244259
0.293739
0.431861
0.44299
0.24464
0.662
0.662
0.302438
0.406435
0.260756
0.662
0.662
0.287979
0.404766
0.662
0.662
0.396273
0.261055
0.506619
0.193207
0.345466
0.662
0.662
0.151503
0.481089
0.532698
0.149984
0.662
0.17153
0.662
0.662
0.406247
0.456665
0.618453
0.635304
0.282173
0.662
0.475571
0.379404
0.031282
0.44536
0.662
0.662
0.662
0.445062
0.662
0.160308
0.662
0.662
0.662
0.282222
0.141575
0.662
0.662
0.436507
0.662
0.413586
0.662
0.662
0.161191
0.223516
0.662
0.662
0.662
0.0742127
0.16266
0.662
0.662
0.0246628
0.662
0.662
0.662
0.125482
0.662
0.482814
0.662
0.662
0.651427
0.518031
0.662
0.662
0.662
0.662
0.0919386
0.421046
0.447227
0.662
0.180907
0.662
0.456379
0.662
0.662
0.257871
0.662
0.662
0.341819
0.662
0.662
0.662
0.396557
0.662
0.662
0.0785311
0.662
0.135196
0.0200614
0.0238835
0.662
0.662
0.0974985
0.0662138
0.108231
0.351673
0.218252
0.355625
0.662
0.441209
0.662
0.350032
0.285101
0.272761
0.0825028
0.662
0.662
0.100625
0.662
0.662
0.184073
0.438795
0.249846
0.662
0.280817
0.662
0.0201097
0.351214
0.662
0.46145
0.0124628
0.662
0.662
0.662
0.0593277
0.662
0.662
0.219305
0.662
0.662
0.662
0.662
0.662
0.148529
0.662
0.457895
0.662
0.662
0.662
0.662
0.662
0.247824
0.662
0.0112567
0.0677756
0.662
0.232573
0.338852
0.373517
0.423154
0.424579
0.323879
0.320346
0.662
0.403294
0.355343
0.261262
0.445581
0.662
0.662
0.211627
0.121529
0.662
0.299781
0.662
0.44134
0.417786
0.355164
0.662
0.365951
0.299644
0.662
0.050937
0.4366
0.662
0.263875
0.0997424
0.287633
0.437143
0.662
0.662
0.208047
0.304577
0.662
0.662
0.0966153
0.285339
0.40716
0.428427
0.0408669
0.478722
0.164496
0.662
0.199315
0.253724
0.662
0.662
0.662
0.662
0.0758276
0.662
0.125065
0.206145
0.319981
0.662
0.178161
0.147757
0.662
0.662
0.662
0.519314
0.662
0.662
0.215501
0.0281634
0.662
0.662
0.327815
0.662
0.662
0.459104
0.378631
0.417438
0.531794
0.662
0.662
0.203303
0.368025
0.662
0.662
0.0160256
0.662
0.264824
0.662
0.342648
0.662
0.497178
0.45409
0.662
0.0906582
0.0567079
0.662
0.00243293
0.662
0.662
0.662
0.561488
0.662
0.662
0.283028
0.129322
0.662
0.0571562
0.662
0.662
0.136745
0.662
0.662
0.254155
0.662
0.397347
0.662
0.662
0.662
0.344869
0.662
0.662
0.662
0.220825
0.662
0.662
0.662
0.000470792
0.186635
0.662
0.533637
0.344289
0.190658
0.00171561
0.662
0.662
0.662
0.216308
0.395639
0.662
0.662
0.458978
0.559016
0.662
0.662
0.662
0.294947
0.662
0.626107
0.662
0.242247
0.407987
0.206018
0.662
0.662
0.26185
0.485844
0.662
0.0038339
0.662
0.271466
0.662
0.662
0.662
0.662
0.293155
0.0466348
0.311214
0.0712866
0.456992
0.0179332
0.662
0.662
0.662
0.269293
0.662
0.662
0.19228
0.662
0.399678
0.379103
0.662
0.662
0.662
0.662
0.415687
0.662
0.0280812
0.0952317
0.162692
0.295313
0.488455
0.662
0.36764
0.662
0.334104
0.268554
0.662
0.662
0.0185788
0.376866
0.23828
0.329276
0.662
0.0867431
0.662
0.662
0.662
0.662
0.471022
0.0414061
0.662
0.172372
0.662
0.662
0.187834
0.264172
0.442055
0.662
0.159884
0.0971928
0.662
0.411599
0.662
0.26359
0.662
0.662
0.662
0.253318
0.662
0.662
0.413383
0.000441612
0.662
0.449241
0.662
0.662
0.189799
0.662
0.251982
0.010107
0.662
0.152967
0.662
0.311762
0.662
0.662
0.0548396
0.662
0.662
0.662
0.409131
0.225066
0.434456
0.556687
0.373435
0.00697475
0.662
0.662
0.662
0.662
0.662
0.232836
0.662
0.662
0.662
0.662
0.247282
0.327939
0.429997
0.662
0.10206
0.252397
0.01586
0.662
0.0477228
0.476023
0.379838
0.466589
0.662
0.275977
0.0384068
0.662
0.662
0.385831
0.662
0.182626
0.260847
0.175017
0.621426
0.468227
0.662
0.499766
0.662
0.04298
0.494794
0.463406
0.0810448
0.127069
0.662
0.219309
0.662
0.662
0.662
0.662
0.257964
0.662
0.639436
0.306916
0.100734
0.662
0.036145
0.662
0.662
0.662
0.019743
0.430882
0.220407
0.662
0.414698
0.627859
0.342076
0.380302
0.15609
0.00722759
0.0459907
0.662
0.327759
0.662
0.662
0.662
0.662
0.467731
0.137572
0.662
0.065719
0.0899429
0.164507
0.270471
0.59989
0.111282
0.185091
0.477069
0.170353
0.662
0.482471
0.472261
0.662
0.066953
0.350055
0.662
0.662
0.481425
0.00202524
0.662
0.0327424
0.324652
0.662
0.662
0.126487
0.0398623
0.416781
0.199975
0.0029487
0.662
0.376312
0.662
0.662
0.662
0.662
0.060373
0.28592
0.662
0.20025
0.662
0.147617
0.662
0.662
0.479633
0.0183954
0.268902
0.662
0.662
0.464293
0.347868
0.662
0.249047
0.662
0.662
0.662
0.662
0.662
0.393765
0.662
0.662
0.662
0.662
0.662
0.662
0.190183
0.662
0.662
0.188102
0.316294
0.184034
0.562676
0.662
0.662
0.662
0.444719
0.662
0.662
0.398042
0.228622
0.0585452
