0.662
0.662
0.662
0.0214134
0.662
0.662
0.107375
0.662
0.662
0.662
0.662
0.0610355
0.662
0.662
0.323032
0.662
0.662
0.662
0.662
0.662
0.662
0.2963
0.662
0.662
0.36912
0.169796
0.188948
0.239063
0.511766
0.662
0.388325
0.0911023
0.662
0.662
0.662
0.662
0.390881
0.662
0.662
0.138926
0.450993
0.492597
0.45402
0.662
0.662
0.0787342
0.662
0.662
0.220162
0.662
0.662
0.662
0.460377
0.352862
0.662
0.662
0.209441
0.662
0.662
0.662
0.662
0.662
0.39279
0.662
0.505414
0.304111
0.662
0.662
0.662
0.662
0.662
0.265006
0.662
0.468216
0.128087
0.274926
0.20426
0.179755
0.166302
0.662
0.409966
0.385807
0.462682
0.366637
0.662
0.662
0.662
0.662
0.662
0.307679
0.662
0.25082
0.662
0.662
0.662
0.104037
0.333013
0.662
0.134066
0.273784
0.250996
0.662
0.662
0.230889
0.662
0.662
0.662
0.662
0.662
0.662
0.372339
0.316951
0.662
0.607493
0.662
0.662
0.245501
0.0155219
0.662
0.662
0.662
0.317648
0.662
0.662
0.198229
0.112834
0.266732
0.198326
0.4235
0.373527
0.662
0.662
0.1028
0.189251
0.662
0.662
0.662
0.340987
0.338221
0.014212
0.662
0.662
0.48764
0.662
0.223241
0.662
0.662
0.428728
0.0210576
0.662
0.662
0.22261
0.204402
0.662
0.662
0.150973
0.286701
0.353757
0.662
0.662
0.662
0.25912
0.0387987
0.662
0.662
0.610318
0.278807
0.662
0.201541
0.235959
0.662
0.662
0.662
0.662
0.662
0.00550875
0.0376319
0.468931
0.662
0.662
0.662
0.287032
0.662
0.662
0.662
0.219753
0.17778
0.662
0.460766
0.216344
0.445871
0.403655
0.132039
0.529205
0.364865
0.19313
0.662
0.662
0.662
0.368354
0.662
0.375425
0.662
0.19817
0.662
0.662
0.662
0.0903164
0.662
0.662
0.198942
0.266557
0.662
0.662
0.662
0.106961
0.0879388
0.662
0.433222
0.152032
0.662
0.427893
0.102204
0.222918
0.34469
0.379042
0.240465
0.492318
0.0287354
0.662
0.152972
0.0677077
0.472125
0.36063
0.306132
0.662
0.662
0.662
0.431559
0.367656
0.239684
0.08803
0.264996
0.276053
0.139771
0.662
0.594696
0.27154
0.218076
0.06213
0.397976
0.048365
0.662
0.201709
0.662
0.18188
0.345653
0.440603
0.389066
0.335665
0.662
0.159488
0.368092
0.153457
0.650656
0.620432
0.110265
0.662
0.662
0.662
0.662
0.409896
0.406198
0.662
0.662
0.662
0.662
0.109645
0.662
0.197786
0.226424
0.662
0.662
0.332993
0.426727
0.662
0.562462
0.47092
0.327144
0.662
0.332822
0.0124195
0.662
0.662
0.37191
0.119737
0.104901
0.331543
0.662
0.235935
0.662
0.388034
0.388885
0.662
0.662
0.130744
0.662
0.662
0.662
0.662
0.662
0.662
0.213848
0.662
0.622126
0.662
0.0641378
0.42835
0.662
0.152111
0.662
0.467641
0.303495
0.466718
0.0470305
0.376334
0.371441
0.662
0.662
0.0966004
0.189975
0.662
0.662
0.58203
0.29611
0.662
0.662
0.662
0.662
0.107606
0.116401
0.662
0.452637
0.662
0.584137
0.0663897
0.396588
0.247531
0.439604
0.231475
0.190978
0.253736
0.662
0.318786
0.662
0.465325
0.487853
0.662
0.662
0.662
0.662
0.2315
0.662
0.662
0.279869
0.411554
0.662
0.662
0.662
0.662
0.662
0.257409
0.662
0.662
0.639392
0.357721
0.457935
0.145626
0.537324
0.662
0.662
0.662
0.409361
0.0490908
0.599011
0.662
0.292285
0.287513
0.662
0.348676
0.662
0.662
0.662
0.662
0.662
0.662
0.0832286
0.401395
0.228515
0.282996
0.308968
0.662
0.318297
0.198873
0.662
0.662
0.185876
0.662
0.662
0.662
0.662
0.651069
0.662
0.662
0.408823
0.0616552
0.0481168
0.545319
0.121901
0.662
0.662
0.662
0.662
0.662
0.662
0.662
0.0442174
0.0344189
0.148629
0.602012
0.662
0.517297
0.662
0.369912
0.245672
0.657784
0.662
0.196753
0.662
0.226453
0.662
0.556923
0.340687
0.662
0.662
0.392559
0.662
0.413166
0.188574
0.140037
0.473643
0.662
0.288178
0.662
0.650297
0.277665
0.17761
0.355416
0.401163
0.381823
0.662
0.662
0.209475
0.419732
0.662
0.662
0.662
0.662
0.510598
0.662
0.662
0.662
0.278534
0.662
0.662
0.437406
0.662
0.662
0.662
0.662
0.163333
0.333974
0.662
0.0134198
0.377219
0.662
0.662
0.155044
0.662
0.662
0.323484
0.662
0.662
0.662
0.389323
0.662
0.255847
0.662
0.662
0.662
0.392825
0.0208516
0.662
0.662
0.387264
0.662
0.662
0.662
0.662
0.314689
0.662
0.273533
0.662
0.330665
0.662
0.139222
0.662
0.334549
0.662
0.662
0.662
0.662
0.662
0.662
0.22685
0.662
0.662
0.662
0.304044
0.662
0.662
0.318115
0.252727
0.310334
0.662
0.23511
0.286472
0.662
0.290121
0.127619
0.662
0.662
0.662
0.662
0.431261
0.109081
0.385197
0.0650044
0.662
0.662
0.443787
0.0589818
0.252363
0.662
0.662
0.33526
0.662
0.0654745
0.307022
0.2112
0.662
0.662
0.662
0.413429
0.662
0.58972
0.662
0.662
0.662
0.306231
0.662
0.662
0.0878158
0.662
0.662
0.662
0.662
0.662
0.391062
0.191384
0.249338
0.662
0.662
0.662
0.112552
0.662
0.662
0.182579
0.247568
0.662
0.662
0.120006
0.146499
0.0864474
0.662
0.0521945
0.316398
0.662
0.0163674
0.385336
0.662
0.431814
0.662
0.662
0.662
0.662
0.662
0.569426
0.662
0.0977032
0.662
0.662
0.662
0.662
0.326732
0.662
0.662
0.433096
0.662
0.402026
0.0611496
0.393579
0.662
0.662
0.349421
0.662
0.662
0.662
0.662
0.154265
0.36317
0.662
0.395976
0.662
0.364649
0.0515121
0.662
0.399932
0.0385658
0.662
0.662
0.417583
0.662
0.662
0.662
0.662
0.0642375
0.662
0.662
0.662
0.437646
0.367749
0.662
0.123182
0.662
0.662
0.00180024
0.380688
0.662
0.136978
0.662
0.662
0.662
0.228585
0.242384
0.662
0.662
0.662
0.662
0.662
0.662
0.662
0.662
0.662
0.662
0.662
0.662
0.453616
0.183648
0.662
0.279268
0.662
0.129417
0.201377
0.60022
0.662
0.662
0.662
0.662
0.662
0.662
0.426647
0.662
0.662
0.662
0.662
0.343559
0.240615
0.662
0.662
0.662
0.662
0.662
0.662
0.528679
0.662
0.662
0.122243
0.662
0.647392
0.662
0.335146
0.0833331
0.662
0.385556
0.662
0.269165
0.662
0.662
0.468483
0.60691
0.045355
0.0623273
0.183302
0.662
0.0770677
0.413935
0.662
0.120256
0.662
0.662
0.662
0.518652
0.466858
0.662
0.36633
0.662
0.243964
0.417635
0.473028
0.662
0.662
0.662
0.662
0.662
0.22988
0.239158
0.45488
0.189732
0.57568
0.662
0.467937
0.190772
0.257499
0.662
0.303104
0.338959
0.296545
0.539122
0.254577
0.662
0.128516
0.219327
0.662
0.228531
0.662
0.141569
0.662
0.662
0.662
0.662
0.302566
0.445709
0.47092
0.144801
0.662
0.205336
0.662
0.662
0.662
0.0963226
0.244739
0.662
0.662
0.435805
0.662
0.662
0.662
0.662
0.19767
0.662
0.662
0.662
0.662
0.09668
0.662
0.662
0.662
0.620239
0.353982
0.662
0.662
0.662
0.470273
0.662
0.398501
0.662
0.662
0.137732
0.133368
0.194036
0.166344
0.484389
0.260227
0.193139
0.315453
0.662
0.662
0.151358
0.18929
0.662
0.476668
0.271163
0.457125
0.0698994
0.276358
0.199224
0.662
0.662
0.662
0.662
0.433421
0.27675
0.215274
0.662
0.662
0.662
0.662
0.0370869
0.223986
0.250789
0.662
0.142615
0.130798
0.662
0.213486
0.662
0.354816
0.02454
0.325141
0.662
0.62184
0.662
0.40433
0.579529
0.662
0.662
0.662
0.662
0.662
0.205398
0.662
0.192547
0.272666
0.662
0.00191984
0.230935
0.662
0.662
0.662
0.265867
0.203839
0.662
0.662
0.453509
0.662
0.662
0.662
0.662
0.662
0.222526
0.408145
0.662
0.662
0.662
0.662
0.662
0.0635259
0.49597
0.218296
0.275015
0.343821
0.0759108
0.183305
0.662
0.127395
0.0688581
0.41868
0.662
0.410421
0.155321
0.662
0.662
0.662
0.437819
0.404439
0.127982
0.412741
0.662
0.662
0.662
0.302746
0.488977
0.662
0.237483
0.599474
0.236713
0.662
0.029076
0.310081
0.662
0.163173
0.528348
0.662
0.321577
0.148513
0.662
0.512659
0.0546333
0.662
0.466044
0.662
0.662
0.604221
0.377915
0.465167
0.306269
0.407628
0.502368
0.662
0.662
0.662
0.201411
0.662
0.662
0.662
0.662
0.662
0.47654
0.405559
0.662
0.244169
0.662
0.361612
0.662
0.581985
0.662
0.662
0.133897
0.101367
0.201009
0.662
0.662
0.662
0.662
0.662
0.662
0.343148
0.515692
0.662
0.662
0.662
0.0156856
0.662
0.662
0.042558
0.662
0.662
0.662
0.471272
0.297507
0.662
0.662
0.662
0.662
0.36123
0.662
0.55789
0.456282
0.238026
0.662
0.159701
0.277758
0.288734
0.362128
0.662
0.0150517
0.662
0.662
0.0576914
0.153224
0.00619994
0.662
0.662
0.292635
0.602208
0.282582
0.662
0.194641
0.662
0.662
0.370046
0.0396581
0.662
0.212703
0.0144809
0.206107
0.217395
0.662
0.662
0.662
0.662
0.439178
0.0348932
0.172505
0.662
0.662
0.453196
0.662
0.662
0.221069
0.662
0.286308
0.00801422
0.458806
0.662
0.662
0.0715731
0.662
0.662
0.323599
0.214566
0.0535338
0.0625971
0.0551499
0.20885
0.662
0.298192
0.395678
0.17107
0.662
0.662
0.185741
0.188929
0.662
0.451536
0.662
0.126617
0.662
0.662
0.0342969
0.662
0.12197
0.662
0.0617207
0.297412
0.093651
0.33158
0.662
0.662
0.662
0.274522
0.20682
0.662
0.662
0.662
0.662
0.0518724
0.662
0.477118
0.662
0.0536806
0.662
0.11702
0.366649
0.662
0.662
0.140369
0.662
0.153856
0.662
0.0575658
0.00731597
0.662
0.465302
0.0584006
0.662
0.284492
0.662
0.435831
0.662
0.31451
0.287095
0.662
0.217306
0.456339
0.662
0.662
0.302523
0.662
0.662
0.662
0.662
0.193626
0.662
0.662
0.662
0.210343
0.662
0.465348
0.662
0.662
0.662
0.662
0.00020034
0.662
0.662
0.662
0.0112914
0.662
0.219809
0.384829
0.662
0.351378
0.212638
0.662
0.662
0.662
0.662
0.305128
0.662
0.293623
0.105759
0.30987
0.662
0.662
0.662
0.662
0.594067
0.324216
0.662
0.662
0.28869
0.370783
0.400822
0.662
0.101032
0.454771
0.045791
0.662
0.245583
0.300764
0.0107055
0.101446
0.0494859
0.662
0.662
0.662
0.0940193
0.662
0.662
0.662
0.443999
0.662
0.224486
0.662
0.303712
0.662
0.224789
0.0326059
0.662
0.662
0.662
0.575191
0.529347
0.591506
0.662
0.662
0.477642
0.662
0.289103
0.662
0.342927
0.00404788
0.267644
0.662
0.662
0.443256
0.0504965
0.662
0.662
0.662
0.152776
0.294645
0.224379
0.203998
0.464191
0.38463
0.493022
0.662
0.662
0.418529
0.662
0.153491
0.662
0.0883713
0.662
0.468513
0.346429
0.185325
0.662
0.0708226
0.662
0.101943
0.662
0.245989
0.662
0.662
0.0888583
0.662
0.662
0.662
0.136815
0.458093
0.263247
0.662
0.0220385
0.360788
0.174765
0.220218
0.358735
0.227422
0.662
0.662
0.387251
0.219394
0.662
0.342631
0.662
0.662
0.410988
0.246595
0.0470927
0.575619
0.0328593
0.251915
0.22276
0.662
0.662
0.662
0.662
0.662
0.662
0.662
0.322463
0.172034
0.304146
0.662
0.280632
0.364072
0.361102
0.0333999
0.662
0.662
0.253176
0.403166
0.662
0.662
0.286417
0.662
0.28918
0.662
0.662
0.0600948
0.0243838
0.105815
0.662
0.100924
0.662
0.662
0.662
0.0674731
0.662
0.662
0.388697
0.119475
0.409788
0.662
0.662
0.422627
0.662
0.662
0.473814
0.395874
0.360217
0.215106
0.662
0.272796
0.662
0.196543
0.662
0.662
0.662
0.662
0.662
0.662
0.662
0.662
0.662
0.662
0.369622
0.662
0.662
0.662
0.662
0.0698733
0.609993
0.315675
0.149342
0.0102796
0.370757
0.662
0.662
0.662
0.1352
0.584859
0.523832
0.662
0.381297
0.662
0.662
0.0190834
0.0356792
0.395546
0.662
0.662
0.528657
0.10479
0.102897
0.662
0.662
0.23489
0.662
0.431856
0.0038509
0.662
0.662
0.662
0.662
0.119233
0.5992
0.662
0.327558
0.177381
0.0195265
0.662
0.135536
0.662
0.11352
0.662
0.662
0.0206066
0.0928286
0.176559
0.18833
0.207952
0.403874
0.353928
0.0572455
0.662
0.662
0.566965
0.662
0.662
0.0547037
0.662
0.662
0.662
0.662
0.662
0.662
0.662
0.662
0.314832
0.258104
0.431369
0.181727
0.121371
0.662
0.662
0.662
0.662
0.662
0.241602
0.662
0.662
0.520257
0.347147
0.662
0.662
0.662
0.28107
0.426629
0.135361
0.662
0.311512
0.662
0.0376247
0.177502
0.662
0.160626
0.662
0.35795
0.662
0.662
0.662
0.662
0.662
0.662
0.174571
0.662
0.662
0.146229
0.457245
0.369087
0.085464
0.662
0.662
0.187431
0.662
0.662
0.561793
0.421865
0.0952522
0.0593231
0.201975
0.219142
0.315521
0.0261466
0.40949
0.662
0.662
0.321073
0.662
0.662
0.662
0.469612
0.0708761
0.662
0.410713
0.200256
0.662
0.204632
0.662
0.662
0.662
0.511335
0.444159
0.662
0.0423287
0.662
0.662
0.662
0.662
0.662
0.349298
0.422425
0.1739
0.476406
0.468029
0.403993
0.662
0.264518
0.662
0.212106
0.460381
0.201558
0.662
0.662
0.335498
0.314435
0.662
0.662
0.662
0.662
0.662
0.662
0.377587
0.662
0.185894
0.662
0.0617637
0.0739842
0.662
0.263024
0.662
0.662
0.0531715
0.316931
0.0303114
0.326731
0.662
0.662
0.662
0.00853873
0.662
0.662
0.419379
0.318885
0.662
0.662
0.000608773
0.662
0.662
0.193732
0.662
0.662
0.662
0.0980162
0.31034
0.302232
0.480495
0.327152
0.45415
0.662
0.662
0.662
0.662
0.38648
0.374883
0.265296
0.577418
0.465699
0.566671
0.18437
0.662
0.662
0.662
0.662
0.662
0.662
0.662
0.096699
