0.662
0.109111
0.662
0.662
0.467818
0.327909
0.0690669
0.381903
0.662
0.404797
0.662
0.662
0.662
0.269748
0.480779
0.123845
0.662
0.412382
0.662
0.662
0.0830148
0.168238
0.662
0.662
0.0774335
0.653056
0.187812
0.107671
0.193875
0.662
0.662
0.131159
0.387227
0.662
0.662
0.0453024
0.0996143
0.328634
0.662
0.662
0.44495
0.662
0.3607
0.662
0.0460419
0.0566992
0.0602214
0.178929
0.453091
0.662
0.431912
0.662
0.610785
0.445934
0.236566
0.09894
0.662
0.389447
0.662
0.459822
0.5285
0.662
0.292093
0.662
0.219304
0.662
0.662
0.662
0.662
0.662
0.662
0.662
0.112892
0.441862
0.437161
0.326812
0.662
0.339421
0.662
0.662
0.662
0.662
0.18142
0.662
0.611987
0.0369941
0.0780012
0.662
0.662
0.662
0.662
0.400492
0.251103
0.662
0.338129
0.662
0.479751
0.167965
0.0495673
0.662
0.464265
0.662
0.228367
0.662
0.662
0.476878
0.131299
0.269847
0.662
0.332607
0.576391
4.6619e-05
0.662
0.662
0.662
0.0636074
0.662
0.355501
0.662
0.662
0.662
0.312549
0.662
0.0421201
0.418401
0.662
0.662
0.187168
0.662
0.662
0.662
0.662
0.662
0.662
0.662
0.0382884
0.662
0.662
0.662
0.225062
0.662
0.662
0.662
0.662
0.365061
0.662
0.0873761
0.459603
0.662
0.662
0.662
0.281874
0.662
0.0767805
0.443812
0.662
0.336832
0.397226
0.376585
0.265057
0.370488
0.430902
0.21157
0.441977
0.0274969
0.168314
0.662
0.408896
0.633694
0.662
0.224459
0.169993
0.459999
0.5565
0.244359
0.662
0.662
0.662
0.63339
0.201565
0.218919
0.662
0.0175912
0.0744805
0.662
0.662
0.662
0.662
0.621305
0.202303
0.662
0.662
0.221676
0.662
0.662
0.356571
0.314416
0.662
0.662
0.38047
0.472356
0.662
0.662
0.0592893
0.0369858
0.388529
0.662
0.136687
0.662
0.662
0.100254
0.186839
0.045321
0.662
0.251727
0.662
0.662
0.662
0.282125
0.662
0.388089
0.662
0.662
0.662
0.662
0.372761
0.63339
0.384078
0.662
0.421061
0.662
0.0890359
0.662
0.141052
0.662
0.662
0.425792
0.283372
0.662
0.471667
0.401364
0.662
0.662
0.128944
0.305935
0.213547
0.662
0.662
0.662
0.270853
0.199619
0.662
0.662
0.662
0.662
0.662
0.0561889
0.662
0.662
0.490388
0.0898813
0.662
0.662
0.236325
0.662
0.662
0.662
0.186524
0.0108822
0.662
0.10987
0.00152366
0.662
0.330009
0.662
0.340265
0.662
0.662
0.155501
0.662
0.662
0.134048
0.629563
0.0186358
0.662
0.662
0.430369
0.662
0.662
0.461092
0.662
0.0558112
0.662
0.418772
0.227316
0.369198
0.662
0.45062
0.662
0.608506
0.120886
0.320457
0.662
0.662
0.172144
0.662
0.365631
0.260302
0.224964
0.355574
0.662
0.127707
0.662
0.662
0.402909
0.232782
0.185807
0.486976
0.662
0.303305
0.662
0.138506
0.234931
0.300153
0.28565
0.662
0.100917
0.662
0.204191
0.662
0.277108
0.476814
0.662
0.662
0.172352
0.273213
0.450206
0.662
0.369585
0.46567
0.230778
0.662
0.202998
0.296863
0.662
0.318953
0.303253
0.662
0.111383
0.256992
0.662
0.662
0.662
0.662
0.410531
0.662
0.662
0.662
0.662
0.412321
0.225923
0.662
0.662
0.662
0.451535
0.00401884
0.386394
0.662
0.662
0.0138981
0.406807
0.662
0.662
0.350624
0.477363
0.433643
0.662
0.291808
0.179604
0.662
0.191825
0.325003
0.662
0.463733
0.0332323
0.0128945
0.662
0.213769
0.662
0.499287
0.662
0.326135
0.334078
0.42593
0.662
0.440041
0.376766
0.565844
0.662
0.662
0.466135
0.60092
0.662
0.662
0.662
0.662
0.0974475
0.0827355
0.662
0.662
0.662
0.662
0.324116
0.250308
0.662
0.210093
0.662
0.293464
0.368214
0.168491
0.415369
0.662
0.425995
0.662
0.126238
0.662
0.662
0.446877
0.319132
0.662
0.662
0.662
0.245882
0.05958
0.662
0.431064
0.170401
0.662
0.662
0.662
0.662
0.0449641
0.0425071
0.662
0.400617
0.662
0.198075
0.389804
0.52016
0.662
0.662
0.662
0.203278
0.662
0.18766
0.0844036
0.662
0.515681
0.389925
0.662
0.0237658
0.662
0.425596
0.147491
0.232661
0.662
0.0587989
0.662
0.662
0.0359515
0.076935
0.662
0.304693
0.110251
0.662
0.437214
0.291949
0.0662095
0.662
0.419832
0.30232
0.266339
0.462115
0.47245
0.386601
0.662
0.0970264
0.662
0.531962
0.662
0.662
0.104508
0.436824
0.662
0.359408
0.41301
0.662
0.662
0.662
0.248253
0.470894
0.662
0.662
0.662
0.662
0.143452
0.662
0.261989
0.662
0.662
0.346273
0.29344
0.662
0.222173
0.662
0.642273
0.662
0.27186
0.411578
0.263577
0.662
0.103502
0.425397
0.662
0.662
0.662
0.662
0.662
0.0257417
0.662
0.391985
0.46524
0.662
0.662
0.239418
0.192184
0.354215
0.191542
0.346287
0.239177
0.340393
0.662
0.662
0.309326
0.169557
0.662
0.662
0.152047
0.424237
0.662
0.431534
0.464639
0.613297
0.4593
0.451364
0.400892
0.662
0.550014
0.662
0.304237
0.558794
0.662
0.63339
0.0927835
0.662
0.662
0.662
0.140641
0.303242
0.662
0.662
0.662
0.662
0.00901139
0.401619
0.0587429
0.0459105
0.278407
0.662
0.662
0.662
0.662
0.662
0.0741847
0.426858
0.0567153
0.662
0.275509
0.662
0.223742
0.662
0.0941589
0.540513
0.180162
0.662
0.414906
0.554934
0.336462
0.662
0.662
0.262068
0.662
0.0109759
0.611136
0.662
0.662
0.662
0.018097
0.319039
0.662
0.293895
0.285973
0.662
0.662
0.662
0.142305
0.439467
0.662
0.662
0.606737
0.0772719
0.306676
0.662
0.662
0.130781
0.213572
0.662
0.227378
0.390436
0.228731
0.662
0.353175
0.40633
0.49657
0.581895
0.662
0.21694
0.33652
0.0467558
0.662
0.662
0.0637377
0.312521
0.662
0.662
0.662
0.662
0.299386
0.662
0.191464
0.23631
0.662
0.333476
0.662
0.662
0.662
0.316313
0.633694
0.245077
0.32162
0.662
0.230187
0.147105
0.662
0.116393
0.497884
0.662
0.658633
0.623744
0.151863
0.114876
0.662
0.662
0.40946
0.662
0.662
0.662
0.47595
0.662
0.366435
0.662
0.662
0.662
0.662
0.26913
0.662
0.584054
0.662
0.216749
0.662
0.17348
0.662
0.662
0.0553252
0.662
0.662
0.138322
0.251702
0.394445
0.662
0.303622
0.174725
0.211613
0.662
0.388188
0.33227
0.0814813
0.662
0.2368
0.662
0.662
0.662
0.19555
0.662
0.37101
0.347489
0.316316
0.662
0.00411689
0.331425
0.662
0.420388
0.292253
0.327376
0.662
0.185512
0.294738
0.662
0.383367
0.28004
0.00269582
0.119253
0.304478
0.662
0.662
0.662
0.485207
0.662
0.0498446
0.282703
0.309703
0.306573
0.662
0.662
0.662
0.238698
0.334672
0.662
0.662
0.662
0.662
0.662
0.482932
0.662
0.662
0.662
0.0926219
0.662
0.218915
0.662
0.171191
0.426536
0.00301689
0.113611
0.662
0.662
0.13881
0.662
0.662
0.662
0.662
0.662
0.662
0.662
0.300443
0.662
0.334356
0.588776
0.228747
0.662
0.662
0.662
0.427799
0.662
0.291584
0.662
0.560375
0.470192
0.350912
0.364204
0.662
0.662
0.662
0.253469
0.260877
0.196352
0.418474
0.662
0.662
0.554704
0.430887
0.662
0.0655648
0.202246
0.37012
0.438275
0.428711
0.0831048
0.659767
0.322701
0.662
0.311221
0.368117
0.0273781
0.662
0.662
0.465637
0.662
0.662
0.662
0.443847
0.662
0.267706
0.399736
0.315655
0.437685
0.662
0.662
0.662
0.1254
0.662
0.448624
0.370825
0.662
0.295128
0.371978
0.0681086
0.466308
0.662
0.662
0.662
0.662
0.468903
0.662
0.0630083
0.0898743
0.063536
0.34451
0.289522
0.0746075
0.1059
0.0415115
0.662
0.246807
0.103977
0.662
0.228959
0.170021
0.436782
0.662
0.662
0.662
0.662
0.662
0.662
0.662
0.436593
0.155599
0.662
0.662
0.662
0.281116
0.143676
0.662
0.0196681
0.662
0.295142
0.662
0.218966
0.662
0.601123
0.662
0.662
0.460241
0.146545
0.243429
0.662
0.662
0.662
0.662
0.570442
0.500462
0.662
0.395666
0.297822
0.113279
0.143895
0.13722
0.662
0.662
0.139179
0.662
0.0739065
0.662
0.197988
0.0602419
0.662
0.662
0.358557
0.662
0.411163
0.464402
0.0348589
0.496565
0.662
0.187272
0.662
0.662
0.0391614
0.624788
0.662
0.250801
0.662
0.312197
0.662
0.662
0.662
0.662
0.662
0.278434
0.571168
0.662
0.191199
0.449784
0.662
0.662
0.662
0.662
0.480279
0.662
0.662
0.662
0.662
0.648899
0.662
0.45183
0.662
0.0413795
0.662
0.662
0.662
0.662
0.0936421
0.017301
0.0821361
0.662
0.477481
0.662
0.365147
0.227404
0.662
0.662
0.662
0.662
0.662
0.196698
0.470803
0.603375
0.503495
0.320095
0.342366
0.662
0.356385
0.662
0.662
0.334671
0.662
0.662
0.0091337
0.662
0.138046
0.118858
0.662
0.304694
0.14703
0.662
0.662
0.562093
0.00259228
0.0611681
0.174675
0.422363
0.4826
0.662
0.39181
0.662
0.315569
0.344798
0.516059
0.0240994
0.662
0.0928518
0.662
0.662
0.0536987
0.0359437
0.662
0.258113
0.195047
0.662
0.662
0.662
0.662
0.662
0.662
0.662
0.662
0.662
0.662
0.127818
0.662
0.662
0.24619
0.662
0.662
0.243152
0.343113
0.662
0.513807
0.100273
0.662
0.662
0.0359002
0.662
0.402795
0.662
0.662
0.662
0.0962405
0.162879
0.229725
0.37463
0.27276
0.662
0.662
0.0853744
0.662
0.499905
0.662
0.24429
0.216733
0.662
0.427515
0.662
0.0557261
0.11229
0.324406
0.662
0.251564
0.662
0.173649
0.15851
0.211258
0.662
0.662
0.662
0.308406
0.662
0.662
0.132418
0.203174
0.347924
0.231362
0.662
0.662
0.0657661
0.246172
0.662
0.662
0.234273
0.662
0.335033
0.662
0.380522
0.662
0.662
0.376736
0.444259
0.662
0.662
0.662
0.662
0.662
0.662
0.662
0.394962
0.136639
0.432612
0.0858609
0.623133
0.392781
0.372313
0.281199
0.160796
0.662
0.662
0.662
0.662
0.61553
0.662
0.662
0.139536
0.662
0.311099
0.325403
0.662
0.662
0.0706755
0.318941
0.662
0.662
0.205079
0.163145
0.061635
0.436351
0.474196
0.0271993
0.0362437
0.662
0.322474
0.398294
0.662
0.662
0.662
0.662
0.662
0.401987
0.662
0.26265
0.662
0.662
0.114395
0.662
0.382277
0.662
0.662
0.662
0.662
0.662
0.662
0.496268
0.662
0.637137
0.22426
0.376804
0.441201
0.662
0.662
0.177303
0.662
0.363158
0.662
0.662
0.00366339
0.662
0.662
0.662
0.55296
0.662
0.430321
0.221128
0.339206
0.662
0.662
0.426055
0.350667
0.662
0.662
0.612609
0.662
0.662
0.309889
0.216907
0.368397
0.424589
0.662
0.221211
0.662
0.662
0.057075
0.662
0.336613
0.284551
0.662
0.662
0.662
0.37099
0.115605
0.279263
0.645337
0.662
0.662
0.602474
0.662
0.662
0.662
0.662
0.662
0.662
0.38826
0.662
0.662
0.152137
0.662
0.125603
0.0565121
0.662
0.662
0.662
0.662
0.662
0.662
0.662
0.662
0.203704
0.662
0.662
0.0489562
0.662
0.200093
0.00587069
0.164458
0.255274
0.662
0.548024
0.102833
0.662
0.662
0.0639828
0.268493
0.184399
0.381307
0.662
0.457597
0.662
0.662
0.662
0.662
0.471462
0.311404
0.662
0.122304
0.662
0.662
0.662
0.21156
0.431583
0.131271
0.217754
0.662
0.662
0.662
0.167032
0.662
0.662
0.00568808
0.662
0.592444
0.467199
0.250609
0.662
0.662
0.121568
0.206115
0.662
0.207493
0.186571
0.662
0.662
0.0589955
0.175666
0.662
0.472576
0.662
0.662
0.0292278
0.29338
0.284682
0.662
0.188408
0.662
0.233677
0.181912
0.575726
0.0910594
0.662
0.117637
0.229642
0.662
0.415549
0.662
0.00565435
0.261247
0.662
0.603512
0.662
0.00636984
0.424481
0.662
0.662
0.662
0.662
0.343119
0.330866
0.223941
0.393746
0.662
0.159507
0.116752
0.221216
0.662
0.662
0.662
0.135572
0.218662
0.662
0.662
0.662
0.662
0.662
0.662
0.662
0.662
0.359279
0.462673
0.134723
0.335875
0.440848
0.662
0.100861
0.215476
0.184245
0.662
0.299182
0.662
0.256258
0.662
0.662
0.662
0.662
0.453294
0.662
0.662
0.247787
0.662
0.121724
0.035857
0.662
0.136406
0.446544
0.662
0.172724
0.662
0.662
0.390188
0.300065
0.3359
0.430268
0.100586
0.12573
0.662
0.662
0.0485796
0.662
0.105043
0.662
0.258481
0.662
0.662
0.662
0.662
0.662
0.391332
0.662
0.662
0.409007
0.63339
0.446545
0.165272
0.0612084
0.662
0.662
0.662
0.662
0.662
0.373538
0.174758
0.662
0.662
0.662
0.189035
0.55311
0.662
0.662
0.341912
0.662
0.662
0.662
0.662
0.662
0.662
0.662
0.662
0.662
0.662
0.662
0.662
0.662
0.662
0.454757
0.0155343
0.662
0.662
0.662
0.662
0.171722
0.461439
0.662
0.662
0.662
0.662
0.662
0.662
0.662
0.662
0.420176
0.134884
0.182146
0.662
0.257281
0.419573
0.662
0.00913554
0.662
0.662
0.662
0.662
0.14235
0.662
0.359541
0.169229
0.305958
0.662
0.36144
0.415617
0.662
0.662
0.662
0.662
0.662
0.568152
0.662
0.662
0.376898
0.662
0.662
0.410057
0.662
0.662
0.662
0.662
0.662
0.662
0.166737
0.27961
0.458544
0.662
0.662
0.662
0.662
0.0268822
0.474585
0.662
0.475501
0.384256
0.276424
0.204822
0.217318
0.0886136
0.662
0.416734
0.662
0.273572
0.662
0.662
0.473694
0.452462
0.375346
0.662
0.662
0.662
0.662
0.0892861
0.662
0.314899
0.662
0.662
0.662
0.662
0.662
0.0172319
0.1315
0.662
0.16135
0.231559
0.662
0.662
0.662
0.332565
0.662
0.222911
0.662
0.27208
0.662
0.298385
0.662
0.36137
0.662
0.363322
0.662
0.662
0.332515
0.469028
0.662
0.146677
0.280841
0.662
0.419307
0.299071
0.662
0.0263815
0.555876
0.662
0.662
0.662
0.318602
0.618392
0.120348
0.279715
0.305554
0.662
0.00024423
0.00522758
0.394329
0.662
0.418975
0.0847008
0.0619296
0.156194
0.662
0.662
0.15479
0.662
0.425565
0.662
0.662
0.662
0.662
0.285361
0.662
0.06711
0.41587
0.369401
0.212394
0.662
0.440431
0.662
0.471659
0.133191
0.0246719
0.620913
0.193146
0.662
0.497594
0.662
0.662
0.332007
0.0903311
0.662
0.251864
0.30677
0.662
0.662
0.601542
0.662
0.39584
0.662
0.662
0.662
0.662
0.662
0.662
0.662
0.301758
0.662
0.659611
0.662
0.662
0.662
0.662
0.111455
0.662
0.662
0.662
0.319016
0.0837397
0.066086
0.662
0.662
0.662
0.125562
0.662
0.0978406
0.149548
0.662
0.662
0.662
0.231367
0.416962
0.194074
0.662
0.153916
0.060732
0.662
0.662
0.540938
0.44955
0.662
0.662
0.662
0.381147
0.342689
0.662
0.427508
0.662
0.662
0.627362
0.662
0.199094
0.0317553
0.662
0.130609
0.0132899
0.0841344
0.662
0.445788
0.198757
0.662
0.662
0.662
0.662
0.183066
0.662
0.0256372
0.282802
0.662
0.662
0.662
0.225943
0.242063
0.662
0.662
0.662
0.662
0.662
0.277953
0.37133
0.354774
0.19324
0.662
0.0162832
0.227595
0.662
0.386428
0.339474
0.662
0.662
0.662
0.218676
0.459458
0.662
0.662
0.112247
0.662
0.441212
0.662
0.597802
0.370643
0.662
0.662
0.112922
0.413872
0.215665
0.662
0.293565
0.189466
0.148676
0.316985
0.22101
0.212658
0.210615
0.662
0.0567226
0.317935
0.187028
0.662
0.244302
0.662
0.662
0.175092
0.662
0.297828
0.243722
0.662
0.164964
0.662
0.662
0.0565887
0.662
0.662
0.662
0.662
0.662
0.662
0.469863
0.662
0.456919
0.470427
0.662
0.662
0.529133
0.260106
0.662
0.662
0.662
0.191026
0.501955
0.662
0.356534
0.227856
0.281981
0.230135
0.47776
0.0210993
0.459482
0.662
0.533344
0.662
0.397668
0.507719
0.221192
0.662
0.662
0.656589
0.662
0.662
0.662
0.426581
0.662
0.662
0.662
0.158965
0.662
0.158603
0.662
0.662
0.662
0.288373
0.348802
0.662
0.662
0.662
0.344553
0.446852
0.220411
0.419424
0.457465
0.662
0.486314
0.662
0.662
0.662
0.386002
0.365832
0.662
0.662
0.662
0.662
0.662
0.0483114
0.471023
0.662
0.662
0.662
0.450724
0.662
0.662
0.662
0.662
0.239481
0.376441
0.29276
0.448197
0.662
0.108949
0.220817
0.101755
0.662
0.15545
0.662
0.050592
0.349989
0.0433372
0.389098
0.344943
0.662
0.15087
0.200343
0.662
0.662
0.41513
0.057584
0.662
0.258822
0.418481
0.488148
0.662
0.662
0.232882
0.417503
0.362981
0.253221
0.662
0.469122
0.146073
0.662
0.465664
0.662
0.662
0.662
0.662
0.662
0.160159
0.0676032
0.336878
0.662
0.662
0.542388
0.662
0.451858
0.423556
0.561884
0.390573
0.662
0.662
0.662
0.662
0.662
0.0912149
0.604878
0.129984
0.662
0.0611531
0.238949
0.662
0.662
0.455045
0.662
0.662
0.662
0.426795
0.662
0.163183
0.662
0.662
0.21044
0.45553
0.502625
0.421419
0.662
0.662
0.59926
0.359041
0.0760944
0.143069
0.147596
0.379523
0.164788
0.662
0.662
0.0929048
0.662
0.662
0.414711
0.205076
0.662
0.193323
0.430792
0.308026
0.662
0.662
0.245107
0.662
0.662
0.0802652
0.193491
0.662
0.662
0.662
0.662
0.662
0.662
0.431625
0.349637
0.662
0.204309
0.395493
0.662
0.236354
0.662
0.662
0.254264
0.150771
0.662
0.662
0.348596
0.483285
0.266322
0.662
0.662
0.662
0.662
0.410326
0.0966418
0.662
0.662
0.662
0.662
0.662
0.662
0.128077
0.10207
0.325664
0.427309
0.0772072
0.662
0.662
0.165526
0.662
0.20306
0.364032
0.662
0.662
0.0888615
0.662
0.662
0.247797
0.662
0.662
0.662
