0.410212
0.568513
0.662
0.662
0.338631
0.662
0.662
0.662
0.662
0.0678561
0.202672
0.662
0.662
0.662
0.662
0.0554803
0.320604
0.304446
0.662
0.274395
0.662
0.437883
0.103745
0.662
0.205994
0.467635
0.309036
0.662
0.181806
0.420123
0.662
0.641089
0.259423
0.21774
0.662
0.662
0.107214
0.662
0.183941
0.662
0.220987
0.405255
0.463987
0.662
0.662
0.09855
0.385857
0.0901725
0.662
0.662
0.0492228
0.371362
0.662
0.662
0.662
0.662
0.662
0.531306
0.662
0.421737
0.131066
0.662
0.0754259
0.662
0.662
0.662
0.662
0.662
0.662
0.239209
0.662
0.32326
0.662
0.471958
0.662
0.452507
0.124057
0.662
0.331786
0.540266
0.0623859
0.662
0.662
0.662
0.662
0.405742
0.662
0.248419
0.605092
0.662
0.662
0.418468
0.662
0.107706
0.662
0.332504
0.276734
0.662
0.326469
0.470301
0.662
0.662
0.662
0.662
0.662
0.662
0.662
0.662
0.662
0.662
0.662
0.662
0.662
0.546526
0.409083
0.131233
0.277899
0.149081
0.662
0.346334
0.662
0.662
0.662
0.385728
0.662
0.662
0.662
0.172406
0.00678293
0.272032
0.42277
0.662
0.662
0.264013
0.117052
0.662
0.403461
0.047177
0.662
0.662
0.662
0.662
0.662
0.248336
0.662
0.372448
0.37926
0.662
0.283232
0.317659
0.662
0.662
0.060045
0.662
0.662
0.662
0.147617
0.245472
0.662
0.326526
0.206743
0.109796
0.177978
0.662
0.662
0.396074
0.0050127
0.662
0.189892
0.662
0.662
0.662
0.0231498
0.0947331
0.473511
0.662
0.347868
0.662
0.462602
0.662
0.662
0.662
0.662
0.662
0.662
0.383736
0.662
0.662
0.178539
0.399282
0.490184
0.194568
0.662
0.290322
0.662
0.662
0.223051
0.662
0.00375237
0.222624
0.3901
0.662
0.461294
0.0172498
0.662
0.179664
0.254061
0.662
0.662
0.345985
0.169559
0.442024
0.41285
0.0821703
0.662
0.361605
0.232469
0.176787
0.507192
0.51586
0.662
0.154692
0.347048
0.15599
0.662
0.25731
0.63677
0.662
0.662
0.125523
0.662
0.0653987
0.662
0.358067
0.0681957
0.31369
0.662
0.115557
0.662
0.424975
0.0967333
0.662
0.662
0.288805
0.662
0.493225
0.662
0.374755
0.662
0.109476
0.00909962
0.00872519
0.284407
0.662
0.433729
0.662
0.471142
0.662
0.662
0.662
0.662
0.662
0.662
0.662
0.304431
0.662
0.662
0.662
0.662
0.189292
0.662
0.662
0.662
0.662
0.114598
0.456971
0.316512
0.351411
0.662
0.116235
0.662
0.662
0.259373
0.456712
0.662
0.402769
0.266632
0.662
0.662
0.662
0.662
0.481433
0.662
0.377954
0.662
0.453861
0.662
0.141713
0.297223
0.429475
0.442887
0.662
0.324801
0.43938
0.662
0.662
0.0373363
0.377043
0.662
0.429443
0.33438
0.626614
0.662
0.662
0.116075
0.662
0.153995
0.662
0.319317
0.400817
0.662
0.662
0.460783
0.422131
0.662
0.662
0.436507
0.662
0.662
0.0761437
0.662
0.662
0.662
0.288793
0.421762
0.662
0.662
0.662
0.662
0.662
0.34775
0.662
0.272881
0.662
0.662
0.662
0.662
0.662
0.662
0.662
0.662
0.662
0.17237
0.466984
0.0525564
0.0156593
0.662
0.446537
0.662
0.662
0.662
0.440763
0.164933
0.662
0.389512
0.400202
0.173362
0.441369
0.662
0.662
0.0585585
0.662
0.0117525
0.389123
0.0836064
0.0165787
0.662
0.111811
0.662
0.485234
0.662
0.297397
0.343956
0.662
0.662
0.662
0.00783944
0.31537
0.662
0.146016
0.662
0.662
0.458534
0.662
0.662
0.662
0.662
0.662
0.662
0.662
0.453686
0.662
0.662
0.662
0.662
0.190685
0.662
0.253722
0.662
0.471095
0.15916
0.662
0.464899
0.263876
0.662
0.662
0.662
0.239103
0.662
0.0715991
0.662
0.312239
0.418912
0.662
0.411922
0.15964
0.00771946
0.261469
0.662
0.662
0.662
0.662
0.662
0.662
0.662
0.662
0.28758
0.420298
0.106883
0.662
0.662
0.662
0.431978
0.662
0.662
0.308326
0.662
0.236706
0.181633
0.662
0.662
0.385616
0.0401515
0.662
0.417117
0.662
0.0282044
0.43465
0.244719
0.662
0.662
0.297148
0.662
0.0150942
0.662
0.0838409
0.662
0.289977
0.662
0.645206
0.662
0.22779
0.00729743
0.662
0.662
0.0529772
0.460348
0.232354
0.662
0.662
0.366197
0.453895
0.108244
0.0330488
0.23204
0.662
0.662
0.662
0.662
0.662
0.23332
0.662
0.662
0.271916
0.662
0.662
0.481996
0.131916
0.138323
0.662
0.196798
0.0832411
0.662
0.662
0.223091
0.0971312
0.662
0.216627
0.146459
0.662
0.416599
0.328186
0.0976145
0.117022
0.155805
0.662
0.662
0.265709
0.662
0.274946
0.662
0.0443826
0.662
0.330851
0.662
0.503618
0.406804
0.114158
0.157176
0.662
0.010859
0.113439
0.0437353
0.445028
0.113928
0.318017
0.662
0.390763
0.301987
0.662
0.662
0.662
0.662
0.120006
0.662
0.662
0.662
0.0405781
0.391499
0.324168
0.0320166
0.277213
0.662
0.184113
0.157134
0.662
0.18124
0.0751235
0.662
0.662
0.662
0.284068
0.590398
0.362322
0.637705
0.662
0.662
0.476133
0.662
0.23613
0.458366
0.662
0.0882975
0.662
0.288818
0.357623
0.114103
0.662
0.187086
0.0620771
0.662
0.357366
0.182687
0.662
0.0328864
0.662
0.662
0.662
0.129152
0.0754145
0.0413792
0.473372
0.100947
0.307428
0.345462
0.259979
0.662
0.351477
0.662
0.549848
0.243018
0.662
0.37014
0.662
0.662
0.662
0.662
0.662
0.662
0.446987
0.662
0.662
0.198732
0.207571
0.253657
0.662
0.612383
0.303469
0.662
0.13138
0.0198381
0.255034
0.662
0.662
0.238412
0.247657
0.662
0.662
0.662
0.662
0.361067
0.0823248
0.333167
0.662
0.0807218
0.239416
0.662
0.662
0.188397
0.662
0.662
0.302466
0.662
0.327749
0.662
0.400036
0.662
0.41395
0.441095
0.39378
0.484867
0.471266
0.283123
0.662
0.396192
0.662
0.0390693
0.662
0.198423
0.662
0.0785448
0.365779
0.06511
0.380918
0.127589
0.662
0.633391
0.662
0.3614
0.662
0.171888
0.371994
0.393143
0.012182
0.354823
0.270931
0.110386
0.228622
0.662
0.357974
0.0176435
0.662
0.662
0.662
0.0105478
0.662
0.662
0.662
0.0254466
0.155593
0.0939352
0.0697129
0.662
0.662
0.662
0.166309
0.662
0.662
0.26921
0.662
0.662
0.662
0.662
0.662
0.662
0.662
0.662
0.662
0.125757
0.662
0.477124
0.464021
0.477069
0.101706
0.0664703
0.471852
0.662
0.662
0.589473
0.662
0.368383
0.662
0.662
0.662
0.662
0.186675
0.0929142
0.662
0.662
0.294906
0.662
0.662
0.662
0.449287
0.662
0.662
0.051505
0.118313
0.372507
0.158922
0.662
0.662
0.439575
0.365021
0.00530551
0.662
0.662
0.245722
0.662
0.662
0.220667
0.079722
0.355836
0.314571
0.339847
0.235385
0.0555709
0.362359
0.406831
0.662
0.662
0.662
0.662
0.0399762
0.662
0.662
0.442877
0.341851
0.408696
0.662
0.662
0.334876
0.662
0.662
0.662
0.662
0.280642
0.101637
0.662
0.662
0.662
0.198034
0.39686
0.662
0.154803
0.452497
0.0256661
0.662
0.662
0.221737
0.32587
0.265217
0.456005
0.662
0.237421
0.439111
0.662
0.0429048
0.410075
0.465386
0.313121
0.0814792
0.662
0.220776
0.433033
0.662
0.361315
0.28133
0.662
0.0844731
0.290744
0.562017
0.303548
0.662
0.662
0.662
0.662
0.273144
0.662
0.662
0.417254
0.164712
0.0366712
0.662
0.662
0.412639
0.662
0.662
0.662
0.662
0.180373
0.285221
0.662
0.177821
0.662
0.313322
0.267219
0.0470171
0.41556
0.662
0.200108
0.0188532
0.662
0.662
0.662
0.0174014
0.662
0.0602219
0.662
0.135914
0.662
0.662
0.400444
0.662
0.662
0.662
0.221143
0.662
0.220885
0.277685
0.554748
0.338795
0.662
0.662
0.662
0.235303
0.662
0.662
0.662
0.662
0.662
0.662
0.139584
0.662
0.503576
0.662
0.24856
0.662
0.662
0.662
0.0801051
0.662
0.662
0.23708
0.662
0.662
0.662
0.662
0.662
0.0997246
0.201531
0.662
0.0753886
0.010288
0.00623684
0.662
0.662
0.662
0.662
0.383147
0.662
0.662
0.662
0.662
0.662
0.302163
0.270948
0.662
0.199643
0.662
0.212363
0.662
0.662
0.211254
0.0562697
0.662
0.662
0.481038
0.662
0.221265
0.343188
0.467438
0.0878544
0.662
0.662
0.390835
0.662
0.493296
0.401108
0.662
0.662
0.182815
0.662
0.662
0.662
0.264175
0.662
0.662
0.662
0.116548
0.595831
0.312613
0.662
0.423425
0.0853645
0.0550457
0.662
0.241457
0.662
0.662
0.178412
0.0370778
0.109908
0.181093
0.662
0.662
0.122076
0.662
0.662
0.662
0.132307
0.193345
0.211249
0.198117
0.46013
0.435167
