0.184827
0.662
0.662
0.302532
0.146656
0.201827
0.593568
0.25808
0.662
0.662
0.449287
0.662
0.662
0.662
0.662
0.662
0.0754259
0.252257
0.264175
0.405351
0.662
0.588983
0.291537
0.220987
0.662
0.200178
0.662
0.311472
0.185187
0.0550457
0.662
0.662
0.46013
0.0754145
0.662
0.662
0.662
0.09855
0.147617
0.662
0.662
0.113928
0.662
0.284822
0.662
0.0102258
0.662
0.662
0.662
0.662
0.587778
0.662
0.380077
0.363516
0.662
0.662
0.662
0.662
0.662
0.662
0.428747
0.662
0.662
0.662
0.198732
0.662
0.662
0.662
0.233419
0.0121798
0.662
0.662
0.662
0.662
0.662
0.662
0.221374
0.662
0.662
0.482571
0.662
0.434805
0.662
0.0165787
0.277899
0.248033
0.662
0.346334
0.662
0.662
0.662
0.662
0.4934
0.662
0.117052
0.0401515
0.662
0.662
0.189292
0.271916
0.662
0.0279193
0.458366
0.662
0.254061
0.662
0.166309
0.662
0.226093
0.662
0.110457
0.0657163
0.662
0.358067
0.662
0.422252
0.662
0.351477
0.662
0.0390693
0.662
0.371193
0.662
0.452497
0.408419
0.292121
0.662
0.662
0.662
0.662
0.460783
0.287087
0.662
0.0405781
0.442877
0.662
0.154692
0.662
0.445068
0.662
0.662
0.641089
0.662
0.471095
0.354823
0.171888
0.662
0.662
0.307428
0.662
0.662
0.662
0.283123
0.662
0.389123
0.662
0.662
0.662
0.662
0.662
0.139584
0.248025
0.180373
0.0296861
0.616356
0.662
0.662
0.662
0.662
0.662
0.662
0.21774
0.662
0.159117
0.662
0.662
0.662
0.0284358
0.00678293
0.662
0.662
0.662
0.265217
0.335086
0.338795
0.459709
0.0752546
0.662
0.212363
0.198034
0.662
0.239595
0.131233
0.662
0.660691
0.662
0.662
0.0330488
0.662
0.662
0.51586
0.212462
0.393564
0.258604
0.662
0.445028
0.0328864
0.0500541
0.00767379
0.365779
0.662
0.662
0.352108
0.100947
0.662
0.662
0.662
0.0361075
0.662
0.306502
0.310515
0.197171
0.662
0.662
0.235286
0.662
0.122076
0.297066
0.662
0.272881
0.0554803
0.662
0.222456
0.383963
0.662
0.00882834
0.662
0.662
0.662
0.662
0.662
0.662
0.380488
0.662
0.662
0.471958
0.662
0.0261022
0.662
0.662
0.662
0.662
0.178412
0.314437
0.662
0.0963342
0.395135
0.662
0.662
0.662
0.662
0.662
0.662
0.626614
0.662
0.0399364
0.662
0.253657
0.294888
0.662
0.662
0.662
0.662
0.662
0.662
0.662
0.0174014
0.662
0.403909
0.403461
0.261469
0.290322
0.662
0.493296
0.662
0.198117
0.662
0.324801
0.302466
0.171601
0.662
0.662
0.0623859
0.201531
0.662
0.662
0.247158
0.662
0.662
0.662
0.662
0.662
0.314571
0.308241
0.134353
0.377043
0.456971
0.097805
0.662
0.662
0.0366712
0.116548
0.662
0.662
0.305357
0.164607
0.0929142
0.662
0.662
0.662
0.361067
0.662
0.662
0.321005
0.0585585
0.473473
0.662
0.662
0.662
0.662
0.662
0.662
0.170245
0.401108
0.181633
0.0901725
0.662
0.437887
0.662
0.662
0.0495346
0.297223
0.190685
0.662
0.0821703
0.200108
0.662
0.662
0.190129
0.662
0.662
0.662
0.662
0.662
0.662
0.662
0.154803
0.471142
0.662
0.662
0.485234
0.207254
0.662
0.662
0.418912
0.361605
0.235508
0.662
0.662
0.473
0.662
0.341851
0.408696
0.362322
0.662
0.662
0.662
0.662
0.00768537
0.662
0.0376323
0.662
0.662
0.662
0.662
0.418589
0.302163
0.173362
0.662
0.047177
0.662
0.662
0.662
0.662
0.662
0.220216
0.477124
0.429443
0.46338
0.0533869
0.220885
0.222624
0.200367
0.662
0.305325
0.241457
0.164375
0.236685
0.662
0.23772
0.662
0.662
0.662
0.114103
0.154887
0.662
0.371994
0.156868
0.18124
0.662
0.135914
0.31369
0.662
0.662
0.373114
0.662
0.0459387
0.458534
0.00872519
0.345462
0.12232
0.629706
0.662
0.125757
0.319317
0.662
0.662
0.662
0.280951
0.662
0.662
0.30329
0.469017
0.0156593
0.190816
0.28133
0.662
0.0807218
0.662
0.357366
0.182687
0.540266
0.250104
0.28936
0.662
0.662
0.662
0.396192
0.662
0.253722
0.662
0.301332
0.662
0.389512
0.368261
0.662
0.383736
0.662
0.0958085
0.662
0.347048
0.403144
0.283492
0.662
0.662
0.662
0.662
0.662
0.177821
0.662
0.662
0.420973
0.0873943
0.662
0.662
0.436507
0.1377
0.0243824
0.235385
0.0836064
0.662
0.662
0.662
0.662
0.662
0.662
0.662
0.121294
0.662
0.396622
0.662
0.155653
0.662
0.0509465
0.304446
0.177236
0.662
0.662
0.662
0.453861
0.662
0.473372
0.486209
0.0849398
0.662
0.662
0.320604
0.387707
0.662
0.3614
0.662
0.315296
0.471261
0.662
0.362359
0.452242
0.278804
0.662
0.662
0.662
0.576075
0.59586
0.0976145
0.662
0.209489
0.662
0.114669
0.662
0.662
0.157134
0.30596
0.662
0.396074
0.662
0.481953
0.308326
0.662
0.662
0.662
0.178539
0.662
0.010859
0.109211
0.313121
0.662
0.467438
0.0765673
0.110386
0.431978
0.662
0.121715
0.581089
0.534509
0.304431
0.39378
0.589473
0.662
0.393143
0.108244
0.0853624
0.662
0.662
0.00771946
0.367378
0.101706
0.274946
0.271118
0.662
0.324168
0.662
0.245472
0.662
0.662
0.662
0.662
0.662
0.662
0.140905
0.435951
0.0426376
0.0198381
0.0738578
0.288793
0.233245
0.662
0.662
0.229284
0.662
0.662
0.662
0.662
0.662
0.435392
0.280642
0.438975
0.662
0.662
0.662
0.662
0.318017
0.452507
0.193924
0.662
0.662
0.265709
0.0587651
0.662
0.0697129
0.0602219
0.0525564
0.662
0.406831
0.456005
0.662
0.214115
0.481433
0.662
0.239209
0.0370778
0.662
0.182815
0.372507
0.662
0.116401
0.662
0.662
0.662
0.662
0.232469
0.662
0.377954
0.23332
0.420287
0.0951698
0.662
0.662
0.662
0.429475
0.442887
0.662
0.466003
0.0882975
0.662
0.662
0.662
0.662
0.292646
0.662
0.42277
0.662
0.662
0.549848
0.402036
0.662
0.207934
0.662
0.107214
0.662
0.662
0.662
0.153995
0.662
0.486642
0.662
0.171571
0.662
0.360795
0.196534
0.662
0.662
0.0664703
0.662
0.0301564
0.662
0.410212
0.568513
0.0484461
0.662
0.442024
0.662
0.662
0.662
0.662
0.285718
0.662
0.0620771
0.662
0.15282
0.115219
0.379396
0.583115
0.662
0.00864712
0.657371
0.144736
0.00375237
0.274395
0.398081
0.481038
0.662
0.662
0.662
0.662
0.662
0.662
0.662
0.662
0.662
0.662
0.662
0.36591
0.464021
0.662
0.266632
0.174911
0.185007
0.412639
0.662
0.156767
0.662
0.079722
0.662
0.662
0.662
0.662
0.470918
0.662
0.662
0.390766
0.101586
0.206743
0.0944629
0.662
0.662
0.170743
0.662
0.662
0.662
0.141713
0.409083
0.0172498
0.662
0.183585
0.662
0.194568
0.0811991
0.662
0.662
0.662
0.519177
0.196115
0.662
0.662
0.662
0.245466
0.662
0.662
0.662
0.473511
0.662
0.183941
0.0371787
0.662
0.247657
0.0501066
0.116075
0.662
0.0971312
0.402769
0.178059
0.662
0.372883
0.23708
0.662
0.471852
0.0878544
0.662
0.410075
0.662
0.246922
0.662
0.124057
0.662
0.662
0.446987
0.662
0.325349
0.251563
0.493225
0.662
0.662
0.662
0.00623684
0.662
0.114158
0.662
0.662
0.420123
0.662
0.471266
0.662
0.155805
0.18165
0.662
0.374755
0.294906
0.662
0.399902
0.127589
0.662
0.662
0.662
0.295935
0.0851669
0.012182
0.328186
0.133573
0.662
0.662
0.284407
0.662
0.179664
0.0231498
0.662
0.662
0.662
0.116235
0.662
0.207748
0.155593
0.662
0.662
0.558938
0.273144
0.441269
0.114598
0.160512
0.424975
0.662
0.662
0.662
0.383147
0.662
0.662
0.662
0.164712
0.422131
0.662
0.662
0.37926
0.662
0.151136
0.662
0.662
0.32326
0.060045
0.264013
0.662
0.357623
0.465388
0.662
0.461294
0.217401
0.211254
0.662
0.662
0.662
0.574112
0.182682
0.202672
0.662
0.211925
0.662
0.662
0.662
0.662
0.131916
0.0320166
0.662
0.0495236
0.158922
0.662
0.457686
0.0204249
0.0413792
0.662
0.662
0.662
0.106883
0.32587
0.28172
0.662
0.662
0.662
0.317659
0.662
0.662
0.662
0.662
0.662
0.334876
0.345985
0.345126
0.662
0.321453
0.0492228
0.472605
0.662
0.186675
0.662
0.179371
0.420298
0.662
0.662
0.662
0.662
0.417254
0.662
0.503618
0.662
0.662
0.176787
0.490184
0.115557
0.388005
0.289977
0.662
0.662
0.662
0.555411
0.364822
0.267219
0.662
0.409963
0.146016
0.662
0.164933
0.272032
0.605092
0.637705
0.662
0.662
0.662
0.662
0.662
0.662
0.662
0.662
0.662
0.662
0.662
0.0939352
0.662
0.456586
0.662
0.0304802
0.400817
0.196798
0.291139
0.0832411
0.662
0.662
0.662
0.662
0.662
0.662
0.0282044
0.662
0.0681957
0.0415543
0.406804
0.259423
0.190765
0.612383
0.41285
0.662
0.132307
0.140656
0.662
0.662
0.662
0.0823248
0.662
0.327605
0.662
0.662
0.662
0.0838409
0.0529772
0.342113
0.662
0.662
0.0653987
0.662
0.109908
0.37586
0.662
0.662
0.662
0.198013
0.662
0.662
0.297148
