0.247158
0.471852
0.662
0.120674
0.107011
0.662
0.662
0.662
0.662
0.0576948
0.44536
0.0761437
0.360603
0.0201097
0.662
0.662
0.626926
0.662
0.662
0.662
0.190685
0.662
0.662
0.393479
0.169042
0.662
0.304577
0.662
0.352534
0.346978
0.662
0.323879
0.662
0.302925
0.418468
0.662
0.368383
0.240417
0.662
0.327795
0.303821
0.662
0.662
0.662
0.662
0.37926
0.19683
0.662
0.662
0.249047
0.662
0.196605
0.662
0.662
0.476133
0.473936
0.662
0.662
0.662
0.172444
0.662
0.662
0.0399762
0.465386
0.260147
0.447072
0.219417
0.0500541
0.655428
0.662
0.367861
0.2461
0.662
0.662
0.275071
0.131066
0.131916
0.403573
0.662
0.662
0.360851
0.0823248
0.31539
0.662
0.417254
0.662
0.662
0.662
0.0832097
0.662
0.328069
0.295554
0.309141
0.662
0.423711
0.662
0.662
0.351214
0.552734
0.662
0.662
0.662
0.662
0.506011
0.431457
0.662
0.0730926
0.662
0.49596
0.28133
0.442904
0.184237
0.258844
0.662
0.662
0.317824
0.426944
0.662
0.37501
0.26359
0.662
0.254061
0.662
0.662
0.662
0.662
0.221117
0.662
0.174434
0.662
0.662
0.247824
0.662
0.429997
0.355164
0.280754
0.662
0.662
0.173478
0.662
0.662
0.662
0.659105
0.662
0.662
0.662
0.0585452
0.010513
0.479128
0.445492
0.662
0.662
0.662
0.415683
0.238018
0.400202
0.662
0.0950982
0.662
0.662
0.662
0.0754259
0.662
0.19593
0.162692
0.662
0.662
0.662
0.0358596
0.662
0.282033
0.462706
0.477069
0.312759
0.662
0.400444
0.304674
0.662
0.268709
0.662
0.662
0.662
0.662
0.662
0.11517
0.662
0.662
0.39378
0.662
0.274375
0.0117525
0.0161196
0.662
0.662
0.662
0.259715
0.0602976
0.662
0.129322
0.0216223
0.662
0.662
0.079529
0.662
0.0836064
0.662
0.445062
0.662
0.306916
0.662
0.662
0.662
0.662
0.662
0.310247
0.295026
0.0434148
0.324792
0.662
0.662
0.662
0.0414061
0.662
0.662
0.330142
0.662
0.633391
0.662
0.662
0.662
0.0801051
0.391761
0.662
0.345172
0.198732
0.662
0.662
0.662
0.40716
0.372768
0.341986
0.225066
0.210094
0.0186706
0.206258
0.662
0.417786
0.662
0.662
0.662
0.00276954
0.453612
0.662
0.63339
0.16985
0.662
0.09855
0.662
0.117022
0.146455
0.662
0.431522
0.662
0.662
0.217601
0.662
0.662
0.662
0.662
0.662
0.00969576
0.662
0.435196
0.662
0.21218
0.662
0.662
0.662
0.662
0.259423
0.312566
0.389444
0.662
0.133083
0.4366
0.122827
0.51586
0.266286
0.467731
0.283028
0.662
0.662
0.662
0.662
0.437996
0.662
0.662
0.0660326
0.662
0.238452
0.494107
0.662
0.662
0.662
0.477927
0.662
0.449269
0.0664703
0.492674
0.662
0.662
0.141743
0.662
0.662
0.210796
0.538234
0.662
0.662
0.662
0.149984
0.662
0.662
0.103745
0.662
0.0428582
0.0667362
0.662
0.244884
0.263876
0.0407364
0.619344
0.100947
0.449465
0.0475892
0.595372
0.0252413
0.257871
0.662
0.662
0.662
0.662
0.662
0.453507
0.662
0.662
0.657605
0.49225
0.477124
0.226892
0.662
0.268554
0.463406
0.232621
0.530965
0.47073
0.458366
0.00243293
0.662
0.436507
0.336478
0.1003
0.662
0.662
0.439195
0.020026
0.308983
0.260321
0.41285
0.231605
0.1928
0.662
0.132307
0.349961
0.212408
0.392607
0.662
0.662
0.349145
0.0532119
0.342076
0.602497
0.662
0.662
0.662
0.662
0.662
0.28758
0.205812
0.662
0.662
0.662
0.662
0.662
0.662
0.174019
0.398644
0.662
0.282497
0.662
0.662
0.662
0.257934
0.662
0.662
0.39112
0.300737
0.635637
0.434037
0.662
0.21762
0.190765
0.187794
0.662
0.662
0.0623657
0.662
0.662
0.662
0.662
0.00455482
0.662
0.223132
0.662
0.226263
0.515192
0.047643
0.662
0.662
0.662
0.25021
0.495372
0.221908
0.0856841
0.662
0.662
0.125523
0.662
0.265709
0.161978
0.577289
0.662
0.662
0.467752
0.662
0.373517
0.0623859
0.662
0.576804
0.110386
0.662
0.183086
0.209674
0.266912
0.280817
0.662
0.662
0.267602
0.218573
0.294084
0.662
0.444825
0.264507
0.28592
0.662
0.201827
0.662
0.662
0.105953
0.662
0.662
0.662
0.662
0.662
0.662
0.662
0.662
0.0761077
0.662
0.561289
0.662
0.662
0.486524
0.268404
0.662
0.662
0.417438
0.220233
0.662
0.662
0.20217
0.375905
0.453564
0.358419
0.662
0.569761
0.662
0.0967986
0.43211
0.662
0.18546
0.662
0.662
0.341503
0.141736
0.16881
0.117126
0.378521
0.23708
0.662
0.0834207
0.0320166
0.662
0.42964
0.662
0.45409
0.662
0.662
0.662
0.145681
0.662
0.662
0.484851
0.662
0.226947
0.440203
0.39087
0.0466348
0.307428
0.00612348
0.662
0.312613
0.17347
0.662
0.662
0.251855
0.662
0.662
0.662
0.23828
0.351477
0.105945
0.662
0.662
0.662
0.662
0.438795
0.454441
0.344504
0.662
0.186269
0.424388
0.662
0.191417
0.662
0.662
0.264523
0.600926
0.143016
0.0863446
0.258512
0.323139
0.662
0.662
0.662
0.662
0.423425
0.662
0.662
0.0445209
0.10583
0.662
0.662
0.662
0.272881
0.24847
0.325255
0.662
0.662
0.029698
0.051505
0.662
0.662
0.0905388
0.662
0.291064
0.662
0.0564231
0.30419
0.461699
0.240263
0.662
0.662
0.662
0.662
0.494794
0.662
0.373435
0.1397
0.662
0.662
0.662
0.629555
0.662
0.662
0.0712866
0.352014
0.662
0.662
0.662
0.662
0.662
0.115502
0.315346
0.0398623
0.662
0.207906
0.662
0.236959
0.38909
0.357623
0.662
0.187358
0.0195654
0.427725
0.398501
0.373051
0.231836
0.22033
0.171083
0.662
0.662
0.406247
0.0482344
0.662
0.662
0.662
0.662
0.662
0.0785987
0.662
0.454776
0.662
0.16618
0.442457
0.662
0.662
0.179819
0.151503
0.662
0.662
0.662
0.00783944
0.366683
0.662
0.662
0.662
0.662
0.662
0.344869
0.662
0.340326
0.368025
0.403582
0.393765
0.662
0.124554
0.502495
0.273637
0.223148
0.433729
0.662
0.662
0.330456
0.662
0.201217
0.150584
0.662
0.662
0.662
0.318851
0.449241
0.313354
0.363887
0.662
0.473503
0.295822
0.228622
0.531136
0.485844
0.662
0.371268
0.662
0.0662138
0.662
0.662
0.0112567
0.662
0.662
0.662
0.150848
0.662
0.662
0.662
0.662
0.662
0.121529
0.239103
0.632305
0.559553
0.376312
0.00998907
0.662
0.456379
0.332724
0.662
0.662
0.662
0.662
0.662
0.662
0.662
0.662
0.228104
0.662
0.140489
0.662
0.0904768
0.662
0.186635
0.454858
0.662
0.470983
0.499352
0.662
0.210102
0.0390693
0.662
0.643612
0.662
0.464293
0.662
0.190658
0.29829
0.662
0.211345
0.247282
0.0429048
0.662
0.228646
0.154467
0.662
0.314277
0.0767871
0.547352
0.298629
0.0747843
0.662
0.662
0.0576507
