0.662
0.341851
0.408696
0.662
0.662
0.662
0.305982
0.662
0.202672
0.662
0.662
0.662
0.471142
0.473
0.321005
0.662
0.662
0.662
0.357366
0.182687
0.0752546
0.662
0.374755
0.662
0.662
0.431978
0.662
0.662
0.662
0.662
0.662
0.272032
0.389512
0.23772
0.39378
0.662
0.662
0.114287
0.472605
0.201531
0.449287
0.662
0.0754145
0.345985
0.662
0.662
0.662
0.662
0.662
0.662
0.206743
0.662
0.459709
0.662
0.101706
0.0459387
0.662
0.662
0.662
0.662
0.662
0.274217
0.294906
0.266632
0.264547
0.662
0.00144837
0.406804
0.662
0.662
0.0296861
0.616356
0.171888
0.662
0.662
0.337532
0.662
0.381763
0.662
0.0963342
0.485234
0.0328864
0.662
0.0184797
0.662
0.662
0.662
0.662
0.414616
0.297066
0.662
0.427798
0.662
0.41285
0.662
0.137621
0.0426376
0.134353
0.605092
0.097805
0.662
0.0411738
0.662
0.483589
0.276083
0.230134
0.0162544
0.214107
0.109908
0.37586
0.662
0.110386
0.144736
0.662
0.0702882
0.662
0.662
0.582081
0.280642
0.124057
0.253722
0.186272
0.662
0.662
0.122076
0.473372
0.662
0.662
0.662
0.0838409
0.662
0.662
0.662
0.131916
0.662
0.662
0.662
0.0495346
0.662
0.662
0.662
0.477124
0.0765673
0.662
0.662
0.662
0.662
0.662
0.0415543
0.0779812
0.662
0.393143
0.662
0.662
0.403144
0.662
0.662
0.662
0.662
0.662
0.662
0.30596
0.0719486
0.193924
0.00872519
0.662
0.63977
0.662
0.662
0.662
0.662
0.0304802
0.662
0.0121798
0.662
0.207254
0.662
0.443345
0.662
0.126834
0.662
0.483982
0.662
0.36303
0.662
0.0103568
0.441269
0.662
0.662
0.662
0.662
0.662
0.662
0.402769
0.662
0.338795
0.662
0.193273
0.258127
0.662
0.662
0.0639715
0.662
0.311472
0.243877
0.662
0.662
0.662
0.662
0.662
0.662
0.452507
0.662
0.00735188
0.662
0.153995
0.662
0.662
0.198937
0.662
0.313121
0.662
0.010859
0.662
0.145139
0.662
0.446987
0.662
0.662
0.662
0.662
0.662
0.662
0.321453
0.662
0.183585
0.662
0.190685
0.662
0.662
0.46013
0.662
0.662
0.00767379
0.0156593
0.222624
0.383147
0.662
0.662
0.662
0.186533
0.0971312
0.0172498
0.167131
0.364822
0.207748
0.329956
0.662
0.662
0.662
0.662
0.0390957
0.662
0.662
0.662
0.389123
0.352371
0.662
0.12591
0.0330488
0.280951
0.662
0.662
0.235508
0.662
0.662
0.662
0.662
0.416758
0.662
0.0626879
0.402969
0.0653987
0.662
0.662
0.170743
0.177821
0.33899
0.662
0.662
0.662
0.662
0.351786
0.4445
0.662
0.215812
0.662
0.662
0.662
0.662
0.186675
0.662
0.662
0.662
0.465388
0.412651
0.233547
0.429632
0.0587651
0.662
0.662
0.588983
0.662
0.662
0.420298
0.662
0.662
0.399902
0.197171
0.662
0.662
0.662
0.425818
0.503618
0.662
0.297148
0.0882975
0.220885
0.662
0.662
0.662
0.662
0.662
0.380092
0.584463
0.481038
0.662
0.264175
0.662
0.662
0.662
0.662
0.347048
0.662
0.294888
0.662
0.296979
0.428747
0.125757
0.662
0.662
0.32326
0.31369
0.380488
0.272881
0.393564
0.662
0.0198381
0.124917
0.221374
0.0401515
0.662
0.295935
0.662
0.365779
0.0529772
0.662
0.662
0.121715
0.100947
0.662
0.662
0.662
0.0361075
0.662
0.315355
0.662
0.541911
0.00882834
0.158922
0.079722
0.662
0.662
0.233419
0.294923
0.662
0.106883
0.196534
0.302163
0.662
0.247657
0.662
0.252257
0.662
0.662
0.471852
0.662
0.456005
0.662
0.662
0.662
0.343062
0.662
0.179664
0.662
0.662
0.662
0.443374
0.481433
0.662
0.174173
0.662
0.662
0.306502
0.354823
0.662
0.124967
0.261469
0.0881361
0.662
0.662
0.493225
0.662
0.662
0.214634
0.31946
0.662
0.151345
0.178412
0.662
0.114103
0.662
0.145378
0.209489
0.662
0.543715
0.662
0.435951
0.662
0.662
0.662
0.51586
0.456586
0.662
0.392155
0.662
0.662
0.662
0.310154
0.662
0.21774
0.662
0.288141
0.662
0.325349
0.166309
0.662
0.662
0.198117
0.662
0.662
0.662
0.662
0.403461
0.11517
0.196806
0.662
0.0261022
0.662
0.662
0.662
0.662
0.605377
0.662
0.662
0.0958085
0.662
0.662
0.200108
0.662
0.0405781
0.662
0.662
0.662
0.662
0.435392
0.662
0.233245
0.0849398
0.589473
0.662
0.662
0.662
0.540266
0.471511
0.121294
0.662
0.182815
0.0102258
0.194568
0.662
0.61003
0.0301564
0.325342
0.274395
0.662
0.226093
0.662
0.453861
0.662
0.662
0.662
0.662
0.160512
0.662
0.662
0.662
0.252322
0.662
0.0657163
0.475528
0.662
0.0500541
0.164933
0.662
0.420123
0.114598
0.180373
0.662
0.284407
0.222456
0.662
0.274946
0.660691
0.146016
0.662
0.40873
0.304446
0.361067
0.248033
0.662
0.265709
0.662
0.662
0.390766
0.437222
0.534509
0.662
0.549848
0.662
0.662
0.0556326
0.662
0.662
0.662
0.0370778
0.662
0.0807218
0.185187
0.410075
0.662
0.107214
0.258604
0.179435
0.662
0.452497
0.662
0.662
0.235385
0.0399364
0.282137
0.317496
0.319317
0.662
0.662
0.662
0.294139
0.220427
0.0801605
0.662
0.0243824
0.662
0.00375237
0.662
0.662
0.662
0.662
0.662
0.266838
0.371193
0.217401
0.211254
0.662
0.277899
0.662
0.662
0.0929142
0.198732
0.662
0.304657
0.328186
0.662
0.114158
0.662
0.662
0.662
0.361605
0.398081
0.241457
0.662
0.251191
0.302532
0.290322
0.662
0.662
0.662
0.662
0.273717
0.662
0.377043
0.0366712
0.662
0.662
0.220987
0.324801
0.445028
0.271916
0.662
0.662
0.662
0.662
0.662
0.662
0.662
0.108244
0.190765
0.28172
0.662
0.662
0.0944629
0.280758
0.662
0.662
0.481953
0.308326
0.662
0.213846
0.0282044
0.486209
0.410457
0.379396
0.0878544
0.116548
0.0681957
0.346334
0.662
0.0111561
0.662
0.0697129
0.116075
0.662
0.662
0.662
0.461294
0.662
0.662
0.371994
0.155805
0.662
0.662
0.662
0.662
0.260747
0.264013
0.662
0.662
0.662
0.662
0.662
0.0844731
0.292899
0.662
0.662
0.662
0.0376323
0.662
0.662
0.462015
0.548619
0.662
0.383736
0.662
0.662
0.141713
0.662
0.0939352
0.662
0.662
0.662
0.239209
0.662
0.0628457
0.662
0.0836064
0.662
0.0488009
0.662
0.662
0.0873943
0.133573
0.662
0.114669
0.662
0.284822
0.662
0.317824
0.662
0.662
0.0259754
0.132307
0.156767
0.456122
0.305896
0.662
0.662
0.060045
0.342113
0.662
0.173362
0.0216223
0.176787
0.662
0.0238611
0.345462
0.662
0.662
0.662
0.662
0.662
0.248025
0.00678293
0.208076
0.0533869
0.0851669
0.482571
0.134787
0.250104
0.273144
0.32209
0.420287
0.508975
0.305357
0.110697
0.438975
0.662
0.195756
0.662
0.0390693
0.662
0.350974
0.568288
0.377954
0.437887
0.662
0.662
0.109211
0.662
0.139584
0.662
0.662
0.362488
0.409083
0.662
0.662
0.662
0.112791
0.662
0.0550457
0.662
0.458879
0.662
0.0723943
0.464638
0.662
0.0823248
0.662
0.662
0.270607
0.662
0.297223
0.23332
0.662
0.0785448
0.0413792
0.200451
0.418598
0.304431
0.662
0.047177
0.662
0.662
0.662
0.662
0.662
0.358098
0.662
0.662
0.662
0.0832411
0.0231498
0.467808
0.662
0.662
0.662
0.662
0.662
0.662
0.0585585
0.456971
0.198013
0.662
0.637705
0.396622
0.662
0.302466
0.0623859
0.120759
0.662
0.305325
0.662
0.28133
0.662
0.395135
0.422252
0.662
0.200178
0.662
0.400817
0.662
0.362322
0.213864
0.662
0.662
0.662
0.246922
0.388717
0.657371
0.345126
0.240019
0.470918
0.303208
0.662
0.662
0.396074
0.662
0.662
0.662
0.612383
0.11551
0.662
0.662
0.662
0.662
0.662
0.662
0.662
0.299424
0.0275222
0.662
0.662
0.420973
0.458534
0.362359
0.289977
0.662
0.460783
0.662
0.291537
0.107755
0.662
0.367378
0.32587
0.662
0.662
0.471958
0.662
0.662
0.662
0.116235
0.662
0.418912
0.131233
0.662
0.662
0.662
0.0492228
0.662
0.578
0.662
0.429443
0.127589
0.0754259
0.259423
0.245472
0.0509465
0.662
0.154692
0.253657
0.662
0.23708
0.662
0.662
0.662
0.662
0.0395026
0.0320166
0.471095
0.00623684
0.452242
0.662
0.285718
0.021588
0.662
0.662
0.295293
0.201827
0.662
0.662
0.189292
0.662
0.0620227
0.662
0.380077
0.662
0.348352
0.662
0.662
0.410212
0.263306
0.245466
0.318017
0.662
0.273288
0.0520896
0.155593
0.662
0.0901725
0.101586
0.0165787
0.0104704
0.196798
0.662
0.662
0.662
0.662
0.662
0.464021
0.662
0.662
0.662
0.662
0.429475
0.420223
0.662
0.576075
0.662
0.662
0.662
0.351477
0.406831
0.168176
0.267219
0.662
0.251563
0.370474
0.18124
0.0525564
0.183941
0.157134
0.265217
0.306579
0.113928
0.0602219
0.424975
0.662
0.181633
0.662
0.662
0.662
0.662
0.662
0.170245
0.662
0.159117
0.662
0.198034
0.0174014
0.254517
0.662
0.662
0.383963
0.662
0.169949
0.630139
0.662
0.42277
0.0620771
0.662
0.662
0.117052
0.445957
0.662
0.662
0.317659
0.662
0.662
0.457686
0.412639
0.662
0.612638
0.662
0.662
0.37926
0.662
0.662
0.593184
0.662
0.239699
0.662
0.0940751
0.662
0.662
0.662
0.326127
0.146656
0.662
0.662
0.185007
0.662
0.662
0.662
0.341052
0.314571
0.662
0.0976145
0.110457
