0.662
0.662
0.662
0.25262
0.266449
0.354993
0.192442
0.169796
0.313324
0.662
0.662
0.662
0.662
0.662
0.662
0.662
0.393579
0.662
0.257228
0.662
0.662
0.662
0.662
0.0371815
0.651069
0.662
0.662
0.662
0.662
0.260463
0.224614
0.406723
0.254577
0.435041
0.662
0.662
0.0296674
0.223986
0.364136
0.403825
0.413244
0.129417
0.135479
0.0455393
0.662
0.474094
0.662
0.134578
0.662
0.662
0.28918
0.0318938
0.280632
0.662
0.662
0.662
0.662
0.355864
0.395976
0.662
0.662
0.662
0.662
0.662
0.662
0.452756
0.662
0.273909
0.114953
0.255847
0.662
0.406132
0.662
0.662
0.472223
0.0348207
0.662
0.662
0.662
0.662
0.662
0.465302
0.662
0.662
0.662
0.200391
0.662
0.0287354
0.662
0.0739842
0.276108
0.662
0.662
0.662
0.264976
0.662
0.339987
0.662
0.662
0.0658797
0.662
0.662
0.396023
0.219327
0.662
0.662
0.299268
0.662
0.561793
0.662
0.4213
0.435616
0.662
0.259624
0.662
0.207323
0.29386
0.243281
0.662
0.174571
0.662
0.156984
0.662
0.594067
0.31052
0.662
0.423006
0.662
0.446709
0.324043
0.468513
0.662
0.662
0.093809
0.100619
0.662
0.662
0.476874
0.0698733
0.662
0.0112914
0.662
0.662
0.662
0.662
0.662
0.662
0.404333
0.353639
0.533727
0.662
0.367365
0.104493
0.662
0.662
0.49474
0.381355
0.662
0.662
0.662
0.166861
0.662
0.239207
0.662
0.211049
0.322851
0.418669
0.0210576
0.453421
0.321799
0.193139
0.334549
0.662
0.662
0.181529
0.36123
0.423859
0.364838
0.662
0.662
0.662
0.662
0.662
0.662
0.175088
0.450457
0.662
0.662
0.427484
0.662
0.662
0.153616
0.262089
0.0880554
0.662
0.662
0.292844
0.251915
0.662
0.0236313
0.0842782
0.662
0.101367
0.662
0.0182522
0.662
0.491761
0.662
0.662
0.662
0.662
0.476045
0.662
0.437876
0.417433
0.662
0.662
0.662
0.662
0.662
0.1352
0.662
0.662
0.0200997
0.29611
0.662
0.207597
0.0533408
0.0974897
0.472125
0.662
0.307679
0.662
0.662
0.0652119
0.662
0.662
0.662
0.662
0.662
0.25828
0.662
0.465356
0.662
0.366181
0.662
0.18576
0.662
0.106961
0.662
0.0751914
0.662
0.194036
0.662
0.288585
0.230668
0.662
0.662
0.251979
0.662
0.088892
0.222918
0.3279
0.662
0.478672
0.662
0.662
0.662
0.662
0.662
0.662
0.662
0.662
0.662
0.173388
0.662
0.662
0.225742
0.470706
0.662
0.662
0.199679
0.662
0.402384
0.0813544
0.053111
0.662
0.163895
0.0664042
0.662
0.353061
0.662
0.42259
0.372237
0.610318
0.662
0.301789
0.662
0.662
0.662
0.387314
0.373632
0.587426
0.662
0.662
0.662
0.446044
0.662
0.358735
0.43108
0.662
0.517297
0.279421
0.662
0.474805
0.221364
0.467963
0.376726
0.662
0.662
0.368848
0.662
0.0134327
0.389066
0.662
0.145626
0.662
0.62184
0.60691
0.370069
0.160626
0.301106
0.43085
0.662
0.662
0.662
0.090636
0.440699
0.544171
0.662
0.35776
0.662
0.0968218
0.662
0.160113
0.662
0.662
0.223903
0.662
0.0966004
0.662
0.662
0.662
0.452637
0.302746
0.185894
0.662
0.662
0.469118
0.662
0.426309
0.662
0.0387987
0.239656
0.662
0.662
0.326521
0.662
0.662
0.594153
0.262353
0.662
0.0866279
0.662
0.662
0.662
0.662
0.662
0.662
0.662
0.662
0.539122
0.261497
0.662
0.0283119
0.43851
0.439604
0.662
0.201796
0.200274
0.662
0.0307339
0.662
0.662
0.662
0.662
0.662
0.422425
0.132807
0.662
0.362134
0.662
0.476046
0.245989
0.662
0.403166
0.500583
0.412741
0.662
0.0708761
0.662
0.662
0.662
0.662
0.662
0.528115
0.646125
0.662
0.662
0.662
0.662
0.0304626
0.268074
0.662
0.662
0.662
0.662
0.662
0.662
0.662
0.662
0.0610355
0.662
0.662
0.662
0.662
0.662
0.662
0.662
0.217559
0.662
0.662
0.34469
0.249582
0.318179
0.662
0.268167
0.47938
0.271703
0.662
0.259912
0.235218
0.404439
0.18929
0.430233
0.0546078
0.22674
0.662
0.0264091
0.138926
0.314176
0.662
0.456521
0.662
0.662
0.270608
0.549155
0.420305
0.662
0.119659
0.662
0.369744
0.662
0.662
0.662
0.662
0.225121
0.142834
0.2963
0.662
0.662
0.391697
0.410403
0.634684
0.38648
0.662
0.662
0.662
0.49741
0.413935
0.662
0.662
0.22685
0.0903164
0.662
0.662
0.566965
0.332419
0.662
0.0515121
0.662
0.662
0.0477534
0.0940193
0.662
0.662
0.189373
0.662
0.206093
0.662
0.00306769
0.662
0.264518
0.309769
0.662
0.372339
0.442125
0.274452
0.447789
0.25764
0.662
0.341832
0.662
0.662
0.662
0.445427
0.122285
0.662
0.662
0.451887
0.662
0.21853
0.662
0.431544
0.142697
0.172505
0.0366687
0.662
0.662
0.247026
0.607493
0.50311
0.411554
0.0279873
0.662
0.12197
0.134126
0.662
0.662
0.662
0.201558
0.529205
0.0065132
0.0955227
0.662
0.662
0.662
0.662
0.313751
0.453196
0.662
0.662
0.415058
0.263024
0.662
0.662
0.662
0.662
0.59641
0.662
0.252363
0.662
0.107375
0.662
0.662
0.662
0.662
0.0872279
0.662
0.662
0.662
0.662
0.185325
0.0895922
0.662
0.498587
0.297192
0.662
0.0321304
0.468649
0.662
0.662
0.359178
0.662
0.662
0.662
0.236255
0.662
0.243457
0.453616
0.662
0.144558
0.662
0.662
0.260317
0.662
0.662
0.662
0.662
0.189788
0.662
0.433766
0.520828
0.662
0.662
0.662
0.662
0.075362
0.662
0.662
0.228585
0.662
0.198873
0.662
0.662
0.292048
0.0551499
0.662
0.317146
0.315675
0.434387
0.129645
0.662
0.56911
0.451536
0.368092
0.662
0.662
0.314689
0.662
0.662
0.662
0.0948217
0.413618
0.662
0.662
0.662
0.0777104
0.427205
0.177502
0.32224
0.398098
0.662
0.126844
0.662
0.0502723
0.394521
0.662
0.0630205
0.516469
0.224147
0.209525
0.662
0.218001
0.662
0.250996
0.662
0.662
0.662
0.104913
0.662
0.223942
0.0952522
0.0593231
0.0328593
0.662
0.662
0.662
0.662
0.662
0.662
0.441112
0.337888
0.468931
0.217395
0.399116
0.662
0.0945888
0.24794
0.662
0.52339
0.662
0.662
0.096699
0.662
0.122692
0.662
0.662
0.662
0.662
0.0803267
0.662
0.426647
0.662
0.662
0.662
0.210427
0.236431
0.662
0.662
0.0342969
0.0109416
0.662
0.172281
0.662
0.471433
0.662
0.255623
0.662
0.357726
0.219753
0.662
0.313903
0.0364009
0.662
0.0531715
0.359568
0.662
0.662
0.662
0.662
0.000816979
0.662
0.0498042
0.11367
0.387264
0.213151
0.662
0.662
0.0770215
0.247392
0.662
0.662
0.421747
0.662
0.409361
0.162786
0.662
0.662
0.662
0.211999
0.0131025
0.318613
0.662
0.662
0.357628
0.662
0.662
0.662
0.662
0.379343
0.151687
0.662
0.0574762
0.662
0.0282566
0.245189
0.662
0.662
0.599474
0.00362282
0.34347
0.426534
0.0124293
0.662
0.662
0.482948
0.662
0.662
0.662
0.126836
0.158896
0.662
0.662
0.403531
0.180023
0.0328135
0.662
0.662
0.307879
0.450993
0.077643
0.662
0.662
0.662
0.662
0.457909
0.465263
0.00635322
0.662
0.662
0.335994
0.662
0.662
0.662
0.662
0.346612
0.0278496
0.431811
0.316931
0.662
0.662
0.662
0.238026
0.132248
0.409054
0.662
0.662
0.662
0.0625971
0.293008
0.662
0.288163
0.662
0.662
0.34858
0.662
0.0962037
0.209294
0.662
0.0344075
0.662
0.252727
0.362104
0.662
0.490608
0.662
0.310723
0.366172
0.0600948
0.438488
0.182769
0.662
0.662
0.18437
0.159488
0.222806
0.272666
0.662
0.155044
0.394765
0.662
0.662
0.418125
0.662
0.5992
0.152032
0.662
0.662
0.127475
0.161293
0.388719
0.662
0.662
0.662
0.662
0.220503
0.662
0.662
0.662
0.415371
0.662
0.662
0.662
0.0694356
0.662
0.662
0.662
0.662
0.662
0.145376
0.662
0.393545
0.469797
0.662
0.367723
0.662
0.662
0.0890065
0.0766444
0.662
0.457125
0.662
0.662
0.662
0.271163
0.415332
0.662
0.662
0.662
0.0104567
0.580503
0.0570277
0.310365
0.523675
0.662
0.662
0.117494
0.417635
0.166302
0.662
0.662
0.662
0.662
0.257138
0.662
0.148629
0.0309762
0.662
0.285341
0.231387
0.237052
0.298232
0.187928
0.440648
0.662
0.317648
0.464319
0.35043
0.662
0.353757
0.209115
0.251354
0.662
0.662
0.662
0.370757
0.662
0.662
0.458003
0.662
0.662
0.662
0.662
0.220255
0.377587
0.662
0.141973
0.498188
0.662
0.662
0.493022
0.278723
0.428722
0.662
0.194641
0.662
0.153947
0.42663
0.662
0.662
0.457944
0.0376319
0.662
0.498392
0.662
0.662
0.662
0.662
0.424097
0.662
0.662
0.662
0.662
0.321165
0.452798
0.662
0.662
0.189829
0.662
0.610281
0.310307
0.421531
0.662
0.232427
0.386662
0.662
0.349421
0.264996
0.662
0.0879388
0.34626
0.662
0.662
0.270776
0.662
0.187194
0.662
0.662
0.0789762
0.467801
0.662
0.461489
0.662
0.662
0.662
0.0633353
0.531724
0.469885
0.421865
0.234469
0.267305
0.662
0.662
0.662
0.662
0.662
0.662
0.662
0.192547
0.662
0.662
0.315221
0.153856
0.278534
0.418168
0.261284
0.662
0.662
0.151354
0.662
0.152111
0.662
0.662
0.662
0.630433
0.401396
0.662
0.662
0.277839
0.427688
0.231475
0.385556
0.381808
0.397642
0.404792
0.662
0.662
0.00662974
0.362128
0.662
0.662
0.662
0.662
0.662
0.662
0.393554
0.18858
0.662
0.662
0.662
0.662
0.662
0.662
0.198229
0.126773
0.337383
0.200269
0.340332
0.662
0.19308
0.662
0.662
0.473918
0.662
0.662
0.662
0.662
0.662
0.0166243
0.662
0.560743
0.484389
0.662
0.662
0.113199
0.263163
0.662
0.048365
0.662
0.539528
0.212243
0.117526
0.662
0.662
0.269031
0.662
0.662
0.662
0.0208228
0.0932094
0.662
0.662
0.34361
0.662
0.662
0.492597
0.662
0.411211
0.662
0.103419
0.662
0.467475
0.400822
0.458806
0.662
0.155321
0.662
0.662
0.355046
0.308831
0.662
0.377273
0.662
0.464191
0.506888
0.42835
0.145881
0.215865
0.662
0.662
0.18164
0.662
0.475744
0.662
0.407964
0.493154
0.662
0.483784
0.520257
0.113795
0.50936
0.361597
0.599011
0.486113
0.662
0.16407
0.662
0.662
0.662
0.662
0.662
0.418454
0.0968087
0.662
0.662
0.611211
0.662
0.366649
0.662
0.662
0.662
0.662
0.662
0.662
0.662
0.662
0.475074
0.662
0.23615
0.0656552
0.662
0.204578
0.369104
0.662
0.345686
0.376979
0.190772
0.201541
0.662
0.259966
0.662
0.132969
0.369622
0.0281127
0.662
0.662
0.320182
0.343148
0.194157
0.662
0.662
0.662
0.662
0.00434284
0.662
0.303495
0.0803351
0.488458
0.255824
0.662
0.374103
0.662
0.662
0.343843
0.383639
0.662
0.445709
0.662
0.141569
0.662
0.662
0.190565
0.662
0.662
0.662
0.419732
0.662
0.662
0.0946656
0.369229
0.662
0.662
0.662
0.138977
0.0485431
0.526474
0.226233
0.253489
0.365667
0.662
0.662
0.381449
0.662
0.662
0.662
0.662
0.116401
0.662
0.24795
0.662
0.662
0.662
0.00731597
0.662
0.662
0.662
0.468244
0.39471
0.662
0.505233
0.662
0.662
0.27364
0.662
0.262068
0.00913811
0.662
0.180745
0.662
0.153457
0.662
0.240654
0.381823
0.63339
0.287807
0.0613282
0.662
0.431559
0.662
0.0618826
0.662
0.662
0.662
0.175732
0.058306
0.349499
0.391423
0.659414
0.662
0.662
0.305128
0.212116
0.335665
0.662
0.662
0.662
0.662
0.000608773
0.204199
0.170545
0.662
0.662
0.662
0.276781
0.662
0.444971
0.662
0.304111
0.219362
0.662
0.662
0.662
0.485769
0.662
0.662
0.662
0.532166
0.662
0.662
0.662
0.662
0.662
0.662
0.323092
0.662
0.662
0.662
0.662
0.233285
0.195384
0.0641378
0.0647414
0.662
0.662
0.182579
0.193732
0.662
0.0406403
0.662
0.239123
0.662
0.327952
0.662
0.662
0.662
0.132039
0.662
0.44131
0.609745
0.662
0.662
0.0543245
0.304279
0.111098
0.4235
0.662
0.340837
0.349886
0.662
0.591541
0.255454
0.662
0.105038
0.127619
0.662
0.662
0.662
0.662
0.175295
0.429793
0.484155
0.662
0.662
0.104392
0.387251
0.183501
0.137667
0.270622
0.398014
0.268396
0.662
0.190978
0.345576
0.372003
0.00573247
0.134066
0.232375
0.526583
0.0231918
0.662
0.211975
0.662
0.0159836
0.137741
0.0144809
0.662
0.662
0.421278
0.662
0.662
0.375425
0.662
0.662
0.662
0.271748
0.245002
0.100183
0.662
0.662
0.662
0.196543
0.153343
0.662
0.662
0.471967
0.48764
0.258905
0.333507
0.662
0.284183
0.110317
0.350464
0.662
0.662
0.132774
0.201377
0.662
0.318753
0.662
0.198833
0.269165
0.367749
0.662
0.662
0.662
0.0243013
0.249241
0.662
0.662
0.662
0.662
0.446836
0.662
0.439292
0.0698994
0.108436
0.585258
0.203839
0.442604
0.662
0.37191
0.119737
0.146499
0.662
0.662
0.343347
0.330614
0.31034
0.135153
0.182367
0.0600288
0.3505
0.662
0.662
0.662
0.161272
0.0205648
0.114121
0.234884
0.662
0.662
0.662
0.338221
0.194108
0.468216
0.662
0.387284
0.662
0.119991
0.662
0.194484
0.224379
0.662
0.662
0.662
0.662
0.662
0.403874
0.662
0.394861
0.662
0.662
0.513524
0.0326059
0.662
0.662
0.662
0.454771
0.116381
0.0610521
0.662
0.662
0.662
0.122921
0.327152
0.00751225
0.170753
0.662
0.320829
0.609993
0.0155219
0.662
0.187739
0.547831
0.304146
0.362501
0.269681
0.327144
0.662
0.124962
0.459288
0.662
0.662
0.10479
0.176559
0.662
0.18493
0.0252189
0.662
0.662
0.662
0.186414
0.353982
0.25082
0.662
0.21259
0.662
0.662
0.201417
0.662
0.132966
0.662
0.662
0.662
0.136368
0.662
0.662
0.343992
0.530088
0.141719
0.662
0.364865
0.662
0.305344
0.418387
0.662
0.273533
0.158369
0.662
0.662
0.662
0.662
0.479924
0.185815
0.36183
0.473814
0.662
0.463679
0.662
0.662
0.125353
0.662
0.342631
0.0481324
0.437974
0.662
0.459093
0.662
0.285252
0.662
0.352862
0.031857
0.279268
0.662
0.662
0.324445
0.662
0.662
0.662
0.662
0.0700781
0.662
0.121901
0.575191
0.662
0.437819
0.190016
0.662
0.662
0.172034
0.662
0.662
0.662
0.15591
0.0208516
0.662
0.662
0.662
0.230723
0.222181
0.662
0.662
0.662
0.662
0.662
0.407628
0.662
0.414197
0.124042
0.662
0.662
0.662
0.662
0.047082
0.662
0.169624
0.252005
0.43815
0.170097
0.368212
0.662
0.662
0.232004
0.662
0.662
0.662
0.662
0.662
0.662
0.337136
0.0871775
0.662
0.29908
0.662
0.662
0.336959
0.662
0.662
0.0255066
0.662
0.0173264
0.662
0.662
0.662
0.662
0.399818
0.160525
0.662
0.105981
0.357873
0.161129
0.221817
0.662
0.662
0.662
0.662
0.317165
0.662
0.0131591
0.522278
0.662
0.219394
0.484043
0.169403
0.662
0.456965
0.662
0.377463
0.662
0.662
0.555337
0.662
0.662
0.102897
0.275296
0.662
0.355839
0.426128
0.662
