0.662
0.0352929
0.662
0.662
0.450706
0.203353
0.0333983
0.662
0.164173
0.662
0.0137852
0.273068
0.0970061
0.662
0.355458
0.517519
0.662
0.446028
0.662
0.252513
0.662
0.662
0.0155809
0.662
0.0514711
0.662
0.0310221
0.430162
0.662
0.662
0.662
0.262274
0.662
0.662
0.435667
0.662
0.662
0.526669
0.0293931
0.662
0.662
0.158543
0.105491
0.662
0.662
0.0505085
0.662
0.662
0.662
0.254725
0.662
0.662
0.261146
0.662
0.378705
0.662
0.39272
0.357185
0.662
0.0963997
0.243155
0.662
0.647949
0.662
0.662
0.662
0.151836
0.662
0.131807
0.408509
0.662
0.633979
0.662
0.662
0.230198
0.10832
0.232731
0.335536
0.369956
0.662
0.0351038
0.270004
0.106082
0.662
0.662
0.662
0.662
0.662
0.334852
0.662
0.662
0.365333
0.662
0.662
0.662
0.50615
0.662
0.662
0.662
0.465393
0.662
0.107137
0.662
0.662
0.662
0.279543
0.368039
0.662
0.194528
0.662
0.533882
0.662
0.662
0.662
0.452187
0.662
0.662
0.662
0.382478
0.662
0.144434
0.266361
0.404676
0.362664
0.662
0.662
0.0220421
0.0601959
0.662
0.450961
0.662
0.662
0.662
0.662
0.662
0.662
0.662
0.10594
0.30702
0.313034
0.662
0.336379
0.224627
0.662
0.662
0.180521
0.662
0.662
0.264024
0.280958
0.662
0.373215
0.662
0.156866
0.566801
0.662
0.662
0.662
0.265356
0.206297
0.0663772
0.662
0.662
0.662
0.662
0.154494
0.662
0.662
0.569737
0.662
0.662
0.662
0.268932
0.662
0.393312
0.360899
0.113976
0.662
0.57582
0.662
0.221782
0.321924
0.348562
0.662
0.662
0.662
0.448777
0.239289
0.662
0.662
0.120611
0.662
0.662
0.0166517
0.662
0.0822037
0.443237
0.662
0.662
0.103897
0.441897
0.662
0.380686
0.662
0.0194895
0.662
0.662
0.662
0.371348
0.371014
0.662
0.662
0.662
0.255002
0.662
0.662
0.0251509
0.662
0.662
0.662
0.12235
0.214453
0.224147
0.237768
0.662
0.408867
0.662
0.662
0.0215974
0.662
0.100049
0.662
0.662
0.662
0.662
0.662
0.662
0.0469254
0.55564
0.662
0.662
0.191907
0.159027
0.662
0.0912873
0.309895
0.0855354
0.317052
0.662
0.357699
0.662
0.662
0.482655
0.128884
0.410414
0.662
0.662
0.662
0.662
0.662
0.559553
0.662
0.662
0.662
0.294343
0.0862285
0.436824
0.129458
0.662
0.662
0.116135
0.00558804
0.440975
0.662
0.662
0.39111
0.662
0.662
0.458143
0.662
0.617311
0.662
0.662
0.206926
0.662
0.662
0.284768
0.662
0.662
0.662
0.662
0.45184
0.146766
0.016003
0.22118
0.142768
0.662
0.236068
0.324719
0.302421
0.069586
0.662
0.662
0.168866
0.662
0.662
0.662
0.216051
0.662
0.00826877
0.227863
0.662
0.231366
0.576719
0.166887
0.662
0.465166
0.387534
0.662
0.662
0.662
0.662
0.362338
0.662
0.662
0.19335
0.282645
0.290974
0.662
0.662
0.261062
0.473337
0.0175911
0.052842
0.662
0.234262
0.22898
0.464349
0.410153
0.662
0.372593
0.662
0.662
0.541442
0.460834
0.662
0.208879
0.0830957
0.237618
0.662
0.240713
0.662
0.662
0.662
0.662
0.45847
0.222081
0.662
0.662
0.319028
0.662
0.097377
0.459542
0.378966
0.391077
0.662
0.662
0.0407055
0.662
0.449978
0.662
0.662
0.662
0.275996
0.662
0.317202
0.240416
0.038919
0.148241
0.662
0.199804
0.662
0.220754
0.662
0.662
0.662
0.0248957
0.323721
0.236687
0.504562
0.448902
0.662
0.662
0.662
0.429722
0.0723166
0.662
0.662
0.421016
0.449013
0.105872
0.662
0.662
0.437209
0.119488
0.662
0.662
0.662
0.662
0.108314
0.662
0.662
0.0634701
0.662
0.662
0.662
0.0259052
0.662
0.662
0.329095
0.0743413
0.359879
0.0709475
0.662
0.156688
0.662
0.662
0.662
0.662
0.362256
0.662
0.662
0.205459
0.662
0.166012
0.662
0.330784
0.662
0.308902
0.319216
0.148964
0.0276118
0.662
0.662
0.662
0.140906
0.662
0.417284
0.662
0.662
0.662
0.662
0.662
0.662
0.195857
0.662
0.662
0.28489
0.662
0.3475
0.285134
0.303779
0.662
0.662
0.662
0.662
0.662
0.212154
0.214125
0.662
0.200574
0.662
0.662
0.0231692
0.662
0.246205
0.407636
0.662
0.379971
0.662
0.662
0.0198678
0.662
0.662
0.662
0.662
0.662
0.662
0.265733
0.417783
0.662
0.0832559
0.390095
0.662
0.662
0.662
0.339535
0.214028
0.662
0.0292425
0.4838
0.662
0.662
0.662
0.450598
0.196626
0.350783
0.662
0.0163533
0.662
0.662
0.392355
0.662
0.428754
0.662
0.448804
0.662
0.168169
0.662
0.392348
0.196715
0.335926
0.429122
0.343773
0.281983
0.662
0.662
0.662
0.662
0.662
0.282881
0.452562
0.662
0.346182
0.505471
0.305961
0.0970273
0.117855
0.662
0.662
0.662
0.662
0.662
0.662
0.261436
0.192674
0.662
0.050829
0.662
0.0704559
0.328562
0.271271
0.284283
0.662
0.0933788
0.342288
0.662
0.662
0.150264
0.47686
0.231159
0.459952
0.662
0.216369
0.662
0.662
0.140365
0.662
0.662
0.0901783
0.163135
0.662
0.563042
0.662
0.662
0.662
0.411037
0.662
0.662
0.290184
0.205521
0.500631
0.0066224
0.0369389
0.662
0.662
0.598463
0.662
0.202723
0.60169
0.161395
0.662
0.662
0.662
0.169113
0.662
0.662
0.300772
0.438809
0.662
0.662
0.54503
0.052336
0.196209
0.00224871
0.218035
0.662
0.0414977
0.334865
0.462729
0.364929
0.662
0.301829
0.14604
0.519987
0.662
0.662
0.662
0.662
0.662
0.0996702
0.0945943
0.109048
0.11328
0.225391
0.662
0.662
0.177075
0.662
0.185801
0.662
0.662
0.662
0.454705
0.662
0.662
0.00521806
0.662
0.662
0.284418
0.114937
0.112979
0.662
0.422047
0.341922
0.388714
0.662
0.45871
0.662
0.424233
0.662
0.662
0.174045
0.013954
0.662
0.662
0.662
0.662
0.214908
0.662
0.662
0.173409
0.13621
0.662
0.302158
0.662
0.393961
0.0976331
0.633694
0.662
0.409685
0.662
0.662
0.375713
0.662
0.662
0.662
0.188663
0.662
0.286057
0.662
0.662
0.203408
0.346771
0.662
0.151852
0.662
0.662
0.360552
0.662
0.32669
0.662
0.213683
0.301428
0.662
0.63339
0.283115
0.340011
0.662
0.662
0.662
0.396928
0.048865
0.335865
0.183731
0.195146
0.662
0.526931
0.662
0.662
0.662
0.370953
0.0223303
0.539479
0.214186
0.662
0.293025
0.473353
0.662
0.662
0.662
0.246335
0.48452
0.662
0.174123
0.307993
0.662
0.662
0.662
0.119702
0.0919936
0.419384
0.517024
0.662
0.250434
0.662
0.119519
0.56383
0.662
0.662
0.662
0.327708
0.662
0.662
0.275861
0.662
0.662
0.115442
0.409368
0.311366
0.230533
0.586549
0.662
0.662
0.0552848
0.662
0.662
0.571379
0.662
0.475594
0.149466
0.662
0.328479
0.662
0.662
0.662
0.196376
0.185976
0.101881
0.187463
0.662
0.662
0.180168
0.203215
0.290692
0.662
0.662
0.333486
0.662
0.662
0.35327
0.662
0.260386
0.662
0.662
0.662
0.662
0.662
0.276266
0.373895
0.662
0.651487
0.0021215
0.662
0.506865
0.662
0.220201
0.165674
0.311172
0.265428
0.155665
0.662
0.364853
0.662
0.662
0.647436
0.662
0.662
0.662
0.662
0.662
0.662
0.275172
0.662
0.662
0.463135
0.662
0.603783
0.662
0.662
0.497736
0.662
0.662
0.250645
0.662
0.662
0.662
0.662
0.662
0.12272
0.354146
0.662
0.662
0.193811
0.662
0.662
0.0733345
0.392169
0.427429
0.32545
0.243081
0.496578
0.283906
0.662
0.10798
0.199032
0.662
0.179056
0.411088
0.662
0.662
0.662
0.411463
0.0863547
0.419874
0.414167
0.280058
0.638502
0.662
0.082994
0.662
0.197365
0.256905
0.662
0.249681
0.0970804
0.177363
0.166832
0.242765
0.662
0.220086
0.662
0.662
0.662
0.662
0.295243
0.662
0.137741
0.662
0.373598
0.662
0.143605
0.393817
0.662
0.662
0.662
0.662
0.585418
0.388761
0.662
0.662
0.662
0.47342
0.662
0.662
0.662
0.189762
0.23031
0.602931
0.392898
0.125283
0.175661
0.338761
0.0268775
0.662
0.662
0.662
0.662
0.662
0.206686
0.662
0.544632
0.662
0.131193
0.416631
0.662
0.233416
0.361969
0.225788
0.0395712
0.662
0.662
0.460944
0.46451
0.662
0.00882188
0.662
0.662
0.662
0.662
0.662
0.0410899
0.380137
0.662
0.263432
0.662
0.662
0.662
0.662
0.113357
0.429431
0.298908
0.0951376
0.390351
0.662
0.662
0.58385
0.662
0.40208
0.662
0.662
0.662
0.407083
0.451043
0.181515
0.662
0.227154
0.662
0.662
0.662
0.0804499
0.400806
0.662
0.662
0.662
0.662
0.662
0.428376
0.662
0.38734
0.25264
0.530197
0.662
0.468208
0.464971
0.662
0.662
0.405815
0.662
0.328781
0.236829
0.662
0.391389
0.299336
0.662
0.0551247
0.662
0.662
0.662
0.662
0.662
0.393489
0.662
0.662
0.662
0.662
0.375648
0.0942885
0.49724
0.662
0.662
0.463471
0.662
0.662
0.662
0.59262
0.662
0.181982
0.245606
0.343238
0.662
0.662
0.662
0.662
0.0893476
0.662
0.662
0.662
0.662
0.474819
0.662
0.266698
0.040712
0.154288
0.662
0.433352
0.446449
0.346821
0.662
0.468982
0.662
0.662
0.28155
0.662
0.662
0.662
0.662
0.260357
0.403622
0.662
0.222962
0.662
0.662
0.662
0.296689
0.43319
0.446422
0.451579
0.0930886
0.222858
0.662
0.662
0.662
0.613287
0.662
0.2464
0.298201
0.662
0.662
0.662
0.662
0.662
0.179508
0.411729
0.662
0.662
0.662
0.203514
0.507564
0.273347
0.0136798
0.0476416
0.662
0.662
0.662
0.662
0.0153163
0.662
0.324033
0.662
0.662
0.360879
0.662
0.662
0.338753
0.662
0.662
0.351032
0.662
0.423941
0.662
0.26447
0.662
0.0183628
0.381059
0.27409
0.418733
0.662
0.417013
0.418817
0.431801
0.412035
0.468066
0.249473
0.662
0.662
0.662
0.169708
0.662
0.662
0.662
0.371475
0.10942
0.662
0.00712173
0.0800791
0.372826
0.662
0.010193
0.103624
0.139083
0.37487
0.189463
0.63339
0.662
0.662
0.662
0.662
0.662
0.356405
0.430511
0.0498531
0.30681
0.131847
0.662
0.662
0.662
0.662
0.405584
0.662
0.373746
0.662
0.644526
0.662
0.19129
0.662
0.379157
0.662
0.021676
0.662
0.0544742
0.662
0.662
0.662
0.645894
0.662
0.662
0.324032
0.56663
0.435074
0.662
0.293562
0.662
0.662
0.662
0.662
0.418807
0.171855
0.662
0.313367
0.0536285
0.420026
0.662
0.662
0.662
0.0579768
0.0143439
0.662
0.547608
0.662
0.662
0.662
0.662
0.253567
0.662
0.63049
0.662
0.114147
0.662
0.662
0.0160959
0.396023
0.177278
0.545568
0.662
0.662
0.454818
0.662
0.0309847
0.138865
0.662
0.662
0.347442
0.662
0.228129
0.199673
0.662
0.662
0.206815
0.023202
0.662
0.662
0.482687
0.147474
0.102688
0.325094
0.662
0.207706
0.662
0.662
0.662
0.662
0.662
0.662
0.662
0.662
0.662
0.662
0.222457
0.0266114
0.662
0.662
0.662
0.232045
0.662
0.662
0.223134
0.446872
0.662
0.221337
0.337182
0.662
0.437431
0.662
0.15925
0.159225
0.662
0.562224
0.00291996
0.205075
0.0772871
0.339999
0.662
0.0494211
0.662
0.0979442
0.535033
0.439453
0.662
0.662
0.297697
0.662
0.385914
0.662
0.0992926
0.662
0.135462
0.487504
0.146289
0.353904
0.385007
0.662
0.662
0.153242
0.662
0.662
0.662
0.662
0.662
0.662
0.263657
0.662
0.662
0.662
0.662
0.662
0.662
0.662
0.188875
0.662
0.115891
0.662
0.662
0.20112
0.283351
0.662
0.4134
0.662
0.662
0.662
0.662
0.436867
0.509481
0.662
0.662
0.662
0.662
0.0759259
0.0879804
0.662
0.662
0.416439
0.203261
0.221019
0.273896
0.172025
0.328189
0.199872
0.662
0.662
0.662
0.662
0.662
0.434685
0.527324
0.662
0.662
0.507607
0.662
0.662
0.662
0.662
0.315106
0.363277
0.161623
0.662
0.0963459
0.662
0.564542
0.234272
0.406794
0.662
0.662
0.662
0.402849
0.662
0.662
0.473459
0.197633
0.0727704
0.431888
0.2072
0.662
0.474418
0.662
0.662
0.662
0.662
0.156834
0.398948
0.662
0.662
0.389369
0.662
0.0832867
0.662
0.662
0.0398615
0.662
0.662
0.0318291
0.662
0.662
0.116767
0.127454
0.433972
0.662
0.662
0.662
0.20335
0.128971
0.662
0.662
0.662
0.0896533
0.662
0.0514962
0.662
0.662
0.229045
0.327282
0.662
0.662
0.662
0.662
0.662
0.662
0.662
0.662
0.632529
0.662
0.662
0.662
0.662
0.0822983
0.338683
0.271317
0.662
0.662
0.662
0.269285
0.662
0.662
0.476896
0.662
0.169827
0.486615
0.11118
0.300643
0.662
0.662
0.432806
0.662
0.332381
0.662
0.662
0.161667
0.662
0.318953
0.662
0.0512058
0.662
0.0342741
0.662
0.662
0.662
0.662
0.0466032
0.662
0.320585
0.0836878
0.36731
0.662
0.662
0.159994
0.662
0.662
0.662
0.662
0.662
0.662
0.047178
0.399969
0.662
0.257001
0.57945
0.0380876
0.662
0.0281385
0.662
0.662
0.662
0.318025
0.361711
0.515419
0.662
0.404042
0.662
0.662
0.662
0.0789933
0.151796
0.14659
0.349015
0.662
0.662
0.590813
0.099446
0.386766
0.353269
0.456688
0.279251
0.281659
0.0608438
0.662
0.662
0.662
0.662
0.344434
0.662
0.308121
0.332655
0.160831
0.322575
0.349232
0.662
0.662
0.440908
0.00696848
0.662
0.662
0.308251
0.00538569
0.210925
0.662
0.662
0.355415
0.244781
0.427956
0.315497
0.23344
0.662
0.429159
0.412776
0.422782
0.662
0.662
0.302079
0.129266
0.662
0.662
0.662
0.662
0.662
0.662
0.0428805
0.662
0.662
0.662
0.166335
0.0820961
0.475237
0.662
0.102429
0.101236
0.527603
0.662
0.662
0.662
0.304559
0.307464
0.662
0.662
0.211578
0.662
0.144985
0.662
0.662
0.461266
0.447011
0.381427
0.662
0.322735
0.211333
0.662
0.662
0.662
0.662
0.402684
0.162122
0.662
0.314277
0.47373
0.662
0.269608
0.662
0.662
0.662
0.662
0.239644
0.662
0.194045
0.662
0.662
0.662
0.470201
0.493913
0.396284
0.0545621
0.662
0.662
0.662
0.22681
0.0855323
0.236171
0.149897
0.31891
0.373417
0.662
0.662
0.0991892
0.283638
0.435479
0.12343
0.193746
0.662
0.662
0.273748
0.250717
0.0322193
0.596522
0.289795
0.662
0.0997325
0.352465
0.662
0.444145
0.33867
0.662
0.662
0.662
0.204192
0.662
0.00580229
0.662
0.662
0.662
0.357188
0.662
0.177357
0.662
0.154894
0.431593
0.662
0.382365
0.662
0.189459
0.662
0.662
0.662
0.662
0.662
0.662
0.662
0.432551
0.662
0.39353
0.467302
0.662
0.222291
0.662
0.426312
0.662
0.18576
0.662
0.662
0.229441
0.0820089
0.224965
0.662
0.662
0.0235288
0.662
0.662
0.662
0.662
0.662
0.190312
0.0926703
0.30842
0.490403
0.019173
0.00311215
0.662
0.662
0.0219176
0.388607
0.239703
0.662
0.662
0.3102
0.425252
0.0599352
0.108068
0.279925
0.430829
0.0065591
0.151732
0.355463
0.662
0.0212034
0.447292
0.662
0.662
0.662
0.360308
0.662
0.0984685
0.463628
0.662
0.323596
0.662
0.662
0.138737
0.233158
0.662
0.662
0.162131
0.662
0.584087
0.662
0.662
0.293813
0.662
0.662
0.662
0.662
0.662
0.514453
0.570737
0.662
0.662
0.256683
0.431679
0.274299
0.0192675
0.662
0.662
0.662
0.294992
0.662
0.662
0.662
0.662
0.0906168
0.662
0.283499
0.151408
0.662
0.326783
0.662
0.123898
0.662
0.274805
0.438327
0.297662
0.662
0.193766
0.486264
0.662
0.445245
0.662
0.38001
0.662
0.662
0.239586
0.311636
0.370395
0.533659
0.202882
0.435827
0.638604
0.32493
0.662
0.662
0.662
0.215939
0.542209
0.662
0.662
0.194667
0.662
0.662
0.107914
0.662
0.662
0.309523
0.662
0.184963
0.310477
0.21871
0.0373366
0.45645
0.662
0.662
0.197553
0.662
0.15279
0.633694
0.0105464
0.439357
0.440506
0.662
0.662
0.662
0.662
0.311295
0.662
0.662
0.662
0.439293
0.0439148
0.366979
0.18397
0.662
0.358
0.241146
0.662
0.229278
0.662
0.436565
0.662
0.415521
0.133033
0.662
0.424394
0.662
0.572591
0.662
0.430558
0.662
0.662
0.0262026
0.36094
0.459759
0.662
0.662
0.662
0.278745
0.662
0.374015
0.370057
0.662
0.662
0.0926697
0.662
0.662
0.662
0.216686
0.662
0.662
0.662
0.468639
0.290331
0.463202
0.662
0.161041
0.363684
0.662
0.662
0.446261
0.417106
0.662
0.00112874
0.662
0.662
0.662
0.662
0.447859
0.662
0.662
0.662
0.662
0.206045
0.662
0.45553
0.339669
0.662
0.423556
0.0785281
0.417005
0.0132932
0.2241
0.662
0.112224
0.662
0.662
0.662
0.662
0.662
0.662
0.662
0.662
0.217386
0.662
0.332075
0.314821
0.248658
0.662
0.662
0.662
0.662
0.662
0.662
0.255024
0.384936
0.0654102
0.662
0.459388
0.662
0.662
0.084599
0.662
0.662
0.24407
0.603548
0.662
0.662
0.662
0.662
0.662
0.662
0.424633
0.400813
0.662
0.582693
0.662
0.662
0.0772662
0.662
0.230717
0.347508
0.662
0.127047
0.662
0.212709
0.0175523
0.262687
0.0243984
0.662
0.662
0.442018
0.470209
0.662
0.169793
0.662
0.662
0.215678
0.409812
0.191697
0.662
0.662
0.662
0.662
0.662
0.465425
0.662
0.662
0.157093
0.662
0.662
0.187147
0.247474
0.662
0.662
0.357182
0.662
0.662
0.662
0.662
0.311636
0.662
0.105013
0.662
0.662
0.662
0.416127
0.662
0.22688
0.662
0.313252
0.662
0.335068
0.0964722
0.114016
0.662
0.662
0.4955
0.189938
0.153374
0.662
0.410679
0.662
0.662
0.662
0.662
0.317182
0.142399
0.662
0.267443
0.0729373
0.179481
0.239403
0.394422
0.331713
0.662
0.662
0.00373903
0.662
0.41521
0.353197
0.141479
0.662
0.322413
0.631757
0.484862
0.662
0.662
0.100161
0.662
0.38544
0.402227
0.662
0.662
0.00144031
0.662
0.30741
0.662
0.662
0.306374
0.662
0.662
0.662
0.255647
0.662
0.662
0.0464936
0.198566
0.662
0.662
0.662
0.662
0.22968
0.560229
0.662
0.297193
0.662
0.662
0.208434
0.662
0.662
0.254538
0.0542643
0.28204
0.662
0.0839215
0.662
0.208402
0.305203
0.294011
0.662
0.205582
0.597582
0.662
0.662
0.324249
0.276684
0.662
0.0879849
0.662
0.662
0.662
0.662
0.662
0.054537
0.662
0.662
0.662
0.142434
0.662
0.388124
0.404207
0.179261
0.265245
0.23138
0.228883
0.662
0.162145
0.662
0.386569
0.662
0.432136
0.662
0.662
0.662
0.662
0.662
0.011593
0.662
0.111964
0.0238522
0.662
0.0473622
0.280633
0.662
0.662
0.662
0.662
0.662
0.662
0.662
0.662
0.662
0.662
0.026513
0.662
0.380622
0.224935
0.662
0.662
0.217037
0.662
0.662
0.449948
0.662
0.0348414
0.278949
0.662
0.194243
0.662
0.483866
0.662
0.662
0.173964
0.662
0.422189
0.662
0.662
0.662
0.662
0.16744
0.20261
0.662
0.662
0.453643
0.662
0.407198
0.250604
0.662
0.152893
0.56223
0.138259
0.662
0.662
0.189496
0.662
0.662
0.38443
0.24556
0.394483
0.0698771
0.662
0.662
0.0398934
0.0790464
0.662
0.428774
0.0894604
0.0496488
0.396741
0.662
0.662
0.662
0.662
0.597531
0.662
0.662
0.0639812
0.662
0.244342
0.292405
0.662
0.0152691
0.662
0.662
0.419327
0.450685
0.662
0.238283
0.32832
0.662
0.333393
0.458762
0.662
0.662
0.276728
0.226684
0.180404
0.662
0.388171
0.662
0.38089
0.146608
0.185745
0.662
0.477826
0.291186
0.310528
0.662
0.19669
0.473861
0.459519
0.662
0.662
0.185532
0.662
0.662
0.662
0.662
0.662
0.384575
0.662
0.0204428
0.0411805
0.329636
0.457858
0.662
0.468799
0.662
0.662
0.300447
0.662
0.662
0.662
0.662
0.662
0.264316
0.662
0.103501
0.662
0.214917
0.177789
0.477245
0.662
0.662
0.662
0.444985
0.662
0.662
0.662
0.22126
0.662
0.662
0.662
0.662
0.662
0.0647249
0.0930802
0.333195
0.662
0.662
0.557299
0.662
0.219938
0.662
0.0756283
0.154089
0.662
0.418381
0.662
0.662
0.48999
0.246737
0.0778784
0.662
0.662
0.662
0.662
0.662
0.363191
0.662
0.494018
0.662
0.0415909
0.446532
0.662
0.662
0.662
0.662
0.662
0.662
0.662
0.662
0.662
0.662
0.662
0.31868
0.317943
0.662
0.321943
0.41605
0.662
0.662
0.662
0.662
0.662
0.662
0.662
0.662
0.345176
0.662
0.662
0.458417
0.424037
0.307236
0.662
0.170953
0.368268
0.662
0.243749
0.662
0.662
0.316134
0.091033
0.662
0.0857216
0.662
0.553323
0.662
0.662
0.311693
0.501974
0.662
0.662
0.208729
0.129486
0.662
0.662
0.473163
0.447539
0.662
0.382622
0.662
0.662
0.201741
0.0648289
0.662
0.264186
0.390018
0.117856
0.662
0.662
0.662
0.295195
0.137192
0.160218
0.389993
0.662
0.339798
0.315827
0.662
0.206177
0.662
0.662
0.662
0.662
0.662
0.167628
0.117057
0.662
0.280034
0.662
0.662
0.044667
0.662
0.167692
0.0764196
0.662
0.235182
0.0534814
0.662
0.662
0.258635
0.662
0.580865
0.408263
0.454896
0.530074
0.662
0.424411
0.662
0.360481
0.213201
0.145672
0.662
0.662
0.662
0.662
0.226969
0.259838
0.662
0.0277405
0.43989
0.662
0.113072
0.662
0.263473
0.395415
0.662
0.135847
0.309221
0.662
0.662
0.662
0.281134
0.604189
0.662
0.662
0.057676
0.054591
0.418058
0.662
0.662
0.487813
0.662
0.662
0.662
0.286539
0.319321
0.662
0.305905
0.662
0.662
0.662
0.662
0.493861
0.0914103
0.662
0.662
0.662
0.420106
0.662
0.662
0.211685
0.662
0.301636
0.315988
0.662
0.662
0.418679
0.662
0.0108838
0.662
0.244661
0.662
0.449895
0.662
0.662
0.662
0.100147
0.434719
0.153656
0.296115
0.224944
0.28923
0.662
0.662
0.662
0.305701
0.462097
0.262962
0.342549
0.662
0.662
0.662
0.662
0.662
0.161804
0.458419
0.662
0.662
0.585599
0.662
0.479724
0.0409014
0.399606
0.662
0.662
0.662
0.662
0.662
0.149857
0.662
0.662
0.662
0.662
0.44902
0.242851
0.0839417
0.389434
0.0893904
0.662
0.378897
0.662
0.297959
0.130569
0.662
0.400049
0.662
0.247222
0.662
0.662
0.662
0.662
0.219207
0.450483
0.662
0.314062
0.601418
0.662
0.662
0.228556
0.662
0.662
0.662
0.662
0.662
0.662
0.662
0.662
0.0626535
0.662
0.662
0.662
0.459741
0.196665
0.102121
0.00160207
0.357348
0.662
0.0784049
0.206452
0.662
0.662
0.183874
0.662
0.193974
0.662
0.297226
0.662
0.463155
0.662
0.662
0.400319
0.402737
0.662
0.270538
0.46284
0.662
0.137743
0.662
0.662
0.662
0.662
0.2315
0.641174
0.662
0.356103
0.662
0.189146
0.662
0.0584356
0.0211524
0.254328
0.310107
0.662
0.103113
0.662
0.662
0.662
0.662
0.279473
0.662
0.310373
0.662
0.361193
0.0662917
0.402622
0.322819
0.370944
0.662
0.662
0.662
0.662
0.662
0.662
0.227198
0.483815
0.462231
0.662
0.662
0.662
0.662
0.279005
0.662
0.662
0.662
0.226241
0.629511
0.662
0.662
0.20655
0.662
0.662
0.285686
0.00809201
0.662
0.662
0.662
0.662
0.662
0.0410667
0.662
0.662
0.195572
0.283282
0.450153
0.443889
0.662
0.427463
0.445617
0.662
0.366479
0.662
0.662
0.662
0.662
0.397592
0.662
0.304759
0.114698
0.0318948
0.662
0.662
0.662
0.662
0.239289
0.662
0.662
0.117334
0.261349
0.662
0.662
0.619786
0.662
0.662
0.391706
0.662
0.246142
0.464026
0.340313
0.662
0.0346017
0.662
0.662
0.662
0.662
0.422102
0.662
0.662
0.188096
0.662
0.662
0.0702635
0.183831
0.431587
0.421441
0.662
0.662
0.595316
0.662
0.442925
0.662
0.662
0.662
0.0153382
0.0065265
0.662
0.640299
0.662
0.662
0.662
0.662
0.662
0.662
0.494534
0.662
0.662
0.662
0.413137
0.662
0.662
0.662
0.293506
0.662
0.662
0.0584975
0.311806
0.662
0.373606
0.346097
0.0562757
0.662
0.662
0.662
0.485575
0.263881
0.365927
0.662
0.662
0.313349
0.662
0.662
0.210093
0.662
0.335364
0.324484
0.361063
0.662
0.466733
0.156645
0.424704
0.662
0.662
0.109068
0.662
0.662
0.662
0.662
0.662
0.279978
0.662
0.0535156
0.662
0.662
0.662
0.100227
0.0305793
0.662
0.662
0.241113
0.0781018
0.350519
0.662
0.288211
0.662
0.396447
0.293366
0.406485
0.236351
0.301677
0.0895146
0.662
0.662
0.662
0.335653
0.662
0.662
0.377485
0.662
0.587245
0.662
0.0683308
0.662
0.290317
0.136563
0.662
0.662
0.392845
0.151484
0.662
0.662
0.202027
0.253698
0.662
0.0380628
0.662
0.0541866
0.405018
0.662
0.033447
0.662
0.295375
0.662
0.014783
0.420156
0.0873852
0.662
0.612345
0.151397
0.431106
0.256374
0.33207
0.662
0.325657
0.662
0.255284
0.0591729
0.662
0.662
0.572481
0.662
0.354215
0.662
0.370718
0.662
0.662
0.662
0.662
0.135156
0.662
0.662
0.105313
0.119631
0.160761
0.0815748
0.111168
0.459309
0.662
0.662
0.374453
0.662
0.149799
0.662
0.112029
0.662
0.0123228
0.0862291
0.253928
0.662
0.662
0.662
0.394076
0.144832
0.0871574
0.662
0.662
0.662
0.326343
0.662
0.209992
0.662
0.179381
0.471496
0.662
0.662
0.662
0.662
0.0908953
0.662
0.0371209
0.366108
0.662
0.662
0.662
0.662
0.555898
0.662
0.407091
0.442307
0.146593
0.00777933
0.662
0.662
0.662
0.662
0.412915
0.662
0.662
0.662
0.662
0.36331
0.193122
0.662
0.662
0.216842
0.662
0.662
0.662
0.472644
0.662
0.312537
0.662
0.372088
0.662
0.176321
0.662
0.662
0.0920765
0.662
0.279425
0.662
0.662
0.662
0.662
0.25573
0.463431
0.157115
0.421983
0.662
0.662
0.662
0.42012
0.125762
0.397883
0.662
0.662
0.411447
0.437273
0.662
0.662
0.186162
0.0350111
0.452211
0.627623
0.662
0.245473
0.316788
0.298368
0.662
0.0292214
0.23133
0.662
0.662
0.347917
0.100533
0.00184087
0.401484
0.662
0.662
0.662
0.236542
0.0254458
0.662
0.662
0.138997
0.662
0.662
0.401652
0.196156
0.448109
0.321411
0.662
0.469109
0.662
0.662
0.662
0.398614
0.402349
0.155979
0.662
0.662
0.226228
0.662
0.50749
0.662
0.662
0.662
0.662
0.662
0.505574
0.662
0.662
0.0133807
0.302197
0.662
0.0213684
0.662
0.329023
0.460564
0.276329
0.662
0.626703
0.403552
0.662
0.0845423
0.192584
0.662
0.662
0.177261
0.405325
0.387112
0.662
0.234946
0.0805084
0.662
0.662
0.662
0.662
0.161482
0.501939
0.325977
0.450121
0.462431
0.0173807
0.133309
0.662
0.0429245
0.182676
0.662
0.662
0.662
0.662
0.662
0.662
0.662
0.662
0.662
0.662
0.357195
0.662
0.662
0.662
0.662
0.662
0.433047
0.662
0.662
0.662
0.0394616
0.662
0.662
0.662
0.662
0.662
0.662
0.662
0.662
0.662
0.142369
0.662
0.484843
0.662
0.139998
0.662
0.662
0.662
0.146322
0.374338
0.662
0.247169
0.662
0.431564
0.662
0.662
0.662
0.459929
0.662
0.662
0.0817018
0.435109
0.662
0.662
0.481323
0.240943
0.662
0.662
0.375446
0.662
0.413381
0.662
0.662
0.3586
0.662
0.334722
0.349086
0.230316
0.309686
0.662
0.662
0.662
0.662
0.385739
0.662
0.161364
0.182371
0.0155592
0.144337
0.662
0.662
0.191739
0.662
0.662
0.106854
0.414071
0.354944
0.404381
0.662
0.166279
0.662
0.662
0.662
0.662
0.662
0.662
0.662
0.0537401
0.662
0.461876
0.372105
0.413756
0.436975
0.662
0.118448
0.27665
0.135664
0.662
0.662
0.357543
0.37152
0.662
0.537739
0.242063
0.506906
0.334886
0.473899
0.320597
0.458718
0.662
0.662
0.662
0.248105
0.662
0.372972
0.662
0.662
0.662
0.312658
0.662
0.662
0.662
0.662
0.332622
0.662
0.662
0.662
0.662
