0.184535
0.662
0.662
0.232197
0.124016
0.299875
0.662
0.662
0.278412
0.662
0.4004
0.471274
0.662
0.458322
0.662
0.475877
0.662
0.662
0.391861
0.662
0.662
0.292988
0.662
0.0691713
0.662
0.662
0.662
0.662
0.0307632
0.662
0.662
0.18668
0.259165
0.164818
0.662
0.662
0.405225
0.296196
0.662
0.662
0.00362972
0.662
0.662
0.662
0.450157
0.101455
0.662
0.32704
0.00898677
0.662
0.145234
0.124189
0.662
0.645847
0.10801
0.298827
0.0873822
0.662
0.346073
0.662
0.0268116
0.242231
0.662
0.662
0.366074
0.662
0.419634
0.040207
0.229568
0.662
0.186395
0.360717
0.324147
0.662
0.0171802
0.191843
0.662
0.662
0.662
0.04394
0.214305
0.39809
0.662
0.30193
0.662
0.0238744
0.315761
0.273178
0.628501
0.662
0.662
0.353465
0.218268
0.662
0.436115
0.0609383
0.215652
0.662
0.207468
0.339845
0.662
0.653967
0.485424
0.426348
0.0157454
0.160582
0.662
0.662
0.662
0.662
0.662
0.662
0.662
0.662
0.104064
0.0856061
0.0284538
0.662
0.662
0.662
0.662
0.468034
0.191872
0.45636
0.168565
0.104947
0.247668
0.662
0.214857
0.662
0.584297
0.145416
0.662
0.0713918
0.662
0.662
0.662
0.662
0.359712
0.229105
0.662
0.662
0.179047
0.662
0.662
0.662
0.662
0.174807
0.662
0.323427
0.662
0.662
0.662
0.662
0.144809
0.662
0.662
0.662
0.0647088
0.204053
0.0691635
0.662
0.151925
0.227121
0.662
0.0851408
0.662
0.662
0.302893
0.662
0.662
0.662
0.662
0.271899
0.131039
0.662
0.312915
0.662
0.126359
0.247175
0.443661
0.662
0.152898
0.36317
0.215943
0.662
0.0491613
0.662
0.463389
0.465789
0.662
0.246661
0.226264
0.458043
0.662
0.0477063
0.319398
0.0922421
0.662
0.662
0.662
0.662
0.393666
0.472409
0.662
0.662
0.662
0.662
0.454437
0.662
0.264817
0.150358
0.662
0.662
0.662
0.662
0.662
0.534484
0.662
0.662
0.337336
0.477749
0.413031
0.662
0.323311
0.3889
0.662
0.662
0.662
0.662
0.662
0.662
0.662
0.589145
0.46618
0.662
0.0941815
0.662
0.662
0.662
0.662
0.476011
0.662
0.662
0.662
0.662
0.662
0.662
0.662
0.662
0.662
0.662
0.662
0.662
0.00569639
0.564289
0.138124
0.662
0.662
0.372705
0.662
0.107079
0.245073
0.662
0.204753
0.454011
0.662
0.168553
0.662
0.0188741
0.662
0.662
0.662
0.0367196
0.0524788
0.662
0.340015
0.21483
0.662
0.0826705
0.662
0.662
0.662
0.662
0.662
0.435308
0.420812
0.216144
0.662
0.662
0.300931
0.662
0.662
0.662
0.321778
0.58605
0.0626652
0.1553
0.662
0.415773
0.46529
0.440919
0.662
0.662
0.662
0.662
0.210093
0.662
0.662
0.35534
0.662
0.662
0.662
0.359751
0.662
0.157292
0.662
0.278609
0.374894
0.142822
0.662
0.286946
0.662
0.449453
0.0338047
0.662
0.662
0.662
0.662
0.183376
0.187553
0.662
0.0209806
0.0440649
0.180862
0.662
0.452688
0.662
0.401424
0.190444
0.59776
0.662
0.662
0.0426338
0.662
0.371751
0.230382
0.23821
0.134673
0.410322
0.662
0.662
0.662
0.272916
0.418917
0.662
0.27693
0.45836
0.662
0.662
0.662
0.662
0.207766
0.662
0.662
0.662
0.662
0.15617
0.100388
0.662
0.662
0.1695
0.662
0.662
0.662
0.180033
0.457471
0.116671
0.100732
0.662
0.445226
0.374471
0.662
0.662
0.186747
0.269565
0.224168
0.662
0.662
0.662
0.662
0.447039
0.543554
0.078153
0.662
0.662
0.230593
0.1789
0.234474
0.662
0.390976
0.222242
0.662
0.662
0.662
0.662
0.63339
0.265263
0.0973731
0.255555
0.662
0.662
0.662
0.662
0.662
0.662
0.662
0.662
0.662
0.188668
0.0834214
0.662
0.319064
0.662
0.125656
0.238574
0.662
0.662
0.662
0.662
0.424382
0.358828
0.662
0.00487378
0.0572657
0.662
0.301519
0.0402571
0.662
0.216296
0.662
0.662
0.662
0.662
0.160916
0.348347
0.662
0.250811
0.189649
0.494087
0.137632
0.0836823
0.233665
0.662
0.662
0.662
0.138937
0.662
0.382745
0.662
0.662
0.389664
0.662
0.377544
0.216161
0.235147
0.662
0.26977
0.662
0.662
0.0515167
0.662
0.285623
0.32067
0.662
0.0643486
0.470779
0.662
0.662
0.36416
0.118654
0.662
0.318138
0.363824
0.662
0.371428
0.00100757
0.662
0.662
0.157064
0.662
0.0730489
0.662
0.0156602
0.662
0.662
0.209261
0.662
0.662
0.662
0.422735
0.662
0.637872
0.662
0.662
0.662
0.662
0.612205
0.662
0.38906
0.662
0.662
0.662
0.231592
0.662
0.662
0.662
0.187482
0.662
0.662
0.597901
0.282422
0.380842
0.195657
0.662
0.662
0.316344
0.220472
0.662
0.113816
0.118032
0.119926
0.360003
0.286652
0.0836731
0.662
0.662
0.320973
0.0899617
0.662
0.662
0.318824
0.662
0.662
0.158795
0.662
0.163655
0.0542172
0.662
0.312079
0.662
0.364191
0.135602
0.415819
0.662
0.662
0.662
0.17131
0.347542
0.0893313
0.662
0.0299517
0.662
0.662
0.369118
0.662
0.662
0.413961
0.662
0.554154
0.342624
0.662
0.662
0.662
0.384774
0.662
0.197938
0.662
0.662
0.662
0.42669
0.450456
0.180783
0.662
0.662
0.332536
0.0293386
0.662
0.662
0.0185877
0.662
0.662
0.662
0.662
0.662
0.662
0.0899267
0.662
0.662
0.395972
0.308131
0.375429
0.155432
0.0142471
0.662
0.314483
0.662
0.495642
0.662
0.662
0.104939
0.393823
0.419015
0.103431
0.662
0.662
0.662
0.398729
0.102439
0.20804
0.662
0.277728
0.127848
0.662
0.662
0.662
0.662
0.662
0.164975
0.00411303
0.0240977
0.662
0.276426
0.662
0.662
0.285498
0.429761
0.662
0.461365
0.151292
0.44205
0.662
0.662
0.662
0.662
0.662
0.217349
0.662
0.662
0.662
0.662
0.328492
0.662
0.662
0.450797
0.662
0.348382
0.662
0.662
0.360101
0.662
0.662
0.187554
0.30445
0.538134
0.662
0.662
0.326391
0.662
0.435857
0.662
0.662
0.662
0.662
0.662
0.28759
0.388014
0.397361
0.280501
0.662
0.662
0.662
0.515183
0.662
0.0861321
0.388577
0.380986
0.662
0.662
0.251994
0.662
0.35118
0.107262
0.629431
0.0290263
0.662
0.0770029
0.469591
0.369142
0.662
0.20968
0.290073
0.662
0.422358
0.662
0.662
0.662
0.662
0.199009
0.662
0.0162822
0.35116
0.662
0.0861745
0.464901
0.379485
0.662
0.0992394
0.296134
0.507887
0.662
0.33255
0.662
0.662
0.0403158
0.450878
0.289798
0.461008
0.204606
0.662
0.662
0.32576
0.662
0.648895
0.662
0.662
0.662
0.211834
0.662
0.662
0.378929
0.380567
0.662
0.327092
0.662
0.662
0.583218
0.219056
0.447462
0.662
0.662
0.215188
0.334046
0.0709716
0.662
0.662
0.376822
0.662
0.336887
0.365753
0.662
0.662
0.095784
0.319813
0.323017
0.662
0.323557
0.662
0.248668
0.662
0.463913
0.18881
0.662
0.662
0.393368
0.0110992
0.463411
0.450185
0.662
0.369797
0.266176
0.204142
0.662
0.662
0.662
0.0424591
0.169676
0.662
0.662
0.0991353
0.662
0.662
0.662
0.662
0.662
0.662
0.0141199
0.662
0.199446
0.662
0.588947
0.284785
0.38355
0.312467
0.0135875
0.662
0.39597
0.22823
0.0530803
0.258523
0.662
0.662
0.662
0.662
0.242948
0.464119
0.653407
0.0749685
0.662
0.207455
0.662
0.448032
0.387974
0.292806
0.662
0.288355
0.17765
0.0968857
0.662
0.3037
0.142248
0.329901
0.662
0.163661
0.463467
0.662
0.168255
0.472265
0.211337
0.662
0.662
0.662
0.588144
0.29909
0.210856
0.385141
0.662
0.662
0.662
0.662
0.662
0.662
0.662
0.180068
0.29621
0.0359161
0.662
0.0740997
0.662
0.0363116
0.307898
0.110176
0.0396331
0.662
0.0810578
0.477061
0.394315
0.12733
0.416605
0.662
0.236822
0.2908
0.662
0.662
0.662
0.157891
0.357264
0.662
0.662
0.662
0.153135
0.0638066
0.248679
