0.0950496
0.191554
0.662
0.662
0.662
0.436318
0.418034
0.662
0.511268
0.662
0.662
0.662
0.333247
0.264305
0.16889
0.191227
0.662
0.18556
0.662
0.662
0.407597
0.662
0.662
0.398843
0.662
0.662
0.35411
0.662
0.662
0.00307169
0.246599
0.662
0.662
0.662
0.662
0.662
0.662
0.54312
0.662
0.212115
0.00360702
0.662
0.301082
0.0853493
0.662
0.662
0.662
0.662
0.662
0.246917
0.662
0.273489
0.662
0.662
0.662
0.662
0.430414
0.350648
0.662
0.175206
0.662
0.41523
0.662
0.497749
0.662
0.662
0.154114
0.662
0.180485
0.00993217
0.662
0.135772
0.662
0.010199
0.153645
0.296894
0.288244
0.662
0.0708536
0.142944
0.662
0.662
0.662
0.131012
0.662
0.396873
0.662
0.0797479
0.662
0.450951
0.662
0.140731
0.662
0.662
0.662
0.662
0.488432
0.590511
0.662
0.0562048
0.662
0.662
0.662
0.662
0.383228
0.135023
0.662
0.662
0.237359
0.629706
0.292637
0.302123
0.45004
0.417857
0.662
0.662
0.264978
0.662
0.662
0.145279
0.396406
0.662
0.662
0.662
0.353262
0.399011
0.662
0.662
0.662
0.142926
0.39914
0.124182
0.662
0.662
0.41997
0.0649383
0.428767
0.316793
0.662
0.272339
0.322501
0.662
0.119292
0.662
0.366739
0.662
0.439153
0.488157
0.160019
0.662
0.297603
0.0475652
0.662
0.662
0.652469
0.662
0.662
0.662
0.662
0.662
0.662
0.662
0.662
0.662
0.662
0.662
0.143825
0.662
0.662
0.662
0.662
0.662
0.662
0.662
0.096097
0.662
0.0212116
0.620832
0.662
0.270296
0.0462061
0.662
0.662
0.429408
0.662
0.662
0.662
0.0434057
0.433234
0.0474295
0.474204
0.647786
0.662
0.295047
0.276839
0.477595
0.205866
0.484911
0.0741094
0.662
0.662
0.553681
0.116987
0.421804
0.410514
0.276742
0.197779
0.662
0.662
0.662
0.642972
0.476775
0.138548
0.662
0.557874
0.299504
0.305244
0.662
0.662
0.0310545
0.662
0.295069
0.662
0.080772
0.250255
0.123514
0.662
0.504169
0.238612
0.662
0.662
0.407227
0.662
0.662
0.434308
0.662
0.662
0.662
0.662
0.429885
0.662
0.141826
0.662
0.662
0.662
0.27743
0.662
0.431667
0.283951
0.662
0.449712
0.662
0.662
0.662
0.189332
0.662
0.479394
0.662
0.475754
0.662
0.662
0.633391
0.181513
0.662
0.662
0.662
0.662
0.0224089
0.225882
0.282933
0.0373287
0.024865
0.0931538
0.0392012
0.662
0.109285
0.00460061
0.219945
0.425989
0.309112
0.662
0.339408
0.662
0.662
0.539017
0.290495
0.351532
0.662
0.662
0.240879
0.0157571
0.417641
0.22844
0.0503403
0.662
0.287587
0.300395
0.662
0.111893
0.662
0.389462
0.171635
0.622414
0.662
0.407111
0.662
0.662
0.347317
0.185222
0.662
0.662
0.509591
0.662
0.662
0.662
0.662
0.524139
0.662
0.340482
0.662
0.662
0.662
0.662
0.353942
0.662
0.235466
0.0865607
0.432971
0.201336
0.662
0.662
0.0133517
0.0202035
0.662
0.662
0.662
0.305559
0.662
0.662
0.662
0.662
0.662
0.260271
0.215909
0.281182
0.662
0.662
0.662
0.662
0.662
0.662
0.381695
0.662
0.662
0.448962
0.375138
0.0120739
0.662
0.662
0.0931787
0.662
0.662
0.662
0.662
0.662
0.339551
0.399794
0.662
0.23239
0.097014
0.662
0.662
0.662
0.279505
0.662
0.390631
0.662
0.662
0.0465721
0.315331
0.662
0.662
0.662
0.237355
0.269117
0.662
0.662
0.385959
0.662
0.662
0.394161
0.127997
0.662
0.662
0.662
0.0701088
0.0573767
0.662
0.662
0.246197
0.662
0.488327
0.431232
0.0897311
0.464647
0.428737
0.231789
0.237808
0.140423
0.457303
0.00777089
0.277921
0.048299
0.662
0.662
0.662
0.662
0.421983
0.0496514
0.662
0.662
0.662
0.220892
0.662
0.128669
0.662
0.387401
0.662
0.254733
0.265003
0.216652
0.10494
0.196555
0.0101522
0.131609
0.232697
0.662
0.22574
0.662
0.662
0.662
0.221827
0.231429
0.662
0.662
0.112536
0.473788
0.662
0.662
0.357143
0.662
0.350584
0.662
0.662
0.334531
0.300538
0.662
0.662
0.662
0.662
0.337627
0.21111
0.0568205
0.662
0.290758
0.225041
0.662
0.662
0.325129
0.512476
0.662
0.662
0.662
0.662
0.305697
0.304253
0.334937
0.662
0.662
0.662
0.481478
0.199998
0.294651
0.376749
0.167878
0.662
0.556804
0.662
0.662
0.228446
0.0825529
0.465363
0.662
0.662
0.662
0.236718
0.662
0.662
0.217994
0.662
0.325033
0.662
0.382705
0.662
0.460706
0.662
0.662
0.662
0.456975
0.152274
0.563053
0.662
0.425765
0.662
0.56406
0.498842
0.225561
0.222387
0.662
0.662
0.662
0.662
0.356651
0.662
0.662
0.662
0.171125
0.662
0.375025
0.528004
0.662
0.232413
0.575235
0.269999
0.662
0.662
0.325868
0.0921716
0.662
0.662
0.468193
0.0517509
0.662
0.337155
0.662
0.107208
0.662
0.428719
0.662
0.309844
0.662
0.464626
0.662
0.0437147
0.247188
0.0469828
0.662
0.662
0.190127
0.279725
0.662
0.258791
0.437102
0.662
0.662
0.662
0.662
0.662
0.0144425
0.662
0.502079
0.662
0.0948794
0.662
0.232649
0.662
0.105601
0.29124
0.662
0.662
0.50916
0.169612
0.662
0.283134
0.662
0.662
0.662
0.248015
0.662
0.261804
0.662
0.662
0.474822
0.471387
0.662
0.0537733
0.662
0.662
0.662
0.662
0.662
0.662
0.662
0.120268
0.200515
0.42886
0.315884
0.308648
0.195343
0.308814
0.662
0.662
0.662
0.227313
0.662
0.355267
0.406138
0.662
0.662
0.662
0.302704
0.662
0.543956
0.662
0.371448
0.662
0.662
0.224675
0.662
0.223161
0.662
0.662
0.662
0.662
0.662
0.549223
0.662
0.217999
0.360356
0.26089
0.662
0.0833728
0.662
0.662
0.662
0.38791
0.53163
0.345536
0.662
0.0529278
0.662
0.441986
0.128292
0.0940759
0.662
0.662
0.246323
0.0295162
0.0539053
0.662
0.662
0.14333
0.662
0.662
0.662
0.662
0.559917
0.662
0.0771913
0.0755568
0.662
0.335486
0.662
0.662
0.3777
0.662
0.662
0.276635
0.662
0.332187
0.46318
0.662
0.265391
0.662
0.208815
0.662
0.662
0.662
0.662
0.662
0.462946
0.590161
0.228882
0.356832
0.662
0.662
0.189887
0.210481
0.662
0.662
0.662
0.589506
0.200165
0.528511
0.216092
0.662
0.662
0.215135
0.117394
0.662
0.662
0.32779
0.662
0.458807
0.327069
0.314433
0.464679
0.662
0.160121
0.256097
0.662
0.385268
0.662
0.355335
0.662
0.296379
0.117026
0.662
0.0351648
0.662
0.662
0.414535
0.414756
0.662
0.134712
0.469138
0.0682599
0.662
0.397673
0.359121
0.662
0.662
0.247937
0.0447809
0.23935
0.662
0.162447
0.662
0.122748
0.134266
0.461545
0.662
0.456159
0.288748
0.361295
0.662
0.662
0.662
0.432561
0.662
0.662
0.103905
0.368928
0.342947
0.662
0.229706
0.662
0.662
0.662
0.662
0.384928
0.662
0.662
0.053135
0.662
0.662
0.334563
0.327832
0.29491
0.290311
0.662
0.447975
0.662
0.662
0.662
0.358675
0.662
0.662
0.662
0.662
0.153041
0.386477
0.662
0.0345256
0.662
0.662
0.401501
0.316013
0.662
0.662
0.312685
0.662
0.662
0.45432
0.451801
0.0946917
0.662
0.662
0.662
0.662
0.662
0.149692
0.662
0.444471
0.662
0.662
0.0689327
0.662
0.662
0.23958
0.662
0.312657
0.00313568
0.662
0.210738
0.463997
0.662
0.662
0.662
0.662
0.662
0.662
0.0614902
0.662
0.662
0.662
0.662
0.662
0.662
0.125133
0.662
0.662
0.646921
0.662
0.662
0.662
0.662
0.662
0.246112
0.169609
0.392492
0.662
0.662
0.662
0.662
0.662
0.294896
0.412838
0.419775
0.662
0.662
0.662
0.0887585
0.349715
0.22599
0.662
0.299087
0.472381
0.221793
0.662
0.411966
0.662
0.0482759
0.662
0.478981
0.662
0.662
0.662
0.0539983
0.16884
0.662
0.462515
0.414347
0.478586
0.662
0.662
0.398357
0.397663
0.307013
0.662
0.662
0.662
0.662
0.662
0.229459
0.662
0.662
0.471392
0.662
0.662
0.662
0.417274
0.150751
0.662
0.276066
0.564821
0.662
0.586285
0.662
0.400617
0.502362
0.662
0.662
0.403632
0.662
0.203266
0.662
0.662
0.662
0.375343
0.662
0.662
0.662
0.334174
0.126497
0.488173
0.339958
0.45056
0.662
0.602045
0.662
0.662
0.388356
0.662
0.662
0.362826
0.662
0.662
0.162533
0.662
0.463383
0.662
0.115787
0.44777
0.345372
0.422458
0.662
0.581519
0.662
0.0606798
0.245827
0.662
0.662
0.197509
0.662
0.313225
0.450183
0.662
0.0495668
0.662
0.662
0.662
0.398913
0.324445
0.662
0.251219
0.662
0.000298585
0.310128
0.19798
0.662
0.662
0.330617
0.333873
0.0811695
0.51157
0.455729
0.662
0.00965053
0.432278
0.0476192
0.662
0.421602
0.561974
0.662
0.42391
0.461333
0.129782
0.662
0.662
0.662
0.467301
0.662
0.40023
0.662
0.511525
0.662
0.196299
0.411166
0.498654
0.148367
0.662
0.261442
0.662
0.662
0.662
0.662
0.662
0.662
0.43444
0.662
0.662
0.446064
0.662
0.662
0.144251
0.662
0.662
0.662
0.662
0.432865
0.325263
0.662
0.149379
0.662
0.662
0.662
0.662
0.217159
0.233227
0.662
0.104455
0.379211
0.662
0.372941
0.323815
0.662
0.295289
0.14726
0.29216
0.44374
0.0965022
0.39266
0.354272
0.662
0.662
0.662
0.500006
0.662
0.369367
0.662
0.139375
0.662
0.662
0.0573225
0.662
0.338797
0.662
0.662
0.662
0.307445
0.662
0.224674
0.0930836
0.639532
0.219948
0.662
0.0195771
0.220056
0.305934
0.453966
0.662
0.662
0.662
0.662
0.194886
0.662
0.662
0.420199
0.225461
0.284182
0.274318
0.426602
0.662
0.662
0.662
0.400348
0.0361333
0.662
0.662
0.219141
0.471754
0.662
0.173211
0.662
0.17367
0.662
0.274329
0.404892
0.194619
0.662
0.662
0.662
0.458011
0.662
0.662
0.662
0.662
0.662
0.201259
0.181537
0.662
0.21083
0.662
0.662
0.662
0.662
0.3968
0.662
0.662
0.662
0.136325
0.662
0.476955
0.662
0.517905
0.662
0.662
0.662
0.142873
0.662
0.662
0.662
0.353901
0.179112
0.519412
0.375961
0.662
0.662
0.662
0.662
0.662
0.662
0.662
0.662
0.30852
0.198745
0.268321
0.267888
0.224343
0.151968
0.331314
0.662
0.662
0.662
0.00541569
0.662
0.142768
0.238857
0.662
0.206024
0.662
0.662
0.662
0.662
0.662
0.221814
0.662
0.662
0.323975
0.662
0.662
0.386775
0.376869
0.662
0.070205
0.662
0.356891
0.493824
0.662
0.662
0.662
0.662
0.662
0.188232
0.662
0.662
0.0164457
0.340065
0.0767325
0.306098
0.662
0.662
0.662
0.433078
0.662
0.662
0.303007
0.662
0.662
0.0617895
0.662
0.662
0.176895
0.662
0.662
0.18281
0.209374
0.315698
0.662
0.662
0.356812
0.288519
0.662
0.662
0.662
0.330433
0.0852021
0.662
0.0830144
0.662
0.0388486
0.662
0.250126
0.604932
0.662
0.294205
0.0468713
0.662
0.35201
0.662
0.19948
0.485266
0.62095
0.328058
0.662
0.422249
0.662
0.662
0.0497838
0.284975
0.662
0.662
0.662
0.457449
0.214881
0.662
0.662
0.662
0.326225
0.662
0.662
0.662
0.662
0.662
0.27434
0.404153
0.294232
0.463829
0.351602
0.662
0.662
0.0658558
0.662
0.144446
0.126574
0.662
0.403621
0.662
0.662
0.662
0.0414188
0.315176
0.133306
0.662
0.662
0.154077
0.119528
0.266235
0.662
0.533564
0.0789231
0.662
0.662
0.167236
0.662
0.662
0.384001
0.304979
0.505704
0.662
0.662
0.0924411
0.662
0.662
0.106218
0.662
0.662
0.147041
0.662
0.450465
0.662
0.341158
0.662
0.662
0.662
0.662
0.174514
0.363022
0.469055
0.662
0.172429
0.662
0.662
0.196224
0.662
0.662
0.662
0.662
0.662
0.249128
0.173369
0.365911
0.662
0.191785
0.662
0.662
0.662
0.529203
0.662
0.262236
0.662
0.137018
0.662
0.662
0.662
0.0607441
0.662
0.44505
0.662
0.0760252
0.662
0.662
0.109294
0.57781
0.662
0.662
0.393582
0.065734
0.662
0.204308
0.194279
0.662
0.0664182
0.474167
0.662
0.662
0.227123
0.221505
0.662
0.298137
0.662
0.0621566
0.662
0.662
0.25161
0.662
0.662
0.662
0.019651
0.662
0.347257
0.337093
0.662
0.662
0.662
0.662
0.329992
0.662
0.662
0.662
0.662
0.662
0.662
0.662
0.662
0.215196
0.369278
0.26179
0.101359
0.662
0.662
0.662
0.662
0.662
0.662
0.662
0.662
0.375292
0.662
0.662
0.240593
0.135222
0.662
0.2769
0.443831
0.446978
0.164754
0.00901462
0.662
0.662
0.296163
0.662
0.662
0.21924
0.371635
0.662
0.662
0.464015
0.662
0.662
0.662
0.662
0.662
0.204597
0.662
0.662
0.662
0.662
0.662
0.662
0.662
0.662
0.662
0.408178
0.662
0.662
0.436895
0.662
0.438486
0.662
0.288109
0.662
0.662
0.45013
0.662
0.662
0.662
0.201827
0.662
0.662
0.299028
0.340858
0.662
0.662
0.410656
0.377468
0.182776
0.662
0.1343
0.662
0.119491
0.662
0.662
0.602239
0.270313
0.662
0.307364
0.662
0.0149497
0.446133
0.149552
0.662
0.662
0.662
0.662
0.662
0.662
0.222839
0.195151
0.662
0.662
0.0877562
0.662
0.215961
0.325453
0.662
0.136061
0.662
0.500595
0.388743
0.662
0.662
0.662
0.662
0.280814
0.662
0.457111
0.662
0.0175504
0.662
0.146538
0.662
0.418668
0.662
0.662
0.354481
0.468702
0.246922
0.662
0.0165796
0.169836
0.662
0.544263
0.0366491
0.178732
0.662
0.165509
0.662
0.662
0.458123
0.662
0.662
0.662
0.0590117
0.113346
0.39822
0.662
0.662
0.662
0.396414
0.662
0.662
0.413608
0.357188
0.224163
0.0783946
0.662
0.0493538
0.662
0.303888
0.312351
0.662
0.0881901
0.219747
0.662
0.662
0.662
0.662
0.662
0.662
0.299215
0.662
0.365901
0.662
0.12106
0.403419
0.662
0.273388
0.105631
0.0609702
0.071064
0.394422
0.662
0.662
0.44029
0.473749
0.544918
0.662
0.662
0.463556
0.115907
0.0497051
0.355794
0.662
0.662
0.438027
0.409264
0.662
0.662
0.362928
0.662
0.662
0.662
0.379222
0.133346
0.327311
0.662
0.662
0.662
0.662
0.335185
0.376252
0.662
0.131628
0.464604
0.662
0.662
0.604527
0.299709
0.160757
0.662
0.662
0.662
0.520724
0.662
0.495657
0.662
0.220015
0.1155
0.662
0.436306
0.463016
0.662
0.307754
0.237767
0.319833
0.662
0.456151
0.662
0.131127
0.0745436
0.506692
0.386381
0.662
0.0158559
0.662
0.366098
0.39838
0.662
0.662
0.387692
0.0202781
0.448538
0.662
0.052987
0.662
0.662
0.662
0.411378
0.445318
0.329753
0.662
0.662
0.39596
0.662
0.662
0.11701
0.662
0.662
0.662
0.662
0.662
0.474981
0.428179
0.662
0.662
0.240531
0.662
0.280938
0.374741
0.662
0.662
0.662
0.662
0.662
0.0112376
0.662
0.0114256
0.662
0.44408
0.662
0.662
0.662
0.662
0.662
0.662
0.662
0.0152914
0.462746
0.662
0.662
0.425142
0.662
0.662
0.662
0.662
0.662
0.206136
0.662
0.662
0.662
0.403948
0.662
0.662
0.662
0.454173
0.0622781
0.662
0.187237
0.399481
0.662
0.662
0.121593
0.413373
0.312737
0.327444
0.662
0.662
0.662
0.662
0.662
0.662
0.209435
0.662
0.662
0.191648
0.662
0.662
0.662
0.463896
0.662
0.662
0.662
0.662
0.662
0.662
0.662
0.386924
0.472898
0.662
0.55479
0.0185006
0.662
0.169633
0.662
0.662
0.359536
0.662
0.662
0.243241
0.294498
0.662
0.0777673
0.253758
0.662
0.662
0.0372256
0.0611235
0.286596
0.662
0.483815
0.411878
0.662
0.662
0.662
0.662
0.662
0.662
0.662
0.662
0.662
0.426213
0.662
0.662
0.143067
0.254958
0.662
0.662
0.662
0.38723
0.123681
0.158839
0.0883775
0.662
0.662
0.662
0.206869
0.662
0.338609
0.0310597
0.165189
0.662
0.276601
0.662
0.354686
0.662
0.137897
0.662
0.662
0.662
0.52134
0.605551
0.285606
0.662
0.662
0.662
0.384649
0.254651
0.395985
0.662
0.0156602
0.662
0.280756
0.662
0.662
0.662
0.662
0.662
0.22004
0.125767
0.662
0.488803
0.662
0.662
0.232479
0.662
0.0369779
0.394411
0.662
0.110123
0.662
0.230142
0.662
0.662
0.662
0.662
0.662
0.662
0.312095
0.662
0.112354
0.662
0.662
0.662
0.112752
0.662
0.662
0.662
0.337433
0.662
0.662
0.662
0.306819
0.662
0.282759
0.0199621
0.0261812
0.492707
0.662
0.277183
0.437746
0.662
0.48044
0.331757
0.662
0.17895
0.662
0.34781
0.597803
0.237595
0.662
0.662
0.266176
0.662
0.662
0.662
0.621867
0.39488
0.662
0.662
0.325439
0.246516
0.662
0.474044
0.662
0.23047
0.662
0.662
0.266323
0.662
0.662
0.209596
0.662
0.130433
0.355004
0.225972
0.662
0.662
0.662
0.662
0.228751
0.261723
0.155281
0.242796
0.274987
0.662
0.662
0.424141
0.289184
0.662
0.306506
0.662
0.662
0.662
0.477457
0.258577
0.105122
0.520157
0.244213
0.447549
0.662
0.662
0.662
0.662
0.474887
0.389678
0.662
0.515402
0.0256055
0.376557
0.662
0.662
0.662
0.662
0.662
0.141873
0.662
0.662
0.662
0.662
0.662
0.662
0.206988
0.662
0.662
0.662
0.662
0.278018
0.443386
0.304104
0.32028
0.662
0.662
0.0967525
0.420285
0.662
0.468374
0.662
0.662
0.326178
0.220428
0.0029355
0.662
0.662
0.227301
0.297805
0.662
0.427984
0.191074
0.434859
0.662
0.662
0.441187
0.662
0.662
0.472706
0.3409
0.662
0.662
0.379265
0.322417
0.108613
0.332502
0.662
0.265265
0.662
0.359233
0.425824
0.237982
0.386184
0.406428
0.318861
0.662
0.4406
0.166907
0.662
0.316954
0.565402
0.20604
0.662
0.322366
0.428006
0.416097
0.662
0.662
0.407407
0.219058
0.662
0.662
0.662
0.501716
0.662
0.0849717
0.125396
0.187237
0.471758
0.662
0.049236
0.0143166
0.662
0.662
0.662
0.662
0.662
0.662
0.662
0.0974688
0.263034
0.662
0.662
0.259938
0.367425
0.662
0.662
0.324453
0.662
0.206106
0.662
0.338574
0.276292
0.662
0.291989
0.662
0.662
0.662
0.662
0.662
0.662
0.662
0.662
0.662
0.662
0.662
0.391873
0.662
0.662
0.290046
0.662
0.32696
0.145181
0.662
0.293796
0.662
0.662
0.662
0.301505
0.181658
0.662
0.662
0.368809
0.662
0.662
0.662
0.0192969
0.546177
0.307929
0.662
0.662
0.662
0.662
0.113269
0.415648
0.34918
0.457572
0.662
0.0115812
0.38981
0.662
0.11444
0.172507
0.439319
0.662
0.662
0.472183
0.662
0.662
0.662
0.229165
0.662
0.662
0.208969
0.662
0.583823
0.243126
0.662
0.463131
0.398554
0.351744
0.209066
0.375443
0.662
0.163869
0.0151314
0.662
0.662
0.435353
0.441665
0.446811
0.662
0.265637
0.662
0.153065
0.662
0.662
0.16197
0.662
0.662
0.662
0.0821795
0.461468
0.119994
0.430165
0.38723
0.261621
0.662
0.488133
0.31148
0.418309
0.385326
0.197376
0.0430797
0.662
0.662
0.09718
0.275707
0.662
0.662
0.356463
0.662
0.662
0.662
0.12497
0.662
0.203333
0.292
0.0367193
0.662
0.662
0.662
0.438915
0.662
0.298815
0.662
0.252731
0.662
0.428634
0.662
0.00088518
0.662
0.662
0.662
0.662
0.339259
0.00183698
0.662
0.200539
0.340899
0.224061
0.662
0.662
0.0805285
0.335197
0.662
0.429751
0.310204
0.662
0.0824583
0.0744284
0.662
0.537007
0.176651
0.473763
0.662
0.662
0.343562
0.0968361
0.175528
0.450497
0.251007
0.662
0.360293
0.662
0.662
0.473616
0.128031
0.662
0.125754
0.662
0.233734
0.662
0.618815
0.364499
0.662
0.662
0.263496
0.416802
0.411181
0.365558
0.307188
0.0336705
0.317013
0.00828419
0.662
0.662
0.662
0.306379
0.254194
0.662
0.140275
0.662
0.158403
0.281897
0.662
0.662
0.0345384
0.0823428
0.662
0.0739847
0.662
0.229791
0.374422
0.662
0.385332
0.370197
0.662
0.568939
0.662
0.662
0.470734
0.0526168
0.662
0.662
0.452071
0.662
0.0146505
0.55218
0.06234
0.662
0.662
0.662
0.662
0.183806
0.662
0.189955
0.280701
0.092712
0.662
0.662
0.662
0.662
0.662
0.662
0.46595
0.662
0.0281272
0.662
0.00154178
0.662
0.36784
0.662
0.377163
0.247921
0.47808
0.172776
0.662
0.662
0.185262
0.198981
0.662
0.162644
0.662
0.662
0.662
0.662
0.622652
0.378261
0.662
0.0659999
0.662
0.0840148
0.662
0.265828
0.662
0.662
0.448319
0.662
0.457916
0.128946
0.662
0.662
0.662
0.128225
0.662
0.662
0.662
0.662
0.0621873
0.662
0.451243
0.591792
0.662
0.289319
0.662
0.244361
0.662
0.662
0.662
0.662
0.662
0.304952
0.662
0.0772487
0.662
0.662
0.662
0.448488
0.662
0.662
0.662
0.459956
0.662
0.662
0.662
0.129715
0.662
0.662
0.662
0.662
0.662
0.662
0.662
0.482545
0.662
0.507284
0.617279
0.357944
0.0136427
0.0270822
0.00827845
0.662
0.57367
0.662
0.31014
0.662
0.662
0.662
0.357217
0.393708
0.662
0.662
0.662
0.662
0.662
0.461468
0.662
0.217217
0.265373
0.662
0.474011
0.662
0.225399
0.390231
0.373786
0.1408
0.662
0.662
0.662
0.662
0.382123
0.330089
0.163828
0.662
0.662
0.662
0.153072
0.232377
0.662
0.662
0.662
0.662
0.662
0.662
0.662
0.429278
0.662
0.662
0.662
0.118486
0.106309
0.662
0.213848
0.662
0.662
0.364057
0.662
0.269161
0.662
0.662
0.662
0.662
0.662
0.119237
0.662
0.283754
0.218138
0.197752
0.662
0.174376
0.662
0.662
0.662
0.662
0.662
0.662
0.662
0.662
0.0988764
0.662
0.209241
0.117559
0.662
0.662
0.662
0.455925
0.507025
0.0911973
0.662
0.662
0.662
0.662
0.184208
0.662
0.662
0.662
0.662
0.662
0.662
0.533847
0.000422636
0.662
0.662
0.662
0.662
0.471228
0.12378
0.662
0.662
0.662
0.419741
0.188877
0.662
0.662
0.662
0.662
0.0106117
0.31695
0.662
0.662
0.31851
0.294786
0.662
0.662
0.662
0.13152
0.204682
0.662
0.662
0.662
0.353006
0.662
0.162482
0.662
0.0744158
0.662
0.662
0.662
0.121592
0.150732
0.044423
0.662
0.662
0.218359
0.662
0.662
0.662
0.0546747
0.215657
0.662
0.209189
0.662
0.662
0.662
0.662
0.437171
0.662
0.662
0.285096
0.662
0.662
0.662
0.662
0.254779
0.662
0.089484
0.0795304
0.662
0.610837
0.662
0.157859
0.42544
0.05235
0.662
0.359413
0.662
0.662
0.0844612
0.662
0.662
0.410714
0.00795958
0.662
0.662
0.662
0.662
0.0985028
0.662
0.662
0.414124
0.662
0.0450814
0.471031
0.254277
0.0773283
0.513845
0.260456
0.662
0.261575
0.397987
0.662
0.662
0.450547
0.461647
0.0887561
0.662
0.662
0.595137
0.662
0.222921
0.242482
0.0166493
0.662
0.364199
0.662
0.440988
0.662
0.662
0.384009
0.336865
0.662
0.301239
0.662
0.382276
0.662
0.662
0.662
0.662
0.662
0.662
0.468966
0.662
0.662
0.0559818
0.662
0.291723
0.41878
0.413881
0.259747
0.662
0.662
0.662
0.662
0.574253
0.662
0.300307
0.662
0.662
0.0671877
0.0120436
0.662
0.00761841
0.662
0.662
0.662
0.662
0.43059
0.267877
0.0871992
0.662
0.662
0.445607
0.662
0.374399
0.662
0.662
0.662
0.662
0.326629
0.662
0.421098
0.662
0.662
0.412041
0.361034
0.662
0.47483
0.456185
0.662
0.662
0.0170499
0.662
0.164959
0.112349
0.203193
0.596856
0.188048
0.662
0.662
0.662
0.464573
0.419757
0.265262
0.662
0.662
0.662
0.662
0.12061
0.454287
0.662
0.662
0.662
0.132742
0.239222
0.662
0.282931
0.319857
0.662
0.662
0.613162
0.662
0.662
0.27653
0.311573
0.662
0.662
0.662
0.0788206
0.39223
0.662
0.662
0.256117
0.024992
0.568925
0.662
0.662
0.662
0.662
0.662
0.138814
0.662
0.662
0.662
0.327908
0.1329
0.662
0.0214539
0.209729
0.309757
0.662
0.478278
0.144419
0.430365
0.236016
0.662
0.662
0.662
0.662
0.662
0.662
0.216137
0.662
0.167068
0.148417
0.662
0.396419
0.398678
0.430334
0.662
0.576222
0.662
0.662
0.34821
0.662
0.662
0.662
0.662
0.662
0.335648
0.158947
0.662
0.479569
0.285589
0.366952
0.0218979
0.662
0.662
0.662
0.190391
0.662
0.462847
0.15798
0.183619
0.23435
0.662
0.376287
0.662
0.264983
0.662
0.662
0.662
0.2108
0.463482
0.438233
0.662
0.662
0.0079903
0.303895
0.400481
0.662
0.662
0.458029
0.412659
0.662
0.662
0.0246221
0.662
0.662
0.662
0.449481
0.662
0.0611007
0.662
0.197502
0.140718
0.662
0.662
0.131797
0.662
0.288914
0.485421
0.0350697
0.287401
0.662
0.662
0.662
0.662
0.662
0.290993
0.662
0.662
0.426545
0.258589
0.191972
0.662
0.662
0.662
0.0344074
0.37982
0.662
0.29148
0.188486
0.662
0.662
0.47742
0.156962
0.325778
0.272385
0.662
0.662
0.662
0.42348
0.508218
0.137852
0.288916
0.662
0.0240484
0.662
0.349619
0.662
0.475817
0.662
0.662
0.662
0.662
0.662
0.662
0.662
0.094163
0.662
0.662
0.662
0.662
0.427624
0.662
0.147239
0.184971
0.662
0.662
0.662
0.420575
0.274429
0.662
0.662
0.662
0.662
0.662
0.194648
0.662
0.662
0.50749
0.662
0.337329
0.145611
0.662
0.662
0.166166
0.262428
0.406156
0.527982
0.435841
0.302104
0.662
0.662
0.662
0.662
0.00201144
0.662
0.662
0.662
0.375904
0.624625
0.662
0.220406
0.662
0.662
0.662
0.280364
0.565914
0.431478
0.397062
0.372232
0.662
0.662
0.281654
0.662
0.662
0.662
0.662
0.662
0.00168814
0.218836
0.204156
0.662
0.185166
0.0552188
0.318889
0.662
0.662
0.180723
0.355306
0.662
0.662
0.213576
0.263603
0.662
0.662
0.361626
0.662
0.436011
0.662
0.219658
0.662
0.0395415
0.662
0.662
0.662
0.662
0.662
0.662
0.492916
0.662
0.482875
0.662
0.162834
0.421929
0.662
0.662
0.114814
0.253486
0.314881
0.200271
0.0957932
0.662
0.00811053
0.022889
0.662
0.0112434
0.401293
0.662
0.324957
0.42126
0.574579
0.662
0.662
0.662
0.320214
0.662
0.662
0.159975
0.662
0.662
0.662
0.662
0.454827
0.477561
0.662
0.662
0.662
0.249162
0.662
0.662
0.662
0.403099
0.237545
0.415932
0.662
0.662
0.662
0.662
0.546944
0.662
0.381516
0.662
0.662
0.200778
0.662
0.662
0.244336
0.662
0.351527
0.0681112
0.420441
0.662
0.430775
0.662
0.662
0.662
0.662
0.154976
0.662
0.662
0.28112
0.214445
0.662
0.473801
0.468631
0.246765
0.662
0.662
0.201694
0.662
0.254608
0.662
0.662
0.662
0.469346
0.439874
0.662
0.662
0.452425
0.662
0.135108
0.407546
0.235568
0.662
0.662
0.662
0.662
0.662
0.296147
0.388705
0.230047
0.662
0.662
0.240638
0.00715112
0.662
0.257981
0.662
0.25277
0.473962
0.173958
0.662
0.662
0.173827
0.662
0.193292
0.662
0.474111
0.662
0.153034
0.662
0.428912
0.662
0.662
0.449155
0.662
0.32058
0.662
0.662
0.662
0.662
0.492339
0.158316
0.662
0.662
0.662
0.264671
0.662
0.662
0.390689
0.662
0.334828
0.662
0.373579
0.662
0.225117
0.662
0.370607
0.105947
0.238032
0.630845
0.0388984
0.662
0.662
0.24121
0.662
0.662
0.662
0.662
0.276469
0.662
0.662
0.162198
0.662
0.662
0.460725
0.662
0.173519
0.662
0.662
0.662
0.662
0.662
0.662
0.662
0.378336
0.662
0.154597
0.662
0.662
0.262796
0.418787
0.162324
0.395984
0.00416395
0.662
0.050151
0.662
0.249491
0.662
0.162153
0.662
0.662
0.235188
0.186372
0.662
0.662
0.662
0.662
0.662
0.662
0.263938
0.662
0.435909
0.390313
0.10379
0.403179
0.662
0.662
0.100778
0.662
0.662
0.662
0.305857
0.662
0.662
0.11584
0.169808
0.066388
0.280062
0.662
0.283829
0.662
0.129879
0.662
0.662
0.423775
0.0165292
0.662
0.662
0.448483
0.662
0.290916
0.662
0.10494
0.662
0.662
0.662
0.662
0.357104
0.662
0.662
0.662
0.662
0.662
0.662
0.662
0.654584
0.662
0.41009
0.662
0.662
0.662
0.662
0.662
0.662
0.662
0.368363
0.266082
0.212048
0.662
0.393129
0.662
0.662
0.0682733
0.662
0.662
0.409114
0.662
0.662
0.662
0.662
0.0604647
0.417609
0.662
0.662
0.429518
0.662
0.470498
0.662
0.11197
0.392528
0.662
0.397921
0.662
0.662
0.402708
0.662
0.0549875
0.662
0.129296
0.662
0.29999
0.085906
0.662
0.510765
0.0344538
0.188448
0.662
0.50015
0.662
0.360323
0.662
0.46967
0.662
0.478311
0.662
0.206861
0.0634222
0.0489796
0.662
0.662
0.662
0.662
0.662
0.301436
0.662
0.662
0.662
0.662
0.430092
0.247652
0.662
0.131447
0.506834
0.194492
0.662
0.662
0.662
0.662
0.228094
0.0558632
0.0782788
0.604588
0.662
0.662
0.592057
0.267705
0.662
0.662
0.112961
0.662
0.662
0.662
0.0886268
0.183675
0.662
0.662
0.375197
0.103183
0.0283435
0.662
0.662
0.275522
0.0336338
0.223343
0.662
0.400847
0.662
0.54006
0.46149
0.442692
0.662
0.662
0.662
0.45202
0.662
0.349557
0.662
0.662
0.662
0.662
0.662
0.662
0.38765
0.496457
0.662
0.446627
0.662
0.0180758
0.185754
0.662
0.662
0.662
0.413433
0.662
0.423261
0.0802997
0.662
0.364911
0.662
0.45992
0.255844
0.468806
0.662
0.662
0.662
0.306413
0.662
0.302516
0.456031
0.662
0.43996
0.0804243
0.662
0.662
0.662
0.662
0.484413
0.662
0.662
0.662
0.662
0.314962
0.662
0.291794
0.662
0.662
0.662
0.662
0.662
0.2707
0.662
0.662
0.662
0.662
0.0819014
0.632364
0.662
0.662
0.167776
0.662
0.132767
0.662
0.662
0.535101
0.305127
0.662
0.662
0.662
0.662
0.662
0.662
0.662
0.662
0.662
0.662
0.662
0.662
0.662
0.231823
0.206937
0.662
0.662
0.0451482
0.662
0.662
0.662
0.662
0.24788
0.102011
0.662
0.662
0.662
0.662
0.0709173
0.186828
0.0113036
0.171293
0.0284196
0.662
0.662
0.0592614
0.662
0.662
0.662
0.392544
0.662
0.19541
0.662
0.662
0.662
0.662
0.615341
0.662
0.401194
0.255596
0.352138
0.421655
0.662
0.303075
0.662
0.662
0.315327
0.141093
0.662
0.0309338
0.0947344
0.362529
0.662
0.662
0.197321
0.662
0.662
0.662
0.662
0.662
0.662
0.0248583
0.662
0.0133783
0.050852
0.662
0.662
0.383697
0.363599
0.662
0.662
0.662
0.231859
0.662
0.662
0.662
0.272538
0.467498
0.662
0.662
0.0706008
0.0504469
0.662
0.662
0.662
0.531151
0.662
0.230284
0.0386985
0.662
0.595084
0.604543
0.0958688
0.662
0.662
0.662
0.662
0.662
0.344385
0.234174
0.0306771
0.437849
0.662
0.44198
0.154515
0.662
0.662
0.523603
0.662
0.463409
0.0495532
0.662
0.38575
0.044766
0.345353
0.135025
0.662
0.172121
0.52496
0.662
0.662
0.503205
0.662
0.662
0.662
0.0622737
0.662
0.662
0.662
0.662
0.178278
0.446098
0.662
0.662
0.30824
0.662
0.662
0.662
0.434125
0.662
0.662
0.389966
0.216927
0.30403
0.662
0.21818
0.480265
0.662
0.512103
0.577343
0.555732
0.0328812
0.662
0.105822
0.662
0.0598865
0.429473
0.0532742
0.468858
0.00901334
0.534941
0.271653
0.662
0.305089
0.662
0.662
0.662
0.662
0.662
0.662
0.662
0.662
0.231823
0.662
0.662
0.348852
0.115484
0.114752
0.662
0.662
0.662
0.167405
0.662
0.662
0.407257
0.662
0.43144
0.662
0.662
0.662
0.299219
0.662
0.0559044
0.662
0.662
0.173289
0.633694
0.662
0.662
0.126079
0.463625
0.662
0.302474
0.662
0.520478
0.240951
0.662
0.662
0.0770247
0.412804
0.662
0.662
0.662
0.187699
0.194715
0.662
0.198589
0.662
0.00723382
0.662
0.389343
0.241109
0.191401
0.423901
0.235337
0.662
0.636157
0.662
0.662
0.526319
0.154282
0.0932618
0.662
0.662
0.662
0.662
0.662
0.184204
0.120098
0.461447
0.420877
0.389405
0.125452
0.662
0.662
0.579147
0.466287
0.453731
0.662
0.662
0.662
0.00784812
0.662
0.662
0.537007
0.662
0.662
0.662
0.348784
0.368429
0.092215
0.12218
0.662
0.662
0.662
0.662
0.380723
0.459868
0.662
0.184264
0.452725
0.424699
0.662
0.256623
0.662
0.474654
0.49037
0.00822371
0.373416
0.662
0.662
0.662
0.00788157
0.21788
0.295816
0.662
0.662
0.662
0.662
0.225264
0.301673
0.662
0.0642651
0.156147
0.662
0.662
0.662
0.662
0.662
0.662
0.468796
0.662
0.0395882
0.662
0.662
0.662
0.662
0.662
0.662
0.662
0.662
0.448245
0.473787
0.662
0.0669519
0.260296
0.662
0.662
0.252795
0.34781
0.340804
0.370983
0.662
0.662
0.662
0.329868
0.290949
0.662
0.662
0.556055
0.662
0.662
0.276014
0.662
0.00750366
0.662
0.662
0.662
0.357989
0.662
0.232187
0.662
0.662
0.662
0.662
0.662
0.662
0.662
0.662
0.228437
0.0288266
0.662
0.662
0.662
0.662
0.662
0.662
0.63309
0.662
0.0502671
0.209189
0.113247
0.662
0.138119
0.0370082
0.156569
0.662
0.342696
0.662
0.662
0.662
0.662
0.412658
0.190911
0.662
0.452378
0.662
0.345101
0.662
0.662
0.314036
0.0893347
0.662
0.185487
0.3255
0.297397
0.662
0.662
0.662
0.0307019
0.662
0.662
0.116987
0.202
0.197427
0.662
0.449091
0.390563
0.11129
0.378894
0.662
0.662
0.230499
0.189526
0.662
0.522402
0.0836551
0.22308
0.662
0.280948
0.016483
0.378394
0.500424
0.662
0.662
0.00285056
0.0845597
0.662
0.662
0.662
0.662
0.20828
0.662
0.662
0.662
0.449866
0.662
0.662
0.0227861
0.662
0.18294
0.662
0.251839
0.662
0.662
0.318814
0.662
0.354166
0.662
0.662
0.662
0.662
0.662
0.437022
0.662
0.0561536
0.662
0.662
0.329825
0.662
0.301358
0.464429
0.662
0.662
0.662
0.662
0.470623
0.662
0.662
0.662
0.0465343
0.402305
0.167962
0.450383
0.368477
0.662
0.425785
0.190126
0.662
0.662
0.017961
0.498738
0.0937002
0.272041
0.662
0.662
0.662
0.662
0.662
0.662
0.27951
0.662
0.49195
0.662
0.662
0.22138
0.662
0.292712
0.301435
0.371871
0.662
0.2136
0.662
0.449232
0.662
0.662
0.662
0.604227
0.0580793
0.662
0.662
0.160796
0.0857202
0.430466
0.662
0.662
0.662
0.662
0.137968
0.120834
0.662
0.160262
0.662
0.662
0.662
0.00884477
0.0468612
0.662
0.662
0.662
0.432198
0.662
0.488825
0.382084
0.662
0.125919
0.662
0.301423
0.461201
0.0298162
0.0468724
0.662
0.117944
0.226691
0.662
0.662
0.662
0.107029
0.305075
0.34648
0.662
0.323791
0.313032
0.380822
0.0959675
0.410316
0.662
0.444018
0.435823
0.662
0.662
0.662
0.662
0.416104
0.461686
0.662
0.448642
0.662
0.528104
0.662
0.662
0.352218
0.662
0.662
0.662
0.662
0.0655936
0.205948
0.0497981
0.284168
0.103822
0.0201498
0.662
0.468303
0.662
0.330375
0.662
0.662
0.662
0.329016
0.662
0.0714238
0.662
0.265665
0.243535
0.090123
0.435749
0.248181
0.662
0.517624
0.662
0.417246
0.662
0.662
0.409118
0.299376
0.310867
0.391665
0.662
0.0968732
0.662
0.0483642
0.360578
0.662
0.286786
0.662
0.662
0.662
0.662
0.662
0.258745
0.662
0.41249
0.378743
0.557828
0.662
0.662
0.0514774
0.415228
0.105622
0.662
0.429063
0.0867877
0.0470085
0.662
0.275824
0.662
0.0316422
0.336971
0.662
0.35352
0.366483
0.662
0.662
0.662
0.0574908
0.662
0.456744
0.662
0.662
0.662
0.170426
0.0951651
0.357293
0.662
0.662
0.0144703
0.212099
0.662
0.662
0.31655
0.319235
0.10294
0.160319
0.426151
0.662
0.520997
0.662
0.392226
0.41694
0.172474
0.662
0.412327
0.327723
0.662
0.479922
0.212253
0.662
0.449049
0.662
0.204363
0.122435
0.231895
0.100843
0.302105
0.318207
0.662
0.286688
0.662
0.139552
0.662
0.662
0.662
0.408198
0.250075
0.662
0.313814
0.662
0.476378
0.662
0.662
0.00449852
0.247533
0.452189
0.662
0.662
0.299286
0.662
0.662
0.662
0.465308
0.662
0.459839
0.439253
0.426061
0.662
0.662
0.662
0.662
0.662
0.662
0.662
0.662
0.662
0.134115
0.19026
0.662
0.662
0.662
0.65296
0.076678
0.0833005
0.40876
0.662
0.662
0.374797
0.0764622
0.662
0.662
0.465671
0.481355
0.540382
0.662
0.662
0.662
0.662
0.398388
0.662
0.182153
0.456784
0.0566132
0.160271
0.662
0.0585923
0.662
0.225052
0.473305
0.662
0.395448
0.662
0.662
0.0255609
0.0423016
0.33584
0.159109
0.475495
0.0238037
0.212891
0.662
0.338913
0.196564
0.0894823
0.188594
0.662
0.210922
0.486934
0.662
0.216019
0.332368
0.662
0.358109
0.629273
0.662
0.294325
0.662
0.662
0.0793745
0.662
0.662
0.662
0.662
0.662
0.662
0.161758
0.662
0.662
0.662
0.662
0.662
0.662
0.195856
0.361379
0.662
0.662
0.546266
0.662
0.662
0.294816
0.662
0.36947
0.662
0.662
0.662
0.325513
0.662
0.401184
0.283533
0.186956
0.662
0.662
0.428149
0.662
0.290664
0.185856
0.662
0.662
0.662
0.662
0.662
0.169947
0.392915
0.662
0.160197
0.409488
0.41958
0.662
0.662
0.125232
0.155585
0.662
0.390264
0.241927
0.225173
0.662
0.662
0.662
0.662
0.404352
0.662
0.662
0.189297
0.662
0.662
0.412386
0.662
0.662
0.662
0.428108
0.662
0.198426
0.662
0.412273
0.148728
0.439257
0.662
0.0926908
0.662
0.0625913
0.662
0.662
0.662
0.662
0.393519
0.662
0.662
0.0775791
0.662
0.662
0.513638
0.662
0.662
0.662
0.662
0.662
0.662
0.444354
0.662
0.224163
0.327513
0.662
0.662
0.662
0.429769
0.662
0.030745
0.662
0.662
0.355503
0.488748
0.21838
0.336749
0.662
0.235966
0.270703
0.586491
0.662
0.662
0.662
0.324774
0.26994
