0.662
0.662
0.347557
0.338048
0.662
0.662
0.662
0.662
0.099078
0.360497
0.42007
0.200863
0.662
0.662
0.313046
0.151071
0.231458
0.662
0.170988
0.662
0.662
0.404825
0.297159
0.507891
0.269211
0.662
0.662
0.0949773
0.440595
0.662
0.662
0.473659
0.662
0.123067
0.26299
0.662
0.662
0.662
0.662
0.662
0.662
0.662
0.043704
0.662
0.475174
0.104715
0.116055
0.58835
0.532389
0.258341
0.0905053
0.426801
0.662
0.334825
0.662
0.180856
0.419593
0.662
0.421593
0.433112
0.342661
0.662
0.438326
0.369939
0.415985
0.340695
0.662
0.662
0.662
0.301185
0.220648
0.662
0.470933
0.0059721
0.166149
0.241827
0.662
0.454239
0.288616
0.0823035
0.662
0.662
0.22236
0.271572
0.206986
0.662
0.662
0.662
0.383193
0.662
0.662
0.445363
0.0290656
0.111398
0.390964
0.662
0.662
0.351548
0.662
0.471632
0.662
0.662
0.113373
0.662
0.662
0.112748
0.382644
0.520359
0.0453949
0.662
0.662
0.662
0.0688921
0.662
0.347965
0.662
0.662
0.662
0.662
0.472259
0.662
0.662
0.662
0.662
0.434668
0.0407317
0.0116097
0.662
0.662
0.662
0.239456
0.204654
0.662
0.662
0.662
0.360479
0.414284
0.32292
0.662
0.282271
0.258275
0.349967
0.31912
0.662
0.662
0.15062
0.463379
0.662
0.29035
0.662
0.662
0.662
0.662
0.1381
0.437113
0.662
0.662
0.662
0.662
0.662
0.399665
0.257634
0.284693
0.652622
0.371701
0.662
0.662
0.409036
0.113912
0.662
0.462233
0.461623
0.662
0.0806988
0.662
0.0884698
0.0816044
0.662
0.662
0.662
0.662
0.458562
0.528182
0.3392
0.121676
0.389885
0.662
0.367163
0.433182
0.470164
0.419254
0.0372714
0.662
0.662
0.255339
0.336777
0.200289
0.116528
0.662
0.380902
0.232109
0.662
0.0100716
0.102098
0.146987
0.662
0.439671
0.662
0.523266
0.662
0.662
0.662
0.662
0.662
0.0953083
0.662
0.662
0.662
0.662
0.662
0.0736644
0.662
0.359923
0.662
0.662
0.662
0.291919
0.662
0.662
0.662
0.27294
0.662
0.662
0.556642
0.0881485
0.375804
0.117245
0.662
0.373328
0.662
0.532938
0.662
0.224937
0.662
0.662
0.662
0.45497
0.0552244
0.662
0.662
0.662
0.41399
0.662
0.662
0.378525
0.104175
0.574416
0.0917228
0.219161
0.105434
0.662
0.662
0.662
0.133619
0.662
0.391048
0.662
0.170075
0.307788
0.0400269
0.662
0.187998
0.426911
0.662
0.662
0.348514
0.662
0.294257
0.328339
0.662
0.349295
0.662
0.296808
0.662
0.662
0.342811
0.321241
0.662
0.662
0.662
0.347326
0.662
0.662
0.662
0.662
0.662
0.222214
0.662
0.662
0.662
0.662
0.662
0.195868
0.662
0.662
0.662
0.423722
0.380826
0.469226
0.662
0.662
0.12471
0.662
0.352953
0.44738
0.0084282
0.662
0.662
0.662
0.662
0.216531
0.662
0.662
0.266352
0.662
0.662
0.662
0.662
0.662
0.662
0.464214
0.662
0.662
0.230055
0.662
0.662
0.662
0.178745
0.385407
0.16202
0.662
0.662
0.662
0.00512676
0.326709
0.145811
0.662
0.265761
0.224377
0.662
0.662
0.0355217
0.662
0.662
0.469428
0.662
0.662
0.662
0.662
0.071189
0.662
0.556968
0.662
0.0848464
0.662
0.662
0.383068
0.10051
0.662
0.278023
0.268577
0.662
0.662
0.283844
0.662
0.662
0.343567
0.662
0.594745
0.662
0.662
0.161755
0.662
0.662
0.662
0.0656456
0.211086
0.443467
0.489275
0.662
0.473611
0.0460187
0.189323
0.421438
0.662
0.398681
0.410194
0.581292
0.662
0.662
0.662
0.662
0.164533
0.288925
0.662
0.662
0.662
0.662
0.662
0.157794
0.662
0.427694
0.395271
0.413476
0.29239
0.662
0.662
0.662
0.312937
0.662
0.55298
0.168209
0.0820851
0.347153
0.662
0.662
0.499195
0.398108
0.460951
0.662
0.662
0.112266
0.0634776
0.134545
0.662
0.500425
0.662
0.662
0.15476
0.662
0.662
0.577733
0.662
0.662
0.265422
0.106695
0.440868
0.29544
0.357315
0.662
0.305671
0.662
0.247245
0.662
0.662
0.14422
0.662
0.353295
0.347327
0.0577122
0.662
0.662
0.662
0.542039
0.549514
0.168171
0.662
0.277423
0.662
0.33761
0.217096
0.504232
0.537582
0.662
0.662
0.3988
0.662
0.662
0.662
0.356072
0.265393
0.295088
0.0802701
0.662
0.662
0.662
0.662
0.0680531
0.235363
0.469134
0.193545
0.136917
0.250242
0.32307
0.662
0.662
0.170189
0.662
0.662
0.662
0.662
0.261323
0.13275
0.397943
0.3795
0.662
0.662
0.662
0.662
0.662
0.408789
0.662
0.269815
0.662
0.0598152
0.662
0.662
0.662
0.662
0.662
0.662
0.662
0.548279
0.0488884
0.662
0.474558
0.662
0.662
0.19055
0.0414431
0.662
0.107696
0.662
0.662
0.633694
0.298534
0.662
0.313047
0.0536301
0.662
0.662
0.185381
0.662
0.40957
0.662
0.662
0.125677
0.452003
0.662
0.662
0.662
0.662
0.662
0.0912231
0.396082
0.00600421
0.662
0.662
0.662
0.662
0.662
0.301749
0.457493
0.303008
0.662
0.662
0.662
0.662
0.662
0.662
0.0026221
0.662
0.403552
0.662
0.662
0.138729
0.318806
0.153598
0.464235
0.25065
0.499665
0.662
0.21588
0.662
0.662
0.574874
0.662
0.197768
0.662
0.662
0.0621863
0.486844
0.0900533
0.10742
0.662
0.662
0.662
0.662
0.662
0.624879
0.434178
0.662
0.662
0.148043
0.662
0.662
0.662
0.0211644
0.662
0.662
0.455242
0.662
0.452613
0.186671
0.662
0.662
0.662
0.662
0.662
0.662
0.662
0.662
0.662
0.363322
0.449141
0.0894898
0.343975
0.662
0.194405
0.192489
0.662
0.263644
0.472968
0.473951
0.154993
0.341033
0.662
0.662
0.662
0.321258
0.662
0.662
0.662
0.345283
0.468995
0.0772701
0.662
0.0768391
0.662
0.237346
0.000403953
0.662
0.0884755
0.411912
0.207366
0.0296707
0.380217
0.662
0.320419
0.0380659
0.126929
0.662
0.662
0.662
0.440155
0.662
0.662
0.662
0.00971844
0.662
0.137185
0.542169
0.111819
0.15663
0.662
0.144461
0.0767616
0.299766
0.137939
0.347036
0.662
0.662
0.662
0.662
0.662
0.662
0.662
0.662
0.662
0.662
0.17408
0.302077
0.212896
0.662
0.485015
0.430117
0.349249
0.662
0.346443
0.662
0.454809
0.0995029
0.662
0.662
0.239362
0.118582
0.281461
0.0809786
0.662
0.662
0.662
0.662
0.662
0.256054
0.662
0.662
0.662
0.449681
0.00233961
0.662
0.662
0.662
0.00525521
0.662
0.423844
0.273236
0.662
0.662
0.0259631
0.405149
0.193967
0.662
0.359705
0.662
0.662
0.662
0.662
0.662
0.662
0.257189
0.662
0.149777
0.662
0.662
0.662
0.662
0.662
0.662
0.380068
0.662
0.662
0.421752
0.662
0.253369
0.104049
0.662
0.662
0.662
0.662
0.124677
0.381857
0.0141907
0.11669
0.662
0.662
0.0189908
0.385188
0.243372
0.463066
0.662
0.485024
0.438146
0.662
0.244218
0.662
0.169171
0.44072
0.662
0.348919
0.377373
0.440054
0.662
0.404155
0.215946
0.149923
0.662
0.662
0.417411
0.104917
0.662
0.662
0.662
0.113953
0.662
0.00621076
0.460101
0.26847
0.662
0.317237
0.487588
0.662
0.406285
0.18445
0.662
0.662
0.511371
0.662
0.662
0.662
0.382163
0.14815
0.471649
0.662
0.662
0.339036
0.662
0.662
0.662
0.339769
0.662
0.237687
0.149678
0.290951
0.259293
0.40248
0.662
0.662
0.1356
0.356021
0.34508
0.662
0.662
0.662
0.0825315
0.408071
0.662
0.0869457
0.244268
0.403242
0.405504
0.662
0.662
0.662
0.0748004
0.418761
0.484024
0.0971573
0.113892
0.662
0.662
0.662
0.476586
0.662
0.662
0.662
0.662
0.662
0.662
0.348845
0.662
0.122322
0.215233
0.662
0.662
0.0113079
0.662
0.662
0.662
0.486985
0.662
0.662
0.662
0.098418
0.519791
0.633693
0.431348
0.124954
0.471824
0.662
0.662
0.296402
0.480428
0.662
0.237635
0.662
0.662
0.662
0.662
0.362209
0.0714499
0.105185
0.153581
0.633391
0.662
0.662
0.662
0.662
0.406116
0.270361
0.327633
0.00317403
0.662
0.296505
0.662
0.549533
0.662
0.445444
0.662
0.218003
0.662
0.662
0.662
0.11044
0.662
0.148564
0.472147
0.459827
0.115255
0.662
0.0122959
0.662
0.662
0.662
0.0305244
0.545684
0.662
0.484115
0.216737
0.327738
0.662
0.337592
0.662
0.335192
0.662
0.662
0.422143
0.386354
0.156259
0.662
0.662
0.0047967
0.182683
0.662
0.662
0.662
0.528504
0.0312875
0.662
0.662
0.662
0.207095
0.379082
0.387466
0.662
0.662
0.101688
0.662
0.50134
0.363043
0.662
0.359374
0.662
0.174819
0.662
0.287055
0.131146
0.662
0.662
0.662
0.662
0.0726032
0.662
0.662
0.662
0.662
0.662
0.296088
0.095549
0.662
0.662
0.662
0.662
0.662
0.662
0.662
0.662
0.121329
0.662
0.226792
0.209251
0.662
0.26139
0.0804677
0.662
0.271312
0.401899
0.662
0.662
0.354272
0.645736
0.662
0.149855
0.257791
0.314752
0.662
0.662
0.662
0.425123
0.662
0.662
0.662
0.662
0.662
0.0633636
0.662
0.662
0.364855
0.372931
0.00588541
0.311793
0.395211
0.297253
0.662
0.431865
0.280968
0.196805
0.662
0.477679
0.461263
0.198941
0.662
0.662
0.361858
0.459939
0.662
0.662
0.262855
0.662
0.662
0.307626
0.407282
0.192794
0.353129
0.662
0.492334
0.662
0.19239
0.662
0.662
0.662
0.662
0.140722
0.440409
0.106276
0.662
0.662
0.0354168
0.662
0.0623003
0.662
0.0361513
0.219747
0.391033
0.174005
0.00331941
0.0786536
0.662
0.326329
0.425341
0.662
0.104148
0.662
0.662
0.133463
0.419686
0.242999
0.0571622
0.662
0.338395
0.0103024
0.223053
0.429864
0.0429653
0.662
0.175902
0.662
0.662
0.259959
0.662
0.662
0.662
0.662
0.662
0.662
0.662
0.662
0.662
0.662
0.662
0.662
0.662
0.25763
0.662
0.272908
0.662
0.281902
0.437318
0.224204
0.662
0.662
0.662
0.662
0.662
0.49314
0.29303
0.662
0.662
0.470686
0.662
0.088784
0.662
0.312722
0.662
0.281408
0.0565343
0.131424
0.662
0.152189
0.101318
0.446872
0.264077
0.163658
0.398777
0.157701
0.662
0.662
0.0764832
0.662
0.426388
0.662
0.358585
0.299139
0.292069
0.358512
0.662
0.662
0.662
0.662
0.662
0.662
0.454945
0.662
0.494516
0.239043
0.662
0.662
0.380487
0.662
0.498699
0.662
0.662
0.335534
0.662
0.662
0.501231
0.226692
0.662
0.662
0.662
0.662
0.662
0.133711
0.217033
0.0244198
0.662
0.472003
0.460649
0.662
0.662
0.324483
0.662
0.662
0.662
0.662
0.662
0.662
0.573907
0.662
0.232799
0.662
0.662
0.397429
0.662
0.407247
0.254029
0.411013
0.386896
0.662
0.50839
0.662
0.662
0.662
0.662
0.225489
0.662
0.662
0.281903
0.315009
0.662
0.662
0.445366
0.662
0.662
0.662
0.662
0.662
0.662
0.119131
0.351876
0.662
0.662
0.431412
0.0684388
0.662
0.208866
0.0981011
0.662
0.525186
0.415436
0.662
0.0997961
0.662
0.662
0.167233
0.423464
0.662
0.662
0.662
0.662
0.143399
0.662
0.095532
0.599314
0.38632
0.662
0.662
0.662
0.662
0.179706
0.662
0.662
0.109146
0.662
0.179489
0.216064
0.662
0.0319526
0.662
0.209814
0.662
0.182455
0.662
0.662
0.662
0.662
0.662
0.662
0.662
0.227303
0.0034634
0.662
0.662
0.419604
0.206288
0.0278306
0.311418
0.311617
0.662
0.662
0.662
0.662
0.662
0.662
0.35234
0.0480581
0.0264539
0.662
0.339289
0.662
0.197585
0.061919
0.244856
0.216315
0.662
0.662
0.662
0.243473
0.662
0.662
0.662
0.157264
0.280133
0.140357
0.541276
0.133286
0.662
0.662
0.662
0.662
0.427026
0.299863
0.662
0.662
0.0788811
0.335653
0.662
0.662
0.294421
0.662
0.465406
0.0585075
0.662
0.425746
0.129911
0.662
0.135837
0.301191
0.662
0.662
0.662
0.474562
0.662
0.662
0.662
0.192654
0.206493
0.662
0.662
0.285397
0.461524
0.4642
0.271661
0.0979696
0.662
0.488841
0.141077
0.662
0.427365
0.662
0.010143
0.662
0.166552
0.442652
0.299806
0.0992341
0.351413
0.411382
0.662
0.436829
0.526037
0.465276
0.662
0.416455
0.662
0.620635
0.662
0.662
0.662
0.662
0.219401
0.662
0.325758
0.342055
0.253704
0.00219183
0.474795
0.470064
0.662
0.662
0.589083
0.242729
0.662
0.104209
0.662
0.11289
0.662
0.477234
0.662
0.176157
0.208461
0.662
0.513953
0.464078
0.47777
0.389745
0.662
0.662
0.118738
0.662
0.662
0.662
0.662
0.247497
0.662
0.662
0.662
0.662
0.434633
0.662
0.662
0.662
0.662
0.661023
0.614506
0.662
0.63339
0.662
0.662
0.368066
0.662
0.300082
0.43969
0.662
0.662
0.195849
0.372744
0.662
0.662
0.459093
0.662
0.385869
0.429199
0.127144
0.0787414
0.283417
0.662
0.360319
0.463321
0.662
0.0566699
0.662
0.0296767
0.662
0.613791
0.348543
0.280777
0.0399234
0.204976
0.441305
0.0870464
0.662
0.662
0.662
0.662
0.662
0.529088
0.104688
0.44049
0.662
0.214764
0.662
0.662
0.662
0.0769137
0.250842
0.337227
0.662
0.0433862
0.00727808
0.463472
0.0803317
0.662
0.662
0.662
0.345311
0.662
0.662
0.662
0.444074
0.133227
0.662
0.365993
0.0474994
0.052735
0.525564
0.662
0.207519
0.662
0.0322978
0.662
0.628915
0.623302
0.252833
0.662
0.662
0.662
0.0066698
0.662
0.152028
0.662
0.121095
0.373651
0.0331359
0.0853473
0.662
0.637824
0.358928
0.401388
0.662
0.662
0.221209
0.120886
0.662
0.662
0.662
0.662
0.25331
0.662
0.662
0.0567303
0.118454
0.402491
0.477628
0.662
0.418401
0.111503
0.338823
0.283801
0.386613
0.408264
0.662
0.662
0.278861
0.442691
0.662
0.543111
0.662
0.0724945
0.662
0.312796
0.662
0.662
0.471118
0.296293
0.220875
0.662
0.662
0.662
0.662
0.166185
0.662
0.662
0.295708
0.662
0.0608244
0.15336
0.662
0.662
0.662
0.662
0.296491
0.288454
0.662
0.662
0.140488
0.209385
0.662
0.482012
0.4146
0.662
0.24527
0.662
0.662
0.419249
0.662
0.190151
0.662
0.302282
0.662
0.662
0.662
0.229339
0.662
0.662
0.301931
0.184637
0.365253
0.256538
0.662
0.662
0.0944104
0.662
0.584179
0.457239
0.662
0.0913733
0.264577
0.45573
0.662
0.662
0.195991
0.662
0.662
0.0964028
0.662
0.0258245
0.319427
0.662
0.662
0.456473
0.442353
0.662
0.228773
0.22359
0.133189
0.662
0.662
0.662
0.461874
0.662
0.353619
0.0971965
0.0380444
0.662
0.662
0.434066
0.0789543
0.662
0.662
0.160963
0.324026
0.662
0.0412701
0.662
0.432991
0.207772
0.475424
0.662
0.662
0.388423
0.220247
0.662
0.662
0.212555
0.408115
0.482215
0.662
0.662
0.0127537
0.445706
0.0272489
0.662
0.662
0.346952
0.0404253
0.662
0.0437961
0.662
0.41803
0.0957771
0.296696
0.662
0.28143
0.662
0.389103
0.107639
0.512964
0.021627
0.217427
0.662
0.145472
0.662
0.662
0.191434
0.300422
0.457909
0.511552
0.662
0.662
0.662
0.662
0.662
0.0756826
0.662
0.662
0.439516
0.0766771
0.662
0.281414
0.373362
0.354123
0.633694
0.438296
0.497641
0.662
0.662
0.157416
0.662
0.662
0.199262
0.0228662
0.662
0.330353
0.662
0.24257
0.662
0.662
0.662
0.662
0.173368
0.662
0.363736
0.662
0.662
0.271013
0.390773
0.338105
0.267293
0.662
0.239952
0.206251
0.662
0.662
0.000658638
0.662
0.662
0.662
0.662
0.587045
0.662
0.662
0.272552
0.662
0.154267
0.662
0.569985
0.426646
0.662
0.662
0.178787
0.205018
0.643619
0.662
0.662
0.662
0.662
0.662
0.590932
0.662
0.355738
0.662
0.662
0.662
0.662
0.662
0.419943
0.662
0.245597
0.662
0.662
0.446212
0.374023
0.662
0.662
0.418189
0.662
0.236242
0.662
0.662
0.662
0.0303312
0.136675
0.662
0.662
0.465787
0.662
0.552886
0.662
0.00410559
0.0497675
0.0306513
0.662
0.662
0.506846
0.0235667
0.242445
0.662
0.00943207
0.124288
0.662
0.662
0.157297
0.232775
0.662
0.0596472
0.662
0.0102997
0.662
0.662
0.662
0.662
0.662
0.314653
0.143929
0.662
0.210281
0.592836
0.662
0.329436
0.662
0.0554042
0.662
0.244048
0.662
0.0381209
0.662
0.662
0.662
0.449355
0.116428
0.662
0.0483286
0.662
0.662
0.662
0.662
0.194248
0.244971
0.662
0.662
0.339156
0.662
0.14217
0.662
0.00476643
0.109557
0.171554
0.662
0.662
0.662
0.662
0.662
0.543612
0.662
0.203307
0.155663
0.662
0.662
0.662
0.662
0.662
0.432805
0.662
0.138824
0.662
0.196276
0.451545
0.662
0.0487865
0.662
0.215789
0.662
0.662
0.662
0.309584
0.662
0.216637
0.450318
0.662
0.189825
0.359742
0.0921815
0.662
0.511232
0.662
0.359341
0.372305
0.662
0.650655
0.114034
0.662
0.111308
0.224676
0.24293
0.662
0.662
0.662
0.662
0.662
0.0583562
0.662
0.230364
0.662
0.0789844
0.210966
0.662
0.45862
0.662
0.662
0.0299733
0.00682535
0.662
0.0165305
0.662
0.269634
0.662
0.431708
0.662
0.312133
0.662
0.233991
0.662
0.351563
0.314654
0.662
0.252826
0.662
0.107077
0.303766
0.662
0.312566
0.662
0.662
0.585404
0.377259
0.662
0.662
0.662
0.0693971
0.662
0.458234
0.662
0.662
0.662
0.114535
0.662
0.662
0.662
0.660163
0.46069
0.662
0.194011
0.467107
0.0466737
0.662
0.0152799
0.328313
0.283948
0.662
0.26426
0.662
0.490316
0.121173
0.131103
0.662
0.662
0.662
0.662
0.264518
0.188418
0.393211
0.662
0.399044
0.662
0.012077
0.662
0.451011
0.662
0.662
0.215079
0.208193
0.662
0.662
0.662
0.103756
0.662
0.48862
0.629763
0.239549
0.613957
0.442559
0.662
0.201603
0.215359
0.435066
0.662
0.662
0.662
0.474637
0.350091
0.662
0.340492
0.662
0.4274
0.662
0.662
0.662
0.662
0.219266
0.0128783
0.359892
0.270764
0.662
0.452773
0.662
0.186923
0.662
0.35285
0.662
0.189908
0.662
0.662
0.662
0.525466
0.662
0.662
0.439342
0.662
0.287556
0.37887
0.662
0.34155
0.333373
0.662
0.382643
0.320068
0.251454
0.662
0.662
0.662
0.407768
0.604173
0.480018
0.439498
0.282519
0.662
0.211624
0.435811
0.662
0.662
0.662
0.662
0.662
0.662
0.105069
0.662
0.662
0.0125956
0.662
0.254942
0.393745
0.662
0.411566
0.366568
0.662
0.662
0.662
0.379825
0.662
0.491326
0.396216
0.662
0.160431
0.662
0.662
0.226334
0.554433
0.662
0.439773
0.444941
0.662
0.662
0.662
0.162939
0.415448
0.662
0.662
0.662
0.245924
0.662
0.662
0.145857
0.662
0.428544
0.464162
0.662
0.260746
0.662
0.137169
0.246329
0.662
0.00668
0.662
0.662
0.662
0.606726
0.230143
0.662
0.662
0.304232
0.391317
0.662
0.22565
0.516038
0.328426
0.662
0.483366
0.662
0.662
0.662
0.662
0.662
0.397318
0.141664
0.425303
0.134502
0.435937
0.662
0.662
0.662
0.662
0.662
0.155632
0.662
0.285062
0.662
0.212366
0.662
0.662
0.643682
0.46003
0.0662059
0.662
0.662
0.422393
0.662
0.281944
0.662
0.319626
0.314503
0.662
0.0562943
0.662
0.310462
0.148293
0.662
0.662
0.662
0.447041
0.662
0.662
0.662
0.0285288
0.662
0.118764
0.662
0.000641762
0.662
0.662
0.662
0.662
0.662
0.292783
0.116142
0.267993
0.367018
0.0235503
0.17298
0.228498
0.662
0.662
0.184064
0.662
0.403773
0.574414
0.662
0.038846
0.362339
0.662
0.198342
0.662
0.284579
0.269206
0.662
0.662
0.0252584
0.0580382
0.143765
0.311262
0.662
0.0638704
0.662
0.662
0.662
0.662
0.662
0.386703
0.175893
0.662
0.455901
0.662
0.662
0.14966
0.0280051
0.662
0.561114
0.18117
0.339227
0.662
0.296649
0.0636337
0.662
0.15467
0.662
0.662
0.662
0.450678
0.357437
0.367062
0.662
0.182209
0.662
0.36647
0.662
0.662
0.30059
0.265006
0.662
0.159979
0.662
0.0164708
0.662
0.662
0.325493
0.133376
0.276935
0.662
0.250731
0.662
0.662
0.227648
0.662
0.662
0.185848
0.4403
0.662
0.662
0.356995
0.662
0.421396
0.662
0.163281
0.662
0.470344
0.662
0.232414
0.662
0.471147
0.321482
0.662
0.662
0.662
0.662
0.662
0.662
0.11984
0.662
0.662
0.662
0.662
0.0465108
0.0966968
0.662
0.662
0.662
0.122329
0.662
0.662
0.107488
0.0664186
0.401014
0.088887
0.321007
0.662
0.662
0.662
0.662
0.0787427
0.258963
0.662
0.662
0.662
0.662
0.662
0.0850661
0.00428604
0.395647
0.662
0.365763
0.355915
0.662
0.0556977
0.662
0.237421
0.662
0.662
0.347252
0.662
0.662
0.283205
0.310838
0.316635
0.662
0.329773
0.465062
0.662
0.543928
0.662
0.112047
0.662
0.275716
0.127395
0.662
0.662
0.662
0.662
0.662
0.0295936
0.0164815
0.286873
0.385166
0.129265
0.364702
0.296306
0.454737
0.662
0.333576
0.662
0.238943
0.44691
0.662
0.453693
0.662
0.40163
0.662
0.662
0.0241868
0.431892
0.272468
0.662
0.44187
0.662
0.662
0.0517632
0.466055
0.0843492
0.0189859
0.662
0.662
0.662
0.662
0.209924
0.0495002
0.662
0.662
0.442577
0.344049
0.662
0.662
0.40222
0.000561828
0.662
0.306828
0.381293
0.0716658
0.2608
0.495997
0.315268
0.277021
0.275975
0.313451
0.22293
0.45768
0.110556
0.16556
0.662
0.662
0.449017
0.399603
0.074787
0.373345
0.662
0.662
0.590526
0.313285
0.401536
0.222164
0.662
0.348811
0.662
0.662
0.662
0.420522
0.662
0.0387022
0.231285
0.662
0.387319
0.0464627
0.0855466
0.662
0.150655
0.662
0.662
0.662
0.367344
0.236444
0.118146
0.662
0.437949
0.662
0.662
0.662
0.662
0.662
0.662
0.314202
0.662
0.662
0.505424
0.662
0.295537
0.662
0.662
0.662
0.282961
0.662
0.662
0.662
0.129761
0.0586362
0.662
0.662
0.662
0.33981
0.190464
0.662
0.662
0.662
0.441444
0.200948
0.662
0.619074
0.662
0.662
0.662
0.662
0.662
0.17489
0.662
0.486613
0.662
0.383767
0.367443
0.662
0.271389
0.662
0.662
0.662
0.408206
0.662
0.0803047
0.655504
0.662
0.13649
0.662
0.662
0.126696
0.262462
0.662
0.361476
0.231632
0.0303947
0.662
0.662
0.471829
0.1207
0.0923024
0.475587
0.231861
0.662
0.0760923
0.662
0.262904
0.662
0.213749
0.662
0.287505
0.148074
0.197212
0.240337
0.318524
0.242576
0.257789
0.128677
0.258971
0.662
0.574283
0.662
0.402115
0.662
0.322611
0.662
0.662
0.444805
0.662
0.662
0.277245
0.662
0.314874
0.662
0.195455
0.662
0.662
0.138518
0.106923
0.662
0.662
0.662
0.662
0.662
0.662
0.662
0.662
0.662
0.159175
0.409277
0.662
0.662
0.662
0.00122132
0.662
0.289254
0.662
0.662
0.662
0.662
0.365138
0.662
0.662
0.391991
0.0509342
0.662
0.662
0.662
0.562801
0.438943
0.015563
0.662
0.662
0.167374
0.662
0.412134
0.662
0.662
0.10508
0.662
0.662
0.662
0.662
0.662
0.662
0.451494
0.662
0.205647
0.376594
0.210471
0.662
0.662
0.662
0.662
0.662
0.662
0.114457
0.463848
0.662
0.662
0.662
0.662
0.255942
0.344468
0.179358
0.662
0.128914
0.662
0.25007
0.0556149
0.146858
0.0691847
0.662
0.662
0.482592
0.0135023
0.0868985
0.336963
0.0154684
0.662
0.0947255
0.662
0.662
0.356829
0.662
0.400517
0.662
0.662
0.0416394
0.281927
0.662
0.118466
0.662
0.266181
0.453369
0.50001
0.662
0.0189332
0.0101649
0.394617
0.662
0.407163
0.149306
0.137583
0.662
0.662
0.662
0.662
0.109736
0.0812069
0.0595132
0.391042
0.662
0.414239
0.662
0.662
0.307788
0.662
0.329986
0.662
0.662
0.662
0.662
0.662
0.662
0.662
0.662
0.408289
0.662
0.0420175
0.662
0.662
0.507064
0.662
0.372322
0.662
0.440846
0.471029
0.662
0.137258
0.662
0.0581508
0.662
0.353887
0.182741
0.309961
0.662
0.662
0.662
0.420604
0.662
0.662
0.662
0.662
0.143417
0.662
0.0302756
0.662
0.662
0.208638
0.662
0.422406
0.662
0.472722
0.662
0.662
0.0947966
0.662
0.662
0.662
0.153518
0.101958
0.273231
0.620009
0.350804
0.661053
0.418314
0.662
0.501936
0.439037
0.662
0.558541
0.662
0.245054
0.662
0.662
0.29811
0.0596685
0.662
0.233844
0.662
0.16193
0.662
0.662
0.662
0.366499
0.63339
0.662
0.662
0.662
0.461993
0.13544
0.662
0.134454
0.662
0.662
0.416024
0.280326
0.662
0.662
0.241139
0.355785
0.406092
0.662
0.662
0.662
0.17253
0.662
0.0223627
0.662
0.423628
0.662
0.239592
0.257828
0.662
0.19031
0.662
0.158846
0.305561
0.662
0.662
0.662
0.662
0.662
0.662
0.662
0.662
0.662
0.197085
0.662
0.273679
0.642452
0.662
0.662
0.106159
0.295094
0.117153
0.2879
0.00711329
0.662
0.662
0.662
0.00653398
0.179315
0.662
0.662
0.662
0.00526884
0.512633
0.662
0.189758
0.0294657
0.277868
0.662
0.0373817
0.662
0.662
0.182421
0.432816
0.22429
0.662
0.0120348
0.662
0.662
0.662
0.442468
0.154045
0.662
0.662
0.310691
0.479888
0.662
0.662
0.340542
0.662
0.273982
0.662
0.0459595
0.289195
0.206817
0.662
0.337257
0.0240045
0.662
0.385326
0.547124
0.662
0.119954
0.336115
0.264746
0.372168
0.662
0.662
0.0808625
0.300964
0.139127
0.662
0.662
0.0818656
0.662
0.662
0.662
0.662
0.662
0.662
0.393495
0.241364
0.169097
0.662
0.440748
0.662
0.662
0.443749
0.450259
0.662
0.271032
0.111949
0.662
0.662
0.43575
0.662
0.328872
0.569002
0.103867
0.662
0.662
0.662
0.388286
0.465247
0.662
0.278725
0.605382
0.39165
0.0948995
0.662
0.628147
0.662
0.662
0.662
0.662
0.63339
0.662
0.662
0.290342
0.662
0.662
0.304487
0.109759
0.662
0.384132
0.431565
0.662
0.557677
0.132925
0.662
0.453304
0.662
0.662
0.662
0.662
0.102125
0.462804
0.662
0.255905
0.307527
0.369489
0.453165
0.133349
0.478833
0.662
0.662
0.662
0.337713
0.422838
0.443439
0.662
0.662
0.662
0.662
0.662
0.200748
0.39914
0.0354062
0.19773
0.662
0.553031
0.662
0.0356241
0.323262
0.662
0.173363
0.017999
0.230015
0.407461
0.662
0.662
0.662
0.662
0.662
0.306558
0.662
0.662
0.215606
0.662
0.662
0.112932
0.662
0.135158
0.420054
0.662
0.165618
0.662
0.662
0.200374
0.662
0.662
0.180371
0.388635
0.662
0.65931
0.662
0.201389
0.662
0.205703
0.662
0.132295
0.662
0.0736476
0.662
0.662
0.00887649
0.240891
0.662
0.662
0.662
0.0567922
0.662
0.459228
0.435622
0.0318548
0.0716299
0.662
0.662
0.662
0.662
0.282774
0.399478
0.662
0.662
0.633694
0.0128307
0.258815
0.17069
0.152063
0.629763
0.662
0.662
0.365786
0.662
0.420565
0.48427
0.0247419
0.44831
0.194436
0.662
0.393168
0.438467
0.447262
0.439272
0.346111
0.271725
0.662
0.624489
0.131611
0.44805
0.662
0.346802
0.662
0.662
0.118722
0.662
0.411933
0.662
0.288918
0.212162
0.662
0.21731
0.662
0.662
0.258825
0.558819
0.224297
0.662
0.457724
0.33718
0.662
0.662
0.662
0.260843
0.419629
0.627211
0.437882
0.284079
0.314545
0.662
0.662
0.662
0.375049
0.0652153
0.662
0.662
0.217353
0.566694
0.662
0.0889064
0.662
0.662
0.23113
0.662
0.662
0.276682
0.662
0.381466
0.662
0.185273
0.662
0.662
0.662
0.389937
0.662
0.358335
0.662
0.0242969
0.455098
0.175627
0.662
0.149383
0.255117
0.662
0.662
0.662
0.662
0.662
0.662
0.473637
0.289972
0.662
0.0936931
0.662
0.662
0.662
0.662
0.662
0.662
0.662
0.662
0.109043
0.0430455
0.0209122
0.662
0.662
0.662
0.338488
0.309332
0.662
0.225882
0.662
0.662
0.457789
0.0959897
0.662
0.418992
0.662
0.27728
0.504877
0.46339
0.662
0.662
0.38923
0.662
0.662
0.469437
0.324352
0.190787
0.562207
0.414208
0.212235
0.0887023
0.662
0.398727
0.240303
0.336195
0.266449
0.0511085
0.261353
0.121248
0.633694
0.662
0.662
0.345581
0.311115
0.535398
0.662
0.662
0.662
0.662
0.662
0.394163
0.056594
0.0306346
0.662
0.0701666
0.662
0.010242
0.662
0.662
0.662
0.662
0.662
0.662
0.351612
0.662
0.118972
0.662
0.246806
0.662
0.662
0.203958
0.0567055
0.633391
0.662
0.358474
0.425454
0.0215948
0.391612
0.662
0.662
0.662
0.342821
0.662
0.662
0.00117709
0.271417
0.634881
0.0408033
0.662
0.662
0.291497
0.662
0.260312
0.662
0.507543
0.662
0.662
0.371763
0.168173
0.662
0.3145
0.064494
0.662
0.0907689
0.662
0.339344
0.662
0.662
0.0602876
0.662
0.662
0.662
0.45063
0.458512
0.662
0.662
0.296792
0.662
0.662
0.16918
0.662
0.662
0.662
0.161453
0.662
0.662
0.662
0.662
0.304542
0.662
0.633391
0.385796
0.662
0.290787
0.662
0.22528
0.662
0.662
0.219671
0.245364
0.662
0.631069
0.464951
0.242404
0.662
0.388831
0.662
0.369234
0.202715
0.662
0.662
0.662
0.253838
0.249258
0.51084
0.662
0.662
0.662
0.662
0.0943025
0.662
0.244634
0.662
0.152747
0.662
0.127279
0.323686
0.306376
0.662
0.416136
0.662
0.407408
0.662
0.662
0.662
0.662
0.0644047
0.380257
0.662
0.399132
0.0380811
0.662
0.662
0.254947
0.662
0.662
0.476754
0.662
0.122343
0.595284
0.127462
0.23032
0.662
0.662
0.0332786
0.662
0.400159
0.662
0.62897
0.144389
0.662
0.662
0.315662
0.662
0.0460942
0.662
0.662
0.0699312
0.302343
0.662
0.662
0.662
0.0523135
0.662
0.662
0.379999
0.499285
0.400038
0.662
0.662
0.662
0.662
0.477038
0.662
0.0241352
0.28394
0.662
0.0326734
0.662
0.662
0.662
0.441339
0.662
0.254703
0.662
0.575689
0.662
0.662
0.662
0.662
0.662
0.148037
0.39377
0.217551
0.139662
0.662
0.598405
0.221933
0.295545
0.0516264
0.209686
0.662
0.662
0.0348318
0.0558507
0.662
0.662
0.662
0.662
0.662
0.134074
0.662
0.662
0.662
0.662
0.662
0.662
0.436236
0.662
0.662
0.027847
