0.662
0.318263
0.662
0.203192
0.534649
0.0862994
0.476072
0.662
0.662
0.0563165
0.662
0.136725
0.662
0.319838
0.662
0.662
0.662
0.662
0.295362
0.662
0.662
0.662
0.329422
0.662
0.662
0.152449
0.180217
0.310504
0.662
0.123262
0.662
0.662
0.432055
0.662
0.662
0.662
0.117502
0.459628
0.662
0.209988
0.460793
0.574675
0.662
0.208983
0.362163
0.662
0.0404446
0.662
0.662
0.662
0.37351
0.662
0.662
0.519899
0.662
0.457666
0.426743
0.429127
0.662
0.662
0.662
0.662
0.172262
0.360014
0.662
0.334268
0.662
0.304147
0.662
0.406683
0.662
0.662
0.071861
0.332151
0.662
0.0607449
0.662
0.0973435
0.662
0.662
0.662
0.662
0.390908
0.359553
0.378807
0.102157
0.662
0.338854
0.662
0.662
0.662
0.367501
0.0572675
0.662
0.11372
0.662
0.662
0.662
0.214991
0.189209
0.277739
0.167807
0.552748
0.432784
0.320784
0.662
0.662
0.662
0.662
0.419221
0.662
0.662
0.594935
0.247031
0.053985
0.662
0.662
0.662
0.662
0.662
0.0672548
0.662
0.0128169
0.662
0.136597
0.662
0.257335
0.662
0.662
0.662
0.216306
0.662
0.662
0.662
0.237241
0.286332
0.0625899
0.662
0.429575
0.0326621
0.427518
0.662
0.243372
0.619972
0.218932
0.335386
0.407095
0.662
0.662
0.404576
0.476253
0.662
0.169147
0.211119
0.662
0.219229
0.525479
0.662
0.662
0.662
0.662
0.222173
0.00679037
0.2099
0.662
0.662
0.123545
0.424215
0.662
0.28073
0.4383
0.662
0.0408453
0.662
0.662
0.548565
0.662
0.662
0.0726885
0.662
0.662
0.662
0.662
0.662
0.662
0.662
0.0289801
0.662
0.662
0.662
0.236075
0.662
0.478897
0.662
0.427121
0.187736
0.418244
0.662
0.662
0.059121
0.444099
0.662
0.474157
0.662
0.662
0.117951
0.662
0.15379
0.0948209
0.662
0.662
0.131596
0.140037
0.662
0.662
0.128209
0.662
0.662
0.662
0.413399
0.662
0.662
0.0589321
0.662
0.662
0.662
0.662
0.662
0.442468
0.662
0.0601662
0.549236
0.305222
0.332618
0.662
0.391398
0.44041
0.662
0.662
0.662
0.662
0.40182
0.662
0.199861
0.147125
0.662
0.173878
0.662
0.37915
0.342495
0.351844
0.381756
0.105345
0.622949
0.661688
0.662
0.322022
0.662
0.0495037
0.662
0.662
0.662
0.365693
0.223257
0.303678
0.472157
0.304431
0.59041
0.0556308
0.662
0.3614
0.662
0.196031
0.054003
0.47212
0.0172071
0.662
0.662
0.662
0.430482
0.582522
0.662
0.465783
0.662
0.343201
0.662
0.662
0.662
0.662
0.662
0.493463
0.662
0.316847
0.00537843
0.662
0.662
0.609744
0.0629392
0.662
0.0339356
0.662
0.662
0.662
0.662
0.310164
0.121744
0.00374037
0.662
0.284346
0.0144268
0.262567
0.662
0.662
0.662
0.662
0.662
0.662
0.662
0.602401
0.662
0.662
0.2101
0.662
0.662
0.115582
0.444266
0.662
0.153003
0.283152
0.662
0.465155
0.241821
0.135348
0.662
0.662
0.662
0.662
0.47099
0.662
0.662
0.368982
0.662
0.355343
0.662
0.662
0.53948
0.662
0.0554042
0.662
0.334484
0.662
0.321089
0.184064
0.406944
0.459299
0.662
0.00830331
0.278098
0.521108
0.290237
0.305907
0.217967
0.662
0.662
0.283506
0.476901
0.662
0.662
0.662
0.325621
0.073387
0.662
0.662
0.389079
0.557504
0.662
0.34247
0.662
0.662
0.149718
0.662
0.662
0.662
0.662
0.402904
0.605173
0.662
0.662
0.133578
0.662
0.662
0.662
0.662
0.0718228
0.274531
0.662
0.662
0.0774204
0.140461
0.662
0.21528
0.662
0.0967934
0.415937
0.662
0.662
0.662
0.662
0.234794
0.421935
0.187093
0.230142
0.0391052
0.0355143
0.662
0.129694
0.385233
0.662
0.662
0.662
0.246881
0.662
0.662
0.313756
0.195064
0.662
0.662
0.15552
0.345648
0.33249
0.662
0.662
0.662
0.662
0.662
0.662
0.45072
0.423383
0.227648
0.17318
0.355434
0.360616
0.662
0.662
0.451299
0.662
0.0417753
0.662
0.662
0.174826
0.557112
0.383305
0.369385
0.163298
0.242572
0.662
0.662
0.488199
0.662
0.662
0.662
0.662
0.662
0.53468
0.105764
0.662
0.662
0.662
0.662
0.662
0.662
0.0172218
0.662
0.662
0.107205
0.662
0.662
0.662
0.662
0.0751283
0.431442
0.662
0.662
0.0487411
0.240704
0.33816
0.410808
0.486558
0.275169
0.0612361
0.662
0.662
0.141755
0.662
0.662
0.662
0.662
0.621337
0.464429
0.109293
0.458128
0.662
0.662
0.662
0.627659
0.662
0.662
0.662
0.205911
0.44503
0.662
0.107987
0.0456042
0.0227727
0.662
0.00507693
0.531421
0.662
0.369307
0.662
0.0262724
0.662
0.662
0.662
0.157672
0.662
0.0560448
0.662
0.662
0.662
0.215392
0.662
0.662
0.159896
0.662
0.398875
0.422092
0.662
0.455329
0.531149
0.0196339
0.662
0.20538
0.662
0.285897
0.662
0.662
0.4542
0.0454084
0.662
0.662
0.140979
0.299401
0.662
0.662
0.201652
0.662
0.426437
0.261114
0.18707
0.662
0.662
0.447142
0.662
0.662
0.193645
0.662
0.662
0.662
0.662
0.662
0.370413
0.662
0.662
0.662
0.225601
0.611701
0.662
0.309952
0.387643
0.662
0.0964028
0.662
0.614222
0.221967
0.662
0.0508331
0.662
0.419294
0.662
0.357561
0.470521
0.327147
0.662
0.662
0.662
0.662
0.0055931
0.00544099
0.211702
0.662
0.662
0.662
0.662
0.463214
0.662
0.610215
0.477212
0.662
0.056093
0.288533
0.155802
0.426078
0.299822
0.662
0.371213
0.662
0.096972
0.106193
0.236932
0.662
0.662
0.40471
0.127438
0.662
0.127259
0.00648908
0.662
0.0516861
0.662
0.466312
0.662
0.662
0.620815
0.455386
0.149618
0.295036
0.662
0.0125511
0.662
0.204269
0.12932
0.44653
0.464949
0.420551
0.662
0.662
0.662
0.15161
0.662
0.662
0.135067
0.269268
0.0761407
0.388536
0.662
0.282913
0.662
0.662
0.662
0.662
0.373195
0.171192
0.34629
0.662
0.662
0.00257581
0.434249
0.662
0.662
0.662
0.244409
0.187699
0.0233752
0.662
0.349762
0.184255
0.662
0.662
0.14609
0.662
0.310704
0.0397368
0.227951
0.662
0.662
0.144687
0.457734
0.266791
0.242516
0.156327
0.662
0.662
0.662
0.197004
0.662
0.662
0.418765
0.662
0.662
0.466998
0.662
0.182785
0.204079
0.662
0.662
0.378461
0.662
0.0257723
0.662
0.258669
0.662
0.247115
0.278702
0.322022
0.412606
0.0193674
0.199834
0.662
0.662
0.662
0.662
0.662
0.662
0.662
0.662
0.662
0.662
0.662
0.32802
0.410344
0.662
0.662
0.662
0.662
0.662
0.662
0.662
0.662
0.662
0.662
0.662
0.662
0.130637
0.662
0.662
0.120423
0.662
0.324743
0.662
0.662
0.0498218
0.662
0.662
0.338081
0.662
0.662
0.422225
0.342764
0.180289
0.662
0.131441
0.662
0.209049
0.52155
0.662
0.353152
0.662
0.662
0.662
0.236047
0.662
0.662
0.025294
0.662
0.662
0.662
0.0254137
0.306263
0.430734
0.281238
0.327172
0.468074
0.662
0.662
0.662
0.662
0.196348
0.0648934
0.662
0.24184
0.333859
0.378107
0.662
0.662
0.662
0.662
0.417251
0.0570667
0.662
0.662
0.174423
0.662
0.662
0.662
0.662
0.662
0.118921
0.393334
0.662
0.662
0.662
0.124339
0.182406
0.416518
0.662
0.0452306
0.170749
0.19817
0.0906409
0.266528
0.662
0.238396
0.662
0.236756
0.662
0.264125
0.662
0.416247
0.662
0.0709221
0.662
0.294747
0.662
0.662
0.5228
0.504873
0.662
0.163557
0.662
0.662
0.662
0.475361
0.422999
0.662
0.00476739
0.662
0.302848
0.412234
0.662
0.662
0.620108
0.662
0.662
0.662
0.662
0.28233
0.662
0.304874
0.417265
0.185725
0.322687
0.662
0.662
0.662
0.098705
0.662
0.662
0.361959
0.230481
0.662
0.344524
0.423638
0.47339
0.190803
0.00391724
0.560474
0.662
0.662
0.429657
0.662
0.662
0.662
0.662
0.284078
0.662
0.662
0.662
0.293008
0.310631
0.231794
0.431754
0.662
0.18856
0.662
0.662
0.244407
0.662
0.300403
0.0220117
0.560585
0.662
0.393711
0.662
0.242087
0.073671
0.662
0.0714079
0.662
0.662
0.662
0.0862583
0.662
0.662
0.449406
0.662
0.278626
0.378139
0.662
0.211329
0.00369598
0.0350729
0.662
0.662
0.662
0.662
0.311949
0.662
0.662
0.662
0.435321
0.39764
0.319748
0.662
0.222153
0.662
0.662
0.662
0.662
0.662
0.259277
0.662
0.0166675
0.662
0.132684
0.662
0.142826
0.475001
0.0435028
0.328411
0.662
0.232111
0.213006
0.555196
0.662
0.662
0.662
0.662
0.662
0.44624
0.20772
0.662
0.200457
0.634116
0.662
0.574524
0.00114546
0.275567
0.225435
0.662
0.662
0.468651
0.662
0.662
0.0475535
0.239189
0.465784
0.587045
0.662
0.662
0.662
0.586991
0.363638
0.662
0.662
0.662
0.662
0.662
0.185623
0.662
0.662
0.662
0.662
0.0566384
0.662
0.662
0.308366
0.438631
0.662
0.662
0.662
0.370208
0.662
0.662
0.0197749
0.30095
0.662
0.662
0.662
0.662
0.413835
0.0190198
0.662
0.132932
0.239639
0.601318
0.0375136
0.662
0.340331
0.181228
0.662
0.662
0.461374
0.662
0.662
0.148793
0.662
0.662
0.662
0.0858
0.236163
0.662
0.548633
0.662
0.662
0.662
0.662
0.662
0.662
0.448639
0.662
0.662
0.662
0.331072
0.662
0.173945
0.662
0.662
0.662
0.662
0.158779
0.662
0.662
0.366518
0.0803429
0.48414
0.20275
0.662
0.662
0.662
0.510848
0.139469
0.173765
0.662
0.662
0.662
0.244367
0.303224
0.0856741
0.662
0.662
0.662
0.221275
0.339321
0.662
0.662
0.300527
0.662
0.662
0.662
0.460129
0.367493
0.662
0.0138256
0.662
0.662
0.296821
0.633391
0.662
0.295988
0.662
0.662
0.662
0.454228
0.119478
0.662
0.662
0.662
0.662
0.662
0.535051
0.449195
0.662
0.662
0.662
0.438767
0.662
0.2606
0.662
0.662
0.17545
0.230098
0.265862
0.662
0.217931
0.662
0.662
0.322241
0.662
0.463821
0.384375
0.41816
0.431217
0.160897
0.169331
0.662
0.662
0.0957253
0.351726
0.662
0.662
0.662
0.172821
0.662
0.662
0.276205
0.505339
0.474274
0.33883
0.662
0.662
0.662
0.0837689
0.136425
0.159962
0.662
0.244424
0.0212129
0.662
0.662
0.340486
0.662
0.662
0.662
0.662
0.662
0.662
0.662
0.342355
0.662
0.252366
0.662
0.662
0.662
0.291323
0.241634
0.662
0.289801
0.662
0.297953
0.400412
0.057203
0.0086251
0.662
0.330243
0.662
0.0198555
0.662
0.662
0.662
0.662
0.259327
0.269578
0.662
0.662
0.438573
0.662
0.351426
0.293059
0.662
0.662
0.392485
0.300033
0.662
0.235913
0.662
0.434345
0.662
0.662
0.662
0.662
0.523686
0.662
0.404892
0.662
0.662
0.0575631
0.260096
0.662
0.662
0.237358
0.662
0.662
0.662
0.405372
0.392173
0.662
0.662
0.29877
0.311855
0.662
0.662
0.662
0.0602108
0.662
0.0583172
0.662
0.312519
0.662
0.662
0.662
0.549844
0.127863
0.289337
0.473283
0.599574
0.0666166
0.662
0.662
0.662
0.662
0.662
0.662
0.662
0.662
0.662
0.662
0.241669
0.662
0.662
0.429776
0.662
0.662
0.662
0.466336
0.662
0.662
0.662
0.662
0.662
0.662
0.662
0.662
0.457734
0.662
0.21844
0.466451
0.45595
0.662
0.137353
0.662
0.194236
0.175288
0.658568
0.347837
0.285339
0.219747
0.662
0.662
0.0107871
0.662
0.662
0.140967
0.099636
0.18334
0.662
0.352053
0.275342
0.371079
0.255115
0.396185
0.662
0.662
0.662
0.257248
0.662
0.662
0.454443
0.337759
0.216262
0.662
0.662
0.662
0.233684
0.662
0.00828734
0.662
0.388763
0.295812
0.235984
0.0770356
0.365991
0.11368
0.662
0.662
0.0161009
0.662
0.382727
0.662
0.302707
0.662
0.355028
0.122928
0.296639
0.196714
0.662
0.662
0.240051
0.662
0.414635
0.662
0.473348
0.225457
0.341798
0.32815
0.222681
0.662
0.0154752
0.662
0.662
0.662
0.662
0.312202
0.284445
0.0420549
0.662
0.662
0.662
0.662
0.662
0.0526838
0.311187
0.415757
0.662
0.388144
0.102308
0.400328
0.47436
0.662
0.662
0.633391
0.662
0.662
0.158344
0.100633
0.0123123
0.320235
0.197875
0.662
0.662
0.493879
0.662
0.662
0.378554
0.662
0.0368514
0.662
0.334205
0.173047
0.39802
0.471852
0.662
0.662
0.662
0.662
0.662
0.25598
0.11503
0.662
0.662
0.575189
0.458376
0.347139
0.139056
0.183584
0.662
0.349756
0.662
0.662
0.276557
0.129116
0.662
0.0119348
0.662
0.662
0.409748
0.0661798
0.222747
0.662
0.662
0.363183
0.33468
0.662
0.247048
0.195057
0.00796547
0.435947
0.662
0.662
0.116941
0.585073
0.0471693
0.662
0.662
0.581651
0.662
0.517424
0.318529
0.662
0.39502
0.662
0.662
0.104804
0.0403338
0.425968
0.662
0.35285
0.415145
0.662
0.662
0.180472
0.662
0.41506
0.314902
0.662
0.118388
0.662
0.662
0.662
0.361653
0.662
0.662
0.662
0.662
0.662
0.662
0.662
0.662
0.662
0.241992
0.27706
0.662
0.662
0.149287
0.662
0.484886
0.412824
0.445186
0.662
0.0712825
0.662
0.662
0.345462
0.662
0.300935
0.662
0.476955
0.270278
0.662
0.662
0.662
0.0820924
0.662
0.218614
0.302285
0.259492
0.397618
0.146833
0.158503
0.662
0.662
0.662
0.662
0.662
0.662
0.0192272
0.413046
0.232392
0.0252157
0.662
0.451265
0.155563
0.172633
0.0623398
0.662
0.662
0.435045
0.662
0.241714
0.662
0.662
0.662
0.662
0.177864
0.662
0.662
0.433738
0.662
0.662
0.168327
0.417782
0.662
0.461901
0.211805
0.662
0.219471
0.440179
0.662
0.0354863
0.076926
0.662
0.662
0.182331
0.662
0.662
0.452699
0.395822
0.662
0.662
0.419401
0.662
0.662
0.138412
0.662
0.238862
0.662
0.0162635
0.662
0.328405
0.0270899
0.662
0.15297
0.662
0.662
0.447762
0.662
0.474278
0.59883
0.469829
0.662
0.096291
0.264333
0.662
0.662
0.363316
0.662
0.662
0.395894
0.3459
0.662
0.2198
0.662
0.662
0.523266
0.662
0.636129
0.662
0.662
0.662
0.662
0.205083
0.662
0.333732
0.662
0.0282737
0.120789
0.424664
0.081898
0.290257
0.662
0.1424
0.662
0.662
0.662
0.457816
0.662
0.410506
0.662
0.230652
0.366732
0.662
0.0595
0.662
0.356099
0.227409
0.356688
0.286734
0.662
0.532827
0.662
0.662
0.461235
0.662
0.662
0.239517
0.662
0.199349
0.662
0.662
0.408785
0.662
0.320203
0.0364403
0.479789
0.156451
0.662
0.341319
0.37939
0.00426024
0.662
0.432154
0.662
0.662
0.413518
0.448905
0.105715
0.208391
0.662
0.336057
0.342793
0.443893
0.367163
0.00117752
0.662
0.047638
0.662
0.662
0.400564
0.117003
0.662
0.261599
0.662
0.662
0.662
0.384707
0.662
0.662
0.662
0.662
0.662
0.662
0.662
0.418656
0.662
0.662
0.494002
0.662
0.662
0.601135
0.100982
0.249883
0.357771
0.662
0.104173
0.662
0.258404
0.662
0.185165
0.662
0.406025
0.0163179
0.662
0.662
0.418183
0.268759
0.662
0.662
0.662
0.662
0.662
0.111412
0.451059
0.662
0.662
0.522008
0.455815
0.0360693
0.138019
0.662
0.0868193
0.475233
0.210932
0.177177
0.246624
0.662
0.348504
0.662
0.662
0.383991
0.355136
0.662
0.386717
0.340656
0.662
0.364882
0.484739
0.662
0.10943
0.556611
0.662
0.447782
0.662
0.483697
0.662
0.662
0.403644
0.150309
0.662
0.445478
0.662
0.662
0.406605
0.185847
0.0992407
0.662
0.542321
0.662
0.662
0.662
0.662
0.662
0.324252
0.0174885
0.393726
0.662
0.150413
0.297799
0.662
0.430248
0.662
0.348844
0.631071
0.662
0.662
0.662
0.280449
0.662
0.152382
0.234839
0.186479
0.662
0.273751
0.0162017
0.662
0.0867512
0.015228
0.662
0.242811
0.662
0.662
0.662
0.662
0.662
0.408496
0.662
0.662
0.358176
0.541632
0.662
0.662
0.662
0.662
0.284441
0.00296995
0.458326
0.662
0.662
0.662
0.662
0.105373
0.662
0.662
0.662
0.387937
0.321289
0.662
0.662
0.662
0.227228
0.0560923
0.662
0.405767
0.662
0.662
0.662
0.114906
0.662
0.043025
0.267182
0.592209
0.350751
0.662
0.324085
0.662
0.662
0.297486
0.662
0.662
0.304014
0.662
0.662
0.124664
0.662
0.662
0.283253
0.0474264
0.662
0.662
0.358766
0.662
0.0580382
0.662
0.391951
0.443423
0.346414
0.662
0.662
0.662
0.0675718
0.0324432
0.239102
0.290461
0.432271
0.360152
0.662
0.148429
0.0819998
0.662
0.350803
0.662
0.662
0.662
0.370727
0.662
0.662
0.13649
0.662
0.662
0.324608
0.0164125
0.662
0.662
0.223551
0.0443655
0.662
0.14569
0.217075
0.662
0.662
0.0701855
0.662
0.194712
0.662
0.662
0.662
0.662
0.662
0.00856073
0.662
0.662
0.451734
0.390428
0.662
0.0271219
0.362408
0.222343
0.662
0.662
0.113638
0.662
0.662
0.662
0.163715
0.282742
0.464002
0.00950761
0.662
0.446927
0.662
0.352113
0.662
0.462818
0.0858653
0.403737
0.236597
0.662
0.267057
0.662
0.662
0.33101
0.237425
0.662
0.349658
0.457084
0.662
0.0644559
0.662
0.0695746
0.662
0.374832
0.0511406
0.662
0.662
0.662
0.0983361
0.302908
0.416682
0.435008
0.308824
0.662
0.219554
0.593916
0.422472
0.662
0.662
0.662
0.662
0.662
0.170294
0.349822
0.00108527
0.662
0.662
0.662
0.662
0.662
0.662
0.662
0.662
0.662
0.418689
0.400962
0.170988
0.153804
0.0267312
0.0877296
0.10332
0.152246
0.662
0.40844
0.662
0.35195
0.336971
0.294763
0.135963
0.364908
0.662
0.662
0.662
0.662
0.662
0.662
0.662
0.662
0.662
0.361927
0.0568799
0.662
0.662
0.0253614
0.46784
0.153529
0.662
0.405548
0.0918642
0.662
0.413983
0.662
0.0802701
0.662
0.662
0.0931354
0.350797
0.662
0.662
0.662
0.52891
0.470442
0.662
0.662
0.351118
0.285859
0.662
0.662
0.422482
0.257386
0.662
0.662
0.662
0.252856
0.662
0.662
0.662
0.349317
0.662
0.21949
0.213183
0.428163
0.174928
0.662
0.662
0.662
0.662
0.310688
0.662
0.633391
0.662
0.662
0.45428
0.662
0.34832
0.478268
0.662
0.662
0.200561
0.388229
0.662
0.255476
0.662
0.436733
0.272196
0.662
0.662
0.662
0.662
0.355447
0.384032
0.662
0.662
0.662
0.454054
0.662
0.662
0.662
0.0747794
0.662
0.238397
0.662
0.662
0.662
0.662
0.662
0.662
0.0810561
0.662
0.662
0.322549
0.662
0.662
0.662
0.662
0.662
0.0874273
0.436331
0.662
0.662
0.662
0.662
0.662
0.132314
0.230733
0.662
0.137763
0.460009
0.0642488
0.0937929
0.195462
0.537728
0.662
0.136157
0.662
0.662
0.662
0.114843
0.662
0.662
0.288372
0.0122643
0.441785
0.176256
0.662
0.662
0.662
0.662
0.662
0.662
0.373641
0.445466
0.409801
0.0756983
0.662
0.480929
0.662
0.662
0.662
0.662
0.229015
0.0593917
0.386817
0.422907
0.112329
0.234927
0.662
0.00735764
0.662
0.662
0.200269
0.662
0.0422768
0.253104
0.629015
0.662
0.450165
0.662
0.0711903
0.662
0.662
0.662
0.662
0.0242964
0.330314
0.662
0.0311632
0.11203
0.662
0.305732
0.402933
0.662
0.381953
0.662
0.662
0.662
0.236576
0.0165535
0.662
0.662
0.662
0.662
0.662
0.0562979
0.662
0.662
0.321008
0.662
0.662
0.271338
0.662
0.662
0.662
0.275236
0.442564
0.0165616
0.218097
0.662
0.662
0.240882
0.404547
0.331476
0.628635
0.662
0.662
0.662
0.505758
0.297
0.271441
0.662
0.0154077
0.298821
0.266699
0.662
0.662
0.476919
0.12975
0.662
0.203419
0.662
0.662
0.458105
0.110987
0.662
0.662
0.662
0.0732925
0.207872
0.662
0.662
0.662
0.662
0.076629
0.662
0.402801
0.360531
0.245328
0.662
0.662
0.238499
0.437804
0.662
0.662
0.662
0.662
0.662
0.369323
0.662
0.227322
0.662
0.662
0.310656
0.424957
0.382398
0.662
0.146219
0.662
0.662
0.662
0.0338019
0.662
0.359966
0.23898
0.46706
0.0147216
0.662
0.0327722
0.662
0.490764
0.0581508
0.662
0.662
0.585326
0.204191
0.157479
0.662
0.662
0.368126
0.662
0.0196985
0.662
0.471338
0.403945
0.662
0.360191
0.0202828
0.662
0.662
0.484373
0.210468
0.0632586
0.394697
0.662
0.662
0.662
0.164589
0.37403
0.662
0.662
0.662
0.401899
0.662
0.00954075
0.662
0.256878
0.662
0.0370063
0.662
0.662
0.662
0.662
0.115289
0.662
0.340063
0.491028
0.438406
0.662
0.206243
0.167998
0.662
0.662
0.543696
0.662
0.662
0.662
0.25685
0.173286
0.490281
0.445064
0.137999
0.662
0.476698
0.662
0.0615877
0.662
0.588917
0.662
0.342401
0.662
0.662
0.317051
0.662
0.580664
0.579847
0.662
0.662
0.055232
0.662
0.662
0.662
0.257557
0.299225
0.662
0.662
0.662
0.662
0.10355
0.204445
0.211112
0.216511
0.662
0.0229808
0.307924
0.261364
0.383978
0.662
0.492206
0.167371
0.662
0.374902
0.662
0.486974
0.662
0.457187
0.662
0.0609136
0.662
0.662
0.235291
0.662
0.662
0.35595
0.662
0.590831
0.204296
0.662
0.094435
0.601342
0.662
0.662
0.0507045
0.592054
0.270145
0.662
0.662
0.662
0.088071
0.662
0.662
0.385708
0.588759
0.305594
0.662
0.299463
0.153556
0.662
0.662
0.377112
0.662
0.602364
0.18821
0.392512
0.662
0.662
0.103013
0.662
0.287711
0.662
0.662
0.105763
0.376328
0.662
0.168887
0.218771
0.662
0.662
0.662
0.662
0.476023
0.662
0.662
0.137389
0.287982
0.662
0.662
0.662
0.662
0.662
0.120774
0.100728
0.662
0.662
0.662
0.662
0.662
0.228205
0.662
0.662
0.377203
0.229578
0.24107
0.662
0.662
0.325347
0.153093
0.354063
0.662
0.020365
0.0733376
0.662
0.662
0.662
0.662
0.662
0.662
0.662
0.323382
0.10698
0.662
0.330496
0.435422
0.662
0.662
0.25503
0.662
0.662
0.275568
0.00670785
0.0226094
0.662
0.662
0.662
0.662
0.662
0.197506
0.419251
0.160192
0.662
0.662
0.662
0.662
0.519739
0.475788
0.415625
0.347852
0.224692
0.197763
0.0450026
0.325492
0.367314
0.662
0.227194
0.183782
0.020953
0.263837
0.479412
0.662
0.662
0.662
0.092157
0.41756
0.662
0.662
0.131769
0.662
0.662
0.367862
0.238019
0.662
0.241468
0.662
0.662
0.0300153
0.662
0.662
0.0400688
0.388322
0.37507
0.409218
0.358159
0.359631
0.29621
0.662
0.452008
0.662
0.224249
0.268847
0.662
0.337687
0.662
0.0664186
0.662
0.662
0.662
0.481121
0.662
0.662
0.397362
0.662
0.00397748
0.461263
0.662
0.662
0.662
0.129352
0.662
0.230594
0.662
0.388478
0.0361935
0.471305
0.662
0.335106
0.441427
0.662
0.0577211
0.662
0.292106
0.0924273
0.662
0.0656787
0.662
0.662
0.662
0.608048
0.662
0.662
0.150168
0.662
0.440673
0.662
0.373865
0.404238
0.215916
0.133236
0.662
0.662
0.662
0.662
0.375331
0.118292
0.155612
0.235229
0.163409
0.662
0.662
0.192888
0.0441037
0.662
0.366361
0.145016
0.662
0.662
0.662
0.30219
0.662
0.633694
0.662
0.196
0.662
0.32776
0.662
0.38753
0.0382829
0.662
0.662
0.662
0.473435
0.662
0.662
0.662
0.662
0.662
0.155405
0.662
0.476001
0.662
0.662
0.472377
0.662
0.662
0.304509
0.662
0.132563
0.116055
0.262711
0.662
0.12749
0.662
0.662
0.289376
0.467084
0.662
0.662
0.662
0.0723231
0.448567
0.34951
0.662
0.105358
0.662
0.390548
0.662
0.662
0.334612
0.662
0.662
0.0285734
0.662
0.350396
0.0760888
0.662
0.662
0.204005
0.350867
0.273727
0.662
0.662
0.429052
0.360382
0.195305
0.662
0.662
0.423711
0.187161
0.274745
0.662
0.122922
0.662
0.660296
0.252895
0.433151
0.662
0.662
0.311253
0.662
0.662
0.334576
0.662
0.120253
0.662
0.662
0.403727
0.306394
0.662
0.284124
0.662
0.662
0.379037
0.662
0.662
0.00802952
0.210573
0.00132104
0.348368
0.4929
0.662
0.10807
0.662
0.443507
0.227403
0.662
0.00104086
0.526658
0.463848
0.496177
0.218426
0.662
0.406924
0.662
0.414099
0.125392
0.662
0.662
0.542917
0.662
0.474518
0.239849
0.662
0.159887
0.662
0.113232
0.308999
0.662
0.356084
0.541431
0.425674
0.662
0.157571
0.662
0.662
0.271208
0.251975
0.383558
0.662
0.662
0.662
0.298765
0.477016
0.387651
0.306368
0.662
0.0626073
0.384472
0.431086
0.662
0.662
0.662
0.662
0.662
0.114658
0.640412
0.662
0.324543
0.346435
0.662
0.161251
0.662
0.662
0.662
0.0545011
0.235317
0.662
0.662
0.376093
0.662
0.0182294
0.662
0.344134
0.662
0.000537101
0.662
0.404598
0.0989322
0.471968
0.662
0.662
0.236556
0.662
0.493201
0.320187
0.662
0.662
0.662
0.509216
0.117081
0.271227
0.662
0.662
0.662
0.122639
0.662
0.45597
0.662
0.441471
0.662
0.662
0.662
0.449413
0.662
0.345813
0.187283
0.429221
0.662
0.292061
0.274605
0.662
0.662
0.208732
0.396888
0.662
0.314959
0.662
0.269624
0.301204
0.662
0.252017
0.392124
0.662
0.662
0.162808
0.662
0.662
0.662
0.0197624
0.662
0.662
0.343531
0.662
0.662
0.662
0.247141
0.2291
0.662
0.662
0.128385
0.662
0.662
0.438291
0.662
0.662
0.662
0.662
0.342341
0.662
0.662
0.662
0.259669
0.384832
0.662
0.20087
0.662
0.662
0.2547
0.284219
0.450149
0.662
0.662
0.662
0.227125
0.662
0.662
0.585977
0.662
0.662
0.305637
0.58687
0.57881
0.390169
0.414496
0.662
0.66105
0.662
0.419775
0.190942
0.519649
0.205164
0.446718
0.662
0.138083
0.662
0.0042044
0.662
0.329149
0.0529993
0.306921
0.123256
0.187533
0.272296
0.245828
0.462866
0.662
0.211376
0.662
0.662
0.267512
0.662
0.105724
0.662
0.658772
0.0102644
0.662
0.35531
0.662
0.436946
0.331467
0.662
0.662
0.433489
0.662
0.392014
0.662
0.662
0.662
0.454962
0.662
0.662
0.361875
0.321825
0.272513
0.574186
0.247957
0.40681
0.662
0.662
0.662
0.662
0.662
0.394042
0.662
0.662
0.662
0.662
0.662
0.207451
0.662
0.0142011
0.32927
0.662
0.662
0.662
0.662
0.662
0.662
0.662
0.662
0.445533
0.662
0.662
0.662
0.662
0.662
0.662
0.121719
0.662
0.662
0.662
0.662
0.662
0.645563
0.439305
0.419535
0.662
0.346225
0.254566
0.662
0.662
0.0736544
0.662
0.111927
0.495039
0.662
0.662
0.366204
0.662
0.662
0.662
0.662
0.462342
0.662
0.23032
0.337868
0.259694
0.452847
0.662
0.0433862
0.662
0.173248
0.662
0.662
0.662
0.662
0.347417
0.110182
0.333855
0.662
0.662
0.662
0.662
0.662
0.662
0.662
0.0564453
0.662
0.466668
0.662
0.144206
0.370588
0.662
0.662
0.662
0.662
0.173771
0.662
0.415857
0.469141
0.662
0.662
0.662
0.662
0.387996
0.662
0.0916355
0.442726
0.412273
0.443171
0.662
0.149672
0.360815
0.662
0.358078
0.662
0.380877
0.662
0.662
0.662
0.662
0.662
0.662
0.477225
0.662
0.662
0.238652
0.662
0.662
0.662
0.0794947
0.0598009
0.662
0.662
0.662
0.401385
0.662
0.662
0.662
0.412471
0.662
0.285906
0.495129
0.662
0.662
0.662
0.474868
0.428204
0.424567
0.286053
0.39007
0.441515
0.662
0.213209
0.0196775
0.662
0.224269
0.662
0.662
0.41515
0.662
0.662
0.662
0.194106
0.662
0.662
0.662
0.0668995
0.662
0.43222
0.580414
0.662
0.662
0.662
0.662
0.615774
0.439979
0.662
0.662
0.470842
0.662
0.0295295
0.538245
0.251513
0.4501
0.285284
0.255531
0.662
0.662
0.174631
0.38024
0.662
0.423725
0.662
0.347433
0.431262
0.662
0.662
0.407947
0.461814
0.344748
0.662
0.292155
0.662
0.662
0.662
0.662
0.662
0.119961
0.0980247
0.662
0.446394
0.251755
0.517417
0.0969246
0.359944
0.662
0.358436
0.662
0.242434
0.662
0.276833
0.662
0.545102
0.294767
0.662
0.662
0.662
0.0659384
0.431588
0.662
0.662
0.178518
0.662
0.662
0.662
0.662
0.30987
0.0308926
0.662
0.461437
0.662
0.361501
0.662
0.662
0.210427
0.0206329
0.662
0.232443
0.027185
0.015473
0.159494
0.531354
0.163132
0.470574
0.662
0.335539
0.114273
0.27506
0.0602132
0.662
0.662
0.662
0.662
0.662
0.662
0.082497
0.162739
0.0398273
0.141888
0.662
0.63339
0.662
0.662
0.168105
0.662
0.0779424
0.359093
0.662
0.662
0.662
0.662
0.238651
0.662
0.662
0.430679
0.288772
0.662
0.223165
0.662
0.0632201
0.522284
0.662
0.469213
0.662
0.152848
0.457852
0.348396
0.662
0.662
0.151655
0.662
0.306413
0.662
0.662
0.410273
0.662
0.662
0.232869
0.662
0.662
0.662
0.662
0.662
0.120625
0.303314
0.662
0.267955
0.550505
0.292753
0.391838
0.0999047
0.662
0.440441
0.635952
0.662
0.662
0.662
0.662
0.539283
0.132071
0.192787
0.662
0.360524
0.662
0.00956691
0.365982
0.255955
0.115571
0.45127
0.427859
0.662
0.662
0.662
0.662
0.0762489
0.437592
0.225811
0.254753
0.662
0.113203
0.434786
0.662
0.417961
0.662
0.662
0.662
0.662
0.126969
0.662
0.662
0.662
0.662
0.662
0.154006
0.662
0.662
0.662
0.662
0.435888
0.0588442
0.0912231
0.0416394
0.191579
0.662
0.105289
0.0826265
0.662
0.103832
0.662
0.662
0.662
0.372181
0.39071
0.662
0.662
0.257676
0.0181575
0.000778909
0.662
0.662
0.662
0.662
0.512312
0.662
0.662
0.458914
0.0256825
0.662
0.662
0.116882
0.143251
0.662
0.662
0.662
0.662
0.180928
0.0166774
0.460132
0.662
0.662
0.255908
0.372981
0.662
0.662
0.483718
0.662
0.662
0.662
0.354177
0.0744765
0.0615764
0.171416
0.101006
0.0455163
0.342529
0.292214
0.328858
0.283077
0.161849
0.114091
0.662
0.662
0.662
0.662
0.662
0.662
0.164506
0.0421931
0.285217
0.662
0.279787
0.261953
0.138534
0.301415
0.662
0.662
0.662
0.662
0.662
0.662
0.223659
0.662
0.662
0.662
0.504933
0.324719
0.0475555
0.662
0.662
0.662
0.0689523
0.662
0.183739
0.662
0.298043
0.149136
0.132142
0.662
0.662
0.22391
0.662
0.662
0.662
0.662
0.662
0.662
0.662
0.662
0.662
0.662
0.662
0.0305854
0.662
0.662
0.460531
0.662
0.176087
0.213603
0.662
0.662
0.662
0.662
0.662
0.223517
0.662
0.22412
0.444824
0.158327
0.204718
0.662
0.662
0.633391
0.171588
0.379824
0.387988
0.078777
0.081752
0.662
0.662
0.267015
0.175015
0.662
0.662
0.249625
0.662
0.662
0.662
0.662
0.662
0.0883537
0.662
0.662
0.662
0.662
0.662
0.0632191
0.662
0.662
0.00269874
0.662
0.133148
0.225636
0.349812
0.662
0.662
0.662
0.111904
0.273184
0.662
0.209565
0.191688
0.0924224
0.662
0.419835
0.662
0.202772
0.662
0.434706
0.214294
0.662
0.384401
0.662
0.662
0.662
0.662
0.662
0.477438
0.43854
0.662
0.662
0.366373
0.44604
0.662
0.662
0.505566
0.662
0.662
0.408049
0.662
0.662
0.0644423
0.0923211
0.300481
0.662
0.132201
0.662
0.559336
0.662
0.662
0.662
0.662
0.662
0.353692
0.0450836
0.662
0.421804
0.17163
0.0711537
0.278149
0.662
0.662
0.153661
0.067189
0.662
0.662
0.662
0.145741
0.662
0.309315
0.662
0.446305
0.0610299
0.332987
0.480966
0.256646
0.662
0.294835
0.230258
0.264517
0.0997575
0.130888
0.662
0.662
0.662
0.471123
0.662
0.662
0.0840624
0.248338
0.662
0.662
0.662
0.230004
0.605846
0.103237
0.662
0.209693
0.316459
0.20705
0.662
0.662
0.662
0.662
0.662
0.662
0.662
0.662
0.662
0.218011
0.164524
0.662
0.208976
0.00813588
0.316335
0.662
0.254114
0.662
0.0435559
0.156757
0.662
0.662
0.662
0.403711
0.26634
0.00781508
0.428436
0.662
0.133393
0.662
0.662
0.278323
0.662
0.259134
0.662
0.360242
0.662
0.0120882
0.662
0.662
0.662
0.662
0.662
0.662
0.35318
0.131955
0.0730079
0.459627
0.662
0.662
0.126616
0.107765
0.662
0.662
0.211014
0.662
0.463947
0.00415544
0.662
0.326142
0.0768916
0.189203
0.662
0.662
0.272525
0.0149509
0.662
0.662
0.662
0.113926
0.662
0.139141
0.662
0.175893
0.662
0.662
0.662
0.662
0.431281
0.662
0.662
0.0852541
0.41717
0.120187
0.397203
0.662
0.662
0.662
0.336095
0.662
0.0544995
0.662
0.662
0.662
0.662
0.662
0.662
0.662
0.662
0.662
0.309976
0.38754
0.662
0.662
0.662
0.0939551
0.562917
0.662
0.662
0.662
0.662
0.345298
0.154781
0.471029
0.662
0.662
0.181838
0.0449624
0.662
0.42391
0.401828
0.061677
0.283405
0.0189802
0.662
0.236789
0.662
0.662
0.662
0.662
0.224973
0.662
0.117391
0.662
0.397943
0.662
0.662
0.662
0.129384
0.662
0.194914
0.662
0.0356072
0.544192
0.662
0.662
0.662
0.19664
0.123349
0.662
0.662
0.662
0.010047
0.222253
0.662
0.643653
0.561537
0.0193689
0.0611032
0.0112451
0.662
0.293735
0.662
0.00119208
0.662
0.662
0.662
0.286085
0.434398
0.662
0.662
0.431147
0.209402
0.662
0.662
0.411492
0.439352
0.412393
0.0421441
0.662
0.662
0.315643
0.662
0.662
0.662
0.0371096
0.172741
0.662
0.662
0.662
0.662
0.662
0.286166
0.324864
0.662
0.145871
0.325155
0.662
0.662
0.267069
0.484862
0.662
0.662
0.662
0.662
0.662
0.662
0.0981824
0.662
0.345054
0.662
0.454129
0.328736
0.662
0.662
0.263309
0.184849
0.449222
0.41389
0.273031
0.301821
0.32962
0.662
0.662
0.662
0.662
0.0240849
0.0504114
0.0697305
0.662
0.662
0.542854
0.662
0.662
0.662
0.238853
0.662
0.662
0.479385
0.662
0.662
0.662
0.108595
0.40447
0.662
0.302838
0.662
0.475409
0.662
0.474558
0.662
0.662
0.662
0.248047
0.662
0.38085
0.662
0.662
0.662
0.0839342
0.662
0.662
0.308078
0.45277
0.0719861
0.211555
0.0605312
0.662
0.115821
0.662
0.662
0.0334462
0.662
0.662
0.662
0.662
0.662
0.662
0.122029
0.662
0.662
0.662
0.258002
0.125454
0.662
0.305212
0.144194
0.0101429
0.304395
0.233997
0.662
0.287506
0.662
0.662
0.662
0.55024
0.101153
0.662
0.183484
0.155724
0.662
0.662
0.662
0.662
0.662
0.289405
0.662
0.662
0.662
0.662
0.460792
0.662
0.0722418
0.489128
0.594781
0.662
0.416265
0.452413
0.662
0.662
0.662
0.662
0.662
0.662
0.662
0.662
0.294774
0.662
0.662
0.662
0.225165
0.662
0.236206
0.662
0.0124637
0.662
0.662
0.0769345
0.662
0.662
0.662
0.662
0.662
0.662
0.315109
0.0379467
0.662
0.662
0.633694
0.662
0.662
0.662
0.504009
0.00224814
0.256444
0.662
0.662
0.662
0.168089
0.662
0.323208
0.662
0.205896
0.17506
0.221905
0.635284
0.662
0.394227
0.111973
0.662
0.662
0.662
0.440016
0.662
0.662
0.662
0.662
0.475136
0.662
0.662
0.333607
0.0820256
0.285226
0.457333
0.633694
0.662
0.662
0.662
0.662
0.662
0.662
0.662
0.466114
0.283061
0.662
0.662
0.662
0.662
0.641014
0.662
0.662
0.662
0.431173
0.442589
0.254829
0.394583
0.662
0.0819652
0.246288
0.401098
0.662
0.662
0.0643074
0.329386
0.662
0.30198
0.662
0.143806
0.662
0.662
0.662
0.395256
0.662
0.203497
0.662
0.662
0.662
0.662
0.662
0.662
0.334661
