0.662
0.371521
0.662
0.662
0.177934
0.288335
0.502526
0.0209422
0.476056
0.204753
0.101153
0.449726
0.662
0.046048
0.662
0.662
0.662
0.662
0.662
0.662
0.433494
0.662
0.170217
0.33312
0.662
0.662
0.17131
0.662
0.662
0.242308
0.662
0.662
0.288157
0.662
0.451391
0.662
0.662
0.325374
0.662
0.0366994
0.0440649
0.19943
0.662
0.662
0.662
0.301232
0.0912485
0.404573
0.662
0.000759375
0.662
0.662
0.0730489
0.163661
0.662
0.662
0.418943
0.375429
0.662
0.662
0.662
0.379485
0.177598
0.178745
0.662
0.098805
0.308131
0.662
0.662
0.280501
0.662
0.662
0.15254
0.280602
0.00197948
0.662
0.662
0.0390508
0.662
0.662
0.644618
0.078891
0.662
0.662
0.196668
0.662
0.662
0.118654
0.633391
0.662
0.662
0.662
0.15041
0.662
0.328996
0.662
0.354072
0.662
0.662
0.380567
0.662
0.428043
0.662
0.662
0.662
0.40683
0.531287
0.15617
0.183132
0.597255
0.662
0.457945
0.34418
0.662
0.0327627
0.31692
0.662
0.662
0.662
0.662
0.309392
0.249888
0.530863
0.662
0.285498
0.382745
0.0494252
0.662
0.662
0.662
0.662
0.00428356
0.662
0.662
0.662
0.662
0.662
0.458043
0.662
0.391003
0.662
0.662
0.224589
0.662
0.662
0.18668
0.662
0.33255
0.662
0.0705482
0.0691635
0.662
0.662
0.662
0.662
0.662
0.466399
0.193888
0.429065
0.465789
0.662
0.662
0.662
0.587975
0.258215
0.662
0.218019
0.347542
0.357977
0.662
0.662
0.662
0.150005
0.369976
0.662
0.662
0.0396264
0.662
0.0855899
0.211834
0.318328
0.662
0.662
0.250141
0.662
0.00654426
0.662
0.532402
0.263791
0.662
0.420926
0.662
0.357264
0.662
0.662
0.103902
0.662
0.662
0.662
0.331644
0.271684
0.360508
0.662
0.662
0.452515
0.662
0.662
0.662
0.662
0.662
0.413031
0.0627085
0.138124
0.662
0.305393
0.662
0.10863
0.321778
0.662
0.662
0.662
0.662
0.662
0.0604874
0.662
0.476011
0.0490183
0.53361
0.662
0.662
0.662
0.00416383
0.444514
0.662
0.662
0.662
0.0530803
0.662
0.662
0.148785
0.662
0.662
0.28864
0.0480543
0.246722
0.662
0.662
0.662
0.662
0.0476397
0.323655
0.25226
0.662
0.662
0.250311
0.662
0.662
0.662
0.225379
0.381912
0.0402571
0.662
0.662
0.662
0.175612
0.467354
0.444334
0.376822
0.662
0.0402204
0.0552526
0.662
0.662
0.662
0.163601
0.0363116
0.63339
0.662
0.417189
0.46618
0.662
0.252201
0.662
0.662
0.00363574
0.662
0.473368
0.46529
0.513413
0.662
0.662
0.662
0.328718
0.152177
0.662
0.662
0.463257
0.662
0.323017
0.662
0.662
0.662
0.662
0.114877
0.662
0.0318578
0.00867178
0.0185877
0.662
0.662
0.662
0.662
0.662
0.662
0.223015
0.662
0.662
0.662
0.0572575
0.129672
0.237483
0.282422
0.662
0.438725
0.230547
0.662
0.662
0.662
0.662
0.662
0.233665
0.218268
0.662
0.244165
0.151292
0.36416
0.3037
0.662
0.477749
0.137215
0.553766
0.242227
0.119352
0.662
0.515183
0.662
0.217548
0.39387
0.662
0.662
0.662
0.662
0.662
0.662
0.216296
0.662
0.662
0.231592
0.280153
0.362795
0.339356
0.0390788
0.662
0.662
0.662
0.209149
0.461365
0.2908
0.464054
0.40363
0.190571
0.662
0.662
0.459316
0.662
0.224168
0.440306
0.345544
0.207481
0.256793
0.189988
0.662
0.662
0.36849
0.0450933
0.662
0.287243
0.662
0.662
0.0941815
0.662
0.662
0.662
0.443488
0.0495321
0.288029
0.662
0.662
0.662
0.452859
0.409984
0.662
0.662
0.177585
0.662
0.662
0.450157
0.662
0.662
0.646388
0.662
0.430119
0.145234
0.662
0.33624
0.171399
0.435719
0.26149
0.188787
0.662
0.0550075
0.0898615
0.662
0.662
0.31241
0.280526
0.662
0.662
0.355678
0.662
0.662
0.662
0.464772
0.136871
0.662
0.170805
0.662
0.662
0.662
0.1553
0.662
0.662
0.662
0.0572657
0.455321
0.401014
0.420812
0.324854
0.662
0.0240977
0.420157
0.662
0.662
0.662
0.435254
0.662
0.662
0.662
0.578366
0.190589
0.662
0.662
0.100222
0.662
0.475149
0.662
0.0188741
0.47136
0.662
0.407062
0.144317
0.00570045
0.393756
0.411151
0.0361847
0.397219
0.662
0.237503
0.662
0.662
0.398729
0.662
0.662
0.662
0.461008
0.662
0.444002
0.394411
0.215182
0.662
0.662
0.662
0.236365
0.353465
0.662
0.225354
0.275695
0.662
0.124189
0.662
0.410385
0.662
0.314483
0.662
0.222242
0.662
0.446057
0.662
0.662
0.040207
0.662
0.4029
0.409879
0.471799
0.230382
0.662
0.662
0.449759
0.0405965
0.476939
0.662
0.324374
0.662
0.123398
0.662
0.662
0.662
0.662
0.662
0.662
0.662
0.662
0.662
0.11159
0.0540079
0.227121
0.0157454
0.662
0.662
0.326919
0.0719118
0.298535
0.491957
0.477061
0.0111243
0.662
0.634507
0.662
0.0255931
0.662
0.437404
0.662
0.662
0.301519
0.662
0.137632
0.393368
0.662
0.386821
0.481571
0.0923152
0.272075
0.362718
0.662
0.662
0.662
0.662
0.662
0.662
0.0269155
0.662
0.662
0.364429
0.173042
0.662
0.662
0.662
0.662
0.649773
0.662
0.662
0.180485
0.176477
0.662
0.148375
0.662
0.662
0.662
0.0370391
0.662
0.662
0.662
0.0720864
0.319833
0.662
0.662
0.662
0.662
0.0463127
0.662
0.135602
0.197481
0.662
0.199446
0.662
0.267697
0.360045
0.126359
0.662
0.00485885
0.662
0.585636
0.356764
0.270606
0.315839
0.298656
0.662
0.450456
0.109773
0.662
0.662
0.36943
0.662
0.662
0.662
0.653967
0.213908
0.139009
0.662
0.441237
0.662
0.428652
0.662
0.0413029
0.662
0.0915199
0.662
0.662
0.0836823
0.662
0.0135875
0.470779
0.662
0.662
0.655602
0.0873822
0.46946
