0.190444
0.242948
0.187554
0.229105
0.662
0.330154
0.662
0.662
0.662
0.155432
0.662
0.332536
0.662
0.231592
0.430428
0.662
0.33255
0.294752
0.662
0.282422
0.0299517
0.662
0.285623
0.662
0.662
0.463558
0.374894
0.662
0.662
0.662
0.662
0.662
0.662
0.662
0.240561
0.450185
0.429761
0.416605
0.662
0.662
0.413961
0.078153
0.219056
0.261589
0.259165
0.662
0.662
0.211834
0.662
0.0490861
0.429413
0.477749
0.0110992
0.662
0.662
0.662
0.216884
0.393368
0.0396331
0.311099
0.662
0.662
0.662
0.662
0.41407
0.662
0.662
0.383831
0.662
0.215384
0.226264
0.662
0.662
0.0246954
0.662
0.662
0.215652
0.662
0.662
0.662
0.247175
0.288355
0.393823
0.513413
0.662
0.0327627
0.0141199
0.662
0.290073
0.040207
0.39809
0.662
0.101455
0.216144
0.418917
0.397089
0.662
0.199009
0.662
0.230547
0.0363116
0.662
0.662
0.445226
0.374471
0.662
0.437411
0.662
0.0691635
0.0450933
0.662
0.278609
0.424382
0.299875
0.461008
0.45636
0.662
0.662
0.463257
0.662
0.662
0.00411303
0.662
0.486932
0.662
0.191872
0.0662243
0.662
0.662
0.186395
0.597901
0.32704
0.662
0.0324314
0.662
0.0290263
0.662
0.388014
0.662
0.662
0.662
0.450456
0.662
0.662
0.662
0.662
0.174807
0.662
0.629431
0.360101
0.456095
0.321778
0.662
0.0135875
0.662
0.662
0.653967
0.612205
0.662
0.662
0.399859
0.0367196
0.277728
0.022847
0.0524788
0.662
0.662
0.463467
0.662
0.662
0.387974
0.662
0.447462
0.662
0.102439
0.00795572
0.662
0.471274
0.398729
0.662
0.662
0.662
0.300931
0.662
0.485424
0.662
0.662
0.662
0.662
0.296134
0.662
0.273136
0.211337
0.662
0.107262
0.158795
0.662
0.0836823
0.328492
0.662
0.662
0.554154
0.662
0.662
0.662
0.662
0.662
0.454011
0.662
0.662
0.662
0.19204
0.662
0.377308
0.662
0.662
0.662
0.662
0.662
0.662
0.662
0.312467
0.662
0.184535
0.662
0.216296
0.296196
0.125121
0.589145
0.100388
0.475877
0.662
0.543554
0.662
0.662
0.364191
0.662
0.662
0.45142
0.662
0.662
0.662
0.38355
0.662
0.00569639
0.662
0.662
0.308131
0.662
0.662
0.662
0.227121
0.662
0.415773
0.662
0.662
0.662
0.662
0.662
0.662
0.662
0.662
0.450878
0.662
0.422358
0.32067
0.662
0.662
0.662
0.0209806
0.197103
0.662
0.234474
0.662
0.151925
0.186747
0.0609383
0.26977
0.215188
0.222242
0.278412
0.662
0.0856568
0.463411
0.662
0.0826705
0.662
0.662
0.0700368
0.454322
0.235147
0.314483
0.662
0.662
0.662
0.662
0.662
0.662
0.255555
0.157064
0.218268
0.662
0.662
0.265263
0.662
0.00100757
0.662
0.662
0.380986
0.134673
0.318824
0.662
0.355347
0.662
0.662
0.1695
0.662
0.0901716
0.662
0.662
0.662
0.662
0.662
0.662
0.662
0.662
0.662
0.662
0.443661
0.662
0.662
0.662
0.271899
0.319064
0.662
0.17904
0.0240977
0.662
0.662
0.369797
0.662
0.0451995
0.0157454
0.272916
0.662
0.346073
0.458322
0.662
0.0836731
0.353465
0.662
0.0631365
0.662
0.662
0.371751
0.662
0.645847
0.662
0.662
0.662
0.662
0.662
0.0709716
0.280156
0.230382
0.662
0.662
0.145234
0.662
0.0647088
0.662
0.315761
0.662
0.230593
0.18668
0.559384
0.662
0.662
0.662
0.662
0.157891
0.648895
0.0643486
0.209149
0.662
0.662
0.0730489
0.662
0.662
0.662
0.419015
0.413031
0.662
0.579515
0.36317
0.662
0.4004
0.163661
0.382745
0.422735
0.357264
0.537389
0.662
0.220472
0.662
0.3037
0.214305
0.280526
0.342624
0.378929
0.662
0.355501
0.662
0.327092
0.472409
0.662
0.662
0.662
0.662
0.491957
0.662
0.507887
0.240556
0.0861745
0.0284538
0.662
0.104939
0.376722
0.376822
0.588144
0.495676
0.662
0.285498
0.662
0.662
0.662
0.244165
0.662
0.469591
0.119352
0.662
0.465789
0.2908
0.379485
0.375429
0.662
0.410322
0.662
0.123678
0.662
0.00487378
0.662
0.662
0.420812
0.662
0.662
0.131039
0.44205
0.189649
0.662
0.662
0.662
0.17131
0.0992394
0.662
0.662
0.493154
0.417433
0.0171802
0.245073
0.662
0.0525123
0.662
0.662
0.662
0.0338047
0.163655
0.662
0.662
0.662
0.662
0.662
0.662
0.210093
0.662
0.662
0.0359161
0.662
0.461365
0.662
0.29665
0.151292
0.662
0.662
0.144809
0.662
0.326391
0.209821
0.35116
0.662
0.63339
0.0572657
0.412444
0.20968
0.422634
0.276426
0.662
0.0238744
0.662
0.662
0.359751
0.662
0.662
0.138937
0.215943
0.476011
0.662
0.662
0.319813
0.662
0.0691713
0.662
0.299279
0.1553
0.360717
0.662
0.0922421
0.662
0.662
0.224753
0.448032
0.662
0.0713918
0.0111243
0.662
0.662
0.662
0.662
0.436115
0.377544
0.662
0.534046
0.662
0.46529
0.435308
0.300282
0.662
0.217349
0.662
0.662
0.662
0.662
0.662
0.0100374
0.135602
0.662
0.653407
0.662
0.662
0.662
0.0978614
0.292806
0.662
0.188914
0.0542172
0.109901
0.164818
0.662
0.100732
0.662
0.662
0.371428
0.29621
0.662
0.662
0.46618
0.364429
0.10801
0.662
0.662
0.372705
0.662
0.662
0.662
0.662
0.257204
0.662
0.264817
0.662
0.0899617
0.0156602
0.0293386
0.662
0.662
0.363824
0.662
0.662
0.662
0.662
0.662
0.470779
0.0991353
0.637872
0.323017
0.327477
0.419158
0.207468
0.662
0.662
0.12733
0.180068
0.123398
0.662
0.662
0.0968857
0.307898
0.662
0.662
0.662
0.251994
0.142822
0.385141
0.160916
0.216161
0.0851408
0.662
0.662
0.116671
0.58605
0.662
0.494087
0.0810578
0.662
0.662
0.662
0.662
0.662
0.662
0.359712
0.662
0.662
0.662
0.127848
0.415819
0.662
0.662
0.394315
0.662
0.28759
0.662
0.662
0.662
0.138124
0.662
0.662
0.662
0.662
0.662
0.662
0.477061
0.391861
0.103431
0.426348
0.450797
0.549915
0.215595
0.0893313
0.662
0.258523
0.662
0.280501
0.204606
0.472265
0.662
0.662
0.323311
0.36416
0.662
0.662
0.137632
0.662
0.244681
0.199446
0.662
0.662
0.662
0.662
0.29909
0.662
0.662
0.662
0.662
0.662
0.179047
0.662
0.152898
0.209261
0.662
0.397361
0.450157
0.662
0.15617
0.662
0.538134
0.0440649
0.662
0.200282
0.124189
0.126359
0.0628636
0.662
0.662
0.412306
0.00867065
0.662
0.150005
0.289798
0.458043
0.00319968
0.662
0.662
0.141633
0.662
0.164975
0.233665
0.204753
0.662
0.425955
0.662
0.301519
0.0873822
0.393666
0.662
0.662
0.662
0.662
0.662
0.0749685
0.662
0.0492979
0.329901
0.0477063
0.0340848
0.191843
0.662
0.662
0.662
0.380567
0.0162822
0.454437
0.662
0.347542
0.405225
0.662
0.662
0.0424591
0.156717
0.662
0.168553
0.662
0.662
0.662
0.662
0.662
0.180783
0.662
0.269565
0.662
0.334046
0.662
0.662
0.30193
0.1789
0.453047
0.457471
0.0491613
0.319398
0.662
0.662
0.662
0.168255
0.662
0.662
0.662
0.662
0.662
0.35534
0.662
0.515183
0.221014
0.662
0.662
0.0973731
0.662
0.662
0.662
0.0185877
0.662
0.27693
0.662
0.284785
0.113816
0.662
0.199481
0.662
0.478543
0.662
0.463389
0.380842
0.118654
0.662
0.662
0.298827
0.662
0.662
0.662
0.662
0.389664
0.468034
0.662
0.662
0.662
0.497441
0.262597
0.662
0.662
0.662
0.662
0.534484
0.229568
