0.662
0.662
0.662
0.255555
0.1796
0.662
0.662
0.662
0.662
0.662
0.28877
0.662
0.515183
0.662
0.353465
0.662
0.629431
0.662
0.465789
0.662
0.662
0.662
0.662
0.662
0.662
0.662
0.662
0.662
0.662
0.0572657
0.662
0.00421891
0.662
0.393666
0.662
0.662
0.662
0.5537
0.0402571
0.662
0.662
0.662
0.662
0.0341656
0.299875
0.0299517
0.30445
0.259165
0.0873822
0.662
0.39597
0.18668
0.662
0.327491
0.662
0.662
0.446861
0.662
0.507887
0.288355
0.662
0.466863
0.102585
0.164818
0.216296
0.163661
0.391825
0.0276795
0.462169
0.463389
0.394411
0.662
0.12733
0.597901
0.662
0.324147
0.662
0.662
0.391861
0.662
0.662
0.271899
0.662
0.662
0.662
0.662
0.157064
0.662
0.662
0.662
0.662
0.27888
0.292806
0.216663
0.64242
0.662
0.662
0.662
0.645847
0.662
0.662
0.662
0.359539
0.306893
0.662
0.39809
0.217349
0.662
0.389664
0.398729
0.415773
0.662
0.242231
0.662
0.477749
0.662
0.277967
0.662
0.251994
0.662
0.35534
0.28759
0.662
0.633391
0.662
0.190144
0.148375
0.662
0.662
0.662
0.0209806
0.662
0.363824
0.00411946
0.100624
0.0709716
0.138124
0.20804
0.662
0.662
0.662
0.662
0.173654
0.0307632
0.662
0.662
0.04394
0.662
0.662
0.662
0.558134
0.223686
0.216144
0.662
0.662
0.662
0.142822
0.662
0.662
0.662
0.466471
0.419634
0.0293386
0.372
0.662
0.662
0.359751
0.662
0.0338047
0.662
0.662
0.227121
0.662
0.352655
0.662
0.191872
0.662
0.662
0.469591
0.662
0.648895
0.396835
0.662
0.662
0.457471
0.0268116
0.662
0.662
0.145416
0.662
0.662
0.662
0.395934
0.662
0.229105
0.321802
0.662
0.449453
0.662
0.662
0.313484
0.326391
0.662
0.461008
0.364191
0.39449
0.662
0.215559
0.472265
0.413031
0.454437
0.662
0.543554
0.435308
0.662
0.662
0.439488
0.281591
0.662
0.662
0.3037
0.285498
0.662
0.231592
0.662
0.289798
0.662
0.662
0.0240977
0.662
0.662
0.662
0.1789
0.243212
0.235147
0.662
0.458043
0.662
0.371428
0.0691713
0.662
0.360214
0.195657
0.210856
0.662
0.662
0.0938498
0.318824
0.00898677
0.160181
0.164975
0.278412
0.662
0.662
0.662
0.0396331
0.35118
0.662
0.468034
0.423343
0.662
0.662
0.458322
0.662
0.21483
0.142316
0.450797
0.662
0.0899617
0.662
0.323557
0.138937
0.429761
0.656912
0.328311
0.662
0.276426
0.222242
0.662
0.0810578
0.662
0.662
0.450878
0.662
0.662
0.662
0.245073
0.662
0.662
0.612205
0.662
0.371751
0.300931
0.662
0.662
0.226264
0.662
0.662
0.238574
0.662
0.264817
0.118032
0.47497
0.662
0.242948
0.662
0.285623
0.0711322
0.662
0.358828
0.662
0.662
0.662
0.447462
0.662
0.662
0.662
0.662
0.662
0.0477063
0.662
0.662
0.662
0.662
0.662
0.662
0.662
0.362061
0.662
0.339164
0.335114
0.29621
0.662
0.662
0.358276
0.179047
0.464119
0.662
0.109773
0.662
0.662
0.662
0.662
0.0609383
0.662
0.662
0.662
0.235329
0.662
0.290073
0.662
0.0826705
0.662
0.328492
0.662
0.143391
0.463913
0.359712
0.376822
0.662
0.662
0.662
0.662
0.662
0.448032
0.662
0.662
0.169676
0.102439
0.564289
0.662
0.277728
0.662
0.662
0.187553
0.207468
0.218268
0.662
0.662
0.419015
0.342624
0.229568
0.440919
0.662
0.662
0.662
0.301519
0.203748
0.413961
0.662
0.662
0.135602
0.360717
0.443661
0.662
0.662
0.662
0.382661
0.662
0.662
0.492593
0.662
0.662
0.662
0.0367196
0.184745
0.662
0.662
0.219056
0.394315
0.416605
0.413659
0.662
0.662
0.662
0.418917
0.662
0.342998
0.10801
0.204606
0.389831
0.662
0.662
0.554154
0.662
0.0970369
0.662
0.662
0.393823
0.662
0.662
0.380986
0.662
0.180783
0.662
0.662
0.662
0.160916
0.246661
0.662
0.662
0.538422
0.662
0.44205
0.206667
0.662
0.17131
0.662
0.270314
0.0530803
0.662
0.662
0.662
0.662
0.44777
0.662
0.662
0.662
0.315761
0.23314
0.232197
0.214839
0.0770029
0.662
0.319398
0.662
0.101455
0.527194
0.662
0.662
0.0110992
0.662
0.377263
0.662
0.662
0.662
0.662
0.662
0.662
0.662
0.163229
0.662
0.451178
0.662
0.145234
0.0836823
0.445226
0.374471
0.662
0.662
0.662
0.662
0.278609
0.0424591
0.384774
0.197938
0.662
0.157891
0.0740997
0.215652
0.662
0.211337
0.662
0.662
0.280501
0.637872
0.662
0.420908
0.329901
0.332536
0.662
0.653967
0.662
0.662
0.662
0.436115
0.235481
0.662
0.296134
0.662
0.662
0.662
0.126359
0.372705
0.662
0.0680257
0.405225
0.662
0.26977
0.662
0.662
0.584297
0.662
0.662
0.662
0.392164
0.662
0.0836731
0.662
0.662
0.662
0.662
0.662
0.662
0.104939
0.662
0.242338
0.662
0.435857
0.0485517
0.662
0.113816
0.662
0.387974
0.366074
0.662
0.382745
0.34941
0.662
0.508489
0.157292
0.662
0.448302
0.327092
0.485424
0.236822
0.662
0.662
0.662
0.662
0.17765
0.186747
0.662
0.0238744
0.142248
0.422358
0.234474
0.205547
0.662
0.401424
0.662
0.458137
0.0742165
0.35116
0.360101
0.662
0.662
0.116671
0.346073
0.662
0.588144
0.199276
0.662
0.662
0.199446
0.0838886
0.424382
0.662
0.319813
0.662
0.420812
0.20968
0.0973731
0.662
0.662
0.662
0.46618
0.662
0.662
0.245136
0.00411303
0.662
0.0273141
0.46529
0.662
0.100388
0.662
0.662
0.662
0.137632
0.662
0.662
0.189649
0.662
0.0940595
0.0171802
0.662
0.662
0.423818
0.662
0.662
0.29909
0.662
0.662
0.662
0.628501
0.284785
0.662
0.103431
0.662
0.662
0.662
0.653407
0.0639449
0.32704
0.332671
0.0713918
0.0188741
0.662
0.662
0.207455
0.1553
0.662
0.38906
0.662
0.151925
0.450185
0.662
0.166836
0.662
0.662
0.662
0.662
0.32067
0.662
0.247175
0.662
0.377544
0.662
0.158795
0.662
0.662
0.415819
0.471274
0.316344
0.426363
0.0560943
0.662
0.662
0.662
0.00487378
0.121177
0.662
0.375429
0.0749685
0.104064
0.040207
0.662
0.662
0.662
0.215188
0.0553529
0.662
0.662
0.168553
0.113854
0.127848
0.318138
0.662
0.662
0.0527709
0.662
0.15617
0.662
0.0524788
0.0135875
0.662
0.662
0.357264
0.662
0.662
0.662
0.662
0.220472
0.206679
0.662
0.095784
0.211834
0.662
0.662
0.100732
0.662
0.155432
0.0542172
0.470779
0.124189
0.0851408
0.662
0.662
0.157126
0.454011
0.662
0.662
0.0314228
0.662
0.662
0.662
0.662
0.662
0.583055
0.662
0.494087
0.334046
0.119926
0.662
0.232069
0.662
0.0426338
0.422735
0.662
0.662
0.662
0.230593
0.27693
0.0991353
0.216161
0.662
0.336887
0.286652
0.662
0.662
0.662
0.33501
0.662
0.662
0.662
0.0157454
0.662
0.203028
0.170119
0.662
0.662
0.233021
0.662
0.108246
0.434718
0.662
0.662
0.00271375
0.662
0.148977
0.662
0.662
0.378929
0.662
0.152898
0.0491613
0.662
0.662
0.168255
0.230085
0.662
0.472409
0.385141
0.662
0.662
0.662
0.662
0.662
0.207766
0.662
0.107262
0.425406
0.662
0.0771679
0.0861745
0.246199
0.30193
0.38355
0.0185877
0.662
0.118654
0.589145
0.662
0.475877
0.4004
0.662
0.662
0.180033
0.662
0.662
0.104947
0.160582
0.662
0.662
0.379485
0.662
0.662
0.0162822
0.662
0.662
0.348347
0.298827
0.662
0.662
0.538134
0.265263
0.662
0.078153
0.662
0.32576
0.207565
0.662
0.495642
0.662
0.0922421
0.662
0.369797
0.426348
0.662
0.662
0.662
0.662
0.662
0.662
0.389851
0.662
0.107079
0.144809
0.662
0.0284538
0.307898
0.662
0.662
0.292988
0.662
0.476011
0.662
0.662
0.388014
0.190444
0.662
0.319064
0.212856
0.662
0.0669693
0.63339
0.296196
0.449363
0.0290263
0.0899267
0.662
0.463411
0.662
0.662
0.662
0.0156602
0.662
0.380567
0.662
0.271517
0.662
0.662
0.662
0.340099
0.662
0.662
0.662
0.662
0.0968857
0.36416
0.477061
0.312915
0.662
0.662
0.577672
0.282422
0.662
0.393368
0.45636
0.45836
0.662
0.662
0.662
0.662
0.388577
0.662
0.662
0.662
0.662
