0.662
0.100291
0.0156602
0.662
0.662
0.662
0.129895
0.430119
0.323311
0.184973
0.662
0.662
0.138124
0.662
0.662
0.662
0.458043
0.662
0.167027
0.39126
0.662
0.200282
0.662
0.662
0.361489
0.0668773
0.0901716
0.662
0.662
0.662
0.662
0.360529
0.1553
0.662
0.357264
0.0157454
0.662
0.662
0.662
0.662
0.662
0.46946
0.662
0.662
0.347542
0.662
0.0390508
0.298535
0.420926
0.662
0.662
0.662
0.662
0.662
0.662
0.186316
0.386405
0.232883
0.353465
0.662
0.662
0.662
0.662
0.33255
0.283401
0.662
0.421159
0.662
0.224753
0.662
0.662
0.662
0.662
0.359715
0.0691713
0.662
0.662
0.374254
0.476011
0.662
0.662
0.662
0.0327627
0.662
0.234474
0.662
0.534484
0.321778
0.364429
0.189142
0.662
0.206753
0.106501
0.471274
0.124189
0.662
0.662
0.662
0.662
0.662
0.662
0.662
0.373178
0.0318578
0.662
0.437757
0.662
0.662
0.662
0.295784
0.662
0.476939
0.662
0.662
0.662
0.515183
0.662
0.42668
0.0263095
0.39018
0.662
0.662
0.628602
0.271271
0.662
0.279648
0.662
0.304368
0.272916
0.662
0.15617
0.40683
0.196261
0.662
0.0873822
0.0861745
0.662
0.633391
0.114877
0.662
0.312079
0.662
0.662
0.662
0.468034
0.662
0.413031
0.649773
0.662
0.2908
0.662
0.477061
0.662
0.457945
0.0327021
0.662
0.00474295
0.269565
0.387105
0.662
0.063609
0.218268
0.662
0.662
0.662
0.662
0.119352
0.317012
0.662
0.107262
0.0755485
0.662
0.393464
0.662
0.417267
0.128751
0.662
0.204753
0.662
0.461365
0.380567
0.662
0.376098
0.662
0.63339
0.345544
0.199481
0.662
0.258523
0.662
0.425406
0.28864
0.206749
0.398729
0.662
0.662
0.17904
0.0370391
0.0463127
0.157347
0.0363116
0.662
0.465789
0.45636
0.278609
0.662
0.0859954
0.662
0.662
0.210093
0.662
0.662
0.308131
0.662
0.662
0.662
0.189649
0.662
0.0572657
0.450456
0.662
0.170805
0.662
0.662
0.662
0.401014
0.148785
0.662
0.662
0.453048
0.662
0.27693
0.550387
0.483705
0.662
0.662
0.662
0.242227
0.662
0.662
0.0284547
0.418943
0.15041
0.662
0.0507743
0.662
0.662
0.662
0.662
0.662
0.197319
0.364665
0.282422
0.662
0.662
0.662
0.662
0.0720864
0.17131
0.662
0.264817
0.222242
0.104564
0.662
0.662
0.379485
0.612205
0.662
0.662
0.662
0.662
0.662
0.180068
0.662
0.285498
0.194657
0.662
0.156062
0.662
0.662
0.662
0.662
0.280156
0.420812
0.662
0.452425
0.243576
0.662
0.662
0.662
0.233665
0.144809
0.391003
0.0135875
0.662
0.662
0.662
0.416605
0.0375756
0.662
0.438725
0.662
0.662
0.362224
0.662
0.284826
0.150181
0.662
0.662
0.214831
0.386821
0.461603
0.0691635
0.662
0.319398
0.662
0.00867065
0.0495321
0.662
0.662
0.444002
0.662
0.662
0.440602
0.662
0.163661
0.662
0.662
0.385766
0.662
0.445226
0.142822
0.662
0.328718
0.213066
0.662
0.0490183
0.662
0.662
0.0874402
0.0271595
0.662
0.662
0.426548
0.472265
0.662
0.662
0.360045
0.662
0.662
0.662
0.312467
0.277728
0.662
0.662
0.662
0.662
0.662
0.662
0.543554
0.334046
0.470779
0.0246954
0.662
0.180783
0.356764
0.662
0.662
0.662
0.0220436
0.0185877
0.0836823
0.662
0.662
0.388014
0.379645
0.380986
0.145453
0.303935
0.662
0.0477063
0.211834
0.376822
0.459316
0.662
0.395972
0.307898
0.662
0.144317
0.662
0.104927
0.359751
0.662
0.662
0.662
0.280501
0.0693503
0.280602
0.0912485
0.662
0.662
0.662
0.662
0.555013
0.126359
0.135602
0.662
0.662
0.662
0.463411
0.422041
0.145234
0.137215
0.662
0.135711
0.36416
0.662
0.662
0.662
0.156717
0.662
0.00570045
0.425743
0.473368
0.0494252
0.436438
0.295924
0.0361847
0.475877
0.132294
0.178393
0.388849
0.662
0.662
0.177598
0.324854
0.532402
0.0100374
0.419015
0.662
0.662
0.662
0.662
0.0252672
0.491957
0.662
0.425615
0.18668
0.450157
0.662
0.662
0.662
0.662
0.662
0.662
0.662
0.214363
0.662
0.307545
0.169718
0.662
0.29909
0.36849
0.662
0.236365
0.375429
0.225807
0.0440649
0.662
0.662
0.662
0.662
0.662
0.040207
0.662
0.662
0.662
0.662
0.0299517
0.360508
0.662
0.662
0.662
0.542967
0.435254
0.662
0.477749
0.662
0.0111243
0.357977
0.662
0.199446
0.662
0.662
0.662
0.662
0.270704
0.188542
0.225379
0.662
0.245073
0.662
0.280526
0.662
0.662
0.662
0.662
0.662
0.662
0.296196
0.662
0.0628636
0.382745
0.662
0.579515
0.662
0.662
0.587975
0.152177
0.662
0.212956
0.25226
0.644618
0.145403
0.150005
0.662
0.323017
0.453517
0.230382
0.658029
0.662
0.331644
0.319833
0.274355
0.645847
0.662
0.393368
0.662
0.0851408
0.662
0.662
0.304827
0.312738
0.662
0.662
0.46529
0.4029
0.0719118
0.515958
0.532902
0.662
0.662
0.662
0.662
0.410322
0.597255
0.662
0.662
0.301519
0.0450933
0.0898615
0.092918
0.193995
0.662
0.662
0.319813
0.354426
0.371751
0.662
0.078891
0.662
0.475149
0.662
0.244072
0.158795
0.662
0.143215
0.108876
0.118654
0.662
0.0837816
0.217615
0.662
0.662
0.662
0.662
0.36943
0.359712
0.662
0.662
0.372471
0.662
0.216296
0.662
0.662
0.662
0.662
0.11159
0.453153
0.288157
0.137632
0.662
0.662
0.662
0.589145
0.662
0.215595
0.046048
0.662
0.662
0.155432
0.662
0.167981
0.662
0.463257
0.143301
0.348796
0.157611
0.263291
0.662
0.662
0.37334
0.3037
0.371521
0.323655
0.662
0.662
0.662
0.662
0.662
0.662
0.662
0.662
0.662
0.662
0.361252
0.662
0.417189
0.357155
0.539867
0.662
0.46618
0.662
0.160727
0.662
0.662
0.513413
0.662
0.662
0.662
0.662
0.1695
0.662
0.662
0.662
0.00428356
0.461008
0.662
0.662
0.662
0.662
0.173042
0.662
0.101455
0.662
0.108234
0.127496
0.662
0.411344
0.662
0.662
0.662
0.171399
0.289798
0.662
0.0814801
0.662
0.230547
0.288355
0.662
0.653967
0.229255
0.662
0.662
0.112964
0.662
0.662
0.662
0.662
0.662
0.409879
0.662
0.662
0.355501
0.662
0.662
0.123398
0.662
0.436518
0.662
0.391861
0.662
0.202454
0.153858
0.662
0.662
0.250105
0.0240977
0.662
0.662
0.662
0.662
0.202419
0.574055
0.0413029
0.662
0.319064
0.653407
0.352196
0.0269155
0.354548
0.34798
0.346073
0.662
0.227121
0.314483
