0.662
0.662
0.662
0.662
0.662
0.662
0.481571
0.276859
0.662
0.662
0.662
0.478571
0.417189
0.662
0.354204
0.662
0.0390508
0.36849
0.433494
0.662
0.662
0.662
0.359221
0.149744
0.662
0.0730489
0.662
0.662
0.0498767
0.364718
0.662
0.662
0.13938
0.662
0.662
0.285498
0.40683
0.662
0.148375
0.662
0.662
0.0111243
0.450456
0.439464
0.291272
0.4467
0.0361847
0.662
0.26149
0.135602
0.197731
0.0390788
0.457945
0.662
0.662
0.662
0.662
0.225379
0.662
0.169718
0.662
0.662
0.662
0.662
0.429831
0.341492
0.272359
0.662
0.662
0.124189
0.662
0.662
0.662
0.662
0.0550075
0.634507
0.662
0.466399
0.662
0.662
0.178817
0.662
0.41799
0.662
0.662
0.662
0.530863
0.0145583
0.00867178
0.662
0.662
0.314483
0.662
0.662
0.476056
0.662
0.662
0.662
0.078891
0.662
0.662
0.467354
0.0363116
0.463257
0.662
0.388299
0.17131
0.662
0.181246
0.0898615
0.461365
0.393368
0.662
0.282422
0.00428356
0.662
0.662
0.662
0.662
0.662
0.38666
0.662
0.151292
0.662
0.662
0.00118119
0.662
0.662
0.662
0.662
0.662
0.662
0.662
0.323017
0.662
0.662
0.662
0.662
0.662
0.0240977
0.662
0.275695
0.662
0.100222
0.662
0.662
0.0490183
0.362718
0.0348084
0.0495321
0.28864
0.452515
0.169811
0.491957
0.318328
0.0255931
0.360508
0.455321
0.0847707
0.0402204
0.0552526
0.662
0.662
0.662
0.662
0.662
0.662
0.264546
0.410317
0.662
0.307737
0.435719
0.238701
0.33312
0.662
0.662
0.00197948
0.662
0.126606
0.662
0.233665
0.224168
0.119352
0.662
0.662
0.662
0.258404
0.515183
0.413549
0.401014
0.199446
0.662
0.0912485
0.662
0.662
0.163661
0.404573
0.0396264
0.662
0.662
0.420926
0.662
0.0910725
0.662
0.662
0.0855899
0.662
0.662
0.662
0.287243
0.178745
0.0154551
0.662
0.232663
0.662
0.230382
0.224589
0.131767
0.0705482
0.252201
0.662
0.662
0.430119
0.662
0.148804
0.662
0.313436
0.194025
0.264952
0.300338
0.662
0.477061
0.177934
0.662
0.662
0.148785
0.0892038
0.662
0.662
0.662
0.0480543
0.446057
0.409984
0.419163
0.662
0.662
0.36943
0.319833
0.144317
0.662
0.163601
0.0627085
0.662
0.211834
0.662
0.541064
0.0720864
0.662
0.662
0.662
0.662
0.662
0.662
0.662
0.428043
0.204753
0.477015
0.152177
0.0817763
0.662
0.304643
0.33255
0.429065
0.167882
0.0986369
0.220015
0.662
0.662
0.662
0.0450933
0.411151
0.662
0.662
0.662
0.662
0.247209
0.248156
0.213908
0.578366
0.662
0.301519
0.662
0.662
0.662
0.662
0.662
0.662
0.46946
0.662
0.662
0.242227
0.662
0.362795
0.288335
0.662
0.215182
0.662
0.290468
0.179516
0.176477
0.0463127
0.19229
0.531287
0.239601
0.476939
0.182388
0.662
0.288029
0.178393
0.662
0.0209422
0.662
0.662
0.114018
0.662
0.662
0.662
0.355678
0.46618
0.662
0.109606
0.662
0.662
0.655602
0.0719118
0.662
0.662
0.662
0.662
0.364429
0.644618
0.662
0.452859
0.662
0.662
0.662
0.251027
0.662
0.4029
0.662
0.662
0.0188741
0.0494252
0.662
0.391003
0.0327627
0.662
0.0572575
0.662
0.25226
0.222425
0.662
0.662
0.662
0.310092
0.662
0.662
0.662
0.662
0.393827
0.171399
0.662
0.662
0.0413029
0.662
0.662
0.177598
0.662
0.440306
0.339738
0.662
0.444002
0.459316
0.236365
0.662
0.662
0.208322
0.18668
0.662
0.206995
0.662
0.662
0.475108
0.646388
0.662
0.662
0.662
0.040207
0.662
0.662
0.218268
0.662
0.662
0.133677
0.11159
0.292958
0.139009
0.403785
0.0402571
0.0440649
0.662
0.662
0.662
0.328094
0.662
0.662
0.662
0.0404956
0.420157
0.662
0.662
0.0530803
0.402115
0.170217
0.0269155
0.662
0.532402
0.117665
0.324374
0.15254
0.662
0.461735
0.217548
0.298535
0.339824
0.346042
0.379485
0.662
0.420812
0.662
0.662
0.198293
0.354072
0.662
0.464772
0.662
0.0915812
0.409879
0.267697
0.0483534
0.662
0.114877
0.476011
0.15617
0.662
0.505008
0.137215
0.00416383
0.0923152
0.236904
0.662
0.199557
0.40363
0.662
0.662
0.662
0.465789
0.662
0.305393
0.662
0.662
0.662
0.412444
0.662
0.267953
0.471799
0.438725
0.662
0.662
0.280602
0.475149
0.662
0.662
0.662
0.662
0.118729
0.662
0.662
0.450157
0.00363574
0.662
0.662
0.662
0.662
0.662
0.00692198
0.662
0.662
0.662
0.461008
0.266675
0.662
0.662
0.225354
0.207481
0.230593
0.662
0.386821
0.662
0.662
0.280526
0.662
0.662
0.39491
0.323655
0.662
0.34418
0.662
0.662
0.461315
0.397174
0.662
0.207078
0.403962
0.662
0.15041
0.33303
0.0370391
0.662
0.36416
0.662
0.223038
0.662
0.110841
0.171541
0.118654
0.259105
0.662
0.193888
0.470157
0.662
0.662
0.109773
0.662
0.223015
0.150005
0.662
0.662
0.444514
0.662
0.662
0.662
0.662
0.0318578
0.138124
0.662
0.662
0.662
0.360045
0.662
0.662
0.288157
0.449726
0.0782018
0.231592
0.662
0.662
0.662
0.0790093
0.662
0.1553
0.662
0.660124
0.662
0.662
0.255882
0.0373498
0.662
0.662
0.662
0.418943
0.662
0.587975
0.0816925
0.0133606
0.137632
0.662
0.662
0.662
0.39387
0.184592
0.662
0.243377
0.243473
0.662
0.662
0.662
0.649773
0.662
0.662
0.533085
0.662
0.662
0.180485
0.662
0.189988
0.662
0.662
0.597255
0.662
0.662
0.473368
0.662
0.662
0.662
0.553766
0.0185877
0.188017
0.345544
0.662
