0.662
0.662
0.154648
0.1553
0.0135875
0.0375756
0.662
0.662
0.17904
0.662
0.662
0.662
0.360508
0.662
0.0157454
0.662
0.662
0.662
0.662
0.324854
0.662
0.436115
0.345544
0.662
0.662
0.662
0.15617
0.662
0.662
0.649773
0.323311
0.662
0.662
0.662
0.662
0.388014
0.25226
0.202454
0.662
0.662
0.352763
0.662
0.662
0.662
0.179047
0.270704
0.662
0.662
0.662
0.662
0.662
0.470779
0.0156303
0.662
0.312079
0.662
0.325469
0.0836823
0.218268
0.662
0.572743
0.662
0.662
0.078891
0.413031
0.243212
0.662
0.662
0.204753
0.450456
0.662
0.0508619
0.150005
0.364429
0.251994
0.662
0.405267
0.0413029
0.463257
0.594812
0.662
0.662
0.662
0.471274
0.662
0.662
0.662
0.224753
0.457945
0.383831
0.461603
0.662
0.662
0.662
0.477061
0.394255
0.662
0.555013
0.662
0.236365
0.272916
0.662
0.662
0.662
0.662
0.662
0.258523
0.662
0.0691635
0.662
0.421159
0.662
0.403448
0.152898
0.49799
0.662
0.36849
0.662
0.662
0.662
0.460868
0.430119
0.393368
0.180783
0.364206
0.200282
0.0327021
0.0450933
0.0691713
0.662
0.662
0.662
0.587975
0.662
0.662
0.389664
0.0171802
0.662
0.320861
0.458714
0.0810578
0.662
0.300282
0.662
0.662
0.452425
0.171399
0.662
0.662
0.229568
0.662
0.662
0.662
0.46618
0.662
0.662
0.0156602
0.662
0.662
0.662
0.458043
0.662
0.416605
0.184535
0.485424
0.42668
0.127848
0.327092
0.4029
0.662
0.662
0.214831
0.662
0.662
0.662
0.662
0.662
0.18668
0.0898615
0.426749
0.662
0.374894
0.648895
0.418943
0.662
0.108234
0.662
0.662
0.158795
0.616803
0.662
0.662
0.33326
0.662
0.559384
0.379645
0.0463127
0.662
0.662
0.662
0.649833
0.0720864
0.662
0.11159
0.662
0.394116
0.662
0.022847
0.296196
0.300931
0.63339
0.46529
0.662
0.662
0.662
0.662
0.264817
0.662
0.662
0.662
0.0869456
0.561798
0.645847
0.662
0.662
0.35116
0.662
0.662
0.662
0.27693
0.662
0.0246954
0.532402
0.123398
0.423935
0.662
0.271262
0.076863
0.211834
0.0100374
0.0290263
0.662
0.662
0.662
0.461008
0.662
0.662
0.374254
0.579515
0.321648
0.45142
0.217615
0.662
0.662
0.662
0.662
0.39809
0.222242
0.662
0.426548
0.662
0.662
0.662
0.0622426
0.662
0.662
0.662
0.662
0.662
0.183388
0.662
0.0719118
0.662
0.515958
0.662
0.0241521
0.189649
0.401982
0.662
0.662
0.155432
0.662
0.186747
0.662
0.662
0.00474295
0.662
0.662
0.365269
0.0252672
0.662
0.156717
0.477749
0.662
0.2291
0.308131
0.308934
0.662
0.662
0.662
0.391577
0.662
0.662
0.512124
0.0483829
0.662
0.106501
0.359712
0.662
0.186316
0.662
0.662
0.662
0.245423
0.662
0.662
0.0851408
0.319398
0.533364
0.0211496
0.662
0.662
0.662
0.447462
0.234474
0.319064
0.662
0.230547
0.662
0.662
0.662
0.340263
0.063609
0.662
0.662
0.662
0.126359
0.0440649
0.597901
0.662
0.410991
0.662
0.662
0.662
0.040207
0.662
0.662
0.269565
0.662
0.662
0.395972
0.170805
0.662
0.103368
0.662
0.328492
0.347542
0.0263095
0.612205
0.662
0.662
0.662
0.453153
0.662
0.0495321
0.415773
0.328438
0.662
0.662
0.662
0.143215
0.662
0.219027
0.662
0.662
0.662
0.36943
0.280156
0.263291
0.662
0.662
0.662
0.662
0.435254
0.662
0.662
0.662
0.662
0.491957
0.662
0.662
0.662
0.312467
0.662
0.662
0.662
0.662
0.348796
0.331644
0.280526
0.388849
0.465789
0.478047
0.217349
0.662
0.0390508
0.277728
0.662
0.662
0.662
0.0185877
0.662
0.410322
0.662
0.662
0.376822
0.662
0.0299517
0.137632
0.662
0.662
0.658029
0.662
0.448032
0.662
0.375429
0.662
0.226133
0.107262
0.662
0.662
0.436518
0.382745
0.476011
0.662
0.662
0.662
0.261947
0.438725
0.461365
0.245073
0.662
0.178393
0.662
0.662
0.180384
0.662
0.104939
0.662
0.662
0.369797
0.662
0.662
0.314483
0.299279
0.662
0.662
0.662
0.662
0.662
0.304368
0.356764
0.662
0.662
0.484387
0.662
0.303935
0.280602
0.662
0.453517
0.662
0.244072
0.662
0.36416
0.662
0.401014
0.662
0.112178
0.662
0.662
0.662
0.357264
0.662
0.662
0.662
0.346073
0.163661
0.662
0.194979
0.662
0.445226
0.662
0.662
0.233665
0.662
0.307898
0.662
0.662
0.380567
0.662
0.376098
0.662
0.473368
0.299947
0.0732351
0.662
0.662
0.662
0.145234
0.662
0.0873822
0.17131
0.662
0.20749
0.662
0.662
0.240561
0.662
0.210093
0.662
0.0269155
0.391861
0.0396331
0.532902
0.169718
0.662
0.662
0.662
0.15041
0.662
0.3037
0.662
0.513413
0.119352
0.121357
0.662
0.662
0.0440866
0.662
0.662
0.662
0.0861745
0.662
0.662
0.188542
0.662
0.662
0.353465
0.662
0.662
0.662
0.429761
0.355501
0.204606
0.662
0.36317
0.319833
0.435073
0.230382
0.361489
0.662
0.662
0.662
0.662
0.371751
0.321778
0.662
0.662
0.419015
0.116671
0.662
0.149807
0.662
0.0912485
0.137215
0.662
0.662
0.0874402
0.0361847
0.662
0.435308
0.144809
0.0363116
0.0327627
0.662
0.379485
0.280501
0.662
0.662
0.45636
0.662
0.295924
0.413961
0.662
0.662
0.662
0.223297
0.135602
0.662
0.00570045
0.226264
0.662
0.0477063
0.29909
0.0901716
0.662
0.662
0.288355
0.359751
0.662
0.662
0.653967
0.420812
0.662
0.101455
0.357155
0.662
0.472265
0.662
0.450157
0.662
0.662
0.662
0.197319
0.662
0.662
0.662
0.334046
0.662
0.0628636
0.0370391
0.216296
0.662
0.662
0.0625465
0.380986
0.360045
0.542967
0.662
0.662
0.1695
0.158336
0.0992394
0.662
0.443739
0.662
0.662
0.662
0.278609
0.662
0.468034
0.0572657
0.327448
0.289798
0.662
0.662
0.138124
0.662
0.179025
0.662
0.662
0.378157
0.662
0.662
0.301519
0.398729
0.662
0.0990693
0.662
0.662
0.215943
0.534484
0.662
0.662
0.662
0.597255
0.288157
0.124189
0.662
0.662
0.653407
0.0138192
0.319488
0.213066
0.662
0.662
0.199481
0.662
0.662
0.118654
0.10801
0.662
0.319813
0.0110992
0.077151
0.180068
0.378929
0.334413
0.662
0.0111243
0.662
0.323655
0.484699
0.242227
0.199446
0.285498
0.129881
0.417267
0.543554
0.662
0.662
0.63339
0.662
0.662
0.475149
0.662
0.463411
0.662
0.662
0.662
0.444002
0.135711
0.318824
0.662
0.194657
0.662
0.515183
0.475877
0.662
0.662
0.225379
0.662
0.662
0.662
0.00867065
0.662
0.644618
0.215595
0.271899
0.662
0.282422
0.662
0.589145
0.132294
0.227121
0.2908
0.33255
0.539867
0.662
0.0247646
0.662
0.0240977
0.472409
0.662
0.662
0.662
0.662
0.142822
0.298535
