0.593165
0.662
0.662
0.662
0.662
0.662
0.0382777
0.662
0.662
0.402983
0.662
0.662
0.265749
0.126286
0.143158
0.662
0.662
0.257206
0.0817453
0.33556
0.130385
0.41412
0.232699
0.662
0.662
0.400259
0.563632
0.295635
0.11307
0.251712
0.662
0.662
0.00338322
0.469355
0.662
0.662
0.662
0.40928
0.662
0.662
0.662
0.101949
0.662
0.662
0.662
0.662
0.259055
0.662
0.662
0.118971
0.662
0.106823
0.662
0.288109
0.662
0.318254
0.662
0.37281
0.662
0.365432
0.662
0.202808
0.662
0.33252
0.0727262
0.662
0.193415
0.662
0.662
0.662
0.336661
0.440353
0.287762
0.662
0.662
0.662
0.166898
0.303742
0.662
0.198271
0.161659
0.588487
0.0781755
0.171849
0.0358663
0.409406
0.662
0.662
0.377456
0.662
0.116741
0.633693
0.454117
0.352648
0.662
0.662
0.662
0.662
0.662
0.662
0.269647
0.0315849
0.662
0.662
0.662
0.382048
0.662
0.662
0.662
0.662
0.662
0.296321
0.189715
0.230816
0.128327
0.662
0.662
0.662
0.662
0.662
0.662
0.195659
0.155847
0.165325
0.662
0.225288
0.662
0.662
0.342824
0.365839
0.662
0.229365
0.662
0.375199
0.175516
0.237738
0.242412
0.0257394
0.422923
0.229822
0.662
0.662
0.662
0.662
0.00462874
0.13133
0.375628
0.662
0.302834
0.662
0.299366
0.142934
0.311924
0.662
0.662
0.662
0.662
0.595872
0.51231
0.377345
0.0812887
0.0352556
0.501134
0.117075
0.662
0.662
0.662
0.662
0.0377881
0.662
0.662
0.662
0.558458
0.662
0.662
0.662
0.662
0.399968
0.662
0.662
0.662
0.662
0.149356
0.0348346
0.270921
0.662
0.662
0.662
0.662
0.662
0.662
0.0473538
0.662
0.302771
0.119356
0.662
0.0233121
0.662
0.662
0.662
0.156473
0.483608
0.123886
0.662
0.00278841
0.662
0.662
0.134144
0.662
0.435924
0.662
0.205754
0.662
0.662
0.422772
0.662
0.320665
5.79814e-06
0.662
0.662
0.662
0.662
0.662
0.662
0.511471
0.220461
0.662
0.202738
0.662
0.240028
0.121285
0.662
0.662
0.662
0.203071
0.250678
0.260787
0.662
0.47225
0.0320105
0.339481
0.662
0.0940501
0.49587
0.0525289
0.377163
0.662
0.662
0.17198
0.30213
0.662
0.158834
0.662
0.662
0.662
0.662
0.188513
0.197007
0.0662432
0.662
0.662
0.662
0.430347
0.446236
0.662
0.298816
0.662
0.662
0.662
0.662
0.204267
0.0851968
0.245811
0.129688
0.321968
0.662
0.662
0.662
0.438422
0.662
0.662
0.40977
0.172196
0.662
0.309688
0.662
0.662
0.150824
0.662
0.274864
0.409285
0.662
0.556686
0.440802
0.662
0.662
0.662
0.662
0.339298
0.0178699
0.421755
0.459383
0.445395
0.662
0.662
0.281918
0.0492861
0.662
0.429243
0.339985
0.662
0.110501
0.219085
0.662
0.662
0.392519
0.21136
0.323619
0.662
0.526238
0.0346421
0.662
0.662
0.275157
0.662
0.259173
0.246164
0.16616
0.662
0.662
0.662
0.662
0.610509
0.662
0.217302
0.633391
0.662
0.662
0.662
0.4488
0.263334
0.662
0.477075
0.662
0.182224
0.662
0.662
0.464808
0.0374973
0.662
0.662
0.662
0.662
0.662
0.170183
0.662
0.662
0.662
0.662
0.203987
0.102275
0.491704
0.165973
0.395438
0.376974
0.662
0.0732612
0.662
0.603586
0.662
0.662
0.144212
0.652276
0.443083
0.408435
0.0156207
0.662
0.662
0.662
0.662
0.662
0.662
0.662
0.450118
0.662
0.397745
0.662
0.662
0.180075
0.122004
0.377229
0.662
0.662
0.00909826
0.662
0.00365358
0.662
0.38863
0.662
0.0245649
0.0546366
0.0607033
0.662
0.662
0.662
0.662
0.325274
0.662
0.455103
0.662
0.167788
0.00761613
0.662
0.662
0.662
0.216442
0.662
0.662
0.662
0.451289
0.493594
0.220291
0.662
0.662
0.0139134
0.0504115
0.0448242
0.55225
0.345702
0.662
0.662
0.662
0.222521
0.204017
0.155318
0.0863233
0.662
0.662
0.662
0.662
0.662
0.662
0.662
0.429092
0.628343
0.4718
0.662
0.662
0.662
0.662
0.599234
0.267113
0.191697
0.662
0.662
0.00340322
0.662
0.580226
0.662
0.338856
0.412063
0.662
0.0832756
0.398866
0.662
0.135012
0.293717
0.662
0.160224
0.662
0.174653
0.662
0.662
0.30677
0.662
0.232131
0.662
0.157876
0.34243
0.662
0.306722
0.662
0.0449907
0.662
0.662
0.42022
0.2139
0.0749214
0.0371179
0.662
0.401389
0.355633
0.400677
0.125639
0.00740425
0.327477
0.662
0.0227907
0.662
0.662
0.203528
0.630523
0.440804
0.662
0.662
0.406786
0.391026
0.662
0.305768
0.662
0.662
0.662
0.662
0.662
0.435624
0.662
0.049183
0.662
0.523495
0.662
0.662
0.19875
0.662
0.34358
0.0388468
0.662
0.445339
0.454418
0.662
0.662
0.189199
0.462862
0.148835
0.662
0.491836
0.662
0.662
0.662
0.386032
0.662
0.662
0.0529813
0.662
0.393906
0.237275
0.662
0.0329976
0.421934
0.0120813
0.662
0.662
0.411823
0.494335
0.662
0.026691
0.232399
0.662
0.0534358
0.662
0.074896
0.329306
0.662
0.237417
0.396086
0.662
0.662
0.662
0.662
0.662
0.662
0.179717
0.662
0.199076
0.0307807
0.662
0.662
0.662
0.306482
0.193102
0.662
0.662
0.370202
0.662
0.662
0.662
0.662
0.462805
0.418451
0.662
0.160266
0.413135
0.662
0.370013
0.38031
0.662
0.541332
0.127344
0.662
0.662
0.662
0.286264
0.662
0.310467
0.334351
0.662
0.0618968
0.662
0.662
0.257018
0.330498
0.662
0.662
0.662
0.662
0.662
0.662
0.662
0.662
0.154822
0.662
0.662
0.662
0.662
0.662
0.0188496
0.662
0.420009
0.12669
0.127791
0.662
0.393041
0.633391
0.662
0.662
0.662
0.319337
0.10406
0.662
0.035542
0.662
0.633391
0.662
0.662
0.206637
0.587026
0.20059
0.662
0.259555
0.662
0.662
0.202841
0.40225
0.662
0.421097
0.662
0.662
0.360269
0.370833
0.236267
0.662
0.662
0.453846
0.662
0.621579
0.337924
0.410228
0.588073
0.662
0.662
0.28635
0.662
0.476682
0.662
0.662
0.662
0.488536
0.465569
0.662
0.662
0.662
0.41176
0.662
0.419933
0.00531876
0.662
0.662
0.127667
0.454582
0.662
0.662
0.662
0.56068
0.662
0.42437
0.662
0.341298
0.188865
0.194965
0.232214
0.662
0.662
0.263041
0.662
0.179564
0.662
0.34145
0.662
0.662
0.42157
0.662
0.0898014
0.270714
0.662
0.633694
0.0782998
0.38356
0.662
0.0546695
0.46984
0.662
0.0668323
0.662
0.662
0.517695
0.429558
0.0550469
0.662
0.0158701
0.662
0.0103107
0.662
0.662
0.662
0.322755
0.662
0.193934
0.333921
0.366677
0.330426
0.348532
0.184563
0.662
0.662
0.257628
0.0839716
0.250462
0.662
0.662
0.662
0.662
0.662
0.00965022
0.248045
0.662
0.042839
0.662
0.0421689
0.662
0.362984
0.662
0.662
0.432682
0.662
0.662
0.366835
0.662
0.448815
0.662
0.662
0.662
0.662
0.109696
0.662
0.662
0.566153
0.140368
0.662
0.0990538
0.267179
0.494084
0.662
0.583562
0.277346
0.662
0.21818
0.111288
0.419609
0.128715
0.177104
0.662
0.662
0.0683113
0.280938
0.662
0.662
0.662
0.662
0.662
0.12203
0.217845
0.662
0.186244
0.271521
0.111651
0.662
0.662
0.662
0.0516423
0.307793
0.662
0.662
0.662
0.42787
0.393303
0.662
0.662
0.662
0.132283
0.446858
0.662
0.522945
0.265959
0.0515781
0.313343
0.662
0.218457
0.380501
0.662
0.662
0.407482
0.200149
0.662
0.445627
0.310047
0.4049
0.368803
0.662
0.470646
0.23629
0.107859
0.455829
0.662
0.208942
0.662
0.662
0.202772
0.662
0.662
0.662
0.323576
0.662
0.211021
0.5074
0.662
0.662
0.662
0.454957
0.662
0.136842
0.662
0.121694
0.662
0.613745
0.332302
0.33884
0.356251
0.153162
0.662
0.282144
0.662
0.0492053
0.340249
0.662
0.662
0.24969
0.662
0.662
0.662
0.164247
0.382446
0.662
0.662
0.319092
0.662
0.541733
0.258074
0.662
0.662
0.328639
0.662
0.09841
0.309133
0.0715465
0.662
0.662
0.105529
0.662
0.662
0.583193
0.281224
0.0874499
0.662
0.429198
0.662
0.662
0.301996
0.662
0.662
0.0381714
0.292859
0.0433313
0.662
0.0651552
0.662
0.432301
0.0427487
0.234833
0.662
0.662
0.662
0.662
0.155441
0.331319
0.662
0.375371
0.662
0.662
0.662
0.662
0.246685
0.416395
0.586015
0.662
0.662
0.446572
0.079857
0.527915
0.233536
0.662
0.453773
0.143428
0.662
0.122741
0.532163
0.662
0.662
0.475105
0.662
0.335395
0.422984
0.662
0.662
0.398578
0.284135
0.662
0.304161
0.662
0.109365
0.662
0.419451
0.662
0.662
0.470594
0.0668916
0.662
0.662
0.279102
0.448712
0.343403
0.457844
0.662
0.0709479
0.444108
0.154268
0.662
0.662
0.173185
0.662
0.662
0.662
0.662
0.662
0.0208027
0.662
0.00905492
0.241458
0.275302
0.0303818
0.662
0.434375
0.00393415
0.662
0.662
0.37878
0.145894
0.103384
0.440043
0.411199
0.662
0.662
0.662
0.662
0.662
0.406103
0.459937
0.662
0.422783
0.662
0.662
0.662
0.371639
0.59285
0.662
0.662
0.662
0.427482
0.662
0.662
0.397092
0.159578
0.551836
0.179032
0.662
0.662
0.268658
0.662
0.662
0.119074
0.0458971
0.357442
0.662
0.100724
0.604108
0.435267
0.31864
0.662
0.415918
0.662
0.662
0.396022
0.662
0.355382
0.662
0.662
0.552394
0.222417
0.0562849
0.0765378
0.662
0.662
0.0238914
0.662
0.403601
0.309886
0.662
0.662
0.662
0.662
0.662
0.192903
0.0357635
0.130616
0.284764
0.574346
0.662
0.662
0.35978
0.662
0.662
0.0041023
0.662
0.662
0.662
0.192074
0.0431177
0.662
0.662
0.0147487
0.662
0.155312
0.409766
0.253766
0.245831
0.662
0.348005
0.407214
0.662
0.662
0.0923042
0.246414
0.662
0.460221
0.662
0.662
0.662
0.404874
0.280121
0.300508
0.42298
0.336985
0.662
0.387247
0.662
0.0772714
0.662
0.662
0.524446
0.180143
0.196907
0.074629
0.420231
0.662
0.662
0.363651
0.662
0.662
0.662
0.662
0.662
0.662
0.123635
0.662
0.662
0.662
0.662
0.472951
0.109656
0.662
0.662
0.662
0.662
0.609199
0.662
0.10647
0.662
0.287902
0.662
0.272011
0.662
0.662
0.662
0.213638
0.29044
0.662
0.42718
0.662
0.115614
0.415301
0.277097
0.662
0.662
0.662
0.662
0.132512
0.451565
0.662
0.661292
0.320674
0.662
0.166386
0.662
0.333821
0.422849
0.322629
0.437477
0.662
0.662
0.662
0.662
0.375206
0.662
0.146126
0.438886
0.121562
0.662
0.662
0.121642
0.662
0.662
0.662
0.662
0.242641
0.595869
0.662
0.662
0.514588
0.662
0.662
0.662
0.040645
0.246198
0.273931
0.662
0.662
0.662
0.662
0.662
0.662
0.407319
0.435238
0.344029
0.415271
0.662
0.220777
0.440934
0.662
0.0573941
0.233671
0.662
0.218392
0.662
0.662
0.662
0.137453
0.662
0.382331
0.423495
0.291067
0.277662
0.662
0.224784
0.662
0.662
0.662
0.610502
0.10708
0.387285
0.472997
0.422795
0.0636451
0.0138862
0.662
0.464691
0.662
0.501896
0.662
0.179856
0.662
0.381066
0.662
0.395713
0.502939
0.048069
0.473088
0.662
0.384101
0.123049
0.197639
0.439963
0.662
0.662
0.662
0.317571
0.140665
0.662
0.452965
0.564033
0.199803
0.120206
0.662
0.159615
0.662
0.0462508
0.124564
0.00667309
0.662
0.407037
0.181288
0.662
0.470182
0.190095
0.132666
0.396543
0.237563
0.18457
0.529862
0.221776
0.662
0.21909
0.479287
0.662
0.662
0.662
0.662
0.662
0.418486
0.126079
0.475519
0.384911
0.662
0.662
0.574733
0.0259392
0.662
0.272981
0.662
0.662
0.291209
0.662
0.0475892
0.351713
0.0547051
0.0205499
0.348809
0.46777
0.289572
0.130886
0.24658
0.662
0.127047
0.662
0.190883
0.662
0.662
0.0276142
0.284013
0.205451
0.365889
0.662
0.662
0.662
0.662
0.662
0.662
0.199018
0.662
0.396553
0.437732
0.662
0.662
0.0843937
0.662
0.662
0.194387
0.662
0.662
0.0097958
0.0358554
0.220305
0.662
0.322621
0.662
0.321121
0.349594
0.662
0.662
0.662
0.526147
0.193053
0.0981052
0.662
0.0439147
0.474902
0.166663
0.662
0.662
0.662
0.222111
0.662
0.662
0.662
0.662
0.662
0.0355514
0.662
0.189339
0.461375
0.405687
0.0510121
0.662
0.662
0.490878
0.662
0.356941
0.302806
0.662
0.662
0.662
0.549904
0.662
0.662
0.0766342
0.404673
0.662
0.0398662
0.662
0.662
0.662
0.662
0.662
0.169765
0.662
0.662
0.662
0.0426836
0.662
0.662
0.662
0.662
0.662
0.359397
0.235549
0.662
0.662
0.662
0.662
0.283914
0.0559171
0.662
0.0734036
0.662
0.198502
0.215108
0.454438
0.662
0.662
0.370122
0.274042
0.662
0.421267
0.081197
0.662
0.0858998
0.347229
0.388002
0.662
0.281599
0.662
0.287498
0.432545
0.662
0.662
0.662
0.662
0.662
0.0272057
0.662
0.00520469
0.0665741
0.00489283
0.267062
0.439541
0.141538
0.36591
0.662
0.0420978
0.380162
0.662
0.662
0.662
0.662
0.662
0.329855
0.662
0.662
0.662
0.662
0.662
0.360381
0.135217
0.0985021
0.662
0.115775
0.00764371
0.408402
0.25179
0.662
0.662
0.662
0.662
0.662
0.662
0.662
0.662
0.662
0.359675
0.662
0.662
0.227749
0.662
0.441271
0.45696
0.662
0.662
0.662
0.126928
0.648266
0.662
0.153084
0.173079
0.0346097
0.662
0.662
0.662
0.662
0.0725112
0.494702
0.349961
0.662
0.662
0.558543
0.662
0.662
0.662
0.662
0.366546
0.586269
0.313598
0.241134
0.662
0.662
0.302095
0.124908
0.107164
0.662
0.0115488
0.216076
0.662
0.202045
0.578287
0.200862
0.426078
0.21484
0.0729109
0.202837
0.662
0.516815
0.662
0.424887
0.662
0.386532
0.662
0.0983786
0.662
0.0499494
0.662
0.322761
0.662
0.662
0.662
0.662
0.662
0.662
0.341244
0.662
0.196617
0.0592969
0.662
0.155747
0.211906
0.321115
0.662
0.290468
0.662
0.662
0.662
0.662
0.662
0.662
0.403377
0.662
0.662
0.662
0.448334
0.662
0.421387
0.662
0.164661
0.662
0.662
0.464605
0.399881
0.191413
0.025614
0.662
0.662
0.662
0.0387216
0.662
0.662
0.662
0.0147488
0.127566
0.662
0.662
0.662
0.662
0.257631
0.397504
0.449836
0.662
0.662
0.662
0.662
0.662
0.159423
0.662
0.662
0.662
0.63339
0.281659
0.662
0.388759
0.161475
0.0338609
0.146591
0.188601
0.662
0.467201
0.662
0.662
0.662
0.303612
0.662
0.461858
0.272129
0.662
0.662
0.0822549
0.283117
0.662
0.520262
0.0459863
0.475487
0.201341
0.196285
0.400087
0.240795
0.476654
0.144819
0.662
0.662
0.330949
0.018232
0.662
0.330669
0.662
0.662
0.289093
0.662
0.286896
0.662
0.0650584
0.662
0.567121
0.0421361
0.265682
0.259812
0.662
0.454229
0.18794
0.662
0.662
0.662
0.206198
0.338024
0.662
0.662
0.116039
0.0944253
0.0415575
0.662
0.662
0.45495
0.662
0.499621
0.32723
0.662
0.0888178
0.662
0.468834
0.140863
0.0229669
0.410544
0.662
0.662
0.373857
0.373719
0.662
0.347355
0.0575158
0.0470081
0.662
0.662
0.0914067
0.342297
0.662
0.29017
0.662
0.0900119
0.662
0.368092
0.169026
0.662
0.136802
0.662
0.662
0.336431
0.662
0.662
0.348143
0.276851
0.409244
0.0536181
0.662
0.662
0.662
0.662
0.398286
0.4757
0.662
0.662
0.43847
0.662
0.42567
0.224426
0.252683
0.662
0.342849
0.662
0.43152
0.422437
0.128338
0.317303
0.662
0.472264
0.662
0.662
0.107287
0.0674488
0.154979
0.662
0.0877025
0.662
0.348856
0.662
0.250506
0.575262
0.354824
0.256579
0.14747
0.29541
0.219266
0.662
0.662
0.0017273
0.446905
0.460608
0.662
0.662
0.662
0.421152
0.662
0.37021
0.662
0.662
0.581741
0.307408
0.662
0.662
0.662
0.662
0.662
0.394413
0.662
0.662
0.662
0.662
0.662
0.120158
0.270769
0.337188
0.205745
0.633694
0.662
0.662
0.506547
0.662
0.662
0.662
0.662
0.662
0.0385802
0.389174
0.500789
0.37651
0.283703
0.122658
0.662
0.662
0.662
0.662
0.662
0.0917607
0.406872
0.0436258
0.662
0.662
0.662
