0.662
0.118654
0.360508
0.612205
0.662
0.420812
0.662
0.441237
0.398729
0.467354
0.515183
0.11159
0.175612
0.662
0.662
0.078891
0.662
0.553766
0.0269155
0.475125
0.466399
0.0318578
0.662
0.307545
0.244684
0.662
0.18842
0.662
0.662
0.422041
0.662
0.4029
0.662
0.662
0.349654
0.163601
0.662
0.662
0.662
0.662
0.662
0.662
0.417267
0.662
0.515958
0.662
0.662
0.662
0.662
0.662
0.0550075
0.148785
0.0719118
0.278351
0.47136
0.28864
0.151292
0.662
0.250311
0.237503
0.662
0.662
0.244165
0.0135875
0.662
0.662
0.270606
0.223015
0.662
0.135602
0.662
0.00570045
0.662
0.662
0.662
0.470779
0.662
0.662
0.0572657
0.662
0.18668
0.662
0.662
0.662
0.198336
0.0873822
0.270713
0.662
0.0246364
0.178044
0.100222
0.662
0.476056
0.658029
0.304827
0.662
0.346073
0.119352
0.662
0.662
0.662
0.662
0.662
0.278609
0.662
0.662
0.173042
0.662
0.662
0.0534222
0.450157
0.662
0.282422
0.371521
0.152177
0.662
0.662
0.418943
0.662
0.145234
0.662
0.662
0.662
0.662
0.662
0.0402571
0.662
0.646388
0.0705482
0.662
0.662
0.662
0.662
0.662
0.0440649
0.245943
0.0361847
0.662
0.662
0.662
0.435719
0.662
0.190162
0.0490183
0.662
0.662
0.328718
0.17131
0.280602
0.0677307
0.211945
0.662
0.40683
0.662
0.138783
0.662
0.224589
0.662
0.0390508
0.662
0.165375
0.204753
0.662
0.662
0.662
0.662
0.148375
0.000619366
0.662
0.662
0.313308
0.662
0.0327627
0.662
0.400837
0.662
0.156642
0.662
0.135711
0.36416
0.662
0.462388
0.662
0.103902
0.662
0.420926
0.662
0.15254
0.662
0.0494252
0.662
0.393368
0.662
0.662
0.662
0.662
0.398651
0.662
0.662
0.481571
0.662
0.662
0.662
0.662
0.662
0.250003
0.458043
0.662
0.662
0.662
0.395972
0.305393
0.440306
0.662
0.0836823
0.587975
0.662
0.357977
0.1553
0.457945
0.662
0.382745
0.227121
0.662
0.465789
0.662
0.477749
0.021494
0.662
0.662
0.2908
0.063609
0.33312
0.376822
0.662
0.662
0.190197
0.662
0.662
0.0941815
0.662
0.271684
0.662
0.662
0.662
0.662
0.476011
0.662
0.399991
0.475149
0.662
0.662
0.0495321
0.0351766
0.662
0.114877
0.662
0.662
0.345544
0.324854
0.662
0.347542
0.123398
0.476939
0.662
0.211834
0.662
0.662
0.137215
0.218268
0.00416383
0.0912485
0.21478
0.662
0.461365
0.433494
0.662
0.662
0.473368
0.444002
0.662
0.662
0.634507
0.662
0.662
0.0480543
0.662
0.63339
0.114849
0.662
0.216296
0.662
0.323017
0.280153
0.406308
0.0463127
0.662
0.139009
0.662
0.603803
0.662
0.662
0.662
0.662
0.662
0.662
0.662
0.662
0.200282
0.124189
0.662
0.644618
0.662
0.662
0.217548
0.662
0.0799119
0.662
0.662
0.662
0.662
0.201759
0.662
0.662
0.422303
0.0390788
0.662
0.25226
0.369411
0.225379
0.513413
0.391003
0.662
0.662
0.662
0.662
0.46618
0.397219
0.662
0.301519
0.298535
0.662
0.662
0.662
0.662
0.662
0.662
0.308131
0.461008
0.609897
0.662
0.0263095
0.0898615
0.662
0.662
0.662
0.314483
0.417189
0.561831
0.438725
0.196283
0.379645
0.488239
0.0915199
0.662
0.662
0.428043
0.662
0.662
0.662
0.662
0.287243
0.662
0.375429
0.662
0.662
0.435254
0.275695
0.662
0.662
0.331772
0.452859
0.213908
0.455817
0.15617
0.662
0.230547
0.662
0.00428356
0.401014
0.589145
0.662
0.662
0.662
0.357264
0.636388
0.215182
0.662
0.662
0.662
0.662
0.662
0.662
0.409984
0.459743
0.0413029
0.662
0.662
0.230382
0.409879
0.662
0.0450933
0.212956
0.160123
0.662
0.532402
0.662
0.463257
0.662
0.224168
0.342748
0.662
0.252201
0.662
0.662
0.662
0.662
0.662
0.0489315
0.34418
0.662
0.407062
0.662
0.662
0.662
0.662
0.178745
0.662
0.662
0.45142
0.662
0.137632
0.176477
0.662
0.0627085
0.323655
0.662
0.662
0.0240977
0.662
0.163661
0.662
0.662
0.585636
0.137434
0.288029
0.662
0.662
0.662
0.662
0.662
0.63339
0.662
0.662
0.33255
0.0209422
0.36943
0.662
0.662
0.662
0.150005
0.662
0.0255931
0.383754
0.307898
0.364429
0.295474
0.662
0.662
0.662
0.662
0.399732
0.662
0.662
0.662
0.662
0.649773
0.0111243
0.662
0.101153
0.662
0.13918
0.287911
0.450456
0.662
0.662
0.662
0.662
0.662
0.662
0.662
0.0370391
0.225807
0.446057
0.0284547
0.662
0.662
0.662
0.379485
0.662
0.242227
0.39018
0.662
0.662
0.662
0.280501
0.662
0.46946
0.662
0.662
0.662
0.295924
0.662
0.226717
0.459316
0.662
0.410322
0.231592
0.381912
0.662
0.662
0.662
0.288157
0.662
0.170217
0.662
0.393756
0.662
0.662
0.662
0.471799
0.662
0.662
0.662
0.662
0.046048
0.662
0.46529
0.662
0.461603
0.171399
0.194657
0.662
0.662
0.00197948
0.0157454
0.662
0.135935
0.413031
0.662
0.126359
0.250105
0.0765534
0.662
0.222242
0.662
0.0923152
0.0767723
0.662
0.193888
0.191823
0.429065
0.356764
0.662
0.436518
0.225354
0.662
0.144317
0.429823
0.330529
0.26149
0.355678
0.662
0.00867178
0.138124
0.662
0.477061
0.380567
0.662
0.154369
0.662
0.662
0.662
0.321778
0.662
0.662
0.0691635
0.443981
0.112964
0.662
0.662
0.662
0.662
0.662
0.662
0.662
0.662
0.40363
0.662
0.15041
0.653967
0.662
0.264817
0.662
0.662
0.662
0.178256
0.662
0.170805
0.177934
0.160181
0.270704
0.662
0.0720864
0.662
0.340132
0.353465
0.10863
0.263791
0.285498
0.430119
0.662
0.45636
0.362795
0.662
0.267697
0.246722
0.360045
0.177598
0.662
0.0363116
0.3037
0.331644
0.233665
0.662
0.662
0.00485885
0.319833
0.36849
0.0185877
0.236365
0.347186
0.662
0.455321
0.280526
0.388849
0.491957
0.662
0.040207
0.19943
0.0572575
0.206753
0.420157
0.662
0.662
0.662
0.662
0.406475
0.199446
0.597255
0.662
0.662
0.662
0.662
0.662
0.083119
