0.629763
0.435761
0.662
0.210046
0.662
0.662
0.403792
0.662
0.653318
0.662
0.337389
0.662
0.443188
0.458918
0.662
0.662
0.449133
0.662
0.662
0.662
0.514426
0.107025
0.338642
0.55549
0.0845208
0.382618
0.662
0.337775
0.662
0.329572
0.286553
0.662
0.310112
0.662
0.662
0.662
0.216637
0.0326075
0.662
0.662
0.357364
0.64514
0.0650348
0.662
0.662
0.662
0.1453
0.401763
0.662
0.662
0.662
0.453502
0.401796
0.662
0.662
0.234279
0.662
0.662
0.0601511
0.662
0.662
0.662
0.0859155
0.401784
0.662
0.662
0.662
0.662
0.662
0.301539
0.662
0.553213
0.662
0.235297
0.662
0.662
0.12379
0.662
0.283928
0.209356
0.176508
0.662
0.030695
0.168209
0.662
0.662
0.662
0.0755596
0.169026
0.496424
0.0155683
0.662
0.662
0.662
0.140522
0.662
0.662
0.421438
0.662
0.288695
0.662
0.662
0.662
0.405798
0.662
0.339607
0.19216
0.662
0.662
0.089954
0.662
0.219911
0.133118
0.662
0.265619
0.342393
0.662
0.416568
0.662
0.662
0.0898014
0.662
0.662
0.321521
0.418478
0.469789
0.662
0.111172
0.662
0.362163
0.662
0.248697
0.119741
0.662
0.662
0.662
0.662
0.474599
0.368539
0.0275517
0.455487
0.583439
0.341672
0.210472
0.662
0.662
0.0228422
0.662
0.662
0.432787
0.662
0.374152
0.662
0.121487
0.574555
0.662
0.662
0.662
0.662
0.527882
0.662
0.10005
0.252717
0.446872
0.172562
0.662
0.662
0.662
0.0665313
0.662
0.266352
0.662
0.662
0.662
0.602835
0.662
0.662
0.458017
0.369188
0.662
0.468954
0.463755
0.10742
0.448898
0.662
0.662
0.106556
0.472147
0.526836
0.662
0.662
0.155146
0.469437
0.396957
0.368422
0.662
0.662
0.662
0.145707
0.662
0.445661
0.662
0.130514
0.12574
0.662
0.360169
0.0713541
0.409197
0.662
0.662
0.662
0.383714
0.662
0.00237479
0.662
0.364219
0.185576
0.29943
0.54531
0.0439147
0.592525
0.362606
0.266181
0.662
0.662
0.0525441
0.261864
0.276345
0.662
0.662
0.388926
0.662
0.662
0.662
0.662
0.382237
0.662
0.662
0.197484
0.130422
0.662
0.662
0.662
0.28742
0.330883
0.587127
0.473349
0.337662
0.662
0.515656
0.662
0.662
0.135837
0.203762
0.662
0.662
0.662
0.662
0.226636
0.662
0.662
0.421194
0.206358
0.662
0.662
0.662
0.662
0.245055
0.662
0.662
0.662
0.388137
0.209652
0.0728476
0.662
0.662
0.113953
0.322755
0.662
0.662
0.662
0.319705
0.662
0.662
0.662
0.662
0.662
0.325001
0.662
0.435937
0.0822562
0.143316
0.662
0.146742
0.662
0.662
0.662
0.183142
0.219905
0.662
0.543904
0.662
0.309434
0.662
0.662
0.222876
0.464439
0.131611
0.662
0.567634
0.662
0.662
0.430938
0.662
0.662
0.348598
0.57724
0.368973
0.4525
0.0797015
0.222863
0.662
0.513283
0.426801
0.662
0.351813
0.256523
0.0152799
0.662
0.363294
0.662
0.662
0.550988
0.662
0.662
0.0707117
0.235393
0.662
0.662
0.662
0.505195
0.551419
0.452879
0.662
0.662
0.565181
0.0962161
0.0960675
0.662
0.623299
0.662
0.662
0.662
0.322773
0.662
0.393495
0.00476643
0.662
0.328156
0.662
0.662
0.662
0.171299
0.662
0.662
0.209357
0.219237
0.662
0.200876
0.352458
0.662
0.0981011
0.662
0.662
0.662
0.356135
0.662
0.360415
0.662
0.662
0.662
0.662
0.662
0.378249
0.662
0.256285
0.450578
0.116413
0.662
0.277346
0.107242
0.117721
0.187606
0.342759
0.288895
0.662
0.185397
0.662
0.237854
0.364475
0.248711
0.662
0.662
0.662
0.217952
0.465913
0.662
0.662
0.36357
0.0893709
0.252965
0.662
0.18599
0.662
0.662
0.662
0.662
0.0599994
0.349339
0.662
0.578429
0.640539
0.662
0.37915
0.662
0.541733
0.662
0.367579
0.16192
0.494798
0.662
0.38758
0.662
0.662
0.662
0.331352
0.662
0.187222
0.662
0.662
0.662
0.426096
0.239419
0.194451
0.446356
0.662
0.369572
0.662
0.662
0.662
0.662
0.356655
0.662
0.662
0.104019
0.662
0.662
0.361694
0.0400695
0.662
0.310047
0.260825
0.662
0.662
0.662
0.461763
0.386575
0.00163427
0.662
0.662
0.0549775
0.328312
0.204226
0.312538
0.662
0.411141
0.0266827
0.32113
0.662
0.483535
0.144556
0.662
0.241927
0.299784
0.206138
0.662
0.662
0.662
0.534063
0.662
0.240303
0.662
0.662
0.522925
0.389476
0.495943
0.369998
0.662
0.157491
0.662
0.662
0.662
0.662
0.662
0.662
0.425286
0.662
0.256523
0.662
0.132682
0.188567
0.662
0.662
0.662
0.20118
0.662
0.414409
0.183211
0.662
0.0528871
0.236988
0.0122199
0.662
0.0684222
0.339883
0.182432
0.0305244
0.0026655
0.662
0.662
0.662
0.232733
0.662
0.043704
0.581035
0.662
0.464375
0.275914
0.662
0.662
0.662
0.662
0.213038
0.662
0.662
0.662
0.414343
0.662
0.579295
0.662
0.662
0.176816
0.662
0.462604
0.662
0.662
0.662
0.662
0.184804
0.662
0.348005
0.223028
0.662
0.319598
0.310714
0.662
0.311366
0.390097
0.662
0.346373
0.392474
0.174059
0.662
0.662
0.662
0.178804
0.340911
0.662
0.0339176
0.368057
0.655621
0.215438
0.244351
0.112705
0.662
0.662
0.662
0.662
0.124149
0.662
0.662
0.662
0.472449
0.662
0.662
0.662
0.498281
0.453683
0.384267
0.662
0.662
0.662
0.121897
0.133474
0.662
0.662
0.662
0.662
0.662
0.662
0.0198472
0.0705898
0.662
0.352365
0.290531
0.662
0.662
0.398394
0.16387
0.662
0.277222
0.0413631
0.662
0.662
0.662
0.662
0.662
0.358788
0.106635
0.46556
0.373335
0.125537
0.0406975
0.0259293
0.662
0.662
0.662
0.662
0.0671515
0.268658
0.662
0.449467
0.0101323
0.374887
0.662
0.317586
0.662
0.662
0.320571
0.277381
0.189381
0.265948
0.304847
0.662
0.21079
0.662
0.662
0.662
0.450197
0.0120813
0.662
0.662
0.662
0.662
0.662
0.358907
0.662
0.203733
0.0276142
0.662
0.389108
0.662
0.182099
0.500527
0.0617458
0.662
0.662
0.662
0.662
0.662
0.0313683
0.00526884
0.138459
0.662
0.187131
0.662
0.662
0.171505
0.662
0.662
0.380982
0.238641
0.662
0.662
0.0950971
0.525839
0.662
0.662
0.13275
0.213097
0.662
0.373641
0.662
0.513509
0.662
0.662
0.662
0.0388468
0.662
0.662
0.662
0.662
0.228187
0.214192
0.662
0.00088983
0.662
0.662
0.449266
0.662
0.662
0.662
0.662
0.662
0.0181553
0.0946174
0.355007
0.662
0.662
0.662
0.662
0.408712
0.253539
0.662
0.662
0.169097
0.172994
0.662
0.662
0.103828
0.624937
0.662
0.662
0.662
0.662
0.267336
0.662
0.133084
0.662
0.128481
0.112266
0.232207
0.100241
0.662
0.246939
0.662
0.266033
0.662
0.210529
0.662
0.662
0.662
0.662
0.369296
0.401437
0.15864
0.510679
0.662
0.142087
0.662
0.662
0.140984
0.218401
0.164242
0.356988
0.662
0.662
0.47928
0.36224
0.0396083
0.191513
0.662
0.662
0.662
0.662
0.051847
0.265913
0.662
0.000576119
0.254948
0.662
0.12669
0.443463
0.662
0.40102
0.312399
0.378492
0.244854
0.662
0.662
0.251321
0.662
0.662
0.662
0.662
0.662
0.235193
0.599562
0.247277
0.070169
0.662
0.234663
0.29294
0.662
0.434895
0.319528
0.108063
0.0763201
0.662
0.144244
0.662
0.146003
0.662
0.662
0.662
0.419668
0.662
0.662
0.0730631
0.266003
0.662
0.177327
0.662
0.662
0.335192
0.662
0.662
0.14469
0.000840663
0.662
0.662
0.320237
0.662
0.377996
0.662
0.662
0.275046
0.662
0.662
0.662
0.336985
0.662
0.107287
0.568227
0.662
0.216887
0.662
0.662
0.662
0.13133
0.221644
0.36002
0.291898
0.662
0.122766
0.662
0.539549
0.662
0.224619
0.194804
0.212214
0.201954
0.662
0.662
0.662
0.360511
0.662
0.662
0.662
0.662
0.512217
0.662
0.662
0.0341541
0.662
0.223619
0.662
0.199539
0.232745
0.662
0.596367
0.372161
0.662
0.662
0.456654
0.385585
0.662
0.662
0.296937
0.662
0.185272
0.662
0.406247
0.662
0.662
0.247423
0.662
0.662
0.662
0.662
0.49427
0.330504
0.662
0.662
0.214501
0.662
0.662
0.649632
0.662
0.508481
0.662
0.384755
0.514769
0.662
0.650692
0.662
0.406515
0.662
0.662
0.577766
0.0656794
0.662
0.662
0.662
0.662
0.258232
0.662
0.662
0.662
0.323092
0.0577024
0.33868
0.662
0.662
0.662
0.662
0.355092
0.338612
0.662
0.557159
0.159363
0.662
0.662
0.662
0.203958
0.207929
0.539886
0.662
0.0512142
0.662
0.662
0.366225
0.298134
0.662
0.0168864
0.215233
0.402506
0.662
0.626194
0.662
0.662
0.504359
0.303145
0.540772
0.391051
0.114696
0.662
0.435883
0.662
0.662
0.506453
0.176472
0.279692
0.23711
0.217073
0.662
0.662
0.662
0.491932
0.662
0.153409
0.662
0.662
0.606647
0.662
0.154916
0.662
0.662
0.662
0.662
0.662
0.662
0.662
0.156716
0.662
0.662
0.662
0.662
0.0758245
0.662
0.662
0.431491
0.411723
0.662
0.662
0.351204
0.492625
0.662
0.0724507
0.662
0.389937
0.272679
0.648534
0.662
0.662
0.662
0.662
0.168971
0.662
0.427284
0.347723
0.17008
0.215242
0.381049
0.662
0.662
0.662
0.662
0.662
0.662
0.662
0.0585075
0.662
0.149768
0.127057
0.421986
0.662
0.153969
0.662
0.448411
0.0145932
0.662
0.662
0.0599218
0.188953
0.496781
0.662
0.39572
0.662
0.662
0.662
0.662
0.662
0.262725
0.366986
0.662
0.36268
0.210612
0.662
0.662
0.0408831
0.101212
0.302087
0.246032
0.444838
0.290593
0.387835
0.145704
0.240105
0.662
0.291707
0.53474
0.0465108
0.159383
0.662
0.416289
0.113041
0.384271
0.293795
0.0879887
0.662
0.662
0.662
0.662
0.150626
0.297825
0.662
0.662
0.662
0.662
0.662
0.328779
0.276089
0.662
0.662
0.253532
0.0795937
0.48833
0.662
0.662
0.662
0.117912
0.345499
0.115535
0.123886
0.186186
0.662
0.662
0.273671
0.358327
0.662
0.23999
0.0560373
0.0345577
0.662
0.452953
0.662
0.662
0.215334
0.0496202
0.330815
0.662
0.662
0.0529913
0.488928
0.662
0.198224
0.295088
0.0132985
0.462667
0.662
0.662
0.0606815
0.662
0.0911688
0.273171
0.40362
0.662
0.662
0.0223627
0.662
0.662
0.662
0.448
0.190273
0.117307
0.662
0.662
0.467829
0.194758
0.662
0.187309
0.654887
0.0238998
0.662
0.448202
0.662
0.662
0.662
0.662
0.107228
0.662
0.380585
0.151853
0.332037
0.0932094
0.662
0.662
0.662
0.162279
0.662
0.662
0.662
0.0609192
0.354926
0.662
0.662
0.662
0.662
0.662
0.0383618
0.0259623
0.662
0.662
0.476874
0.662
0.662
0.662
0.662
0.662
0.242748
0.09807
0.450802
0.00461424
0.662
0.662
0.662
0.662
0.255066
0.662
0.662
0.662
0.340882
0.0723596
0.125947
0.662
0.662
0.071891
0.288055
0.421076
0.317145
0.0292026
0.662
0.662
0.150037
0.662
0.662
0.662
0.401575
0.296111
0.662
0.662
0.662
0.662
0.662
0.396427
0.241397
0.218803
0.662
0.662
0.662
0.662
0.662
0.662
0.662
0.662
0.409486
0.662
0.376503
0.381096
0.662
0.542649
0.612951
0.505205
0.662
0.662
0.21013
0.0302914
0.295708
0.662
0.662
0.422544
0.00614502
0.254421
0.662
0.662
0.662
0.568291
0.662
0.662
0.112639
0.662
0.0611076
0.662
0.662
0.662
0.662
0.662
0.130389
0.3821
0.662
0.662
0.290626
0.662
0.428121
0.460443
0.491826
0.0736961
0.404778
0.662
0.662
0.449322
0.662
0.0585527
0.0626418
0.662
0.125263
0.662
0.153321
0.662
0.437477
0.662
0.662
0.662
0.662
0.162027
0.312722
0.259201
0.330913
0.662
0.0755577
0.662
0.361721
0.0498886
0.662
0.355302
0.376729
0.327677
0.0811076
0.399554
0.30808
0.662
0.662
0.662
0.291054
0.56302
0.0516181
0.234635
0.662
0.662
0.202389
0.204282
0.662
0.662
0.662
0.662
0.16347
0.662
0.399624
0.662
0.0561496
0.662
0.349739
0.662
0.662
0.336818
0.662
0.662
0.266497
0.328334
0.662
0.662
0.419781
0.47591
0.235593
0.0140774
0.113357
0.662
0.662
0.0483342
0.416612
0.662
0.662
0.662
0.662
0.662
0.229851
0.662
0.628981
0.662
0.000563044
0.662
0.143948
0.469226
0.662
0.662
0.253141
0.662
0.117973
0.254362
0.238483
0.662
0.0124378
0.0348346
0.262074
0.662
0.662
0.662
0.23022
0.0429653
0.182372
0.662
0.24293
0.662
0.189783
0.662
0.662
0.37993
0.467202
0.662
0.472527
0.662
0.3842
0.288562
0.662
0.662
0.662
0.662
0.349353
0.408107
0.662
0.0338571
0.045449
0.662
0.45655
0.448921
0.32528
0.0236373
0.662
0.18467
0.158585
0.481098
0.143237
0.662
0.386273
0.662
0.662
0.462361
0.662
0.662
0.0796516
0.290023
0.662
0.662
0.32497
0.126929
0.258541
0.662
0.0237486
0.252503
0.662
0.662
0.662
0.499946
0.662
0.390362
0.168306
0.488125
0.662
0.662
0.662
0.662
0.350808
0.0296167
0.662
0.662
0.545957
0.449716
0.662
0.662
0.0580462
0.662
0.662
0.662
0.662
0.662
0.0182968
0.662
0.662
0.662
0.284059
0.138922
0.662
0.662
0.662
0.662
0.438077
0.662
0.662
0.662
0.662
0.662
0.662
0.662
0.662
0.662
0.662
0.10179
0.662
0.662
0.149647
0.662
0.662
0.028493
0.662
0.662
0.314021
0.662
0.328321
0.415004
0.391927
0.0674488
0.382956
0.662
0.161659
0.270998
0.0530935
0.142952
0.200562
0.222503
0.662
0.662
0.309535
0.662
0.662
0.345013
0.662
0.662
0.228969
0.368821
0.662
0.48302
0.662
0.662
0.504539
0.662
0.662
0.662
0.314901
0.662
0.662
0.662
0.0126895
0.0900238
0.267683
0.662
0.662
0.0544494
0.146683
0.662
0.662
0.304831
0.499121
0.437742
0.662
0.491459
0.662
0.0273582
0.279159
0.662
0.0309281
0.662
0.662
0.662
0.386101
0.419399
0.22353
0.605405
0.262906
0.662
0.662
0.00230688
0.0628066
0.662
0.662
0.149456
0.493651
0.662
0.662
0.103242
0.385166
0.662
0.469355
0.662
0.662
0.662
0.106553
0.43387
0.175328
0.219934
0.156156
0.493753
0.662
0.469904
0.250618
0.662
0.305366
0.40592
0.662
0.253448
0.662
0.662
0.662
0.662
0.330389
0.114364
0.191202
0.284238
0.662
0.662
0.147726
0.241827
0.662
0.167233
0.427652
0.662
0.0716658
0.662
0.662
0.662
0.368107
0.662
0.662
0.451869
0.662
0.149014
0.662
0.239454
0.662
0.346651
0.662
0.662
0.410678
0.466696
0.662
0.131872
0.662
0.13155
0.284368
0.633694
0.662
0.444698
0.306912
0.662
0.253309
0.413432
0.662
0.662
0.112226
0.247569
0.14755
0.662
0.662
0.662
0.275826
0.662
0.347521
0.662
0.409806
0.662
0.662
0.14921
0.0570811
0.662
0.662
0.129319
0.662
0.662
0.662
0.662
0.424963
0.662
0.662
0.662
0.662
0.662
0.453077
0.472003
0.457498
0.662
0.662
0.662
0.4417
0.0262345
0.43206
0.662
0.662
0.0935045
0.241286
0.436423
0.662
0.41064
0.282719
0.44401
0.662
0.662
0.309357
0.662
0.553842
0.662
0.662
0.421515
0.287193
0.662
0.408986
0.371471
0.662
0.662
0.662
0.662
0.00904594
0.305546
0.581464
0.333702
0.238386
0.190815
0.345899
0.662
0.0467754
0.662
0.348019
0.118187
0.293921
0.109893
0.382148
0.662
0.662
0.56613
0.662
0.130631
0.0158701
0.662
0.365019
0.570681
0.203174
0.484004
0.662
0.397208
0.662
0.662
0.32432
0.662
0.0307657
0.10184
0.662
0.662
0.662
0.063289
0.394007
0.465933
0.662
0.294372
0.46723
0.662
0.3689
0.266165
0.662
0.531429
0.39356
0.223081
0.258506
0.662
0.301777
0.0063794
0.434998
0.662
0.662
0.662
0.662
0.662
0.662
0.662
0.662
0.662
0.288644
0.118968
0.662
0.229976
0.662
0.662
0.662
0.662
0.204991
0.662
0.662
0.662
0.204461
0.662
0.662
0.35336
0.662
0.662
0.0294856
0.662
0.662
0.662
0.662
0.662
0.342295
0.421576
0.662
0.220256
0.662
0.56733
0.662
0.662
0.662
0.197966
0.491998
0.197303
0.125194
0.662
0.662
0.662
0.157905
0.662
0.513919
0.313961
0.360393
0.308871
0.392814
0.662
0.662
0.32335
0.662
0.176644
0.662
0.227126
0.662
0.0443455
0.662
0.251192
0.662
0.662
0.0537743
0.0407171
0.662
0.198835
0.662
0.662
0.0509117
0.344304
0.416231
0.662
0.178407
0.461524
0.662
0.662
0.662
0.662
0.662
0.00564112
0.0919282
0.662
0.2286
0.0278973
0.662
0.662
0.285249
0.396323
0.662
0.201018
0.400331
0.455685
0.662
0.218557
0.662
0.328012
0.662
0.0429302
0.662
0.662
0.662
0.662
0.345872
0.496686
0.662
0.662
0.377686
0.662
0.273982
0.662
0.662
0.662
0.465062
0.26645
0.405968
0.662
0.662
0.662
0.662
0.22012
0.662
0.662
0.662
0.662
0.662
0.662
0.662
0.662
0.189024
0.662
0.198195
0.123635
0.24489
0.662
0.662
0.662
0.198739
0.326259
0.662
0.291301
0.21423
0.00118762
0.662
0.413906
0.662
0.662
0.662
0.662
0.662
0.267253
0.303809
0.662
0.662
0.662
0.518966
0.662
0.662
0.662
0.662
0.662
0.662
0.603586
0.309133
0.662
0.476124
0.0918216
0.000147499
0.0333224
0.332022
0.662
0.662
0.662
0.444904
0.662
0.422463
0.307634
0.471561
0.662
0.417143
0.662
0.193779
0.282548
0.662
0.0315849
0.285218
0.384821
0.200411
0.662
0.662
0.662
0.656038
0.662
0.0291599
0.196501
0.662
0.239356
0.662
0.662
0.662
0.662
0.145046
0.662
0.662
0.344778
0.662
0.662
0.662
0.662
0.379804
0.185182
0.330181
0.0221507
0.0740587
0.0206257
0.191495
0.385439
0.326586
0.215677
0.364767
0.377619
0.662
0.490526
0.207226
0.24718
0.0501609
0.365834
0.662
0.362561
0.662
0.403476
0.662
0.662
0.662
0.245724
0.439167
0.662
0.662
0.336868
0.142701
0.662
0.0700359
0.662
0.366755
0.662
0.662
0.662
0.662
0.165161
0.662
0.662
0.662
0.662
0.662
0.662
0.662
0.629696
0.662
0.662
0.662
0.662
0.236244
0.662
0.0474994
0.476757
0.485812
0.393894
0.662
0.304183
0.198267
0.161021
0.0380811
0.662
0.662
0.202794
0.630034
0.662
0.457653
0.662
0.662
0.662
0.662
0.662
0.388647
0.662
0.662
0.366488
0.226398
0.662
0.483247
0.289097
0.662
0.662
0.662
0.662
0.662
0.662
0.662
0.662
0.0326588
0.229933
0.00983086
0.00395396
0.662
0.662
0.662
0.222826
0.662
0.662
0.662
0.652732
0.2387
0.172892
0.662
0.16212
0.405373
0.439074
0.0110141
0.662
0.662
0.355109
0.662
0.662
0.284261
0.171632
0.662
0.00865226
0.0395202
0.662
0.304797
0.335153
0.662
0.662
0.662
0.0842579
0.362441
0.662
0.120066
0.464472
0.662
0.387831
0.662
0.291346
0.214257
0.443443
0.662
0.662
0.662
0.49868
0.662
0.662
0.184335
0.662
0.43477
0.238907
0.122741
0.662
0.0434017
0.104032
0.662
0.237041
0.662
0.662
0.13962
0.662
0.438467
0.662
0.434273
0.662
0.0205162
0.662
0.662
0.0561627
0.662
0.662
0.662
0.418717
0.662
0.324327
0.662
0.406713
0.317937
0.662
0.662
0.0519021
0.400532
0.390595
0.662
0.662
0.662
0.362478
0.662
0.662
0.607263
0.20843
0.662
0.662
0.662
0.662
0.662
0.662
0.443226
0.662
0.617351
0.609027
0.662
0.662
0.662
0.0315693
0.662
0.504406
0.662
0.662
0.481566
0.662
0.662
0.36999
0.662
0.270116
0.662
0.348994
0.327367
0.214335
0.132091
0.662
0.203407
0.0139909
0.662
0.197626
0.298726
0.662
0.662
0.662
0.230793
0.662
0.662
0.662
0.662
0.437932
0.662
0.662
0.662
0.251525
0.324466
0.316467
0.245452
0.232724
0.11782
0.662
0.0719826
0.662
0.117322
0.662
0.16169
0.662
0.662
0.214265
0.343196
0.662
0.662
0.662
0.662
0.662
0.475026
0.662
0.662
0.662
0.0188496
0.662
0.662
0.662
0.662
0.662
0.335098
0.301039
0.662
0.662
0.309449
0.662
0.346864
0.662
0.662
0.662
0.563152
0.267674
0.662
0.662
0.0960016
0.286058
0.662
0.00136933
0.381895
0.662
0.662
0.662
0.0769464
0.317302
0.468674
0.662
0.00954363
0.33637
0.320025
0.149363
0.0533203
0.662
0.662
0.662
0.662
0.662
0.662
0.412546
0.375709
0.0140241
0.662
0.295226
0.662
0.662
0.354926
0.662
0.420363
0.662
0.64954
0.360619
0.310788
0.662
0.208044
0.169937
0.0568539
0.662
0.662
0.280609
0.662
0.49447
0.662
0.662
0.662
0.662
0.368431
0.662
0.662
0.662
0.00331941
0.662
0.662
0.423939
0.531918
0.662
0.27084
0.241927
0.217301
0.662
0.0831563
0.243671
0.662
0.662
0.662
0.662
0.331359
0.192624
0.24114
0.591583
0.662
0.662
0.662
0.174936
0.662
0.662
0.602196
0.662
0.221691
0.662
0.385363
0.662
0.662
0.662
0.342362
0.192357
0.196899
0.662
0.175678
0.0338325
0.0446021
0.385287
0.662
0.662
0.58153
0.359448
0.396119
0.341129
0.366835
0.662
0.662
0.662
0.426489
0.662
0.432746
0.662
0.333218
0.276093
0.662
0.220086
0.471118
0.253929
0.662
0.662
0.662
0.254773
0.662
0.136842
0.662
0.0413091
0.662
0.662
0.5264
0.662
0.240761
0.590226
0.662
0.232113
0.280422
0.193077
0.662
0.662
0.662
0.662
0.369503
0.662
0.325079
0.662
0.187979
0.186864
0.269888
0.662
0.00342553
0.127833
0.441368
0.0871442
0.439041
0.317586
0.321387
0.662
0.283452
0.662
0.221712
0.662
0.662
0.662
0.662
0.138429
0.322294
0.129584
0.240032
0.662
0.662
0.118382
0.662
0.625179
0.662
0.662
0.279544
0.332494
0.662
0.662
0.662
0.662
0.11481
0.662
0.662
0.30524
0.459839
0.266196
0.406146
0.355594
0.662
0.662
0.662
0.374377
0.362614
0.662
0.62897
0.662
0.662
0.304991
0.324151
0.337233
0.00531876
0.240606
0.662
0.662
0.662
0.662
0.662
0.506846
0.662
0.14741
0.662
0.662
0.284819
0.524769
0.358928
0.652485
0.268108
0.662
0.444854
0.36865
0.289479
0.662
0.345951
0.662
0.662
0.542817
0.662
0.662
0.1263
0.662
0.296772
0.662
0.419875
0.289231
0.662
0.274841
0.662
0.373791
0.187592
0.00932963
0.419796
0.295501
0.662
0.662
0.344575
0.662
0.10341
0.205758
0.259511
0.662
0.662
0.377373
0.346893
0.662
0.359772
0.0756664
0.0910021
0.446404
0.485213
0.662
0.662
0.662
0.224937
0.24257
0.0210354
0.207992
0.391913
0.0772701
0.662
0.285303
0.391697
0.662
0.662
0.662
0.311426
0.662
0.662
0.662
0.467647
0.662
0.662
0.219747
0.662
0.0467623
0.662
0.662
0.115237
0.320995
0.294468
0.0289387
0.662
0.662
0.662
0.662
0.0512126
0.0435642
0.662
0.662
0.279343
0.214502
0.662
0.662
0.662
0.662
0.662
0.114195
0.662
0.495368
0.412277
0.477856
0.39647
0.662
0.662
0.363841
0.00278841
0.130064
0.0419735
0.407072
0.662
0.633761
0.185675
0.0900485
0.212905
0.662
0.662
0.662
0.662
0.662
0.0308626
0.662
0.662
0.662
0.150619
0.662
0.126928
0.662
0.0425379
0.281502
0.662
0.148252
0.662
0.662
0.662
0.662
0.662
0.120574
0.23398
0.480697
0.0753771
0.662
0.44651
0.662
0.159521
0.190927
0.330646
0.662
0.213251
0.662
0.662
0.662
0.300548
0.337855
0.662
0.231134
0.0360193
