0.425155
0.662
0.662
0.394179
0.274026
0.287605
0.662
0.574259
0.662
0.371449
0.231759
0.0233103
0.662
0.662
0.662
0.662
0.662
0.0661614
0.110773
0.662
0.662
0.29678
0.180328
0.662
0.662
0.662
0.120536
0.662
0.662
0.567703
0.417563
0.662
0.44083
0.662
0.662
0.662
0.662
0.524491
0.287391
0.662
0.215171
0.167087
0.593233
0.662
0.148659
0.662
0.662
0.3615
0.025652
0.653935
0.207969
0.662
0.159348
0.300329
0.662
0.662
0.240644
0.662
0.662
0.144043
0.662
0.662
0.662
0.234274
0.662
0.19232
0.662
0.662
0.662
0.662
0.662
0.463894
0.662
0.151172
0.662
0.238642
0.662
0.316537
0.662
0.662
0.0934402
0.662
0.605278
0.239209
0.662
0.217016
0.662
0.662
0.181753
0.662
0.662
0.325572
0.656928
0.662
0.173601
0.040669
0.662
0.662
0.365687
0.247329
0.662
0.662
0.662
0.662
0.662
0.368869
0.439234
0.277518
0.662
0.662
0.133772
0.120542
0.662
0.291414
0.662
0.152268
0.091073
0.138762
0.408362
0.407527
0.662
0.159981
0.662
0.662
0.180939
0.662
0.340866
0.662
0.662
0.301023
0.662
0.057579
0.662
0.662
0.662
0.662
0.488846
0.479167
0.662
0.662
0.196609
0.662
0.662
0.662
0.662
0.662
0.662
0.473512
0.56177
0.662
0.187496
0.662
0.662
0.662
0.305584
0.662
0.0717049
0.455934
0.662
0.662
0.233159
0.662
0.10912
0.662
0.333695
0.662
0.308343
0.062835
0.662
0.00454729
0.662
0.662
0.662
0.662
0.189728
0.662
0.662
0.662
0.662
0.115745
0.0704102
0.0354162
0.662
0.662
0.662
0.593072
0.434173
0.662
0.0942476
0.255732
0.453998
0.0831955
0.144097
0.393341
0.662
0.151361
0.662
0.275946
0.299485
0.538431
0.662
0.662
0.662
0.12398
0.662
0.244672
0.662
0.485851
0.469806
0.477542
0.309497
0.662
0.662
0.662
0.662
0.662
0.662
0.367526
0.032422
0.375038
0.662
0.162029
0.0881816
0.662
0.546901
0.285871
0.662
0.662
0.662
0.662
0.662
0.158934
0.662
0.566246
0.662
0.662
0.161554
0.662
0.172414
0.662
0.662
0.662
0.0882836
0.507805
0.662
0.662
0.411788
0.0280538
0.662
0.662
0.000921424
0.662
0.290146
0.662
0.301764
0.431063
0.662
0.662
0.31061
0.456678
0.662
0.662
0.662
0.440414
0.378088
0.662
0.0370958
0.662
0.198326
0.317536
0.359003
0.662
0.000931554
0.197538
0.0497516
0.662
0.662
0.326627
0.198775
0.662
0.147888
0.662
0.0439662
0.662
0.662
0.159199
0.0528079
0.662
0.200771
0.662
0.662
0.662
0.662
0.662
0.662
0.200475
0.140879
0.662
0.662
0.222518
0.662
0.0435819
0.662
0.662
0.340126
0.662
0.662
0.145326
0.662
0.31374
0.662
0.662
0.0782343
0.0430105
0.662
0.662
0.662
0.662
0.153257
0.662
0.401206
0.199293
0.137885
0.662
0.110298
0.594778
0.143231
0.193347
0.662
0.662
0.207249
0.247616
0.188438
0.662
0.312602
0.345292
0.0148236
0.254916
0.384212
0.120305
0.374797
0.312799
0.662
0.441616
0.358617
0.662
0.662
0.662
0.662
0.268869
0.424493
0.662
0.500094
0.662
0.350924
0.662
0.662
0.205248
0.662
0.16783
0.247174
0.48795
0.237348
0.662
0.0531445
0.662
0.662
0.172623
0.662
0.113766
0.380044
0.662
0.662
0.183693
0.117016
0.20312
0.662
0.662
0.492631
0.387119
0.341318
0.202865
0.662
0.662
0.662
0.662
0.662
0.662
0.205732
0.662
0.662
0.265101
0.662
0.439582
0.374216
0.064859
0.444001
0.217325
0.0136854
0.662
0.662
0.156499
0.390497
0.662
0.662
0.662
0.289564
0.662
0.408547
0.185793
0.662
0.662
0.662
0.205898
0.052615
0.659241
0.662
0.215905
0.567847
0.662
0.448991
0.497441
0.662
0.46928
0.662
0.662
0.662
0.662
0.33264
0.554551
0.662
0.662
0.228402
0.662
0.240641
0.662
0.239684
0.662
0.134444
