0.662
0.42566
0.662
0.662
0.662
0.0465367
0.38054
0.662
0.0640954
0.662
0.662
0.662
0.30506
0.41855
0.49402
0.662
0.239591
0.662
0.662
0.662
0.487293
0.662
0.662
0.15468
0.662
0.284714
0.198418
0.155635
0.662
0.200258
0.662
0.662
0.324127
0.662
0.662
0.359968
0.128735
0.321633
0.662
0.351857
0.460911
0.101144
0.662
0.457275
0.0167085
0.184169
0.662
0.662
0.308444
0.662
0.260264
0.662
0.662
0.662
0.291075
0.461837
0.662
0.662
0.0898717
0.662
0.372996
0.434008
0.662
0.0928948
0.484447
0.0701964
0.662
0.219661
0.0259834
0.107439
0.662
0.455907
0.662
0.111494
0.0885642
0.662
0.396121
0.662
0.0825216
0.662
0.662
0.662
0.662
0.157314
0.381055
0.662
0.662
0.662
0.662
0.416236
0.308163
0.537217
0.336068
0.662
0.402015
0.0850236
0.146869
0.662
0.662
0.662
0.100934
0.196768
0.662
0.662
0.322674
0.137206
0.00570982
0.662
0.0823074
0.662
0.662
0.662
0.662
0.662
0.662
0.662
0.206478
0.662
0.0418143
0.0384808
0.662
0.662
0.444173
0.418297
0.192029
0.196052
0.156398
0.662
0.662
0.348214
0.662
0.662
0.662
0.406247
0.662
0.662
0.403504
0.308272
0.662
0.391507
0.662
0.395914
0.662
0.662
0.662
0.573014
0.662
0.280257
0.662
0.411157
0.662
0.662
0.662
0.662
0.274243
0.462023
0.394396
0.662
0.587082
0.177902
0.662
0.626464
0.662
0.662
0.527633
0.104696
0.216259
0.662
0.144495
0.31471
0.662
0.662
0.662
0.662
0.0846249
0.662
0.0104039
0.251221
0.662
0.301607
0.662
0.662
0.20957
0.139899
0.662
0.63339
0.662
0.175631
0.219953
0.0755746
0.662
0.0958826
0.662
0.304421
0.466787
0.292588
0.662
0.000482921
0.662
0.662
0.213274
0.662
0.166283
0.372634
0.662
0.662
0.306579
0.662
0.216606
0.348423
0.662
0.662
0.662
0.249656
0.0581495
0.662
0.662
0.229941
0.446683
0.662
0.470428
0.662
0.662
0.274185
0.320269
0.662
0.662
0.662
0.662
0.662
0.662
0.416605
0.42853
0.662
0.292745
0.662
0.2763
0.249604
0.0957142
0.411252
0.662
0.662
0.662
0.662
0.463489
0.662
0.275318
0.0929386
0.287996
0.37989
0.662
0.222619
0.0596311
0.662
0.146987
0.42893
0.662
0.419188
0.306847
0.662
0.457225
0.662
0.662
0.258121
0.662
0.662
0.662
0.662
0.662
0.026265
0.145047
0.447302
0.418731
0.662
0.662
0.57746
0.203845
0.251886
0.59025
0.662
0.662
0.528393
0.662
0.662
0.662
0.397165
0.115432
0.416432
0.662
0.662
0.195647
0.662
0.662
0.662
0.662
0.662
0.662
0.387854
0.619289
0.247789
0.662
0.431537
0.0252225
0.662
0.662
0.662
0.662
0.662
0.493551
0.662
0.100301
0.662
0.154949
0.287682
0.26725
0.118045
0.525514
0.0509678
0.355554
0.441165
0.662
0.477879
0.662
0.280138
0.547223
0.662
0.34551
0.662
0.662
0.146231
0.662
0.662
0.478629
0.662
0.058386
0.662
0.00100228
0.662
0.264842
0.662
0.662
0.661149
0.224659
0.662
0.220138
0.115647
0.662
0.662
0.662
0.662
0.203473
0.662
0.662
0.662
0.662
0.662
0.662
0.146614
0.662
0.0170819
0.574163
0.343856
0.662
0.662
0.401613
0.18094
0.0921928
0.364158
0.662
0.197524
0.662
0.662
0.170306
0.662
0.213407
0.436437
0.59577
0.662
0.0813417
0.662
0.626308
0.662
0.662
0.662
0.180856
0.232586
0.0467839
0.662
0.0492404
0.410523
0.0426782
0.34143
0.476472
0.662
0.582824
0.662
0.662
0.236625
0.156192
0.662
0.42928
0.219184
0.279917
0.662
0.662
0.469009
0.662
0.662
0.431334
0.440042
0.417323
0.398074
0.0456693
0.309146
0.296148
0.662
0.662
0.662
0.431427
0.662
0.0984455
0.662
0.662
0.29773
0.460335
0.662
0.069727
0.155005
0.4169
0.000124748
0.662
0.662
0.384702
0.662
0.427821
0.424965
0.662
0.280578
0.290299
0.242874
0.662
0.251015
0.662
0.662
0.662
0.662
0.0407936
0.273213
0.662
0.495713
0.662
0.662
0.396361
0.0280895
0.563613
0.337671
0.372402
0.662
0.218457
0.662
0.459321
0.20498
0.662
0.662
0.662
0.419936
0.0381172
0.662
0.0266925
0.662
0.427522
0.662
0.662
0.127009
0.102056
0.662
0.662
0.343748
0.368144
0.182296
0.662
0.662
0.662
0.662
0.662
0.662
0.171045
0.323607
0.00747624
0.662
0.370927
0.270047
0.662
0.662
0.462436
0.362485
0.662
0.131664
0.662
0.662
0.662
0.662
0.407329
0.429541
0.175447
0.662
0.056601
0.158911
0.0384204
0.662
0.0551165
0.662
0.456935
0.205436
0.36942
0.0786549
0.662
0.662
0.662
0.662
0.394648
0.662
0.662
0.662
0.662
0.489121
0.662
0.662
0.0130517
0.662
0.348414
0.662
0.209084
0.448029
0.163478
0.0578825
0.0427889
0.256545
0.0702362
0.662
0.0548771
0.662
0.662
0.379026
0.00877805
0.662
0.0675299
0.662
0.662
0.0732482
0.563878
0.662
0.662
0.662
0.123569
0.121547
0.258044
0.199766
0.662
0.327722
0.662
0.0756555
0.662
0.662
0.292986
0.0551636
0.662
0.662
0.662
0.662
0.424029
0.134578
0.662
0.662
0.662
0.375376
0.662
0.662
0.466872
0.44799
0.277963
0.323345
0.0434908
0.334466
0.317864
0.662
0.0342955
0.662
0.662
0.257058
0.185723
0.662
0.662
0.261642
0.662
0.198588
0.662
0.385579
0.410157
0.389003
0.662
0.662
0.662
0.430786
0.662
0.270933
0.183788
0.662
0.662
0.662
0.662
0.662
0.355893
0.466865
0.662
0.363975
0.662
0.289822
0.662
0.170768
0.324151
0.662
0.318955
0.662
0.198228
0.662
0.186566
0.377043
0.662
0.662
0.151173
0.662
0.662
0.440217
0.432414
0.662
0.662
0.389482
0.662
0.254827
0.662
0.662
0.662
0.662
0.338683
0.038006
0.229514
0.662
0.492627
0.662
0.662
0.0602854
0.662
0.662
0.284981
0.287201
0.131147
0.379324
0.662
0.662
0.662
0.294677
0.662
0.662
0.662
0.662
0.662
0.662
0.465471
0.662
0.662
0.229123
0.5353
0.662
0.286065
0.119458
0.662
0.121783
0.662
0.406082
0.0946199
0.171599
0.194474
0.662
0.662
0.662
0.196283
0.662
0.289334
0.0773525
0.418638
0.662
0.434284
0.662
0.467408
0.503444
0.179734
0.0442087
0.662
0.662
0.662
0.662
0.662
0.0931295
0.662
0.139138
0.662
0.662
0.662
0.662
0.662
0.662
0.361595
0.48673
0.662
0.00010066
0.662
0.662
0.662
0.329426
0.662
0.349401
0.593159
0.0522035
0.36784
0.460759
0.662
0.662
0.662
0.0516243
0.662
0.0324348
0.662
0.662
0.662
0.475878
0.662
0.662
0.662
0.662
0.662
0.0891652
0.662
0.110848
0.288419
0.15104
0.662
0.662
0.656658
0.305004
0.662
0.662
0.662
0.240427
0.662
0.662
0.384771
0.075308
0.662
0.0935994
0.339134
0.195798
0.431236
0.662
0.662
0.662
0.118556
0.499357
0.662
0.335838
0.662
0.662
0.662
0.662
0.413051
0.662
0.268678
0.115342
0.662
0.662
0.113366
0.0566459
0.662
0.0848156
0.662
0.433891
0.662
0.00130584
0.0362231
0.44655
0.662
0.212897
0.662
0.662
0.662
0.662
0.662
0.169456
0.662
0.111388
0.662
0.185723
0.662
0.662
0.662
0.662
0.662
0.662
0.176618
0.662
0.662
0.662
0.431365
0.445954
0.285452
0.388485
0.0950483
0.662
0.066709
0.128411
0.662
0.662
0.099349
0.242755
0.0289723
0.662
0.662
0.194409
0.411542
0.263589
0.662
0.513567
0.662
0.358324
0.124559
0.324428
0.662
0.662
0.662
0.342711
0.286445
0.662
0.002033
0.118381
0.662
0.423198
0.363168
0.190194
0.662
0.662
0.19188
0.17059
0.274168
0.662
0.467358
0.282026
0.662
0.00526392
0.662
0.662
0.662
0.662
0.662
0.662
0.662
0.662
0.335176
0.329406
0.662
0.662
0.662
0.662
0.662
0.662
0.662
0.662
0.467845
0.29616
0.662
0.00867342
0.0964279
0.469082
0.662
0.28736
0.143571
0.345736
0.469008
0.0935571
0.463256
0.662
0.29306
0.583309
0.454701
0.662
0.493328
0.662
0.0731789
0.476398
0.662
0.150675
0.662
0.662
0.184591
0.0121681
0.441764
0.359652
0.256271
0.662
0.662
0.467677
0.143838
0.185262
0.236838
0.662
0.00525349
0.662
0.662
0.662
0.662
0.375358
0.662
0.391815
0.0112579
0.207658
0.662
0.662
0.662
0.47563
0.270654
0.662
0.0105267
0.293009
0.36139
0.662
0.662
0.272165
0.662
0.662
0.138123
0.662
0.662
0.662
0.662
0.146685
0.164894
0.662
0.662
0.662
0.402183
0.408165
0.662
0.2798
0.11808
0.662
0.0197912
0.158069
0.662
0.342668
0.333454
0.131801
0.402701
0.355645
0.662
0.13571
0.662
0.416014
0.662
0.662
0.662
0.662
0.623101
0.0162773
0.07324
0.662
0.662
0.662
0.404009
0.662
0.662
0.498817
0.662
0.0373963
0.662
0.0446822
0.662
0.275159
0.320651
0.662
0.178503
0.662
0.662
0.412544
0.662
0.311569
0.662
0.127933
0.237255
0.405036
0.000697326
0.662
0.662
0.619493
0.0912089
0.484616
0.353564
0.662
0.284426
0.385348
0.427985
0.434519
0.662
0.425414
0.662
0.662
0.662
0.226408
0.0920513
0.662
0.137167
0.5387
0.0930927
0.201736
0.662
0.429752
0.662
0.662
0.662
0.662
0.213824
0.662
0.662
0.662
0.473737
0.662
0.662
0.662
0.121676
0.662
0.307242
0.662
0.460587
0.144091
0.364091
0.477554
0.662
0.139498
0.662
0.662
0.662
0.0678371
0.662
0.662
0.662
0.662
0.0962291
0.343028
0.662
0.662
0.662
0.662
0.662
0.590725
0.662
0.662
0.662
0.662
0.279046
0.662
0.359127
0.662
0.0827378
0.662
0.355171
0.524318
0.492461
0.662
0.311254
0.405103
0.662
0.662
0.478859
0.279663
0.662
0.662
0.338868
0.662
0.171386
0.0190466
0.189725
0.340079
0.662
0.662
0.662
0.613662
0.662
0.138319
0.0199148
0.633694
0.461728
0.662
0.0662093
0.662
0.197505
0.45721
0.662
0.662
0.662
0.344786
0.662
0.662
0.662
0.662
0.102282
0.145082
0.662
0.662
0.662
0.318751
0.643256
