0.662
0.268309
0.240857
0.662
0.445856
0.662
0.662
0.662
0.271693
0.179508
0.662
0.597242
0.662
0.662
0.662
0.662
0.400176
0.318282
0.662
0.0140089
0.662
0.0206707
0.662
0.469137
0.164551
0.662
0.0426472
0.115003
0.662
0.662
0.370869
0.468405
0.662
0.337457
0.662
0.662
0.456875
0.662
0.662
0.662
0.0108577
0.662
0.662
0.408431
0.662
0.662
0.662
0.442021
0.662
0.662
0.662
0.662
0.662
0.662
0.662
0.662
0.662
0.497639
0.304991
0.662
0.497031
0.437638
0.255026
0.248291
0.433892
0.364244
0.445365
0.192204
0.662
0.34892
0.662
0.374234
0.122807
0.662
0.00509151
0.662
0.182956
0.662
0.337539
0.662
0.662
0.662
0.662
0.662
0.37927
0.457109
0.662
0.662
0.662
0.229912
0.381671
0.662
0.662
0.662
0.662
0.39217
0.662
0.458186
0.424623
0.662
0.662
0.662
0.109332
0.662
0.662
0.240348
0.662
0.40769
0.662
0.392092
0.662
0.662
0.463961
0.421655
0.662
0.276565
0.23226
0.662
0.662
0.662
0.157792
0.662
0.23095
0.352893
0.44908
0.662
0.11516
0.662
0.466921
0.662
0.209453
0.0149607
0.662
0.00674656
0.0257078
0.288122
0.268775
0.662
0.335288
0.662
0.266465
0.662
0.662
0.202086
0.662
0.184995
0.040387
0.662
0.662
0.380239
0.0518842
0.50294
0.662
0.662
0.662
0.0890298
0.662
0.0119229
0.421474
0.662
0.0514401
0.662
0.325359
0.662
0.430024
0.130781
0.662
0.662
0.662
0.662
0.134724
0.0863454
0.662
0.662
0.662
0.168164
0.017665
0.149088
0.498942
0.289109
0.00321421
0.662
0.662
0.662
0.662
0.662
0.662
0.628155
0.662
0.662
0.662
0.662
0.310586
0.351857
0.425109
0.662
0.473633
0.125409
0.662
0.435957
0.662
0.662
0.662
0.662
0.289647
0.662
0.0234936
0.0333263
0.662
0.662
0.0311657
0.662
0.320293
0.095418
0.662
0.662
0.248182
0.662
0.319117
0.662
0.513878
0.266689
0.32279
0.662
0.662
0.662
0.337304
0.125896
0.662
0.436183
0.662
0.0101846
0.662
0.298555
0.399768
0.362454
0.0659316
0.662
0.281523
0.662
0.662
0.662
0.662
0.662
0.662
0.272178
0.662
0.164261
0.662
0.662
0.662
0.662
0.410278
0.221931
0.662
0.662
0.178616
0.662
0.00862499
0.527935
0.0337408
0.442049
0.462366
0.662
0.238419
0.662
0.662
0.251934
0.140434
0.415031
0.662
0.662
0.662
0.662
0.451986
0.662
0.187225
0.205058
0.662
0.662
0.155762
0.215685
0.662
0.271481
0.448043
0.0921835
0.662
0.299854
0.662
0.662
0.662
0.0737679
0.378806
0.46704
0.409522
0.662
0.662
0.345006
0.662
0.662
0.146236
0.662
0.621831
0.662
0.662
0.662
0.448707
0.408075
0.115997
0.331993
0.0791152
0.14925
0.662
0.662
0.474821
0.122514
0.662
0.348835
0.504137
0.662
0.0633223
0.606346
0.467541
0.662
0.662
0.662
0.662
0.370461
0.0343236
0.21214
0.662
0.0820341
0.314777
0.582146
0.662
0.454005
0.662
0.230588
0.448075
0.262595
0.662
0.662
0.662
0.332749
0.662
0.662
0.662
0.662
0.156695
0.662
0.662
0.159217
0.2108
0.662
0.662
0.662
0.139408
0.662
0.349951
0.662
0.0151318
0.406151
0.662
0.662
0.662
0.0953553
0.662
0.345279
0.662
0.254818
0.177156
0.0129201
0.662
0.662
0.662
0.662
0.534688
0.283572
0.662
0.297045
0.662
0.124399
0.662
0.181349
0.662
0.346241
0.375425
0.662
0.146498
0.34099
0.662
0.40211
0.0358152
0.662
0.057938
0.222876
0.397208
0.185091
0.662
0.662
0.662
0.249196
0.662
0.648852
0.662
0.46972
0.541607
0.00302749
0.246959
0.429818
0.118847
0.636399
0.398484
0.160417
0.662
0.662
0.165587
0.380201
0.662
0.662
0.26885
0.281924
0.442291
0.662
0.662
0.662
0.662
0.662
0.662
0.00308289
0.662
0.662
0.353661
0.662
0.662
0.369376
0.662
0.662
0.662
0.662
0.208051
0.0863886
0.662
0.428301
0.196005
0.315091
0.46026
0.662
0.453161
0.662
0.299998
0.453544
0.0121342
0.252314
0.0137872
0.662
0.662
0.662
0.376255
0.662
0.662
0.662
0.662
0.662
0.662
0.662
0.012491
0.474334
0.662
0.426702
0.662
0.110111
0.662
0.0931153
0.4645
0.662
0.662
0.234656
0.440805
0.456953
0.662
0.662
0.662
0.662
0.662
0.662
0.141592
0.282158
0.478986
0.106142
0.662
0.662
0.662
0.662
0.134774
0.0369131
0.092459
0.638498
0.507031
0.662
0.149901
0.357599
0.662
0.267766
0.662
0.0295028
0.662
0.295794
0.662
0.267551
0.438595
0.662
0.346898
0.403402
0.129873
0.221271
0.492237
0.3467
0.402015
0.662
0.662
0.320684
0.0327745
0.0022877
0.278388
0.662
0.367483
0.418235
0.662
0.456951
0.0449958
0.227134
0.190616
0.662
0.288216
0.662
0.265751
0.662
0.467427
0.159453
0.350042
0.662
0.662
0.662
0.248623
0.662
0.192011
0.40536
0.320892
0.662
0.662
0.30659
0.250139
0.662
0.662
0.599775
0.0116819
0.662
0.662
0.662
0.45896
0.158224
0.662
0.262384
0.662
0.198608
0.00469646
0.130034
0.662
0.662
0.188377
0.2072
0.662
0.116866
0.662
0.662
0.662
0.0464783
0.662
0.662
0.662
0.662
0.662
0.662
0.662
0.512027
0.259046
0.467035
0.662
0.662
0.163869
0.662
0.357302
0.353292
0.156325
0.449102
0.662
0.213901
0.662
0.662
0.662
0.468129
0.421514
0.662
0.662
0.248017
0.662
0.662
0.662
0.662
0.131066
0.116514
0.662
0.662
0.293394
0.00505393
0.662
0.293687
0.43415
0.662
0.0300018
0.662
0.662
0.662
0.0346561
0.662
0.662
0.655989
0.662
0.662
0.253228
0.361336
0.662
0.397983
0.662
0.343884
0.662
0.662
0.236891
0.662
0.662
0.662
0.662
0.662
0.662
0.48922
0.662
0.662
0.471678
0.662
0.222241
0.248007
0.662
0.662
0.415759
0.423487
0.0816916
0.275608
0.662
0.662
0.662
0.662
0.662
0.284975
0.662
0.662
0.662
0.117479
0.662
0.325607
0.105841
0.662
0.470957
0.165513
0.662
0.386091
0.662
0.662
0.662
0.662
0.115386
0.662
0.662
0.3449
0.45069
0.356805
0.662
0.107643
0.662
0.662
0.662
0.164315
0.637016
0.662
0.543327
0.662
0.662
0.272367
0.0721686
0.315333
0.407528
0.662
0.662
0.662
0.23944
0.0467401
0.262644
0.195543
0.662
0.662
0.0134459
0.125209
0.662
0.662
0.662
0.0384489
0.662
0.662
0.0542849
0.662
0.662
0.159356
0.421019
0.211802
0.662
0.110468
0.662
0.662
0.0210858
0.662
0.662
0.662
0.662
0.662
0.662
0.448865
0.350707
0.662
0.22227
0.662
0.0261184
0.459342
0.662
0.499073
0.662
0.662
0.662
0.662
0.662
0.3179
0.21175
0.244386
0.58735
0.293043
0.662
0.662
0.662
0.39219
0.662
0.662
0.148315
0.266644
0.12136
0.311691
0.627103
0.662
0.231859
0.264577
0.662
0.662
0.662
0.662
0.00445684
0.662
0.662
0.662
0.662
0.662
0.203258
0.662
0.662
0.662
0.0934833
0.391067
0.662
0.662
0.662
0.662
0.408509
0.486541
0.308414
