0.550275
0.662
0.219686
0.137503
0.409645
0.662
0.479678
0.662
0.662
0.465737
0.0664757
0.33658
0.662
0.662
0.662
0.210544
0.150069
0.460113
0.662
0.662
0.662
0.662
0.662
0.659695
0.662
0.662
0.662
0.662
0.00321421
0.474706
0.662
0.201545
0.0468408
0.333282
0.0875868
0.662
0.320719
0.389334
0.30055
0.662
0.662
0.166113
0.366403
0.460663
0.422266
0.0926242
0.383806
0.662
0.662
0.662
0.231767
0.0230136
0.662
0.662
0.662
0.662
0.662
0.662
0.662
0.375664
0.0526831
0.662
0.662
0.662
0.456875
0.662
0.448234
0.662
0.662
0.113649
0.662
0.662
0.296601
0.662
0.662
0.485832
0.662
0.662
0.0187797
0.514107
0.437215
0.662
0.327021
0.193474
0.662
0.355989
0.148353
0.662
0.662
0.61645
0.279467
0.662
0.0414387
0.662
0.158996
0.492643
0.448266
0.662
0.111073
0.662
0.228969
0.261587
0.662
0.662
0.662
0.551889
0.531419
0.344527
0.0250754
0.662
0.492387
0.315037
0.662
0.313921
0.662
0.662
0.314943
0.662
0.662
0.0207472
0.662
0.0475364
0.0119229
0.159453
0.662
0.662
0.662
0.351825
0.662
0.106142
0.437436
0.662
0.267248
0.21167
0.4909
0.493492
0.479498
0.662
0.265231
0.185001
0.0617095
0.587391
0.662
0.662
0.0171569
0.0331723
0.383919
0.662
0.662
0.240504
0.435585
0.0082696
0.662
0.662
0.662
0.398197
0.38108
0.184685
0.00913584
0.380201
0.662
0.188082
0.662
0.662
0.288234
0.121275
0.216124
0.0195518
0.662
0.329447
0.09389
0.2134
0.0429324
0.330084
0.00611091
0.125383
0.500701
0.380622
0.662
0.59291
0.34354
0.203583
0.0437049
0.662
0.662
0.182168
0.662
0.662
0.468361
0.662
0.375205
0.662
0.662
0.662
0.662
0.662
0.662
0.320851
0.0586572
0.0411737
0.399714
0.198868
0.662
0.662
0.662
0.662
0.662
0.662
0.124049
0.662
0.662
0.241589
0.662
0.192026
0.662
0.311973
0.252765
0.0778067
0.365715
0.111148
0.332391
0.662
0.217833
0.362875
0.35097
0.0194082
0.662
0.0221097
0.662
0.21628
0.177828
0.662
0.217151
0.468496
0.662
0.110793
0.235022
0.662
0.388763
0.362678
0.662
0.106783
0.662
0.360608
0.384505
0.0208209
0.662
0.662
0.662
0.355809
0.331685
0.662
0.35515
0.662
0.662
0.662
0.662
0.662
0.662
0.662
0.0542849
0.662
0.662
0.662
0.662
0.662
0.187958
0.113281
0.662
0.493527
0.0789437
0.662
0.662
0.662
0.209765
0.662
0.127278
0.662
0.662
0.662
0.662
0.662
0.0513053
0.0744738
0.662
0.132533
0.216011
0.245761
0.43026
0.662
0.48961
0.367999
0.662
0.00403563
0.393779
0.662
0.0950441
0.375696
0.0126441
0.57241
0.662
0.441394
0.662
0.662
0.662
0.236749
0.662
0.662
0.24379
0.662
0.662
0.662
0.101407
0.242233
0.662
0.404442
0.130034
0.00955458
0.662
0.40844
0.276227
0.662
0.662
0.662
0.0324595
0.662
0.662
0.373732
0.662
0.416477
0.416608
0.662
0.306772
0.662
0.662
0.662
0.662
0.662
0.662
0.662
0.573004
0.633694
0.221428
0.662
0.0995921
0.208892
0.662
0.662
0.662
0.662
0.125371
0.292466
0.662
0.662
0.662
0.662
0.171603
0.662
0.594637
0.662
0.662
0.225164
0.373374
0.00721561
0.467423
0.662
0.163475
0.662
0.662
0.463009
0.662
0.662
0.662
0.662
0.662
0.317832
0.633694
0.662
0.662
0.662
0.193347
0.0756797
0.662
0.662
0.0443125
0.662
0.145971
0.662
0.662
0.172723
0.459506
0.662
0.443554
0.394947
0.662
0.25519
0.243862
0.662
0.662
0.662
0.662
0.303143
0.460286
0.219047
0.662
0.662
0.368068
0.662
0.662
0.662
0.447472
0.662
0.31599
0.662
0.23095
0.175573
0.662
0.426448
0.662
0.398817
0.125209
0.245508
0.662
0.662
0.0303469
0.662
0.403009
0.662
0.499272
0.465492
0.662
0.662
0.662
0.310284
0.154941
0.662
0.428298
0.112559
0.662
0.206609
0.662
0.662
0.662
0.309797
0.291132
0.400102
0.619462
0.662
0.323195
0.113309
0.662
0.662
0.582835
0.662
0.662
0.662
0.662
0.185272
0.177566
0.662
0.662
0.662
0.662
0.662
0.662
0.398835
0.662
0.330477
0.153875
0.0792363
0.0845581
0.662
0.24463
0.662
0.662
0.662
0.662
0.662
0.662
0.451779
0.158822
0.0992907
0.662
0.662
0.315368
0.662
0.308336
0.662
0.393211
0.16398
0.662
0.309671
0.430044
0.212721
0.662
0.0218731
0.662
0.662
0.0024974
0.662
0.662
0.662
0.268021
0.151922
0.662
0.662
0.0385464
0.662
0.662
0.040371
0.662
0.662
0.662
0.662
0.408311
0.0449144
0.122601
0.662
0.662
0.662
0.662
0.509022
0.153393
0.662
0.662
0.266634
0.543938
0.0802651
0.4622
0.176372
0.662
0.373281
0.662
0.538713
0.662
0.0590318
0.662
0.662
0.662
0.328322
0.662
0.629706
0.662
0.218947
0.662
0.333651
0.0208093
0.211081
0.662
0.662
0.662
0.187859
0.662
0.662
0.0989483
0.53654
0.313028
0.662
0.662
0.662
0.0131477
0.291102
0.662
0.662
0.394788
0.662
0.114726
0.662
0.662
0.662
0.243108
0.662
0.0357113
0.662
0.662
0.662
0.662
0.662
0.339141
0.662
0.0718716
0.662
0.662
0.221385
0.0107522
0.662
0.183583
0.662
0.662
0.286023
0.168981
0.662
0.183463
0.662
0.662
0.355408
0.662
0.662
0.662
0.30934
0.662
0.662
0.403402
0.662
0.662
0.467035
0.591651
0.437651
0.373283
0.396988
0.0613113
0.662
0.662
0.569541
0.0875908
0.662
0.662
0.662
0.662
0.662
0.143629
0.662
0.662
