0.0503525
0.334388
0.662
0.0778202
0.0131964
0.662
0.320128
0.19121
0.18974
0.39963
0.662
0.662
0.662
0.662
0.176603
0.006179
0.128655
0.662
0.0287043
0.311491
0.662
0.0204365
0.35102
0.465887
0.662
0.662
0.662
0.117186
0.188698
0.186446
0.662
0.662
0.263856
0.457744
0.43261
0.346488
0.662
0.662
0.662
0.106785
0.662
0.441023
0.469867
0.662
0.662
0.159621
0.239817
0.228761
0.0613751
0.45985
0.389882
0.297357
0.662
0.662
0.662
0.247543
0.662
0.579262
0.467205
0.476672
0.662
0.662
0.0800498
0.304256
0.285374
0.662
0.662
0.662
0.0901655
0.662
0.205426
0.233744
0.0679535
0.662
0.662
0.257077
0.156297
0.662
0.596876
0.301562
0.662
0.198986
0.120659
0.454235
0.305044
0.662
0.205385
0.662
0.662
0.425686
0.154805
0.662
0.209234
0.169078
0.606458
0.147962
0.00230759
0.662
0.662
0.273104
0.233613
0.210926
0.662
0.662
0.662
0.254311
0.662
0.662
0.662
0.662
0.662
0.149811
0.662
0.662
0.450887
0.272369
0.662
0.662
0.522808
0.662
0.12886
0.662
0.662
0.662
0.238415
0.00433332
0.662
0.662
0.383147
0.453183
0.303027
0.436732
0.59657
0.339732
0.192407
0.662
0.662
0.348647
0.18707
0.662
0.662
0.122731
0.662
0.662
0.662
0.662
0.662
0.464756
0.449149
0.662
0.662
0.662
0.662
0.250055
0.662
0.0535056
0.177071
0.145935
0.662
0.309343
0.662
0.662
0.127986
0.662
0.662
0.662
0.662
0.662
0.0473622
0.662
0.301346
0.481894
0.662
0.234112
0.662
0.662
0.662
0.174967
0.486421
0.155676
0.0368984
0.388912
0.662
0.255208
0.662
0.662
0.662
0.107606
0.662
0.662
0.662
0.662
0.662
0.662
0.196506
0.532411
0.298121
0.662
0.429781
0.662
0.464711
0.662
0.662
0.662
0.589707
0.0234047
0.662
0.662
0.662
0.0240994
0.408458
0.423824
0.113741
0.470357
0.471773
0.662
0.305371
0.662
0.537144
0.344762
0.195296
0.662
0.662
0.163764
0.662
0.662
0.420173
0.662
0.194739
0.662
0.32549
0.662
0.312237
0.44499
0.662
0.0459462
0.662
0.360491
0.350058
0.662
0.662
0.337882
0.662
0.374052
0.187846
0.662
0.662
0.662
0.662
0.662
0.662
0.662
0.662
0.0875593
0.398435
0.47948
0.662
0.0523494
0.662
0.068101
0.053956
0.662
0.662
0.662
0.662
0.662
0.0897024
0.455962
0.662
0.662
0.662
0.410072
0.662
0.193164
0.662
0.237085
0.259874
0.320712
0.662
0.197317
0.662
0.662
0.662
0.662
0.662
0.219839
0.470576
0.118833
0.23706
0.662
0.662
0.246841
0.662
0.252949
0.0436639
0.662
0.0852576
0.319518
0.662
0.439016
0.662
0.470656
0.662
0.284945
0.662
0.38876
0.662
0.161364
0.153181
0.431989
0.209332
0.662
0.168462
0.662
0.662
0.346044
0.0380384
0.181659
0.662
0.243036
0.558322
0.662
0.662
0.662
0.169087
0.311804
0.137576
0.00175176
0.398296
0.662
0.662
0.475281
0.662
0.662
0.662
0.330436
0.437338
0.462331
0.317908
0.374624
0.662
0.662
0.662
0.42903
0.426647
0.662
0.354076
0.662
0.238237
0.662
0.36625
0.662
0.463632
0.662
0.210528
0.36761
0.644648
0.374061
0.0240508
0.662
0.662
0.662
0.335507
0.491279
0.223958
0.366769
0.419713
0.138956
0.195838
0.662
0.662
0.544159
0.267963
0.359995
0.662
0.320591
0.662
0.606561
0.38951
0.662
0.662
0.0877844
0.662
0.104928
0.662
0.662
0.292508
0.145539
0.058915
0.404533
0.662
0.304636
0.662
0.220818
0.42529
0.662
0.662
0.662
0.662
0.662
0.662
0.25967
0.0236028
0.381829
0.571334
0.0420172
0.151071
0.558264
0.662
0.662
0.433914
0.0170584
0.662
0.662
0.662
0.449524
0.662
0.145171
0.662
0.662
0.662
0.294553
0.662
0.662
0.662
0.662
0.436859
0.366473
0.104264
0.343068
0.662
0.171172
0.662
0.207462
0.662
0.398597
0.0507867
0.401449
0.234293
0.0414216
0.532232
0.371916
0.662
0.140738
0.662
0.662
0.300992
0.662
0.662
0.311776
0.662
0.662
0.662
0.24477
0.0885071
0.662
0.0578114
0.371455
0.662
0.416479
0.215133
0.452897
0.200578
0.000971893
0.403749
0.662
0.662
0.357227
0.662
0.159903
0.506517
0.264003
0.662
0.662
0.662
0.662
0.662
0.662
0.0697284
0.662
0.662
0.212211
0.662
0.662
0.662
0.330075
0.150486
0.12589
0.154638
0.110164
0.662
0.510079
0.300974
0.662
0.210109
0.358262
0.287967
0.300954
0.246384
0.0815394
0.494019
0.662
0.270408
0.662
0.246693
0.4591
0.662
0.548885
0.662
0.662
0.662
0.432088
0.0432594
0.451804
0.662
0.217985
0.662
0.355617
0.662
0.311892
0.300996
0.443027
0.662
0.662
0.662
0.10666
0.443744
0.361183
0.662
0.662
0.155007
0.224779
0.662
0.433102
0.662
0.662
0.0956063
0.136727
0.662
0.412548
0.221164
0.662
0.216206
0.208442
0.662
0.662
0.1665
0.464653
0.662
0.662
0.662
0.662
0.426712
0.175033
0.662
0.255237
0.208482
0.662
0.269697
0.108821
0.662
0.662
0.662
0.662
0.302978
0.662
0.662
0.662
0.23366
0.662
0.662
0.662
0.356323
0.662
0.662
0.207714
0.0799266
0.454536
0.192577
0.662
0.0253863
0.474736
0.0137148
0.662
0.662
0.662
0.360203
0.252262
0.662
0.0365437
0.662
0.662
0.662
0.662
0.662
0.234945
0.662
0.662
0.467457
0.0513969
0.662
0.375102
0.644324
0.662
0.662
0.662
0.662
0.662
0.662
0.662
0.321773
0.662
0.662
0.426675
0.375607
0.662
0.662
0.280864
0.662
0.287829
0.136247
0.194858
0.662
0.445616
0.218977
0.495267
0.0123698
0.662
0.234645
0.402916
0.662
0.380274
0.405824
0.658351
0.662
0.662
0.662
0.662
0.415398
0.142097
0.358244
0.438004
0.662
0.662
0.237852
0.662
0.662
0.662
0.662
0.662
0.105573
0.131541
0.487379
0.662
0.662
0.662
0.435883
0.00600483
0.662
0.116416
0.146307
0.662
0.442527
0.662
0.662
0.26927
0.141882
0.568489
0.118006
0.662
0.475514
0.662
0.0861632
0.662
0.662
0.662
0.662
0.392906
0.662
0.662
0.662
0.318966
0.662
0.662
0.662
0.373115
0.662
0.467003
0.662
0.662
0.662
0.662
0.662
0.662
0.312493
0.662
0.662
0.662
0.00916498
0.662
0.662
0.163079
0.612411
0.406287
0.662
0.619253
0.662
0.361637
0.171109
0.479585
0.399081
0.662
0.387162
0.662
0.662
0.272011
0.613525
0.311727
0.261657
0.662
0.662
0.662
0.662
0.160106
0.0404177
0.662
0.662
0.335508
0.662
0.43113
0.662
0.662
0.662
0.344198
0.662
0.662
0.662
0.662
0.662
0.31179
0.662
0.662
0.662
0.541556
0.426306
0.090563
0.662
0.662
0.662
0.0591188
0.662
0.662
0.429808
0.104736
0.662
0.257194
0.202727
0.662
0.123731
0.662
0.367469
0.181385
0.662
0.662
0.662
0.662
0.492088
0.662
0.216546
0.251326
0.0672304
0.662
0.498671
0.662
0.662
0.662
0.662
0.662
0.460408
0.251194
0.121071
0.662
0.420513
0.194233
0.662
0.119908
0.662
0.297175
0.178509
0.662
0.175526
0.662
0.662
0.124873
0.662
0.662
0.662
0.662
0.662
0.0991334
0.271959
0.0502648
0.662
0.316187
0.662
0.282658
0.34666
0.370924
0.291125
0.223327
0.191694
0.202133
0.480131
0.662
0.662
0.662
0.0552252
0.662
0.0221412
0.106113
0.185887
0.662
0.662
0.21112
0.662
0.140736
0.424293
0.662
0.662
0.047131
0.477019
0.305914
0.322744
0.662
0.174223
0.662
0.216555
0.285098
0.282598
0.662
0.451552
0.606751
0.662
0.662
0.662
0.460024
0.519617
0.662
0.217688
0.15893
0.662
0.420888
0.467407
0.662
0.662
0.230878
0.662
0.662
0.662
0.662
0.662
0.662
0.662
0.454685
0.662
0.662
0.662
0.662
0.662
0.267835
0.17306
0.21787
0.662
0.00325155
0.662
0.662
0.63339
0.115762
0.0324014
0.662
0.662
0.243031
0.400949
0.662
0.0326169
0.149742
0.662
0.317801
0.662
0.476207
0.662
0.662
0.49757
0.0407599
0.177612
0.00145415
0.662
0.331808
0.29874
0.662
0.339414
0.323103
0.662
0.0772435
0.662
0.662
0.390311
0.186877
0.662
0.201002
0.464218
0.662
0.662
0.384531
0.662
0.126965
0.18573
0.250211
0.662
0.134575
0.662
0.662
0.039618
0.376535
0.460665
0.662
0.412843
0.662
0.662
0.662
0.662
0.403914
0.0502898
0.662
0.472175
0.0106505
0.662
0.096669
0.662
0.662
0.662
0.199126
0.282948
0.345923
0.662
0.662
0.662
0.662
0.261466
0.662
0.0663116
0.19663
0.071004
0.0859499
0.662
0.662
0.548974
0.662
0.662
0.319555
0.452079
0.662
0.662
0.662
0.3041
0.662
0.451533
0.662
0.452044
0.662
0.507325
0.662
0.662
0.662
0.662
0.386571
0.662
0.153927
0.312817
0.302743
0.662
0.662
0.162425
0.662
0.291756
0.662
0.662
0.450699
0.431727
0.662
0.662
0.117899
0.257936
0.479404
0.432049
0.145223
0.219283
0.0767503
0.662
0.662
0.164589
0.139335
0.395119
0.364413
0.662
0.219896
0.469674
0.662
0.15303
0.386371
0.662
0.113511
0.36301
0.662
0.230136
0.662
0.283312
0.439188
0.216207
0.10956
0.662
0.275586
0.294327
0.396384
0.662
0.662
0.457793
0.662
0.213349
0.662
0.400014
0.232789
0.471787
0.662
0.662
0.662
0.662
0.315277
0.130557
0.440118
0.439514
0.4813
0.579813
0.662
0.396023
0.662
0.662
0.153821
0.662
0.662
0.220302
0.204276
0.175063
0.41398
0.472823
0.164296
0.409452
0.662
0.145053
0.662
0.1389
0.662
0.662
0.101728
0.41381
0.662
0.431447
0.203927
0.294385
0.254787
0.662
0.662
0.0885497
0.255548
0.263078
0.662
0.0974453
0.662
0.662
0.662
0.334464
0.165344
0.113339
0.0249302
0.107549
0.00620789
0.109467
0.662
0.662
0.22499
0.662
0.468541
0.0923146
0.0698364
0.662
0.662
0.662
0.662
0.662
0.662
0.662
0.187252
0.459817
0.662
0.137718
0.470877
0.662
0.662
0.662
0.150591
0.162164
0.257463
0.662
0.312291
0.662
0.662
0.662
0.464261
0.662
0.357059
0.662
0.205398
0.662
0.662
0.314988
0.662
0.414302
0.662
0.201781
0.662
0.662
0.662
0.443259
0.120791
0.662
0.662
0.153983
0.662
0.327038
0.662
0.460819
0.662
0.374251
0.258864
0.339121
0.272014
0.662
0.0939047
0.472252
0.341587
0.410837
0.662
0.158536
0.239574
0.662
0.662
0.399905
0.662
0.425521
0.403137
0.535535
0.662
0.662
0.662
0.133584
0.662
0.233303
0.662
0.359694
0.662
0.434109
0.205801
0.297987
0.662
0.205141
0.380532
0.662
0.355302
0.412567
0.506259
0.662
0.662
0.220399
0.314343
0.124239
0.00381634
0.349117
0.662
0.662
0.662
0.662
0.203882
0.191235
0.172441
0.662
0.336425
0.398513
0.318333
0.532618
0.391732
0.236451
0.204177
0.662
0.105088
