0.662
0.438395
0.662
0.161696
0.662
0.662
0.662
0.662
0.662
0.662
0.662
0.347502
0.662
0.662
0.0891665
0.601613
0.454019
0.662
0.438965
0.3892
0.334836
0.662
0.662
0.336988
0.662
0.199909
0.0326571
0.0729866
0.163114
0.250327
0.389101
0.662
0.662
0.662
0.278168
0.662
0.37453
0.662
0.458475
0.15002
0.662
0.662
0.662
0.430282
0.662
0.662
0.322778
0.276534
0.633694
0.662
0.381334
0.662
0.0300012
0.662
0.356984
0.227514
0.662
0.379851
0.0789132
0.136012
0.340546
0.662
0.662
0.662
0.662
0.662
0.662
0.121357
0.662
0.0839484
0.662
0.662
0.00325112
0.11781
0.189108
0.408321
0.662
0.662
0.286212
0.0500328
0.486995
0.451466
0.662
0.518005
0.396359
0.0998735
0.660541
0.123131
0.0915593
0.662
0.662
0.342904
0.662
0.245742
0.102931
0.484003
0.662
0.662
0.662
0.409308
0.662
0.262613
0.273999
0.662
0.662
0.151647
0.662
0.662
0.662
0.616122
0.316524
0.546956
0.662
0.662
0.000243711
0.662
0.329355
0.662
0.662
0.651991
0.175203
0.662
0.662
0.662
0.320507
0.47741
0.662
0.235317
0.222489
0.662
0.662
0.662
0.662
0.395724
0.662
0.135149
0.662
0.662
0.0378266
0.245585
0.437333
0.662
0.662
0.0690301
0.471039
0.662
0.0716075
0.453583
0.337138
0.662
0.588986
0.160988
0.184498
0.0898899
0.129182
0.28304
0.0595254
0.662
0.0390054
0.0558232
0.662
0.662
0.00902142
0.40236
0.111106
0.115138
0.521849
0.423092
0.329517
0.156328
0.421114
0.662
0.0343651
0.306136
0.662
0.662
0.403763
0.444933
0.227212
0.34574
0.431983
0.662
0.662
0.662
0.243417
0.662
0.418803
0.459342
0.455851
0.662
0.662
0.662
0.662
0.26664
0.274669
0.662
0.662
0.662
0.408152
0.662
0.662
0.662
0.662
0.662
0.319718
0.262346
0.662
0.662
0.433705
0.343356
0.233782
0.662
0.662
0.662
0.662
0.662
0.442616
0.146478
0.662
0.662
0.461871
0.662
0.662
0.662
0.662
0.662
0.662
0.00167803
0.0858092
0.662
0.382473
0.662
0.294852
0.0943312
0.662
0.662
0.662
0.662
0.662
0.662
0.44184
0.0860346
0.244051
0.488215
0.662
0.144805
0.662
0.331666
0.662
0.310741
0.294941
0.662
0.662
0.294853
0.662
0.629288
0.662
0.264988
0.662
0.662
0.249207
0.157874
0.275066
0.662
0.616978
0.662
0.438288
0.662
0.355199
0.218921
0.0550909
0.299854
0.662
0.662
0.662
0.662
0.246088
0.32103
0.0253934
0.402422
0.662
0.455396
0.372535
0.662
0.382326
0.0338165
0.662
0.549111
0.0799887
0.662
0.326034
0.662
0.288818
0.34011
0.136345
0.662
0.662
0.105791
0.662
0.18423
0.662
0.662
0.372404
0.662
0.254762
0.364938
0.662
0.249085
0.169451
0.0516478
0.662
0.662
0.662
0.662
0.662
0.0361404
0.459555
0.662
0.662
0.484692
0.0151879
0.662
0.662
0.662
0.662
0.662
0.662
0.662
0.012122
0.07423
0.445672
0.662
0.662
0.662
0.234382
0.662
0.662
0.149828
0.211741
0.662
0.529269
0.425409
0.0107219
0.662
0.662
0.662
0.096154
0.59716
0.416923
0.177583
0.662
0.662
0.662
0.662
0.662
0.662
0.194706
0.401424
0.662
0.662
0.662
0.0335533
0.428737
0.448794
0.662
0.662
0.189832
0.428112
0.367142
0.662
0.662
0.2618
0.0338208
0.285413
0.662
0.220797
0.448524
0.107782
0.471615
0.0410612
0.296075
0.662
0.0732209
0.402926
0.397095
0.250457
0.0422959
0.662
0.662
0.270531
0.662
0.662
0.40433
0.662
0.212419
0.0227134
0.0367944
0.662
0.662
0.417822
0.662
0.150506
0.214046
0.402045
0.447338
0.446933
0.662
0.432081
0.662
0.662
0.006235
0.662
0.662
0.29209
0.349773
0.471584
0.662
0.204717
0.662
0.29194
0.662
0.344992
0.287595
0.000716014
0.371118
0.208694
0.662
0.662
0.662
0.662
0.473014
0.662
0.662
0.316368
0.221919
0.457978
0.662
0.314346
0.577965
0.662
0.171861
0.0653031
0.0812248
0.179261
0.662
0.0233278
0.035235
0.662
0.113993
0.662
0.437092
0.662
0.339199
0.201964
0.250881
0.303642
0.662
0.176605
0.662
0.662
0.275584
0.662
0.170221
0.662
0.227713
0.314506
0.662
0.662
0.364664
0.289698
0.662
0.49423
0.178922
0.350684
0.301773
0.662
0.662
0.168908
0.662
0.662
0.394061
0.662
0.662
0.662
0.662
0.310847
0.50509
0.149444
0.20553
0.662
0.662
0.284826
0.662
0.404439
0.296121
0.662
0.254082
0.662
0.662
0.181639
0.662
0.662
0.662
0.485181
0.325589
0.24536
0.662
0.662
0.271496
0.218587
0.662
0.113173
0.189974
0.662
0.269549
0.662
0.181125
0.662
0.662
0.662
0.232143
0.662
0.229358
0.662
0.36718
0.662
0.436466
0.662
0.254491
0.177249
0.475584
0.42329
0.662
0.395333
0.152792
0.662
0.307264
0.662
0.662
0.662
0.397268
0.662
0.307849
0.662
0.662
0.0154688
0.374719
0.662
0.516823
0.0820899
0.662
0.302325
0.662
0.662
0.662
0.140573
0.662
0.409871
0.662
0.662
0.476584
0.662
0.34243
0.197541
0.505147
0.662
0.662
0.46968
0.434621
0.439982
0.362155
0.662
0.662
0.662
0.151808
0.432339
0.340484
0.370349
0.143782
0.662
0.450244
0.556272
0.462909
0.662
0.662
0.662
0.606071
0.396234
0.576167
0.662
0.242285
0.479045
0.117364
0.662
0.662
0.662
0.662
0.475745
0.662
0.662
0.0647663
0.662
0.662
0.662
0.662
0.0815652
0.263329
0.438369
0.662
0.662
0.662
0.662
0.116501
0.662
0.010276
0.340904
0.662
0.331316
0.194509
0.662
0.662
0.194281
0.662
0.388414
0.662
0.137307
0.662
0.662
0.172763
0.662
0.317291
0.662
0.371464
0.186491
0.662
0.420401
0.662
0.0247466
0.359276
0.165811
0.662
0.662
0.662
0.662
0.228813
0.201394
0.296208
0.662
0.662
0.631211
0.0190423
0.219324
0.448097
0.0744382
0.147254
0.662
0.662
0.662
0.662
0.662
0.662
0.662
0.201552
0.662
0.662
0.00447406
0.438589
0.135094
0.383707
0.662
0.417509
0.662
0.0343727
0.441609
0.0767414
0.662
0.662
0.662
0.220546
0.299537
0.662
0.378997
0.662
0.662
0.662
0.662
0.281183
0.314626
0.471773
0.334896
0.662
0.41389
0.337888
0.662
0.296359
0.662
0.662
0.110849
0.662
0.23015
0.662
0.662
0.525417
0.339455
0.0289289
0.662
0.535851
0.235402
0.458692
0.263137
0.662
0.662
0.0989178
0.314252
0.662
0.662
0.340984
0.662
0.0269439
0.621005
0.662
0.662
0.0321344
0.662
0.662
0.662
0.334817
0.203644
0.662
0.662
0.662
0.305043
0.156555
0.155805
0.332539
0.141526
0.662
0.662
0.240064
0.283959
0.430921
0.662
0.662
0.662
0.112696
0.662
0.328489
0.385709
0.662
0.072303
0.662
0.607097
0.662
0.390946
0.662
0.662
0.114943
0.662
0.662
0.662
0.432061
0.298725
0.0407788
0.060852
0.662
0.662
0.432727
0.397402
0.662
0.516216
0.0611512
0.0834764
0.662
0.662
0.662
0.258187
0.048258
0.662
0.188028
0.662
0.340655
0.10383
0.662
0.662
0.662
0.662
0.249343
0.212177
0.0508265
0.348298
0.466071
0.178665
0.662
0.281028
0.662
0.662
0.662
0.118311
0.662
0.0638976
0.0227881
0.662
0.31516
0.35138
0.308347
0.325154
0.236256
0.156527
0.164962
0.662
0.662
0.200298
0.0585723
0.391346
0.662
0.662
0.662
0.662
0.0996171
0.662
0.662
0.662
0.662
0.662
0.662
0.519215
0.560969
0.253307
0.347876
0.0349451
0.662
0.662
0.326909
0.0908991
0.662
0.279599
0.662
0.241532
0.0674843
0.662
0.662
0.662
0.662
0.179668
0.188288
0.662
0.2375
0.65442
0.662
0.662
0.368974
0.127444
0.662
0.662
0.518078
0.662
0.662
0.662
0.010091
0.662
0.662
0.348858
0.662
0.662
0.225612
0.662
0.662
0.662
0.662
0.217686
0.662
0.440873
0.22393
0.662
0.662
0.25332
0.662
0.662
0.662
0.397349
0.662
0.662
0.395536
0.116347
0.57783
0.137267
0.662
0.662
0.662
0.109768
0.573727
0.127688
0.473982
0.388277
0.662
0.114906
0.662
0.47108
0.293052
0.135648
0.662
0.662
0.662
0.662
0.0480857
0.662
0.494671
0.28516
0.323389
0.608413
0.662
0.177374
0.662
0.662
0.210059
0.662
