0.34503
0.268869
0.662
0.394406
0.374797
0.00755844
0.662
0.421874
0.239209
0.115745
0.172623
0.662
0.0486269
0.662
0.662
0.0942476
0.662
0.408143
0.662
0.662
0.662
0.488846
0.120542
0.662
0.662
0.384212
0.120305
0.662
0.659241
0.662
0.662
0.662
0.662
0.662
0.662
0.0934402
0.0280538
0.30271
0.391292
0.00454729
0.662
0.228402
0.113766
0.497441
0.425044
0.316537
0.19677
0.390497
0.662
0.12428
0.662
0.662
0.435377
0.662
0.662
0.662
0.0439662
0.0704102
0.662
0.662
0.662
0.39198
0.322468
0.205898
0.662
0.662
0.662
0.393341
0.662
0.662
0.662
0.317699
0.662
0.0270374
0.662
0.662
0.464713
0.368869
0.662
0.177346
0.218109
0.0769612
0.370074
0.325572
0.662
0.662
0.662
0.161378
0.537818
0.662
0.208196
0.374216
0.309089
0.662
0.662
0.662
0.662
0.398679
0.662
0.199293
0.431063
0.662
0.180328
0.239067
0.217016
0.662
0.0759972
0.662
0.574259
0.662
0.500094
0.662
0.018046
0.371449
0.662
0.662
0.228452
0.662
0.662
0.662
0.138249
0.185986
0.662
0.424493
0.662
0.662
0.662
0.662
0.662
0.0840654
0.662
0.185793
0.262063
0.052615
0.169269
0.662
0.180939
0.662
0.662
0.365687
0.289564
0.662
0.662
0.662
0.662
0.662
0.247329
0.255732
0.662
0.066267
0.662
0.662
0.138292
0.662
0.0717049
0.662
0.434173
0.0263746
0.662
0.341846
0.207249
0.193347
0.2487
0.198326
0.27194
0.398854
0.662
0.662
0.312799
0.249472
0.662
0.662
0.662
0.456678
0.140879
0.662
0.662
0.662
0.0786328
0.662
0.265101
0.492631
0.662
0.153257
0.662
0.156499
0.443201
0.064859
0.100438
0.240644
0.662
0.662
0.662
0.662
0.456699
0.0831955
0.219112
0.108247
0.662
0.662
0.662
0.662
0.662
0.0798146
0.135169
0.0870971
0.401206
0.15846
0.662
0.662
0.0173746
0.662
0.662
0.662
0.662
0.325487
0.662
0.662
0.0881816
0.662
0.662
0.345292
0.662
0.237348
0.662
0.248151
0.662
0.662
0.0435338
0.662
0.20587
0.662
0.091073
0.662
0.662
0.172414
0.662
0.662
0.380044
0.662
0.215905
0.662
0.662
0.662
0.205182
0.398822
0.662
0.269022
0.290146
0.662
0.662
0.00176229
0.662
0.121014
0.662
0.662
0.662
0.0780558
0.611914
0.00828079
0.287605
0.420778
0.435661
0.662
0.662
0.274026
0.305577
0.206725
0.275946
0.662
0.662
0.662
0.662
0.330046
0.662
0.293759
0.662
0.0115063
0.240876
0.662
0.662
0.510791
0.163158
0.662
0.662
0.662
0.662
0.662
0.662
0.387119
0.662
0.662
0.138762
0.573367
0.341652
0.029388
0.662
0.234285
0.242634
0.417563
0.378743
0.183693
0.232064
0.662
0.147888
0.560884
0.662
0.167798
0.662
0.226691
0.662
0.194652
0.662
0.394179
0.662
0.662
0.662
0.662
0.662
0.662
0.591261
0.151172
0.662
0.662
0.19232
0.546901
0.4739
0.408919
0.00668051
0.662
0.477542
0.322205
0.662
0.303007
0.662
0.246787
0.243366
0.662
0.662
0.153275
0.662
0.653935
0.662
0.662
0.111499
0.0127919
0.662
0.31889
0.181211
0.662
0.662
0.662
0.425155
0.662
0.33264
0.344049
0.662
0.575948
0.662
0.662
0.662
0.662
0.662
0.212368
0.662
0.662
0.662
0.662
0.662
0.662
0.507805
0.354875
0.662
0.0946987
0.110298
0.192669
0.133772
0.662
0.452453
0.662
0.662
0.206081
0.662
0.662
0.239009
0.662
0.662
0.192283
0.247174
0.662
0.431227
0.0563532
0.662
0.222914
0.491968
0.379728
0.137885
0.120494
0.0557274
0.244672
0.662
0.291414
0.662
0.662
0.099233
0.325727
0.630838
0.301764
0.605278
0.662
0.300329
0.411583
0.662
0.662
0.662
0.211803
0.408362
0.662
0.264336
0.662
0.662
0.062835
0.378088
0.662
0.152656
