0.464129
0.662
0.662
0.612411
0.662
0.662
0.194739
0.662
0.452038
0.347694
0.302978
0.10247
0.662
0.662
0.662
0.662
0.63339
0.412567
0.662
0.38951
0.662
0.662
0.662
0.334672
0.234248
0.366473
0.662
0.662
0.459817
0.662
0.039618
0.43113
0.0894468
0.662
0.662
0.205921
0.662
0.19663
0.662
0.662
0.119581
0.0535056
0.150434
0.433062
0.662
0.217604
0.299218
0.606458
0.662
0.662
0.247362
0.662
0.031186
0.662
0.662
0.662
0.402842
0.662
0.107444
0.662
0.662
0.662
0.468217
0.662
0.662
0.662
0.662
0.662
0.662
0.662
0.440582
0.110091
0.053956
0.16979
0.0998725
0.362152
0.30525
0.519617
0.662
0.106785
0.662
0.423087
0.662
0.169078
0.0769914
0.662
0.662
0.662
0.40199
0.000690429
0.662
0.414156
0.662
0.662
0.662
0.662
0.312206
0.662
0.479585
0.0678916
0.662
0.662
0.662
0.340706
0.662
0.241423
0.326749
0.662
0.412258
0.662
0.662
0.662
0.0513969
0.662
0.227967
0.487665
0.280113
0.47092
0.662
0.393211
0.662
0.662
0.662
0.662
0.0595461
0.265316
0.374375
0.662
0.109467
0.662
0.662
0.662
0.0875593
0.286903
0.104264
0.464653
0.662
0.463632
0.20285
0.150606
0.300992
0.367469
0.662
0.662
0.662
0.274756
0.662
0.662
0.40491
0.662
0.112832
0.0993482
0.0326169
0.662
0.662
0.662
0.165999
0.662
0.662
0.662
0.337124
0.662
0.662
0.497864
0.420173
0.662
0.662
0.205801
0.662
0.662
0.409608
0.201787
0.0306539
0.662
0.662
0.00248909
0.662
0.662
0.541556
0.662
0.662
0.662
0.316568
0.662
0.443744
0.208093
0.223851
0.662
0.662
0.32549
0.120821
0.662
0.662
0.131975
0.662
0.662
0.662
0.530386
0.662
0.0925926
0.0778202
0.45985
0.224532
0.662
0.662
0.166546
0.662
0.387185
0.662
0.662
0.162705
0.594171
0.662
0.467457
0.436666
0.662
0.662
0.396315
0.244507
0.236618
0.662
0.662
0.662
0.662
0.662
0.662
0.662
0.662
0.662
0.257077
0.662
0.308074
0.431727
0.662
0.480552
0.662
0.286917
0.460024
0.147962
0.361469
0.451074
0.662
0.177263
0.662
0.662
0.263438
0.662
0.662
0.39963
0.0240994
0.111458
0.600321
0.0794589
0.521634
0.202503
0.0432594
0.472823
0.160313
0.662
0.535535
0.662
0.096669
0.662
0.662
0.0104323
0.662
0.662
0.662
0.118833
0.662
0.662
0.535375
0.662
0.662
0.662
0.662
0.662
0.662
0.0429847
0.345052
0.662
0.662
0.0887031
0.350058
0.662
0.399603
0.297496
0.439188
0.317237
0.376285
0.662
0.662
0.662
0.431635
0.662
0.466332
0.662
0.662
0.469565
0.0436639
0.186058
0.0392407
0.331277
0.662
0.662
0.236451
0.0720778
0.31988
0.662
0.0552252
0.0565269
0.00600483
0.662
0.662
0.0159541
0.294568
0.320128
0.156641
0.662
0.662
0.662
0.470576
0.662
0.23407
0.153927
0.522808
0.18573
0.662
0.344198
0.662
0.662
0.662
0.0714489
0.662
0.662
0.0505511
0.194918
0.137718
0.495267
0.456437
0.662
0.662
0.299014
0.662
0.662
0.662
0.662
0.662
0.24477
0.662
0.532411
0.662
0.662
0.662
0.291756
0.00607698
0.662
0.180008
0.0430965
0.292508
0.248903
0.662
0.662
0.662
0.461286
0.662
0.662
0.405497
0.662
0.0503525
0.662
0.662
0.662
0.662
0.662
0.394888
0.224926
0.251194
0.121071
0.662
0.662
0.230954
0.296767
0.0767503
0.662
0.662
0.444501
0.0409745
0.662
0.662
0.662
0.662
0.301562
0.662
0.480482
0.662
0.183759
0.426306
0.662
0.662
0.311776
0.0802345
0.26161
0.35927
0.353076
0.662
0.662
0.234999
0.662
0.0541398
0.131525
0.169087
0.311804
0.137576
0.662
0.662
0.403137
0.662
0.662
0.662
0.354076
0.662
0.662
0.662
0.662
0.380938
0.343068
0.662
0.228761
0.0236156
0.298062
0.662
0.411978
0.0137148
0.662
0.19304
0.662
0.662
0.662
0.0399124
0.208482
0.662
0.263902
0.662
0.633694
0.662
0.662
0.413279
0.662
0.662
0.662
0.409359
0.457857
0.662
0.662
0.662
0.662
0.662
0.662
0.380274
0.662
0.662
0.166256
0.662
0.361849
0.662
0.662
0.662
0.662
0.662
0.662
0.662
0.662
0.662
0.662
0.164589
0.662
0.662
0.662
0.181385
0.233613
0.662
0.106466
0.662
0.0473622
0.662
0.662
0.662
0.662
0.394655
0.195231
0.500566
0.662
0.662
0.36625
0.240313
0.0240643
0.469674
0.0800498
0.105573
0.634364
0.662
0.662
0.113346
0.662
0.47672
0.662
0.662
0.662
0.429808
0.562759
0.285188
0.347152
0.399905
0.662
0.260014
0.662
0.116416
0.280337
0.662
0.36301
0.662
0.247876
0.662
0.202573
0.662
0.440118
0.476207
0.0631983
0.662
0.662
0.327038
0.662
0.662
0.662
0.131996
0.0414216
0.662
0.662
0.662
0.113357
0.662
0.412548
0.662
0.316187
0.308159
0.662
0.662
0.18882
0.273925
0.662
0.068101
0.285778
0.375688
0.199097
0.595156
0.345923
0.423385
0.19875
0.29874
0.222344
0.662
0.175526
0.662
0.469867
0.0562031
0.368092
0.662
0.662
0.662
0.202727
0.662
0.206129
0.662
0.425686
0.662
0.662
0.375102
0.162425
0.662
0.662
0.40554
0.662
0.371785
0.458344
0.662
0.113767
0.662
0.662
0.662
0.662
0.662
0.111674
0.662
0.662
0.02738
0.662
0.269697
0.662
0.662
0.662
0.662
0.662
0.662
0.662
0.662
0.252949
0.275844
0.662
0.662
0.292356
0.150736
0.31614
0.477019
0.191235
0.3041
0.662
0.312493
0.662
0.29337
0.662
0.662
0.187247
0.662
0.662
0.613525
0.23177
0.662
0.487379
0.662
0.662
0.662
0.280073
0.124873
0.662
0.662
0.122731
0.362737
0.662
0.164949
0.662
0.662
0.662
0.662
0.662
0.515454
0.662
0.662
0.662
0.298663
0.662
0.453216
0.662
0.006179
0.128655
0.235592
0.662
0.192577
0.662
0.662
0.662
0.42529
0.662
0.662
0.0225905
0.404246
0.423585
0.662
0.657325
0.662
0.296704
0.216239
0.662
0.450699
0.314343
0.61424
0.276664
0.662
0.662
0.662
0.294327
0.346488
0.392906
0.298121
0.259903
0.113511
0.472735
0.662
0.662
0.204177
0.662
0.230886
0.234412
0.239817
0.662
0.416479
0.662
0.244997
0.422057
0.374251
0.662
0.662
0.452847
0.662
0.662
0.0931644
0.662
0.662
0.662
0.184137
0.662
0.662
0.662
0.662
0.662
0.662
0.662
0.285363
0.662
0.470877
0.662
0.662
0.250055
0.34341
0.662
0.662
0.662
0.662
0.188698
0.174967
0.662
0.662
0.242972
0.662
0.662
0.113741
0.662
0.662
0.662
0.662
0.390254
0.662
0.389539
0.188517
0.662
0.662
0.662
0.15435
0.219283
0.662
0.361026
0.662
0.253774
0.440979
0.0499516
0.662
0.662
0.662
0.662
0.662
0.391029
0.662
0.454685
0.662
0.371095
0.118815
0.53451
0.662
0.0556933
0.102518
0.333072
0.0771356
0.283563
0.662
0.662
0.662
0.662
0.050744
0.446531
0.532618
0.662
0.662
0.662
0.662
0.662
0.357059
0.662
0.390873
0.434559
0.26828
0.662
0.317908
0.662
0.662
0.48446
0.662
0.662
0.438004
0.247023
0.208818
0.43261
0.662
0.090563
0.662
0.662
0.439625
0.24682
0.662
0.451804
0.662
0.662
0.662
0.051257
0.662
0.0365437
0.21418
0.221181
0.662
0.387162
0.571334
0.662
0.0850629
0.662
0.662
0.372474
0.336522
0.662
0.452897
0.434109
0.299447
0.311302
0.662
0.402916
0.209234
0.662
0.662
0.662
0.662
0.304256
0.0799266
0.393264
0.662
0.272996
0.340836
0.662
0.0286982
0.662
0.662
0.344762
0.662
0.662
0.414289
0.662
0.662
0.662
0.662
0.0901655
0.662
0.662
0.662
0.662
0.38876
0.662
0.117899
0.0869648
0.662
0.662
0.662
0.662
0.361183
0.230878
0.436859
0.662
0.106113
0.318959
0.662
0.448936
0.149485
0.662
0.662
0.450887
0.417418
0.662
0.629706
0.303027
0.662
0.662
0.662
0.659905
0.280476
0.358876
0.376535
0.662
0.662
0.130557
0.175526
0.0844921
0.662
0.454536
0.662
0.662
0.662
0.0679535
0.662
0.662
0.662
0.475514
0.662
0.249778
0.186908
0.662
0.662
0.34147
0.429781
0.309173
0.0819558
0.207075
0.662
0.662
0.662
0.355302
0.204276
0.662
0.662
0.662
0.662
0.662
0.63339
0.139704
0.360982
0.283867
0.121899
0.381763
0.662
0.0897024
0.426675
0.662
0.662
0.335284
0.629759
0.0368984
0.0884123
0.0792509
0.424
0.662
0.662
0.662
0.662
0.662
0.662
0.0348087
0.167182
0.284945
0.337882
0.662
0.154638
0.662
0.662
0.149811
0.662
0.662
0.662
0.199126
0.0508845
0.355269
0.336984
0.36761
0.00145415
0.0545545
0.359946
0.662
0.662
0.0287043
0.662
0.406084
0.0420172
0.139335
0.287829
0.41381
0.662
0.240573
0.161333
0.662
0.0407599
0.662
0.243036
0.355083
0.662
0.662
0.662
0.662
0.662
0.589707
0.448316
0.0243281
0.234293
0.203456
0.346178
0.399702
0.426712
0.349117
0.281717
0.286892
0.662
0.0974453
0.215323
0.662
0.662
0.662
0.0760067
0.294385
0.629706
0.662
0.351507
0.662
0.662
0.662
0.662
0.662
0.662
0.662
0.460819
0.361637
0.662
0.662
0.434052
0.662
0.662
0.662
0.662
0.662
0.662
0.662
0.662
0.662
0.662
0.370924
0.34666
0.662
0.145223
0.662
0.380532
0.662
0.0170584
0.662
0.213818
0.216384
0.662
0.243031
0.309981
0.662
0.234059
0.423824
0.49373
0.662
0.202094
0.335507
0.190742
0.436565
0.662
0.247404
0.1389
0.153983
0.662
0.662
0.662
0.662
0.334388
0.321773
0.360125
0.662
0.413259
0.420888
0.301012
0.662
0.192962
0.419385
0.662
0.379052
0.662
0.662
0.254787
0.322916
0.534606
0.233651
0.306584
0.108821
0.431989
0.209332
0.662
0.257194
0.662
0.371916
0.0859499
0.662
0.662
0.662
0.191694
0.662
0.432438
0.282658
0.0337411
0.464711
0.193164
0.113339
0.334007
0.662
0.0389085
0.0108475
0.662
0.342717
0.662
0.662
0.662
0.274157
0.662
0.662
0.309896
0.413461
0.633391
0.130966
0.301332
0.662
0.662
0.626471
0.251359
0.00947521
0.000971893
0.145053
0.306448
0.282657
0.278118
0.662
0.363661
0.391732
0.662
0.662
0.217985
0.662
0.662
0.662
0.385853
0.215704
0.662
0.0404177
0.379261
0.662
0.329785
0.257463
0.433102
0.662
0.662
0.403914
0.330436
0.282598
0.194233
0.662
0.662
0.0719128
0.662
0.25967
0.208808
0.454595
0.662
0.208442
0.504153
0.662
0.030081
0.367559
0.662
0.662
0.662
0.12886
0.407142
0.662
0.460478
0.311491
0.510079
0.662
0.401739
0.662
