0.662
0.0369131
0.153875
0.662
0.662
0.662
0.399698
0.18376
0.46704
0.662
0.662
0.114726
0.662
0.662
0.662
0.436514
0.662
0.00674656
0.662
0.662
0.662
0.471906
0.207616
0.238074
0.662
0.662
0.662
0.351825
0.662
0.0131485
0.662
0.662
0.174071
0.662
0.0518842
0.0324364
0.170066
0.492425
0.662
0.662
0.246835
0.507031
0.662
0.662
0.4583
0.662
0.662
0.0343236
0.423943
0.335379
0.662
0.286023
0.199063
0.333128
0.0751917
0.662
0.662
0.662
0.29494
0.662
0.662
0.662
0.662
0.662
0.662
0.360608
0.662
0.321701
0.662
0.662
0.410465
0.036897
0.662
0.662
0.177566
0.451779
0.0737679
0.0315438
0.0467401
0.123306
0.194444
0.662
0.41817
0.132469
0.248725
0.662
0.662
0.165587
0.662
0.662
0.662
0.662
0.458274
0.662
0.369363
0.0950441
0.662
0.662
0.39217
0.662
0.461102
0.662
0.662
0.662
0.662
0.0369607
0.662
0.498942
0.662
0.662
0.0705806
0.662
0.662
0.240288
0.662
0.662
0.662
0.200485
0.662
0.456875
0.266085
0.662
0.400636
0.403402
0.470477
0.662
0.662
0.175644
0.129873
0.251864
0.279396
0.662
0.212721
0.662
0.662
0.662
0.662
0.511294
0.057938
0.662
0.662
0.322564
0.240857
0.662
0.132533
0.662
0.208795
0.662
0.373286
0.662
0.245457
0.662
0.662
0.662
0.466921
0.662
0.662
0.662
0.397237
0.662
0.188126
0.0538022
0.126445
0.662
0.662
0.662
0.0695216
0.662
0.0166394
0.490667
0.356814
0.662
0.364244
0.662
0.352981
0.662
0.662
0.3467
0.662
0.662
0.662
0.207883
0.662
0.13835
0.0802651
0.662
0.662
0.372331
0.37001
0.662
0.293687
0.0992907
0.662
0.0756797
0.662
0.0107522
0.662
0.662
0.244807
0.347528
0.662
0.662
0.662
0.193639
0.0437804
0.662
0.662
0.662
0.337457
0.447472
0.662
0.230359
0.662
0.662
0.449416
0.662
0.662
0.662
0.400887
0.662
0.662
0.662
0.460104
0.63339
0.161492
0.662
0.0573063
0.00117301
0.662
0.662
0.381297
0.0424174
0.662
0.662
0.662
0.169562
0.662
0.662
0.43415
0.42125
0.662
0.306592
0.257269
0.106142
0.152875
0.662
0.30055
0.662
0.439998
0.662
0.662
0.206477
0.379245
0.107915
0.428358
0.131013
0.662
0.185001
0.0263041
0.662
0.662
0.241873
0.662
0.331685
0.254056
0.662
0.662
0.382594
0.492647
0.662
0.345006
0.299466
0.247069
0.662
0.662
0.466727
0.662
0.39219
0.662
0.662
0.662
0.662
0.180956
0.662
0.662
0.662
0.662
0.662
0.662
0.294552
0.0748574
0.662
0.080885
0.662
0.662
0.195815
0.208344
0.404868
0.662
0.662
0.476159
0.198608
0.662
0.141388
0.662
0.662
0.550275
0.662
0.662
0.662
0.662
0.18067
0.0300018
0.468405
0.411582
0.662
0.662
0.662
0.294703
0.662
0.662
0.575611
0.662
0.662
0.610989
0.662
0.662
0.662
0.0613113
0.662
0.252852
0.662
0.0414387
0.460113
0.662
0.662
0.662
0.662
0.103759
0.147336
0.662
0.422266
0.314943
0.662
0.418238
0.453161
0.276227
0.662
0.662
0.267248
0.427046
0.662
0.662
0.662
0.662
0.662
0.210257
0.662
0.453799
0.662
0.662
0.662
0.662
0.662
0.662
0.0542849
0.662
0.458605
0.332391
0.662
0.0411737
0.0024974
0.0845581
0.662
0.34373
0.662
0.0376953
0.125209
0.662
0.662
0.324397
0.154941
0.370869
0.00403563
0.662
0.340509
0.155762
0.662
0.662
0.124551
0.467035
0.662
0.16796
0.662
0.198172
0.150069
0.662
0.0929566
0.444979
0.311973
0.32279
0.291102
0.662
0.3582
0.00862499
0.566683
0.316866
0.662
0.662
0.380201
0.185485
0.408311
0.21175
0.131357
0.347138
0.59291
0.662
0.662
0.00277888
0.662
0.662
0.273785
0.367413
0.662
0.165877
0.168164
0.222876
0.662
0.448049
0.662
0.447657
0.662
0.662
0.285604
0.348835
0.384505
0.192204
0.109332
0.0443125
0.662
0.159453
0.26885
0.662
0.662
0.662
0.0792363
0.662
0.662
0.662
0.662
0.662
0.662
0.447236
0.662
0.662
0.662
0.662
0.312689
0.410278
0.332749
0.662
0.662
0.358854
0.662
0.570276
0.662
0.662
0.662
0.137503
0.662
0.662
0.212731
0.662
0.397983
0.662
0.040371
0.662
0.662
0.30659
0.270034
0.662
0.662
0.662
0.662
0.662
0.19228
0.662
0.198868
0.0385464
0.316307
0.662
0.0187797
0.243108
0.662
0.214589
0.248007
0.160417
0.114673
0.662
0.118784
0.0816916
0.520507
0.662
0.662
0.662
0.662
0.662
0.662
0.0703926
0.662
0.467423
0.662
0.0789437
0.662
0.403558
0.523161
0.0521258
0.210903
0.662
0.662
0.180764
0.354667
0.40844
0.445012
0.662
0.662
0.357302
0.633436
0.662
0.662
0.662
0.261309
0.189288
0.391762
0.662
0.662
0.483653
0.318065
0.662
0.662
0.275608
0.318305
0.410806
0.42541
0.124716
0.662
0.234656
0.234465
0.662
0.352135
0.281924
0.662
0.662
0.662
0.259046
0.463009
0.147877
0.662
0.0505555
0.662
0.662
0.662
0.662
0.662
0.662
0.468496
0.662
0.662
0.662
0.573004
0.662
0.662
0.35218
0.0478251
0.662
0.23095
0.662
0.662
0.202036
0.662
0.606346
0.662
0.662
0.662
0.662
0.662
0.392716
0.662
0.662
0.662
0.499272
0.140434
0.662
0.662
0.662
0.662
0.139365
0.662
0.507408
0.662
0.394257
0.370166
0.662
0.662
0.662
0.282158
0.0652401
0.28229
0.662
0.22756
0.415031
0.662
0.662
0.0196614
0.257092
0.375783
0.185272
0.53654
0.216011
0.318282
0.474298
0.662
0.662
0.662
0.315333
0.04424
0.662
0.437912
0.662
0.662
0.662
0.236891
0.662
0.662
0.36294
0.662
0.191478
0.662
0.0803195
0.0534142
0.662
0.30093
0.383806
0.662
0.662
0.398526
0.662
0.25787
0.662
0.662
0.662
0.479678
0.662
0.662
0.264588
0.316393
0.314929
0.662
0.662
0.662
0.393211
0.166496
0.453544
0.662
0.250139
0.261587
0.293394
0.662
0.662
0.471678
0.248291
0.212898
0.0999572
0.662
0.662
0.0449144
0.662
0.0808842
0.11516
0.662
0.0437049
0.662
0.662
0.662
0.340149
0.662
0.662
0.451986
0.463316
0.178252
0.662
0.662
0.395405
0.662
0.662
0.299501
0.662
0.662
0.209765
0.462861
0.662
0.305886
0.550807
0.112559
0.662
0.662
0.328117
0.320719
0.662
0.662
0.662
0.662
