0.0355411
0.662
0.0989483
0.662
0.662
0.662
0.244553
0.662
0.397983
0.154941
0.453161
0.114726
0.0131485
0.662
0.662
0.248007
0.662
0.185272
0.662
0.180764
0.467423
0.247069
0.662
0.662
0.662
0.662
0.0024974
0.410806
0.662
0.499272
0.140434
0.140305
0.46704
0.662
0.662
0.662
0.159453
0.28229
0.662
0.606346
0.662
0.662
0.243108
0.662
0.662
0.662
0.633436
0.155762
0.662
0.662
0.40345
0.573004
0.0839834
0.160417
0.662
0.662
0.662
0.174071
0.662
0.662
0.284561
0.662
0.662
0.662
0.381297
0.662
0.662
0.0633223
0.345006
0.293394
0.662
0.662
0.355317
0.662
0.662
0.347138
0.662
0.662
0.389307
0.662
0.662
0.662
0.662
0.461102
0.662
0.662
0.662
0.248725
0.662
0.238074
0.662
0.00734415
0.662
0.382594
0.31417
0.662
0.662
0.448707
0.24124
0.662
0.0321105
0.471678
0.259046
0.165587
0.110468
0.30659
0.662
0.662
0.662
0.662
0.169562
0.456875
0.380201
0.662
0.106704
0.662
0.662
0.662
0.662
0.662
0.113389
0.399698
0.662
0.178558
0.614871
0.662
0.340136
0.662
0.662
0.450268
0.0281923
0.662
0.662
0.225164
0.240288
0.662
0.370869
0.0751917
0.439998
0.293687
0.410961
0.662
0.662
0.662
0.0428077
0.0337408
0.662
0.254056
0.374234
0.662
0.662
0.662
0.0737679
0.352893
0.662
0.444979
0.662
0.367413
0.250139
0.0127458
0.573001
0.662
0.662
0.662
0.662
0.187225
0.357277
0.662
0.662
0.662
0.0300018
0.0721686
0.662
0.634058
0.41651
0.329697
0.125209
0.118784
0.150069
0.474298
0.627103
0.662
0.0411737
0.45896
0.120414
0.337457
0.662
0.422266
0.392092
0.662
0.662
0.209478
0.662
0.662
0.511294
0.662
0.447236
0.662
0.662
0.662
0.662
0.662
0.662
0.662
0.662
0.357599
0.662
0.547266
0.662
0.040371
0.662
0.39217
0.662
0.662
0.662
0.662
0.662
0.662
0.376326
0.318282
0.179062
0.662
0.662
0.199063
0.662
0.175644
0.381873
0.662
0.130781
0.662
0.159356
0.147336
0.240135
0.662
0.357302
0.662
0.662
0.662
0.662
0.662
0.662
0.141388
0.467035
0.3582
0.0845581
0.153875
0.16246
0.662
0.0424174
0.3467
0.662
0.662
0.415031
0.0802651
0.118847
0.662
0.468405
0.662
0.352135
0.421106
0.662
0.0705806
0.662
0.322564
0.00674656
0.662
0.287768
0.662
0.328796
0.662
0.662
0.252314
0.32279
0.662
0.400636
0.662
0.662
0.200485
0.517729
0.662
0.277067
0.662
0.662
0.662
0.662
0.281378
0.268775
0.170066
0.662
0.0485997
0.353
0.0285969
0.132533
0.662
0.662
0.23095
0.267551
0.662
0.662
0.342666
0.662
0.0107522
0.662
0.662
0.25787
0.662
0.662
0.655989
0.662
0.0613113
0.662
0.662
0.662
0.275608
0.662
0.662
0.370972
0.520038
0.662
0.662
0.662
0.662
0.662
0.662
0.62897
0.447657
0.233705
0.112559
0.662
0.662
0.662
0.178103
0.662
0.662
0.662
0.662
0.331685
0.448049
0.315333
0.400887
0.00403563
0.662
0.662
0.0483228
0.662
0.209765
0.662
0.662
0.198608
0.662
0.30093
0.217442
0.662
0.150265
0.662
0.662
0.662
0.662
0.18067
0.2908
0.252478
0.662
0.0695216
0.269511
0.299466
0.392716
0.242748
0.662
0.458605
0.279396
0.662
0.423943
0.379245
0.550275
0.319117
0.0151318
0.40844
0.662
0.662
0.0343236
0.662
0.144206
0.520507
0.0617262
0.662
0.662
0.662
0.662
0.0369131
0.40524
0.662
0.662
0.662
0.662
0.662
0.662
0.662
0.115386
0.662
0.340496
0.662
0.0341928
0.662
0.662
0.662
0.662
0.662
0.662
0.240857
0.662
0.662
0.192204
0.662
0.662
0.662
0.662
0.16796
0.662
0.289109
0.463279
0.0467401
0.236891
0.139365
0.0137872
0.662
0.662
0.0929566
0.662
0.0210858
0.662
0.43415
0.662
0.662
0.0518842
0.421117
0.662
0.0839872
0.0315438
0.662
0.127029
0.662
0.662
0.210849
0.0542849
0.34892
0.662
0.662
0.662
0.469137
0.662
0.582035
0.662
0.662
0.270034
0.662
0.433892
0.662
0.662
0.358854
0.662
0.257058
0.662
0.662
0.0992907
0.221271
0.662
0.39219
0.00978828
0.662
0.662
0.662
0.123306
0.0414343
0.159217
0.0437804
0.662
0.662
0.662
0.662
0.662
0.662
0.0803195
0.451986
0.662
0.316393
0.662
0.51711
0.410278
0.662
0.662
0.662
0.202036
0.662
0.662
0.662
0.360608
0.662
0.126445
0.354627
0.26885
0.0748574
0.662
0.153013
0.289647
0.555716
0.630621
0.662
0.662
0.42125
0.0376953
0.197539
0.662
0.21175
0.662
0.662
0.383806
0.106142
0.476159
0.332749
0.662
0.662
0.0111733
0.550807
0.408311
0.662
0.662
0.662
0.240505
0.662
0.662
0.177566
0.377341
0.310586
0.662
0.168164
0.662
0.118777
0.662
0.662
0.250826
0.466921
0.192011
0.662
0.662
0.662
0.566683
0.662
0.272178
0.662
0.252852
0.423581
0.0505555
0.662
0.662
0.610989
0.662
0.662
0.662
0.662
0.0521258
0.466727
0.662
0.0465782
0.244807
0.42541
0.507031
0.662
0.403402
0.662
0.662
0.662
0.0196614
0.552805
0.662
0.662
0.662
0.166789
0.662
0.662
0.41875
0.204937
0.340509
0.662
0.662
0.662
0.662
0.313336
0.662
0.662
0.129873
0.312689
0.210903
0.662
0.662
0.662
0.32455
0.662
0.662
0.662
0.662
0.273785
0.662
0.00117301
0.662
0.662
0.662
0.34373
0.257092
0.201405
0.662
0.222876
0.662
0.356048
0.662
0.42992
0.445012
0.662
0.364244
0.662
0.662
0.456951
0.662
0.662
0.662
0.261309
0.662
0.662
0.174595
0.100727
0.662
0.245457
0.662
0.00862499
0.662
0.63339
0.662
0.11516
0.416105
0.285604
0.662
0.29494
0.662
0.662
0.0844705
0.267248
0.392768
0.0358152
0.662
0.662
0.0808842
0.391762
0.662
0.0816916
0.662
0.449102
0.662
0.11948
0.662
0.662
0.662
0.37001
0.0616719
0.662
0.662
0.662
0.137244
0.662
0.662
0.454005
0.156076
0.662
0.458274
0.332535
0.662
0.662
0.498942
0.0534142
0.370166
0.171105
0.662
0.662
0.0950441
0.662
0.662
0.662
0.662
0.445365
0.662
0.0333041
0.0385464
0.430024
0.662
0.662
0.662
0.662
0.281924
0.453544
0.057938
0.248291
0.662
0.662
0.662
0.662
0.662
0.662
0.438179
0.258879
0.662
0.662
0.282158
0.230359
0.662
0.352981
0.662
0.460113
0.220858
0.192599
0.662
0.139428
0.173496
0.265751
0.0478499
0.662
0.662
0.297045
0.662
0.0709518
0.662
0.662
0.198868
0.662
0.468496
0.662
0.193474
0.0443125
0.662
0.662
0.348835
0.662
0.0325615
0.234656
0.662
0.662
0.662
