0.662
0.459085
0.662
0.472401
0.396214
0.662
0.0642838
0.662
0.203804
0.662
0.662
0.662
0.0203935
0.662
0.263544
0.33755
0.662
0.662
0.349462
0.662
0.662
0.424024
0.662
0.662
0.662
0.390541
0.429403
0.0322209
0.662
0.662
0.662
0.662
0.326412
0.345325
0.662
0.662
0.451282
0.236409
0.662
0.662
0.0534572
0.662
0.662
0.662
0.336844
0.425784
0.385279
0.527968
0.662
0.662
0.662
0.311359
0.662
0.0319538
0.662
0.328501
0.662
0.335507
0.0138375
0.24085
0.662
0.270306
0.0401433
0.662
0.662
0.633694
0.662
0.662
0.559302
0.0296584
0.662
0.662
0.533349
0.662
0.662
0.388871
0.662
0.448226
0.662
0.0214718
0.184138
0.662
0.662
0.508731
0.1943
0.662
0.226931
0.408828
0.662
0.662
0.662
0.662
0.662
0.662
0.509564
0.274413
0.255862
0.662
0.238494
0.662
0.421469
0.0590405
0.662
0.662
0.603757
0.662
0.662
0.182193
0.662
0.422231
0.185823
0.554623
0.662
0.662
0.662
0.662
0.385328
0.662
0.662
0.138782
0.662
0.468931
0.662
0.304105
0.662
0.662
0.372785
0.0154417
0.662
0.225233
0.662
0.662
0.662
0.662
0.0161204
0.300297
0.662
0.662
0.662
0.662
0.662
0.662
0.662
0.662
0.662
0.662
0.662
0.662
0.662
0.386885
0.662
0.651217
0.662
0.0938556
0.306183
0.662
0.0461772
0.662
0.662
0.296931
0.662
0.662
0.662
0.409322
0.662
0.113525
0.662
0.662
0.361415
0.662
0.102308
0.662
0.662
0.662
0.283297
0.2466
0.662
0.662
0.328085
0.394809
0.216304
0.218605
0.0246924
0.154319
0.139983
0.662
0.662
0.281198
0.206031
0.662
0.0847523
0.662
0.662
0.662
0.414788
0.0261165
0.662
0.662
0.566329
0.171095
0.662
0.327913
0.291294
0.461451
0.302247
0.158888
0.662
0.12189
0.420334
0.662
0.299647
0.662
0.628462
0.112035
0.202417
0.662
0.662
0.327123
0.26365
0.254123
0.287182
0.662
0.662
0.662
0.159346
0.662
0.662
0.662
0.662
0.662
0.555619
0.662
0.662
0.662
0.440577
0.319794
0.662
0.662
0.662
0.662
0.206492
0.662
0.214098
0.662
0.383166
0.662
0.662
0.380983
0.662
0.662
0.0563026
0.321073
0.662
0.662
0.662
0.662
0.213058
0.377344
0.662
0.662
0.662
0.385747
0.459655
0.374065
0.429693
0.0805806
0.0557185
0.662
0.308572
0.413453
0.310572
0.662
0.662
0.662
0.481484
0.662
0.662
0.662
0.44717
0.662
0.662
0.544824
0.356368
0.60676
0.108079
0.429823
0.662
0.662
0.301756
0.662
0.108174
0.662
0.407012
0.662
0.662
0.468113
0.377009
0.128398
0.662
0.662
0.311135
0.284682
0.662
0.253094
0.662
0.662
0.0606642
0.662
0.0957754
0.662
0.662
0.461763
0.662
0.662
0.266429
0.051638
0.0965829
0.107034
0.662
0.232711
0.662
0.62548
0.662
0.662
0.662
0.0306366
0.451525
0.662
0.662
0.136923
0.662
0.0730003
0.662
0.171898
0.662
0.662
0.662
0.662
0.662
0.662
0.662
0.662
0.153598
0.662
0.45834
0.445916
0.426663
0.662
0.662
0.662
0.249872
0.662
0.244756
0.123567
0.413959
0.662
0.662
0.386209
0.247218
0.662
0.223834
0.662
0.662
0.149492
0.662
0.662
0.662
0.440345
0.662
0.33306
0.662
0.143166
0.662
0.543397
0.281151
0.0835489
0.662
0.662
0.662
0.0524215
0.662
0.662
0.261238
0.662
0.160217
0.662
0.554502
0.662
0.662
0.662
0.662
0.662
0.662
0.662
0.662
0.662
0.662
0.09941
0.456362
0.662
0.662
0.0746976
0.662
0.662
0.171986
0.662
0.0105056
0.662
0.437775
0.334683
0.662
0.662
0.164409
0.662
0.310397
0.00302087
0.662
0.16782
0.259073
0.662
0.662
0.435704
0.232759
0.662
0.270956
0.234908
0.629198
0.662
0.662
0.662
0.51493
0.662
0.662
0.426094
0.0378993
0.421365
0.662
0.662
0.662
0.662
0.438745
0.662
0.279814
0.0142588
0.181592
0.662
0.662
0.662
0.662
0.146916
0.0726218
0.325878
0.454231
0.662
0.401286
0.354421
0.662
0.662
0.662
0.662
0.174937
0.472209
0.29346
0.662
0.662
0.662
0.252859
0.662
0.662
0.662
0.0882983
0.0251733
0.662
0.251342
0.396603
0.662
0.0412624
0.662
0.662
0.39582
0.662
0.662
0.662
0.662
0.0905845
0.662
0.24708
0.662
0.662
0.662
0.662
0.225111
0.436308
0.0111238
0.219915
0.457363
0.662
0.237067
0.662
0.662
0.409279
0.662
0.662
0.662
0.19672
0.286233
0.177931
0.317333
0.662
0.376487
0.0958414
0.662
0.476023
0.015061
0.662
0.499207
0.662
0.0926497
0.662
0.662
0.662
0.662
0.409366
0.0948162
0.109815
0.662
0.372729
0.201727
0.662
0.662
0.662
0.363539
0.201961
0.662
0.662
0.662
0.633391
0.0168928
0.164695
0.417474
0.658799
0.249524
0.132156
0.288687
0.662
0.448554
0.325609
0.662
0.662
0.399577
0.0221717
0.662
0.662
0.233863
0.186801
0.0741917
0.662
0.662
0.662
0.662
0.662
0.0173913
0.662
0.257569
0.662
0.159021
0.171139
0.662
0.18019
0.662
0.256999
0.662
0.432459
0.434329
0.295354
0.320882
0.662
0.400379
0.662
0.662
0.308272
0.292222
0.662
0.662
0.0666223
0.102368
0.140059
0.662
0.425989
0.662
0.662
0.331914
0.0756917
0.116256
0.0642591
0.662
0.330527
0.662
0.662
0.275759
0.152403
0.292195
0.662
0.319262
0.662
0.000279095
0.662
0.22055
0.439623
0.662
0.662
0.662
0.500096
0.0703529
0.662
0.202638
0.662
0.662
0.662
0.662
0.662
0.443405
0.148308
0.662
0.472469
0.662
0.189675
0.209192
0.662
0.284754
0.662
0.465588
0.662
0.662
0.297917
0.662
0.506547
0.0438244
0.0172291
0.308648
0.662
0.573353
0.204246
0.662
0.417403
0.154713
0.116656
0.662
0.662
0.662
0.222583
0.235909
0.662
0.662
0.393396
0.662
0.335512
0.662
0.662
0.662
0.224984
0.47145
0.662
0.388724
0.245588
0.662
0.662
0.213762
0.175776
0.440453
0.331548
0.107977
0.443952
0.439022
0.415131
0.662
0.662
0.662
0.662
0.662
0.238978
0.662
0.325824
0.662
0.662
0.0640411
0.21133
0.175515
0.411016
0.188035
0.662
0.318985
0.509625
0.106684
0.323656
0.662
0.662
0.662
0.662
0.195042
0.146726
0.442682
0.660989
0.31386
0.662
0.285841
0.175452
0.662
0.662
0.45065
0.662
0.261858
0.662
0.662
0.378419
0.662
0.206824
0.243233
0.662
0.2906
0.481471
0.295977
0.662
0.662
0.0511815
0.162128
0.662
0.662
0.662
0.0777673
0.662
0.308288
0.662
0.662
0.662
0.662
0.662
0.662
0.662
0.662
0.342052
0.136667
0.662
0.413362
0.348093
0.662
0.662
0.281203
0.357974
0.662
0.662
0.209698
0.662
0.662
0.0633892
0.0624864
0.662
0.444673
0.662
0.662
0.662
0.662
0.662
0.461526
0.194229
0.31545
0.662
0.455067
0.662
0.453266
0.203437
0.0430586
0.388625
0.662
0.36824
0.438032
0.662
0.662
0.662
0.390117
0.374184
0.370342
0.662
0.360599
0.449727
0.434394
0.662
0.0276329
0.662
0.662
0.662
0.331571
0.0971083
0.0961409
0.662
0.662
0.391555
0.474691
0.662
0.32658
0.350655
0.52866
0.241437
0.662
0.0347764
0.662
0.0349002
0.662
0.662
0.362322
0.160549
0.662
0.437654
0.245614
0.662
0.662
0.482787
0.662
0.143599
0.662
0.662
0.662
0.218829
0.662
0.662
0.662
0.405926
0.570885
0.285085
0.223189
0.4561
0.30818
0.543915
0.662
0.662
0.500592
0.662
0.662
0.662
0.662
0.46967
0.662
0.662
0.662
0.181204
0.406006
0.127983
0.662
0.662
0.0895217
0.108372
0.662
0.662
0.662
0.662
0.662
0.161222
0.190966
0.662
0.209279
0.228063
0.599312
0.662
0.662
0.662
0.20839
0.458026
0.451147
0.00405665
0.662
0.662
0.195094
0.268376
0.662
0.662
0.30129
0.662
0.662
0.326568
0.662
0.662
0.662
0.662
0.159648
0.662
0.457769
0.46686
0.346588
0.0468276
0.306341
0.443626
0.159135
0.662
0.662
0.662
0.662
0.662
0.463751
0.000915284
0.662
0.662
0.662
0.0238168
0.486569
0.662
0.662
0.103489
0.662
0.0109074
0.662
0.280717
0.662
0.0540431
0.353665
0.471163
0.662
0.445245
0.662
0.21106
0.624053
0.105748
0.413352
0.442966
0.483463
0.662
0.407468
0.188886
0.211488
0.662
0.131458
0.662
0.662
0.662
0.662
0.662
0.244536
0.662
0.662
0.662
0.662
0.662
0.496013
0.662
0.171243
0.662
0.472726
0.662
0.123851
0.662
0.662
0.662
0.272038
0.318587
0.174332
0.662
0.662
0.662
0.662
0.662
0.2968
0.662
0.0630905
0.662
0.509914
0.129711
0.292799
0.237397
0.662
0.662
0.0349641
0.662
0.662
0.36558
0.662
0.263404
0.00848681
0.435543
0.187574
0.39451
0.662
0.342064
0.18794
0.662
0.662
0.662
0.369762
0.662
0.662
0.662
0.377842
0.662
0.662
0.0774297
0.121806
0.263295
0.251529
0.662
0.662
0.662
0.662
0.605661
0.550577
0.347708
0.662
0.662
0.662
0.662
0.389668
0.662
0.662
0.340287
0.662
0.662
0.0724232
0.662
0.45212
0.662
0.469442
0.0410903
0.662
0.662
0.662
0.593782
0.382803
0.153108
0.0214957
0.205183
0.363296
0.662
0.662
0.230678
0.607895
0.662
0.0564393
0.221346
0.662
0.662
0.662
0.343056
0.329801
0.268799
0.662
0.662
0.662
0.581477
0.662
0.662
0.662
0.662
0.662
0.662
0.0843846
0.0364638
0.356661
0.662
0.662
0.662
0.279324
0.662
0.158453
0.662
0.662
0.662
0.43199
0.662
0.662
0.10102
0.662
0.662
0.327257
0.662
0.00868975
0.329222
0.662
0.482186
0.662
0.662
0.662
0.155391
0.662
0.662
0.662
0.465536
0.213357
0.662
0.662
0.136742
0.662
0.195326
0.328846
