0.452024
0.239209
0.662
0.132628
0.0107605
0.422566
0.662
0.154161
0.662
0.0299288
0.662
0.399432
0.448122
0.662
0.240222
0.662
0.662
0.269658
0.372087
0.048337
0.0718716
0.662
0.662
0.422777
0.282446
0.662
0.026014
0.662
0.183693
0.111295
0.439772
0.0983927
0.0590318
0.662
0.662
0.0418799
0.662
0.662
0.662
0.662
0.662
0.662
0.662
0.662
0.401981
0.0732437
0.281936
0.452687
0.00721561
0.165003
0.662
0.662
0.662
0.662
0.154372
0.662
0.312707
0.243762
0.662
0.662
0.662
0.662
0.662
0.365527
0.027043
0.473512
0.0246424
0.662
0.662
0.366298
0.662
0.329972
0.662
0.0497516
0.662
0.662
0.0383188
0.662
0.662
0.0500676
0.662
0.301023
0.660129
0.234038
0.286423
0.662
0.300329
0.662
0.121014
0.662
0.662
0.662
0.662
0.117031
0.566022
0.141807
0.662
0.464408
0.662
0.400579
0.235726
0.0306666
0.662
0.662
0.0280538
0.249912
0.662
0.362749
0.662
0.0280367
0.662
0.662
0.662
0.662
0.298068
0.00459713
0.662
0.37571
0.662
0.364147
0.662
0.21058
0.099233
0.662
0.237268
0.662
0.662
0.322469
0.213458
0.662
0.662
0.662
0.662
0.0632294
0.662
0.662
0.474645
0.662
0.662
0.662
0.662
0.0844685
0.177689
0.662
0.236902
0.662
0.662
0.662
0.662
0.662
0.401166
0.642467
0.400524
0.662
0.332292
0.662
0.662
0.63339
0.662
0.662
0.662
0.662
0.0057103
0.662
0.140879
0.284297
0.662
0.662
0.246101
0.662
0.131076
0.662
0.151913
0.451258
0.662
0.594778
0.662
0.662
0.662
0.662
0.662
0.662
0.187067
0.125728
0.662
0.0856067
0.662
0.662
0.662
0.178214
0.444858
0.31889
0.612929
0.662
0.325377
0.260911
0.662
0.336262
0.111147
0.662
0.662
0.662
0.0535191
0.326627
0.279059
0.333282
0.477035
0.188789
0.662
0.662
0.353726
0.48795
0.185345
0.411788
0.00955458
0.662
0.662
0.333695
0.216811
0.662
0.662
0.188438
0.284117
0.63339
0.662
0.662
0.662
0.662
0.471638
0.276198
0.258787
0.407527
0.662
0.0586767
0.662
0.662
0.662
0.378752
0.662
0.219475
0.662
0.662
0.662
0.662
0.662
0.662
0.110298
0.662
0.662
0.471105
0.310036
0.662
0.239684
0.259997
0.0708168
0.16466
0.227027
0.430783
0.662
0.662
0.662
0.662
0.662
0.662
0.219074
0.000904606
0.215546
0.662
0.108247
0.662
0.132491
0.662
0.366913
0.662
0.34171
0.435898
0.368165
0.275946
0.662
0.491894
0.662
0.662
0.662
0.424257
0.410808
0.0403041
0.662
0.662
0.662
0.662
0.662
0.0579522
0.662
0.662
0.150062
0.14899
0.144043
0.356953
0.131978
0.371557
0.518932
0.413703
0.662
0.662
0.108125
0.662
0.662
0.662
0.135212
0.662
0.662
0.0354162
0.662
0.224557
0.662
0.0770233
0.264231
0.36125
0.662
0.32248
0.0521497
0.662
0.662
0.662
0.662
0.379494
0.662
0.0180131
0.662
0.662
0.662
0.662
0.662
0.0147325
0.662
0.662
0.662
0.238362
0.00755844
0.279634
0.662
0.662
0.193347
0.662
0.413987
0.210965
0.391504
0.475743
0.662
0.455275
0.662
0.0195518
0.662
0.0589093
0.0214622
0.114916
0.662
0.662
0.399943
0.291102
0.662
0.286108
0.662
0.662
0.290447
0.662
0.662
0.633694
0.662
0.476588
0.662
0.662
0.662
0.568861
0.125114
0.0910799
0.662
0.32949
0.0341401
0.430834
0.467684
0.662
0.11799
0.662
0.552172
0.469381
0.264096
0.662
0.662
0.141921
0.662
0.662
0.662
0.662
0.113281
0.403399
0.662
0.278299
0.662
0.662
0.662
0.662
0.433248
0.216124
0.306191
0.662
0.662
0.662
0.662
0.402445
0.215271
0.246787
0.61645
0.662
0.485147
0.323384
0.419609
0.662
0.662
0.554004
0.662
0.159151
0.0598606
0.145828
0.662
0.412641
0.662
0.455491
0.662
0.662
0.662
0.249251
0.148257
0.662
0.138345
0.228595
0.662
0.376121
0.662
0.446575
0.244954
0.0288236
0.442136
0.662
0.662
0.565686
0.15521
0.123654
0.439501
0.14769
0.4327
0.328276
0.662
0.0817178
0.662
0.662
0.091073
0.662
0.406269
0.258121
0.662
0.205732
0.662
0.662
0.662
0.662
0.040669
0.662
0.662
0.662
0.662
0.0890292
0.662
0.285572
0.662
0.0496836
0.662
0.324072
0.662
0.662
0.662
0.464655
0.662
0.662
0.662
0.662
0.662
0.357981
0.662
0.662
0.182168
0.662
0.662
0.282608
0.662
0.433711
0.662
0.662
0.484874
0.390442
0.378723
0.199698
0.27622
0.281906
0.242634
0.0489882
0.662
0.205898
0.662
0.161287
0.341846
0.662
0.662
0.055921
0.662
0.662
0.662
0.662
0.662
0.277518
0.13561
0.240812
0.662
0.0612473
0.662
0.662
0.662
0.350087
0.662
0.662
0.159199
0.662
0.662
0.178785
0.252424
0.202865
0.247538
0.445531
0.120536
0.662
0.481318
0.337556
0.435323
0.365089
0.662
0.462894
0.662
