0.662
0.0378266
0.662
0.662
0.662
0.662
0.505227
0.662
0.395536
0.147631
0.662
0.662
0.248727
0.473014
0.107409
0.662
0.263329
0.189832
0.662
0.662
0.147668
0.221919
0.662
0.121357
0.662
0.0269439
0.389101
0.662
0.662
0.138739
0.428737
0.0171032
0.662
0.140573
0.135834
0.294405
0.269208
0.662
0.299854
0.56159
0.662
0.312791
0.438369
0.662
0.477576
0.662
0.0799887
0.212221
0.296359
0.662
0.0998735
0.364535
0.662
0.35138
0.662
0.118311
0.662
0.662
0.662
0.23814
0.662
0.402926
0.662
0.662
0.262191
0.570485
0.169342
0.281103
0.662
0.430921
0.0186055
0.472882
0.145333
0.662
0.34574
0.23015
0.662
0.42329
0.49367
0.105315
0.345524
0.662
0.0550909
0.368974
0.0815652
0.397268
0.662
0.471773
0.195322
0.662
0.662
0.662
0.249085
0.471615
0.0247398
0.114943
0.662
0.462638
0.662
0.306977
0.662
0.343356
0.662
0.169451
0.0516478
0.239676
0.662
0.129112
0.662
0.0946273
0.139278
0.662
0.354768
0.218921
0.0471616
0.662
0.155038
0.662
0.302325
0.662
0.649111
0.662
0.446933
0.662
0.662
0.432727
0.385709
0.662
0.364828
0.046233
0.662
0.296331
0.202425
0.408862
0.662
0.662
0.662
0.662
0.390727
0.436466
0.662
0.662
0.405277
0.339199
0.662
0.601613
0.662
0.662
0.662
0.662
0.206071
0.662
0.0611512
0.662
0.662
0.225571
0.453583
0.278168
0.466781
0.241532
0.0898899
0.662
0.662
0.662
0.232143
0.364664
0.662
0.662
0.662
0.446964
0.13131
0.0729866
0.662
0.456144
0.662
0.662
0.662
0.221737
0.662
0.34011
0.662
0.28304
0.662
0.0410612
0.0632049
0.322368
0.191341
0.127688
0.662
0.662
0.662
0.662
0.662
0.0153077
0.373969
0.26486
0.0946281
0.0702463
0.662
0.422792
0.662
0.662
0.239272
0.662
0.662
0.662
0.0480857
0.662
0.662
0.588986
0.63339
0.526542
0.662
0.354369
0.662
0.505611
0.0338208
0.662
0.113993
0.662
0.000716014
0.334758
0.0414982
0.0674843
0.662
0.662
0.662
0.662
0.662
0.390262
0.662
0.214046
0.662
0.662
0.662
0.662
0.662
0.662
0.662
0.662
0.0996171
0.340904
0.662
0.662
0.286212
0.662
0.662
0.662
0.418803
0.662
0.336502
0.662
0.147547
0.0361404
0.47741
0.109906
0.296208
0.417509
0.257146
0.0653031
0.289698
0.662
0.414767
0.662
0.662
0.662
0.218991
0.662
0.662
0.662
0.156349
0.662
0.34003
0.662
0.155805
0.243724
0.248167
0.662
0.662
0.662
0.662
0.3605
0.662
0.662
0.662
0.354312
0.662
0.662
0.662
0.07423
0.662
0.662
0.662
0.473982
0.448794
0.00197705
0.280229
0.120874
0.662
0.505744
0.662
0.662
0.662
0.20553
0.402045
0.356489
0.662
0.2618
0.308347
0.662
0.662
0.126638
0.662
0.662
0.186967
0.387456
0.332876
0.0809091
0.146478
0.343884
0.439718
0.0300012
0.662
0.314892
0.135094
0.662
0.662
0.18657
0.662
0.516216
0.473225
0.0289289
0.401553
0.662
0.171861
0.662
0.459342
0.233782
0.662
0.519215
0.559
0.662
0.012122
0.628058
0.550496
0.662
0.262346
0.662
0.437566
0.662
0.0183946
0.662
0.377455
0.662
0.191321
0.662
0.662
0.662
0.349773
0.395724
0.662
0.662
0.472021
0.662
0.260037
0.0644276
0.135149
0.196821
0.662
0.662
0.208055
0.662
0.37849
0.385697
0.651991
0.662
0.662
0.0605039
0.470847
0.662
0.662
0.662
0.662
0.662
0.0335619
0.662
0.662
0.529269
0.662
0.590107
0.176605
0.347866
0.662
0.125003
0.401629
0.662
0.662
0.662
0.662
0.0789132
0.662
0.392889
0.662
0.227514
0.442103
0.233688
0.662
0.281028
0.662
0.662
0.035235
0.662
0.200357
0.429193
0.349486
0.0858092
0.662
0.423281
0.121386
0.662
0.200298
0.662
0.662
0.146031
0.662
0.662
0.361072
0.662
0.662
0.432061
0.662
0.337309
0.336988
0.662
0.662
0.662
0.662
0.662
0.0647663
0.16245
0.662
0.497754
0.116347
0.201964
0.662
0.0597143
0.662
0.207059
0.525417
0.430282
0.662
0.235317
0.402813
0.214352
0.471584
0.662
0.454019
0.129182
0.662
0.662
0.662
0.662
0.662
0.662
0.662
0.662
0.0253934
0.374719
0.0606707
0.0927845
0.662
0.0313074
0.314626
0.59716
0.662
0.32563
0.662
0.662
0.662
0.662
0.662
0.662
0.662
0.136345
0.662
0.268723
0.235402
0.397095
0.662
0.662
0.363426
0.175967
0.662
0.334817
0.662
0.53742
0.00736417
0.0996391
0.331666
0.126906
0.462142
0.662
0.546338
0.348858
0.662
0.334896
0.217686
0.44825
0.662
0.662
0.662
0.662
0.263137
0.662
0.662
0.662
0.372621
0.24101
0.662
0.662
0.408321
0.0690301
0.466071
0.260612
0.662
0.511175
0.662
0.156096
0.662
0.448097
0.22393
0.194281
0.281088
0.29209
0.44892
0.662
0.325607
0.662
0.270531
0.662
0.156328
0.237046
0.662
0.121339
0.371464
0.662
0.286688
0.25332
0.662
0.306136
0.662
0.0260722
0.0352484
0.107863
0.662
0.460205
0.348298
0.147457
0.394061
0.382473
0.662
0.249207
0.662
0.662
0.662
0.499338
0.254082
0.469812
0.629706
0.662
0.213991
0.662
0.662
0.0340923
0.662
0.0335308
0.662
0.662
0.439219
0.662
0.662
0.146228
0.288818
0.662
0.160988
0.117579
0.662
0.662
0.662
0.0233278
0.475745
0.0457568
0.0558232
0.124924
0.181465
0.0247466
0.278782
0.149444
0.115356
0.662
0.326034
0.662
0.662
0.297044
0.662
0.662
0.177374
0.662
0.662
0.662
0.662
0.0577176
0.662
0.458475
0.291874
0.214903
0.662
0.662
0.199954
0.466255
0.607097
0.662
0.662
0.010276
0.395448
0.662
0.662
0.156555
0.662
0.437333
0.662
0.662
0.662
0.662
0.370349
0.662
0.662
0.172763
0.662
0.250457
0.104171
0.662
0.0956104
0.277297
0.294941
0.662
0.662
0.332435
0.0541456
0.219324
0.298761
0.424978
0.662
0.662
0.383707
0.36481
0.236256
0.662
0.662
0.662
0.662
0.420348
0.0182752
0.662
0.550567
0.662
0.662
0.662
0.662
0.662
0.662
0.21764
0.662
0.177583
0.457978
0.662
0.165203
0.662
0.662
0.208135
0.240668
0.337888
0.280525
0.662
0.662
0.662
0.662
0.440173
0.662
0.662
0.340546
0.662
0.257
0.662
0.115138
0.662
0.212419
0.309213
0.143131
0.662
0.010091
0.284826
0.662
0.25961
0.662
0.662
0.662
0.662
0.662
0.662
0.662
0.00447406
0.0732209
0.662
0.662
0.662
0.662
0.662
0.0245373
0.662
0.662
0.662
0.662
0.322778
0.662
0.662
0.161696
0.137422
0.662
0.662
0.371118
0.662
0.662
0.662
0.662
0.274669
0.301773
0.391623
0.283959
0.234769
0.0989178
0.225389
0.324551
0.302978
0.662
0.662
0.662
0.662
0.528919
0.0878377
0.355678
0.00902142
0.662
0.110872
0.577965
0.662
0.662
0.216091
0.662
0.466375
0.332539
0.150152
0.459259
0.254762
0.662
0.629288
0.170293
0.662
0.662
0.662
0.662
0.598545
0.156527
0.0107219
0.662
0.662
0.662
0.175203
0.447338
0.319718
0.662
0.0435972
0.556272
0.662
0.444933
0.65442
0.662
0.662
0.662
0.662
0.662
0.662
0.662
0.662
0.337833
0.662
0.0155429
0.222489
0.0787521
0.19665
0.662
0.662
0.294852
0.662
0.416018
0.153521
0.662
0.379851
0.366695
0.109768
0.662
0.662
0.128002
0.662
0.0729567
0.305606
0.128915
0.357184
0.189644
0.245874
0.044495
0.662
0.662
0.457838
0.662
0.433494
0.662
0.0343651
0.0299416
0.662
0.320507
0.199909
0.123757
0.662
0.220797
0.662
0.662
0.662
0.250822
0.662
0.606071
0.662
0.232058
0.136012
0.273691
0.662
0.662
0.662
0.662
0.662
0.379547
0.662
0.160239
0.0190423
0.662
0.295483
0.662
0.662
0.662
0.0595254
0.662
0.382326
0.455851
0.662
0.127444
0.518078
0.662
0.102931
0.662
0.662
0.662
0.662
0.372311
0.370417
0.662
0.662
0.662
0.104521
0.351167
0.192279
0.662
0.006235
0.662
0.0764422
0.100367
0.662
0.189626
0.633694
0.662
0.249516
0.47108
0.662
0.163036
0.0530549
0.662
0.662
0.662
0.170221
0.396106
0.662
0.662
0.254491
0.0382267
0.662
0.662
0.662
0.000243711
0.384527
0.662
0.516823
0.164962
0.662
0.473845
0.123131
0.662
0.317091
0.662
0.662
0.181951
0.291888
0.662
0.662
0.231108
0.112696
0.272176
0.0742071
0.662
0.662
0.142904
0.662
0.0814557
0.662
0.662
0.662
0.280329
0.168475
0.662
0.662
0.227212
0.662
0.662
0.172612
0.662
0.662
0.214818
0.405927
0.662
0.414183
0.242285
0.188288
0.662
0.494671
0.662
0.662
0.00319973
0.388161
0.662
0.253307
0.662
0.386442
0.484692
