0.344527
0.662
0.662
0.662
0.662
0.105568
0.0468408
0.662
0.662
0.662
0.129333
0.662
0.662
0.662
0.662
0.314943
0.368068
0.662
0.662
0.662
0.2134
0.499272
0.662
0.629706
0.662
0.43026
0.662
0.662
0.163475
0.662
0.662
0.451779
0.662
0.0024974
0.4439
0.250139
0.261587
0.258468
0.00135751
0.291102
0.662
0.0475364
0.242233
0.221632
0.662
0.306161
0.662
0.662
0.662
0.394342
0.662
0.43415
0.662
0.177566
0.662
0.662
0.267248
0.208892
0.662
0.662
0.662
0.662
0.662
0.662
0.32505
0.662
0.176372
0.662
0.662
0.403402
0.416608
0.0414387
0.662
0.662
0.662
0.351825
0.662
0.662
0.662
0.662
0.662
0.00827191
0.662
0.662
0.0449009
0.662
0.662
0.659695
0.662
0.662
0.382229
0.662
0.662
0.215752
0.0469907
0.662
0.662
0.662
0.0992907
0.662
0.397237
0.591651
0.179692
0.662
0.303143
0.662
0.279467
0.391762
0.662
0.221385
0.662
0.662
0.198868
0.662
0.662
0.662
0.46704
0.187859
0.662
0.662
0.662
0.662
0.040371
0.662
0.662
0.662
0.308126
0.199054
0.662
0.187958
0.662
0.101407
0.380201
0.0443125
0.662
0.662
0.662
0.662
0.662
0.148353
0.219047
0.662
0.362875
0.662
0.375664
0.0194082
0.662
0.662
0.153393
0.662
0.662
0.662
0.159453
0.122601
0.415031
0.367999
0.192026
0.662
0.662
0.662
0.662
0.662
0.304936
0.106402
0.282182
0.339141
0.662
0.102442
0.240504
0.380622
0.441394
0.662
0.662
0.212721
0.373732
0.662
0.306772
0.619462
0.662
0.662
0.243108
0.311973
0.393211
0.662
0.662
0.320719
0.662
0.357937
0.662
0.662
0.206609
0.662
0.0726682
0.408311
0.662
0.276227
0.59291
0.309797
0.447472
0.662
0.662
0.132533
0.662
0.662
0.373283
0.662
0.662
0.436017
0.662
0.398835
0.40844
0.662
0.662
0.662
0.662
0.662
0.662
0.662
0.662
0.662
0.525958
0.662
0.0221097
0.0482657
0.662
0.662
0.23095
0.430044
0.124551
0.662
0.0112381
0.662
0.538713
0.320947
0.662
0.125383
0.662
0.21167
0.662
0.662
0.327021
0.340149
0.662
0.0131477
0.662
0.153875
0.216011
0.0995921
0.662
0.443554
0.662
0.468496
0.467035
0.185001
0.217517
0.662
0.323195
0.383806
0.1029
0.662
0.372494
0.0424174
0.394947
0.662
0.190689
0.279895
0.662
0.0218731
0.662
0.662
0.662
0.172723
0.328322
0.237561
0.662
0.662
0.140249
0.662
0.662
0.662
0.662
0.460113
0.662
0.00721561
0.0187797
0.0792363
0.158996
0.384505
0.662
0.456875
0.201545
0.292466
0.662
0.228969
0.662
0.662
0.662
0.150069
0.16398
0.662
0.662
0.35097
0.437651
0.662
0.270411
0.113309
0.662
0.417109
0.662
0.423943
0.107547
0.211056
0.460663
0.24379
0.139365
0.0875868
0.662
0.0935596
0.0802651
0.4622
0.0449144
0.662
0.112559
0.662
0.428542
0.00321421
0.00403563
0.38108
0.662
0.662
0.662
0.662
0.662
0.662
0.662
0.662
0.492387
0.662
0.662
0.355989
0.365715
0.662
0.437215
0.209831
0.0613113
0.218947
0.403009
0.331685
0.0747237
0.662
0.662
0.662
0.662
0.429305
0.0126441
0.662
0.363874
0.662
0.0742207
0.29494
0.662
0.662
0.0119229
0.662
0.582835
0.662
0.309058
0.409645
0.662
0.662
0.662
0.426684
0.662
0.662
0.662
0.662
0.662
0.662
0.662
0.662
0.662
0.422266
0.662
0.662
0.662
0.114726
0.0315438
0.662
0.662
0.662
0.662
0.313389
0.662
0.0542849
0.131894
0.662
0.662
0.662
0.662
0.662
0.662
0.207658
0.0208209
0.460286
0.0789437
0.662
0.662
0.662
0.340509
0.182168
0.662
0.332749
0.350274
0.662
0.662
0.137503
0.333282
0.346074
0.662
0.662
0.662
0.662
0.520403
0.662
0.662
0.662
0.333651
0.437436
0.662
0.30055
0.349125
0.662
0.460901
0.121275
0.125371
0.30934
0.16796
0.0845581
0.662
0.467423
0.309671
0.662
0.662
0.0429324
0.662
0.662
0.662
0.0816916
0.0411737
0.550275
0.268021
0.168981
0.662
0.662
0.157792
0.106142
0.662
0.130034
0.0926242
0.662
0.486767
0.398817
0.0786348
0.662
0.662
0.0107522
0.111148
0.53654
0.329447
0.0171569
0.662
0.662
0.662
0.662
0.662
0.15521
0.662
0.288234
0.497954
0.307055
0.355408
0.24463
0.662
0.399714
0.662
0.662
0.662
0.662
0.662
0.662
0.375696
0.125209
0.118784
0.193347
0.662
0.0905952
0.244807
0.662
0.662
0.352135
0.315333
0.662
0.154941
0.662
0.662
0.662
0.332391
0.662
0.243862
0.230867
0.416278
0.373374
0.209765
0.0437049
0.151922
0.126152
0.573004
0.0756797
0.662
0.662
0.662
0.662
0.662
0.662
0.662
0.463009
0.462847
0.662
0.662
0.662
0.418253
0.531997
0.159098
0.485832
0.662
0.479678
0.662
0.662
0.662
0.102778
0.111073
0.662
0.662
0.161367
0.662
0.662
0.662
0.662
0.219686
0.310284
0.662
0.245508
0.217833
0.662
0.662
0.0803195
0.662
0.662
0.662
0.662
0.662
0.662
0.445012
0.662
0.662
0.662
0.662
0.0082696
0.662
0.662
0.662
0.330084
0.00611091
0.662
0.0590318
0.662
0.662
0.662
0.0895922
0.662
0.662
0.185272
0.286023
0.257092
0.241873
0.106783
0.140868
0.360608
0.52806
0.662
0.0631012
0.0966941
0.662
0.662
0.662
0.662
0.662
0.451332
0.404442
0.662
0.662
0.662
0.30093
0.662
0.662
0.662
0.200155
0.468361
0.662
0.0778067
0.662
0.662
0.662
0.662
0.662
0.376866
0.662
0.662
0.0718716
0.0610008
