0.662
0.0590318
0.184685
0.217321
0.662
0.662
0.451459
0.389334
0.662
0.127056
0.662
0.54967
0.662
0.662
0.662
0.356953
0.662
0.662
0.662
0.662
0.662
0.662
0.662
0.662
0.662
0.452272
0.480465
0.09389
0.205624
0.662
0.258787
0.492537
0.348379
0.323384
0.515902
0.662
0.662
0.358406
0.200973
0.207447
0.132491
0.662
0.265231
0.662
0.304019
0.531496
0.662
0.447472
0.262844
0.393211
0.0604746
0.420322
0.193347
0.662
0.393774
0.417609
0.244807
0.148353
0.201545
0.468496
0.662
0.402445
0.091229
0.0410015
0.662
0.662
0.662
0.25203
0.291102
0.662
0.662
0.662
0.346074
0.477035
0.0983927
0.662
0.662
0.121275
0.662
0.662
0.662
0.662
0.197592
0.662
0.125114
0.662
0.203433
0.662
0.662
0.662
0.043089
0.662
0.495812
0.0834136
0.662
0.662
0.662
0.662
0.127098
0.604805
0.576744
0.188491
0.32034
0.450011
0.662
0.662
0.662
0.662
0.662
0.662
0.662
0.406269
0.218947
0.662
0.0246424
0.235022
0.398864
0.104618
0.226911
0.662
0.306339
0.00721561
0.210849
0.662
0.117416
0.202067
0.516674
0.213575
0.662
0.662
0.662
0.262146
0.662
0.662
0.413703
0.662
0.243762
0.146422
0.143629
0.0501201
0.00827191
0.662
0.375328
0.104708
0.662
0.398835
0.35097
0.662
0.27729
0.474574
0.111295
0.28347
0.662
0.281906
0.132533
0.111988
0.252765
0.662
0.333282
0.662
0.662
0.662
0.662
0.373732
0.662
0.0435819
0.662
0.662
0.662
0.365527
0.165175
0.366729
0.370932
0.662
0.662
0.0890292
0.662
0.662
0.662
0.330953
0.662
0.662
0.38268
0.662
0.0944639
0.662
0.475743
0.0517634
0.0751917
0.662
0.662
0.662
0.662
0.662
0.662
0.662
0.185001
0.30093
0.362678
0.662
0.662
0.662
0.662
0.662
0.662
0.39268
0.398461
0.662
0.0586572
0.662
0.396988
0.0817697
0.330084
0.00611091
0.662
0.662
0.514107
0.303143
0.662
0.662
0.662
0.111147
0.0414387
0.662
0.0617262
0.215271
0.124551
0.662
0.20502
0.231767
0.235726
0.332292
0.662
0.662
0.662
0.448991
0.411606
0.329972
0.35515
0.056806
0.300327
0.662
0.662
0.662
0.662
0.662
0.662
0.242233
0.662
0.0313524
0.53654
0.662
0.662
0.662
0.662
0.346482
0.0468408
0.662
0.662
0.662
0.333695
0.138345
0.346138
0.123654
0.375664
0.318691
0.662
0.335649
0.662
0.519181
0.0264361
0.662
0.662
0.35036
0.368068
0.0388071
0.436377
0.0508248
0.662
0.0875908
0.662
0.662
0.662
0.662
0.23141
0.112709
0.662
0.322415
0.331452
0.662
0.662
0.662
0.662
0.114446
0.0157668
0.662
0.0705324
0.662
0.13656
0.662
0.662
0.446575
0.117031
0.662
0.662
0.319308
0.662
0.0851053
0.662
0.662
0.662
0.387292
0.50127
0.398817
0.662
0.61645
0.662
0.463009
0.416477
0.446655
0.662
0.113281
0.662
0.662
0.205732
0.0877721
0.0770233
0.662
0.662
0.371557
0.662
0.285598
0.216124
0.318123
0.0263701
0.662
0.662
0.252424
0.662
0.196708
0.662
0.662
0.662
0.465015
0.388576
0.662
0.479157
0.268475
0.00399367
0.662
0.13614
0.662
0.662
0.662
0.662
0.662
0.662
0.662
0.662
0.662
0.21058
0.662
0.662
0.662
0.662
0.662
0.662
0.662
0.0171569
0.662
0.315801
0.568861
0.662
0.591651
0.0692605
0.662
0.662
0.662
0.144646
0.190104
0.0500676
0.612929
0.662
0.662
0.466371
0.0839834
0.662
0.625214
0.532616
0.662
0.662
0.0565105
0.13561
0.662
0.662
0.662
0.662
0.259997
0.662
0.16466
0.662
0.662
0.662
0.662
0.662
0.464655
0.51531
0.662
0.662
0.662
0.403229
0.224557
0.427292
0.145971
0.0995921
0.0207472
0.662
0.206609
0.448266
0.662
0.662
0.662
0.662
0.503536
0.662
0.43026
0.662
0.662
0.662
0.662
0.206109
0.257752
0.437436
0.662
0.444858
0.662
0.662
0.662
0.370835
0.662
0.0617095
0.662
0.111073
0.662
0.662
0.0449144
0.662
0.662
0.662
0.662
0.662
0.0464783
0.400579
0.130336
0.190371
0.662
0.662
0.662
0.662
0.662
0.163475
0.429233
0.193409
0.662
0.662
0.662
0.662
0.154372
0.460113
0.662
0.662
0.183583
0.662
0.226534
0.662
0.320851
0.662
0.215498
0.662
0.662
0.14341
0.662
0.662
0.362515
0.662
0.662
0.662
0.403379
0.217325
0.662
0.479678
0.194533
0.662
0.26968
0.460286
0.217833
0.214435
0.662
0.44808
0.137503
0.662
0.0699168
0.312689
0.662
0.226934
0.662
0.662
0.192599
0.662
0.662
0.467684
0.0792363
0.0194082
0.662
0.662
0.303015
0.662
0.662
0.662
0.403009
0.662
0.0250128
0.276198
0.662
0.432428
0.662
0.662
0.662
0.662
0.0756797
0.197704
0.192322
0.662
0.662
0.226043
0.375696
0.662
0.115595
0.201704
0.662
0.662
0.420586
0.662
0.238487
0.662
0.59291
0.662
0.351981
0.203782
0.662
0.191717
0.344527
0.662
0.30934
0.219047
0.228969
0.238362
0.154941
0.309865
0.662
0.0604276
0.00704579
0.662
0.187859
0.662
0.662
0.662
0.288234
0.662
0.00955458
0.662
0.662
0.662
0.662
0.662
0.662
0.662
0.662
0.662
0.662
0.662
0.662
0.662
0.662
