0.228935
0.0830837
0.662
0.662
0.662
0.472672
0.280874
0.662
0.662
0.193993
0.257248
0.662
0.662
0.0274217
0.367404
0.34635
0.662
0.377115
0.662
0.481133
0.416724
0.0225901
0.142917
0.326161
0.480736
0.0631263
0.200897
0.262228
0.662
0.00814175
0.457813
0.662
0.0862107
0.662
0.151007
0.34349
0.352007
0.10086
0.0169504
0.114777
0.662
0.474881
0.0536467
0.284389
0.662
0.662
0.662
0.662
0.48985
0.662
0.662
0.662
0.0713625
0.662
0.662
0.183619
0.294929
0.140205
0.662
0.443119
0.662
0.418754
0.662
0.662
0.662
0.384144
0.314959
0.662
0.662
0.319246
0.662
0.662
0.13242
0.662
0.662
0.662
0.662
0.204653
0.662
0.467416
0.231643
0.24246
0.662
0.662
0.0467058
0.448225
0.662
0.406794
0.662
0.662
0.662
0.662
0.662
0.662
0.662
0.662
0.237772
0.662
0.662
0.516684
0.59719
0.182201
0.477003
0.662
0.402141
0.662
0.662
0.662
0.662
0.662
0.662
0.662
0.115343
0.662
0.662
0.662
0.256842
0.662
0.662
0.105665
0.662
0.662
0.444683
0.0047628
0.662
0.662
0.160088
0.325358
0.662
0.662
0.186291
0.353924
0.662
0.662
0.662
0.662
0.18953
0.662
0.662
0.590287
0.662
0.662
0.019455
0.562018
0.662
0.465315
0.662
0.0585581
0.662
0.465171
0.20453
0.662
0.221449
0.662
0.662
0.662
0.528916
0.495639
0.662
0.662
0.662
0.432685
0.662
0.662
0.662
0.662
0.371284
0.437782
0.341869
0.662
0.662
0.142132
0.662
0.42876
0.206731
0.210671
0.662
0.662
0.199403
0.662
0.662
0.149896
0.334949
0.344567
0.432146
0.662
0.288566
0.14613
0.662
0.0330034
0.662
0.247065
0.662
0.662
0.400789
0.107319
0.662
0.662
0.662
0.396943
0.662
0.513384
0.662
0.266673
0.662
0.194005
0.662
0.252538
0.0420152
0.662
0.662
0.662
0.662
0.156781
0.200984
0.662
0.662
0.0917941
0.662
0.662
0.434688
0.662
0.662
0.657998
0.182437
0.662
0.541079
0.662
0.662
0.621966
0.662
0.662
0.0098765
0.284027
0.271179
0.662
0.662
0.280007
0.662
0.662
0.662
0.662
0.662
0.662
0.107613
0.662
0.4899
0.0568154
0.662
0.662
0.219748
0.662
0.662
0.381555
0.166836
0.662
0.549971
0.472913
0.502022
0.662
0.0806681
0.662
0.662
0.662
0.662
0.299323
0.464171
0.662
0.662
0.662
0.662
0.662
0.662
0.662
0.662
0.0669635
0.662
0.662
0.662
0.662
0.662
0.169669
0.512762
0.224778
0.180234
0.662
0.358084
0.397151
0.195112
0.662
0.662
0.662
0.0172039
0.662
0.190633
0.111479
0.449497
0.662
0.323146
0.662
0.662
0.112591
0.110165
0.27124
0.662
0.240471
0.188728
0.280676
0.391752
0.212298
0.662
0.165673
0.662
0.449299
0.662
0.436273
0.662
0.662
0.662
0.662
0.662
0.123806
0.475706
0.235869
0.662
0.312282
0.662
0.271361
0.662
0.413893
0.367031
0.662
0.386805
0.406304
0.662
0.662
0.427366
0.662
0.331392
0.168904
0.662
0.662
0.662
0.398505
0.175869
0.0548332
0.662
0.186779
0.662
0.393795
0.407942
0.662
0.662
0.662
0.101796
0.266177
0.662
0.15442
0.444618
0.662
0.459348
0.410939
0.0721485
0.446177
0.662
0.511939
0.657393
0.662
0.662
0.120197
0.662
0.662
0.662
0.662
0.662
0.581544
0.352541
0.662
0.42902
0.14985
0.416177
0.662
0.662
0.124211
0.662
0.662
0.662
0.247459
0.662
0.433416
0.662
0.475589
0.662
0.662
0.662
0.290467
0.302859
0.259753
0.25108
0.662
0.155952
0.212573
0.662
0.662
0.662
0.104145
0.662
0.662
0.662
0.0766484
0.295243
0.485403
0.351697
0.662
0.0630911
0.107653
0.662
0.662
0.662
0.0597341
0.662
0.200412
0.355897
0.662
0.662
0.445648
0.14176
0.200385
0.122108
0.662
0.662
0.550419
0.134217
0.366619
0.186566
0.662
0.549405
0.0188745
0.285712
0.498702
0.0241543
0.662
0.255258
0.662
0.478338
0.236027
0.662
0.662
0.153528
0.203307
0.662
0.389431
0.662
0.662
0.128441
0.28211
0.662
0.662
0.318106
0.532347
0.329346
0.0326473
0.662
0.271708
0.662
0.662
0.662
0.188379
0.662
0.138529
0.662
0.121853
0.662
0.662
0.662
0.517605
0.662
0.662
0.24728
0.662
0.527871
0.319673
0.399183
0.662
0.662
0.37081
0.388195
0.662
0.192713
0.0906952
0.373625
0.662
0.0573429
0.662
0.662
0.210225
0.662
0.662
0.47606
0.662
0.662
0.662
0.340527
0.662
0.662
0.662
0.469479
0.662
0.466384
0.662
0.470506
0.662
0.431059
0.662
0.0473138
0.171616
0.123163
0.173312
0.662
0.662
0.21932
0.662
0.02741
0.416848
0.662
0.277209
0.342557
0.396476
0.662
0.129725
0.662
0.662
0.473709
0.647122
0.00686432
0.662
0.662
0.662
0.129526
0.662
0.473992
0.662
0.662
0.270979
0.662
0.662
0.629371
0.662
0.391613
0.662
0.00452316
0.662
0.206145
0.662
0.469309
0.662
0.662
0.662
0.0807261
0.203356
0.662
0.662
0.662
0.117001
0.662
0.662
0.662
0.662
0.0296807
0.662
0.662
0.662
0.417126
0.0584152
0.379329
0.662
0.662
0.289148
0.334579
0.662
0.129582
0.0958768
0.292068
0.0499679
0.662
0.662
0.0489607
0.662
0.662
0.662
0.243192
0.32544
0.662
0.273091
0.0964233
0.283251
0.506048
0.336632
0.662
0.662
0.575762
0.662
0.662
0.0939125
0.662
0.662
0.280703
0.0911241
0.662
0.662
0.662
0.144755
0.662
0.662
0.259575
0.662
0.662
0.662
0.216754
0.662
0.357242
0.332923
0.662
0.302432
0.662
0.150399
0.186319
0.0600937
0.212021
0.662
0.0813417
0.390632
0.662
0.662
0.662
0.662
0.662
0.413434
0.662
0.662
0.662
0.275951
0.0121591
0.423186
0.662
0.662
0.251606
0.662
0.662
0.662
0.662
0.122294
0.662
0.463797
0.662
0.662
0.322279
0.202966
0.662
0.448573
0.662
0.245759
0.662
0.0469594
0.417961
0.511834
0.662
0.377532
0.383879
0.283757
0.366246
0.181094
0.662
0.2567
0.396541
0.662
0.267093
0.662
0.0581981
0.126539
0.662
0.198203
0.185552
0.313851
0.475651
0.139464
0.378446
0.385813
0.120335
0.662
0.662
0.662
0.662
0.363544
0.0425073
0.463294
0.662
0.662
0.154238
0.412989
0.662
0.662
0.662
0.662
0.662
0.662
0.516688
0.354822
0.662
0.359989
0.0898813
0.573534
0.662
0.146379
0.662
0.313451
0.247741
0.662
0.0827279
0.381743
0.662
0.343171
0.662
0.260335
0.662
0.662
0.662
0.662
0.448687
0.662
0.460646
0.343208
0.662
0.662
0.662
0.20886
0.662
0.662
0.129486
0.662
0.662
0.662
0.662
0.0573263
0.0674946
0.662
0.517471
0.662
0.483815
0.662
0.662
0.57193
0.662
0.662
0.250491
0.662
0.662
0.0946338
0.560049
0.662
0.0880851
0.151681
0.662
0.662
0.662
0.0650199
0.662
0.219964
0.108393
0.463722
0.382852
0.0896049
0.101889
0.662
0.662
0.662
0.662
0.662
0.32652
0.662
0.489613
0.662
0.662
0.662
0.662
0.662
0.662
0.621867
0.0349664
0.662
0.662
0.504185
0.435588
0.662
0.662
0.202105
0.379893
0.662
0.363016
0.423915
0.662
0.181222
0.662
0.40192
0.662
0.400866
0.662
0.662
0.662
0.249476
0.351103
0.662
0.662
0.662
0.662
0.341186
0.398955
0.00935337
0.183357
0.466281
0.662
0.11086
0.662
0.215136
0.429041
0.18151
0.662
0.662
0.0879082
0.356171
0.662
0.0826778
0.662
0.0941702
0.662
0.662
0.662
0.28901
0.139598
0.217991
0.662
0.410886
0.197908
0.630945
0.662
0.662
0.662
0.662
0.172016
0.662
0.662
0.214558
0.662
0.662
0.2435
0.145394
0.397995
0.113663
0.662
0.048375
0.662
0.662
0.301057
0.37383
0.662
0.102854
0.185504
0.127778
0.287915
0.662
0.401455
0.662
0.662
0.662
0.347043
0.662
0.244302
0.342511
0.434581
0.0520027
0.662
0.662
0.662
0.662
0.262018
0.312881
0.662
0.662
0.366368
0.230303
0.193092
0.436971
0.662
0.329146
0.662
0.662
0.184381
0.247919
0.00328768
0.662
0.662
0.662
0.662
0.652327
0.126989
0.130647
0.662
0.202229
0.662
0.662
0.0753243
0.662
0.222783
0.370179
0.662
0.176742
0.662
0.313016
0.662
0.662
0.662
0.233011
0.662
0.662
0.662
0.662
0.662
0.662
0.662
0.0216662
0.28802
0.662
0.461958
0.662
0.662
0.662
0.241268
0.662
0.202272
0.662
0.662
0.662
0.662
0.301207
0.492845
0.245319
0.192018
0.466183
0.662
0.662
0.0463163
0.662
0.662
0.0287283
0.662
0.662
0.309764
0.219325
0.0181354
0.476821
0.0945222
0.662
0.258081
0.452641
0.0468965
0.662
0.384294
0.35972
0.484279
0.662
0.662
0.173107
0.662
0.432963
0.275847
0.391959
0.395798
0.662
0.662
0.662
0.662
0.662
0.293104
0.179874
0.233062
0.662
0.662
0.226999
0.242965
0.662
0.0746932
0.374932
0.662
0.462758
0.233852
0.662
0.305436
0.0717482
0.662
0.230233
0.662
0.662
0.071644
0.317693
0.662
0.45831
0.0555453
0.662
0.398179
0.452235
0.49648
0.475192
0.491128
0.0851915
0.662
0.347892
0.662
0.662
0.426618
0.19716
0.662
0.662
0.662
0.662
0.241235
0.327887
0.662
0.662
0.424722
0.285808
0.405036
0.260068
0.286139
0.662
0.662
0.662
0.252745
0.662
0.662
0.331492
0.371652
0.0355302
0.662
0.662
0.579425
0.408254
0.044118
0.662
0.273647
0.0612525
0.662
0.662
0.662
0.093077
0.391779
0.506566
0.662
0.504194
0.662
0.662
0.662
0.662
0.662
0.662
0.251015
0.401647
0.33837
0.540948
0.662
0.662
0.662
0.662
0.662
0.2693
0.143841
0.662
0.266879
0.662
0.662
0.662
0.662
0.224745
0.37933
0.459437
0.662
0.434551
0.662
0.383978
0.662
0.662
0.662
0.19734
0.662
0.247475
0.0474263
0.662
0.540861
0.662
0.662
0.112316
0.662
0.662
0.662
0.256934
0.662
0.452882
0.0962499
0.153399
0.662
0.662
0.662
0.237011
0.662
0.662
0.14655
0.662
0.432398
0.662
0.0372279
0.662
0.662
0.662
0.145338
0.662
0.0291853
0.662
0.662
0.662
0.181382
0.662
0.662
0.662
0.247628
0.662
0.0856284
0.662
0.420368
0.662
0.662
0.662
0.662
0.192029
0.662
0.419196
0.336824
0.27183
0.662
0.662
0.0204677
0.204897
0.152275
0.258697
0.56657
0.662
0.223565
0.370267
0.595991
0.662
0.09459
0.662
0.472363
0.662
0.662
0.662
0.191263
0.662
0.288308
0.445846
0.662
0.37088
0.324242
0.662
0.345979
0.662
0.662
0.662
0.662
0.223457
0.309088
0.390612
0.662
0.171606
0.370581
0.389573
0.228507
0.283579
0.0597009
0.454105
0.272457
0.662
0.115596
0.185133
0.280837
0.662
0.195798
0.662
0.0498563
0.301667
0.662
0.662
0.228526
0.662
0.313636
0.662
0.662
0.356896
0.309587
0.662
0.349644
0.539405
0.338757
0.662
0.662
0.458127
0.309784
