0.662
0.662
0.400524
0.662
0.462894
0.262844
0.117031
0.32248
0.531201
0.662
0.109358
0.662
0.662
0.662
0.281906
0.439772
0.2417
0.662
0.662
0.252424
0.662
0.44808
0.266197
0.23141
0.662
0.411606
0.662
0.662
0.662
0.662
0.303143
0.0157668
0.662
0.260939
0.662
0.0338836
0.662
0.662
0.137503
0.331452
0.0890292
0.375664
0.662
0.00427782
0.662
0.226534
0.0699168
0.216124
0.662
0.662
0.662
0.403229
0.662
0.662
0.431959
0.662
0.364827
0.662
0.0983927
0.184305
0.662
0.139428
0.318704
0.249912
0.333695
0.332292
0.106783
0.140879
0.467684
0.318691
0.0346447
0.662
0.056806
0.234038
0.194533
0.662
0.662
0.452024
0.410808
0.662
0.662
0.662
0.0131477
0.662
0.662
0.315801
0.662
0.662
0.662
0.210265
0.662
0.291102
0.662
0.420322
0.127098
0.662
0.662
0.16466
0.0631012
0.195504
0.662
0.128365
0.662
0.444858
0.662
0.662
0.662
0.0478251
0.662
0.662
0.662
0.460113
0.464655
0.393211
0.433347
0.0764007
0.43026
0.320851
0.662
0.662
0.475743
0.0517634
0.662
0.59291
0.332409
0.662
0.662
0.177591
0.662
0.238362
0.464954
0.662
0.121275
0.447472
0.411947
0.662
0.662
0.662
0.662
0.662
0.662
0.633391
0.662
0.441394
0.662
0.662
0.0337168
0.393446
0.043089
0.662
0.662
0.662
0.284873
0.662
0.662
0.368068
0.184685
0.217321
0.662
0.662
0.475025
0.662
0.662
0.226911
0.0414387
0.375696
0.0995921
0.323384
0.306339
0.389334
0.315588
0.662
0.662
0.113281
0.282446
0.662
0.138345
0.662
0.662
0.662
0.662
0.662
0.482845
0.482512
0.39268
0.500177
0.285598
0.461416
0.516674
0.0180131
0.662
0.371557
0.409148
0.446575
0.662
0.00474551
0.0246424
0.0759972
0.662
0.662
0.49802
0.662
0.199698
0.662
0.662
0.662
0.662
0.63339
0.205732
0.662
0.448122
0.208952
0.662
0.662
0.217833
0.662
0.662
0.662
0.662
0.662
0.0264361
0.662
0.662
0.662
0.247616
0.302352
0.246101
0.243762
0.662
0.662
0.662
0.112709
0.320125
0.239209
0.662
0.132491
0.662
0.333282
0.662
0.11125
0.662
0.662
0.00955458
0.0667352
0.154372
0.662
0.662
0.662
0.281936
0.286423
0.662
0.662
0.187859
0.0468408
0.662
0.197695
0.662
0.0944639
0.662
0.662
0.662
0.38268
0.390497
0.448266
0.339835
0.662
0.218947
0.662
0.662
0.251313
0.362678
0.662
0.331875
0.19298
0.141807
0.382212
0.0907649
0.662
0.662
0.452392
0.662
0.387292
0.662
0.662
0.662
0.413703
0.662
0.345167
0.662
0.612929
0.662
0.231767
0.190104
0.662
0.662
0.0500676
0.446655
0.344527
0.21058
0.662
0.186185
0.219945
0.662
0.20502
0.662
0.662
0.224557
0.0497516
0.27729
0.662
0.662
0.662
0.662
0.662
0.0819197
0.373732
0.662
0.0366362
0.662
0.0147325
0.0590318
0.662
0.662
0.400579
0.398864
0.0866875
0.479714
0.459216
0.53654
0.662
0.662
0.662
0.00704579
0.662
0.662
0.662
0.662
0.503536
0.0250128
0.0692605
0.662
0.662
0.662
0.365527
0.242233
0.0274946
0.662
0.662
0.662
0.662
0.662
0.219047
0.662
0.662
0.184142
0.143629
0.125114
0.662
0.662
0.662
0.662
0.329972
0.662
0.662
0.40926
0.448991
0.0263701
0.662
0.662
0.662
0.286415
0.658006
0.662
0.662
0.396988
0.393774
0.0875908
0.662
0.662
0.662
0.662
0.398835
0.662
0.0756797
0.477035
0.61645
0.183583
0.662
0.662
0.421065
0.662
0.662
0.662
0.471105
0.623681
0.662
0.662
0.662
0.662
0.235022
0.259997
0.662
0.662
0.00721561
0.279059
0.662
0.662
0.662
0.662
0.237268
0.662
0.228969
0.662
0.26968
0.148353
0.3843
0.662
0.662
0.662
0.662
0.662
0.350087
0.662
0.304019
0.662
0.662
0.370217
0.0207472
0.662
0.176398
0.662
0.356953
0.242763
0.402782
0.18602
0.662
0.398461
0.468496
0.662
0.662
0.514107
0.662
0.662
0.150964
0.662
0.662
0.102442
0.662
0.662
0.662
0.662
0.662
0.662
0.662
0.18787
0.662
0.276198
0.27622
0.662
0.419609
0.662
0.662
0.662
0.662
0.662
0.206609
0.123654
0.177689
0.662
0.662
0.662
0.30354
0.208721
0.662
0.662
0.568861
0.662
0.177482
0.163475
0.662
0.130336
0.0604746
0.348379
0.172326
0.662
0.662
0.662
0.479678
0.662
0.662
0.193347
0.662
0.00611091
0.0171569
0.298068
0.375328
0.662
0.0770233
0.402445
0.348793
0.160499
0.662
0.662
0.662
0.662
0.662
0.420915
0.662
0.35097
0.662
0.294732
0.662
0.662
0.236902
0.662
0.0586572
0.662
0.662
0.662
0.476588
0.662
0.0535191
0.662
0.662
0.312707
0.662
0.662
0.662
0.662
0.662
0.244954
0.406269
0.662
0.662
0.048337
0.662
0.662
0.205624
0.662
0.662
0.200326
0.460286
0.178214
0.662
0.662
0.662
0.662
0.372087
0.662
0.124551
0.662
0.662
0.48795
0.272604
0.594778
0.662
0.662
0.378723
0.662
0.662
0.662
0.662
0.662
0.662
0.159348
0.215271
0.318971
0.111295
0.24255
0.662
0.662
0.662
0.50127
