0.243762
0.662
0.662
0.662
0.662
0.662
0.400524
0.0500676
0.246787
0.662
0.662
0.0605719
0.662
0.662
0.184177
0.300329
0.390442
0.662
0.131076
0.132628
0.662
0.439772
0.662
0.475743
0.238362
0.113281
0.662
0.234038
0.350087
0.21058
0.099233
0.0575921
0.660129
0.0392506
0.311154
0.464655
0.662
0.662
0.424257
0.662
0.662
0.662
0.662
0.662
0.662
0.662
0.439501
0.0180131
0.662
0.662
0.662
0.298068
0.662
0.186558
0.662
0.386278
0.662
0.435898
0.662
0.111147
0.055921
0.178214
0.182168
0.662
0.615915
0.662
0.662
0.662
0.285572
0.228595
0.0590318
0.662
0.27622
0.331452
0.662
0.662
0.161287
0.662
0.662
0.352612
0.662
0.0890292
0.662
0.662
0.13477
0.662
0.662
0.662
0.473512
0.227418
0.0299288
0.264231
0.662
0.399943
0.0586767
0.662
0.662
0.662
0.594778
0.291102
0.662
0.399432
0.662
0.120447
0.662
0.662
0.662
0.0206328
0.198106
0.208205
0.260911
0.260939
0.327483
0.662
0.662
0.0632294
0.323384
0.662
0.0246424
0.379494
0.662
0.662
0.662
0.286423
0.662
0.662
0.266802
0.13561
0.662
0.151913
0.662
0.000904606
0.177482
0.0708168
0.662
0.413987
0.16829
0.159151
0.662
0.332292
0.662
0.662
0.662
0.662
0.662
0.542195
0.459674
0.409763
0.249912
0.237268
0.0983927
0.484874
0.662
0.662
0.448991
0.662
0.0341401
0.662
0.224557
0.364147
0.479714
0.662
0.239209
0.554004
0.662
0.662
0.111295
0.662
0.662
0.662
0.662
0.568861
0.662
0.205898
0.026014
0.121014
0.247538
0.662
0.120536
0.165003
0.662
0.279059
0.125114
0.662
0.446575
0.662
0.662
0.362749
0.118663
0.187859
0.0489882
0.221739
0.662
0.662
0.662
0.328276
0.154161
0.378723
0.662
0.267821
0.662
0.600282
0.132491
0.0280538
0.177689
0.662
0.662
0.372087
0.455275
0.491894
0.662
0.452024
0.413703
0.0496836
0.0732437
0.0195518
0.0856067
0.662
0.205732
0.183693
0.15256
0.662
0.662
0.662
0.333695
0.662
0.662
0.662
0.662
0.662
0.662
0.167692
0.662
0.12757
0.662
0.662
0.34171
0.467684
0.662
0.662
0.048337
0.662
0.662
0.662
0.662
0.0944639
0.00459713
0.117031
0.662
0.662
0.199698
0.61645
0.662
0.294732
0.0147325
0.0280367
0.00721561
0.662
0.662
0.329972
0.662
0.235726
0.662
0.662
0.0612473
0.662
0.662
0.566022
0.662
0.662
0.662
0.662
0.662
0.662
0.287253
0.662
0.662
0.662
0.662
0.286304
0.48795
0.662
0.0338339
0.633694
0.662
0.0535191
0.401166
0.259997
0.141807
0.662
0.662
0.662
0.32248
0.195686
0.662
0.31889
0.281936
0.662
0.15521
0.410808
0.365527
0.546495
0.662
0.281906
0.474645
0.341846
0.154372
0.301023
0.662
0.430834
0.662
0.662
0.469987
0.240222
0.448122
0.662
0.662
0.428802
0.662
0.145828
0.662
0.0411427
0.356953
0.662
0.662
0.446655
0.662
0.662
0.662
0.662
0.662
0.662
0.662
0.358617
0.662
0.00427782
0.662
0.246101
0.269658
0.306339
0.662
0.435323
0.662
0.215271
0.662
0.662
0.662
0.46519
0.138345
0.662
0.662
0.368165
0.662
0.642467
0.662
0.172623
0.662
0.662
0.662
0.420915
0.662
0.662
0.0770233
0.476588
0.337556
0.040669
0.662
0.662
0.662
0.662
0.662
0.0844685
0.662
0.662
0.662
0.116653
0.662
0.662
0.662
0.662
0.35266
0.402445
0.662
0.662
0.662
0.662
0.662
0.378752
0.662
0.662
0.236902
0.150062
0.662
0.662
0.298716
0.662
0.471105
0.662
0.412641
0.110298
0.451258
0.662
0.398835
0.258787
0.178785
0.662
0.366298
0.662
0.662
0.264096
0.662
0.662
0.662
0.662
0.0288236
0.0403041
0.662
0.276198
0.662
0.487587
0.401981
0.662
0.275946
0.473415
0.244954
0.662
0.148257
0.391049
0.144043
0.662
0.662
0.662
0.477035
0.662
0.256471
0.662
0.239684
0.662
0.335358
0.0598606
0.662
0.111897
0.662
0.318242
0.462894
0.662
0.662
0.00955458
0.662
0.252424
0.662
0.371557
0.40949
0.159348
0.419609
0.662
0.662
0.662
0.662
0.286108
0.569002
0.252765
0.662
0.406269
0.00755844
0.662
0.391891
0.662
0.547607
0.662
0.662
0.662
0.662
0.662
0.662
0.455491
0.16466
0.442136
0.662
0.413531
0.662
0.0266769
0.333282
0.662
0.188438
0.523284
0.322469
0.444858
0.325377
0.227027
0.662
0.0383188
0.662
0.662
0.242634
0.140879
0.662
0.416983
0.310362
0.433248
0.14899
0.662
0.430783
0.662
0.662
0.662
0.216124
0.662
0.612929
0.662
0.662
0.0497516
0.662
0.662
0.211888
0.114916
0.195592
0.662
0.193347
0.00483259
0.662
0.027043
0.662
0.662
0.184305
0.0245889
0.662
0.662
0.282446
0.662
0.662
0.274951
0.233008
0.662
0.400579
0.662
0.662
0.662
0.662
0.662
0.662
0.662
0.422777
