0.372545
0.420798
0.210222
0.662
0.252503
0.662
0.157219
0.123886
0.410861
0.662
0.662
0.662
0.314808
0.217414
0.360156
0.662
0.662
0.211906
0.662
0.662
0.662
0.429658
0.443463
0.205346
0.662
0.662
0.217301
0.33967
0.00278841
0.662
0.107921
0.420271
0.662
0.662
0.340541
0.136838
0.282201
0.662
0.662
0.662
0.455569
0.267341
0.35281
0.106635
0.653292
0.662
0.345894
0.662
0.662
0.291707
0.662
0.0063794
0.233036
0.662
0.139919
0.662
0.512217
0.662
0.662
0.662
0.382155
0.662
0.662
0.652732
0.243251
0.662
0.662
0.297945
0.662
0.240105
0.662
0.662
0.469355
0.662
0.0932094
0.662
0.662
0.28205
0.0611076
0.662
0.274969
0.196667
0.662
0.662
0.662
0.306214
0.662
0.662
0.662
0.0196551
0.437723
0.389025
0.541733
0.662
0.662
0.662
0.36255
0.144833
0.662
0.275751
0.0911688
0.662
0.562474
0.0706825
0.662
0.662
0.211405
0.368422
0.00464975
0.261217
0.662
0.662
0.408582
0.528882
0.403476
0.448612
0.205393
0.662
0.662
0.317371
0.337855
0.662
0.283506
0.0512126
0.662
0.662
0.662
0.662
0.662
0.662
0.296738
0.448
0.662
0.0544494
0.140413
0.662
0.455685
0.205535
0.662
0.336985
0.662
0.662
0.662
0.408712
0.662
0.100905
0.662
0.662
0.662
0.662
0.346892
0.662
0.662
0.204226
0.662
0.662
0.662
0.556686
0.174131
0.511225
0.662
0.310467
0.662
0.451311
0.0357635
0.268339
0.327677
0.267062
0.662
0.662
0.662
0.458017
0.662
0.662
0.00531876
0.344778
0.123635
0.662
0.309133
0.662
0.662
0.226636
0.662
0.662
0.662
0.12669
0.662
0.628981
0.662
0.662
0.0552396
0.388926
0.662
0.475935
0.415271
0.662
0.662
0.662
0.0405183
0.174843
0.0425379
0.528109
0.662
0.311342
0.662
0.449751
0.11097
0.296184
0.343263
0.396427
0.662
0.238398
0.662
0.662
0.0338325
0.000576119
0.143529
0.127088
0.439235
0.662
0.662
0.139364
0.662
0.662
0.662
0.205758
0.662
0.662
0.662
0.540851
0.662
0.662
0.662
0.29218
0.662
0.662
0.268658
0.1962
0.294468
0.662
0.215677
0.662
0.662
0.662
0.0562587
0.662
0.662
0.392519
0.662
0.305546
0.662
0.11782
0.662
0.662
0.124763
0.563632
0.289931
0.662
0.427531
0.181846
0.662
0.662
0.662
0.220256
0.241072
0.268251
0.662
0.280572
0.265942
0.662
0.662
0.592352
0.662
0.662
0.3821
0.0439147
0.662
0.662
0.332617
0.662
0.361234
0.222243
0.390097
0.119372
0.603586
0.629706
0.427284
0.208156
0.662
0.286213
0.126928
0.662
0.662
0.516815
0.13268
0.662
0.662
0.662
0.662
0.435304
0.322627
0.662
0.662
0.186622
0.662
0.662
0.662
0.662
0.224302
0.662
0.157135
0.109219
0.662
0.662
0.000563044
0.39572
0.581464
0.662
0.662
0.662
0.662
0.662
0.108123
0.210046
0.23711
0.662
0.662
0.130631
0.662
0.662
0.37651
0.662
0.662
0.662
0.508558
0.135841
0.662
0.662
0.662
0.662
0.662
0.662
0.662
0.662
0.662
0.662
0.662
0.662
0.662
0.309446
0.662
0.447484
0.662
0.147868
0.192855
0.662
0.272009
0.291301
0.662
0.662
0.662
0.304419
0.662
0.662
0.662
0.662
0.662
0.128338
0.662
0.15986
0.662
0.662
0.662
0.148843
0.142289
0.216911
0.662
0.662
0.662
0.426489
0.338808
0.021902
0.662
0.214502
0.0700359
0.662
0.496781
0.662
0.662
0.662
0.279403
0.662
0.662
0.602145
0.393892
0.149347
0.662
0.148105
0.460351
0.662
0.662
