0.662
0.662
0.118382
0.662
0.662
0.24609
0.312399
0.126965
0.613791
0.0693971
0.0617458
0.662
0.140573
0.0110652
0.662
0.414494
0.0153468
0.662
0.662
0.662
0.662
0.190815
0.0308847
0.662
0.662
0.662
0.662
0.462361
0.183211
0.662
0.662
0.0723596
0.662
0.450802
0.662
0.662
0.662
0.662
0.275914
0.662
0.49427
0.392474
0.0395335
0.662
0.662
0.0736961
0.499121
0.305857
0.662
0.362441
0.662
0.662
0.662
0.662
0.114696
0.662
0.662
0.207628
0.551679
0.30454
0.365019
0.662
0.662
0.212905
0.662
0.553213
0.662
0.662
0.662
0.662
0.662
0.662
0.501134
0.662
0.235593
0.508573
0.0217327
0.662
0.238907
0.568227
0.662
0.244535
0.346651
0.164339
0.662
0.662
0.40592
0.63339
0.662
0.662
0.473349
0.662
0.258806
0.662
0.411141
0.662
0.662
0.043278
0.662
0.662
0.0339176
0.662
0.662
0.662
0.662
0.662
0.469437
0.286738
0.662
0.662
0.662
0.662
0.0429622
0.439074
0.363191
0.662
0.662
0.446872
0.362163
0.662
0.662
0.662
0.662
0.662
0.662
0.238483
0.662
0.349564
0.662
0.210708
0.115641
0.662
0.662
0.444772
0.662
0.212515
0.662
0.295501
0.0466911
0.154408
0.125263
0.662
0.662
0.662
0.662
0.662
0.219237
0.662
0.662
0.662
0.662
0.662
0.0805984
0.47591
0.662
0.386101
0.662
0.0879655
0.662
0.283232
0.662
0.662
0.662
0.662
0.662
0.330522
0.585785
0.662
0.662
0.125194
0.495368
0.384271
0.662
0.662
0.662
0.662
0.241927
0.127057
0.406527
0.662
0.193369
0.00526203
0.368539
0.662
0.289479
0.662
0.662
0.421515
0.364475
0.662
0.662
0.0968581
0.0395202
0.662
0.624937
0.0262691
0.662
0.662
0.662
0.289577
0.662
0.662
0.0361972
0.662
0.256256
0.328156
0.662
0.662
0.438467
0.449266
0.446356
0.662
0.662
0.662
0.662
0.186717
0.219934
0.0911554
0.662
0.0727262
0.293795
0.662
0.662
0.662
0.56402
0.662
0.474599
0.32497
0.662
0.662
0.434998
0.285476
0.662
0.428709
0.662
0.0849731
0.662
0.484195
0.0070517
0.662
0.662
0.662
0.662
0.562204
0.662
0.662
0.290655
0.662
0.662
0.662
0.662
0.662
0.655621
0.0121638
0.365509
0.55549
0.662
0.662
0.114522
0.0289135
0.662
0.286058
0.331359
0.662
0.348994
0.662
0.662
0.114827
0.662
0.662
0.534063
0.662
0.662
0.662
0.662
0.662
0.158585
0.662
0.0656794
0.500527
0.213097
0.662
0.662
0.23998
0.14755
0.363681
0.107242
0.52989
0.662
0.662
0.00896919
0.0409769
0.332037
0.662
0.294372
0.543904
0.350296
0.662
0.183142
0.16169
0.662
0.662
0.662
0.317937
0.662
0.0198472
0.662
0.0538693
0.47247
0.29685
0.662
0.2439
0.342362
0.662
0.386575
0.662
0.289231
0.662
0.144244
0.662
0.153309
0.411176
0.662
0.662
0.422544
0.0140774
0.662
0.275046
0.549204
0.662
0.3689
0.662
0.662
0.332096
0.662
0.0570811
0.262906
0.330883
0.662
0.172827
0.662
0.261276
0.662
0.662
0.662
0.356135
0.662
0.419399
0.32859
0.453683
0.420201
0.232503
0.662
0.470726
0.0743646
0.159033
0.662
0.662
0.662
0.662
0.138922
0.662
0.391051
0.132083
0.662
0.662
0.662
0.382618
0.439041
0.104542
0.662
0.277527
0.267336
0.317586
0.103828
0.662
0.662
0.0606815
0.275305
0.364767
0.194162
0.662
0.209496
0.0526588
0.0946174
0.169114
0.662
0.662
0.268308
0.27294
0.662
0.344575
0.662
0.406247
0.662
0.662
0.496686
0.662
0.662
0.662
0.33493
0.0998015
0.0774178
0.329158
0.444854
0.125947
0.0871442
0.662
0.430938
0.662
0.609027
0.387822
0.662
0.662
0.662
0.662
0.234891
0.662
0.414745
0.662
0.662
0.662
0.662
0.423939
0.662
0.175328
0.662
0.117912
0.662
0.662
0.409486
0.662
0.662
0.366297
0.662
0.163658
0.662
0.662
0.466778
0.239033
0.514274
0.662
0.662
0.662
0.169937
0.662
0.662
0.286553
0.150619
0.375597
0.110309
0.662
0.662
0.504539
0.362561
0.662
0.662
0.0159385
