0.123886
0.207249
0.336985
0.662
0.235629
0.662
0.169672
0.662
0.662
0.662
0.662
0.662
0.662
0.662
0.000576119
0.662
0.662
0.662
0.662
0.662
0.662
0.662
0.491704
0.236161
0.128715
0.662
0.093325
0.293717
0.662
0.662
0.662
0.662
0.662
0.186622
0.342849
0.662
0.662
0.662
0.309133
0.662
0.392519
0.662
0.0276142
0.662
0.662
0.662
0.662
0.170217
0.243792
0.662
0.662
0.0358663
0.662
0.33967
0.662
0.662
0.662
0.662
0.662
0.662
0.662
0.323619
0.662
0.395967
0.662
0.662
0.37191
0.167788
0.33884
0.662
0.0955558
0.662
0.429092
0.662
0.662
0.649919
0.662
0.662
0.662
0.421014
0.110501
0.267062
0.662
0.334823
0.108331
0.268658
0.662
0.260606
0.662
0.662
0.242964
0.662
0.662
0.662
0.0155683
0.662
0.662
0.00278841
0.396139
0.662
0.21157
0.00531876
0.662
0.662
0.662
0.190883
0.662
0.662
0.370715
0.552834
0.662
0.426489
0.304776
0.662
0.283506
0.517683
0.148843
0.491218
0.662
0.431184
0.662
0.662
0.500789
0.662
0.662
0.662
0.26628
0.662
0.0315849
0.614589
0.225496
0.0439147
0.662
0.289931
0.662
0.662
0.662
0.662
0.300508
0.662
0.263716
0.473539
0.337999
0.662
0.662
0.309446
0.170183
0.399968
0.18457
0.465093
0.662
0.123635
0.662
0.0550469
0.325274
0.662
0.662
0.662
0.313131
0.108814
0.662
0.662
0.0163351
0.40928
0.662
0.480381
0.233288
0.454921
0.662
0.662
0.581464
0.662
0.396427
0.662
0.662
0.147868
0.339298
0.662
0.662
0.438422
0.226889
0.662
0.662
0.438305
0.662
0.662
0.662
0.662
0.158632
0.662
0.310467
0.662
0.126928
0.662
0.279725
0.0795163
0.516815
0.662
0.29044
0.248378
0.662
0.662
0.014146
0.603586
0.662
0.662
0.0382777
0.662
0.4757
0.662
0.662
0.199803
0.175588
0.630523
0.0611076
0.662
0.563632
0.310047
0.248303
0.662
0.208156
0.662
0.415271
0.000608903
0.296903
0.662
0.662
0.290361
0.427284
0.662
0.30677
0.662
0.275751
0.662
0.662
0.464605
0.662
0.549904
0.445612
0.662
0.228805
0.0237724
0.107287
0.662
0.662
0.662
0.0715465
0.662
0.662
0.210805
0.409285
0.662
0.435961
0.38031
0.662
0.662
0.128338
0.298689
0.196267
0.662
0.101183
0.662
0.395036
0.413345
0.662
0.447484
0.174131
0.435924
0.488609
0.662
0.662
0.662
0.662
0.662
0.662
0.662
0.662
0.0536181
0.662
0.398866
0.281918
0.366835
0.12669
0.662
0.662
0.662
0.662
0.662
0.662
0.662
0.662
0.303373
0.662
0.662
0.0366454
0.302545
0.472997
0.662
0.662
0.662
0.469355
0.662
0.00630989
0.277662
0.662
0.256237
0.226344
0.264428
0.662
0.662
0.211906
0.440147
0.34243
0.238554
0.662
0.662
0.297945
0.662
0.662
0.165325
0.662
0.303878
0.662
0.200149
0.662
0.662
0.129618
0.21484
0.662
0.241072
0.302515
0.41801
0.369426
0.0898014
0.599234
0.541733
0.662
0.282392
0.662
0.662
0.0472022
0.2139
0.0329976
0.276254
0.136842
0.229342
