0.662
0.662
0.662
0.283077
0.662
0.662
0.40182
0.662
0.662
0.516246
0.0722418
0.662
0.499805
0.328411
0.662
0.445476
0.662
0.0299033
0.401419
0.662
0.662
0.662
0.0471693
0.388478
0.662
0.169331
0.19664
0.230481
0.662
0.662
0.52155
0.222343
0.00426024
0.662
0.662
0.662
0.662
0.662
0.451734
0.150413
0.457187
0.0766172
0.662
0.468651
0.662
0.662
0.662
0.662
0.662
0.66107
0.662
0.662
0.662
0.662
0.662
0.662
0.294767
0.158473
0.662
0.662
0.662
0.662
0.462847
0.454129
0.662
0.454962
0.662
0.662
0.662
0.335106
0.662
0.402904
0.0913169
0.662
0.431442
0.662
0.0421441
0.157245
0.00544099
0.173209
0.662
0.662
0.662
0.452435
0.136725
0.63339
0.176778
0.662
0.259669
0.334401
0.329422
0.0709221
0.446927
0.662
0.0193674
0.662
0.662
0.662
0.329224
0.662
0.662
0.210427
0.0206329
0.462013
0.662
0.120774
0.662
0.662
0.355374
0.662
0.0400688
0.0868193
0.224997
0.662
0.662
0.437295
0.135141
0.662
0.282742
0.662
0.662
0.415277
0.662
0.662
0.662
0.662
0.662
0.164695
0.393067
0.190942
0.614222
0.662
0.662
0.662
0.131441
0.662
0.322687
0.282271
0.594464
0.662
0.0055931
0.662
0.662
0.662
0.268454
0.330637
0.662
0.662
0.329987
0.51341
0.662
0.662
0.662
0.662
0.375331
0.662
0.398918
0.459862
0.10795
0.662
0.266699
0.0203193
0.662
0.305575
0.662
0.662
0.662
0.662
0.285147
0.662
0.662
0.216511
0.625836
0.662
0.662
0.662
0.662
0.319384
0.128385
0.388744
0.273903
0.358078
0.375019
0.0761407
0.662
0.662
0.323382
0.361307
0.0667667
0.198691
0.218011
0.662
0.662
0.217967
0.494945
0.248338
0.662
0.662
0.662
0.662
0.175246
0.283152
0.166053
0.662
0.304565
0.430482
0.662
0.063633
0.367163
0.15379
0.662
0.662
0.662
0.273751
0.662
0.0123123
0.662
0.0166675
0.662
0.544337
0.257083
0.261469
0.120762
0.0693465
0.187357
0.662
0.361825
0.251559
0.407728
0.662
0.662
0.00108527
0.662
0.289376
0.316217
0.662
0.0609867
0.662
0.662
0.370964
0.662
0.662
0.662
0.662
0.240051
0.662
0.258226
0.662
0.662
0.100982
0.662
0.245402
0.662
0.438149
0.662
0.662
0.272634
0.662
0.241714
0.662
0.662
0.662
0.662
0.230791
0.175288
0.662
0.14631
0.662
0.047638
0.436583
0.373865
0.427412
0.662
0.395822
0.662
0.211805
0.662
0.662
0.662
0.143251
0.662
0.103013
0.662
0.662
0.662
0.662
0.445064
0.4352
0.662
0.662
0.662
0.662
0.243744
0.436331
0.662
0.662
0.539283
0.258404
0.662
0.422482
0.662
0.455244
0.662
0.662
0.662
0.601135
0.0877296
0.073387
0.662
0.662
0.224362
0.662
0.662
0.00374037
0.662
0.662
0.145741
0.662
0.662
0.662
0.0197749
0.41506
0.662
0.251777
0.242922
0.39802
0.662
0.0642358
0.662
0.202206
0.426631
0.662
0.215133
0.662
0.33816
0.662
0.662
0.308415
0.662
0.198499
0.662
0.662
0.662
0.198215
0.507678
0.662
0.180928
0.304132
0.359093
0.662
0.0878356
0.662
0.662
0.455386
0.662
0.662
0.155802
0.662
0.662
0.298043
0.662
0.025294
0.662
0.662
0.662
0.662
0.37428
0.662
0.662
0.662
0.662
0.355343
0.261508
0.662
0.434249
0.662
0.0701855
0.416964
0.662
0.662
0.662
0.24836
0.156327
0.662
0.662
0.662
0.662
0.29834
0.264887
0.466668
0.662
0.474868
0.415262
0.662
0.662
0.104173
0.662
0.662
0.462818
0.621337
0.163002
0.662
0.178434
0.662
0.662
0.662
0.662
0.236576
0.662
0.662
0.662
0.662
0.662
0.662
0.662
0.662
0.662
0.662
0.662
0.662
0.662
0.391398
0.662
0.349548
0.662
0.662
0.0661798
0.662
0.421935
0.531149
0.315643
0.385759
0.153003
0.466993
0.211329
0.273464
0.662
0.264078
0.224249
0.366484
0.443171
0.662
0.662
0.173072
0.229052
0.175288
0.556858
0.662
0.555583
0.284346
0.18821
0.326506
0.662
0.662
0.662
0.0907073
0.0267312
0.376052
0.244407
0.202613
0.662
0.223244
0.662
0.45127
0.395894
0.364346
0.662
0.662
0.662
0.257335
0.662
0.662
0.662
0.224182
0.662
0.332987
0.662
0.218863
0.662
0.662
0.662
0.0732096
0.662
0.108801
0.311949
0.0826265
0.34951
0.350895
0.662
0.662
0.431217
0.662
0.662
0.662
0.213324
0.662
0.138534
0.0454084
0.662
0.662
0.208732
0.662
0.662
0.0165616
0.662
0.0934279
0.222681
0.662
0.662
0.662
0.662
0.662
0.4929
0.662
0.0573279
0.299463
0.22391
0.412315
0.397618
0.662
0.140037
0.662
0.662
0.662
0.32917
0.662
0.192552
0.662
0.0389635
0.254755
0.610215
0.662
0.662
0.662
0.662
0.662
0.406767
0.662
0.662
0.662
0.662
0.155428
0.0108036
0.662
0.0379467
0.409681
0.228205
0.662
0.662
0.662
0.662
0.662
0.268429
0.662
0.460174
0.662
0.662
0.662
0.154189
0.265675
0.662
0.662
0.662
0.00397748
0.427121
0.591371
0.662
0.0403412
0.662
0.662
0.662
0.662
0.475388
0.336377
0.662
0.228511
0.266302
0.231115
0.412698
0.662
0.52688
0.182217
0.662
0.662
0.662
0.0475039
0.662
0.18707
0.157479
0.662
0.662
0.662
0.408785
0.456546
0.662
0.211555
0.662
0.662
0.662
0.105984
0.662
0.662
0.662
0.354975
0.662
0.40633
0.662
0.426533
0.31665
0.662
0.662
0.662
0.464993
0.662
0.239901
0.662
0.534941
0.662
0.662
0.662
0.662
0.662
0.550505
0.662
0.662
0.662
0.390707
0.285284
0.433489
0.662
0.662
0.010047
0.662
0.426239
0.0858096
0.662
0.662
0.0867953
0.496373
0.662
0.0354199
0.422472
0.245632
0.662
0.662
0.534829
0.351844
0.662
0.28205
0.662
0.465029
0.662
0.43765
0.439012
0.196348
0.662
0.662
0.310571
0.118292
0.662
0.662
0.243472
0.662
0.662
0.662
0.284078
0.310499
0.662
0.662
0.307924
0.203292
0.662
0.662
0.522229
0.662
0.19914
0.662
0.662
0.0209569
0.662
0.662
0.662
0.662
0.662
0.0692034
0.388144
0.051459
0.581651
0.464429
0.662
0.160128
0.662
0.199909
0.0127586
0.224973
0.662
0.662
0.4736
0.662
0.397892
0.318322
0.0726885
0.662
0.36298
0.404892
0.662
0.662
0.662
0.662
0.457852
0.662
0.238499
0.416924
0.449111
0.662
0.662
0.215916
0.133236
0.45595
