0.0228422
0.662
0.662
0.662
0.351291
0.0899705
0.662
0.152028
0.0585075
0.271367
0.662
0.662
0.662
0.206817
0.55298
0.662
0.662
0.662
0.662
0.662
0.662
0.290584
0.112932
0.662
0.662
0.662
0.114364
0.662
0.662
0.127557
0.662
0.662
0.662
0.0662059
0.662
0.662
0.662
0.116884
0.116142
0.662
0.258815
0.662
0.662
0.662
0.662
0.633694
0.662
0.321
0.662
0.246444
0.662
0.662
0.370058
0.662
0.0223627
0.342587
0.286873
0.0474994
0.220877
0.300903
0.336768
0.662
0.111443
0.422335
0.662
0.662
0.662
0.443969
0.204907
0.153285
0.662
0.511552
0.662
0.662
0.662
0.662
0.662
0.15062
0.662
0.27229
0.662
0.0456353
0.431865
0.281903
0.662
0.599132
0.662
0.133349
0.662
0.288925
0.662
0.662
0.454945
0.367018
0.296402
0.662
0.596244
0.662
0.662
0.662
0.0776137
0.662
0.662
0.285981
0.486613
0.269634
0.139662
0.662
0.239482
0.662
0.207095
0.318263
0.0605695
0.386496
0.137185
0.320722
0.204347
0.0811406
0.662
0.662
0.662
0.662
0.258963
0.304487
0.662
0.257634
0.267293
0.662
0.471632
0.662
0.0864315
0.410194
0.662
0.662
0.243372
0.427365
0.492481
0.403552
0.131103
0.662
0.662
0.662
0.279763
0.662
0.662
0.126929
0.662
0.662
0.662
0.361414
0.662
0.662
0.302282
0.662
0.662
0.662
0.263843
0.0959897
0.662
0.662
0.662
0.000658638
0.289793
0.662
0.662
0.269312
0.662
0.137258
0.662
0.215789
0.662
0.662
0.662
0.424932
0.662
0.513953
0.662
0.358928
0.662
0.0026655
0.662
0.291628
0.662
0.138824
0.109043
0.662
0.237001
0.662
0.662
0.0992341
0.14741
0.0246689
0.207142
0.0460942
0.204276
0.662
0.474795
0.196147
0.231285
0.0437961
0.662
0.310167
0.662
0.662
0.363914
0.466802
0.662
0.595284
0.406739
0.138729
0.662
0.260204
0.662
0.0825854
0.662
0.662
0.389937
0.662
0.152063
0.662
0.662
0.662
0.420228
0.662
0.471649
0.662
0.662
0.378732
0.662
0.440409
0.444074
0.662
0.167233
0.662
0.450053
0.662
0.662
0.662
0.662
0.339227
0.662
0.113476
0.662
0.662
0.426801
0.662
0.423762
0.662
0.419839
0.437113
0.41879
0.24293
0.662
0.0310212
0.662
0.662
0.662
0.662
0.205703
0.662
0.662
0.348005
0.235363
0.188632
0.662
0.215233
0.662
0.0953083
0.190523
0.369604
0.312722
0.109736
0.662
0.662
0.558541
0.0380811
0.443747
0.662
0.0821874
0.662
0.662
0.44805
0.467202
0.662
0.509783
0.662
0.499665
0.322678
0.662
0.396795
0.662
0.10607
0.662
0.662
0.662
0.662
0.662
0.662
0.662
0.662
0.662
0.662
0.662
0.231052
0.662
0.133286
0.205647
0.53099
0.662
0.294257
0.662
0.452003
0.213063
0.662
0.468956
0.631069
0.417634
0.356829
0.662
0.149855
0.662
0.662
0.662
0.354959
0.662
0.662
0.662
0.450678
0.159303
0.662
0.662
0.662
0.662
0.189322
0.264746
0.662
0.662
0.662
0.450318
0.662
0.0772701
0.662
0.662
0.662
0.256538
0.662
0.662
0.22231
0.262904
0.662
0.662
0.35466
0.271032
0.208866
0.260312
0.662
0.662
0.010143
0.475424
0.346952
0.662
0.477628
0.662
0.662
0.394617
0.0768391
0.662
0.662
0.507891
0.168791
0.456109
0.0729889
0.30948
0.350091
0.0154684
0.662
0.372168
0.662
0.395472
0.244048
0.662
0.662
0.662
0.662
0.662
0.10051
0.184333
0.662
0.662
0.662
0.662
0.662
0.474881
0.662
0.0577122
0.464078
0.221209
0.39377
0.26847
0.330912
0.662
0.662
0.662
0.662
0.662
0.14314
0.662
0.662
0.378697
0.662
0.662
0.206493
0.146479
0.302343
0.662
0.662
0.662
0.662
0.662
0.662
0.382163
0.662
0.387508
0.168209
0.223031
0.662
0.662
0.0803317
0.150655
0.662
0.0232338
0.662
0.197085
0.421936
0.662
0.662
0.662
0.0189859
0.662
0.662
0.176038
0.662
0.0556977
0.241827
0.0598317
0.0971573
0.662
0.662
0.662
0.662
0.141664
0.662
0.445581
0.662
0.377373
0.291898
0.37887
0.00317403
0.662
0.662
0.423257
0.461524
0.0206782
0.662
0.662
0.204803
0.662
0.662
0.192914
0.662
0.662
0.312937
0.0283774
0.347326
0.0884755
0.425341
0.662
0.299863
0.246219
0.662
0.482251
0.662
0.662
0.662
0.338395
0.662
0.662
0.662
0.33792
0.408071
0.662
0.662
0.662
0.350517
0.662
0.662
0.389115
0.0716658
0.195849
0.662
0.65931
0.662
0.662
0.335653
0.662
0.662
0.662
0.186026
0.460951
0.110556
0.402115
0.662
0.255905
0.330389
0.449355
0.662
0.0726032
0.662
0.662
0.350273
0.157701
0.356072
0.662
0.662
0.015327
0.246304
0.212565
0.213749
0.137945
0.0200412
0.662
0.662
0.662
0.282388
0.0638704
0.0125956
0.0571622
0.399132
0.338105
0.662
0.662
0.662
0.482014
0.478253
0.662
0.19442
0.662
0.194772
0.662
0.662
0.0400269
0.535398
0.0602876
0.469436
0.0633636
0.662
0.256261
0.662
0.62897
0.223028
0.313285
0.662
0.662
0.662
0.662
0.0369627
0.662
0.274289
0.604018
0.662
0.325246
0.217192
0.403833
0.662
0.662
0.473951
0.154993
0.0141907
0.662
0.0870464
0.662
0.662
0.0786536
0.442652
0.662
0.391991
0.50839
