0.329987
0.251777
0.662
0.0709221
0.662
0.662
0.662
0.662
0.662
0.18821
0.662
0.662
0.567812
0.228376
0.662
0.662
0.421935
0.238499
0.430482
0.662
0.352134
0.662
0.662
0.662
0.662
0.353726
0.662
0.534941
0.31019
0.0819652
0.0701855
0.662
0.462818
0.662
0.662
0.662
0.128385
0.304132
0.19664
0.662
0.285147
0.662
0.662
0.662
0.662
0.294767
0.662
0.104173
0.662
0.662
0.45127
0.0687778
0.21249
0.662
0.26277
0.274803
0.322962
0.662
0.320498
0.0732096
0.662
0.369747
0.662
0.662
0.180928
0.474868
0.476171
0.4352
0.662
0.0471693
0.264887
0.662
0.662
0.211805
0.262711
0.662
0.662
0.216511
0.231115
0.662
0.662
0.457187
0.662
0.662
0.287752
0.662
0.437638
0.662
0.094435
0.662
0.662
0.199909
0.223244
0.662
0.0761407
0.0913169
0.662
0.355374
0.335106
0.374938
0.662
0.0354199
0.662
0.662
0.105984
0.662
0.370964
0.662
0.662
0.174181
0.662
0.662
0.662
0.0125378
0.345211
0.447096
0.662
0.662
0.662
0.455244
0.662
0.273903
0.662
0.662
0.662
0.423927
0.662
0.662
0.662
0.464427
0.0692034
0.662
0.662
0.364059
0.573269
0.662
0.662
0.180186
0.662
0.427121
0.662
0.662
0.456546
0.662
0.662
0.662
0.458887
0.421359
0.662
0.662
0.282742
0.662
0.662
0.426239
0.662
0.662
0.662
0.264078
0.662
0.457801
0.662
0.662
0.446927
0.197543
0.662
0.662
0.662
0.175305
0.662
0.39802
0.662
0.224249
0.187357
0.104663
0.612538
0.662
0.175246
0.662
0.319384
0.662
0.0305799
0.308271
0.00426024
0.359093
0.243472
0.156565
0.662
0.662
0.662
0.431217
0.564693
0.662
0.662
0.662
0.262969
0.662
0.108801
0.662
0.145402
0.426974
0.0055931
0.304293
0.373865
0.662
0.662
0.51341
0.662
0.662
0.66107
0.662
0.662
0.662
0.662
0.285284
0.662
0.662
0.434054
0.662
0.18707
0.431442
0.143251
0.662
0.662
0.662
0.244407
0.332987
0.164695
0.662
0.662
0.321161
0.662
0.464993
0.662
0.173072
0.662
0.139355
0.662
0.0726885
0.603349
0.662
0.256285
0.662
0.662
0.662
0.351844
0.662
0.662
0.662
0.179483
0.169072
0.662
0.662
0.108382
0.662
0.281197
0.328303
0.662
0.662
0.662
0.445064
0.662
0.366484
0.662
0.662
0.662
0.138534
0.662
0.662
0.662
0.0391567
0.662
0.275356
0.662
0.213209
0.0400688
0.662
0.662
0.662
0.662
0.364346
0.342257
0.119397
0.662
0.662
0.662
0.27331
0.15174
0.662
0.662
0.349589
0.662
0.662
0.662
0.361825
0.118292
0.662
0.507258
0.426703
0.145741
0.378695
0.662
0.662
0.662
0.513922
0.581651
0.662
0.299463
0.047638
0.397618
0.150413
0.662
0.662
0.307924
0.603928
0.662
0.662
0.662
0.454962
0.662
0.662
0.33604
0.662
0.231341
0.395894
0.0379467
0.662
0.662
0.662
0.662
0.241714
0.662
0.662
0.662
0.662
0.103013
0.662
0.438364
0.662
0.662
0.662
0.662
0.22391
0.591371
0.52155
0.337213
0.662
0.662
0.406767
0.662
0.388144
0.662
0.662
0.662
0.315643
0.662
0.662
0.169331
0.662
0.662
0.010047
0.00108527
0.662
0.662
0.0661798
0.662
0.143445
0.397
0.119332
0.662
0.121299
0.188086
0.0552593
0.0193674
0.433489
0.487118
0.662
0.332941
0.662
0.199208
0.662
0.662
0.662
0.298043
0.662
0.22561
0.662
0.662
0.149825
0.662
0.0693465
0.662
0.662
0.662
0.662
0.662
0.662
0.662
0.248338
0.662
0.662
0.662
0.662
0.662
0.0421441
0.240051
0.662
0.45595
0.268454
0.662
0.27204
0.166439
0.662
0.662
0.662
0.347435
0.395822
0.662
0.662
0.431584
0.202206
0.662
0.633694
0.481196
0.0616569
0.373629
0.394973
0.662
0.662
0.662
0.283077
0.361307
0.140037
0.635959
0.488378
0.258657
0.662
0.662
0.157479
0.120762
0.662
0.662
0.255302
0.662
0.662
0.464429
0.662
0.662
0.662
0.202613
0.662
0.662
0.662
0.662
0.662
0.662
0.00397748
0.662
0.516058
0.367163
0.258226
0.662
0.266937
0.662
0.662
0.662
0.251559
0.100982
0.349548
0.662
0.213324
0.429497
0.662
0.0385072
0.662
0.662
0.662
0.662
0.451573
0.0206329
0.662
0.662
0.662
0.4736
0.662
0.214702
0.662
0.662
0.662
0.157245
0.662
0.662
0.662
0.322423
0.393299
0.662
0.215133
0.415508
0.0123123
0.662
0.662
0.215916
0.133236
0.662
0.662
0.662
0.662
0.662
0.198215
0.662
0.194233
0.662
0.662
0.662
0.662
0.662
0.0877296
0.326506
0.633694
0.662
0.310499
0.662
0.662
0.662
0.467439
0.662
0.288385
0.0894202
0.662
0.662
0.242317
0.025294
0.44598
0.327714
0.662
6.1097e-05
0.662
0.212085
0.662
0.104911
0.662
0.212731
0.466668
0.662
0.662
0.662
0.662
0.662
0.402904
0.146288
0.284078
0.662
0.662
0.662
0.662
0.662
0.662
0.0197749
0.297486
0.662
0.662
0.210636
0.662
0.662
0.117124
0.662
0.662
0.662
0.662
0.273751
0.228205
0.19899
0.662
0.662
0.0475039
0.662
0.662
0.555583
0.257701
0.451293
0.409354
0.155428
0.465582
0.662
0.0701097
0.211329
0.662
0.378207
0.328411
0.391398
0.413142
0.120774
0.00544099
0.662
0.220787
0.662
0.662
0.662
0.424924
0.0267312
0.621337
0.662
0.662
0.0166675
0.261508
0.384558
0.254162
0.379203
0.662
0.000280024
0.0550683
0.455386
0.662
0.208732
0.292908
0.662
0.662
0.230791
0.175288
0.257083
0.311949
0.0359601
0.662
0.0801609
0.662
0.236576
0.195164
0.166053
0.404892
0.268429
0.335666
0.662
0.0642358
0.319626
0.291412
0.173532
0.662
0.662
0.662
0.4086
0.662
0.662
0.662
0.662
0.135141
0.662
0.575107
0.662
0.662
0.259669
0.0270571
0.662
0.222681
0.662
0.36298
0.422472
0.662
0.158473
0.214769
0.662
0.662
0.308035
0.662
0.662
0.662
0.257335
0.0054011
0.662
0.662
0.40182
0.662
0.209504
0.662
0.662
0.662
0.662
0.662
0.220046
0.662
0.662
0.662
0.662
0.25315
0.662
0.0166493
0.216541
0.397892
0.601135
0.310683
0.662
0.468651
0.662
0.662
0.457852
0.662
0.434249
0.460174
0.419078
0.662
0.662
0.146274
0.14631
0.662
0.662
0.662
0.30058
0.662
0.198499
0.662
0.662
0.662
0.461179
0.662
0.662
0.662
0.662
0.662
0.662
0.662
0.534829
