0.131513
0.662
0.105548
0.422791
0.662
0.263564
0.662
0.662
0.462827
0.662
0.269189
0.379088
0.662
0.616018
0.241119
0.662
0.662
0.662
0.662
0.293683
0.662
0.662
0.662
0.662
0.662
0.662
0.367866
0.28748
0.662
0.662
0.662
0.662
0.390483
0.299683
0.450719
0.662
0.352331
0.662
0.662
0.0164485
0.662
0.662
0.360409
0.219041
0.456826
0.289869
0.662
0.662
0.173362
0.228472
0.208882
0.201208
0.422961
0.0648158
0.662
0.312956
0.662
0.528549
0.662
0.108084
0.361373
0.215868
0.662
0.662
0.405671
0.662
0.662
0.146121
0.662
0.0302308
0.0473778
0.0285254
0.0779119
0.266047
0.662
0.662
0.034941
0.0451185
0.295915
0.662
0.662
0.275917
0.662
0.662
0.060239
0.662
0.662
0.0877666
0.289276
0.662
0.662
0.662
0.662
0.662
0.662
0.662
0.234355
0.662
0.662
0.662
0.662
0.440998
0.0584425
0.448754
0.662
0.662
0.174785
0.408451
0.662
0.148892
0.662
0.662
0.662
0.662
0.662
0.662
0.662
0.556577
0.662
0.144427
0.662
0.662
0.274001
0.0546604
0.662
0.662
0.662
0.662
0.662
0.262899
0.662
0.662
0.662
0.216859
0.151653
0.662
0.138279
0.502117
0.662
0.662
0.13585
0.662
0.662
0.662
0.662
0.662
0.136439
0.493969
0.0993171
0.205298
0.0584978
0.662
0.498344
0.662
0.662
0.662
0.662
0.35956
0.230172
0.662
0.585418
0.662
0.214724
0.662
0.662
0.662
0.325671
0.602307
0.257136
0.602144
0.120274
0.662
0.365093
0.662
0.662
0.662
0.662
0.467251
0.662
0.197879
0.143633
0.312311
0.392043
0.367258
0.494338
0.45827
0.662
0.243907
0.662
0.662
0.662
0.437901
0.662
0.662
0.662
0.460111
0.662
0.216279
0.662
0.662
0.662
0.447224
0.412511
0.125306
0.662
0.662
0.662
0.573792
0.662
0.065142
0.662
0.662
0.662
0.662
0.662
0.135385
0.370026
0.0561952
0.662
0.662
0.662
0.22002
0.662
0.174015
0.37941
0.28288
0.662
0.662
0.662
0.507637
0.662
0.213372
0.0649718
0.662
0.662
0.392867
0.408126
0.662
0.373596
0.662
0.0497989
0.662
0.422476
0.265594
0.662
0.51422
0.350852
0.123403
0.662
0.662
0.662
0.212574
0.080434
0.165515
0.662
0.662
0.662
0.141261
0.662
0.662
0.320852
0.167934
0.662
0.662
0.0890195
0.662
0.647426
0.301004
0.188522
0.189481
0.416481
0.424474
0.662
0.662
0.43726
0.465028
0.662
0.447915
0.225704
0.662
0.662
0.444981
0.662
0.157285
0.662
0.466159
0.662
0.662
0.662
0.0423313
0.25715
0.662
0.662
0.662
0.662
0.0362523
0.662
0.662
0.662
0.662
0.30463
0.662
0.662
0.662
0.662
0.662
0.143654
0.430253
0.0276014
0.113084
0.175181
0.0550098
0.0968718
0.371379
0.662
0.364049
0.176085
0.662
0.662
0.662
0.36725
0.662
0.333461
0.266968
0.0530619
0.662
0.662
0.336727
0.662
0.662
0.248072
0.662
0.662
0.341494
0.224834
0.662
0.662
0.0113657
0.662
0.219776
0.662
0.662
0.609484
0.662
0.662
0.662
0.662
0.0592876
0.662
0.662
0.392004
0.662
0.534934
0.662
0.662
0.203336
0.662
0.18571
0.662
0.662
0.0929223
0.662
0.274011
0.662
0.662
0.177271
0.325102
0.241243
0.662
0.662
0.662
0.662
0.662
0.284647
0.163849
0.276733
0.0845264
0.0671187
0.662
0.662
0.125399
0.662
0.662
0.00570873
0.662
0.209039
0.662
0.662
0.313766
0.662
0.464347
0.662
0.315287
0.10477
0.662
0.662
0.356608
0.417898
0.662
0.662
0.0937424
0.659633
0.662
0.224865
0.228276
0.322896
0.662
0.662
0.329658
0.662
0.662
0.662
0.662
0.662
0.191274
0.662
0.229345
0.662
0.00155775
0.462965
0.662
0.266261
0.662
0.662
0.328237
0.598397
0.197917
0.662
0.662
0.662
0.0184476
0.662
0.0822989
0.662
0.662
0.662
0.461288
0.451327
0.126381
0.662
0.412786
0.217472
0.660038
0.44383
0.662
0.400415
0.662
0.662
0.662
0.662
0.362289
0.662
0.228866
0.662
0.662
0.34395
0.0929205
0.423589
0.662
0.662
0.662
0.662
0.662
0.662
0.662
0.662
0.248886
0.662
0.437338
0.662
0.662
0.179369
0.662
0.33597
0.538273
0.485968
0.476165
0.662
0.662
0.662
0.662
0.662
0.202562
0.662
0.149394
0.662
0.385914
0.319714
0.192709
0.662
0.662
0.662
0.0275292
0.662
0.662
0.332699
0.329023
0.662
0.185863
0.390319
0.662
0.0871106
0.0930729
0.662
0.167817
0.42662
0.39604
0.662
0.662
0.662
0.140761
0.662
0.110541
0.230087
0.662
0.186094
0.14144
0.662
0.662
0.0134597
0.373639
0.150832
0.384165
0.662
0.662
0.662
0.18312
0.662
0.323824
0.148569
0.662
0.662
0.348639
0.662
0.662
0.333772
0.185209
0.662
0.662
0.46069
0.662
0.217426
0.19367
0.662
0.662
0.662
0.662
0.662
0.662
0.662
0.0523613
0.297882
0.358468
0.662
0.662
0.361314
0.662
0.299203
0.662
0.24111
0.662
0.244534
0.662
0.662
0.662
0.254626
0.0459027
0.662
0.251492
0.42086
0.662
0.662
0.662
0.450575
0.644507
0.464638
0.226429
0.662
0.662
0.662
0.031233
0.662
0.662
0.662
0.662
0.662
0.662
0.662
0.662
0.662
0.242066
0.662
0.662
0.396895
0.662
0.662
0.662
0.355707
0.662
0.400449
0.141566
0.60974
0.643426
0.450885
0.662
0.0279029
0.662
0.662
0.662
0.662
0.662
0.662
0.452937
0.0846728
0.439899
0.285999
0.273661
0.662
0.662
0.662
0.00955044
0.285886
0.662
0.662
0.347118
0.315584
0.662
0.662
0.188272
0.194972
0.662
0.662
0.662
0.145203
0.662
0.567077
0.662
0.662
0.662
0.662
0.450063
0.662
0.319982
0.662
0.662
0.662
0.662
0.373303
0.662
0.662
0.410838
0.211397
0.354634
0.662
0.662
0.662
0.662
0.662
0.0697633
0.479691
0.0686547
0.235857
0.0489615
0.487755
0.662
0.306436
0.662
0.662
0.662
0.209055
0.633694
0.662
0.662
0.662
0.662
0.662
0.662
0.256402
0.662
0.10512
0.662
0.0175804
0.116545
0.371311
0.365191
0.466083
0.211373
0.662
0.662
0.317843
0.662
0.254996
0.662
0.662
0.662
0.662
0.323453
0.246412
0.662
0.662
0.304953
