0.662
0.662
0.132083
0.228968
0.662
0.0977123
0.407434
0.446872
0.49427
0.553213
0.662
0.662
0.662
0.662
0.662
0.362441
0.662
0.328156
0.0269549
0.662
0.662
0.202389
0.0429622
0.207226
0.662
0.218286
0.662
0.662
0.662
0.662
0.629696
0.662
0.662
0.662
0.342362
0.662
0.662
0.240665
0.662
0.289231
0.331359
0.662
0.609027
0.662
0.662
0.662
0.662
0.346651
0.201018
0.662
0.662
0.662
0.662
0.239033
0.281642
0.662
0.235593
0.662
0.0198472
0.662
0.234891
0.662
0.391051
0.662
0.441368
0.0743646
0.362163
0.183142
0.662
0.500527
0.368431
0.662
0.662
0.32497
0.662
0.552795
0.190815
0.286058
0.662
0.662
0.462361
0.662
0.499121
0.348994
0.662
0.23998
0.409486
0.190838
0.0466911
0.0507857
0.662
0.125947
0.662
0.662
0.101785
0.569117
0.317937
0.411176
0.228785
0.433647
0.289479
0.386575
0.662
0.662
0.219237
0.662
0.446356
0.199576
0.662
0.169937
0.238483
0.453683
0.238907
0.662
0.226168
0.329377
0.662
0.356988
0.369708
0.0886072
0.273671
0.662
0.235886
0.130456
0.585785
0.662
0.449266
0.662
0.662
0.662
0.285629
0.0168864
0.662
0.662
0.0606815
0.662
0.364767
0.114696
0.465461
0.662
0.662
0.662
0.466778
0.662
0.56613
0.598777
0.662
0.662
0.0664329
0.662
0.1103
0.662
0.291524
0.662
0.489052
0.0395202
0.286553
0.0642531
0.662
0.0577819
0.227126
0.662
0.422544
0.662
0.344575
0.183211
0.350296
0.662
0.662
0.662
0.388457
0.14755
0.209905
0.662
0.662
0.662
0.63339
0.662
0.307454
0.662
0.216503
0.326524
0.662
0.662
0.662
0.662
0.662
0.146742
0.430938
0.662
0.662
0.241927
0.662
0.662
0.662
0.043278
0.0526588
0.24609
0.288107
0.662
0.662
0.662
0.662
0.0736961
0.534063
0.662
0.662
0.0946174
0.662
0.662
0.662
0.662
0.55549
0.662
0.138922
0.118382
0.356135
0.662
0.662
0.662
0.662
0.662
0.228027
0.114827
0.662
0.198224
0.662
0.662
0.662
0.662
0.330522
0.662
0.662
0.406247
0.662
0.662
0.416612
0.662
0.0452278
0.219934
0.662
0.320571
0.263671
0.662
0.662
0.3689
0.662
0.3966
0.47591
0.662
0.0110652
0.419577
0.365019
0.330181
0.362561
0.662
0.662
0.662
0.662
0.662
0.662
0.662
0.662
0.32859
0.662
0.144244
0.335098
0.662
0.127057
0.662
0.662
0.662
0.662
0.662
0.275914
0.662
0.662
0.662
0.662
0.662
0.495368
0.473349
0.662
0.0221107
0.125957
0.662
0.662
0.662
0.137856
0.662
0.283182
0.135425
0.662
0.551679
0.662
0.232207
0.29685
0.0871442
0.452953
0.662
0.655621
0.662
0.290655
0.662
0.662
0.0435642
0.0805984
0.662
0.16169
0.30454
0.213038
0.662
0.164339
0.662
0.0262691
0.662
0.206351
0.662
0.662
0.662
0.392474
0.662
0.334733
0.662
0.662
0.662
0.0620805
0.662
0.662
0.662
0.576766
0.0475147
0.453804
0.662
0.662
0.597751
0.357738
0.662
0.662
0.662
0.439074
0.662
0.0121638
0.662
0.662
0.256256
0.662
0.237854
0.662
0.568227
0.662
0.543904
0.447934
0.662
0.662
0.662
0.199133
0.219184
0.662
0.0562587
0.454458
0.501134
0.662
0.662
0.662
0.662
0.662
0.662
0.172827
0.33868
0.662
0.662
0.662
0.662
0.662
0.0723596
0.662
0.662
0.662
0.662
0.662
0.662
0.662
0.334285
0.0784454
0.662
0.662
0.662
0.662
0.662
0.662
0.503649
0.14469
0.262906
0.662
0.126965
0.209496
0.662
0.662
0.662
0.662
0.387822
0.114522
0.662
0.443463
0.363681
0.662
0.662
0.117912
0.562204
0.662
0.421515
0.198267
0.662
0.662
0.414494
0.33493
0.0727262
0.0368601
0.662
0.103828
0.446108
0.0570811
0.0879887
0.662
0.662
0.662
0.474599
0.363841
0.0278973
0.662
0.0879655
0.201952
0.662
0.662
0.419399
0.22353
0.662
0.108063
0.444854
0.662
0.332037
0.662
0.291379
0.434998
0.378416
0.662
0.662
0.382618
0.662
0.468954
0.662
0.662
0.662
0.158585
0.35336
0.0140774
0.662
0.662
0.662
0.286738
0.662
0.0352678
0.352383
0.662
