0.662
0.662
0.662
0.662
0.662
0.0475618
0.0063794
0.534063
0.0531416
0.32113
0.662
0.468444
0.662
0.138922
0.662
0.662
0.662
0.0419735
0.169937
0.286553
0.291301
0.662
0.311342
0.662
0.461358
0.662
0.662
0.149635
0.662
0.172562
0.568227
0.662
0.662
0.193323
0.410551
0.33868
0.662
0.379778
0.235727
0.454458
0.35336
0.662
0.662
0.662
0.662
0.662
0.487554
0.662
0.362441
0.10341
0.662
0.662
0.662
0.125947
0.662
0.662
0.662
0.662
0.0168864
0.439074
0.0413631
0.662
0.397208
0.662
0.105647
0.410722
0.446994
0.662
0.128292
0.283232
0.138429
0.0415746
0.662
0.662
0.662
0.662
0.0650348
0.157905
0.662
0.209504
0.662
0.662
0.662
0.662
0.662
0.662
0.18953
0.662
0.662
0.346046
0.662
0.662
0.662
0.662
0.662
0.662
0.662
0.260602
0.396119
0.0296309
0.0879887
0.248235
0.662
0.662
0.355302
0.662
0.305546
0.662
0.662
0.662
0.0384568
0.295611
0.662
0.662
0.446356
0.662
0.662
0.185698
0.662
0.662
0.010025
0.42573
0.443463
0.662
0.304183
0.662
0.228686
0.662
0.662
0.412125
0.280422
0.496781
0.208601
0.662
0.662
0.662
0.449266
0.289479
0.56613
0.551679
0.662
0.421515
0.200562
0.386575
0.0760133
0.570681
0.662
0.662
0.390097
0.0127047
0.662
0.0338325
0.662
0.416289
0.662
0.434998
0.662
0.334733
0.272093
0.425568
0.662
0.409646
0.662
0.238907
0.0723596
0.662
0.662
0.345114
0.662
0.0273074
0.057114
0.00296748
0.662
0.662
0.149271
0.140522
0.662
0.662
0.662
0.662
0.166099
0.662
0.0522791
0.118382
0.146683
0.662
0.578429
0.391051
0.0673077
0.319452
0.662
0.177327
0.662
0.238483
0.161736
0.283182
0.281642
0.531429
0.662
0.406247
0.213038
0.0407171
0.256322
0.00526203
0.662
0.662
0.662
0.198224
0.662
0.662
0.662
0.330913
0.662
0.502365
0.662
0.0124985
0.000850979
0.213408
0.367633
0.47591
0.662
0.662
0.662
0.662
0.106553
0.662
0.633391
0.662
0.0278973
0.662
0.662
0.301039
0.192694
0.662
0.194162
0.215677
0.441368
0.662
0.500527
0.662
0.226942
0.240665
0.0911688
0.0560373
0.448612
0.0983465
0.22353
0.0932094
0.421911
0.662
0.662
0.662
0.662
0.662
0.662
0.268674
0.662
0.362561
0.662
0.218144
0.356988
0.662
0.662
0.662
0.336792
0.317937
0.662
0.662
0.471656
0.662
0.160106
0.142087
0.662
0.662
0.662
0.662
0.304831
0.2429
0.662
0.662
0.332037
0.250859
0.0345577
0.662
0.0196551
0.409197
0.662
0.469355
0.662
0.662
0.662
0.662
0.662
0.662
0.248988
0.662
0.37993
0.473349
0.662
0.243855
0.662
0.662
0.662
0.295703
0.662
0.662
0.662
0.273671
0.243281
0.662
0.327677
0.182861
0.405968
0.662
0.662
0.662
0.662
0.662
0.662
0.328334
0.662
0.0526588
0.256523
0.662
0.232724
0.662
0.362948
0.289231
0.662
0.203523
0.0466911
0.662
0.193404
0.662
0.163132
0.264409
0.0736961
0.662
0.186717
0.418717
0.662
0.247524
0.662
0.662
0.368431
0.0954375
0.449859
0.414248
0.662
0.117912
0.141429
0.662
0.662
0.347536
0.456654
0.662
0.662
0.662
0.662
0.101589
0.363841
0.356135
0.157219
0.662
0.662
0.662
0.406022
0.365019
0.453804
0.124149
0.00983086
0.662
0.662
0.662
0.662
0.405798
0.662
0.662
0.398873
0.254493
0.328012
0.662
0.3966
0.23398
0.235593
0.662
0.103828
0.662
0.662
0.362163
0.662
0.662
0.143102
0.34986
0.0871442
0.145704
0.176436
0.133084
0.384821
0.662
0.573897
0.662
0.146742
0.662
0.286058
0.662
0.662
0.662
0.662
0.662
0.304847
0.131833
0.662
0.662
0.662
0.662
0.662
0.662
0.183211
0.171299
0.662
0.620706
0.662
0.662
0.499121
0.662
0.662
0.662
0.662
0.130146
0.662
0.662
0.384759
0.330815
0.662
0.662
0.335098
0.334807
