0.549904
0.490878
0.228249
0.0296851
0.662
0.662
0.662
0.277662
0.529802
0.662
0.662
0.40928
0.662
0.347747
0.335844
0.662
0.149347
0.30677
0.662
0.662
0.431184
0.630523
0.0233121
0.662
0.581464
0.366835
0.126928
0.662
0.147868
0.662
0.265749
0.371359
0.263716
0.287091
0.541733
0.662
0.662
0.342849
0.189254
0.662
0.662
0.662
0.248378
0.174131
0.662
0.662
0.552834
0.662
0.228803
0.599234
0.143497
0.662
0.516815
0.662
0.238554
0.603586
0.268658
0.662
0.435924
0.426489
0.00278841
0.491704
0.662
0.614589
0.662
0.662
0.662
0.662
0.186622
0.662
0.211906
0.563632
0.0550469
0.662
0.0898014
0.336985
0.26628
0.0358663
0.662
0.0536181
0.241072
0.662
0.0757309
0.127344
0.296903
0.454921
0.129618
0.165325
0.662
0.33884
0.334823
0.421014
0.662
0.662
0.662
0.662
0.662
0.662
0.123886
0.562887
0.392519
0.0472022
0.662
0.2139
0.662
0.0329976
0.662
0.662
0.662
0.243792
0.662
0.662
0.235629
0.283506
0.159593
0.00630989
0.662
0.472997
0.662
0.0315849
0.662
0.662
0.662
0.123635
0.409285
0.39268
0.662
0.0366454
0.170183
0.662
0.662
0.662
0.662
0.454658
0.397383
0.236161
0.662
0.662
0.662
0.291517
0.662
0.0426345
0.662
0.662
0.391918
0.303878
0.21484
0.0135808
0.4757
0.662
0.662
0.474902
0.12669
0.662
0.662
0.662
0.662
0.662
0.662
0.662
0.662
0.662
0.134898
0.662
0.445612
0.662
0.662
0.325274
0.662
0.662
0.662
0.518353
0.264428
0.662
0.128338
0.000608903
0.0302456
0.662
0.662
0.310047
0.293603
0.469355
0.662
0.662
0.225496
0.0382777
0.662
0.199803
0.226344
0.662
0.662
0.662
0.662
0.662
0.662
0.662
0.464605
0.662
0.128715
0.220043
0.662
0.662
0.131673
0.310467
0.662
0.662
0.339298
0.662
0.662
0.419933
0.29044
0.101183
0.0795163
0.394705
0.662
0.662
0.33967
0.662
0.341244
0.662
0.662
0.662
0.29463
0.662
0.276254
0.662
0.190883
0.662
0.662
0.29277
0.662
0.214741
0.300508
0.662
0.258524
0.662
0.188763
0.429092
0.662
0.166663
0.662
0.662
0.43152
0.662
0.167788
0.369426
0.662
0.662
0.662
0.435961
0.662
0.473539
0.662
0.662
0.242964
0.281918
0.37191
0.662
0.662
0.662
0.662
0.34243
0.662
0.662
0.662
0.399968
0.662
0.662
0.662
0.110501
0.662
0.662
0.662
0.662
0.662
0.0276142
0.662
0.218457
0.662
0.21157
0.0944253
0.41801
0.415271
0.662
0.158632
0.256237
0.662
0.0439147
0.662
0.662
0.662
0.240755
0.662
0.662
0.662
0.662
0.662
0.662
0.093325
0.398866
0.517683
0.438422
0.662
0.662
0.172552
0.662
0.169672
0.488609
0.662
0.0587347
0.102378
0.662
0.662
0.662
0.662
0.662
0.205535
0.267062
0.313131
0.293717
0.662
0.662
0.175588
0.297945
0.500789
0.38031
0.662
0.323619
0.662
0.662
0.662
0.337999
0.00531876
0.662
0.662
0.662
0.662
0.662
0.662
0.662
0.438305
0.662
