0.662
0.662
0.29689
0.410969
0.662
0.662
0.662
0.662
0.662
0.662
0.662
0.662
0.243372
0.47175
0.662
0.0690713
0.662
0.662
0.662
0.662
0.372168
0.662
0.135837
0.294134
0.662
0.112932
0.662
0.478422
0.286291
0.662
0.362225
0.420522
0.662
0.662
0.662
0.662
0.455487
0.662
0.431865
0.662
0.662
0.188417
0.387508
0.662
0.662
0.385166
0.341804
0.196147
0.662
0.662
0.178848
0.662
0.503443
0.662
0.662
0.506846
0.344052
0.60692
0.662
0.662
0.438467
0.64954
0.662
0.662
0.662
0.662
0.0299669
0.0477896
0.662
0.662
0.662
0.256071
0.180871
0.1263
0.662
0.662
0.662
0.454945
0.662
0.205647
0.662
0.662
0.202944
0.662
0.406739
0.662
0.662
0.309357
0.131158
0.662
0.662
0.662
0.662
0.662
0.662
0.0959897
0.246444
0.469437
0.103974
0.662
0.422108
0.211863
0.662
0.662
0.662
0.662
0.662
0.348005
0.256427
0.662
0.662
0.662
0.318263
0.662
0.0537658
0.662
0.595284
0.633391
0.346952
0.284819
0.235039
0.473951
0.113655
0.318885
0.662
0.423257
0.662
0.662
0.0323519
0.662
0.364855
0.662
0.662
0.662
0.279763
0.159303
0.376594
0.662
0.662
0.662
0.312722
0.420565
0.662
0.032689
0.0971965
0.44555
0.662
0.354189
0.135034
0.662
0.0829321
0.662
0.101397
0.26538
0.11772
0.340698
0.662
0.662
0.662
0.378236
0.0884755
0.0786536
0.0556977
0.662
0.662
0.662
0.662
0.662
0.662
0.662
0.662
0.00331941
0.116142
0.662
0.662
0.366755
0.662
0.126929
0.359892
0.662
0.662
0.367018
0.0228662
0.662
0.394617
0.662
0.00631117
0.520359
0.662
0.22332
0.284297
0.110781
0.662
0.662
0.662
0.472003
0.662
0.113405
0.204276
0.390964
0.662
0.662
0.662
0.662
0.217192
0.26136
0.662
0.662
0.662
0.662
0.662
0.502696
0.662
0.068742
0.662
0.662
0.256053
0.14314
0.662
0.438762
0.662
0.252104
0.662
0.662
0.357865
0.0866779
0.418992
0.662
0.0152799
0.662
0.662
0.662
0.112266
0.662
0.662
0.277021
0.662
0.662
0.0953083
0.662
0.554303
0.162173
0.662
0.14741
0.273982
0.662
0.662
0.628391
0.662
0.662
0.662
0.457789
0.070582
0.449355
0.662
0.662
0.152063
0.662
0.505195
0.295088
0.141664
0.399592
0.21769
0.0339346
0.33718
0.662
0.662
0.168791
0.0803317
0.662
0.662
0.662
0.558541
0.0992341
0.662
0.0583264
0.662
0.0811401
0.241726
0.471649
0.113953
0.662
0.662
0.662
0.662
0.662
0.338105
0.662
0.662
0.221209
0.444225
0.535398
0.662
0.353639
0.15062
0.662
0.0594877
0.662
0.244891
0.662
0.325734
0.662
0.594841
0.662
0.662
0.662
0.313285
0.163658
0.662
0.662
0.387831
0.662
0.662
0.662
0.414441
0.0768391
0.662
0.662
0.372036
0.472549
0.662
0.45784
0.662
0.375804
0.662
0.662
0.662
0.296491
0.662
0.223028
0.258825
0.244971
0.662
0.662
0.27294
0.0109971
0.662
0.662
0.662
0.662
0.157701
0.662
0.0244198
0.197085
0.398108
0.242148
0.662
0.415324
0.662
0.662
0.662
0.662
0.662
0.461668
0.203694
0.662
0.662
0.662
0.662
0.387761
0.662
0.197583
0.444074
0.563083
0.50839
0.405969
0.662
0.208866
0.288465
0.264596
0.427365
0.662
0.662
0.662
0.662
0.662
0.326159
0.662
0.37236
0.662
0.460951
0.0380811
0.100593
0.10051
0.478955
0.662
0.662
0.662
0.478253
0.662
0.138824
0.198184
0.195849
0.204654
0.0465001
0.167233
0.662
0.662
0.220877
0.479534
0.662
0.335192
0.662
0.358928
0.0638704
0.443367
0.474562
0.662
0.662
0.662
0.662
0.0192492
0.338395
0.322678
0.662
0.662
0.662
0.0565343
0.472147
0.0729889
0.302282
0.662
0.662
0.450318
0.662
0.662
0.662
0.408071
0.662
0.662
0.327367
0.662
0.662
0.146003
0.662
0.659659
0.365253
0.662
0.349855
0.0633636
0.662
0.662
0.513953
0.662
0.323318
0.367628
0.346464
0.40918
0.662
0.662
0.662
0.662
0.266181
0.662
0.296402
0.244048
0.0141907
0.234279
0.662
0.662
0.351563
0.432693
0.662
0.662
0.662
0.662
0.269634
0.403833
0.662
0.390252
0.0961892
0.540772
0.662
0.662
0.468956
0.215789
0.215233
0.662
0.498258
0.447424
0.296362
0.187744
0.662
0.55298
0.662
0.662
0.0791018
0.0918739
0.662
0.347557
0.633694
0.662
0.662
0.662
0.271725
0.330389
0.0308024
0.24293
0.174629
0.662
0.168209
0.15429
0.461524
0.662
0.662
0.249336
0.662
0.662
0.662
0.662
0.422335
0.0772701
0.662
0.661317
0.662
0.662
0.662
0.445706
0.662
0.662
0.0154684
0.662
0.389937
0.446872
0.350517
0.377373
0.662
0.345581
0.0497946
0.662
0.294421
0.662
0.404302
0.133286
0.137185
0.662
0.662
0.206493
0.662
0.662
0.63339
0.196044
0.662
0.313047
0.110556
