0.556858
0.227751
0.662
0.662
0.427859
0.662
0.662
0.662
0.258404
0.662
0.662
0.662
0.19343
0.662
0.534941
0.662
0.662
0.662
0.257335
0.662
0.601135
0.662
0.347765
0.329422
0.662
0.662
0.662
0.355028
0.662
0.477016
0.662
0.183782
0.662
0.662
0.662
0.199573
0.662
0.662
0.455386
0.662
0.243472
0.662
0.451734
0.662
0.215916
0.133236
0.282742
0.159682
0.47436
0.662
0.662
0.196348
0.662
0.409218
0.241634
0.662
0.662
0.662
0.120774
0.662
0.52688
0.369842
0.662
0.662
0.662
0.0411016
0.209402
0.377203
0.270087
0.160101
0.235317
0.662
0.63339
0.662
0.662
0.662
0.103237
0.662
0.662
0.662
0.662
0.439352
0.581651
0.662
0.662
0.216511
0.454129
0.662
0.662
0.263921
0.0165616
0.662
0.662
0.662
0.662
0.662
0.616144
0.662
0.662
0.457084
0.662
0.202613
0.662
0.366732
0.207202
0.662
0.00830331
0.662
0.662
0.0471693
0.662
0.468651
0.662
0.334401
0.662
0.247116
0.662
0.482784
0.0196339
0.533714
0.662
0.662
0.662
0.662
0.254983
0.662
0.18586
0.359631
0.662
0.662
0.0858096
0.573327
0.662
0.662
0.662
0.662
0.662
0.213324
0.662
0.662
0.662
0.662
0.282797
0.662
0.662
0.334254
0.662
0.40182
0.662
0.662
0.0055931
0.662
0.662
0.299463
0.0197749
0.662
0.404892
0.662
0.311949
0.271441
0.397618
0.458128
0.662
0.150413
0.307924
0.370281
0.417265
0.662
0.662
0.0154077
0.662
0.137763
0.138534
0.662
0.662
0.222343
0.662
0.662
0.446089
0.164485
0.662
0.662
0.662
0.359093
0.0722418
0.190942
0.662
0.0732096
0.662
0.0267312
0.375484
0.662
0.0354863
0.409773
0.662
0.446927
0.366484
0.662
0.662
0.211376
0.245674
0.180928
0.662
0.419921
0.283152
0.662
0.662
0.662
0.662
0.662
0.662
0.662
0.355374
0.358078
0.128385
0.199909
0.662
0.0142011
0.662
0.662
0.662
0.322127
0.662
0.662
0.662
0.560019
0.662
0.662
0.662
0.519564
0.382402
0.662
0.662
0.662
0.662
0.044009
0.447621
0.662
0.275218
0.466668
0.42717
0.662
0.236163
0.662
0.351354
0.333855
0.0355143
0.662
0.662
0.289376
0.244407
0.559046
0.354537
0.114273
0.662
0.662
0.662
0.00369598
0.662
0.550505
0.662
0.427951
0.132201
0.662
0.0857485
0.559336
0.662
0.292687
0.662
0.662
0.662
0.255231
0.154688
0.662
0.662
0.662
0.0670005
0.662
0.662
0.662
0.45595
0.662
0.517424
0.33816
0.100982
0.662
0.662
0.662
0.662
0.390908
0.662
0.662
0.662
0.272296
0.662
0.285284
0.662
0.662
0.0454084
0.662
0.422472
0.0206329
0.224182
0.662
0.526529
0.662
0.662
0.170598
0.662
0.353692
0.662
0.246094
0.544337
0.662
0.3745
0.662
0.662
0.662
0.230367
0.662
0.662
0.662
0.285487
0.443171
0.0726885
0.662
0.662
0.547577
0.662
0.25435
0.130888
0.020998
0.122629
0.213071
0.4736
0.460237
0.662
0.0957477
0.662
0.391398
0.594464
0.662
0.662
0.662
0.473076
0.662
0.0761407
0.662
0.0931354
0.457852
0.662
0.428637
0.662
0.175246
0.662
0.662
0.218011
0.340063
0.304132
0.662
0.662
0.0168501
0.662
0.00956691
0.662
0.662
0.662
0.34509
0.310571
0.662
0.298043
0.30734
0.658075
0.187533
0.10795
0.662
0.662
0.469756
0.443807
0.369307
0.662
0.159966
0.0864065
0.44429
0.662
0.408785
0.662
0.662
0.662
0.662
0.498773
0.255531
0.662
0.47099
0.300033
0.422482
0.361825
0.171307
0.367459
0.278998
0.662
0.284346
0.662
0.329467
0.662
0.437295
0.22391
0.662
0.662
0.209565
0.0193674
0.662
0.349874
0.662
0.662
0.662
0.662
0.0564988
0.367862
0.662
0.662
0.2547
0.662
0.226112
0.208732
0.662
0.454962
0.645819
0.662
0.662
0.662
0.522284
0.233684
0.662
0.0166675
0.0826265
0.283077
0.662
0.662
0.474868
0.240051
0.233997
0.662
0.662
0.356099
0.121719
0.662
0.662
0.662
0.662
0.662
0.216747
0.19664
0.37428
0.662
0.145741
0.308415
0.373641
0.662
0.635475
0.00397748
0.136725
0.0934279
0.375331
0.464429
0.662
0.662
0.662
0.479014
0.662
0.662
0.0692034
0.662
0.436331
0.0868193
0.662
0.301706
0.662
0.273727
0.662
0.662
0.34951
0.648723
0.241714
0.662
0.662
0.662
0.426631
0.662
0.662
0.39802
0.471852
0.322687
0.211555
0.410002
0.264887
0.662
0.330243
0.662
0.434398
0.0123123
0.662
0.662
0.662
0.662
0.384375
0.273751
0.662
0.662
0.662
0.230481
0.662
0.662
0.662
0.662
0.662
0.662
0.662
0.662
0.342513
0.460627
0.662
0.662
0.662
0.662
0.118292
0.662
0.431217
0.662
0.662
0.662
0.00544099
0.662
0.402904
0.662
0.0379467
0.662
0.662
0.662
0.662
0.662
0.662
0.662
0.662
0.662
0.433489
0.449145
0.662
0.662
0.477572
0.440673
0.662
0.662
0.266528
0.662
0.210183
0.662
0.318322
0.662
0.421935
0.662
0.662
0.556872
0.662
0.211329
0.662
0.662
0.662
0.662
0.508258
0.255476
0.662
0.662
0.662
0.424664
0.662
0.662
0.662
0.400462
0.662
0.662
0.332987
0.662
0.380973
0.373865
0.121786
0.067455
0.662
0.620108
0.439012
0.662
0.662
0.662
0.662
0.103013
0.662
0.662
0.662
0.662
0.662
0.0661798
0.073387
0.303131
0.4542
0.662
0.00374037
0.662
0.662
0.221124
0.662
0.427121
0.662
0.0400688
0.341798
0.491855
0.180472
0.41506
0.662
0.00200827
0.662
0.323382
0.662
0.494945
0.662
0.662
0.662
0.45127
0.298856
0.662
0.662
0.662
0.662
0.102157
0.42261
0.104173
0.662
0.450165
0.289801
0.662
0.486974
0.010047
0.662
0.662
0.662
0.44041
0.157479
0.662
0.662
0.662
0.662
0.224249
0.662
0.662
0.662
0.662
0.155802
0.662
0.400564
0.175288
0.662
0.185623
0.662
0.662
0.281238
0.662
0.625836
0.377886
0.283455
0.662
0.662
0.662
0.662
0.662
0.662
0.662
0.430482
0.662
0.469141
0.662
0.464291
0.662
0.123256
0.0609867
0.238397
0.662
0.662
0.662
0.662
0.210932
0.662
0.294767
0.662
0.662
0.436486
0.662
0.28205
0.662
0.191579
0.662
0.156327
0.662
