0.141664
0.662
0.662
0.662
0.378732
0.662
0.62897
0.662
0.235363
0.0246689
0.205703
0.662
0.662
0.662
0.492334
0.246304
0.662
0.422335
0.0777597
0.662
0.356829
0.662
0.662
0.258963
0.662
0.662
0.00801903
0.662
0.450678
0.662
0.312937
0.530731
0.355088
0.239482
0.444074
0.662
0.662
0.21376
0.477628
0.662
0.223028
0.662
0.282388
0.420228
0.299863
0.0474994
0.167233
0.662
0.662
0.137185
0.662
0.350091
0.662
0.662
0.073071
0.662
0.662
0.0154684
0.662
0.662
0.0585075
0.662
0.269795
0.662
0.662
0.114618
0.0536009
0.464162
0.662
0.213063
0.662
0.662
0.0633636
0.42868
0.662
0.662
0.168791
0.215402
0.137258
0.188632
0.662
0.425897
0.662
0.662
0.662
0.662
0.0992341
0.662
0.662
0.662
0.662
0.662
0.281903
0.662
0.010143
0.662
0.215789
0.662
0.662
0.662
0.662
0.662
0.662
0.0189859
0.662
0.288925
0.112932
0.662
0.662
0.262904
0.662
0.386496
0.662
0.558541
0.662
0.662
0.0261599
0.662
0.338395
0.0899705
0.231052
0.662
0.40007
0.662
0.662
0.662
0.0726032
0.662
0.0917567
0.127279
0.662
0.662
0.662
0.662
0.486613
0.221209
0.662
0.595284
0.55298
0.0223627
0.150316
0.662
0.662
0.662
0.109043
0.274289
0.380877
0.662
0.662
0.662
0.662
0.367936
0.662
0.482014
0.662
0.662
0.662
0.662
0.662
0.662
0.662
0.107392
0.662
0.662
0.421936
0.290299
0.662
0.662
0.374725
0.662
0.662
0.304487
0.662
0.662
0.157701
0.662
0.50839
0.0776137
0.110556
0.662
0.662
0.138824
0.0768391
0.389115
0.473951
0.154993
0.662
0.662
0.662
0.662
0.662
0.662
0.0825854
0.662
0.269634
0.48796
0.302343
0.662
0.662
0.271367
0.133349
0.633694
0.428315
0.14314
0.662
0.662
0.662
0.662
0.662
0.215233
0.0341541
0.662
0.662
0.149855
0.347326
0.662
0.662
0.150655
0.450318
0.243372
0.22231
0.662
0.662
0.662
0.0125956
0.662
0.662
0.662
0.356072
0.471632
0.196147
0.662
0.145707
0.662
0.662
0.440409
0.662
0.431865
0.662
0.0870464
0.662
0.0112026
0.23805
0.662
0.000658638
0.662
0.662
0.662
0.424932
0.662
0.662
0.662
0.662
0.662
0.391991
0.662
0.662
0.662
0.662
0.662
0.662
0.662
0.662
0.662
0.662
0.152063
0.0228422
0.662
0.0598152
0.662
0.662
0.15062
0.662
0.662
0.217455
0.217192
0.452003
0.662
0.205647
0.662
0.286873
0.662
0.377373
0.662
0.403552
0.137583
0.662
0.466802
0.662
0.269568
0.296402
0.662
0.662
0.301065
0.478253
0.662
0.662
0.111443
0.662
0.37887
0.662
0.662
0.289793
0.662
0.354959
0.0638704
0.662
0.0437961
0.185848
0.662
0.662
0.0261422
0.389937
0.662
0.662
0.662
0.116142
0.662
0.475424
0.187821
0.662
0.24293
0.370058
0.662
0.662
0.662
0.165264
0.449355
0.662
0.662
0.188418
0.662
0.426801
0.361858
0.662
0.406396
0.410194
0.255905
0.0818149
0.662
0.245353
0.394617
0.662
0.662
0.662
0.456109
0.107584
0.662
0.195849
0.443969
0.0803317
0.662
0.662
0.662
0.599132
0.291898
0.372168
0.662
0.0953083
0.662
0.0347776
0.380143
0.264746
0.427365
0.662
0.662
0.662
0.133286
0.65931
0.330389
0.258901
0.662
0.662
0.136652
0.000494379
0.256261
0.604018
0.662
0.662
0.662
0.662
0.662
0.34801
0.279763
0.474795
0.267293
0.499665
0.481518
0.662
0.662
0.209432
0.339227
0.662
0.662
0.423762
0.403833
0.662
0.662
0.662
0.443747
0.662
0.662
0.0400269
0.220247
0.207095
0.213929
0.662
0.184333
0.662
0.0556977
0.263843
0.662
0.662
0.662
0.662
0.578154
0.0381209
0.662
0.0460942
0.289026
0.416752
0.662
0.662
0.396795
0.662
0.662
0.300903
0.320722
0.662
0.256538
0.662
0.0656456
0.461524
0.662
0.0577122
0.10051
0.0786536
0.662
0.662
0.662
0.39377
0.662
0.126929
0.662
0.662
0.662
0.507891
0.367018
0.138729
0.662
0.208866
0.185574
0.662
0.450053
0.257634
0.662
0.662
0.436054
0.131103
0.662
0.662
0.348005
0.204907
0.662
0.133002
0.0662059
0.0971573
0.662
0.408071
0.662
0.350273
0.662
0.258815
0.662
0.662
0.346111
0.14741
0.662
0.313285
0.192914
0.662
0.662
0.662
0.662
0.139662
0.291143
0.513953
0.662
0.662
0.662
0.346952
0.228899
0.350517
0.0716658
0.190891
0.662
0.111503
0.662
0.662
0.662
0.137945
0.168209
0.662
0.662
0.343975
0.209209
0.492481
0.535398
0.26847
0.662
0.662
0.318263
0.186026
0.662
0.662
0.382163
0.0605695
0.445581
0.302282
0.662
0.662
0.662
0.335653
0.0772701
0.662
0.399132
0.662
0.511552
0.662
0.127557
0.262133
0.662
0.0456353
0.662
0.00317403
0.197085
0.454945
0.662
0.0283774
0.12379
0.406739
0.662
0.662
0.206817
0.662
0.35466
0.206493
0.662
0.662
0.662
0.509783
0.662
0.384651
0.460951
0.425341
0.662
0.662
0.0200412
0.662
0.0369627
0.442652
0.662
0.325246
0.662
0.662
0.122719
0.317831
0.662
0.662
0.146479
0.0598317
0.662
0.310167
0.0141907
0.44805
0.109736
0.322943
0.0380811
0.338105
0.662
0.662
0.0602876
0.662
0.662
0.103867
0.220877
0.662
0.631069
0.662
0.662
0.662
0.100932
0.471649
0.662
0.0959897
0.596244
0.437113
0.662
0.387508
0.0811406
0.294257
