0.234632
0.0154856
0.194775
0.662
0.662
0.0157438
0.662
0.662
0.473349
0.417465
0.193556
0.107025
0.662
0.662
0.662
0.489753
0.327367
0.179927
0.219237
0.474256
0.662
0.662
0.295088
0.662
0.312722
0.0337694
0.184698
0.662
0.09088
0.662
0.483666
0.662
0.662
0.662
0.662
0.0305244
0.275046
0.662
0.662
0.662
0.135837
0.370367
0.306912
0.393495
0.640539
0.238988
0.206351
0.662
0.662
0.662
0.406307
0.101831
0.453077
0.127833
0.171543
0.662
0.662
0.317937
0.212586
0.439041
0.043704
0.662
0.662
0.101785
0.662
0.662
0.206639
0.349308
0.662
0.662
0.662
0.0876686
0.662
0.662
0.662
0.168171
0.662
0.662
0.662
0.662
0.662
0.358183
0.662
0.662
0.371471
0.326855
0.662
0.662
0.11654
0.662
0.367579
0.319598
0.5264
0.662
0.0667155
0.662
0.662
0.414494
0.662
0.662
0.0596424
0.377373
0.662
0.662
0.0205162
0.126929
0.0617458
0.273982
0.662
0.430938
0.217593
0.662
0.135425
0.472147
0.662
0.662
0.309489
0.662
0.631343
0.307354
0.0172228
0.540772
0.391051
0.662
0.221098
0.469437
0.662
0.662
0.662
0.662
0.286553
0.662
0.662
0.158152
0.0713541
0.134226
0.444854
0.32497
0.16387
0.662
0.662
0.662
0.249875
0.167233
0.662
0.425723
0.662
0.662
0.662
0.142701
0.234635
0.662
0.662
0.662
0.662
0.29689
0.127057
0.358928
0.662
0.305857
0.662
0.662
0.662
0.1263
0.0395202
0.382237
0.662
0.0731776
0.662
0.257315
0.106556
0.662
0.328156
0.662
0.461668
0.435638
0.662
0.662
0.2095
0.144556
0.330389
0.295501
0.662
0.294372
0.0289135
0.662
0.662
0.375709
0.662
0.351563
0.662
0.662
0.662
0.319027
0.450802
0.453502
0.401796
0.662
0.0903887
0.219934
0.00331941
0.662
0.662
0.128481
0.284368
0.662
0.458918
0.662
0.662
0.246993
0.028493
0.662
0.662
0.662
0.508481
0.662
0.662
0.0656794
0.662
0.2654
0.256053
0.255066
0.662
0.156704
0.446872
0.662
0.330522
0.375942
0.662
0.0561496
0.183142
0.393894
0.157491
0.0507857
0.336818
0.17234
0.662
0.42395
0.382148
0.265908
0.662
0.662
0.662
0.662
0.125263
0.208044
0.662
0.325301
0.662
0.662
0.662
0.472449
0.291346
0.662
0.662
0.221644
0.662
0.662
0.0770497
0.662
0.662
0.386101
0.257575
0.0307657
0.662
0.662
0.439278
0.662
0.662
0.384709
0.64954
0.0244198
0.662
0.457281
0.662
0.662
0.234891
0.662
0.277722
0.0736961
0.385439
0.662
0.662
0.662
0.0984996
0.107242
0.662
0.662
0.445917
0.662
0.662
0.185698
0.307905
0.419668
0.435937
0.662
0.662
0.0259623
0.396384
0.662
0.662
0.662
0.241927
0.662
0.0743646
0.662
0.662
0.287275
0.38758
0.662
0.662
0.662
0.335192
0.662
0.662
0.504539
0.089954
0.662
0.662
0.662
0.568291
0.662
0.21423
0.264065
0.312399
0.378492
0.244854
0.662
0.112266
0.462604
0.662
0.0728476
0.662
0.662
0.213822
0.368431
0.381857
0.366297
0.0372916
0.158585
0.245924
0.419796
0.212905
0.435903
0.12379
0.662
0.662
0.662
0.662
0.0339176
0.47001
0.662
0.281192
0.662
0.662
0.452504
0.662
0.662
0.0186428
0.662
0.43387
0.130945
0.662
0.662
0.662
0.255938
0.241827
0.423939
0.662
0.662
0.662
0.203958
0.662
0.662
0.662
0.662
0.662
0.662
0.662
0.662
0.303084
0.267336
0.477721
0.609027
0.662
0.190815
0.655621
0.662
0.662
0.662
0.662
0.662
0.485213
0.662
0.662
0.662
0.662
0.0152799
0.387822
0.662
0.438467
0.168209
0.125194
0.324615
0.662
0.169114
0.662
0.662
0.662
0.596367
0.662
0.654887
0.221042
0.0716658
0.662
0.662
0.390595
0.662
0.662
0.662
0.662
0.0140241
0.420201
0.662
0.62897
0.662
0.365456
0.215896
0.209301
0.406146
0.13962
0.343119
0.662
0.662
0.662
0.190273
0.662
0.662
0.662
0.662
0.662
0.529088
0.662
0.662
0.450578
0.160002
0.472003
0.151853
0.662
0.662
0.662
0.156746
0.662
0.662
0.387831
0.411141
0.662
0.26717
0.662
0.662
0.350296
0.662
0.662
0.308871
0.372161
0.450924
0.23022
0.495368
0.0198472
0.662
0.40592
0.24609
0.662
