0.662
0.662
0.662
0.0960675
0.662
0.662
0.22353
0.105965
0.662
0.662
0.431792
0.662
0.14791
0.425568
0.662
0.0898014
0.662
0.662
0.310679
0.423586
0.11782
0.0987986
0.662
0.662
0.203523
0.662
0.662
0.421911
0.662
0.662
0.00342553
0.328312
0.662
0.662
0.456654
0.103828
0.335465
0.256322
0.405968
0.662
0.0238947
0.362948
0.476757
0.215677
0.662
0.408712
0.662
0.469355
0.662
0.662
0.662
0.662
0.289511
0.662
0.176436
0.662
0.456146
0.454034
0.662
0.662
0.652732
0.662
0.368821
0.662
0.662
0.124149
0.662
0.437932
0.662
0.198739
0.662
0.239667
0.662
0.274741
0.662
0.217301
0.168306
0.662
0.495943
0.662
0.367633
0.662
0.327677
0.662
0.157219
0.662
0.662
0.0994255
0.183211
0.448592
0.353529
0.416917
0.662
0.330815
0.662
0.662
0.449266
0.403476
0.368422
0.662
0.204226
0.485711
0.0512126
0.325278
0.0700359
0.188567
0.317302
0.209504
0.291379
0.662
0.0168864
0.662
0.662
0.283232
0.0135014
0.662
0.448067
0.386575
0.662
0.662
0.340352
0.578429
0.662
0.0102294
0.0879887
0.662
0.662
0.662
0.662
0.662
0.232113
0.193384
0.344778
0.662
0.662
0.662
0.133084
0.662
0.146683
0.295006
0.662
0.662
0.240552
0.662
0.309279
0.260602
0.475935
0.126928
0.345114
0.662
0.662
0.662
0.662
0.435304
0.662
0.47591
0.0932094
0.662
0.232724
0.0533203
0.662
0.662
0.0337386
0.662
0.443463
0.662
0.662
0.662
0.308695
0.220256
0.662
0.0544494
0.410722
0.304831
0.662
0.649705
0.662
0.333218
0.000576119
0.662
0.662
0.662
0.662
0.455685
0.662
0.418717
0.662
0.240665
0.662
0.662
0.405798
0.662
0.496781
0.662
0.662
0.130631
0.662
0.662
0.390097
0.487554
0.662
0.662
0.662
0.511225
0.662
0.339609
0.100905
0.662
0.222926
0.397208
0.107287
0.0998015
0.662
0.662
0.500527
0.295726
0.196667
0.662
0.0206257
0.662
0.662
0.418478
0.662
0.662
0.662
0.662
0.662
0.662
0.0063794
0.218144
0.284261
0.396427
0.330913
0.101329
0.346046
0.499033
0.10179
0.662
0.291301
0.361191
0.332617
0.662
0.662
0.662
0.371418
0.408986
0.662
0.662
0.20961
0.273671
0.106553
0.662
0.662
0.118382
0.297945
0.662
0.0650348
0.662
0.157905
0.662
0.662
0.0188267
0.328334
0.416289
0.205758
0.662
0.662
0.145704
0.213038
0.662
0.662
0.252965
0.662
0.662
0.56613
0.388926
0.0871442
0.593911
0.0579902
0.0764281
0.662
0.662
0.662
0.289231
0.0531416
0.662
0.662
0.209568
0.568227
0.662
0.662
0.000563044
0.168971
0.662
0.662
0.662
0.662
0.10341
0.662
0.142087
0.662
0.662
0.662
0.662
0.662
0.356988
0.662
0.662
0.662
0.662
0.0125238
0.662
0.0425379
0.304847
0.493847
0.291524
0.662
0.662
0.570681
0.662
0.210046
0.200562
0.662
0.143843
0.662
0.662
0.141429
0.662
0.0599218
0.662
0.662
0.662
0.0338325
0.662
0.198224
0.182386
0.662
0.662
0.186717
0.662
0.662
0.662
0.662
0.365019
0.541733
0.00278841
0.238907
0.662
0.662
0.0546715
0.662
0.662
0.662
0.409646
0.471656
0.662
0.305546
0.662
0.662
0.662
0.0413631
0.175942
0.554878
0.166099
0.662
0.392694
0.662
0.301039
0.531429
0.364219
0.0429622
0.662
0.662
0.114195
0.396251
0.171299
0.662
0.662
0.662
0.519673
0.662
0.662
0.268108
0.662
0.126624
0.662
0.432877
0.160106
0.662
0.662
0.22145
0.662
0.0598496
0.662
0.662
0.662
0.252503
0.662
0.662
0.662
0.409197
0.0262691
0.115237
0.662
0.662
0.662
0.384759
0.662
0.662
0.430117
0.336795
0.662
0.662
0.628982
0.328012
0.662
0.662
0.662
0.42573
0.0611076
0.662
0.662
0.09807
0.0895079
0.174843
0.098081
0.662
0.662
0.421228
0.0723596
0.347536
0.292292
