0.662
0.430938
0.662
0.662
0.662
0.662
0.458918
0.662
0.662
0.236212
0.662
0.190815
0.662
0.662
0.570645
0.662
0.317586
0.662
0.0383618
0.115793
0.317203
0.662
0.0305244
0.127057
0.662
0.662
0.423939
0.662
0.172827
0.662
0.662
0.662
0.640539
0.27294
0.662
0.151853
0.662
0.018164
0.662
0.281112
0.32497
0.662
0.462604
0.0656794
0.662
0.662
0.662
0.459839
0.384709
0.662
0.662
0.662
0.291346
0.662
0.662
0.662
0.662
0.0285355
0.0644072
0.0774178
0.377897
0.662
0.662
0.662
0.662
0.624937
0.390595
0.662
0.439041
0.313779
0.289577
0.314443
0.275305
0.662
0.123812
0.0879655
0.662
0.213097
0.56402
0.331359
0.06786
0.662
0.662
0.662
0.662
0.662
0.312399
0.378492
0.662
0.349564
0.496686
0.662
0.384271
0.382821
0.662
0.662
0.662
0.113346
0.662
0.0395202
0.386101
0.662
0.234891
0.662
0.662
0.662
0.662
0.300064
0.127833
0.390516
0.293795
0.662
0.30454
0.662
0.0339176
0.192814
0.662
0.662
0.662
0.662
0.662
0.0440655
0.662
0.0911554
0.662
0.239033
0.662
0.385506
0.662
0.146003
0.144244
0.219934
0.662
0.47591
0.350296
0.0264539
0.662
0.450802
0.662
0.662
0.159033
0.335192
0.0198472
0.662
0.662
0.662
0.662
0.106556
0.193369
0.662
0.662
0.662
0.0140774
0.267336
0.662
0.662
0.089954
0.662
0.132083
0.662
0.210708
0.24609
0.662
0.29685
0.414494
0.100857
0.100403
0.495368
0.662
0.499121
0.662
0.662
0.328156
0.662
0.613791
0.662
0.662
0.295088
0.356135
0.501134
0.421515
0.662
0.662
0.662
0.0812069
0.330522
0.469437
0.662
0.212905
0.662
0.11654
0.205798
0.283182
0.662
0.662
0.40592
0.609027
0.662
0.662
0.365253
0.662
0.662
0.662
0.150619
0.0606815
0.312722
0.0871442
0.622647
0.662
0.169114
0.411108
0.662
0.0736961
0.662
0.662
0.113504
0.367579
0.344575
0.406146
0.662
0.0561496
0.283232
0.662
0.16169
0.241927
0.662
0.333712
0.183142
0.662
0.238907
0.411141
0.662
0.422544
0.662
0.662
0.662
0.662
0.194162
0.0728476
0.224507
0.662
0.0752954
0.125263
0.662
0.255066
0.662
0.662
0.662
0.662
0.662
0.662
0.294372
0.135837
0.662
0.662
0.362441
0.662
0.662
0.52989
0.662
0.662
0.420201
0.662
0.662
0.662
0.0928834
0.662
0.662
0.473349
0.382237
0.662
0.662
0.286553
0.173056
0.662
0.446872
0.662
0.662
0.151317
0.662
0.387822
0.662
0.348994
0.43387
0.00296748
0.662
0.368539
0.662
0.257575
0.662
0.112266
0.662
0.662
0.300517
0.662
0.364475
0.489753
0.662
0.295501
0.662
0.0693971
0.419668
0.169937
0.662
0.662
0.662
0.662
0.662
0.662
0.662
0.219237
0.662
0.662
0.32859
0.662
0.662
0.662
0.662
0.662
0.662
0.504918
0.432787
0.662
0.662
0.0906402
0.0570811
0.662
0.158585
0.391051
0.662
0.662
0.319027
0.662
0.153309
0.00896919
0.183211
0.662
0.662
0.662
0.662
0.09088
0.261276
0.244535
0.662
0.359835
0.562204
0.304736
0.662
0.662
0.329158
0.662
0.662
0.662
0.662
0.655621
0.110309
0.411176
0.662
0.662
0.366297
0.199164
0.662
0.662
0.38758
0.662
0.551679
0.289097
0.662
0.662
0.662
0.444854
0.449266
0.49427
0.305857
0.028493
0.662
0.474599
0.184698
0.33493
0.274841
0.0998015
0.438467
0.409486
0.662
0.406527
0.662
0.462361
0.0205162
0.662
0.156006
0.662
0.210046
0.00526203
0.662
0.662
0.144556
0.0337386
0.330883
0.0548221
0.662
0.662
0.298726
0.662
0.662
0.662
0.662
0.662
0.156746
0.452504
0.662
0.662
0.16387
0.154408
0.662
0.175328
0.662
0.23998
0.662
0.568227
0.0188267
0.662
0.107242
0.275046
0.662
0.662
0.336818
0.596367
0.662
0.662
0.585785
0.0466911
0.662
0.179927
0.662
0.332037
0.456239
0.125194
0.0526588
0.192624
0.504539
0.160529
0.662
0.662
0.662
0.246361
0.3689
0.466778
0.662
0.532627
0.364767
0.662
0.662
0.317937
0.227456
0.662
0.114696
0.662
0.342362
