0.662
0.551679
0.239033
0.320961
0.662
0.363841
0.662
0.406247
0.286553
0.422544
0.662
0.662
0.662
0.662
0.662
0.662
0.412125
0.662
0.662
0.430938
0.662
0.662
0.662
0.662
0.662
0.103828
0.662
0.228686
0.434998
0.662
0.281407
0.662
0.662
0.108063
0.662
0.662
0.662
0.446356
0.662
0.662
0.0879655
0.662
0.662
0.243281
0.1103
0.0879887
0.312696
0.662
0.662
0.662
0.662
0.662
0.662
0.662
0.662
0.00526203
0.392474
0.387822
0.468954
0.218144
0.35336
0.662
0.449859
0.662
0.662
0.662
0.662
0.662
0.662
0.662
0.0932094
0.289479
0.662
0.419399
0.22353
0.201018
0.194162
0.198224
0.23998
0.356988
0.449266
0.0554681
0.662
0.662
0.662
0.0577819
0.662
0.295611
0.284616
0.138922
0.662
0.346651
0.662
0.433647
0.662
0.149271
0.126624
0.662
0.14755
0.662
0.238907
0.662
0.0179867
0.662
0.662
0.039745
0.499121
0.336792
0.662
0.26858
0.662
0.362441
0.662
0.0154856
0.0727262
0.662
0.662
0.454458
0.382618
0.662
0.332037
0.662
0.662
0.0198472
0.568227
0.163132
0.47591
0.146683
0.421911
0.662
0.662
0.0278973
0.527972
0.662
0.0140774
0.289231
0.33868
0.280203
0.33493
0.662
0.662
0.29685
0.662
0.14469
0.662
0.146742
0.386575
0.100857
0.00255681
0.662
0.662
0.662
0.662
0.662
0.662
0.662
0.453804
0.0413631
0.662
0.662
0.00296748
0.186935
0.662
0.320571
0.662
0.662
0.662
0.283232
0.166099
0.20203
0.662
0.255056
0.662
0.662
0.662
0.368431
0.128292
0.662
0.38161
0.362561
0.662
0.0570811
0.262906
0.391051
0.662
0.421515
0.334733
0.124149
0.662
0.30454
0.662
0.662
0.662
0.662
0.414494
0.662
0.662
0.609027
0.662
0.150626
0.662
0.662
0.543904
0.662
0.157491
0.363681
0.662
0.629696
0.662
0.0315746
0.662
0.662
0.16169
0.662
0.0723596
0.662
0.662
0.662
0.235593
0.330913
0.662
0.662
0.662
0.00983086
0.662
0.441368
0.662
0.662
0.662
0.662
0.662
0.0337694
0.0811076
0.662
0.328012
0.662
0.662
0.662
0.662
0.662
0.662
0.481802
0.365019
0.104777
0.32859
0.406022
0.662
0.486207
0.662
0.662
0.662
0.238483
0.468444
0.156314
0.662
0.662
0.232207
0.240665
0.662
0.332022
0.337662
0.662
0.662
0.500527
0.662
0.662
0.264966
0.209496
0.662
0.662
0.662
0.662
0.0743646
0.371465
0.662
0.466778
0.209504
0.662
0.662
0.662
0.662
0.179008
0.662
0.662
0.443316
0.237854
0.662
0.117912
0.0523098
0.662
0.317937
0.662
0.125947
0.662
0.304847
0.356135
0.662
0.56613
0.662
0.0871442
0.125977
0.662
0.219934
0.662
0.662
0.439074
0.662
0.207628
0.662
0.662
0.409486
0.0895079
0.362163
0.473349
0.662
0.0560373
0.662
0.662
0.662
0.3689
0.344575
0.104105
0.662
0.662
0.662
0.662
0.662
0.290655
0.0466911
0.0784454
0.662
0.662
0.662
0.407515
0.662
0.662
0.219833
0.283182
0.662
0.662
0.662
0.260602
0.662
0.169937
0.662
0.0526588
0.662
0.3966
0.662
0.0168864
0.256523
0.662
0.662
0.662
0.0419735
0.0338325
0.281642
0.0911688
0.662
0.107921
0.662
0.662
0.662
0.14646
0.286058
0.662
0.662
0.662
0.662
0.662
0.289149
0.335098
0.662
0.662
0.268674
0.553213
0.662
0.662
0.662
0.413335
0.0568334
0.32113
0.662
0.37257
0.662
0.301039
0.662
0.662
0.192694
0.662
0.443463
0.662
0.662
0.397208
0.172562
0.547109
0.662
0.662
0.662
0.341765
0.534063
0.319452
0.328156
0.219184
0.146101
0.662
0.267178
0.662
0.662
0.662
0.662
0.418717
0.304831
0.662
0.662
0.176436
0.662
0.0063794
0.480082
0.662
0.662
0.662
0.219237
0.662
0.183211
0.662
0.662
0.662
0.662
0.0736961
0.662
0.662
0.662
0.229353
0.273671
0.361721
0.206391
0.213038
0.126965
0.0435642
0.662
0.662
0.0429622
0.118382
0.662
0.259457
0.662
0.474599
0.662
0.304183
0.662
