0.384759
0.297945
0.662
0.662
0.662
0.662
0.662
0.192855
0.662
0.224302
0.043278
0.0554681
0.649705
0.330815
0.662
0.662
0.662
0.0237724
0.662
0.291301
0.408986
0.176436
0.0700359
0.344778
0.662
0.662
0.139919
0.455685
0.511225
0.1962
0.662
0.386575
0.268658
0.127088
0.260602
0.662
0.662
0.662
0.662
0.214257
0.662
0.592352
0.662
0.662
0.289231
0.662
0.662
0.662
0.662
0.0911554
0.662
0.662
0.662
0.662
0.338808
0.0998015
0.455569
0.0148408
0.390097
0.662
0.662
0.226636
0.554878
0.662
0.662
0.662
0.662
0.662
0.000563044
0.389025
0.662
0.662
0.662
0.42573
0.662
0.662
0.662
0.317371
0.201028
0.662
0.282201
0.341956
0.0879887
0.662
0.196918
0.662
0.0527671
0.289511
0.662
0.662
0.662
0.0120813
0.662
0.662
0.653318
0.662
0.309133
0.273671
0.10341
0.145704
0.284261
0.279403
0.662
0.418478
0.343263
0.662
0.662
0.353633
0.662
0.0598496
0.199133
0.115224
0.208611
0.662
0.662
0.662
0.229927
0.662
0.168971
0.122741
0.405968
0.190017
0.662
0.0063794
0.396427
0.409197
0.662
0.662
0.0276142
0.593911
0.469355
0.570681
0.105965
0.662
0.332219
0.662
0.662
0.662
0.662
0.662
0.662
0.0531416
0.662
0.662
0.403476
0.388926
0.0544494
0.662
0.662
0.448
0.662
0.296184
0.0932094
0.252503
0.123635
0.662
0.662
0.328312
0.662
0.346046
0.662
0.662
0.142087
0.210046
0.662
0.280608
0.146683
0.662
0.157219
0.662
0.662
0.18884
0.238398
0.578429
0.662
0.171299
0.449751
0.628982
0.662
0.126624
0.317302
0.662
0.220256
0.00464975
0.23711
0.662
0.662
0.662
0.446761
0.365019
0.662
0.408582
0.0611076
0.252965
0.286213
0.406872
0.662
0.662
0.432877
0.662
0.662
0.662
0.401713
0.408712
0.662
0.662
0.143843
0.662
0.662
0.562474
0.22145
0.0135014
0.662
0.335465
0.443463
0.100598
0.662
0.126928
0.0439147
0.662
0.368422
0.00531876
0.662
0.163813
0.118382
0.475935
0.264597
0.662
0.0330645
0.662
0.662
0.662
0.662
0.662
0.662
0.372545
0.00278841
0.662
0.662
0.662
0.662
0.662
0.662
0.148105
0.125301
0.100905
0.662
0.662
0.662
0.662
0.222926
0.662
0.662
0.0599994
0.205346
0.337855
0.570622
0.662
0.662
0.662
0.254005
0.418717
0.108331
0.662
0.103828
0.662
0.662
0.662
0.436559
0.662
0.662
0.662
0.662
0.198739
0.662
0.282548
0.662
0.187831
0.662
0.0994255
0.232724
0.361191
0.314808
0.662
0.662
0.662
0.662
0.662
0.629706
0.0871442
0.662
0.598106
0.282547
0.662
0.330913
0.405798
0.652732
0.662
0.662
0.174843
0.662
0.662
0.252995
0.431792
0.0153468
0.662
0.662
0.0155683
0.662
0.662
0.00342553
0.0168864
0.662
0.662
0.662
0.217301
0.662
0.662
0.662
0.662
0.662
0.662
0.370023
0.590226
0.130631
0.332617
0.214502
0.495943
0.662
0.662
0.553024
0.25682
0.0577819
0.435304
0.02368
0.662
0.000576119
0.0599218
0.430117
0.368821
0.662
0.56613
0.196667
0.662
0.420798
0.662
0.662
0.662
0.662
0.0315849
0.662
0.662
0.662
0.662
0.0425379
0.662
0.662
0.662
0.662
0.0512126
0.662
0.662
0.366835
0.204226
0.662
0.662
0.662
0.485711
0.662
0.662
0.662
0.305546
0.662
0.182386
0.662
0.321152
0.32528
0.662
0.0429622
0.172552
0.203523
0.119372
0.154408
0.662
0.310679
0.662
0.662
0.662
0.662
0.218144
0.662
0.662
0.215677
0.662
0.499033
0.662
0.662
0.421228
0.0960675
0.662
0.11782
0.141429
0.662
0.273241
0.295726
0.662
0.662
0.0338325
0.496781
0.541733
0.662
0.198091
0.662
0.476757
0.662
0.662
0.0121638
0.0206257
