0.127057
0.414494
0.662
0.662
0.662
0.430938
0.662
0.662
0.662
0.662
0.346651
0.14755
0.662
0.662
0.662
0.52989
0.662
0.662
0.138922
0.662
0.285476
0.662
0.406247
0.434998
0.662
0.118382
0.662
0.662
0.16169
0.183142
0.597751
0.350296
0.662
0.0736961
0.438467
0.662
0.662
0.662
0.662
0.662
0.662
0.241927
0.662
0.153309
0.0946174
0.662
0.662
0.250612
0.103828
0.325948
0.662
0.662
0.411176
0.235593
0.662
0.662
0.362163
0.0642531
0.662
0.662
0.662
0.392474
0.662
0.422544
0.49427
0.186717
0.633391
0.662
0.439041
0.104542
0.164339
0.662
0.662
0.56402
0.238483
0.305857
0.419399
0.662
0.289479
0.0998015
0.662
0.409486
0.356135
0.662
0.108063
0.261276
0.662
0.453804
0.662
0.662
0.662
0.662
0.365019
0.144244
0.662
0.662
0.473349
0.0110652
0.662
0.499121
0.662
0.190815
0.662
0.213097
0.439074
0.662
0.453683
0.662
0.553213
0.662
0.662
0.662
0.133925
0.496686
0.446872
0.662
0.210708
0.294372
0.662
0.662
0.534063
0.662
0.662
0.662
0.662
0.662
0.0976878
0.209496
0.662
0.662
0.256256
0.662
0.114827
0.469437
0.506139
0.391051
0.662
0.286553
0.169937
0.238907
0.159033
0.00526203
0.662
0.662
0.662
0.332037
0.662
0.662
0.662
0.662
0.662
0.662
0.662
0.206956
0.662
0.662
0.662
0.275914
0.662
0.193369
0.0577819
0.421515
0.662
0.662
0.423939
0.609027
0.495368
0.662
0.320571
0.662
0.0526588
0.662
0.662
0.662
0.332096
0.219237
0.366297
0.662
0.662
0.568227
0.662
0.47591
0.662
0.662
0.275046
0.662
0.662
0.386575
0.406527
0.662
0.662
0.662
0.0911554
0.662
0.662
0.662
0.662
0.413468
0.662
0.662
0.662
0.00896919
0.662
0.662
0.32497
0.662
0.662
0.655621
0.0153468
0.543904
0.662
0.501134
0.662
0.662
0.23998
0.662
0.662
0.247
0.239033
0.101008
0.466778
0.662
0.312399
0.126965
0.662
0.662
0.0262691
0.662
0.549204
0.29685
0.662
0.268842
0.662
0.140573
0.662
0.662
0.662
0.662
0.158585
0.0617458
0.662
0.283232
0.043278
0.662
0.262906
0.662
0.662
0.662
0.662
0.662
0.662
0.0395202
0.212513
0.662
0.662
0.662
0.0409769
0.0429622
0.662
0.0606815
0.286738
0.662
0.662
0.474599
0.662
0.662
0.662
0.662
0.33493
0.0805984
0.662
0.0871442
0.662
0.0693971
0.662
0.662
0.470726
0.163658
0.267336
0.662
0.662
0.0723596
0.169114
0.662
0.662
0.662
0.175328
0.150619
0.662
0.600868
0.662
0.662
0.662
0.662
0.47247
0.462361
0.433742
0.330522
0.662
0.551679
0.662
0.56613
0.450802
0.344575
0.662
0.662
0.275305
0.172827
0.662
0.662
0.3689
0.562204
0.662
0.286058
0.114522
0.218286
0.662
0.662
0.662
0.125947
0.362561
0.662
0.662
0.0849731
0.662
0.289231
0.662
0.219934
0.662
0.258806
0.0538693
0.662
0.331359
0.662
0.115641
0.384798
0.662
0.662
0.662
0.183211
0.132083
0.662
0.384271
0.662
0.0198472
0.662
0.0070517
0.662
0.662
0.462354
0.326278
0.364475
0.30454
0.508573
0.662
0.234891
0.375597
0.662
0.363681
0.662
0.662
0.362441
0.117912
0.342362
0.662
0.500527
0.195408
0.662
0.317586
0.662
0.0217327
0.662
0.624937
0.662
0.446356
0.305377
0.662
0.662
0.0656794
0.662
0.662
0.32859
0.662
0.662
0.0743646
0.202648
0.0727262
0.662
0.447934
0.40592
0.387822
0.0140774
0.293795
0.662
0.662
0.24609
0.662
0.348994
0.662
0.662
0.662
0.55549
0.662
0.414745
0.110309
0.411141
0.194162
0.662
0.212905
0.662
0.0466911
0.662
0.662
0.613791
0.662
0.662
0.368539
0.364767
0.662
0.662
0.114696
0.244535
0.662
0.317937
0.662
0.662
0.0879655
0.662
0.662
0.107242
0.662
0.662
0.662
0.585785
0.662
0.0570811
0.328156
0.41531
0.662
0.444854
0.662
0.363191
0.662
0.662
0.662
0.0121638
0.662
0.449266
0.290655
0.330883
0.420201
0.662
0.504539
0.662
0.662
0.382618
