0.114827
0.662
0.289231
0.662
0.194162
0.662
0.662
0.662
0.662
0.0198472
0.387822
0.609027
0.662
0.662
0.0642531
0.275914
0.286553
0.317937
0.662
0.458913
0.382487
0.662
0.375597
0.662
0.356988
0.662
0.430938
0.662
0.158585
0.662
0.662
0.423939
0.662
0.309472
0.421515
0.662
0.662
0.499121
0.169937
0.662
0.305857
0.662
0.662
0.662
0.662
0.294372
0.662
0.275046
0.662
0.662
0.241927
0.662
0.55549
0.662
0.331359
0.662
0.446356
0.453683
0.209496
0.662
0.0217327
0.662
0.662
0.662
0.662
0.662
0.662
0.662
0.662
0.504539
0.30454
0.0723596
0.662
0.213038
0.662
0.362163
0.662
0.662
0.438467
0.662
0.662
0.0278973
0.662
0.662
0.662
0.527061
0.32497
0.662
0.0570811
0.0577819
0.662
0.0871442
0.153309
0.137335
0.0110652
0.0070517
0.409646
0.0879655
0.549204
0.662
0.043278
0.288107
0.101785
0.244535
0.662
0.470726
0.662
0.662
0.655621
0.183142
0.235593
0.662
0.543904
0.662
0.662
0.662
0.662
0.0153468
0.0656794
0.662
0.662
0.346651
0.500527
0.662
0.0736961
0.662
0.662
0.453165
0.364767
0.662
0.662
0.662
0.0606815
0.169114
0.0466911
0.135425
0.419399
0.114696
0.238907
0.256256
0.662
0.115224
0.662
0.366583
0.419577
0.662
0.662
0.662
0.662
0.662
0.289479
0.662
0.0879887
0.662
0.422544
0.662
0.662
0.662
0.568227
0.662
0.356135
0.662
0.439041
0.662
0.662
0.662
0.662
0.662
0.267336
0.190815
0.501134
0.662
0.193369
0.662
0.172827
0.569117
0.35336
0.125947
0.662
0.662
0.662
0.662
0.662
0.662
0.447934
0.473349
0.0395202
0.551679
0.662
0.0946174
0.662
0.662
0.47591
0.624937
0.290655
0.662
0.32859
0.363681
0.239033
0.0507857
0.218286
0.434998
0.14755
0.240665
0.328156
0.662
0.63339
0.662
0.662
0.662
0.662
0.662
0.662
0.449266
0.348994
0.662
0.662
0.662
0.0805984
0.662
0.662
0.662
0.232207
0.0262691
0.662
0.286738
0.446872
0.662
0.662
0.350296
0.662
0.207226
0.336976
0.118382
0.662
0.132083
0.662
0.469437
0.662
0.662
0.662
0.126965
0.382618
0.662
0.662
0.662
0.3689
0.49427
0.662
0.210708
0.186717
0.0693971
0.392474
0.219237
0.662
0.362441
0.662
0.662
0.662
0.662
0.662
0.103828
0.33493
0.384271
0.364475
0.433647
0.411176
0.344575
0.662
0.662
0.444854
0.23998
0.662
0.0743646
0.662
0.662
0.662
0.662
0.16169
0.662
0.662
0.414494
0.256032
0.662
0.662
0.662
0.662
0.407434
0.662
0.286058
0.183211
0.662
0.662
0.662
0.0429622
0.117912
0.3966
0.662
0.0727262
0.662
0.662
0.662
0.662
0.662
0.662
0.0976878
0.662
0.662
0.406247
0.662
0.662
0.00526203
0.662
0.597751
0.662
0.305377
0.585785
0.114522
0.662
0.0849731
0.150619
0.662
0.662
0.662
0.662
0.662
0.462361
0.0140774
0.662
0.429789
0.662
0.234891
0.0617458
0.662
0.662
0.662
0.0998015
0.662
0.138922
0.662
0.662
0.466778
0.662
0.662
0.301869
0.662
0.00896919
0.458859
0.159033
0.365019
0.56402
0.662
0.662
0.601396
0.439074
0.495368
0.662
0.52989
0.342362
0.262906
0.330883
0.474599
0.613791
0.534063
0.662
0.662
0.24609
0.662
0.662
0.662
0.0730056
0.127057
0.486422
0.140573
0.0121638
0.144244
0.175328
0.164339
0.662
0.662
0.386575
0.662
0.662
0.662
0.662
0.662
0.104542
0.662
0.662
0.488988
0.662
0.453804
0.411141
0.330522
0.662
0.662
0.662
0.0269549
0.332037
0.662
0.409486
0.261276
0.662
0.562204
0.662
0.450802
0.108063
0.662
0.391051
0.140899
0.662
0.662
0.238483
0.662
0.662
0.293795
0.662
0.662
0.662
0.662
0.662
0.662
0.662
0.662
0.0526588
0.662
0.662
0.662
0.662
0.085283
0.662
0.198267
0.662
0.553213
0.662
0.56613
0.662
0.662
0.662
0.462354
0.362561
0.283232
0.662
0.662
0.662
0.662
0.662
0.662
0.662
0.662
0.320571
0.662
0.662
0.662
0.29685
0.662
0.662
0.662
0.219934
