0.662
0.238398
0.662
0.653292
0.39572
0.662
0.662
0.562474
0.662
0.662
0.662
0.268339
0.11097
0.305546
0.662
0.0700359
0.662
0.429658
0.662
0.228667
0.372545
0.0910021
0.427531
0.108331
0.0405183
0.0562587
0.662
0.344778
0.338808
0.127088
0.314808
0.361234
0.139919
0.662
0.662
0.522584
0.662
0.410861
0.265942
0.205535
0.0237724
0.217301
0.662
0.662
0.662
0.267062
0.279403
0.396427
0.662
0.662
0.662
0.662
0.194942
0.174131
0.00531876
0.109219
0.662
0.108123
0.233036
0.00464975
0.0552396
0.662
0.652732
0.662
0.662
0.662
0.336985
0.239291
0.662
0.662
0.662
0.662
0.662
0.204226
0.662
0.662
0.106635
0.662
0.662
0.634738
0.662
0.662
0.662
0.662
0.662
0.662
0.390097
0.210046
0.23711
0.662
0.662
0.12669
0.283506
0.282201
0.345894
0.662
0.35755
0.455569
0.662
0.662
0.662
0.0338325
0.516815
0.368422
0.662
0.662
0.662
0.662
0.662
0.662
0.240105
0.662
0.662
0.310467
0.210222
0.224302
0.123886
0.662
0.211405
0.136838
0.662
0.167138
0.192855
0.662
0.405798
0.662
0.343263
0.662
0.662
0.436559
0.662
0.469904
0.257889
0.393892
0.662
0.529505
0.100905
0.662
0.317371
0.662
0.662
0.662
0.3821
0.662
0.297945
0.662
0.196667
0.128338
0.662
0.662
0.455685
0.662
0.145704
0.662
0.662
0.460351
0.662
0.662
0.662
0.662
0.243251
0.600161
0.662
0.541733
0.662
0.662
0.389025
0.346892
0.0512126
0.662
0.662
0.662
0.0544494
0.662
0.0664329
0.662
0.662
0.309133
0.662
0.662
0.662
0.403476
0.140413
0.337855
0.662
0.453837
0.289931
0.662
0.181846
0.472337
0.662
0.252503
0.662
0.241072
0.662
0.11782
0.219757
0.034059
0.662
0.119372
0.662
0.475935
0.0245649
0.512217
0.662
0.000563044
0.662
0.662
0.662
0.214502
0.662
0.540851
0.662
0.304419
0.662
0.662
0.662
0.1962
0.156042
0.311342
0.662
0.148105
0.662
0.662
0.662
0.662
0.662
0.528882
0.291707
0.662
0.126928
0.662
0.15986
0.021902
0.662
0.662
0.662
0.420798
0.662
0.124763
0.662
0.296184
0.662
0.662
0.662
0.149347
0.286213
0.56613
0.0921344
0.662
0.563632
0.0932094
0.267341
0.205758
0.662
0.662
0.0357635
0.662
0.388926
0.148843
0.0655465
0.662
0.0911688
0.662
0.662
0.662
0.662
0.662
0.662
0.662
0.508558
0.662
0.157135
0.662
0.662
0.143529
0.662
0.662
0.186622
0.662
0.662
0.662
0.662
0.0706825
0.662
0.662
0.662
0.662
0.37651
0.662
0.662
0.662
0.662
0.435304
0.662
0.408582
0.662
0.662
0.291301
0.662
0.382155
0.169672
0.662
0.36255
0.662
0.157219
0.662
0.469355
0.123635
0.662
0.662
0.662
0.662
0.662
0.294468
0.427284
0.662
0.662
0.220256
0.226636
0.0206257
0.294696
0.662
0.211906
0.662
0.662
0.662
0.392519
0.340541
0.662
0.443463
0.408712
0.662
0.426489
0.662
0.208156
0.629706
0.662
0.0577819
0.130631
0.662
0.0063794
0.139364
0.662
0.603586
0.662
0.0439147
0.00278841
0.662
0.628982
0.252184
0.0611076
0.332617
0.592352
0.662
0.662
0.662
0.449751
0.581464
0.268658
0.662
0.662
0.662
0.662
0.496781
0.662
0.662
0.309446
0.451311
0.662
0.662
0.000576119
0.662
0.0425379
0.662
0.272235
0.215677
0.261217
0.662
0.174843
0.338642
0.511225
0.224953
0.295726
0.0120813
0.570622
0.33967
0.448
0.662
0.662
0.143102
0.662
0.662
0.205346
0.205393
0.662
0.296738
0.662
0.135841
0.662
0.327677
