0.127429
0.662
0.662
0.245364
0.662
0.662
0.106679
0.0961892
0.204761
0.255905
0.242016
0.411367
0.662
0.0176371
0.662
0.166185
0.662
0.662
0.662
0.127279
0.316212
0.351612
0.525564
0.5175
0.0706555
0.215542
0.172201
0.0460942
0.662
0.608141
0.662
0.662
0.631069
0.662
0.662
0.000658638
0.662
0.662
0.16273
0.662
0.662
0.662
0.327302
0.257634
0.567737
0.662
0.662
0.662
0.662
0.446412
0.662
0.662
0.662
0.166854
0.662
0.662
0.662
0.662
0.346111
0.662
0.662
0.35234
0.110556
0.205703
0.662
0.662
0.237041
0.471632
0.0656456
0.00887649
0.0294657
0.662
0.662
0.662
0.662
0.0379162
0.32204
0.652622
0.290299
0.662
0.662
0.662
0.662
0.410194
0.343975
0.662
0.351308
0.662
0.0587263
0.662
0.220428
0.289195
0.614662
0.268515
0.0280051
0.662
0.662
0.221209
0.149855
0.662
0.197085
0.662
0.662
0.118466
0.131103
0.633694
0.380455
0.187304
0.662
0.662
0.662
0.662
0.662
0.662
0.662
0.0698228
0.348919
0.0682547
0.310838
0.0516264
0.662
0.588322
0.438326
0.258963
0.662
0.662
0.258815
0.662
0.475424
0.083639
0.662
0.662
0.106695
0.662
0.116528
0.387861
0.359374
0.662
0.299863
0.185848
0.662
0.138824
0.0154684
0.225779
0.243372
0.320015
0.256427
0.403552
0.662
0.267293
0.662
0.0598152
0.662
0.662
0.344906
0.642452
0.662
0.662
0.662
0.662
0.662
0.662
0.318263
0.499665
0.662
0.662
0.662
0.0848464
0.320883
0.320722
0.662
0.43969
0.662
0.662
0.0638704
0.662
0.339227
0.662
0.662
0.662
0.662
0.662
0.662
0.594191
0.374023
0.444941
0.662
0.662
0.662
0.662
0.172851
0.422406
0.662
0.455847
0.662
0.662
0.662
0.662
0.220247
0.277245
0.0423838
0.662
0.662
0.662
0.0835936
0.662
0.0344502
0.35113
0.513953
0.010143
0.662
0.486613
0.350091
0.418196
0.457724
0.0125956
0.662
0.662
0.662
0.662
0.662
0.662
0.662
0.662
0.662
0.208631
0.662
0.437113
0.662
0.662
0.662
0.662
0.662
0.662
0.662
0.662
0.662
0.662
0.662
0.662
0.40007
0.439272
0.459463
0.662
0.242404
0.26847
0.0950055
0.662
0.662
0.370839
0.221723
0.372168
0.662
0.662
0.662
0.662
0.0968096
0.214868
0.662
0.0419195
0.0347776
0.168662
0.343941
0.662
0.0466759
0.376138
0.231052
0.662
0.289026
0.662
0.146479
0.662
0.253838
0.662
0.662
0.662
0.0656678
0.662
0.188418
0.246742
0.662
0.351226
0.662
0.333085
0.662
0.662
0.662
0.032644
0.662
0.14159
0.662
0.662
0.662
0.371967
0.662
0.662
0.662
0.0720244
0.662
0.406396
0.44805
0.103241
0.190008
0.109736
0.471147
0.362339
0.662
0.139662
0.662
0.662
0.109043
0.662
0.662
0.662
0.662
0.0893278
0.3145
0.188632
0.662
0.662
0.662
0.633694
0.662
0.247497
0.662
0.296088
0.662
0.662
0.104049
0.662
0.662
0.662
0.662
0.662
0.0701666
0.0319526
0.662
0.662
0.662
0.662
0.282147
0.507891
0.0387022
0.662
0.662
0.478253
0.425341
0.662
0.662
0.662
0.347716
0.148564
0.450318
0.466802
0.287055
0.662
0.662
0.40248
0.408071
0.274289
0.49314
0.154267
0.137583
0.0346684
0.3795
0.662
0.662
0.393197
0.121329
0.0786536
0.519791
0.191525
0.662
0.0816044
0.271367
0.399849
0.425897
0.390516
0.15062
0.662
0.460951
0.427365
0.662
0.662
0.464162
0.111819
0.662
0.435471
0.366291
0.662
0.662
0.662
0.662
0.662
0.286873
0.396795
0.662
0.380217
0.367018
0.662
0.160431
0.662
0.662
0.662
0.662
0.662
0.662
0.307748
0.662
0.0400269
0.662
0.346952
0.662
0.662
0.423762
0.662
0.55298
0.662
0.662
0.314546
0.662
0.662
0.144461
0.0571622
0.662
0.662
0.662
0.430117
0.378005
0.662
0.662
0.662
0.322943
0.0189859
0.662
0.269634
0.141664
0.662
0.313285
0.28964
0.662
0.662
0.662
0.662
0.662
0.454945
0.293244
0.662
0.426044
0.269081
0.628292
0.137258
0.281903
0.662
0.128677
0.103867
0.474795
0.662
0.662
0.307626
0.291897
0.127932
0.662
0.0437961
0.00708761
0.336195
0.662
0.662
0.662
0.662
0.271869
0.168791
0.662
0.477628
0.662
0.662
0.10785
0.0381209
0.662
0.133286
0.65931
0.662
0.662
0.450053
0.243828
0.50839
0.359341
0.111662
0.535398
0.461524
0.662
0.312937
0.473637
0.416752
0.452003
0.662
0.662
0.662
0.150655
0.473951
0.154993
0.662
0.227138
0.662
0.662
0.440595
0.63339
0.488841
0.662
0.256538
0.662
0.223028
0.662
0.662
0.177721
0.662
0.662
0.431865
0.29303
0.662
0.662
0.268577
0.352374
0.662
0.662
0.662
0.662
0.294257
0.662
0.662
0.662
0.662
0.662
0.662
0.378525
0.152063
0.150316
0.168447
0.662
0.662
0.27229
0.662
0.662
0.662
0.662
0.662
0.662
0.338181
0.662
0.662
0.662
0.662
0.195095
0.662
0.662
0.662
0.111503
0.662
0.109276
0.384132
0.461993
0.442652
0.107584
0.455987
0.662
0.662
0.0953083
0.4771
0.662
0.662
0.114103
0.662
0.440409
0.36377
0.662
0.0336089
0.662
0.662
0.0577122
0.48848
0.0791018
0.662
0.662
0.662
0.275975
0.662
0.662
0.662
0.662
0.662
0.662
0.0467754
0.662
0.0346272
0.207095
0.511552
0.334969
0.662
0.443439
0.289918
0.662
0.662
0.662
0.662
0.435816
0.426646
0.662
0.662
0.122719
0.456463
0.662
0.399132
0.662
0.0944104
0.0768391
