0.228968
0.662
0.0168864
0.662
0.662
0.500527
0.662
0.416612
0.662
0.362441
0.275914
0.256256
0.662
0.0352678
0.662
0.343425
0.662
0.662
0.662
0.662
0.0723596
0.662
0.662
0.29685
0.662
0.399436
0.662
0.0121638
0.662
0.422544
0.662
0.662
0.32497
0.439074
0.331359
0.662
0.334733
0.662
0.662
0.662
0.662
0.662
0.662
0.0395202
0.549677
0.419577
0.662
0.662
0.662
0.201952
0.662
0.662
0.662
0.202259
0.290655
0.662
0.662
0.158585
0.409486
0.662
0.329986
0.444854
0.465461
0.662
0.137335
0.662
0.317937
0.356135
0.662
0.662
0.356988
0.103828
0.0570811
0.283182
0.662
0.138922
0.449552
0.662
0.662
0.219934
0.228785
0.0642531
0.662
0.662
0.662
0.391051
0.239033
0.662
0.342362
0.662
0.289231
0.662
0.662
0.662
0.662
0.466698
0.499121
0.662
0.662
0.3689
0.443111
0.662
0.662
0.662
0.662
0.662
0.210708
0.629696
0.0278973
0.662
0.662
0.126965
0.118382
0.430938
0.662
0.190815
0.662
0.662
0.662
0.662
0.198267
0.392474
0.662
0.114522
0.662
0.462361
0.0496875
0.329377
0.32859
0.0784454
0.662
0.662
0.449266
0.443463
0.16169
0.662
0.662
0.662
0.662
0.0526588
0.117912
0.227126
0.662
0.597751
0.207226
0.206797
0.662
0.0221107
0.0606815
0.235593
0.662
0.433647
0.14755
0.662
0.662
0.238483
0.0140774
0.206351
0.662
0.568227
0.662
0.291524
0.662
0.662
0.406247
0.662
0.662
0.662
0.0879887
0.662
0.662
0.362561
0.662
0.662
0.146742
0.662
0.0736961
0.662
0.662
0.662
0.662
0.662
0.662
0.662
0.662
0.662
0.0743646
0.328156
0.209496
0.662
0.662
0.662
0.495368
0.662
0.206336
0.159033
0.332037
0.346651
0.662
0.286058
0.585785
0.562204
0.662
0.662
0.378416
0.662
0.473349
0.363841
0.0562587
0.183142
0.0466911
0.662
0.662
0.0577819
0.662
0.662
0.662
0.125947
0.662
0.0429622
0.164339
0.232207
0.330181
0.662
0.219237
0.363681
0.447934
0.213038
0.662
0.198224
0.662
0.0886072
0.662
0.633694
0.446872
0.195144
0.662
0.662
0.662
0.662
0.662
0.114696
0.237854
0.662
0.386575
0.662
0.662
0.55549
0.662
0.662
0.662
0.23998
0.662
0.633391
0.662
0.365019
0.662
0.662
0.419399
0.22353
0.0269549
0.662
0.553213
0.36223
0.662
0.52989
0.114827
0.662
0.24609
0.662
0.190838
0.609027
0.662
0.446356
0.662
0.47591
0.662
0.662
0.101785
0.144244
0.662
0.289479
0.335098
0.474599
0.127057
0.362163
0.323838
0.662
0.238907
0.348994
0.132083
0.662
0.543904
0.0871442
0.192722
0.169937
0.662
0.344575
0.662
0.662
0.662
0.662
0.662
0.662
0.662
0.416465
0.0879655
0.0262691
0.193369
0.662
0.407434
0.662
0.0198472
0.662
0.662
0.153309
0.662
0.662
0.662
0.598777
0.334722
0.135425
0.662
0.240665
0.320571
0.655621
0.30454
0.33868
0.662
0.387822
0.662
0.662
0.662
0.0946174
0.218286
0.216503
0.662
0.286738
0.662
0.662
0.662
0.662
0.662
0.3966
0.551679
0.662
0.662
0.263671
0.662
0.662
0.662
0.662
0.330522
0.199133
0.662
0.662
0.662
0.662
0.662
0.466778
0.0730056
0.262906
0.662
0.662
0.108063
0.325278
0.662
0.56613
0.662
0.662
0.454458
0.662
0.662
0.662
0.650891
0.662
0.662
0.662
0.662
0.662
0.662
0.613791
0.35336
0.595852
0.662
0.662
0.0656794
0.662
0.662
0.202389
0.453683
0.0110652
0.662
0.434998
0.294372
0.662
0.662
0.0435642
0.662
0.441368
0.662
0.662
0.662
0.662
0.662
0.350296
0.414494
0.662
0.662
0.534063
0.369708
0.662
0.236812
0.662
0.662
0.662
0.436377
0.421515
0.662
0.662
0.183211
0.662
0.382618
0.186717
0.0507857
0.662
0.043278
0.662
0.662
0.662
0.364767
0.662
0.569117
0.662
0.0368601
0.286553
0.234891
0.49427
0.429789
0.33493
0.662
0.453804
0.288107
0.662
0.411176
0.662
0.273671
0.662
0.241927
0.172827
0.270508
0.662
0.662
0.662
0.0805984
0.501134
0.662
0.662
0.662
0.662
0.0727262
0.662
0.0475147
