0.662
0.662
0.317013
0.303895
0.662
0.275145
0.00822371
0.482875
0.5242
0.662
0.160262
0.303888
0.662
0.293256
0.200998
0.394633
0.662
0.408261
0.402295
0.445607
0.662
0.543791
0.422458
0.610541
0.662
0.662
0.662
0.26994
0.662
0.662
0.149075
0.0777462
0.0212116
0.662
0.424903
0.662
0.662
0.662
0.241927
0.12581
0.662
0.662
0.662
0.662
0.662
0.662
0.390563
0.414325
0.662
0.421804
0.662
0.393902
0.21788
0.0727959
0.662
0.662
0.662
0.417609
0.662
0.662
0.662
0.071064
0.662
0.662
0.662
0.662
0.662
0.556055
0.409264
0.662
0.662
0.662
0.537007
0.172776
0.167776
0.339185
0.296147
0.471387
0.662
0.05235
0.662
0.662
0.401194
0.169947
0.662
0.662
0.21083
0.464604
0.258577
0.662
0.337093
0.302516
0.113775
0.662
0.199253
0.662
0.662
0.196048
0.662
0.662
0.662
0.662
0.150738
0.662
0.662
0.662
0.662
0.377312
0.662
0.579028
0.330433
0.662
0.662
0.662
0.662
0.662
0.662
0.385602
0.113249
0.172608
0.522402
0.369464
0.662
0.662
0.662
0.662
0.449866
0.662
0.662
0.662
0.662
0.662
0.662
0.662
0.662
0.662
0.662
0.325129
0.00168814
0.662
0.662
0.433078
0.0709173
0.662
0.662
0.301082
0.662
0.662
0.105822
0.662
0.117394
0.662
0.662
0.662
0.662
0.495811
0.479922
0.662
0.662
0.0744284
0.31144
0.662
0.662
0.662
0.662
0.662
0.662
0.662
0.662
0.662
0.662
0.441187
0.662
0.430334
0.662
0.500006
0.662
0.662
0.662
0.662
0.374741
0.662
0.514253
0.341158
0.498738
0.373786
0.662
0.427984
0.662
0.662
0.258682
0.40153
0.662
0.131797
0.327908
0.142566
0.662
0.149692
0.662
0.634659
0.38312
0.662
0.452189
0.662
0.662
0.662
0.662
0.662
0.17367
0.609466
0.238612
0.662
0.662
0.662
0.356832
0.662
0.0968361
0.662
0.359233
0.662
0.662
0.473763
0.488327
0.662
0.662
0.47808
0.0950496
0.482255
0.662
0.105493
0.172429
0.303655
0.196224
0.662
0.0622781
0.662
0.455729
0.290504
0.662
0.662
0.0559044
0.00901334
0.662
0.662
0.662
0.662
0.662
0.288244
0.403632
0.662
0.292
0.662
0.131609
0.662
0.662
0.662
0.662
0.662
0.662
0.662
0.662
0.662
0.662
0.380413
0.339601
0.662
0.26362
0.662
0.662
0.662
0.148728
0.662
0.662
0.163027
0.272339
0.662
0.662
0.468374
0.662
0.29959
0.0369779
0.394411
0.263496
0.662
0.662
0.209214
0.482312
0.662
0.387692
0.662
0.662
0.662
0.265003
0.453966
0.662
0.662
0.662
0.0755568
0.267705
0.412365
0.337329
0.662
0.662
0.448059
0.0495668
0.662
0.0502671
0.58225
0.662
0.219279
0.662
0.330139
0.0958688
0.206988
0.378261
0.0739847
0.662
0.662
0.662
0.662
0.529203
0.0682599
0.662
0.662
0.19026
0.470623
0.662
0.364463
0.662
0.662
0.662
0.231784
0.662
0.662
0.662
0.250723
0.662
0.200515
0.11584
0.662
0.662
0.662
0.662
0.662
0.662
0.301358
0.662
0.367962
0.662
0.662
0.0580793
0.662
0.127997
0.662
0.662
0.662
0.0795304
0.231823
0.623791
0.662
0.246516
0.0224089
0.449049
0.305857
0.662
0.148157
0.209204
0.429278
0.509882
0.662
0.662
0.185353
0.414124
0.662
0.662
0.0622737
0.662
0.222615
0.314488
0.344312
0.662
0.0216388
0.662
0.4101
0.3255
0.456159
0.662
0.20828
0.662
0.256117
0.662
0.662
0.0833005
0.63339
0.662
0.227313
0.662
0.662
0.349899
0.662
0.662
0.0590117
0.662
0.189887
0.321201
0.327513
0.662
0.252613
0.63309
0.662
0.662
0.662
0.662
0.632364
0.662
0.662
0.662
0.662
0.662
0.662
0.296543
0.662
0.662
0.27434
0.662
0.662
0.633693
0.662
0.662
0.662
0.482372
0.662
0.662
0.404537
0.662
0.662
0.0227861
0.476775
0.662
0.613162
0.366014
0.387728
0.662
0.662
0.662
0.200087
0.662
0.415648
0.420877
0.662
0.662
0.430365
0.662
0.662
0.143067
0.251363
0.346102
0.144827
0.0149497
0.0541637
0.126653
0.662
0.184204
0.662
0.662
0.493824
0.141826
0.406428
0.662
0.314438
0.662
0.194715
0.662
0.662
0.288109
0.0611007
0.181658
0.200778
0.662
0.662
0.25045
0.0549875
0.662
0.388743
0.371448
0.178215
0.662
0.662
0.662
0.662
0.662
0.662
0.0106117
0.662
0.662
0.662
0.202155
0.261723
0.0514774
0.456784
0.662
0.662
0.444484
0.662
0.474435
0.662
0.662
0.662
0.0801
0.357188
0.662
0.662
0.662
0.0295678
0.465131
0.366034
0.662
0.604932
0.283134
0.442692
0.662
0.662
0.480573
0.662
0.662
0.662
0.662
0.662
0.662
0.662
0.662
0.662
0.263034
0.662
0.382871
0.662
0.662
0.662
0.21838
0.662
0.662
0.527982
0.418668
0.662
0.662
0.0773283
0.472381
0.662
0.46595
0.304336
0.377503
0.662
0.662
0.662
0.662
0.662
0.662
0.000422636
0.485107
0.296474
0.170126
0.662
0.366739
0.375783
0.464679
0.469549
0.0568205
0.662
0.217994
0.45503
0.662
0.358675
0.304232
0.486867
0.343506
0.662
0.303568
0.662
0.167962
0.662
0.662
0.503205
0.662
0.662
0.509116
0.662
0.662
0.229233
0.662
0.362731
0.0310597
0.22138
0.472898
0.317358
0.662
0.662
0.662
0.0931538
0.662
0.662
0.474254
0.662
0.341625
0.662
0.431667
0.19018
0.338574
0.662
0.662
0.11701
0.662
0.132727
0.662
0.0532742
0.662
0.180079
0.512824
0.662
0.322417
0.059716
0.662
0.662
0.662
0.662
0.662
0.25161
0.0610066
0.10494
0.0871992
0.2136
0.208969
0.662
0.530465
0.662
0.240593
0.135222
0.662
0.662
0.402479
0.662
0.329603
0.662
0.390311
0.160197
0.662
0.662
0.662
0.662
0.215961
0.662
0.662
0.022889
0.662
0.662
0.417009
0.34509
0.0621566
0.162834
0.63339
0.662
0.662
0.662
0.345877
0.221505
0.662
0.662
0.414756
0.240531
0.662
0.662
0.448488
0.255614
0.662
0.662
0.0746534
0.662
0.662
0.662
0.0952612
0.662
0.662
0.662
0.662
0.467301
0.662
0.31002
0.427451
0.302672
0.312102
0.636157
0.160319
0.662
0.662
0.307941
0.662
0.662
0.662
0.264983
0.590256
0.662
0.662
0.662
0.0904464
0.144419
0.662
0.662
0.662
0.0227378
0.662
0.172507
0.274429
0.662
0.169633
0.198293
0.662
0.000298585
0.436285
0.662
0.662
0.662
0.265665
0.115787
0.662
0.662
0.662
0.382177
0.164959
0.662
0.662
0.662
0.544918
0.662
0.187444
0.662
0.30852
0.662
0.264202
0.125767
0.662
0.662
0.662
0.2081
0.662
0.662
0.662
0.662
0.662
0.662
0.0916902
0.662
0.662
0.439253
0.398913
0.662
0.662
0.662
0.662
0.662
0.662
0.411066
0.662
0.662
0.499274
