0.662
0.662
0.0617902
0.414771
0.444436
0.662
0.662
0.206968
0.315988
0.264882
0.20626
0.662
0.662
0.662
0.662
0.662
0.400931
0.427532
0.662
0.662
0.662
0.662
0.18038
0.197454
0.397513
0.203878
0.316498
0.278516
0.0737938
0.662
0.548873
0.355359
0.662
0.17931
0.662
0.375693
0.662
0.142593
0.0374326
0.662
0.662
0.662
0.230821
0.662
0.662
0.662
0.0768834
0.159599
0.316419
0.662
0.662
0.367282
0.426144
0.662
0.662
0.424649
0.20981
0.662
0.662
0.114074
0.662
0.295636
0.213749
0.662
0.239566
0.224553
0.489311
0.124757
0.662
0.662
0.662
0.662
0.160618
0.126813
0.662
0.662
0.662
0.33728
0.325002
0.662
0.140156
0.662
0.518881
0.273942
0.662
0.662
0.243937
0.339199
0.662
0.662
0.662
0.662
0.263749
0.662
0.662
0.301368
0.186167
0.389152
0.432868
0.662
0.452852
0.331242
0.662
0.662
0.606464
0.374332
0.455929
0.662
0.662
0.43939
0.662
0.471282
0.662
0.662
0.308265
0.662
0.195245
0.662
0.662
0.351919
0.474778
0.662
0.662
0.37143
0.662
0.365386
0.213092
0.30954
0.0426962
0.301962
0.662
0.343643
0.258
0.034561
0.662
0.476579
0.0121821
0.662
0.216458
0.662
0.662
0.629706
0.209854
0.662
0.63339
0.32775
0.334488
0.662
0.662
0.662
0.618769
0.662
0.662
0.662
0.012726
0.662
0.354453
0.517721
0.192851
0.662
0.662
0.662
0.662
0.38807
0.452476
0.662
0.255585
0.662
0.452625
0.278588
0.336473
0.282509
0.662
0.662
0.151869
0.614959
0.662
0.529645
0.662
0.434673
0.331169
0.392538
0.662
0.662
0.207222
0.662
0.137219
0.662
0.662
0.662
0.662
0.213543
0.445731
0.336155
0.145739
0.662
0.0385919
0.328033
0.662
0.662
0.662
0.662
0.0918386
0.662
0.462313
0.241943
0.202022
0.662
0.414202
0.646316
0.662
0.662
0.261894
0.662
0.39808
0.662
0.472276
0.333299
0.612375
0.662
0.662
0.0520695
0.23178
0.662
0.237563
0.113813
0.377811
0.532645
0.410301
0.363598
0.662
0.228234
0.662
0.662
0.662
0.205642
0.662
0.178926
0.662
0.662
0.364998
0.662
0.662
0.228132
0.0357197
0.662
0.465186
0.425676
0.662
0.318088
0.263217
0.662
0.630152
0.19932
0.662
0.140099
0.662
0.0582946
0.431946
0.0085689
0.429853
0.310396
0.456708
0.466307
0.662
0.662
0.662
0.339864
0.662
0.387976
0.50926
0.352042
0.466327
0.485481
0.662
0.662
0.274201
0.662
0.493094
0.249296
0.0329634
0.19677
0.168961
0.368671
0.662
0.0486891
0.214311
0.662
0.662
0.662
0.662
0.168306
0.662
0.207057
0.600389
0.662
0.662
0.662
0.185777
0.662
0.662
0.662
0.662
0.662
0.259186
0.662
0.662
0.662
0.662
0.062939
0.662
0.216
0.410823
0.260745
0.662
0.440805
0.662
0.662
0.18744
0.662
0.455541
0.659046
0.662
0.662
0.327804
0.662
0.0143863
0.662
0.0387359
0.271875
0.389838
0.662
0.00902016
0.379967
0.662
0.00218672
0.182293
0.0300052
0.238387
0.662
0.662
0.380189
0.358118
0.462471
0.662
0.662
0.195918
0.402606
0.662
0.367438
0.662
0.662
0.47992
0.662
0.662
0.662
0.662
0.662
0.662
0.662
0.662
0.19035
0.662
0.662
0.10234
0.662
0.334105
0.662
0.132035
0.63339
0.662
0.662
0.662
0.662
0.662
0.450688
0.662
0.435411
0.662
0.0643194
0.392016
0.662
0.469081
0.662
0.283241
0.662
0.662
0.0324416
0.0405343
0.33028
0.662
0.662
0.662
