0.662
0.662
0.662
0.662
0.662
0.662
0.654063
0.0756367
0.662
0.169313
0.662
0.326343
0.340046
0.662
0.662
0.662
0.365625
0.313412
0.662
0.662
0.662
0.315827
0.23344
0.662
0.312537
0.0832867
0.662
0.301154
0.662
0.662
0.662
0.269237
0.662
0.31924
0.662
0.459952
0.458762
0.218714
0.100049
0.662
0.662
0.355415
0.0662917
0.662
0.213683
0.662
0.437273
0.662
0.530074
0.0817018
0.121886
0.662
0.40747
0.0698771
0.662
0.662
0.401136
0.662
0.103378
0.662
0.662
0.462097
0.63339
0.662
0.662
0.0871574
0.231243
0.662
0.662
0.662
0.662
0.188838
0.253928
0.156866
0.572481
0.0213684
0.290317
0.221877
0.662
0.662
0.0354897
0.190312
0.662
0.202723
0.662
0.466418
0.662
0.412009
0.0978675
0.201599
0.0170735
0.662
0.662
0.662
0.204475
0.160168
0.345176
0.323596
0.662
0.462231
0.662
0.527603
0.662
0.484843
0.0896533
0.1519
0.107728
0.662
0.662
0.662
0.662
0.425859
0.424394
0.662
0.335536
0.662
0.662
0.160945
0.486264
0.229658
0.662
0.662
0.390095
0.662
0.662
0.28489
0.132255
0.418381
0.256167
0.662
0.35832
0.662
0.662
0.647436
0.662
0.662
0.206686
0.662
0.662
0.662
0.662
0.0785281
0.0556863
0.662
0.662
0.360879
0.264637
0.122707
0.662
0.662
0.562224
0.378897
0.119702
0.147202
0.662
0.290692
0.209438
0.662
0.0166425
0.662
0.662
0.413336
0.244342
0.662
0.662
0.662
0.662
0.662
0.431633
0.638132
0.662
0.662
0.662
0.337765
0.662
0.199804
0.662
0.662
0.662
0.301694
0.662
0.391077
0.234209
0.470038
0.662
0.391389
0.662
0.662
0.0709205
0.309898
0.36057
0.662
0.662
0.023274
0.193766
0.662
0.662
0.662
0.662
0.236442
0.380659
0.180521
0.297697
0.662
0.662
0.136175
0.662
0.0362563
0.662
0.00696848
0.662
0.476896
0.662
0.0855354
0.662
0.662
0.501974
0.0908953
0.662
0.0530605
0.662
0.40721
0.264745
0.0228888
0.662
0.662
0.662
0.662
0.662
0.662
0.290184
0.474242
0.662
0.429722
0.273347
0.0267566
0.662
0.424066
0.452709
0.365601
0.662
0.339999
0.662
0.388714
0.177075
0.662
0.662
0.662
0.662
0.232312
0.432806
0.365243
0.662
0.373111
0.662
0.662
0.662
0.180404
0.612345
0.378924
0.662
0.0534321
0.662
0.662
0.662
0.662
0.662
0.228556
0.662
0.662
0.662
0.0591729
0.494018
0.662
0.138237
0.662
0.662
0.662
0.105997
0.255002
0.61573
0.662
0.23291
0.662
0.662
0.422471
0.662
0.00699386
0.394439
0.0114243
0.172025
0.253443
0.274081
0.404694
0.428754
0.273068
0.629706
0.662
0.662
0.302224
0.662
0.275396
0.662
0.662
0.662
0.46284
0.662
0.662
0.662
0.0407055
0.662
0.662
0.165044
0.220754
0.373457
0.662
0.662
0.203408
0.662
0.662
0.662
0.360541
0.662
0.662
0.155665
0.339669
0.201902
0.0702677
0.662
0.662
0.600694
0.307464
0.662
0.662
0.54503
0.161263
0.159994
0.234016
0.662
0.0101496
0.662
0.108314
0.662
0.662
0.448109
0.662
0.662
0.662
0.0926703
0.371014
0.662
0.662
0.662
0.662
0.662
0.662
0.302421
0.662
0.405815
0.662
0.640299
0.0878708
0.633391
0.306374
0.393943
0.662
0.662
0.014739
0.189146
0.424037
0.629763
0.424704
0.662
0.662
0.662
0.167002
0.052336
0.662
0.431149
0.662
0.662
0.415521
0.662
0.662
0.315974
0.662
0.505797
0.662
0.315169
0.662
0.620159
0.385751
0.662
0.662
0.662
0.466832
0.229424
0.430511
0.608607
0.662
0.662
0.473337
0.0293931
0.662
0.428666
0.361252
0.662
0.662
0.662
0.662
0.662
0.662
0.662
0.406829
0.662
0.050829
0.662
0.0709475
0.458718
0.0292425
0.246737
0.31751
0.662
0.352821
0.270452
0.662
0.662
0.662
0.662
0.662
0.662
0.438966
0.662
0.414833
0.662
0.662
0.228883
0.447399
0.480071
0.651487
0.169133
0.0893904
0.662
0.634403
0.0767384
0.180168
0.427429
0.326289
0.146766
0.662
0.662
0.181982
0.662
0.662
0.295312
0.370057
0.442307
0.297692
0.378966
0.230306
0.662
0.662
0.294011
0.662
0.662
0.662
0.411463
0.354769
0.171855
0.186206
0.662
0.473394
0.184672
0.187815
0.229251
0.662
0.662
0.202728
0.662
0.523754
0.199872
0.662
0.662
0.662
0.662
0.662
0.662
0.224627
0.662
0.474819
0.662
0.662
0.460279
0.00730724
0.662
0.262274
0.0278465
0.662
0.662
0.662
0.662
0.416439
0.662
0.28923
0.0970273
0.662
0.270004
0.662
0.31556
0.560654
0.373417
0.0226388
0.444145
0.662
0.0551247
0.0638703
0.662
0.174245
0.662
0.662
0.662
0.22118
0.662
0.350519
0.318928
0.332386
0.29856
0.360899
0.0906168
0.662
0.10594
0.265737
0.352748
0.662
0.194896
0.062806
0.191697
0.139082
0.236623
0.156688
0.222427
0.662
0.662
0.373722
0.662
0.0484615
0.662
0.662
0.517519
0.662
0.662
0.662
0.332815
0.42217
0.590813
0.662
0.047178
0.662
0.142434
0.435827
0.662
0.117057
0.43319
0.662
0.662
0.313349
0.662
0.662
0.662
0.00311215
0.662
0.662
0.662
0.662
0.239775
0.662
0.662
0.093224
0.662
0.662
0.662
0.0153163
0.467302
0.264702
