0.395193
0.186687
0.662
0.662
0.662
0.662
0.662
0.662
0.662
0.180054
0.288441
0.662
0.662
0.130569
0.662
0.381249
0.662
0.271791
0.154894
0.662
0.375993
0.294343
0.370412
0.662
0.662
0.662
0.0790542
0.441822
0.33207
0.662
0.531389
0.483815
0.662
0.662
0.662
0.662
0.250717
0.268932
0.0065591
0.662
0.662
0.207706
0.662
0.662
0.421993
0.63483
0.114916
0.662
0.662
0.662
0.339535
0.662
0.419913
0.300643
0.561412
0.662
0.662
0.0764196
0.405642
0.662
0.662
0.486615
0.102688
0.662
0.228386
0.662
0.662
0.261267
0.311776
0.366979
0.18397
0.662
0.662
0.662
0.339869
0.209296
0.662
0.39245
0.19295
0.470579
0.312658
0.662
0.662
0.662
0.293813
0.662
0.662
0.662
0.662
0.662
0.662
0.0805084
0.662
0.662
0.662
0.662
0.311205
0.662
0.543816
0.662
0.662
0.117449
0.36623
0.208407
0.662
0.13621
0.662
0.662
0.662
0.000896408
0.662
0.165891
0.662
0.400319
0.662
0.662
0.662
0.107728
0.662
0.00125014
0.524397
0.662
0.662
0.638604
0.335658
0.413756
0.662
0.662
0.11118
0.42232
0.195146
0.00712173
0.430162
0.24407
0.662
0.662
0.662
0.174123
0.662
0.292262
0.0756283
0.662
0.662
0.662
0.662
0.463471
0.662
0.288925
0.598463
0.557299
0.662
0.451746
0.115891
0.471496
0.662
0.662
0.662
0.662
0.662
0.662
0.662
0.38404
0.208879
0.662
0.662
0.662
0.662
0.212897
0.662
0.286501
0.662
0.63761
0.366108
0.662
0.662
0.662
0.662
0.261079
0.662
0.228438
0.662
0.570737
0.662
0.444119
0.662
0.662
0.114698
0.662
0.662
0.662
0.263105
0.330784
0.662
0.446532
0.235166
0.662
0.662
0.662
0.662
0.662
0.662
0.23031
0.662
0.515419
0.397883
0.662
0.662
0.662
0.203514
0.662
0.370714
0.251321
0.662
0.14121
0.246479
0.662
0.662
0.542209
0.447292
0.662
0.17032
0.158577
0.244769
0.662
0.12235
0.662
0.231209
0.662
0.485297
0.316626
0.399856
0.662
0.206695
0.662
0.662
0.662
0.662
0.0289515
0.662
0.0970061
0.0501182
0.594798
0.662
0.142718
0.350315
0.662
0.151408
0.420456
0.662
0.662
0.246205
0.161482
0.662
0.662
0.254287
0.662
0.269608
0.662
0.129458
0.662
0.0709475
0.662
0.662
0.662
0.662
0.209844
0.662
0.662
0.662
0.662
0.662
0.662
0.662
0.662
0.662
0.280633
0.30681
0.200586
0.662
0.50749
0.191781
0.662
0.662
0.662
0.213562
0.408263
0.662
0.32083
0.662
0.662
0.662
0.45553
0.662
0.662
0.109693
0.12343
0.298266
0.315548
0.662
0.592874
0.342288
0.662
0.662
0.662
0.311636
0.662
0.662
0.662
0.662
0.27721
0.662
0.0737804
0.662
0.662
0.662
0.662
0.403552
0.662
0.109372
0.283638
0.504562
0.232159
0.662
0.662
0.0404356
0.662
0.662
0.334886
0.662
0.571379
0.662
0.662
0.662
0.662
0.662
0.662
0.0276118
0.397592
0.662
0.662
0.418807
0.662
0.662
0.662
0.662
0.662
0.216842
0.662
0.662
0.260357
0.662
0.662
0.662
0.322575
0.662
0.119041
0.0254458
0.662
0.662
0.662
0.354944
0.662
0.662
0.662
0.320936
0.0963459
0.662
0.662
0.662
0.662
0.662
0.222426
0.662
0.662
0.469109
0.662
0.171931
0.167234
0.038919
0.662
0.447011
0.662
0.662
0.662
0.120013
0.0824946
0.662
0.662
0.151852
0.326288
0.423556
0.335068
0.662
0.662
0.160218
0.213098
0.662
0.493913
0.662
0.172094
0.662
0.225391
0.389993
0.662
0.662
0.662
0.662
0.662
0.147474
0.431355
0.662
0.662
0.19514
0.662
0.30842
0.662
0.662
0.662
0.662
0.0255069
0.662
0.0919936
0.662
0.313043
0.662
0.00184087
0.662
0.494401
0.662
0.286954
0.662
0.103698
0.662
0.662
0.662
0.282633
0.582758
0.0899744
0.662
0.662
0.199744
0.325835
0.365927
0.662
0.662
0.213683
0.662
0.476621
0.265733
0.0198678
0.395065
0.662
0.22848
0.496578
0.385727
0.449943
0.662
0.0594574
0.662
0.444114
0.373215
0.662
0.662
0.378289
0.184963
0.357195
0.364929
0.069586
0.305612
0.402849
0.662
0.254538
0.0479345
0.662
0.662
0.396755
0.23344
0.662
0.662
0.193553
0.662
0.202612
0.662
0.662
0.118128
0.607376
0.135156
0.473899
0.382995
0.371352
0.662
0.199673
0.662
