0.662
0.662
0.301113
0.262887
0.33122
0.662
0.124757
0.334432
0.0426962
0.205642
0.662
0.662
0.662
0.662
0.0196888
0.662
0.29232
0.662
0.154748
0.662
0.662
0.474778
0.260745
0.662
0.189723
0.662
0.662
0.336155
0.241943
0.255838
0.662
0.465186
0.17931
0.662
0.132482
0.00902016
0.380189
0.462471
0.331242
0.0694018
0.252323
0.662
0.242301
0.662
0.364326
0.396498
0.445731
0.662
0.37143
0.452476
0.662
0.662
0.662
0.662
0.662
0.662
0.662
0.662
0.239566
0.662
0.0716992
0.174314
0.662
0.662
0.662
0.0930933
0.444436
0.33028
0.0375233
0.662
0.387976
0.662
0.662
0.662
0.372036
0.662
0.662
0.437912
0.662
0.662
0.662
0.278516
0.365495
0.336473
0.034561
0.449491
0.662
0.301368
0.398337
0.0918386
0.662
0.662
0.310396
0.372884
0.021236
0.263749
0.0737938
0.662
0.662
0.662
0.662
0.662
0.400931
0.168918
0.662
0.662
0.662
0.662
0.662
0.612375
0.233981
0.410301
0.493094
0.103327
0.098452
0.662
0.662
0.224553
0.662
0.662
0.662
0.575326
0.157459
0.662
0.279565
0.397513
0.438218
0.216458
0.121572
0.32775
0.662
0.195918
0.355359
0.0617902
0.389152
0.662
0.662
0.662
0.0486891
0.662
0.662
0.662
0.334989
0.662
0.308265
0.646316
0.662
0.662
0.662
0.311583
0.426144
0.368671
0.662
0.662
0.662
0.662
0.662
0.0390787
0.662
0.455929
0.43939
0.662
0.662
0.662
0.301962
0.320027
0.52111
0.403563
0.662
0.662
0.662
0.420709
0.662
0.662
0.258
0.662
0.662
0.54643
0.662
0.38552
0.662
0.662
0.202022
0.377811
0.114074
0.192851
0.662
0.0520695
0.662
0.662
0.662
0.476579
0.244953
0.662
0.662
0.630152
0.472276
0.386515
0.280376
0.662
0.662
0.392016
0.132035
0.662
0.213749
0.471282
0.662
0.662
0.290581
0.662
0.662
0.659046
0.0582946
0.38807
0.662
0.209481
0.662
0.343643
0.146655
0.168306
0.662
0.662
0.355159
0.392538
0.662
0.0280288
0.325002
0.662
0.145739
0.261894
0.410823
0.662
0.33728
0.316419
0.424649
0.549249
0.490139
0.0267429
0.375693
0.263217
0.662
0.432868
0.662
0.152728
0.402606
0.662
0.388341
0.198599
0.662
0.662
0.427532
0.431946
0.337647
0.662
0.249296
0.662
0.662
0.662
0.0439748
0.452625
0.662
0.662
0.662
0.662
0.207724
0.340004
0.351919
0.214311
0.198427
0.662
0.203878
0.469081
0.662
0.282085
0.429853
0.662
0.662
0.662
0.440805
0.662
0.19035
0.662
0.0324416
0.332432
0.662
0.662
0.662
0.334105
0.662
0.662
0.318088
0.243937
0.662
0.662
0.438138
0.536893
0.662
0.532645
0.662
0.662
0.662
0.662
0.662
0.662
0.247935
0.207057
0.662
0.662
0.283241
0.23178
0.662
0.271875
0.228132
0.195617
0.0300052
0.662
0.168961
0.30954
0.662
0.334488
0.662
0.662
0.662
0.0851154
0.662
0.533353
0.274201
0.455541
0.662
0.662
0.629706
0.414202
0.662
0.367438
0.662
0.662
0.662
0.414771
0.662
0.662
0.662
0.662
0.146201
0.0085689
0.662
0.662
0.209854
0.10234
0.0877679
0.282509
0.159599
0.450688
0.662
0.662
0.662
0.662
0.386579
0.367282
0.0405343
0.140156
0.662
0.662
0.662
0.662
0.662
0.662
0.662
0.327007
0.062939
0.548873
0.662
0.662
0.662
0.662
0.662
0.662
0.662
0.662
0.197454
0.295636
0.662
0.662
0.18038
0.213543
0.289371
0.358118
0.662
0.662
0.662
0.0643194
0.662
