0.662
0.329614
0.428754
0.662
0.28489
0.354769
0.0970273
0.321576
0.662
0.302224
0.662
0.123421
0.662
0.662
0.662
0.199804
0.662
0.00669263
0.662
0.662
0.0664217
0.662
0.662
0.0226388
0.0817018
0.156124
0.427429
0.662
0.63339
0.662
0.662
0.114846
0.0407055
0.662
0.373041
0.662
0.662
0.357401
0.662
0.154974
0.400057
0.662
0.662
0.169133
0.662
0.662
0.313349
0.662
0.393943
0.155665
0.662
0.187236
0.662
0.253928
0.177075
0.662
0.662
0.662
0.409013
0.662
0.662
0.458718
0.287567
0.662
0.662
0.662
0.662
0.662
0.662
0.662
0.662
0.280958
0.246737
0.662
0.193766
0.22118
0.662
0.662
0.213018
0.243529
0.0512058
0.662
0.662
0.662
0.486264
0.0556863
0.662
0.117057
0.662
0.662
0.662
0.662
0.282823
0.405815
0.662
0.0845423
0.171855
0.662
0.662
0.662
0.202723
0.0893904
0.380622
0.231159
0.180168
0.662
0.662
0.640299
0.662
0.234209
0.662
0.00373903
0.662
0.188096
0.327781
0.662
0.136325
0.184672
0.531958
0.662
0.662
0.662
0.527603
0.601676
0.0215567
0.0906168
0.0978675
0.315169
0.662
0.302421
0.178835
0.662
0.662
0.0875071
0.662
0.40747
0.662
0.415521
0.416041
0.662
0.0802396
0.477245
0.662
0.052336
0.662
0.428666
0.424066
0.474819
0.0778784
0.662
0.325094
0.0871574
0.0213684
0.441411
0.0798538
0.462231
0.662
0.0356
0.662
0.662
0.297169
0.662
0.0591729
0.0545709
0.160168
0.662
0.523754
0.662
0.638502
0.468208
0.662
0.662
0.273068
0.662
0.662
0.662
0.662
0.101737
0.273748
0.662
0.435827
0.662
0.494018
0.456861
0.662
0.295375
0.662
0.442307
0.662
0.230306
0.662
0.138269
0.662
0.662
0.326343
0.662
0.662
0.334585
0.0110177
0.256153
0.0846815
0.520783
0.662
0.517519
0.662
0.662
0.662
0.0747445
0.382811
0.662
0.265737
0.662
0.662
0.662
0.484843
0.662
0.662
0.662
0.427364
0.662
0.662
0.297697
0.662
0.662
0.662
0.662
0.467302
0.388714
0.172025
0.144689
0.662
0.662
0.436975
0.662
0.662
0.662
0.612345
0.662
0.125283
0.662
0.662
0.662
0.284731
0.662
0.662
0.662
0.262274
0.662
0.0551247
0.375446
0.360879
0.662
0.662
0.229424
0.662
0.662
0.662
0.662
0.224627
0.259917
0.662
0.0663772
0.662
0.00112874
0.662
0.662
0.662
0.662
0.662
0.662
0.662
0.0855354
0.437824
0.662
0.662
0.290317
0.662
0.1519
0.662
0.178565
0.116582
0.444145
0.662
0.320585
0.350519
0.475055
0.662
0.662
0.662
0.662
0.264637
0.662
0.473337
0.00311215
0.662
0.480071
0.662
0.662
0.662
0.156688
0.417106
0.662
0.662
0.352048
0.0682023
0.295312
0.662
0.335536
0.0668289
0.448109
0.129701
0.662
0.412178
0.100049
0.429722
0.662
0.662
0.662
0.439357
0.662
0.327512
0.651487
0.662
0.36057
0.662
0.662
0.662
0.662
0.418381
0.662
0.553323
0.0501182
0.28923
0.662
0.662
0.662
0.662
0.236623
0.662
0.662
0.294011
0.194896
0.560654
0.255002
0.662
0.662
0.662
0.271328
0.662
0.662
0.662
0.228556
0.662
0.00699386
0.137743
0.662
0.662
0.00558804
0.662
0.662
0.662
0.662
0.43319
0.662
0.662
0.662
0.662
0.273347
0.276372
0.416439
0.662
0.662
0.662
0.662
0.470038
0.662
0.136563
0.662
0.206297
0.662
0.662
0.258635
0.662
0.662
0.662
0.0292425
0.662
0.168507
0.662
0.46284
0.328479
0.380117
0.406794
0.345176
0.662
0.199872
0.474242
0.351326
0.662
0.214917
0.0267566
0.23986
0.309221
0.312537
0.337765
0.662
0.405325
0.261146
0.476896
0.449895
0.662
0.555898
0.662
0.31924
0.0362563
0.572481
0.0500053
0.662
0.439509
0.662
0.662
0.662
0.662
0.0432464
0.662
0.662
0.662
0.662
0.335906
0.662
0.47686
0.244615
0.206686
0.662
0.662
0.662
0.276728
0.228883
0.662
0.365601
0.662
0.662
0.662
0.662
0.05752
0.35433
0.306374
0.050829
0.662
0.385007
0.353269
0.662
0.270004
0.165847
0.404207
0.360899
0.0832867
0.222427
0.0931764
0.629706
0.662
0.662
0.662
0.000281776
0.662
0.662
0.370057
0.463413
0.411463
0.323596
0.662
0.0896533
0.413336
0.662
0.0278465
0.662
0.662
0.459309
0.662
0.0535741
0.662
0.662
0.443889
0.480771
0.662
0.190312
0.662
0.462097
0.662
0.662
0.29199
0.194749
0.373417
0.391389
0.662
0.662
0.662
0.662
0.159994
0.104461
0.662
0.108314
0.379187
0.662
0.662
0.244342
0.662
0.391077
0.662
0.662
0.662
0.425558
0.662
0.662
0.662
0.662
0.662
0.220754
0.662
0.662
0.424704
0.459952
0.378897
0.187815
0.662
0.662
0.339999
0.371014
0.231243
0.662
0.530074
0.662
0.425899
0.662
0.662
0.662
0.284418
0.662
0.662
0.662
0.143226
0.360076
0.390095
0.458762
0.142434
0.662
0.662
0.160945
0.00696848
0.662
0.662
0.356078
0.662
0.19032
0.662
0.662
0.0908953
0.239815
0.0640615
0.662
0.111129
0.47861
0.48388
0.662
0.213621
0.308315
0.662
0.647436
0.42217
0.662
0.161395
0.662
0.590813
0.458143
0.47619
0.662
0.662
0.143605
0.219544
0.218714
0.662
0.54503
0.662
