0.662
0.203514
0.662
0.662
0.662
0.662
0.662
0.160218
0.662
0.662
0.195146
0.662
0.0899744
0.662
0.662
0.114698
0.662
0.471496
0.662
0.415453
0.662
0.662
0.662
0.662
0.0963459
0.662
0.662
0.662
0.662
0.524397
0.662
0.129458
0.662
0.662
0.0198678
0.662
0.662
0.662
0.038919
0.662
0.205673
0.105539
0.662
0.260357
0.343247
0.069586
0.504562
0.662
0.118128
0.662
0.172094
0.662
0.326288
0.274098
0.662
0.199673
0.662
0.662
0.662
0.662
0.662
0.0276118
0.662
0.662
0.662
0.662
0.244769
0.514415
0.662
0.339869
0.330784
0.0065591
0.000896408
0.430162
0.662
0.320936
0.570737
0.662
0.417013
0.662
0.662
0.662
0.662
0.662
0.161482
0.489377
0.662
0.180279
0.00712173
0.662
0.300643
0.662
0.662
0.494401
0.662
0.662
0.662
0.470579
0.220452
0.662
0.269608
0.662
0.662
0.0594574
0.23344
0.445813
0.662
0.662
0.147474
0.130569
0.662
0.213562
0.662
0.154894
0.662
0.662
0.662
0.662
0.662
0.582758
0.246205
0.45553
0.629706
0.208407
0.109693
0.662
0.102688
0.662
0.662
0.662
0.38404
0.476621
0.0764196
0.662
0.225443
0.662
0.12235
0.662
0.662
0.342288
0.469109
0.423556
0.662
0.662
0.662
0.30842
0.662
0.402422
0.662
0.50749
0.662
0.350398
0.662
0.662
0.531389
0.293813
0.662
0.365942
0.313043
0.662
0.662
0.662
0.662
0.662
0.251255
0.330601
0.662
0.662
0.339535
0.662
0.366108
0.638604
0.496578
0.63761
0.33207
0.206695
0.117449
0.486615
0.542209
0.662
0.167234
0.0716626
0.21307
0.0709475
0.662
0.662
0.662
0.662
0.373215
0.662
0.662
0.662
0.120013
0.662
0.224566
0.20781
0.222426
0.382995
0.662
0.181965
0.662
0.32083
0.662
0.225391
0.662
0.662
0.408608
0.662
0.151852
0.543816
0.662
0.662
0.662
0.184963
0.662
0.662
0.0919936
0.662
0.150212
0.00184087
0.254538
0.216842
0.662
0.0254458
0.0289515
0.662
0.0833895
0.473899
0.171931
0.662
0.0790542
0.662
0.662
0.228438
0.413756
0.662
0.662
0.662
0.662
0.375993
0.444114
0.662
0.662
0.421993
0.0543151
0.402849
0.662
0.311776
0.662
0.571379
0.662
0.0824946
0.431801
0.115891
0.431355
0.662
0.662
0.395065
0.662
0.193553
0.515419
0.662
0.30681
0.662
0.662
0.662
0.282633
0.335658
0.662
0.447011
0.662
0.662
0.103698
0.385727
0.662
0.662
0.662
0.280633
0.662
0.662
0.286501
0.662
0.397592
0.662
0.371352
0.24407
0.662
0.662
0.199372
0.662
0.662
0.662
0.63483
0.0756283
0.483815
0.662
0.493913
0.662
0.334886
0.662
0.207706
0.54473
0.396755
0.288441
0.662
0.203408
0.469752
0.420456
0.662
0.261079
0.662
0.151408
0.662
0.268186
0.662
0.662
0.662
0.158577
0.451746
0.662
0.662
0.662
0.463471
0.403552
0.594798
0.662
0.0871772
0.0316455
0.662
0.662
0.662
0.311636
0.135156
0.662
0.447292
0.662
0.397883
0.530907
0.662
0.662
0.662
0.662
0.662
0.142718
0.662
0.662
0.174123
0.662
0.662
0.662
0.418807
0.662
0.316626
0.662
0.662
0.213683
0.39245
0.662
0.662
0.479922
0.662
0.208879
0.485297
0.662
0.662
0.662
0.662
0.662
0.662
0.662
0.662
0.246479
0.662
0.662
0.13621
0.12343
0.662
0.662
0.662
0.662
0.294343
0.662
0.662
0.448681
0.408263
0.662
0.662
0.662
0.662
0.662
0.213098
0.662
0.490393
0.662
0.662
0.265733
0.23018
0.557299
0.662
0.209296
0.114916
0.662
0.662
0.23031
0.662
0.325835
0.296806
0.0155809
0.662
0.244283
0.662
0.315548
0.370714
0.365927
0.662
0.662
0.662
0.662
0.662
0.231209
0.19295
0.662
0.22848
0.662
0.199744
0.662
0.0404356
0.662
0.662
0.662
0.251321
0.378289
0.271791
0.400319
0.354944
0.42232
0.288925
0.662
0.662
0.662
0.235166
0.662
0.0737804
0.662
0.199699
0.662
0.662
0.500359
0.662
0.598463
0.180849
0.662
0.662
0.202612
0.662
0.662
0.322575
0.662
0.662
0.444119
0.252289
0.662
0.662
0.662
0.389993
0.441822
0.662
0.11118
0.395193
0.212897
0.209844
0.350315
0.250717
0.367565
0.662
0.298266
0.662
0.323803
0.399856
0.125753
0.283638
0.662
0.662
0.662
0.662
0.662
0.662
0.662
0.662
0.366979
0.348634
0.179481
0.662
