0.389993
0.662
0.662
0.662
0.662
0.293813
0.662
0.396722
0.662
0.122798
0.662
0.463628
0.145415
0.267985
0.662
0.662
0.225391
0.662
0.114916
0.662
0.313043
0.339588
0.662
0.662
0.662
0.30681
0.0803232
0.662
0.305612
0.254538
0.662
0.00184087
0.151408
0.128085
0.662
0.662
0.420456
0.662
0.431355
0.662
0.662
0.662
0.33207
0.662
0.662
0.662
0.496578
0.447292
0.203514
0.662
0.244769
0.662
0.662
0.109438
0.662
0.283638
0.662
0.662
0.662
0.662
0.262687
0.662
0.662
0.662
0.662
0.662
0.662
0.662
0.662
0.382995
0.662
0.662
0.662
0.662
0.662
0.206695
0.557299
0.63761
0.662
0.325835
0.470579
0.662
0.180134
0.662
0.339869
0.662
0.662
0.662
0.662
0.0173807
0.662
0.662
0.339535
0.662
0.335068
0.662
0.0289515
0.0805084
0.413756
0.124371
0.0680846
0.662
0.662
0.268932
0.662
0.662
0.662
0.418807
0.63483
0.138237
0.662
0.260357
0.662
0.662
0.662
0.662
0.12235
0.662
0.662
0.0254458
0.662
0.638604
0.662
0.263105
0.662
0.105466
0.662
0.662
0.135156
0.662
0.662
0.423556
0.0824946
0.662
0.199744
0.193553
0.402849
0.469109
0.486662
0.662
0.662
0.114698
0.471496
0.397883
0.662
0.662
0.662
0.0327564
0.375993
0.662
0.1084
0.279251
0.430162
0.662
0.662
0.662
0.246479
0.662
0.662
0.301222
0.308276
0.324965
0.251321
0.420027
0.26849
0.662
0.370953
0.160218
0.327805
0.662
0.662
0.174123
0.662
0.662
0.306636
0.662
0.584905
0.662
0.364929
0.662
0.662
0.662
0.662
0.53206
0.662
0.454391
0.330784
0.662
0.171931
0.662
0.105377
0.0409014
0.266851
0.662
0.0970061
0.662
0.662
0.662
0.662
0.0436455
0.228438
0.662
0.662
0.184963
0.662
0.662
0.662
0.662
0.315587
0.662
0.288441
0.662
0.662
0.662
0.662
0.142369
0.662
0.662
0.662
0.365927
0.662
0.662
0.350019
0.0501182
0.069586
0.662
0.662
0.662
0.428865
0.662
0.662
0.138743
0.662
0.147474
0.449943
0.129458
0.316626
0.662
0.246205
0.504562
0.662
0.662
0.662
0.662
0.662
0.662
0.23344
0.183731
0.594798
0.279047
0.19295
0.662
0.662
0.662
0.662
0.662
0.662
0.662
0.199673
0.385727
0.265733
0.662
0.208407
0.662
0.662
0.209296
0.158577
0.123421
0.662
0.168665
0.121646
0.371352
0.247474
0.264676
0.662
0.662
0.354944
0.0479345
0.56484
0.453916
0.662
0.662
0.662
0.662
0.662
0.313517
0.662
0.237024
0.662
0.662
0.0500053
0.662
0.154894
0.662
0.143994
0.0764196
0.22848
0.662
0.662
0.662
0.216842
0.172094
0.662
0.281685
0.662
0.235166
0.662
0.184639
0.662
0.662
0.662
0.373215
0.662
0.662
0.397592
0.662
0.662
0.202027
0.0963459
0.543816
0.662
0.662
0.0198678
0.662
0.662
0.662
0.483815
0.254859
0.662
0.311636
0.330916
0.662
0.662
0.662
0.229375
0.288925
0.662
0.0756283
0.662
0.209844
0.319321
0.662
0.208879
0.662
0.662
0.515419
0.395065
0.12343
0.662
0.486615
0.662
0.662
0.662
0.13621
0.662
0.662
0.662
0.396755
0.441822
0.662
0.335658
0.662
0.216836
0.662
0.323349
0.662
0.231209
0.038919
0.102688
0.662
0.662
0.662
0.444119
0.269608
0.330855
0.366979
0.18397
0.662
0.662
0.202612
0.174674
0.662
0.11118
0.23031
0.0789933
0.662
0.213683
0.662
0.662
0.298266
0.139585
0.396811
0.446532
0.662
0.451746
0.662
0.195146
0.662
0.662
0.300643
0.662
0.662
0.212897
0.213562
0.357156
0.662
0.109372
0.662
0.447011
0.0065591
0.0384863
0.662
0.662
0.662
0.662
0.280633
0.662
0.662
0.570737
0.662
0.662
0.463471
0.662
0.662
0.662
0.118128
0.399606
0.400319
0.662
0.282633
0.662
0.399856
0.367656
0.662
0.662
0.662
0.192447
0.265587
0.213098
0.662
0.0709475
0.334886
0.207706
0.294343
0.662
0.662
0.662
0.582758
0.662
0.662
0.662
0.662
0.0276118
0.151852
0.370714
0.662
0.357195
0.662
0.662
0.662
0.619282
0.662
0.662
0.473899
0.662
0.463208
0.17032
0.662
0.662
0.579216
0.662
0.662
0.662
0.662
0.662
0.117202
0.350315
0.493913
0.103698
0.50749
0.571379
0.45553
0.662
0.662
0.662
0.662
0.342288
0.662
0.662
0.662
0.662
0.662
0.195572
0.161482
0.261267
0.561989
0.662
0.662
0.473917
0.662
0.662
0.662
0.180784
0.524397
0.662
0.278745
0.662
0.662
0.662
0.366108
0.261079
0.662
0.662
0.211822
0.662
