0.662
0.367962
0.144419
0.62897
0.0879131
0.417009
0.192513
0.662
0.662
0.662
0.387692
0.662
0.662
0.455729
0.10294
0.31144
0.294325
0.662
0.662
0.662
0.0310597
0.662
0.327908
0.420877
0.662
0.662
0.0502671
0.196048
0.444484
0.662
0.662
0.662
0.662
0.275076
0.662
0.662
0.404537
0.662
0.662
0.0958688
0.662
0.0611007
0.662
0.662
0.0477073
0.662
0.468193
0.662
0.662
0.580884
0.0149497
0.662
0.209204
0.238612
0.246516
0.241927
0.178215
0.393902
0.235853
0.19026
0.0739847
0.662
0.662
0.0709173
0.662
0.662
0.40153
0.662
0.461992
0.493127
0.662
0.37319
0.662
0.464604
0.20061
0.439253
0.471031
0.662
0.662
0.503205
0.662
0.662
0.662
0.662
0.0801
0.198293
0.662
0.662
0.290311
0.662
0.662
0.662
0.185353
0.662
0.00168814
0.662
0.662
0.662
0.662
0.311573
0.227313
0.662
0.437519
0.38938
0.662
0.662
0.662
0.221505
0.308179
0.369464
0.403632
0.662
0.263496
0.189748
0.662
0.662
0.662
0.662
0.662
0.662
0.111295
0.662
0.0622781
0.662
0.662
0.662
0.662
0.662
0.662
0.662
0.662
0.662
0.662
0.30852
0.662
0.662
0.662
0.0682599
0.662
0.231784
0.485107
0.662
0.0307445
0.662
0.662
0.662
0.662
0.662
0.662
0.115787
0.662
0.662
0.662
0.662
0.0514774
0.662
0.662
0.341625
0.662
0.337329
0.361462
0.662
0.662
0.662
0.662
0.0968361
0.662
0.662
0.662
0.662
0.636157
0.0952612
0.2136
0.662
0.662
0.662
0.662
0.099501
0.662
0.217994
0.409264
0.662
0.333247
0.662
0.662
0.426122
0.295302
0.200998
0.0246827
0.662
0.662
0.449866
0.299709
0.358675
0.506626
0.662
0.26994
0.662
0.662
0.288244
0.662
0.662
0.662
0.117394
0.662
0.662
0.662
0.499274
0.662
0.662
0.662
0.376728
0.662
0.662
0.448488
0.468374
0.662
0.662
0.662
0.150738
0.662
0.0795304
0.662
0.662
0.296147
0.530465
0.574806
0.662
0.662
0.56406
0.105822
0.328877
0.21838
0.662
0.662
0.662
0.11584
0.385863
0.662
0.0916902
0.353942
0.131609
0.662
0.46595
0.200778
0.662
0.662
0.141826
0.662
0.0851752
0.662
0.662
0.368555
0.415648
0.264983
0.261068
0.662
0.662
0.662
0.590256
0.662
0.662
0.556931
0.162324
0.0227861
0.662
0.662
0.121651
0.349899
0.662
0.321201
0.430334
0.132727
0.662
0.662
0.662
0.662
0.172429
0.306022
0.215961
0.184204
0.662
0.258682
0.662
0.662
0.662
0.265665
0.662
0.662
0.1346
0.662
0.662
0.366014
0.000422636
0.662
0.220074
0.662
0.346102
0.662
0.105493
0.0559044
0.103994
0.422443
0.662
0.662
0.662
0.662
0.662
0.662
0.470734
0.662
0.662
0.662
0.662
0.4101
0.662
0.43309
0.662
0.213971
0.464679
0.493824
0.206988
0.662
0.662
0.662
0.662
0.662
0.322417
0.382871
0.071064
0.662
0.662
0.0755568
0.662
0.662
0.662
0.662
0.274429
0.390176
0.662
0.662
0.272339
0.445607
0.662
0.662
0.662
0.662
0.0151057
0.662
0.662
0.49037
0.662
0.131797
0.256117
0.662
0.108396
0.0224089
0.662
0.662
0.662
0.462746
0.662
0.662
0.317013
0.662
0.477133
0.48214
0.662
0.662
0.380205
0.662
0.662
0.17367
0.29959
0.662
0.501763
0.662
0.471387
0.662
0.0212116
0.662
0.662
0.180079
0.662
0.662
0.15331
0.662
0.662
0.662
0.662
0.458357
0.662
0.317358
0.662
0.512824
0.0568205
0.662
0.182507
0.662
0.662
0.170126
0.0219139
0.662
0.314264
0.456784
0.662
0.662
0.662
0.312102
0.662
0.229531
0.0931538
0.662
0.662
0.662
0.637524
0.514253
0.21083
0.51156
0.143067
0.473763
0.31002
0.380184
0.360714
0.662
0.662
0.329603
0.436285
0.0744284
0.543791
0.265391
0.662
0.662
0.366739
0.194715
0.662
0.406428
0.662
0.662
0.662
0.662
0.662
0.662
0.311477
0.662
0.662
0.557629
0.662
0.662
0.167962
0.662
0.00154178
0.662
0.662
0.662
0.662
0.662
0.341158
0.374741
0.330433
0.188035
0.662
0.662
0.1329
0.662
0.662
0.662
0.0580793
0.467301
0.662
0.662
0.0369779
0.662
0.430365
0.429278
0.662
0.303895
0.645563
0.662
0.167776
0.339185
0.662
0.456159
0.20828
0.662
0.662
0.3255
0.662
0.662
0.662
0.22138
0.528104
0.313625
0.475754
0.662
0.479922
0.662
0.0773283
0.662
0.662
0.662
0.302672
0.255614
0.662
0.258577
0.267705
0.662
0.662
0.662
0.662
0.402479
0.662
0.544918
0.417609
0.401194
0.662
0.662
0.0469828
0.662
0.149692
0.662
0.662
0.662
0.662
0.662
0.537007
0.662
0.229233
0.337093
0.662
0.022889
0.390311
0.662
0.662
0.338574
0.116864
0.529203
0.421804
0.000298585
0.278295
0.240531
0.662
0.662
0.662
0.336745
0.662
0.385393
0.281034
0.292
0.327513
0.662
0.662
0.662
0.662
0.172608
0.288109
0.662
0.265003
0.662
0.422458
0.0833005
0.63339
0.382701
0.448059
0.662
0.0777462
0.450383
0.662
0.662
0.662
0.281182
0.662
0.169633
0.632364
0.472381
0.282167
0.662
0.181658
0.662
0.662
0.325129
0.662
0.662
0.0495668
0.63309
0.662
0.610541
0.662
0.662
0.662
0.189887
0.650392
0.445251
0.482312
0.356832
0.0106117
0.373786
0.474254
0.662
0.330139
0.411066
0.453966
0.662
0.148728
0.662
0.662
0.662
0.522402
0.662
0.662
0.662
0.662
0.662
0.662
0.442692
0.662
0.662
0.613716
0.591834
0.662
0.662
0.662
0.476775
0.662
0.662
0.240879
0.470623
0.662
0.662
0.662
0.662
0.174923
0.662
0.303888
0.662
0.662
0.662
0.130049
0.662
0.662
0.387728
0.00918165
0.140423
0.662
0.0950496
0.438406
0.613162
0.662
0.194063
0.11701
0.160197
0.0940759
0.338394
0.388743
0.0189541
0.196224
0.162834
0.662
0.402295
0.160319
0.662
0.240593
0.192551
0.662
0.293896
0.125767
0.662
0.280161
0.390563
0.662
0.662
0.662
0.301082
0.0227378
0.662
0.357188
0.164959
0.662
0.662
0.662
0.431667
0.424903
0.662
0.662
0.251363
0.662
0.0590117
0.0621566
0.455728
0.662
0.662
0.283134
0.633694
0.500006
0.662
0.604932
0.305857
0.662
0.396453
0.662
0.662
0.0622737
0.662
0.662
0.10494
0.482875
0.5242
0.662
0.662
0.200515
0.375138
0.662
0.662
0.498738
0.662
0.472898
0.414325
0.662
0.662
0.463106
0.208969
0.25161
0.662
0.441187
0.197416
0.662
0.266276
0.169947
0.449049
0.662
0.113976
0.19018
0.662
0.662
0.662
0.296474
0.662
0.432135
0.662
0.197075
0.488327
0.662
0.662
0.493245
0.05235
0.303655
0.398913
0.662
0.503109
0.396406
0.662
0.662
0.0532742
0.314438
0.344846
0.0746534
0.662
0.662
0.662
0.662
0.662
0.662
0.443262
0.662
0.662
0.662
