0.662
0.662
0.219938
0.347508
0.662
0.424037
0.141426
0.23344
0.19295
0.662
0.662
0.662
0.662
0.662
0.662
0.662
0.198199
0.662
0.0305307
0.364929
0.662
0.662
0.464026
0.662
0.35159
0.415521
0.275996
0.662
0.600689
0.662
0.180521
0.189762
0.662
0.195572
0.00184087
0.421016
0.662
0.662
0.293506
0.662
0.662
0.439293
0.662
0.662
0.138997
0.662
0.0973785
0.662
0.662
0.327898
0.662
0.397883
0.662
0.321576
0.662
0.404694
0.0896533
0.378707
0.254227
0.662
0.228556
0.158577
0.662
0.191012
0.662
0.662
0.422526
0.662
0.662
0.662
0.293932
0.662
0.662
0.149466
0.0591729
0.117202
0.662
0.662
0.662
0.662
0.662
0.662
0.0871574
0.662
0.0832867
0.276684
0.471496
0.662
0.662
0.662
0.662
0.452353
0.214186
0.662
0.662
0.303119
0.662
0.562224
0.342288
0.202027
0.0683308
0.662
0.662
0.437273
0.173578
0.373215
0.0394616
0.257966
0.168607
0.108314
0.662
0.353392
0.203408
0.465379
0.662
0.662
0.662
0.662
0.219544
0.662
0.312479
0.662
0.106082
0.662
0.662
0.0709475
0.662
0.662
0.102688
0.662
0.662
0.12235
0.278745
0.662
0.274081
0.662
0.662
0.662
0.222243
0.662
0.335068
0.662
0.662
0.662
0.507978
0.577401
0.662
0.346452
0.662
0.662
0.160218
0.473899
0.662
0.332815
0.662
0.662
0.465148
0.0919936
0.473917
0.662
0.662
0.662
0.662
0.662
0.254538
0.391077
0.232728
0.662
0.397592
0.662
0.662
0.662
0.207706
0.662
0.662
0.662
0.318828
0.662
0.431679
0.662
0.662
0.662
0.662
0.662
0.0132932
0.662
0.417026
0.662
0.189146
0.662
0.662
0.294343
0.662
0.306788
0.0278465
0.662
0.662
0.484774
0.662
0.356405
0.662
0.662
0.264137
0.283115
0.237296
0.263024
0.662
0.31615
0.662
0.662
0.662
0.662
0.199142
0.662
0.467302
0.662
0.0789933
0.171855
0.662
0.284547
0.662
0.662
0.414833
0.453772
0.662
0.662
0.179508
0.438742
0.0530605
0.662
0.662
0.662
0.662
0.254859
0.270383
0.222487
0.157071
0.662
0.662
0.224147
0.382761
0.662
0.662
0.496578
0.167692
0.269614
0.262687
0.254932
0.662
0.137076
0.459535
0.662
0.662
0.405815
0.433229
0.530074
0.0395712
0.662
0.480786
0.0997325
0.662
0.662
0.303779
0.662
0.33029
0.662
0.662
0.662
0.206695
0.154894
0.662
0.328781
0.350315
0.487249
0.662
0.662
0.662
0.662
0.662
0.166357
0.662
0.662
0.662
0.662
0.662
0.373722
0.647754
0.662
0.662
0.662
0.262962
0.662
0.151408
0.662
0.662
0.62897
0.156538
0.195146
0.662
0.662
0.662
0.662
0.248863
0.463155
0.662
0.266698
0.662
0.0481666
0.662
0.44902
0.662
0.135945
0.662
0.263881
0.662
0.130569
0.662
0.662
0.305527
0.63339
0.662
0.662
0.662
0.396928
0.0598702
0.662
0.323266
0.442307
0.662
0.662
0.662
0.662
0.602895
0.662
0.280633
0.662
0.662
0.348758
0.662
0.662
0.00696848
0.062806
0.662
0.151897
0.662
0.662
0.662
0.0926703
0.662
0.261062
0.662
0.662
0.343479
0.052336
0.662
0.050829
0.298908
0.463628
0.0240078
0.335658
0.167002
0.662
0.662
0.662
0.0362563
0.662
0.180404
0.339535
0.408017
0.662
0.366979
0.22126
0.662
0.221661
0.365901
0.43548
0.481807
0.662
0.295717
0.662
0.119566
0.0114243
0.515419
0.662
0.662
0.662
0.259917
0.662
0.125916
0.359201
0.279005
0.428865
0.662
0.662
0.662
0.662
0.662
0.0781018
0.298208
0.662
0.662
0.0899016
0.662
0.662
0.662
0.358786
0.662
0.662
0.0153163
0.263105
0.662
0.0553224
0.662
0.662
0.45786
0.474819
0.349086
0.662
0.205262
0.662
0.662
0.265356
0.662
0.662
0.662
0.17164
0.662
0.0698771
0.662
0.116582
0.190312
0.395744
0.327576
0.359579
0.156688
0.31757
0.662
0.662
0.662
0.119702
0.188971
0.662
0.662
0.662
0.662
0.367845
0.662
0.406088
0.189496
0.662
0.213683
0.662
0.662
0.200991
0.662
0.254606
0.662
0.662
0.662
0.527603
0.196369
0.662
0.617311
0.662
0.191697
0.201275
0.662
0.526962
0.662
0.662
0.662
0.0790691
0.246737
0.193766
0.0445959
0.662
0.0452539
0.383596
0.662
0.662
0.662
0.352465
0.662
0.662
0.662
0.30681
0.0704199
0.662
0.301154
0.00558321
0.404634
0.662
0.195857
0.0155809
0.273662
0.365927
0.662
0.120617
0.475352
0.662
0.458038
0.523229
0.662
0.393217
0.662
0.448902
0.662
0.293049
0.662
0.255284
0.184963
0.319321
0.633694
0.146766
0.0330234
0.496728
0.662
0.451582
0.662
0.0610224
0.462231
0.0805084
0.230894
0.230717
0.42217
0.496976
0.662
0.0238522
0.247862
0.612345
0.147474
0.662
0.662
0.346836
0.113976
0.357195
0.173452
0.662
0.662
0.662
0.662
