0.662
0.0484076
0.249296
0.662
0.662
0.662
0.334105
0.662
0.148108
0.662
0.560595
0.260667
0.662
0.662
0.402606
0.2306
0.263217
0.307086
0.07744
0.662
0.263749
0.662
0.283241
0.662
0.358118
0.410823
0.662
0.0372224
0.0667714
0.228234
0.662
0.662
0.662
0.662
0.00218672
0.489311
0.662
0.140099
0.662
0.230821
0.193596
0.316419
0.384554
0.662
0.213742
0.662
0.00891805
0.379967
0.33028
0.182293
0.662
0.662
0.662
0.662
0.338022
0.243937
0.43939
0.374332
0.662
0.662
0.0121821
0.142593
0.428019
0.377176
0.662
0.662
0.141357
0.209854
0.432868
0.662
0.278516
0.662
0.662
0.473928
0.463055
0.164361
0.662
0.662
0.662
0.662
0.662
0.414202
0.662
0.339864
0.662
0.662
0.662
0.299786
0.662
0.336155
0.154833
0.662
0.662
0.471282
0.459324
0.662
0.348302
0.221968
0.146311
0.662
0.662
0.662
0.110978
0.508933
0.216458
0.296178
0.662
0.0383803
0.662
0.234376
0.518881
0.662
0.646316
0.0374326
0.662
0.662
0.662
0.259186
0.271875
0.183869
0.196281
0.662
0.241943
0.662
0.191098
0.662
0.662
0.168961
0.465186
0.37143
0.331242
0.318088
0.662
0.17931
0.444436
0.452625
0.397513
0.662
0.462313
0.662
0.662
0.30106
0.397474
0.00902016
0.662
0.328033
0.662
0.189209
0.23267
0.662
0.662
0.261892
0.0300052
0.476579
0.238387
0.309721
0.662
0.662
0.662
0.662
0.364998
0.662
0.662
0.0426962
0.216
0.662
0.50926
0.662
0.662
0.662
0.460601
0.662
0.662
0.662
0.662
0.466307
0.662
0.600389
0.367438
0.0324416
0.213543
0.274201
0.22869
0.662
0.662
0.0880847
0.662
0.662
0.213749
0.0768834
0.662
0.434673
0.017767
0.662
0.662
0.128653
0.662
0.47992
0.380189
0.662
0.662
0.19035
0.662
0.662
0.338384
0.662
0.154091
0.662
0.662
0.662
0.662
0.662
0.662
0.0617902
0.450688
0.124757
0.458043
0.662
0.19677
0.662
0.662
0.541586
0.662
0.114337
0.662
0.662
0.662
0.662
0.364488
0.662
0.662
0.662
0.662
0.260745
0.662
0.662
0.458363
0.452852
0.229568
0.469081
0.214311
0.662
0.662
0.425676
0.662
0.662
0.317807
0.132035
0.662
0.662
0.140156
0.429853
0.662
0.662
0.351919
0.662
0.1061
0.264882
0.662
0.107136
0.0522187
0.662
0.662
0.0717248
0.452476
0.455541
0.662
0.400931
0.144658
0.662
0.662
0.295987
0.474778
0.126813
0.356125
0.662
0.662
0.662
0.0313551
0.662
0.365386
0.662
0.662
0.662
0.662
0.151869
0.308265
0.0643194
0.662
0.662
0.662
0.662
0.662
0.607275
0.662
0.662
0.662
0.255585
0.467566
0.352042
0.316498
0.662
0.662
0.662
0.662
0.113672
0.207057
0.662
0.662
0.662
0.662
0.0486891
0.0702098
0.062939
0.662
0.228132
0.568841
0.0560488
0.193606
0.0085689
0.344159
0.662
0.629706
0.23178
0.662
0.445731
0.659046
0.612375
0.343359
0.662
0.662
0.662
0.392538
0.343643
0.662
0.662
0.46432
0.662
0.662
0.279182
0.662
0.662
0.662
0.662
0.118889
0.662
0.662
0.662
0.239045
0.662
0.39808
0.348569
0.662
0.662
0.662
0.159451
0.113813
0.662
0.662
0.273942
0.662
0.662
0.662
0.662
0.385822
0.662
0.205642
0.63339
0.0405343
0.662
0.387976
0.662
0.0828973
0.553399
0.368671
0.662
0.354636
0.662
0.205905
0.662
0.662
0.662
0.662
0.011245
0.135038
0.662
0.662
0.428291
0.532645
0.662
0.662
0.662
0.493094
0.325002
0.0553854
0.295636
0.662
0.203878
0.427532
0.238105
0.606464
0.662
0.662
0.421169
0.662
