0.662
0.662
0.438218
0.612375
0.662
0.237791
0.468447
0.662
0.0426962
0.662
0.242475
0.424649
0.549249
0.502709
0.209811
0.202022
0.168918
0.280376
0.662
0.662
0.662
0.662
0.233981
0.662
0.662
0.662
0.355359
0.0460896
0.662
0.662
0.629763
0.389152
0.662
0.114074
0.662
0.662
0.449491
0.662
0.0856945
0.662
0.662
0.427532
0.0164369
0.662
0.662
0.662
0.662
0.214311
0.662
0.455929
0.662
0.310396
0.0324416
0.426144
0.146655
0.662
0.662
0.662
0.662
0.403319
0.401775
0.397513
0.662
0.662
0.393186
0.336155
0.278516
0.0995519
0.532847
0.662
0.431946
0.662
0.474778
0.662
0.662
0.662
0.207057
0.662
0.0390787
0.331732
0.662
0.354547
0.33728
0.662
0.662
0.0373019
0.662
0.325002
0.223958
0.662
0.662
0.195617
0.662
0.662
0.662
0.662
0.444436
0.662
0.334721
0.548432
0.294796
0.662
0.648124
0.662
0.662
0.0716992
0.662
0.0688275
0.662
0.662
0.662
0.662
0.154833
0.377811
0.662
0.283241
0.54643
0.289057
0.292088
0.662
0.354842
0.250312
0.262913
0.662
0.311583
0.662
0.6351
0.662
0.0213072
0.312672
0.662
0.662
0.271875
0.662
0.662
0.15324
0.662
0.662
0.662
0.662
0.662
0.662
0.662
0.185715
0.662
0.662
0.662
0.662
0.630152
0.334173
0.316419
0.662
0.662
0.33028
0.131731
0.662
0.662
0.662
0.662
0.145739
0.662
0.232223
0.662
0.662
0.365107
0.662
0.0774049
0.662
0.662
0.414771
0.662
0.662
0.662
0.139777
0.0821002
0.198599
0.0918386
0.11231
0.0851154
0.662
0.662
0.410301
0.662
0.662
0.662
0.0405343
0.662
0.337647
0.662
0.445731
0.536893
0.662
0.662
0.662
0.242301
0.388268
0.662
0.414202
0.221915
0.021236
0.327007
0.209854
0.331242
0.662
0.662
0.646316
0.662
0.662
0.367438
0.44157
0.43939
0.224553
0.662
0.358118
0.575326
0.662
0.427086
0.662
0.662
0.662
0.30954
0.662
0.662
0.157459
0.662
0.29232
0.203878
0.162155
0.662
0.255019
0.662
0.662
0.35316
0.662
0.0896262
0.103327
0.462471
0.481132
0.662
0.0582946
0.368671
0.333683
0.308265
0.662
0.662
0.295636
0.662
0.662
0.37143
0.662
0.338046
0.662
0.464339
0.662
0.662
0.218215
0.19035
0.662
0.662
0.662
0.463358
0.23508
0.662
0.0513296
0.228132
0.547908
0.662
0.249913
0.0769586
0.318088
0.662
0.662
0.0085689
0.174314
0.18038
0.259186
0.334488
0.241943
0.42872
0.662
0.134523
0.662
0.118057
0.161019
0.17931
0.662
0.243937
0.450688
0.282085
0.662
0.662
0.0520695
0.200597
0.364326
0.662
0.289726
0.452476
0.662
0.662
0.372884
0.662
0.548873
0.662
0.297928
0.437912
0.301113
0.662
0.662
0.662
0.662
0.662
0.0346326
0.270042
0.662
0.471282
0.662
0.467566
0.237105
0.662
0.386579
0.662
0.23178
0.662
0.662
0.662
0.48194
0.189723
0.662
0.662
0.440805
0.263577
0.662
0.159599
0.375693
0.662
0.662
0.355727
0.662
0.465186
0.301368
0.38807
0.132035
0.662
0.662
0.487695
0.662
0.051202
0.662
0.662
0.662
0.0153408
0.343643
0.662
0.662
0.662
0.237285
0.455541
0.0298676
0.346154
0.438138
0.398337
0.408884
0.440374
0.363537
0.0704753
0.662
0.662
0.352106
0.662
0.401929
0.662
0.662
0.355159
0.239566
0.062939
0.662
0.0439748
0.662
0.633391
0.662
0.205642
0.182382
0.662
0.662
0.662
0.662
0.0643194
0.662
0.662
0.662
0.662
0.367282
