0.405632
0.662
0.662
0.526557
0.662
0.662
0.151999
0.280329
0.662
0.662
0.200903
0.329023
0.662
0.35956
0.163128
0.662
0.413423
0.361314
0.662
0.281962
0.662
0.362317
0.467146
0.0435433
0.662
0.662
0.662
0.662
0.0126223
0.662
0.662
0.662
0.662
0.449232
0.62116
0.662
0.381964
0.662
0.662
0.164174
0.662
0.662
0.662
0.662
0.662
0.662
0.243108
0.185262
0.662
0.662
0.662
0.662
0.224675
0.187845
0.662
0.662
0.419741
0.662
0.662
0.662
0.181787
0.0786428
0.308591
0.662
0.662
0.662
0.662
0.383346
0.662
0.662
0.194838
0.445531
0.662
0.0303911
0.167934
0.662
0.00449852
0.662
0.662
0.285367
0.361379
0.662
0.193842
0.231413
0.662
0.662
0.662
0.382124
0.0617807
0.175206
0.294281
0.662
0.662
0.194225
0.662
0.489398
0.0792272
0.662
0.662
0.485321
0.473514
0.137432
0.0632883
0.391456
0.215363
0.662
0.557445
0.231823
0.461288
0.662
0.662
0.481673
0.36204
0.025701
0.662
0.662
0.662
0.662
0.662
0.506622
0.319409
0.662
0.662
0.662
0.662
0.662
0.339883
0.21111
0.662
0.662
0.662
0.662
0.0350697
0.194731
0.662
0.662
0.662
0.662
0.0971988
0.662
0.662
0.662
0.39269
0.662
0.186641
0.0285966
0.662
0.662
0.662
0.133619
0.662
0.0112344
0.662
0.338609
0.490501
0.662
0.662
0.662
0.272538
0.261656
0.662
0.323087
0.662
0.37227
0.662
0.662
0.568297
0.662
0.662
0.477238
0.227998
0.00522863
0.422476
0.662
0.662
0.204741
0.662
0.125516
0.662
0.662
0.662
0.30179
0.296287
0.662
0.092716
0.0653263
0.662
0.0271044
0.662
0.207576
0.04953
0.662
0.234531
0.266856
0.0653623
0.662
0.662
0.311136
0.662
0.260301
0.240029
0.662
0.219127
0.387401
0.188522
0.0649383
0.461545
0.0499608
0.662
0.629497
0.662
0.662
0.161382
0.662
0.662
0.662
0.662
0.662
0.185863
0.440103
0.378638
0.662
0.444421
0.662
0.342206
0.25407
0.662
0.148892
0.662
0.662
0.0523181
0.662
0.192441
0.662
0.662
0.65245
0.662
0.449367
0.662
0.662
0.34395
0.662
0.340065
0.120078
0.662
0.634401
0.121203
0.662
0.662
0.662
0.662
0.0848594
0.446064
0.662
0.0679683
0.662
0.662
0.662
0.138269
0.662
0.191875
0.662
0.662
0.44023
0.270296
0.662
0.662
0.662
0.115209
0.235966
0.662
0.306895
0.662
0.254517
0.662
0.372435
0.662
0.407171
0.154114
0.662
0.662
0.205187
0.662
0.383458
0.662
0.4002
0.609968
0.662
0.662
0.285024
0.48386
0.630856
0.662
0.0395343
0.662
0.662
0.180678
0.248026
0.371311
0.662
0.475139
0.662
0.284918
0.662
0.241914
0.662
0.0672276
0.27054
0.285402
0.662
0.420499
0.662
0.268676
0.662
0.365435
0.220269
0.662
0.398062
0.200392
0.662
0.662
0.475202
0.662
0.0238595
0.429769
0.255637
0.0819014
0.662
0.16014
0.148569
0.469746
0.662
0.164245
0.662
0.416832
0.662
0.368467
0.662
0.662
0.43279
0.616018
0.662
0.662
0.662
0.180723
0.346954
0.662
0.662
0.278017
0.0133517
0.662
0.0276014
0.199605
0.662
0.662
0.662
0.662
0.662
0.662
0.662
0.662
0.662
0.041085
0.662
0.662
0.662
0.174785
0.351457
0.476912
0.619641
0.539801
0.195084
0.662
0.662
0.198075
0.151395
0.662
0.105982
0.662
0.662
0.43741
0.662
0.37052
0.662
0.662
0.299203
0.662
0.662
0.215191
0.031758
0.662
0.53752
0.176238
0.201304
0.34425
0.437171
0.662
0.387127
0.662
0.662
0.318877
0.18622
0.129983
0.662
0.187756
0.662
0.0450814
0.41009
0.433992
0.422492
0.662
0.196925
0.662
0.0317331
0.125232
0.662
0.467048
0.284959
0.662
0.160042
0.662
0.446811
0.123181
0.143932
0.662
0.662
0.662
0.393476
0.662
0.192094
0.662
0.662
0.471754
0.356084
0.662
0.299215
0.296487
0.0174315
0.318912
0.326407
0.356741
0.662
0.194767
0.192018
0.459622
0.35421
0.662
0.662
0.080434
0.662
0.662
0.130948
0.662
0.662
0.587584
0.192361
0.357202
0.189644
0.0671877
0.319944
0.662
0.662
0.662
0.152331
0.475953
0.245638
0.662
0.104555
0.662
0.0926949
0.30847
0.123306
0.412273
0.662
0.662
0.434125
0.662
0.358416
0.062098
0.662
0.47483
0.20335
0.591233
0.662
0.354316
0.370026
0.662
0.662
0.302171
0.0144623
0.453572
0.662
0.335633
0.326828
0.662
0.662
0.291839
0.419337
0.662
0.662
0.662
0.286923
0.290993
0.0592876
0.662
0.662
0.662
0.216253
0.347739
0.0823428
0.43144
0.359443
0.419906
0.551886
0.662
0.270201
0.511541
0.239246
0.150732
0.382643
0.318254
0.662
0.662
0.170527
0.120274
0.662
0.415786
0.662
0.662
0.375755
0.140897
0.458699
0.0363942
0.205298
0.189332
0.481395
0.44777
0.25672
0.461201
0.662
0.479363
0.410656
0.662
0.431544
0.269996
0.186278
0.662
0.662
0.494183
0.662
0.156226
0.662
0.662
0.154663
0.662
0.662
0.662
0.662
0.662
0.39303
0.253634
0.391051
0.662
0.112157
0.209084
0.662
0.662
0.21498
0.662
0.662
0.662
0.662
0.662
0.349698
0.662
0.153065
0.44343
0.662
0.228935
0.662
0.662
0.662
0.408126
0.442652
0.662
0.0246221
0.119237
0.662
0.662
0.176085
0.0539053
0.662
0.45055
0.14953
0.662
0.23906
0.662
0.450164
0.662
0.426103
0.225876
0.223023
0.0801247
0.662
0.662
0.662
0.662
0.662
0.474224
0.662
0.662
0.449901
0.213517
0.662
0.662
0.662
0.268707
0.662
0.662
0.145611
0.662
0.662
0.662
0.662
0.134997
0.278413
0.364976
0.662
0.662
0.662
0.662
0.300185
0.450465
0.662
0.365448
0.390009
0.662
0.467685
0.505976
0.662
0.662
0.662
0.222743
0.454873
0.127451
0.340023
0.662
0.662
0.662
0.662
0.516568
0.0165624
0.461456
0.356315
0.662
0.244334
0.662
0.662
0.348639
0.662
0.301004
0.662
0.150085
0.662
0.662
0.325843
0.0185231
0.662
0.662
0.662
0.662
0.662
0.662
0.662
0.294346
0.208083
0.662
0.662
0.219041
0.662
0.662
0.662
0.127353
0.662
0.662
0.226029
0.662
0.662
0.444028
