0.124757
0.473928
0.662
0.662
0.0439748
0.462048
0.458363
0.662
0.546615
0.662
0.662
0.662
0.662
0.449181
0.662
0.434673
0.418962
0.366831
0.449859
0.662
0.662
0.416648
0.33028
0.662
0.370364
0.494999
0.0828973
0.352492
0.662
0.662
0.0486794
0.193573
0.0472088
0.662
0.354636
0.662
0.662
0.662
0.659046
0.662
0.377176
0.662
0.662
0.255585
0.310939
0.662
0.135723
0.662
0.351196
0.662
0.508933
0.553065
0.202195
0.157128
0.243843
0.382556
0.662
0.662
0.662
0.142593
0.662
0.662
0.662
0.662
0.662
0.662
0.662
0.662
0.662
0.353498
0.0085689
0.662
0.207628
0.662
0.320637
0.24407
0.550645
0.0764196
0.0671625
0.662
0.662
0.662
0.0716992
0.239045
0.662
0.63361
0.662
0.475467
0.662
0.269534
0.168961
0.662
0.662
0.662
0.662
0.0331915
0.662
0.662
0.662
0.396521
0.662
0.3986
0.120248
0.216
0.662
0.463055
0.113813
0.213543
0.662
0.662
0.213321
0.662
0.154494
0.662
0.365386
0.662
0.662
0.338022
0.0512447
0.662
0.662
0.662
0.662
0.103698
0.194086
0.662
0.662
0.22869
0.662
0.385046
0.335862
0.311636
0.038919
0.277682
0.662
0.169347
0.662
0.662
0.0459647
0.662
0.662
0.228234
0.662
0.662
0.662
0.544623
0.180849
0.290549
0.662
0.662
0.662
0.662
0.0487205
0.662
0.532645
0.0283356
0.459324
0.662
0.425117
0.662
0.662
0.662
0.662
0.395904
0.662
0.299786
0.662
0.402606
0.662
0.144658
0.454997
0.325002
0.662
0.339864
0.513317
0.288263
0.662
0.37143
0.662
0.662
0.662
0.662
0.662
0.662
0.662
0.207038
0.0717248
0.662
0.146311
0.662
0.662
0.662
0.105539
0.662
0.161482
0.059415
0.335653
0.662
0.662
0.662
0.30106
0.457751
0.380083
0.289568
0.356125
0.662
0.662
0.458043
0.506617
0.400319
0.395274
0.662
0.58871
0.662
0.115891
0.265402
0.560595
0.662
0.662
0.598463
0.662
0.662
0.662
0.662
0.307089
0.350398
0.662
0.662
0.342181
0.0594156
0.662
0.0685462
0.662
0.662
0.195245
0.662
0.662
0.367337
0.219019
0.662
0.662
0.662
0.662
0.305835
0.662
0.454579
0.620522
0.12343
0.367062
0.165098
0.662
0.441589
0.43186
0.38734
0.662
0.363247
0.662
0.662
0.61145
0.662
0.662
0.375993
0.155453
0.662
0.214085
0.0617902
0.109997
0.662
0.183869
0.428019
0.662
0.662
0.662
0.662
0.662
0.662
0.662
0.38137
0.238846
0.662
0.662
0.364998
0.474778
0.0160978
0.662
0.662
0.662
0.662
0.662
0.159451
0.662
0.662
0.327181
0.662
0.0276118
0.119978
0.216458
0.662
0.662
0.662
0.255756
0.662
0.189812
0.438438
0.662
0.662
0.662
0.662
0.662
0.30842
0.662
0.232703
0.0899744
0.37685
0.431801
0.662
0.328033
0.212724
0.662
0.662
0.662
0.662
0.662
0.662
0.326394
0.662
0.538013
0.662
0.662
0.012726
0.662
0.228
0.662
0.421169
0.366364
0.140156
0.662
0.423016
0.662
0.260667
0.296178
0.662
0.087583
0.662
0.630774
0.205234
0.351058
0.11593
0.662
0.281811
0.00218672
0.0525503
0.662
0.205847
0.464638
0.662
0.662
0.214796
0.0667714
0.662
0.662
0.600389
0.662
0.0737938
0.295295
0.662
0.662
0.163524
0.381767
0.662
0.662
0.400931
0.662
0.662
0.662
0.662
0.662
0.662
0.662
0.662
0.188821
0.274201
0.477492
0.46432
0.397474
0.662
0.313562
0.299501
0.662
0.662
0.662
0.662
0.0997067
0.662
0.33165
0.662
0.426066
0.662
0.308834
0.21307
0.205905
0.00748289
0.0821002
0.662
0.249393
0.230821
0.662
0.662
0.266747
0.114698
0.662
0.662
0.662
0.662
0.0374326
0.386065
0.662
0.267886
0.334488
0.662
0.662
0.213742
0.662
0.662
0.0254458
0.265502
0.662
0.244531
0.138562
0.662
0.662
0.662
0.186067
0.662
0.662
0.471282
0.177658
0.662
0.662
0.662
