0.456159
0.357188
0.181658
0.662
0.662
0.375783
0.209204
0.0937002
0.662
0.26994
0.662
0.117559
0.126653
0.317013
0.662
0.0773283
0.662
0.662
0.662
0.414325
0.662
0.0636113
0.160262
0.0968361
0.418668
0.390479
0.198293
0.662
0.662
0.662
0.662
0.662
0.662
0.662
0.662
0.662
0.662
0.221505
0.172608
0.296268
0.472844
0.662
0.00901334
0.662
0.115787
0.662
0.636157
0.374741
0.662
0.412114
0.662
0.662
0.209214
0.662
0.398913
0.662
0.662
0.17085
0.288109
0.662
0.662
0.662
0.378261
0.662
0.251763
0.662
0.219279
0.662
0.662
0.662
0.662
0.456784
0.2081
0.180079
0.0622737
0.264202
0.125767
0.0760252
0.430365
0.449866
0.662
0.460967
0.662
0.222615
0.409264
0.0746534
0.0916902
0.662
0.662
0.662
0.662
0.662
0.0628996
0.10494
0.662
0.160796
0.662
0.662
0.19018
0.159271
0.662
0.0833005
0.63339
0.662
0.344846
0.16534
0.662
0.662
0.662
0.662
0.662
0.662
0.378394
0.662
0.662
0.11584
0.662
0.662
0.662
0.373786
0.662
0.662
0.662
0.27108
0.0549875
0.662
0.472381
0.662
0.472898
0.503205
0.662
0.662
0.662
0.662
0.662
0.662
0.662
0.662
0.256117
0.662
0.237764
0.662
0.172429
0.662
0.662
0.464679
0.662
0.414124
0.662
0.662
0.662
0.662
0.438261
0.228949
0.196224
0.200778
0.474887
0.662
0.257422
0.371448
0.337093
0.662
0.662
0.662
0.662
0.662
0.662
0.231784
0.0227861
0.662
0.439386
0.467301
0.662
0.662
0.270923
0.169947
0.662
0.662
0.662
0.662
0.662
0.662
0.662
0.662
0.189887
0.348018
0.316808
0.227313
0.662
0.482312
0.662
0.662
0.662
0.335911
0.662
0.662
0.662
0.662
0.662
0.200515
0.662
0.662
0.402479
0.662
0.662
0.662
0.662
0.414749
0.596825
0.662
0.398843
0.427008
0.369464
0.662
0.314438
0.662
0.662
0.150738
0.662
0.215961
0.471387
0.662
0.29959
0.662
0.662
0.662
0.0590117
0.184455
0.0310597
0.302672
0.432361
0.0611007
0.329603
0.544918
0.662
0.0369779
0.394411
0.296147
0.189968
0.662
0.662
0.359016
0.337369
0.662
0.662
0.0514774
0.662
0.662
0.662
0.662
0.303655
0.662
0.662
0.449049
0.662
0.662
0.662
0.662
0.662
0.376749
0.389402
0.0224089
0.662
0.662
0.662
0.662
0.33584
0.662
0.218643
0.662
0.662
0.514253
0.662
0.444484
0.303568
0.632364
0.662
0.662
0.662
0.662
0.662
0.662
0.479922
0.662
0.191401
0.401194
0.662
0.437519
0.662
0.662
0.662
0.63309
0.160271
0.662
0.149692
0.301358
0.662
0.0559044
0.258577
0.47808
0.31144
0.662
0.229233
0.662
0.662
0.421804
0.21838
0.439253
0.424903
0.274429
0.662
0.0580793
0.662
0.325129
0.263496
0.246917
0.0727959
0.662
0.662
0.408261
0.169633
0.472266
0.198866
0.662
0.314488
0.464015
0.662
0.417009
0.34509
0.662
0.662
0.662
0.662
0.662
0.662
0.499274
0.40023
0.246516
0.337329
0.285698
0.662
0.252613
0.613162
0.141826
0.662
0.662
0.25161
0.19026
0.662
0.218765
0.662
0.4101
0.160319
0.662
0.662
0.21788
0.662
0.662
0.470623
0.217994
0.448488
0.662
0.233304
0.662
0.412365
0.662
0.0433862
0.0980235
0.0826238
0.390563
0.533083
0.662
0.662
0.390311
0.662
0.297657
0.662
0.662
0.662
0.662
0.662
0.662
0.662
0.662
0.105822
0.0958688
0.662
0.0931538
0.662
0.327513
0.059716
0.0755568
0.662
0.662
0.172507
0.662
0.662
0.404537
0.154987
0.500006
0.200998
0.662
0.662
0.303888
0.0553237
0.0622781
0.662
0.341439
0.294162
0.662
0.390267
0.662
0.662
0.662
0.318889
0.662
0.355335
0.0212116
0.388743
0.662
0.106692
0.11701
0.143067
0.662
0.144419
0.662
0.662
0.629706
0.482875
0.5242
0.662
0.304336
0.662
0.420877
0.0709173
0.662
0.662
0.131609
0.345877
0.662
0.662
0.0727647
0.302516
0.662
0.662
0.113775
0.411066
0.117394
0.662
0.662
0.662
0.662
0.662
0.662
0.662
0.27434
0.662
0.446966
0.520019
0.662
0.662
0.330139
0.662
0.265665
0.662
0.2136
0.05235
0.283096
0.18141
0.662
0.341625
0.149075
0.000298585
0.662
0.662
0.662
0.221409
0.662
0.488327
0.330433
0.145662
0.662
0.248519
0.261723
0.527982
0.662
0.662
0.336439
0.662
0.21083
0.256942
0.662
0.662
0.314683
0.662
0.143825
0.172776
0.530465
0.412838
0.662
0.662
0.662
0.556055
0.662
0.34874
0.377619
0.445607
0.662
0.238414
0.537007
0.371565
0.662
0.264983
0.492707
0.344312
0.662
0.662
0.356832
0.20828
0.662
0.242482
0.662
0.662
0.662
0.662
0.662
0.662
0.0517509
0.662
0.662
0.662
0.265003
0.51887
0.429278
0.236825
0.662
0.662
0.231823
0.662
0.662
0.662
0.377312
0.0682599
0.662
0.318714
0.610541
0.662
0.0744284
0.402295
0.662
0.346102
0.30852
0.662
0.415648
0.662
0.0891534
0.662
0.662
0.662
0.403632
0.662
0.662
0.662
0.662
0.662
0.662
0.662
0.196048
0.662
0.271123
0.662
0.662
0.662
0.662
0.263034
0.404026
0.239552
0.662
0.269655
0.127997
0.300538
0.662
0.662
0.662
0.12497
0.366778
0.662
0.662
0.393902
0.662
0.307941
0.662
0.662
0.662
0.125396
0.255614
0.662
0.662
0.206988
0.292
0.662
0.662
0.401293
0.590256
0.662
0.662
0.105493
0.662
0.662
0.576823
0.000422636
0.662
0.162834
0.662
0.662
0.662
0.662
0.662
0.339185
0.662
0.662
0.422512
0.662
0.662
0.359233
0.662
0.529203
0.144251
0.662
0.338574
0.662
0.336766
0.662
0.615775
0.662
0.662
0.662
0.167776
0.662
0.241927
0.662
0.662
0.662
0.662
0.662
0.662
0.0216388
0.662
0.662
0.453966
0.482255
0.662
0.662
0.662
0.662
0.662
0.185353
0.431667
0.662
0.662
0.406428
0.00168814
0.341158
0.662
0.662
0.662
0.321201
0.662
0.662
0.442692
0.25739
0.0537733
0.662
0.662
0.455729
0.071064
0.662
0.238612
0.40153
0.662
0.376789
0.238698
0.427984
0.662
0.384146
0.0502671
0.662
0.449091
0.662
0.460434
0.414756
0.662
0.662
0.422458
0.46595
0.662
0.476775
0.113249
0.662
0.0568205
0.148728
0.662
0.662
0.662
0.662
0.662
0.337861
0.662
0.662
0.662
0.0871992
0.0610066
0.662
0.322417
0.662
0.0621566
0.473763
0.662
0.662
0.441187
0.662
0.662
0.518495
0.00822371
0.166747
0.662
0.662
0.662
0.662
0.662
0.336888
0.662
0.17367
0.662
0.288244
0.3255
0.604932
0.662
0.137018
0.662
0.662
0.0532742
0.662
0.662
0.662
0.662
0.0328812
0.662
0.208969
0.662
