0.662
0.31924
0.662
0.662
0.428754
0.662
0.361832
0.662
0.462097
0.439357
0.662
0.230306
0.662
0.662
0.662
0.662
0.662
0.0790691
0.662
0.0906168
0.662
0.0930802
0.662
0.662
0.372404
0.329295
0.662
0.309337
0.662
0.302221
0.332622
0.277558
0.0352929
0.216727
0.17457
0.371014
0.662
0.662
0.148964
0.362256
0.355463
0.662
0.662
0.662
0.160267
0.662
0.208402
0.359818
0.662
0.590813
0.0541458
0.662
0.662
0.662
0.662
0.662
0.662
0.4955
0.662
0.662
0.572481
0.662
0.308074
0.0213684
0.662
0.662
0.662
0.662
0.263657
0.480071
0.468208
0.662
0.333195
0.662
0.662
0.241113
0.424704
0.00558804
0.169805
0.12134
0.662
0.662
0.662
0.662
0.662
0.662
0.662
0.662
0.224935
0.662
0.662
0.662
0.280958
0.662
0.129701
0.662
0.315827
0.662
0.662
0.662
0.662
0.662
0.662
0.0601959
0.572185
0.662
0.329614
0.193766
0.662
0.485425
0.373417
0.662
0.244781
0.144832
0.43319
0.0970273
0.321576
0.662
0.662
0.662
0.410391
0.662
0.662
0.662
0.662
0.0824803
0.244615
0.425252
0.662
0.662
0.662
0.662
0.662
0.662
0.374015
0.662
0.662
0.662
0.662
0.662
0.662
0.140552
0.100049
0.662
0.40747
0.361711
0.662
0.662
0.335102
0.662
0.662
0.662
0.154288
0.662
0.662
0.662
0.345176
0.313349
0.159813
0.662
0.662
0.662
0.662
0.662
0.326343
0.662
0.662
0.243529
0.219544
0.662
0.0924417
0.336379
0.662
0.477245
0.662
0.330097
0.662
0.023274
0.662
0.662
0.662
0.662
0.662
0.662
0.194896
0.662
0.213018
0.662
0.0709475
0.417005
0.662
0.223134
0.417284
0.47686
0.156124
0.662
0.662
0.425859
0.662
0.662
0.206897
0.662
0.662
0.473552
0.311806
0.273068
0.214917
0.662
0.662
0.662
0.662
0.0778784
0.662
0.458143
0.662
0.231243
0.0551247
0.201321
0.662
0.273748
0.662
0.662
0.662
0.365333
0.662
0.271924
0.325094
0.353269
0.371622
0.443286
0.444145
0.662
0.662
0.662
0.662
0.439509
0.374906
0.172025
0.46284
0.206426
0.444288
0.662
0.271271
0.280058
0.295195
0.20335
0.243749
0.633694
0.0404946
0.662
0.00373903
0.458718
0.662
0.00344906
0.662
0.0108838
0.662
0.662
0.00781641
0.326783
0.219152
0.662
0.110483
0.173435
0.662
0.0316502
0.662
0.36344
0.662
0.401608
0.436975
0.662
0.00558321
0.439273
0.517013
0.662
0.662
0.375446
0.443889
0.236623
0.662
0.662
0.385007
0.662
0.373041
0.662
0.101236
0.662
0.231159
0.662
0.297861
0.662
0.210766
0.449895
0.295375
0.662
0.662
0.662
0.662
0.662
0.662
0.662
0.662
0.276728
0.662
0.406794
0.662
0.662
0.662
0.662
0.662
0.662
0.453643
0.662
0.193613
0.662
0.342961
0.662
0.286539
0.662
0.411037
0.662
0.137743
0.662
0.662
0.662
0.662
0.330027
0.0220421
0.662
0.662
0.111586
0.328479
0.662
0.662
0.624596
0.54503
0.312256
0.662
0.662
0.388348
0.662
0.662
0.0320876
0.662
0.0908953
0.662
0.261146
0.662
0.662
0.662
0.101507
0.535188
0.282823
0.662
0.206297
0.662
0.213621
0.662
0.105586
0.662
0.662
0.662
0.662
0.662
0.662
0.662
0.662
0.662
0.662
0.537227
0.662
0.412178
0.662
0.385751
0.019173
0.662
0.662
0.177278
0.349118
0.350519
0.0512058
0.651487
0.662
0.662
0.662
0.662
0.662
0.386527
0.629706
0.662
0.199872
0.662
0.472644
0.662
0.662
0.0103179
0.264179
0.662
0.662
0.315497
0.200221
0.662
0.662
0.662
0.329636
0.457858
0.136563
0.0832867
0.248836
0.174751
0.662
0.307225
0.388714
0.211333
0.662
0.289403
0.0663772
0.662
0.173578
0.405815
0.662
0.662
0.662
0.662
0.662
0.206686
0.160168
0.357543
0.662
0.662
0.397959
0.662
0.662
0.450706
0.357401
0.662
0.662
0.522799
0.662
0.28489
0.462231
0.662
0.662
0.429722
0.662
0.662
0.106854
0.662
0.435479
0.0846815
0.346323
0.595161
0.135462
0.662
0.380622
0.662
0.381258
0.257454
0.662
0.405325
0.662
0.662
0.313034
0.228883
0.334585
0.517519
0.662
0.662
0.662
0.456861
0.662
0.662
0.295243
0.662
0.662
0.662
0.203566
0.662
0.662
0.302421
0.662
0.387112
0.662
0.662
0.360879
0.462729
0.662
0.379187
0.417106
0.294011
0.125283
0.417466
0.42012
0.662
0.662
0.662
0.335536
0.207461
0.0110177
0.662
0.662
0.662
0.638502
0.662
0.662
0.662
0.662
0.662
0.358607
0.662
0.662
0.63339
0.243815
0.480771
0.662
0.435827
0.662
0.662
0.0172173
0.662
0.662
0.662
0.176903
0.662
0.161395
0.202723
0.0351038
0.28923
0.22118
0.0292425
0.662
0.662
0.227857
0.662
0.359444
0.662
0.662
0.12122
0.297697
0.662
0.662
0.320585
0.155665
0.378897
0.662
0.662
0.0845423
0.662
0.258635
0.662
0.662
0.169883
0.555898
0.0553224
0.662
0.662
0.662
0.662
0.0598702
0.424233
0.173964
0.392898
0.662
0.662
0.473337
0.662
0.221294
0.662
0.116582
0.0535741
0.190059
0.662
0.662
0.318928
0.662
0.306374
0.293025
0.662
0.629706
0.411463
0.254328
0.662
0.560654
0.552488
0.418679
0.662
0.483866
0.662
