0.662
0.662
0.0764196
0.662
0.662
0.113072
0.662
0.662
0.662
0.662
0.449943
0.662
0.482191
0.662
0.174123
0.662
0.662
0.662
0.370714
0.662
0.662
0.33029
0.662
0.420027
0.014783
0.662
0.662
0.332815
0.301222
0.662
0.1084
0.662
0.662
0.662
0.662
0.244769
0.147474
0.268932
0.662
0.246205
0.612345
0.662
0.662
0.662
0.247474
0.662
0.662
0.203514
0.662
0.208879
0.280633
0.662
0.662
0.662
0.165394
0.662
0.662
0.662
0.212897
0.571379
0.0857937
0.543816
0.486615
0.662
0.662
0.662
0.662
0.662
0.397883
0.439293
0.662
0.395065
0.350315
0.662
0.561989
0.662
0.662
0.662
0.151852
0.138743
0.662
0.151408
0.662
0.290109
0.662
0.662
0.662
0.109372
0.662
0.245491
0.0242182
0.662
0.662
0.306636
0.662
0.463628
0.662
0.662
0.662
0.662
0.371352
0.662
0.01874
0.330855
0.662
0.662
0.662
0.662
0.0238522
0.662
0.339535
0.365927
0.0305307
0.662
0.283638
0.524397
0.662
0.254538
0.172094
0.662
0.662
0.158577
0.662
0.662
0.254859
0.662
0.446261
0.262687
0.261079
0.662
0.662
0.135156
0.662
0.662
0.0970061
0.30681
0.662
0.662
0.662
0.662
0.662
0.662
0.662
0.400319
0.469109
0.357195
0.662
0.354944
0.662
0.557299
0.515419
0.662
0.662
0.662
0.662
0.662
0.13621
0.662
0.0173807
0.038919
0.662
0.334886
0.207706
0.662
0.0065591
0.473917
0.260357
0.662
0.662
0.423556
0.662
0.282633
0.0148401
0.0790464
0.335658
0.662
0.662
0.662
0.231209
0.662
0.662
0.319321
0.313043
0.662
0.662
0.413756
0.662
0.251321
0.662
0.662
0.269608
0.662
0.418807
0.547392
0.662
0.662
0.397592
0.662
0.662
0.662
0.0436455
0.662
0.662
0.213683
0.298266
0.662
0.662
0.662
0.662
0.339869
0.431355
0.662
0.662
0.11118
0.662
0.00184087
0.662
0.662
0.662
0.662
0.662
0.662
0.662
0.662
0.382995
0.662
0.199673
0.662
0.444119
0.208407
0.662
0.662
0.0824946
0.0384863
0.662
0.594798
0.582758
0.662
0.662
0.662
0.662
0.662
0.161482
0.180134
0.300643
0.662
0.21025
0.662
0.662
0.216842
0.265733
0.121103
0.473899
0.123421
0.662
0.662
0.662
0.0500053
0.662
0.0254458
0.662
0.662
0.662
0.0198678
0.370953
0.117202
0.504562
0.471496
0.40033
0.0963459
0.63761
0.389993
0.162145
0.0698771
0.470579
0.662
0.305612
0.105036
0.483815
0.638604
0.662
0.662
0.206695
0.460292
0.662
0.662
0.662
0.662
0.577211
0.662
0.662
0.662
0.293078
0.662
0.335068
0.662
0.357156
0.662
0.662
0.662
0.662
0.662
0.463471
0.662
0.19295
0.662
0.0821462
0.662
0.662
0.662
0.18173
0.662
0.662
0.183731
0.0354897
0.364929
0.662
0.195572
0.160218
0.117855
0.388948
0.139082
0.662
0.662
0.208777
0.069586
0.325835
0.662
0.662
0.278745
0.662
0.662
0.202612
0.662
0.662
0.184639
0.662
0.279047
0.106082
0.662
0.551724
0.228438
0.50749
0.662
0.662
0.662
0.662
0.430162
0.662
0.662
0.662
0.662
0.662
0.23344
0.662
0.662
0.446532
0.441822
0.662
0.437585
0.294343
0.662
0.102688
0.662
0.216836
0.662
0.0479345
0.662
0.662
0.0221176
0.525343
0.316626
0.662
0.662
0.662
0.662
0.662
0.138237
0.662
0.662
0.662
0.0805084
0.662
0.202027
0.662
0.662
0.662
0.662
0.662
0.662
0.662
0.662
0.662
0.396722
0.0501182
0.373215
0.225391
0.662
0.662
0.662
0.662
0.662
0.0756283
0.0709475
0.195146
0.246479
0.399856
0.2773
0.662
0.114916
0.662
0.579216
0.662
0.662
0.330784
0.662
0.496578
0.662
0.266851
0.235166
0.428865
0.570737
0.662
0.237024
0.105466
0.288925
0.231362
0.662
0.662
0.662
0.382761
0.662
0.662
0.662
0.662
0.109438
0.385727
0.662
0.662
0.662
0.619282
0.662
0.662
0.662
0.662
0.662
0.154894
0.263534
0.662
0.229375
0.662
0.346439
0.662
0.288441
0.366979
0.18397
0.662
0.447011
0.447292
0.662
0.662
0.12343
0.493913
0.662
0.446872
0.139585
0.0803232
0.662
0.308276
0.171931
0.396755
0.662
0.662
0.0973785
0.365894
0.114698
0.662
0.263105
0.239313
0.398119
0.036864
0.168665
0.662
0.662
0.662
0.342288
0.662
0.454391
0.662
0.662
0.662
0.662
0.12235
0.293813
0.662
0.23031
0.143994
0.662
0.662
0.184963
0.366108
0.662
0.399606
0.0862285
0.662
0.0789933
0.352748
0.662
