0.358331
0.260667
0.662
0.662
0.662
0.662
0.662
0.546615
0.432186
0.462048
0.662
0.560595
0.662
0.423016
0.339864
0.662
0.475467
0.161482
0.038919
0.0227691
0.662
0.662
0.441589
0.295295
0.662
0.662
0.0811786
0.249393
0.0185369
0.207628
0.106349
0.0619282
0.662
0.0065591
0.351058
0.114698
0.662
0.374608
0.662
0.212724
0.167025
0.662
0.662
0.662
0.662
0.131702
0.0821002
0.365386
0.144658
0.532645
0.342181
0.662
0.662
0.395274
0.504562
0.662
0.662
0.38137
0.662
0.662
0.452394
0.662
0.662
0.662
0.662
0.662
0.662
0.662
0.367026
0.416542
0.662
0.391778
0.335653
0.449859
0.662
0.0439748
0.662
0.662
0.662
0.662
0.662
0.662
0.662
0.153249
0.662
0.192692
0.662
0.330784
0.662
0.124757
0.186261
0.662
0.382791
0.662
0.662
0.662
0.402606
0.43423
0.662
0.0130867
0.662
0.662
0.662
0.274201
0.662
0.250717
0.165098
0.662
0.662
0.373866
0.662
0.662
0.662
0.195245
0.0106682
0.662
0.154976
0.659046
0.662
0.662
0.662
0.401622
0.662
0.662
0.395904
0.662
0.662
0.0472088
0.662
0.379604
0.400702
0.662
0.238846
0.662
0.366364
0.37143
0.662
0.10246
0.0196888
0.662
0.189812
0.662
0.662
0.454997
0.396521
0.662
0.662
0.662
0.662
0.662
0.11593
0.662
0.662
0.0534814
0.288263
0.381767
0.662
0.113845
0.550645
0.662
0.662
0.287714
0.662
0.662
0.183869
0.662
0.143546
0.195343
0.662
0.662
0.662
0.600389
0.10234
0.662
0.449678
0.471282
0.0198678
0.431801
0.662
0.41893
0.662
0.662
0.620522
0.662
0.335862
0.662
0.662
0.662
0.428019
0.266122
0.244531
0.662
0.662
0.662
0.419587
0.63361
0.662
0.662
0.226012
0.499888
0.662
0.0144247
0.662
0.662
0.39947
0.662
0.320637
0.662
0.662
0.205847
0.385046
0.553065
0.188821
0.662
0.014783
0.309713
0.138562
0.662
0.283638
0.662
0.24407
0.662
0.142593
0.662
0.527694
0.662
0.438862
0.662
0.662
0.310939
0.662
0.155453
0.364998
0.264244
0.662
0.662
0.662
0.367062
0.662
0.0927206
0.662
0.139601
0.30842
0.662
0.662
0.662
0.494999
0.0800407
0.662
0.662
0.662
0.0372224
0.662
0.458363
0.598463
0.662
0.662
0.0970061
0.449181
0.0419954
0.19803
0.662
0.386065
0.370364
0.496577
0.277682
0.662
0.662
0.662
0.559807
0.662
0.662
0.662
0.662
0.00318891
0.662
0.38734
0.662
0.0537401
0.305835
0.33028
0.213321
0.159451
0.662
0.173958
0.320226
0.662
0.662
0.222215
0.146311
0.662
0.662
0.219019
0.662
0.662
0.662
0.43186
0.662
0.367337
0.662
0.662
0.662
0.662
0.662
0.662
0.054591
0.538013
0.662
0.363247
0.474778
0.289568
0.662
0.662
0.448681
0.662
0.00218672
0.0331915
0.662
0.0171421
0.662
0.662
0.662
0.214218
0.662
0.662
0.662
0.281811
0.662
0.4317
0.662
0.375993
0.18836
0.662
0.366831
0.662
0.662
0.23178
0.662
0.662
0.662
0.0594156
0.662
0.105539
0.12343
0.39937
0.662
0.115891
0.662
0.662
0.662
0.135723
0.400319
0.114436
0.662
0.662
0.662
0.0717248
0.113813
0.662
0.662
0.42933
0.0808754
0.508933
0.0667714
0.202195
0.662
0.205234
0.324523
0.662
0.662
0.426066
0.216458
0.351196
0.662
0.662
0.450696
0.662
0.662
0.662
0.662
0.425117
0.193573
0.244709
0.662
0.662
0.662
0.662
0.662
0.662
0.206695
0.662
0.0254458
0.293826
0.662
0.265402
0.0160978
0.397263
0.662
0.662
0.662
0.662
0.662
0.662
0.662
0.662
0.662
0.662
0.662
0.0737938
0.662
0.662
0.662
0.206968
0.662
0.177658
0.662
0.155624
0.662
0.22869
0.662
0.662
0.216
0.109261
0.311636
0.662
0.662
0.662
0.378289
0.464638
0.087583
0.169347
0.662
0.377521
0.0565635
0.662
0.662
0.0512447
0.186167
0.662
0.629706
0.477492
0.662
0.255756
0.0375357
0.350398
0.0899744
0.228
