0.662
0.244229
0.662
0.662
0.104461
0.662
0.0771053
0.0897812
0.662
0.662
0.499811
0.314821
0.25503
0.662
0.662
0.662
0.641174
0.662
0.662
0.662
0.662
0.452281
0.438259
0.662
0.0136885
0.662
0.662
0.662
0.435479
0.321875
0.484068
0.21502
0.662
0.0184146
0.20965
0.662
0.662
0.437008
0.662
0.180628
0.662
0.332622
0.376118
0.662
0.295973
0.662
0.152893
0.181918
0.44345
0.662
0.09817
0.432955
0.344546
0.407198
0.662
0.662
0.662
0.662
0.662
0.662
0.217671
0.153525
0.226969
0.662
0.388975
0.662
0.205888
0.273207
0.319231
0.13144
0.662
0.662
0.662
0.662
0.662
0.126038
0.268417
0.0931764
0.014739
0.662
0.383219
0.662
0.169553
0.662
0.662
0.662
0.662
0.385569
0.662
0.120399
0.662
0.662
0.662
0.0729968
0.111129
0.433865
0.662
0.0171211
0.662
0.662
0.662
0.333474
0.257454
0.662
0.485425
0.373417
0.662
0.662
0.33541
0.371782
0.273425
0.4229
0.662
0.36344
0.662
0.662
0.662
0.662
0.533213
0.287595
0.662
0.218964
0.662
0.662
0.480771
0.29319
0.474444
0.662
0.662
0.178007
0.662
0.662
0.662
0.222081
0.386378
0.32973
0.662
0.662
0.0398615
0.662
0.0356
0.662
0.662
0.0735276
0.662
0.662
0.662
0.662
0.662
0.0664017
0.425954
0.52307
0.662
0.257136
0.425192
0.662
0.128505
0.322692
0.450706
0.390218
0.662
0.0861917
0.662
0.662
0.0415575
0.163758
0.644732
0.259623
0.662
0.662
0.160905
0.313265
0.662
0.662
0.474716
0.0351038
0.381942
0.425998
0.662
0.662
0.662
0.662
0.662
0.407324
0.662
0.420887
0.662
0.662
0.662
0.662
0.328189
0.199872
0.0220421
0.137743
0.329361
0.662
0.662
0.662
0.209167
0.662
0.662
0.662
0.662
0.662
0.310845
0.406794
0.37711
0.295817
0.0215977
0.662
0.662
0.483866
0.662
0.63049
0.00224871
0.662
0.662
0.662
0.662
0.662
0.451768
0.101666
0.418679
0.63415
0.315072
0.662
0.366761
0.205075
0.195256
0.241627
0.27683
0.662
0.662
0.177345
0.155866
0.324275
0.662
0.578904
0.367989
0.462983
0.188828
0.233416
0.662
0.662
0.169838
0.502996
0.662
0.662
0.204381
0.265737
0.390076
0.403365
0.151836
0.216366
0.585021
0.196209
0.662
0.662
0.662
0.662
0.463187
0.662
0.260912
0.552501
0.202237
0.662
0.448804
0.662
0.0194129
0.426572
0.294865
0.662
0.662
0.0100417
0.148241
0.241493
0.662
0.662
0.251148
0.179261
0.662
0.464623
0.357401
0.662
0.177278
0.250426
0.370234
0.662
0.662
0.662
0.662
0.241146
0.578395
0.34268
0.662
0.662
0.342505
0.662
0.247694
0.662
0.0970273
0.662
0.0798769
0.0437169
0.176924
0.402168
0.202869
0.325094
0.322009
0.662
0.457488
0.428926
0.14368
0.0614048
0.304963
0.662
0.662
0.330757
0.0912128
0.662
0.562213
0.662
0.0752523
0.19145
0.662
0.662
0.662
0.662
0.662
0.662
0.166984
0.662
0.222979
0.363165
0.178031
0.662
0.662
0.307115
0.336379
0.253255
0.412527
0.629706
0.662
0.662
0.47144
0.662
0.662
0.0664217
0.0374293
0.662
0.662
0.346302
0.222554
0.387391
0.0211524
0.209992
0.662
0.361832
0.161061
0.662
0.517819
0.175705
0.179545
0.662
0.662
0.402109
0.662
0.018042
0.231159
0.662
0.662
0.278724
0.201056
0.662
0.662
0.487795
0.662
0.128294
0.270297
0.662
0.662
0.20335
0.141886
0.388761
0.370827
0.662
0.457063
0.662
0.0778784
0.662
0.476231
0.662
0.247808
0.662
0.662
0.292705
0.0433003
0.662
0.0852785
0.1754
0.662
0.412084
0.662
0.115479
0.105586
0.0591783
0.329903
0.219123
0.289403
0.326495
0.662
0.662
0.662
0.239416
0.467213
0.662
0.0352929
0.323466
0.183328
0.243529
0.662
0.662
0.430718
0.662
0.662
0.439357
0.226781
0.019173
0.662
0.662
0.662
0.161395
0.0791333
0.208402
0.662
0.365671
0.403384
0.662
0.162027
0.662
0.342258
0.662
0.37454
0.152802
0.662
0.662
0.662
0.460737
0.662
0.662
0.280374
0.662
0.148964
0.662
0.387112
0.662
0.662
0.44067
0.662
0.293266
0.662
0.396686
0.662
0.317454
0.111586
0.662
0.241298
0.662
0.213018
0.662
0.662
0.282582
0.333615
0.662
0.662
0.103038
0.198621
0.182788
0.662
0.662
0.662
0.463858
0.662
0.662
0.22705
0.15703
0.0177635
0.454559
0.662
0.0780721
0.633391
0.282645
0.662
0.662
0.662
0.191907
0.662
0.662
0.662
0.662
0.662
0.662
0.662
0.335102
0.207678
0.348688
0.662
0.662
0.662
0.15038
0.662
0.662
0.662
0.662
0.662
0.662
0.662
0.161263
0.662
0.450153
0.0108838
0.662
0.662
0.662
0.197519
0.662
0.662
0.662
0.240227
0.404676
0.224952
0.280034
0.662
0.662
0.0687897
0.0196577
0.662
0.662
0.314475
0.360626
0.00558804
0.662
0.662
0.384025
0.662
0.473552
0.662
0.633693
0.662
0.0140746
0.662
0.125283
0.662
0.662
0.662
0.444288
0.662
0.101236
0.12663
0.253698
0.662
0.21871
0.409492
0.302158
0.662
0.662
0.662
0.662
0.159706
0.662
0.0170148
0.273748
0.527881
0.252472
0.417466
0.662
0.662
0.662
0.662
0.329614
0.519079
0.662
0.25264
0.315827
0.662
0.117976
0.662
0.40677
0.662
0.0459695
0.0101496
0.462221
0.662
0.662
0.662
0.0813382
0.662
0.0824245
0.662
0.139467
0.662
0.270611
0.662
0.662
0.662
0.662
0.174576
0.662
0.662
0.238911
0.662
0.662
0.213037
0.662
0.611934
0.662
0.249236
0.662
0.233408
0.164266
0.662
0.00517139
0.138269
0.662
0.662
0.662
0.662
0.472682
0.252623
0.141784
0.247696
0.662
0.662
0.662
0.662
0.662
0.662
0.46297
0.401608
0.662
0.662
0.384936
0.506336
0.0379997
0.154288
0.662
0.0372166
0.267674
0.258978
0.149882
0.662
0.662
0.342961
0.662
0.502113
0.662
0.0975873
0.165847
0.662
0.255205
0.662
0.41337
0.340667
