0.662
0.0155809
0.425859
0.662
0.662
0.662
0.662
0.662
0.662
0.171855
0.508224
0.662
0.184672
0.662
0.481807
0.294343
0.662
0.662
0.339535
0.0832867
0.662
0.196369
0.662
0.052336
0.662
0.293506
0.496578
0.205262
0.662
0.662
0.191697
0.335658
0.662
0.10809
0.0411249
0.662
0.0871574
0.662
0.415143
0.0683308
0.662
0.119566
0.228556
0.662
0.662
0.662
0.662
0.199546
0.160278
0.662
0.662
0.662
0.465148
0.465379
0.0293931
0.202027
0.19295
0.662
0.662
0.297861
0.463628
0.662
0.433229
0.0997325
0.662
0.301154
0.662
0.662
0.662
0.662
0.357195
0.662
0.662
0.662
0.662
0.662
0.276684
0.662
0.662
0.298208
0.0316502
0.662
0.0899016
0.662
0.662
0.662
0.459535
0.156538
0.198199
0.108314
0.662
0.359579
0.662
0.258832
0.662
0.662
0.662
0.167002
0.662
0.348758
0.274081
0.328781
0.662
0.662
0.662
0.662
0.662
0.195857
0.662
0.662
0.471496
0.265356
0.385495
0.147474
0.470489
0.662
0.662
0.662
0.662
0.203408
0.254932
0.259917
0.263105
0.662
0.00558321
0.662
0.662
0.319321
0.424066
0.255284
0.662
0.662
0.214186
0.0512736
0.152128
0.232312
0.662
0.262274
0.237296
0.290692
0.102688
0.662
0.662
0.347508
0.371201
0.612345
0.138997
0.662
0.261062
0.367845
0.11878
0.247862
0.662
0.662
0.662
0.0114243
0.406088
0.189762
0.510876
0.321576
0.332655
0.198322
0.0395712
0.155665
0.662
0.662
0.379353
0.0132932
0.364929
0.474819
0.662
0.507115
0.0790691
0.662
0.662
0.431679
0.662
0.662
0.143994
0.662
0.662
0.662
0.662
0.189146
0.0153163
0.23344
0.247474
0.662
0.365901
0.0919936
0.63339
0.662
0.398815
0.184963
0.662
0.662
0.662
0.662
0.662
0.437273
0.662
0.119702
0.572481
0.662
0.0591729
0.378707
0.180404
0.662
0.662
0.305527
0.662
0.662
0.0394616
0.617311
0.662
0.662
0.224147
0.662
0.662
0.662
0.662
0.396928
0.662
0.662
0.662
0.662
0.158577
0.662
0.662
0.662
0.404694
0.413137
0.662
0.662
0.662
0.195572
0.662
0.35832
0.662
0.662
0.44902
0.254859
0.662
0.117202
0.662
0.662
0.662
0.180521
0.662
0.662
0.463155
0.662
0.306788
0.662
0.662
0.4007
0.662
0.54503
0.662
0.342288
0.232728
0.373722
0.258854
0.662
0.662
0.662
0.397592
0.662
0.662
0.662
0.343479
0.515419
0.662
0.169742
0.662
0.662
0.062806
0.662
0.662
0.335068
0.662
0.0240078
0.662
0.662
0.662
0.662
0.662
0.662
0.662
0.662
0.662
0.662
0.349086
0.662
0.662
0.356405
0.293049
0.662
0.424037
0.662
0.462231
0.662
0.168607
0.662
0.0305307
0.662
0.213683
0.662
0.237647
0.154894
0.222243
0.0445959
0.662
0.662
0.108748
0.0615585
0.388714
0.662
0.662
0.0926703
0.442989
0.662
0.662
0.279005
0.451582
0.602895
0.662
0.178835
0.357247
0.662
0.662
0.45786
0.662
0.662
0.195146
0.662
0.662
0.193766
0.662
0.662
0.262687
0.662
0.219938
0.0530605
0.662
0.22126
0.662
0.662
0.428865
0.662
0.0896533
0.662
0.662
0.151408
0.221661
0.408017
0.365927
0.662
0.662
0.125916
0.130569
0.662
0.458038
0.00696848
0.662
0.577401
0.405815
0.391077
0.662
0.662
0.662
0.662
0.149466
0.380584
0.662
0.662
0.206426
0.662
0.378966
0.507978
0.414833
0.525103
0.662
0.151897
0.662
0.415521
0.662
0.289288
0.467302
0.662
0.366979
0.662
0.662
0.229278
0.662
0.662
0.246737
0.156688
0.662
0.00184087
0.230894
0.662
0.662
0.662
0.157071
0.662
0.662
0.662
0.273662
0.262962
0.662
0.662
0.135945
0.405642
0.662
0.0598702
0.662
0.43548
0.662
0.0698771
0.662
0.146766
0.0535741
0.662
0.662
0.0407055
0.662
0.626311
0.312479
0.644707
0.283115
0.662
0.346836
0.0207882
0.662
0.662
0.662
0.338761
0.662
0.662
0.0162196
0.662
0.530074
0.662
0.662
0.662
0.239137
0.439293
0.662
0.662
0.662
0.662
0.662
0.662
0.30681
0.442307
0.662
0.0742989
0.527603
0.257966
0.318828
0.10594
0.332815
0.662
0.562224
0.0789933
0.662
0.662
0.106082
0.662
0.473917
0.173452
0.662
0.662
0.448902
0.662
0.662
0.662
0.662
0.662
0.0781018
0.42217
0.0800006
0.662
0.454372
0.371502
0.190312
0.662
0.486662
0.662
0.662
0.662
0.662
0.397883
0.662
0.398569
0.0138709
0.662
0.261267
0.459006
0.475594
0.662
0.47252
0.662
0.352465
0.0709475
0.490145
0.662
0.662
0.662
0.662
0.395744
0.160218
0.662
0.662
0.480786
0.496728
0.662
0.050829
0.662
0.0266114
0.318928
0.206695
0.189496
0.421016
0.662
0.662
0.662
0.270383
0.662
0.600689
0.280633
0.422526
0.662
0.662
0.662
0.662
0.647754
0.662
0.662
0.662
0.464026
0.662
0.230717
0.662
0.359201
0.200991
0.662
0.662
0.298908
0.662
0.266698
0.662
