0.662
0.365495
0.662
0.29232
0.154833
0.662
0.387976
0.532645
0.662
0.548873
0.325002
0.662
0.37143
0.0896262
0.662
0.38807
0.662
0.0426962
0.11231
0.301368
0.662
0.662
0.19408
0.258
0.237791
0.662
0.662
0.662
0.23178
0.662
0.316419
0.33028
0.338046
0.487651
0.662
0.23508
0.662
0.662
0.662
0.662
0.449491
0.662
0.245554
0.44157
0.398337
0.662
0.283241
0.662
0.662
0.467566
0.662
0.19035
0.0821002
0.662
0.355159
0.662
0.662
0.333683
0.662
0.365107
0.0695434
0.662
0.462471
0.282085
0.662
0.468447
0.450688
0.195617
0.452625
0.662
0.301962
0.662
0.36196
0.662
0.662
0.662
0.30954
0.259186
0.209811
0.662
0.558936
0.15324
0.445731
0.18038
0.662
0.662
0.662
0.0164369
0.662
0.648124
0.372884
0.662
0.233001
0.662
0.662
0.233981
0.662
0.662
0.662
0.205642
0.0267429
0.434908
0.662
0.465186
0.662
0.662
0.131731
0.182382
0.662
0.388268
0.214311
0.662
0.367438
0.662
0.662
0.662
0.662
0.386579
0.662
0.42872
0.389152
0.662
0.662
0.662
0.0085689
0.375693
0.662
0.192851
0.662
0.662
0.0439748
0.662
0.146201
0.224553
0.662
0.662
0.0405343
0.662
0.662
0.662
0.662
0.301113
0.662
0.662
0.662
0.209481
0.549249
0.0643194
0.0716992
0.662
0.318088
0.662
0.662
0.662
0.311583
0.157459
0.662
0.662
0.662
0.662
0.124653
0.103327
0.289726
0.662
0.662
0.662
0.0390787
0.662
0.662
0.35316
0.662
0.105846
0.0582946
0.662
0.6351
0.662
0.662
0.331242
0.198599
0.249296
0.662
0.662
0.146655
0.662
0.278516
0.662
0.662
0.0153408
0.662
0.662
0.228132
0.662
0.0549024
0.237105
0.662
0.237285
0.662
0.426144
0.662
0.662
0.662
0.662
0.662
0.662
0.662
0.0918386
0.662
0.322472
0.263749
0.662
0.034561
0.612375
0.327007
0.368671
0.255019
0.444436
0.0486891
0.0774049
0.243937
0.0851154
0.662
0.358056
0.662
0.662
0.662
0.662
0.662
0.200597
0.536893
0.207057
0.432565
0.662
0.440805
0.662
0.662
0.575326
0.0856945
0.221915
0.202022
0.662
0.662
0.662
0.223958
0.662
0.314531
0.662
0.151739
0.455929
0.662
0.662
0.0688275
0.662
0.662
0.0154948
0.662
0.455541
0.662
0.424649
0.662
0.662
0.493813
0.414202
0.662
0.0460896
0.662
0.662
0.662
0.297928
0.334488
0.062939
0.662
0.662
0.118828
0.662
0.662
0.358118
0.241943
0.662
0.662
0.0520695
0.474778
0.633391
0.364326
0.292088
0.54643
0.662
0.132035
0.431946
0.662
0.0346326
0.662
0.662
0.238891
0.265097
0.262913
0.662
0.662
0.280376
0.43939
0.310396
0.662
0.662
0.343643
0.0110149
0.393186
0.295636
0.662
0.346154
0.662
0.662
0.630152
0.662
0.0298676
0.427532
0.662
0.662
0.161019
0.662
0.662
0.159599
0.168918
0.662
0.0324416
0.662
0.397513
0.662
0.662
0.410301
0.337647
0.282509
0.487695
0.662
0.0373019
0.414771
0.662
0.438138
0.662
0.662
0.662
0.662
0.437912
0.471282
0.438218
0.251797
0.662
0.0404266
0.662
0.367282
0.152755
0.662
0.452476
0.662
0.662
0.463358
0.662
0.0995519
0.532847
0.377811
0.662
0.662
0.336119
0.271875
0.174314
0.662
0.189723
0.185715
0.401775
0.336155
0.351919
0.242301
0.662
0.427086
0.662
0.17931
0.209854
0.363537
0.021236
0.00318859
0.662
0.662
0.662
0.646316
0.662
0.662
0.662
0.662
0.308265
0.334432
0.662
0.662
0.239566
0.145739
0.355359
0.662
0.662
0.662
0.33728
0.203878
0.167006
0.114074
