0.662
0.662
0.662
0.662
0.662
0.288441
0.235166
0.109438
0.662
0.293813
0.662
0.396928
0.662
0.399606
0.662
0.662
0.264637
0.0551023
0.173452
0.0824946
0.662
0.662
0.0894604
0.106082
0.119702
0.662
0.662
0.662
0.207706
0.662
0.254859
0.662
0.662
0.662
0.202612
0.0790464
0.662
0.246205
0.662
0.662
0.00712173
0.662
0.467302
0.612345
0.662
0.113072
0.143994
0.366979
0.18397
0.662
0.662
0.301222
0.662
0.0334077
0.662
0.00184087
0.662
0.0173807
0.469109
0.662
0.518817
0.352748
0.662
0.223633
0.160218
0.487954
0.662
0.662
0.662
0.662
0.0973785
0.195146
0.0394616
0.662
0.224573
0.463628
0.662
0.662
0.662
0.662
0.662
0.223251
0.619282
0.269614
0.662
0.662
0.662
0.571379
0.228438
0.000281776
0.106731
0.395065
0.206695
0.662
0.278745
0.162145
0.352465
0.662
0.662
0.662
0.12343
0.332815
0.662
0.208879
0.163135
0.504562
0.400319
0.662
0.662
0.662
0.662
0.428865
0.662
0.662
0.662
0.662
0.16054
0.662
0.662
0.288925
0.662
0.662
0.147474
0.180134
0.102688
0.662
0.662
0.662
0.557299
0.662
0.662
0.503997
0.662
0.225391
0.165394
0.0436455
0.662
0.184639
0.511351
0.662
0.136175
0.300643
0.139082
0.195572
0.350315
0.662
0.283638
0.496578
0.662
0.662
0.662
0.151408
0.662
0.0479345
0.12235
0.662
0.248853
0.662
0.662
0.216836
0.13621
0.662
0.662
0.431355
0.0767384
0.662
0.662
0.662
0.387216
0.370953
0.662
0.334886
0.662
0.662
0.662
0.662
0.662
0.662
0.662
0.662
0.662
0.662
0.0527302
0.330855
0.0242182
0.662
0.662
0.662
0.371352
0.662
0.662
0.662
0.662
0.203514
0.662
0.237024
0.662
0.237084
0.0756283
0.0940832
0.213683
0.63761
0.662
0.515419
0.662
0.365783
0.487249
0.662
0.197974
0.246479
0.662
0.330784
0.662
0.662
0.662
0.662
0.335068
0.662
0.662
0.662
0.662
0.662
0.662
0.662
0.306636
0.014783
0.662
0.301154
0.313043
0.662
0.50749
0.662
0.446872
0.19295
0.662
0.431679
0.662
0.447292
0.294343
0.291079
0.0798538
0.662
0.0148401
0.662
0.662
0.23344
0.662
0.662
0.0709475
0.446261
0.105126
0.662
0.198467
0.184963
0.662
0.117202
0.662
0.662
0.662
0.662
0.662
0.114916
0.662
0.446532
0.662
0.662
0.339535
0.266851
0.0354897
0.662
0.662
0.662
0.662
0.357195
0.662
0.0698771
0.470579
0.397592
0.662
0.143226
0.662
0.447011
0.662
0.486615
0.332201
0.0305307
0.139585
0.0348414
0.269608
0.662
0.262687
0.662
0.662
0.638604
0.662
0.662
0.662
0.662
0.662
0.397883
0.662
0.373215
0.662
0.662
0.282633
0.0805084
0.30681
0.172094
0.354944
0.662
0.662
0.451582
0.662
0.662
0.662
0.662
0.138743
0.413756
0.357156
0.662
0.662
0.662
0.0238522
0.662
0.439293
0.63339
0.662
0.662
0.662
0.298266
0.264233
0.254538
0.463471
0.662
0.123421
0.316626
0.280633
0.399856
0.662
0.662
0.283115
0.389993
0.662
0.662
0.662
0.135156
0.662
0.662
0.662
0.662
0.662
0.662
0.662
0.662
0.662
0.656293
0.662
0.662
0.305612
0.117855
0.0764196
0.570737
0.662
0.662
0.662
0.2773
0.662
0.662
0.662
0.662
0.662
0.662
0.151852
0.662
0.662
0.662
0.0803232
0.662
0.382995
0.420027
0.493913
0.33029
0.662
0.662
0.0175523
0.662
0.662
0.662
0.662
0.263105
0.261079
0.171931
0.662
0.662
0.662
0.248863
0.473899
0.662
0.662
0.382761
0.662
0.662
0.662
0.662
0.662
0.370714
0.364929
0.662
0.662
0.662
0.662
0.662
0.662
0.662
0.1084
0.662
0.520336
0.662
0.662
0.662
0.292622
0.662
0.662
0.167404
0.662
0.454391
0.662
0.330569
0.662
0.0896533
0.662
0.23031
0.662
0.216842
0.662
0.0254458
0.662
0.662
0.662
0.662
0.662
0.365927
0.662
0.662
0.662
0.473917
0.662
0.662
0.319321
0.311776
0.0065591
0.483815
0.561989
0.662
0.579216
0.662
0.662
0.662
0.662
0.662
0.418807
0.0384863
0.335658
0.199673
0.244769
0.662
0.0198678
0.227325
0.662
0.265733
0.169463
0.662
0.385727
0.208407
0.323266
0.662
0.662
0.56484
0.662
0.662
0.158577
0.662
0.069586
0.260357
0.662
0.231362
0.168665
0.662
0.339869
0.0789933
0.0501182
0.342288
0.662
0.662
0.174123
0.154894
0.0963459
0.366108
0.662
0.662
0.662
0.662
0.471496
0.268932
