0.662
0.662
0.662
0.181537
0.662
0.662
0.0783946
0.662
0.662
0.432561
0.474167
0.662
0.432361
0.662
0.662
0.662
0.662
0.662
0.662
0.275802
0.373786
0.662
0.326054
0.00901462
0.662
0.662
0.662
0.662
0.662
0.662
0.390563
0.662
0.662
0.466623
0.662
0.137013
0.113775
0.662
0.662
0.662
0.662
0.662
0.377903
0.662
0.662
0.453315
0.662
0.345416
0.662
0.662
0.662
0.662
0.662
0.662
0.361295
0.356756
0.206053
0.172776
0.662
0.409735
0.508921
0.662
0.338574
0.126653
0.662
0.662
0.662
0.217363
0.662
0.662
0.0806159
0.471387
0.662
0.218844
0.198293
0.424032
0.401702
0.662
0.363693
0.662
0.662
0.662
0.662
0.418668
0.372477
0.468303
0.662
0.662
0.662
0.199394
0.512183
0.662
0.662
0.662
0.402295
0.19018
0.208969
0.662
0.662
0.662
0.662
0.0958688
0.302516
0.662
0.430365
0.662
0.662
0.42665
0.23788
0.461686
0.662
0.662
0.662
0.662
0.662
0.662
0.662
0.166907
0.356891
0.662
0.559429
0.662
0.19026
0.662
0.662
0.348852
0.118244
0.662
0.662
0.662
0.662
0.662
0.662
0.556055
0.662
0.662
0.662
0.282931
0.662
0.298137
0.213838
0.300395
0.332003
0.377163
0.421983
0.370197
0.662
0.401136
0.271474
0.662
0.662
0.00827845
0.662
0.31695
0.662
0.539017
0.426602
0.662
0.26994
0.662
0.662
0.662
0.0854757
0.662
0.0549875
0.205438
0.286786
0.662
0.501131
0.662
0.662
0.279823
0.0216388
0.498654
0.662
0.171635
0.662
0.662
0.449049
0.295746
0.662
0.662
0.662
0.662
0.662
0.662
0.662
0.0768815
0.662
0.662
0.456151
0.662
0.662
0.662
0.477595
0.356832
0.397987
0.662
0.162013
0.429408
0.316793
0.662
0.275824
0.513606
0.375968
0.451801
0.662
0.662
0.404026
0.662
0.662
0.662
0.662
0.662
0.502079
0.662
0.573173
0.195616
0.26245
0.662
0.0546747
0.304827
0.160262
0.0760252
0.662
0.662
0.662
0.662
0.192451
0.0610066
0.00901334
0.662
0.662
0.00490537
0.662
0.247216
0.662
0.128355
0.227313
0.662
0.128669
0.394604
0.449712
0.662
0.203191
0.662
0.662
0.0537733
0.174376
0.662
0.662
0.445607
0.662
0.0356425
0.662
0.0280693
0.379739
0.662
0.662
0.662
0.662
0.662
0.070738
0.168246
0.00303171
0.662
0.348104
0.662
0.141826
0.406684
0.301082
0.662
0.160271
0.185747
0.662
0.396873
0.0212116
0.0916902
0.576823
0.296543
0.662
0.184973
0.662
0.117559
0.205627
0.35662
0.662
0.124259
0.662
0.312102
0.499274
0.662
0.662
0.400682
0.318889
0.0474295
0.193908
0.662
0.662
0.261723
0.112349
0.662
0.662
0.417689
0.0502671
0.662
0.0465721
0.662
0.181513
0.369278
0.662
0.662
0.377468
0.662
0.662
0.38284
0.662
0.390267
0.200998
0.292637
0.662
0.245411
0.225264
0.333475
0.0590117
0.531151
0.238857
0.279354
0.662
0.662
0.0369453
0.662
0.390841
0.662
0.143825
0.0768976
0.662
0.662
0.662
0.662
0.662
0.203888
0.567177
0.662
0.662
0.142566
0.662
0.662
0.662
0.210291
0.662
0.40876
0.00850782
0.662
0.410006
0.337369
0.662
0.662
0.200648
0.662
0.287401
0.398678
0.662
0.662
0.662
0.662
0.0462061
0.662
0.662
0.662
0.44505
0.662
0.662
0.394411
0.00285056
0.229006
0.662
0.263496
0.662
0.114411
0.501716
0.10867
0.662
0.662
0.472381
0.662
0.138814
0.662
0.662
0.222615
0.662
0.662
0.662
0.212023
0.0496514
0.446978
0.662
0.662
0.488157
0.662
0.662
0.662
0.662
0.662
0.595084
0.410316
0.0793745
0.662
0.662
0.265003
0.662
0.662
0.662
0.662
0.272935
0.202145
0.662
0.662
0.662
0.25518
0.662
0.662
0.662
0.662
0.662
0.662
0.127997
0.662
0.345372
0.125452
0.662
0.662
0.662
0.662
0.662
0.662
0.172507
0.662
0.662
0.233211
0.662
0.662
0.430414
0.39838
0.662
0.662
0.0749749
0.662
0.121593
0.662
0.260271
0.662
0.0514774
0.274429
0.090123
0.0937002
0.662
0.662
0.196807
0.662
0.662
0.662
0.373404
0.662
0.345536
0.662
0.662
0.662
0.662
0.662
0.662
0.662
0.662
0.662
0.662
0.662
0.662
0.390313
0.244645
0.662
0.662
0.662
0.454649
0.662
0.301151
0.662
0.662
0.402896
0.611447
0.662
0.662
0.662
0.360293
0.279336
0.473787
0.662
0.0328812
0.662
0.662
0.449584
0.662
0.274318
0.246516
0.662
0.049236
0.368621
0.0559044
0.662
0.379222
0.662
0.456744
0.662
0.662
0.662
0.216435
0.30403
0.0569214
0.193484
0.375917
0.662
0.662
0.662
0.275161
0.662
0.662
0.662
0.292522
0.662
0.565914
0.662
0.374976
0.662
0.662
0.662
0.662
0.662
0.662
0.155585
0.662
0.284168
0.662
0.662
0.321444
0.241927
0.662
0.662
0.662
0.662
0.353901
0.662
0.662
0.662
0.0621566
0.662
0.412609
0.662
0.662
0.662
0.662
0.662
0.662
0.662
0.151866
0.0101522
0.662
0.397943
0.0894823
0.400495
0.244361
0.662
0.662
0.662
0.662
0.662
0.476955
0.530465
0.0290919
0.662
0.662
0.662
0.137018
0.662
0.473616
0.307929
0.369464
0.131012
0.0433862
0.662
0.386775
0.662
0.288914
0.256265
0.662
0.449968
0.662
0.412386
0.662
0.399438
0.662
0.662
0.662
0.472898
0.419313
0.662
0.252613
0.391665
0.322417
0.0609702
0.0444479
0.662
0.662
0.662
0.662
0.340882
0.662
0.662
0.419191
0.662
0.662
0.131547
0.662
0.662
0.662
0.662
0.662
0.662
0.662
0.662
0.165189
0.123681
0.389343
0.217999
0.0437147
0.281187
0.662
0.00360702
0.662
0.0714238
0.662
0.662
0.662
0.241688
0.662
0.662
0.662
0.425118
0.662
0.199998
0.662
0.223161
0.158403
0.402479
0.272385
0.420417
0.662
0.662
0.662
0.152274
0.439686
0.662
0.662
0.294205
0.219037
0.420199
0.662
0.662
0.662
0.219058
0.117394
0.662
0.662
0.662
0.662
0.0517509
0.662
0.662
0.662
0.220472
0.290046
0.279626
0.0529278
0.329753
0.662
0.0295162
0.662
0.456784
0.662
0.662
0.662
0.662
0.662
0.422531
0.662
0.662
0.662
0.242149
0.662
0.662
