0.662
0.409492
0.161061
0.412084
0.120399
0.662
0.662
0.307115
0.662
0.662
0.662
0.166984
0.662
0.662
0.662
0.662
0.662
0.562213
0.457867
0.402168
0.662
0.662
0.662
0.662
0.149882
0.250426
0.0433003
0.329903
0.662
0.662
0.0101496
0.267674
0.662
0.162027
0.174576
0.441379
0.386378
0.233408
0.662
0.662
0.152802
0.662
0.252623
0.474716
0.177278
0.328189
0.199872
0.662
0.662
0.181918
0.0975873
0.662
0.662
0.464623
0.418679
0.152893
0.662
0.406794
0.370234
0.662
0.324275
0.662
0.139788
0.662
0.315827
0.662
0.662
0.662
0.662
0.00224871
0.662
0.216366
0.367989
0.371782
0.213018
0.662
0.662
0.662
0.52307
0.662
0.430718
0.247694
0.117976
0.662
0.238911
0.21871
0.662
0.36344
0.0215977
0.295973
0.662
0.322692
0.662
0.662
0.182788
0.101236
0.662
0.407324
0.365671
0.662
0.662
0.20174
0.662
0.662
0.662
0.662
0.662
0.155866
0.0680331
0.426572
0.662
0.662
0.179545
0.662
0.662
0.336379
0.466554
0.662
0.12663
0.662
0.662
0.662
0.662
0.425954
0.662
0.662
0.126038
0.662
0.335102
0.662
0.1603
0.310845
0.662
0.662
0.662
0.63049
0.662
0.325094
0.662
0.32973
0.662
0.662
0.662
0.662
0.662
0.105586
0.141784
0.4229
0.40677
0.662
0.662
0.662
0.014739
0.115479
0.662
0.662
0.390218
0.433865
0.278724
0.476231
0.662
0.662
0.662
0.384025
0.662
0.0771053
0.662
0.195256
0.662
0.662
0.0780721
0.326495
0.319231
0.0170148
0.112979
0.428926
0.662
0.138269
0.662
0.662
0.202869
0.205888
0.299389
0.0852785
0.0735276
0.196209
0.0861917
0.332622
0.233416
0.662
0.0664217
0.425192
0.662
0.662
0.462221
0.662
0.662
0.662
0.435479
0.111586
0.662
0.527881
0.333474
0.366761
0.662
0.662
0.662
0.662
0.484068
0.662
0.328101
0.662
0.151836
0.662
0.329852
0.662
0.463858
0.662
0.302158
0.438494
0.662
0.209167
0.533213
0.662
0.250245
0.662
0.662
0.253255
0.662
0.313265
0.662
0.662
0.19145
0.662
0.662
0.662
0.207678
0.662
0.662
0.295817
0.662
0.268417
0.231159
0.208402
0.662
0.506336
0.280374
0.662
0.0171211
0.163758
0.662
0.322009
0.662
0.662
0.662
0.381942
0.662
0.585021
0.198621
0.502113
0.662
0.1754
0.662
0.662
0.261187
0.450706
0.225167
0.329614
0.662
0.662
0.662
0.406622
0.662
0.101666
0.205075
0.662
0.662
0.662
0.213037
0.662
0.662
0.662
0.314475
0.662
0.662
0.417466
0.20335
0.273425
0.662
0.662
0.662
0.662
0.257136
0.273207
0.384936
0.240227
0.139467
0.662
0.662
0.428099
0.662
0.662
0.662
0.346302
0.662
0.662
0.387199
0.662
0.662
0.519079
0.529058
0.437008
0.662
0.662
0.0374293
0.251148
0.662
0.662
0.270297
0.662
0.176924
0.385569
0.662
0.160905
0.662
0.282645
0.247696
0.662
0.450153
0.662
0.662
0.662
0.0813382
0.587876
0.662
0.370827
0.662
0.659522
0.662
0.662
0.662
0.662
0.662
0.209992
0.662
0.154455
0.222554
0.662
0.662
0.662
0.662
0.662
0.662
0.161395
0.169553
0.09817
0.662
0.397298
0.662
0.224952
0.243529
0.662
0.330757
0.662
0.454559
0.662
0.662
0.159706
0.201056
0.0196577
0.239416
0.344546
0.662
0.662
0.483866
0.259623
0.662
0.644732
0.22705
0.662
0.348688
0.662
0.260912
0.662
0.0136885
0.578395
0.662
0.662
0.257454
0.0100417
0.662
0.222979
0.662
0.0108838
0.195168
0.662
0.662
0.662
0.183328
0.662
0.662
0.662
0.41337
0.289403
0.662
0.363165
0.467213
0.499811
0.164266
0.222081
0.662
0.662
0.662
0.168151
0.0372166
0.448804
0.25264
0.662
0.662
0.177345
0.342505
0.611934
0.662
0.662
0.662
0.662
0.0177635
0.403365
0.390076
0.459816
0.662
0.662
0.148241
0.662
0.241146
0.0211524
0.0614048
0.662
0.396686
0.662
0.662
0.259816
0.662
0.340667
0.662
0.662
0.13144
0.226969
0.662
0.37454
0.662
0.33541
0.204381
0.551374
0.662
0.120466
0.387112
0.662
0.480771
0.662
0.662
0.396267
0.018042
0.463187
0.662
0.317454
0.25503
0.342961
0.662
0.241298
0.662
0.00543311
0.0729968
0.662
0.0356
0.662
0.662
0.662
0.662
0.175705
0.662
0.662
0.662
0.179261
0.111129
0.258978
0.0791333
0.244229
0.662
0.662
0.662
0.662
0.662
0.662
0.662
0.662
0.321875
0.104461
0.360626
0.231422
0.438259
0.432955
0.662
0.47144
0.662
0.452281
0.662
0.00558804
0.662
0.241627
0.474444
0.662
0.0752523
0.662
0.662
0.662
0.662
0.178031
0.444288
0.662
0.662
0.361832
0.662
0.342258
0.0351038
0.0798769
0.0437169
0.662
0.662
0.0687897
0.662
0.252472
0.662
0.226781
0.662
0.662
0.420887
0.462983
0.34268
0.662
0.407198
0.662
0.662
0.218964
0.662
0.55974
0.662
0.439357
0.662
0.219123
0.46297
0.0922855
0.517819
0.15038
0.552501
0.125283
0.662
0.0912128
0.412527
0.401608
0.0398615
0.0970273
0.662
0.662
0.662
0.662
0.662
0.662
0.662
0.662
0.330129
0.662
0.282582
0.662
0.662
0.662
0.457063
0.662
0.662
0.662
0.376118
0.662
0.662
0.425998
0.662
0.662
0.662
0.662
0.662
0.662
0.314821
0.460737
0.0591783
0.662
0.128505
0.217671
0.387391
0.357401
0.662
0.662
0.662
0.662
0.662
0.662
0.662
0.662
0.472682
0.662
0.662
0.662
0.103038
0.662
0.662
0.329295
0.662
0.662
0.191907
0.662
0.662
0.44067
0.44345
0.0664017
0.154288
0.383219
0.253698
0.662
0.255205
0.662
0.329361
0.202237
0.662
0.662
0.662
0.662
0.485425
0.373417
0.41973
0.0778784
0.137743
0.205738
0.662
0.662
0.169838
0.153525
0.662
0.0220421
0.662
0.662
0.402109
0.662
0.0352929
0.0931764
0.159097
0.662
