0.433856
0.662
0.662
0.387401
0.385472
0.151767
0.662
0.662
0.344455
0.421334
0.532348
0.662
0.662
0.662
0.662
0.0888572
0.662
0.312318
0.662
0.318207
0.461545
0.662
0.662
0.662
0.349619
0.306819
0.662
0.662
0.119237
0.128669
0.153072
0.450829
0.0133517
0.071698
0.662
0.662
0.662
0.375904
0.662
0.433702
0.410316
0.662
0.662
0.662
0.662
0.662
0.662
0.662
0.097014
0.662
0.662
0.662
0.662
0.12398
0.662
0.0772487
0.243126
0.662
0.296487
0.662
0.662
0.102049
0.662
0.662
0.387127
0.113346
0.662
0.662
0.54139
0.215909
0.138119
0.609695
0.0852021
0.188877
0.363693
0.662
0.662
0.324774
0.0679821
0.46149
0.00522863
0.662
0.132742
0.145372
0.662
0.662
0.611712
0.464584
0.662
0.662
0.662
0.492581
0.425765
0.342302
0.462946
0.662
0.662
0.662
0.290495
0.662
0.662
0.662
0.662
0.25333
0.329023
0.662
0.662
0.41009
0.662
0.662
0.435841
0.36784
0.158947
0.394161
0.40951
0.44777
0.662
0.166907
0.662
0.662
0.189332
0.662
0.295047
0.00358015
0.153065
0.662
0.662
0.13152
0.54006
0.0350697
0.654584
0.662
0.662
0.662
0.662
0.662
0.662
0.662
0.662
0.163828
0.183675
0.235966
0.301673
0.662
0.662
0.238857
0.662
0.338609
0.556168
0.364976
0.662
0.662
0.0475652
0.662
0.662
0.332635
0.662
0.435749
0.449232
0.662
0.261804
0.662
0.188213
0.185754
0.662
0.662
0.289319
0.308297
0.662
0.662
0.662
0.461201
0.662
0.473749
0.662
0.206228
0.662
0.662
0.662
0.662
0.662
0.43059
0.136052
0.662
0.662
0.163128
0.662
0.0741094
0.662
0.662
0.160757
0.437171
0.317137
0.646921
0.662
0.182452
0.662
0.662
0.662
0.305697
0.662
0.172908
0.662
0.196275
0.662
0.662
0.662
0.662
0.328058
0.662
0.662
0.662
0.662
0.215508
0.662
0.0240484
0.223856
0.284068
0.0468713
0.662
0.419079
0.491768
0.228092
0.0789231
0.662
0.662
0.5031
0.662
0.662
0.291695
0.662
0.662
0.633391
0.662
0.662
0.662
0.475734
0.228446
0.662
0.662
0.0199731
0.370032
0.662
0.164754
0.224675
0.416511
0.662
0.41878
0.662
0.286923
0.662
0.662
0.429769
0.662
0.662
0.662
0.412273
0.361379
0.662
0.466387
0.425201
0.568374
0.0434057
0.0625913
0.197779
0.662
0.662
0.662
0.449155
0.321945
0.316793
0.662
0.453846
0.662
0.662
0.662
0.662
0.662
0.662
0.25277
0.259747
0.226433
0.662
0.00795958
0.662
0.385722
0.662
0.662
0.662
0.662
0.382958
0.662
0.0819014
0.662
0.662
0.299215
0.662
0.662
0.662
0.662
0.102362
0.132767
0.662
0.0616212
0.662
0.662
0.662
0.662
0.662
0.339598
0.338797
0.0649383
0.291794
0.662
0.662
0.662
0.505847
0.00285056
0.0961084
0.120098
0.662
0.662
0.344322
0.662
0.39822
0.662
0.277921
0.662
0.662
0.662
0.111817
0.0805285
0.662
0.425989
0.662
0.256195
0.662
0.662
0.662
0.258488
0.270296
0.662
0.324453
0.185262
0.124526
0.662
0.377358
0.662
0.662
0.439257
0.308814
0.662
0.599453
0.0666909
0.662
0.662
0.619641
0.0295162
0.662
0.517014
0.403928
0.049236
0.662
0.22947
0.4406
0.662
0.152041
0.434125
0.662
0.662
0.662
0.662
0.542202
0.181787
0.662
0.662
0.662
0.662
0.367547
0.662
0.359121
0.279491
0.662
0.0423016
0.662
0.662
0.662
0.0207677
0.662
0.662
0.662
0.662
0.290993
0.460725
0.662
0.264305
0.662
0.334563
0.662
0.662
0.49944
0.0258538
0.180723
0.363022
0.662
0.432561
0.662
0.325978
0.662
0.662
0.410656
0.348784
0.511525
0.662
0.662
0.662
0.219139
0.662
0.662
0.662
0.662
0.662
0.222444
0.662
0.116315
0.662
0.662
0.017961
0.103675
0.662
0.662
0.662
0.662
0.117074
0.662
0.450951
0.466555
0.662
0.00827845
0.662
0.662
0.662
0.662
0.662
0.227123
0.662
0.141093
0.255596
0.662
0.662
0.411166
0.373483
0.325868
0.662
0.0336705
0.662
0.662
0.662
0.321517
0.0306771
0.662
0.662
0.16198
0.662
0.206614
0.471754
0.662
0.0926342
0.302104
0.384001
0.0881901
0.662
0.662
0.662
0.454827
0.662
0.0985028
0.662
0.662
0.662
0.662
0.662
0.662
0.662
0.662
0.662
0.662
0.446064
0.0143166
0.662
0.477561
0.662
0.662
0.105947
0.203266
0.662
0.142926
0.662
0.662
0.662
0.092716
0.388705
0.0946164
0.662
0.413944
0.662
0.131921
0.662
0.662
0.212023
0.244591
0.410714
0.419102
0.662
0.0645923
0.662
0.662
0.662
0.662
0.218359
0.662
0.0924411
0.188522
0.337433
0.662
0.662
0.662
0.403661
0.407082
0.398062
0.662
0.662
0.426545
0.127353
0.501753
0.662
0.388124
0.196645
0.261801
0.60254
0.163869
0.662
0.662
0.662
0.662
0.0658558
0.662
0.662
0.325453
0.445146
0.662
0.662
0.16122
0.380723
0.0556527
0.419906
0.662
0.662
0.228751
0.304318
0.662
0.143438
0.197321
0.258589
0.662
0.295069
0.662
0.662
0.237767
0.0671877
0.199065
0.146538
0.231173
0.662
0.662
0.662
0.0246221
0.662
0.092712
0.246112
0.327444
0.474044
0.662
0.662
0.662
0.662
0.662
0.47155
0.340065
0.340023
0.662
0.662
0.662
0.662
0.456661
0.279725
0.662
0.115907
0.445648
0.662
0.662
0.448483
0.662
0.662
0.096526
0.117944
0.662
0.662
0.00449852
0.342947
0.662
0.345101
0.299028
0.662
0.520724
0.662
0.662
0.0316236
0.47483
0.662
0.42544
0.465627
0.241109
0.568297
0.0120739
0.662
0.231823
0.433992
0.662
0.197712
0.662
0.00307169
0.375443
0.662
0.662
0.473801
0.662
0.461686
0.662
0.162644
0.662
0.0911973
0.0170499
0.662
0.52295
0.475495
0.204363
0.323644
0.662
0.237982
0.662
0.0539053
0.662
0.662
0.105631
0.662
0.662
0.154114
0.423783
0.662
0.105122
0.662
0.662
0.610837
0.0905119
0.105578
0.662
0.0499608
0.662
0.561974
0.192441
0.424458
0.450547
0.396574
0.240951
0.458365
0.397053
0.188448
0.2512
0.662
0.662
0.662
0.00884477
0.321716
0.662
0.313225
0.419741
0.662
0.662
0.662
0.393519
0.662
0.662
0.0823428
0.531798
0.423966
0.260271
0.662
0.391643
0.662
0.662
0.662
0.357989
0.662
0.662
0.0101522
0.662
0.156918
