0.263749
0.662
0.662
0.062939
0.662
0.0121821
0.165098
0.141357
0.662
0.662
0.421169
0.662
0.164361
0.0560488
0.191098
0.425676
0.662
0.356125
0.662
0.474778
0.662
0.662
0.205905
0.662
0.142593
0.662
0.662
0.234651
0.662
0.662
0.329677
0.364998
0.452476
0.662
0.662
0.22869
0.662
0.173958
0.273942
0.213546
0.662
0.00218672
0.166333
0.662
0.154833
0.282359
0.299786
0.458363
0.662
0.113813
0.662
0.662
0.387976
0.662
0.146958
0.662
0.460601
0.17931
0.467566
0.43939
0.662
0.126813
0.662
0.0324416
0.662
0.493094
0.0768834
0.0383803
0.662
0.662
0.662
0.07744
0.20518
0.662
0.352042
0.37143
0.182293
0.450688
0.662
0.0731419
0.662
0.553399
0.343359
0.662
0.662
0.379967
0.434673
0.662
0.428019
0.146311
0.662
0.351919
0.153762
0.469081
0.39808
0.140156
0.662
0.662
0.30106
0.662
0.662
0.307086
0.662
0.662
0.662
0.0426962
0.662
0.280376
0.662
0.397474
0.432868
0.662
0.170907
0.662
0.662
0.154091
0.213742
0.662
0.662
0.662
0.260745
0.489311
0.662
0.662
0.662
0.465569
0.662
0.662
0.662
0.205642
0.435411
0.662
0.428291
0.662
0.380189
0.662
0.429853
0.203878
0.662
0.662
0.662
0.662
0.662
0.662
0.402606
0.278516
0.159451
0.0643194
0.662
0.168961
0.662
0.0617902
0.423016
0.465186
0.662
0.662
0.377176
0.374332
0.18969
0.459324
0.662
0.662
0.238105
0.662
0.662
0.662
0.213531
0.532645
0.444436
0.662
0.264882
0.00270202
0.343643
0.368671
0.325002
0.662
0.662
0.662
0.662
0.662
0.662
0.629706
0.662
0.19035
0.662
0.301167
0.662
0.214311
0.0512447
0.662
0.662
0.662
0.339864
0.113672
0.662
0.296178
0.662
0.458043
0.662
0.662
0.307089
0.154976
0.334105
0.33028
0.662
0.662
0.0717248
0.455929
0.662
0.662
0.662
0.662
0.662
0.462313
0.662
0.662
0.46432
0.662
0.0300052
0.662
0.259186
0.662
0.662
0.662
0.410823
0.662
0.0927206
0.0828973
0.662
0.263217
0.662
0.19677
0.662
0.455541
0.283241
0.011245
0.662
0.473928
0.140099
0.662
0.662
0.662
0.662
0.295987
0.239045
0.376609
0.241943
0.662
0.312822
0.309721
0.183869
0.299501
0.662
0.260667
0.662
0.662
0.213749
0.0106682
0.476579
0.662
0.662
0.445731
0.662
0.207057
0.365386
0.662
0.662
0.47992
0.662
0.508933
0.662
0.662
0.662
0.662
0.662
0.385822
0.662
0.662
0.662
0.662
0.662
0.662
0.662
0.662
0.662
0.328033
0.08998
0.662
0.662
0.662
0.662
0.662
0.662
0.397513
0.662
0.1061
0.662
0.662
0.128653
0.662
0.662
0.017767
0.271875
0.358118
0.400931
0.662
0.338022
0.662
0.662
0.662
0.662
0.216458
0.308265
0.464054
0.228234
0.662
0.662
0.366831
0.662
0.61145
0.392538
0.316419
0.124757
0.606464
0.560595
0.662
0.662
0.662
0.0374326
0.662
0.662
0.662
0.0085689
0.662
0.0522187
0.662
0.600389
0.336155
0.662
0.662
0.662
0.659046
0.3986
0.662
0.0862808
0.39833
0.216
0.221968
0.0372224
0.0486891
0.289371
0.63339
0.354636
0.662
0.662
0.144658
0.300973
0.0405343
0.662
0.228132
0.23178
0.518881
0.0667714
0.376587
0.662
0.400325
0.662
0.662
0.0352254
0.471282
0.452625
0.414202
0.662
0.193606
0.265402
0.255585
0.662
0.118889
0.662
0.662
0.662
0.229568
0.274201
0.662
0.127253
0.662
0.612375
0.646316
0.662
0.662
0.662
0.662
0.662
0.466307
0.662
0.662
0.662
0.662
0.662
0.213543
0.662
0.662
0.662
0.662
0.662
0.151869
0.662
0.230821
0.463055
0.110978
0.662
0.317807
0.662
