0.662
0.662
0.126813
0.662
0.662
0.1602
0.648124
0.132035
0.662
0.331732
0.662
0.556971
0.662
0.0373019
0.662
0.44157
0.662
0.139777
0.662
0.301113
0.237791
0.662
0.525697
0.662
0.662
0.662
0.201753
0.377811
0.662
0.372884
0.410301
0.207832
0.662
0.662
0.662
0.243937
0.662
0.662
0.662
0.025938
0.427532
0.575326
0.207057
0.146294
0.0520695
0.334488
0.662
0.662
0.662
0.662
0.662
0.662
0.662
0.662
0.062939
0.662
0.662
0.440374
0.382855
0.240119
0.662
0.0774049
0.202376
0.662
0.662
0.178891
0.186407
0.662
0.662
0.209811
0.662
0.662
0.0374692
0.662
0.662
0.662
0.0352254
0.662
0.241943
0.662
0.662
0.0851154
0.487695
0.0775291
0.662
0.191802
0.662
0.662
0.467566
0.152027
0.54643
0.185057
0.6351
0.662
0.662
0.117254
0.34769
0.662
0.42872
0.662
0.662
0.662
0.662
0.294796
0.662
0.33728
0.662
0.662
0.195617
0.662
0.128653
0.662
0.532847
0.662
0.662
0.153969
0.189723
0.662
0.662
0.662
0.0085689
0.662
0.34921
0.325002
0.662
0.662
0.662
0.426144
0.662
0.0768834
0.662
0.209854
0.232223
0.662
0.311583
0.662
0.662
0.662
0.104469
0.662
0.662
0.0857534
0.334721
0.662
0.441826
0.662
0.0390259
0.662
0.289057
0.435804
0.134523
0.385637
0.662
0.414202
0.451065
0.662
0.146655
0.278278
0.662
0.662
0.0143313
0.662
0.331183
0.662
0.662
0.662
0.248077
0.662
0.662
0.0294641
0.262887
0.377446
0.0896262
0.662
0.202338
0.0300052
0.464339
0.0535976
0.192827
0.0324416
0.443105
0.185715
0.218215
0.303305
0.227145
0.416393
0.0346326
0.124653
0.141515
0.259186
0.662
0.662
0.662
0.662
0.662
0.662
0.44616
0.662
0.662
0.0460896
0.662
0.646316
0.180237
0.662
0.262913
0.313137
0.134014
0.0704753
0.452476
0.662
0.662
0.200992
0.662
0.30483
0.401765
0.369237
0.662
0.235797
0.438138
0.662
0.236642
0.228132
0.157459
0.282085
0.662
0.403554
0.0469422
0.662
0.662
0.251659
0.662
0.662
0.662
0.29232
0.662
0.39686
0.662
0.662
0.338046
0.144813
0.438218
0.205642
0.662
0.662
0.662
0.662
0.662
0.662
0.662
0.662
0.255019
0.0713983
0.662
0.23178
0.46507
0.662
0.373912
0.38807
0.506771
0.662
0.45116
0.662
0.662
0.213319
0.346154
0.662
0.662
0.227361
0.546462
0.662
0.662
0.27339
0.462471
0.662
0.403319
0.468447
0.662
0.355159
0.662
0.662
0.662
0.662
0.0880847
0.662
0.628846
0.00742493
0.662
0.662
0.662
0.662
0.11231
0.662
0.662
0.336029
0.662
0.337647
0.662
0.662
0.502709
0.437912
0.662
0.375693
0.662
0.0153408
0.0643142
0.662
0.484297
0.445731
0.662
0.662
0.662
0.146036
0.237105
0.211645
0.662
0.662
0.662
0.440805
0.0716992
0.182058
0.337296
0.161131
0.662
0.0187434
0.662
0.310396
0.662
0.662
0.297928
0.549249
0.489042
0.662
0.154833
0.388268
0.35316
0.182382
0.431359
0.662
0.662
0.662
0.662
0.662
0.662
0.233981
0.455541
0.662
0.19035
0.336155
0.266826
0.662
0.662
0.662
0.662
0.662
0.662
0.161019
0.226175
0.662
0.237505
0.662
0.662
0.159599
0.373198
0.662
0.153011
0.662
0.207488
0.320236
0.327007
0.662
0.662
0.662
0.662
0.414771
0.662
0.416419
0.662
0.662
