0.662
0.662
0.662
0.662
0.30106
0.662
0.662
0.662
0.662
0.23018
0.00514266
0.278516
0.213742
0.494999
0.434584
0.662
0.662
0.49665
0.205905
0.503479
0.662
0.29232
0.662
0.238846
0.662
0.662
0.38137
0.662
0.662
0.473928
0.193573
0.33165
0.662
0.400931
0.662
0.311636
0.350398
0.662
0.662
0.662
0.662
0.363247
0.386065
0.662
0.662
0.662
0.662
0.178361
0.325002
0.339864
0.662
0.255756
0.662
0.33028
0.310939
0.425676
0.662
0.662
0.194071
0.550645
0.662
0.553065
0.0512447
0.662
0.277682
0.351058
0.0828973
0.0713983
0.662
0.662
0.662
0.662
0.0717248
0.266331
0.662
0.335862
0.474778
0.662
0.662
0.662
0.299501
0.377176
0.662
0.662
0.117855
0.445731
0.662
0.307089
0.380083
0.244531
0.662
0.662
0.356125
0.397474
0.600389
0.662
0.328038
0.662
0.159451
0.457751
0.662
0.405895
0.662
0.144658
0.662
0.58871
0.213543
0.662
0.0426222
0.662
0.662
0.662
0.207038
0.0594156
0.662
0.662
0.662
0.662
0.329332
0.662
0.662
0.662
0.662
0.449181
0.662
0.366364
0.0871772
0.19677
0.662
0.0864337
0.662
0.429853
0.662
0.313562
0.662
0.662
0.169347
0.154515
0.12343
0.0085689
0.228234
0.662
0.452476
0.662
0.0324416
0.0316455
0.282187
0.662
0.662
0.662
0.0334651
0.662
0.662
0.662
0.508933
0.0153382
0.364998
0.212324
0.230821
0.167234
0.00748289
0.662
0.37143
0.662
0.662
0.662
0.477492
0.0589543
0.662
0.410823
0.662
0.454997
0.662
0.144742
0.662
0.662
0.428019
0.662
0.458363
0.346523
0.662
0.0667714
0.662
0.662
0.662
0.662
0.462313
0.265402
0.299786
0.140156
0.260667
0.662
0.662
0.662
0.662
0.183869
0.662
0.343359
0.662
0.662
0.0619282
0.219019
0.662
0.124757
0.662
0.251699
0.662
0.662
0.228
0.338022
0.662
0.662
0.662
0.662
0.662
0.421169
0.476579
0.662
0.662
0.309721
0.662
0.434673
0.662
0.142593
0.395904
0.662
0.161482
0.662
0.662
0.460601
0.506617
0.335653
0.662
0.354636
0.662
0.662
0.395274
0.662
0.662
0.662
0.662
0.662
0.296178
0.662
0.0173317
0.43186
0.662
0.662
0.662
0.560595
0.662
0.662
0.662
0.662
0.0857534
0.462048
0.662
0.062939
0.662
0.662
0.662
0.662
0.289568
0.109997
0.662
0.662
0.463055
0.127253
0.662
0.662
0.662
0.46432
0.662
0.662
0.662
0.662
0.662
0.146311
0.662
0.334961
0.61145
0.662
0.662
0.155453
0.662
0.308265
0.168961
0.662
0.3986
0.259151
0.662
0.195245
0.662
0.662
0.307086
0.662
0.662
0.662
0.239045
0.662
0.662
0.662
0.471282
0.662
0.662
0.24407
0.30842
0.662
0.0737938
0.662
0.458043
0.0160978
0.23818
0.662
0.662
0.305835
0.662
0.216458
0.662
0.662
0.662
0.662
0.662
0.224194
0.303766
0.662
0.659046
0.662
0.662
0.662
0.0472088
0.662
0.662
0.662
0.271875
0.274201
0.662
0.385046
0.662
0.123399
0.123842
0.162009
0.662
0.394927
0.662
0.532645
0.662
0.662
0.00218672
0.213321
0.662
0.423016
0.662
0.662
0.264882
0.509706
0.328033
0.662
0.057436
0.662
0.662
0.662
0.662
0.0331915
0.630774
0.164361
0.370364
0.662
0.662
0.387976
0.19035
0.0283356
0.662
0.189812
0.402606
0.165098
0.662
0.598463
0.662
0.662
0.0409014
0.113813
0.662
0.400325
0.157128
0.0617902
0.255585
0.662
0.662
0.662
0.662
0.662
0.120248
0.38734
0.662
0.454943
0.662
0.662
0.662
0.662
0.0908748
0.662
0.366831
0.216
0.662
0.365386
0.662
0.22869
0.0374326
0.662
0.662
0.63339
0.0551
0.662
0.087583
0.241943
0.179029
0.662
0.275449
0.662
0.620522
0.212423
0.662
0.0501039
0.459324
0.662
0.662
0.662
0.288263
0.662
0.662
0.394869
0.662
0.662
0.469745
0.662
0.12624
