0.260667
0.662
0.477492
0.662
0.0685462
0.662
0.268334
0.441589
0.662
0.310939
0.059415
0.662
0.662
0.662
0.289568
0.662
0.662
0.387976
0.662
0.38734
0.662
0.662
0.37685
0.22869
0.662
0.163524
0.630774
0.365386
0.546615
0.0737938
0.662
0.662
0.662
0.662
0.438438
0.662
0.662
0.367062
0.364998
0.662
0.12343
0.144658
0.0501039
0.416648
0.662
0.662
0.662
0.426066
0.662
0.662
0.124757
0.161482
0.0331915
0.353498
0.662
0.662
0.662
0.620522
0.662
0.087583
0.662
0.662
0.186067
0.662
0.195245
0.354636
0.0439748
0.238846
0.370364
0.38137
0.662
0.662
0.598463
0.20647
0.662
0.662
0.0594156
0.459324
0.662
0.0716992
0.325002
0.662
0.662
0.383165
0.0160978
0.662
0.0283356
0.662
0.382556
0.205905
0.662
0.213742
0.662
0.265402
0.662
0.662
0.662
0.456708
0.662
0.662
0.662
0.662
0.335653
0.538013
0.662
0.662
0.662
0.183869
0.662
0.147201
0.662
0.380083
0.662
0.463055
0.0472088
0.21307
0.425117
0.180849
0.662
0.662
0.188821
0.334488
0.61145
0.662
0.662
0.454579
0.261381
0.339864
0.662
0.662
0.320637
0.0857534
0.462048
0.423094
0.662
0.363247
0.327181
0.662
0.662
0.662
0.662
0.662
0.46432
0.662
0.662
0.662
0.662
0.662
0.449181
0.395274
0.157128
0.356125
0.662
0.662
0.33165
0.386065
0.662
0.662
0.662
0.662
0.662
0.0085689
0.58871
0.662
0.402606
0.0717248
0.662
0.662
0.0374326
0.00218672
0.662
0.295295
0.662
0.662
0.662
0.458043
0.290549
0.266331
0.223782
0.662
0.662
0.662
0.538402
0.662
0.177658
0.662
0.33028
0.244531
0.662
0.114698
0.662
0.0667714
0.662
0.662
0.165098
0.506617
0.662
0.662
0.662
0.315059
0.662
0.662
0.400931
0.662
0.662
0.662
0.662
0.662
0.255756
0.135723
0.662
0.662
0.662
0.544623
0.457751
0.662
0.662
0.189812
0.662
0.288263
0.662
0.120248
0.662
0.232703
0.249393
0.553065
0.012726
0.299501
0.0951988
0.309721
0.662
0.662
0.351196
0.662
0.275713
0.662
0.0512447
0.662
0.423016
0.397474
0.662
0.662
0.662
0.296178
0.662
0.0276118
0.662
0.662
0.281811
0.662
0.385046
0.662
0.159451
0.395904
0.205847
0.662
0.662
0.662
0.662
0.662
0.662
0.662
0.662
0.662
0.662
0.216
0.662
0.662
0.113813
0.662
0.662
0.662
0.662
0.473928
0.328033
0.228
0.662
0.63361
0.662
0.207038
0.662
0.475467
0.662
0.662
0.0828973
0.0671625
0.662
0.37495
0.662
0.662
0.662
0.662
0.662
0.662
0.662
0.662
0.662
0.216458
0.193573
0.662
0.662
0.662
0.662
0.30106
0.662
0.662
0.662
0.228234
0.662
0.338022
0.662
0.662
0.659046
0.662
0.255585
0.662
0.600389
0.662
0.305835
0.351058
0.350398
0.37143
0.662
0.662
0.662
0.115891
0.532645
0.662
0.662
0.335862
0.662
0.662
0.375993
0.662
0.662
0.205234
0.662
0.662
0.662
0.662
0.662
0.469745
0.396521
0.458363
0.662
0.662
0.662
0.662
0.471282
0.662
0.313562
0.662
0.662
0.0764196
0.662
0.662
0.662
0.366831
0.662
0.213321
0.168961
0.230821
0.662
0.243843
0.560595
0.213543
0.103698
0.662
0.662
0.662
0.24407
0.274201
0.662
0.454997
0.00748289
0.662
0.11593
0.299786
0.28574
0.662
0.662
0.219019
0.214085
0.662
0.662
0.662
0.662
0.400319
0.662
0.266747
0.428019
0.146311
0.366364
0.662
0.494999
0.662
0.140156
0.431801
0.105539
0.508933
0.662
0.662
0.277682
0.662
0.662
0.434673
0.219582
0.169347
0.267886
0.662
0.474778
0.307089
0.662
0.0617902
0.367337
0.662
0.662
0.662
0.142593
0.449859
0.30842
0.0486794
0.3986
0.43186
0.662
0.662
0.550645
0.377176
0.155453
0.662
0.662
0.421169
0.239045
0.662
0.662
0.662
0.662
0.311636
0.207628
0.515493
0.662
0.342181
