0.298137
0.203888
0.662
0.662
0.662
0.397987
0.476775
0.662
0.662
0.662
0.40876
0.662
0.662
0.662
0.662
0.662
0.662
0.200648
0.662
0.337427
0.662
0.662
0.662
0.662
0.662
0.662
0.662
0.442692
0.662
0.662
0.174376
0.149692
0.0609702
0.071064
0.388356
0.44018
0.240666
0.662
0.662
0.662
0.662
0.662
0.662
0.662
0.662
0.662
0.662
0.0783946
0.131022
0.662
0.662
0.662
0.662
0.662
0.662
0.0559044
0.662
0.389343
0.662
0.399438
0.290046
0.662
0.662
0.427984
0.662
0.137013
0.662
0.662
0.662
0.662
0.0590117
0.25518
0.662
0.662
0.662
0.511091
0.395198
0.256265
0.662
0.662
0.662
0.0749749
0.662
0.19018
0.662
0.204859
0.662
0.662
0.271474
0.662
0.00918265
0.403319
0.422531
0.662
0.0907601
0.181537
0.662
0.662
0.662
0.38981
0.121593
0.662
0.212023
0.662
0.662
0.662
0.662
0.662
0.208969
0.662
0.662
0.288914
0.0212116
0.117394
0.662
0.662
0.662
0.662
0.472898
0.662
0.662
0.44505
0.662
0.167776
0.662
0.662
0.338574
0.662
0.171635
0.662
0.0773283
0.662
0.198293
0.662
0.662
0.374976
0.351744
0.662
0.274429
0.662
0.662
0.0309896
0.39838
0.662
0.300395
0.297672
0.200998
0.282918
0.662
0.662
0.31695
0.662
0.295202
0.662
0.185842
0.662
0.662
0.662
0.366778
0.662
0.662
0.662
0.449091
0.662
0.117559
0.662
0.0755568
0.00822371
0.113775
0.662
0.219058
0.247216
0.662
0.662
0.662
0.662
0.662
0.476955
0.530465
0.662
0.662
0.662
0.662
0.662
0.381131
0.537007
0.662
0.059716
0.348852
0.184973
0.424032
0.38284
0.662
0.430414
0.662
0.356891
0.229553
0.445607
0.662
0.662
0.424834
0.460006
0.662
0.662
0.662
0.662
0.456151
0.662
0.662
0.662
0.662
0.127348
0.233211
0.662
0.152274
0.662
0.344385
0.662
0.662
0.0714238
0.662
0.316137
0.662
0.662
0.662
0.662
0.502079
0.662
0.0474295
0.662
0.401293
0.126653
0.272935
0.662
0.662
0.662
0.662
0.662
0.662
0.472381
0.662
0.090123
0.662
0.662
0.662
0.25739
0.576823
0.662
0.217999
0.662
0.662
0.0369453
0.185747
0.0958688
0.412086
0.662
0.662
0.662
0.127997
0.412573
0.474167
0.662
0.373786
0.131012
0.662
0.588237
0.198074
0.662
0.20828
0.219279
0.265665
0.662
0.662
0.236709
0.662
0.511458
0.371448
0.662
0.499274
0.662
0.218844
0.662
0.451801
0.662
0.662
0.274318
0.402479
0.662
0.449049
0.347601
0.662
0.21083
0.662
0.565914
0.662
0.662
0.143825
0.662
0.662
0.662
0.662
0.662
0.662
0.449584
0.394604
0.406206
0.662
0.270359
0.225264
0.662
0.662
0.662
0.426602
0.453966
0.123681
0.0537733
0.662
0.662
0.231894
0.662
0.432361
0.662
0.662
0.404026
0.662
0.0622781
0.246516
0.662
0.662
0.131609
0.662
0.662
0.473787
0.271867
0.662
0.40867
0.227313
0.140903
0.662
0.662
0.662
0.417689
0.369464
0.26994
0.199394
0.302516
0.394411
0.373404
0.662
0.662
0.662
0.0437147
0.662
0.662
0.00360702
0.662
0.0549875
0.662
0.31144
0.662
0.662
0.662
0.662
0.662
0.137018
0.662
0.421311
0.356832
0.00303171
0.662
0.0569214
0.181513
0.662
0.662
0.662
0.539017
0.141826
0.390563
0.662
0.662
0.662
0.501716
0.662
0.662
0.662
0.662
0.138814
0.662
0.379222
0.662
0.241219
0.662
0.662
0.662
0.662
0.662
0.662
0.662
0.662
0.662
0.662
0.357188
0.41789
0.00901462
0.426944
0.0412412
0.662
0.662
0.662
0.0768976
0.662
0.430724
0.662
0.439923
0.662
0.225427
0.172776
0.262126
0.662
0.662
0.662
0.662
0.662
0.662
0.662
0.662
0.261723
0.662
0.662
0.473616
0.662
0.46595
0.504726
0.662
0.662
0.662
0.662
0.125767
0.662
0.42391
0.0356425
0.662
0.169947
0.396453
0.420877
0.158403
0.288244
0.246917
0.662
0.662
0.662
0.0959675
0.611447
0.662
0.662
0.0514774
0.252962
0.293103
0.662
0.662
0.662
0.662
0.662
0.421983
0.662
0.662
0.662
0.418668
0.662
0.662
0.662
0.412386
0.662
0.662
0.0546747
0.662
0.662
0.662
0.419342
0.662
0.662
0.662
0.662
0.662
0.662
0.662
0.662
0.662
0.0328812
0.662
0.662
0.463997
0.662
0.662
0.263496
0.662
0.162013
0.662
0.662
0.662
0.0610066
0.662
0.662
0.189041
0.662
0.662
0.662
0.662
0.662
0.662
0.662
0.662
0.662
0.662
0.360293
0.446978
0.662
0.226063
0.0245902
0.662
0.312102
0.0529278
0.331339
0.51864
0.662
0.441046
0.318889
0.662
0.222615
0.662
0.0296765
0.662
0.662
0.398678
0.402896
0.113099
0.662
0.662
0.662
0.0462061
0.322417
0.662
0.662
0.662
0.662
0.160262
0.477595
0.662
0.206053
0.0379554
0.662
0.204682
0.0806159
0.662
0.662
0.662
0.662
0.581991
0.256117
0.21838
0.0621566
0.00901334
0.662
0.0937002
0.662
0.63339
0.19026
0.662
0.662
0.662
0.662
0.662
0.662
0.471387
0.489045
0.370197
0.662
0.662
0.0568205
0.509143
0.0760252
0.662
0.456784
0.414751
0.662
0.332003
0.662
0.662
0.662
0.398843
0.229233
0.224476
0.662
0.195613
0.414756
0.556055
0.0517509
0.662
0.662
0.400348
0.662
0.662
0.662
0.662
0.662
0.662
0.662
0.662
0.468303
0.401532
0.241927
0.662
0.662
0.662
0.662
0.662
0.662
0.662
0.456744
0.662
0.662
0.439253
0.662
0.0709173
0.662
0.237542
0.662
0.391186
0.438648
0.391665
0.662
0.265003
0.0465721
0.662
0.662
0.662
0.400847
0.0793745
0.0723167
0.377468
0.662
0.544918
0.160271
0.662
0.662
0.662
0.662
0.0776961
0.341415
0.662
0.402295
0.0836395
0.218244
0.284168
0.662
0.396788
0.172507
0.662
0.467697
0.662
0.662
0.160796
0.29959
0.662
0.662
0.662
0.662
0.662
0.662
0.662
0.662
0.662
0.0523054
0.379875
0.662
0.662
0.283096
0.390267
0.662
0.199998
0.498654
0.662
0.662
0.662
0.345536
0.662
0.662
0.662
0.272385
0.662
0.474887
0.662
0.662
0.0216388
0.662
0.313625
0.372477
0.205438
0.662
0.17367
0.286786
0.662
0.662
0.389234
0.396873
0.351853
0.662
0.662
0.604932
0.0502671
0.301082
0.662
0.430365
0.238857
0.662
0.42665
0.662
0.3372
0.189887
0.359583
