0.133393
0.154511
0.119961
0.479727
0.437478
0.11229
0.662
0.662
0.400914
0.662
0.25503
0.662
0.580414
0.662
0.662
0.292214
0.662
0.662
0.662
0.662
0.00537843
0.662
0.662
0.248047
0.662
0.662
0.662
0.14609
0.662
0.662
0.662
0.662
0.662
0.662
0.401899
0.662
0.662
0.662
0.662
0.0810561
0.328405
0.662
0.662
0.484886
0.37403
0.662
0.467631
0.518223
0.236932
0.662
0.197488
0.662
0.324543
0.662
0.223517
0.662
0.662
0.662
0.35405
0.662
0.662
0.116055
0.290416
0.662
0.0511406
0.662
0.662
0.662
0.376362
0.662
0.470748
0.426743
0.662
0.662
0.411157
0.662
0.38383
0.662
0.000537101
0.662
0.662
0.199861
0.662
0.00224814
0.444087
0.0368514
0.662
0.149718
0.28134
0.662
0.662
0.662
0.139445
0.310704
0.423047
0.662
0.551572
0.662
0.662
0.0272968
0.662
0.662
0.383978
0.662
0.662
0.662
0.0623398
0.261964
0.662
0.442468
0.662
0.41515
0.662
0.662
0.314201
0.662
0.289405
0.662
0.662
0.374372
0.277098
0.137543
0.146833
0.662
0.662
0.438562
0.295623
0.284124
0.662
0.662
0.662
0.169751
0.438928
0.0583172
0.662
0.662
0.163584
0.662
0.272525
0.662
0.662
0.662
0.662
0.471806
0.662
0.662
0.662
0.463848
0.468819
0.331823
0.662
0.662
0.662
0.330985
0.662
0.662
0.662
0.662
0.662
0.662
0.31712
0.322148
0.407637
0.662
0.662
0.662
0.00150878
0.662
0.662
0.45277
0.322022
0.447517
0.662
0.446305
0.662
0.662
0.662
0.662
0.105782
0.662
0.662
0.23032
0.0409957
0.662
0.174313
0.662
0.662
0.662
0.662
0.349822
0.211453
0.378914
0.662
0.662
0.309938
0.662
0.662
0.589758
0.268954
0.662
0.662
0.662
0.266149
0.0744765
0.295362
0.324864
0.662
0.183739
0.301415
0.662
0.236789
0.662
0.198833
0.347852
0.662
0.035477
0.662
0.387801
0.662
0.662
0.537728
0.662
0.662
0.662
0.662
0.662
0.662
0.345462
0.272921
0.300935
0.662
0.257676
0.662
0.662
0.662
0.230733
0.662
0.474518
0.662
0.662
0.662
0.662
0.662
0.662
0.662
0.662
0.410506
0.662
0.662
0.662
0.394686
0.662
0.403434
0.662
0.454635
0.662
0.662
0.662
0.359766
0.662
0.32776
0.378554
0.456046
0.662
0.405058
0.662
0.662
0.662
0.662
0.592706
0.662
0.477212
0.662
0.422907
0.662
0.662
0.152449
0.662
0.662
0.662
0.662
0.662
0.662
0.662
0.525479
0.360616
0.156451
0.662
0.312416
0.662
0.290237
0.356877
0.662
0.112379
0.662
0.0441037
0.347339
0.662
0.662
0.242491
0.658568
0.662
0.288929
0.662
0.662
0.662
0.449195
0.317283
0.290947
0.662
0.427946
0.0253614
0.662
0.662
0.413983
0.459628
0.132219
0.662
0.433921
0.436962
0.662
0.0233752
0.662
0.662
0.662
0.0254137
0.662
0.46706
0.662
0.662
0.461263
0.662
0.160633
0.662
0.198798
0.662
0.662
0.662
0.662
0.0733376
0.662
0.662
0.662
0.662
0.159494
0.662
0.0982604
0.407306
0.105373
0.662
0.662
0.662
0.15552
0.662
0.607292
0.291323
0.662
0.248503
0.662
0.662
0.662
0.662
0.662
0.662
0.662
0.662
0.432784
0.662
0.12827
0.662
0.662
0.337759
0.474558
0.252017
0.0304685
0.662
0.0421931
0.662
0.199807
0.424215
0.662
0.0983024
0.471968
0.308366
0.166041
0.662
0.361535
0.662
0.662
0.214788
0.302707
0.662
0.128292
0.662
0.662
0.662
0.465784
0.587045
0.45428
0.10355
0.662
0.662
0.662
0.393066
0.662
0.662
0.194469
0.662
0.148571
0.296505
0.10943
0.107959
0.38024
0.662
0.662
0.486558
0.175015
0.662
0.662
0.662
0.662
0.662
0.662
0.662
0.662
0.662
0.176751
0.420201
0.662
0.399198
0.472157
0.662
0.335389
0.397943
0.662
0.662
0.53948
0.662
0.662
0.662
0.662
0.283996
0.662
0.116941
0.662
0.422794
0.662
0.662
0.662
0.662
0.662
0.0252157
0.662
0.662
0.662
0.662
0.48414
0.662
0.350867
0.272428
0.662
0.334612
0.0278306
0.0403927
0.477225
0.662
0.0507045
0.382398
0.465686
0.312154
0.662
0.662
0.662
0.662
0.662
0.662
0.0656787
0.0995178
0.662
0.352221
0.662
0.286053
0.662
0.662
0.662
0.463267
0.412273
0.662
0.0538429
0.129352
0.662
0.1424
0.662
0.435422
0.662
0.12932
0.434328
0.314968
0.662
0.662
0.662
0.136425
0.0939551
0.662
0.0403338
0.662
0.662
0.461901
0.662
0.662
0.662
0.303254
0.662
0.662
0.338374
0.325758
0.00529745
0.408912
0.662
0.662
0.662
0.662
0.662
0.00249504
0.398785
0.662
0.570353
0.264125
0.246806
0.662
0.662
0.662
0.662
0.0193689
0.662
0.662
0.662
0.446394
0.662
0.662
0.0632201
0.170294
0.662
0.662
0.662
0.662
0.662
0.662
0.303423
0.662
0.353894
0.662
0.662
0.257061
0.662
0.129668
0.662
0.662
0.662
0.662
0.216206
0.324608
0.662
0.0268083
0.248029
0.138019
0.662
0.388763
0.284441
0.662
0.0642488
0.662
0.662
0.662
0.662
0.165697
0.662
0.338473
0.296973
0.0983361
0.0602132
0.13657
0.458105
0.205393
0.0212129
0.662
0.662
0.0289801
0.662
0.662
0.662
0.662
0.662
0.0197624
0.465155
0.275874
0.243852
0.405372
0.662
0.662
0.662
0.662
0.344009
0.377671
0.384472
0.605104
0.267955
0.387996
0.0369996
0.0632586
0.662
0.662
0.359768
0.662
0.662
0.451056
0.00329768
0.23506
0.662
0.662
0.45402
0.662
0.20998
0.104175
0.340334
0.662
0.022709
0.662
0.662
0.662
0.324743
0.662
0.0504114
0.432552
0.662
0.438573
0.0924273
0.107353
0.119271
0.24149
0.542504
0.662
0.662
0.662
0.216392
0.662
0.662
0.662
0.572192
0.251507
0.0499849
0.662
0.255252
0.662
0.662
0.662
0.662
0.662
0.662
0.662
0.303665
0.662
0.662
0.184064
0.30373
0.662
0.662
0.350797
0.662
0.662
0.310427
0.662
0.662
0.662
0.409801
0.662
0.662
0.662
0.662
0.662
0.184637
0.662
0.47339
