0.108985
0.662
0.662
0.662
0.329422
0.662
0.662
0.0957477
0.662
0.662
0.662
0.0120911
0.662
0.422482
0.308569
0.39071
0.153164
0.355374
0.0951188
0.093023
0.0155674
0.133236
0.120774
0.662
0.662
0.60447
0.196348
0.485694
0.662
0.399973
0.662
0.662
0.283152
0.121786
0.190942
0.397093
0.662
0.199909
0.300033
0.662
0.0197749
0.355396
0.662
0.662
0.662
0.185623
0.662
0.329037
0.662
0.662
0.152848
0.662
0.662
0.559046
0.662
0.662
0.550505
0.662
0.464429
0.662
0.311949
0.662
0.0868193
0.662
0.240051
0.446089
0.112401
0.662
0.264311
0.233997
0.455386
0.662
0.662
0.662
0.203497
0.620108
0.18586
0.662
0.114273
0.24096
0.320746
0.355028
0.662
0.132201
0.662
0.662
0.662
0.662
0.662
0.662
0.662
0.662
0.662
0.662
0.662
0.662
0.439305
0.662
0.662
0.258404
0.0359601
0.662
0.185671
0.322687
0.383683
0.473716
0.662
0.237358
0.662
0.0755969
0.662
0.443171
0.284346
0.662
0.662
0.39802
0.471852
0.156976
0.662
0.282742
0.340063
0.662
0.662
0.662
0.132903
0.662
0.662
0.662
0.556596
0.662
0.433738
0.267182
0.270377
0.662
0.288372
0.662
0.408158
0.662
0.202588
0.662
0.0354863
0.518354
0.662
0.662
0.662
0.203921
0.662
0.149672
0.370281
0.00869855
0.662
0.387109
0.662
0.283077
0.616144
0.662
0.0215103
0.306413
0.0154077
0.662
0.662
0.662
0.662
0.662
0.455288
0.245472
0.662
0.662
0.0783935
0.662
0.662
0.183782
0.662
0.464002
0.294767
0.662
0.662
0.221271
0.0931354
0.662
0.121719
0.662
0.662
0.662
0.020953
0.303131
0.662
0.208732
0.342435
0.218011
0.662
0.454947
0.662
0.449684
0.662
0.662
0.662
0.662
0.35318
0.662
0.450165
0.556179
0.387651
0.662
0.662
0.662
0.662
0.449077
0.257335
0.123256
0.230481
0.662
0.662
0.0121583
0.020365
0.010047
0.209565
0.662
0.199834
0.266528
0.662
0.662
0.27843
0.662
0.662
0.662
0.662
0.662
0.182667
0.0858096
0.3745
0.494945
0.209103
0.662
0.191928
0.0875039
0.0411016
0.138253
0.21263
0.0237285
0.662
0.662
0.662
0.662
0.424567
0.662
0.365991
0.264333
0.662
0.662
0.128385
0.662
0.662
0.662
0.662
0.662
0.136725
0.419401
0.323382
0.662
0.662
0.468651
0.358078
0.662
0.662
0.402904
0.662
0.073387
0.460627
0.662
0.662
0.301706
0.662
0.615567
0.341319
0.662
0.662
0.662
0.46156
0.662
0.0761407
0.662
0.662
0.662
0.373641
0.445466
0.190489
0.287506
0.662
0.0435028
0.662
0.662
0.662
0.662
0.662
0.522284
0.466668
0.361825
0.662
0.549041
0.662
0.651199
0.409748
0.228327
0.244407
0.662
0.662
0.367862
0.10807
0.210932
0.435951
0.241634
0.662
0.524626
0.073872
0.00108946
0.102157
0.662
0.662
0.190596
0.0948209
0.662
0.662
0.63043
0.662
0.281238
0.662
0.662
0.0986608
0.662
0.384375
0.00397748
0.0906409
0.268317
0.662
0.309952
0.0648934
0.321982
0.177118
0.662
0.0852461
0.51311
0.354537
0.662
0.662
0.4933
0.662
0.662
0.662
0.662
0.662
0.662
0.11368
0.662
0.662
0.662
0.531421
0.662
0.342513
0.145657
0.662
0.00764047
0.662
0.662
0.662
0.662
0.662
0.449111
0.243472
0.105096
0.367775
0.662
0.573269
0.662
0.662
0.662
0.662
0.33604
0.130888
0.662
0.0379467
0.662
0.662
0.451734
0.662
0.581651
0.662
0.662
0.0165616
0.184255
0.662
0.34951
0.662
0.469141
0.211376
0.577878
0.662
0.662
0.534941
0.662
0.138083
0.332987
0.662
0.0454084
0.255476
0.662
0.280777
0.662
0.662
0.662
0.290022
0.662
0.662
0.0240849
0.662
0.556005
0.400766
0.00369598
0.486974
0.662
0.662
0.211113
0.0193674
0.347211
0.208976
0.450149
0.662
0.662
0.662
0.00374037
0.116882
0.408414
0.662
0.320235
0.662
0.140729
0.662
0.233684
0.52688
0.0151046
0.662
0.346926
0.002892
0.662
0.262406
0.662
0.662
0.454129
0.458128
0.434398
0.273751
0.173771
0.662
0.662
0.662
0.662
0.662
0.150315
0.662
0.662
0.662
0.662
0.00830331
0.0142011
0.497509
0.270609
0.662
0.422472
0.662
0.662
0.662
0.662
0.439979
0.662
0.662
0.662
0.662
0.662
0.662
0.662
0.662
0.00956691
0.266791
0.662
0.662
0.662
0.662
0.662
0.662
0.157479
0.0726885
0.0826265
0.461374
0.47436
0.662
0.47099
0.246094
0.662
0.00535006
0.211555
0.662
0.662
0.037023
0.307613
0.356099
0.662
0.662
0.662
0.662
0.662
0.437295
0.662
0.427859
0.238397
0.662
0.662
0.662
0.161849
0.662
0.662
0.438631
0.433489
0.400462
0.662
0.662
0.662
0.662
0.353692
0.662
0.369307
0.662
0.662
0.410002
0.314134
0.441427
0.662
0.662
0.662
0.662
0.224249
0.457084
0.366732
0.662
0.409218
0.0756867
0.662
0.334401
0.662
0.662
0.662
0.662
0.662
0.255531
0.400564
0.662
0.0854227
0.662
0.662
0.33816
0.662
0.662
0.0722418
0.430028
0.274605
0.34232
0.662
0.460531
0.662
0.148576
0.662
0.662
0.432816
0.662
0.312953
0.662
0.662
0.428637
0.662
0.662
0.441153
0.662
0.662
0.608048
0.662
0.662
0.662
0.662
0.474868
0.662
0.160192
0.0263434
0.662
0.462212
0.330243
0.311972
0.249514
0.662
0.382402
0.662
0.310571
0.474278
0.662
0.662
0.662
0.662
0.341798
0.2547
0.178518
0.662
0.662
0.0770356
0.662
0.662
0.662
0.662
0.662
0.298856
0.0313228
0.662
0.662
0.611975
0.662
0.662
0.662
0.394381
0.556858
0.662
0.251029
0.662
0.662
0.044009
0.662
0.221273
0.517424
0.662
0.662
0.179756
0.289376
0.217931
0.0106203
0.662
0.662
0.662
0.0355143
0.662
0.662
0.308415
0.517417
0.235317
0.662
0.662
0.662
0.449413
0.662
0.662
0.662
0.363183
0.308123
0.662
0.472057
0.503038
0.662
0.439352
0.479789
0.662
0.408785
0.285284
0.662
0.159682
0.272296
0.191579
0.204677
0.662
0.662
0.662
0.369818
0.118292
0.662
0.404819
0.187533
0.662
0.337921
0.662
0.662
0.662
0.256878
0.662
0.662
0.662
0.662
0.454962
0.333855
