0.195868
0.662
0.662
0.211624
0.0760923
0.0346684
0.449681
0.662
0.662
0.662
0.454994
0.549533
0.442652
0.662
0.662
0.662
0.662
0.662
0.290951
0.662
0.296649
0.193545
0.662
0.209528
0.662
0.223517
0.0407317
0.27589
0.101958
0.254947
0.662
0.356021
0.105434
0.662
0.271312
0.662
0.662
0.469898
0.381293
0.662
0.662
0.662
0.662
0.662
0.19031
0.431892
0.662
0.395211
0.662
0.408789
0.310838
0.662
0.242775
0.662
0.662
0.098418
0.662
0.662
0.295439
0.662
0.468995
0.662
0.662
0.662
0.662
0.662
0.437318
0.662
0.662
0.662
0.132295
0.662
0.0819023
0.0900533
0.173368
0.662
0.249455
0.662
0.343055
0.0587263
0.227138
0.477628
0.662
0.277245
0.336777
0.662
0.662
0.243473
0.662
0.662
0.662
0.662
0.662
0.44831
0.199743
0.662
0.662
0.662
0.662
0.548279
0.662
0.133253
0.312796
0.375846
0.662
0.662
0.662
0.662
0.662
0.662
0.662
0.662
0.059674
0.662
0.152641
0.257791
0.0850924
0.662
0.151179
0.35113
0.662
0.299139
0.662
0.662
0.662
0.468326
0.662
0.662
0.662
0.513446
0.502411
0.662
0.662
0.662
0.662
0.178232
0.0735361
0.0957771
0.373989
0.662
0.662
0.499143
0.662
0.407768
0.662
0.662
0.381432
0.662
0.662
0.208461
0.662
0.662
0.138518
0.169312
0.662
0.662
0.662
0.662
0.42613
0.662
0.662
0.662
0.416601
0.433112
0.662
0.662
0.637824
0.289026
0.236242
0.549514
0.662
0.297259
0.0306346
0.662
0.423844
0.0189332
0.662
0.662
0.662
0.0944104
0.410076
0.594745
0.340309
0.477752
0.662
0.321482
0.662
0.307788
0.662
0.213358
0.662
0.153518
0.214868
0.257959
0.38914
0.662
0.662
0.662
0.0295936
0.112748
0.104175
0.407035
0.0608244
0.662
0.510665
0.272963
0.422696
0.662
0.152532
0.662
0.662
0.368066
0.456473
0.0789543
0.662
0.186026
0.662
0.662
0.662
0.662
0.443439
0.662
0.371701
0.40222
0.426646
0.416024
0.0588829
0.0776137
0.0869457
0.589083
0.44187
0.573907
0.662
0.662
0.662
0.662
0.51021
0.452174
0.404155
0.662
0.553031
0.662
0.662
0.271612
0.662
0.362893
0.662
0.257189
0.561114
0.0789844
0.662
0.662
0.662
0.662
0.453923
0.662
0.662
0.0546868
0.662
0.0598152
0.662
0.440595
0.662
0.662
0.662
0.441305
0.312178
0.453304
0.662
0.662
0.662
0.662
0.406092
0.662
0.645736
0.108543
0.662
0.662
0.662
0.662
0.18445
0.662
0.00727808
0.662
0.662
0.153285
0.662
0.662
0.445366
0.280777
0.662
0.132966
0.465406
0.662
0.256538
0.662
0.662
0.662
0.662
0.115255
0.355738
0.662
0.662
0.643682
0.662
0.143765
0.288843
0.463379
0.662
0.662
0.662
0.662
0.246706
0.662
0.662
0.662
0.426012
0.662
0.200389
0.662
0.662
0.363322
0.662
0.662
0.662
0.662
0.186421
0.662
0.347153
0.334817
0.662
0.463847
0.320883
0.662
0.662
0.53184
0.349249
0.434686
0.443851
0.662
0.314752
0.21376
0.0809786
0.662
0.662
0.662
0.662
0.662
0.0128307
0.083639
0.662
0.662
0.328872
0.440846
0.471402
0.254703
0.22528
0.662
0.446458
0.662
0.505424
0.215946
0.46339
0.103867
0.261353
0.662
0.590932
0.662
0.0621863
0.662
0.662
0.662
0.662
0.662
0.662
0.662
0.00708761
0.271367
0.662
0.0189983
0.0341519
0.662
0.384132
0.662
0.0950055
0.312566
0.0319526
0.244489
0.457239
0.662
0.0835742
0.425454
0.662
0.359742
0.662
0.416194
0.662
0.264518
0.662
0.662
0.398055
0.662
0.662
0.662
0.39742
0.455901
0.662
0.426044
0.413476
0.662
0.0241868
0.214344
0.400655
0.219266
0.296088
0.662
0.625729
0.662
0.662
0.662
0.662
0.497641
0.398681
0.425897
0.0380659
0.0718139
0.662
0.662
0.00981978
0.59057
0.420792
0.0128783
0.662
0.662
0.0104998
0.662
0.662
0.662
0.463848
0.662
0.0756826
0.662
0.453369
0.134545
0.662
0.662
0.662
0.411933
0.662
0.662
0.106695
0.662
0.133711
0.0947255
0.377712
0.662
0.0552126
0.662
0.662
0.613773
0.271333
0.515618
0.662
0.0924582
0.662
0.453019
0.662
0.149383
0.662
0.662
0.127279
0.662
0.189247
0.662
0.0921815
0.662
0.260843
0.419629
0.255773
0.662
0.367163
0.662
0.241139
0.662
0.207519
0.662
0.358512
0.0543603
0.295963
0.22565
0.662
0.662
0.662
0.340834
0.662
0.541956
0.662
0.662
0.457194
0.118972
0.359924
0.662
0.329986
0.338488
0.662
0.662
0.537582
0.34155
0.662
0.0660313
0.311617
0.662
0.107584
0.107696
0.440409
0.662
0.0419195
0.243456
0.0269241
0.306558
0.662
0.662
0.45429
0.662
0.187362
0.471824
0.662
0.374023
0.662
0.236349
0.444941
0.662
0.662
0.251714
0.439773
0.662
0.191525
0.151071
0.346802
0.130581
0.436829
0.526037
0.662
0.662
0.112977
0.0312326
0.574416
0.662
0.0698228
0.265393
0.662
0.662
0.662
0.148501
0.22293
0.662
0.0881055
0.662
0.464951
0.14815
0.662
0.117153
0.0634776
0.209385
0.481577
0.662
0.662
0.662
0.662
0.662
0.00512676
0.662
0.662
0.627211
0.662
0.0860346
0.133619
0.662
0.662
0.412931
0.662
0.662
0.190008
0.112047
0.662
0.0323892
0.51084
0.662
0.414591
0.662
0.462146
0.532389
0.662
0.662
0.662
0.205811
0.303494
0.662
0.277089
0.662
0.662
0.176793
0.662
