0.0372166
0.662
0.252623
0.662
0.0852785
0.409492
0.0631514
0.662
0.473779
0.208402
0.662
0.662
0.662
0.662
0.662
0.0813382
0.662
0.392898
0.222081
0.662
0.662
0.662
0.485425
0.373417
0.117507
0.270297
0.662
0.662
0.662
0.662
0.662
0.307115
0.346302
0.313265
0.384936
0.329614
0.390218
0.662
0.141784
0.386378
0.662
0.205888
0.0970273
0.641174
0.0548944
0.662
0.662
0.250426
0.662
0.662
0.662
0.662
0.365625
0.0215977
0.662
0.662
0.255205
0.387112
0.662
0.13144
0.662
0.662
0.0801683
0.662
0.662
0.662
0.63049
0.662
0.222554
0.662
0.662
0.662
0.662
0.237148
0.0780721
0.662
0.662
0.207678
0.662
0.213018
0.34268
0.662
0.390076
0.240227
0.20335
0.662
0.662
0.480771
0.137741
0.662
0.175705
0.662
0.464623
0.202869
0.662
0.662
0.451768
0.662
0.662
0.662
0.178007
0.384025
0.662
0.402168
0.273207
0.403384
0.662
0.662
0.463187
0.662
0.662
0.662
0.662
0.329361
0.22705
0.0752523
0.342961
0.662
0.216366
0.103038
0.662
0.662
0.0824245
0.308247
0.662
0.466483
0.662
0.403365
0.179545
0.662
0.662
0.662
0.662
0.662
0.662
0.662
0.198838
0.194352
0.175081
0.587297
0.222663
0.662
0.054288
0.662
0.268417
0.342258
0.662
0.198621
0.662
0.101236
0.385569
0.151836
0.253698
0.662
0.662
0.662
0.401608
0.662
0.662
0.662
0.0356
0.24684
0.662
0.662
0.426572
0.662
0.662
0.662
0.662
0.166984
0.149882
0.367989
0.662
0.00224871
0.018042
0.314821
0.662
0.137743
0.662
0.662
0.662
0.15703
0.361832
0.411486
0.282582
0.105586
0.0798769
0.0437169
0.12663
0.662
0.662
0.662
0.662
0.264179
0.662
0.578395
0.154288
0.662
0.662
0.662
0.407198
0.019173
0.483866
0.662
0.662
0.347852
0.166662
0.126038
0.314958
0.315072
0.662
0.662
0.662
0.662
0.662
0.662
0.224952
0.662
0.662
0.662
0.457063
0.662
0.21871
0.178031
0.662
0.46297
0.662
0.104461
0.0623355
0.12092
0.662
0.462221
0.34732
0.00517139
0.662
0.662
0.370827
0.319231
0.204381
0.662
0.467213
0.0735276
0.662
0.52307
0.43319
0.662
0.324275
0.662
0.662
0.662
0.662
0.662
0.0833345
0.662
0.662
0.662
0.177278
0.662
0.0100417
0.0671757
0.329903
0.662
0.662
0.0194129
0.662
0.506336
0.662
0.662
0.0184146
0.25503
0.102401
0.662
0.662
0.662
0.662
0.014739
0.662
0.662
0.226969
0.205075
0.20965
0.662
0.0687897
0.420887
0.662
0.662
0.662
0.322009
0.662
0.662
0.662
0.370234
0.662
0.662
0.372322
0.662
0.662
0.662
0.174576
0.662
0.282645
0.662
0.662
0.484068
0.209167
0.662
0.295973
0.662
0.336379
0.0398615
0.241627
0.326495
0.125283
0.662
0.662
0.662
0.662
0.662
0.425192
0.111586
0.426377
0.219123
0.473552
0.662
0.169838
0.662
0.662
0.662
0.662
0.117976
0.0778784
0.181918
0.662
0.474716
0.209992
0.0170148
0.662
0.662
0.322692
0.662
0.662
0.439357
0.662
0.44345
0.662
0.474444
0.662
0.662
0.662
0.40677
0.662
0.180628
0.244229
0.21502
0.662
0.662
0.662
0.662
0.662
0.17
0.662
0.662
0.140365
0.662
0.314475
0.662
0.662
0.388761
0.662
0.452281
0.460737
0.662
0.662
0.317454
0.09817
0.662
0.662
0.662
0.405496
0.139467
0.662
0.662
0.19145
0.662
0.662
0.662
0.412527
0.0108838
0.662
0.662
0.185693
0.257454
0.662
0.437008
0.662
0.662
0.41337
0.644732
0.187203
0.527881
0.302158
0.662
0.179261
0.0374293
0.662
0.499811
0.396686
0.662
0.376118
0.662
0.418679
0.662
0.257136
0.148241
0.365671
0.662
0.425998
0.662
0.243529
0.241146
0.662
0.662
0.662
0.662
0.500959
0.438259
0.348688
0.295817
0.148964
0.662
0.662
0.662
0.662
0.662
0.662
0.301584
0.662
0.662
0.238911
0.231159
0.662
0.662
0.662
0.662
0.662
0.662
0.146084
0.159706
0.0591783
0.662
0.406794
0.611934
0.662
0.662
0.662
0.284418
0.662
0.332622
0.115838
0.662
0.662
0.662
0.195256
0.252472
0.662
0.15038
0.25264
0.662
0.197519
0.662
0.291332
0.412084
0.289403
0.213037
0.662
0.357401
0.662
0.662
0.662
0.44067
0.662
0.191907
0.662
0.662
0.662
0.115479
0.662
0.662
0.340667
0.278724
0.662
0.585021
0.662
0.448804
0.371782
0.662
0.152802
0.196217
0.24566
0.662
0.662
0.662
0.662
0.578904
0.155866
0.662
0.417466
0.432955
0.0220421
0.662
0.662
0.662
0.201056
0.662
0.169553
0.662
0.428926
0.662
0.402109
0.662
0.233416
0.328189
0.199872
0.247694
0.342505
0.241298
0.325094
0.335102
0.0177635
0.0664217
0.662
0.662
0.662
0.463772
0.36344
0.239416
0.0861917
0.662
0.404676
0.069195
0.0771053
0.662
0.662
0.662
0.662
0.0136885
0.197975
0.662
0.37454
0.0171211
0.519079
0.662
0.662
0.662
0.662
0.662
0.22397
0.662
0.662
0.273425
0.111129
0.662
0.0912128
0.662
0.0931764
0.472682
0.383219
0.47144
0.662
0.430718
0.0729373
0.315827
0.662
0.450153
0.662
0.226174
0.457488
0.662
0.0351038
0.0352929
0.662
0.0379997
0.662
0.662
0.662
0.164266
0.662
0.662
0.253255
0.662
0.662
0.662
0.433865
0.422282
0.662
0.267674
0.0433003
0.128505
0.0211524
0.120399
0.662
0.152893
0.165847
0.662
0.425954
0.662
0.463858
0.360626
0.662
0.387391
0.662
0.161395
0.662
0.32973
0.662
0.310845
0.662
0.662
0.662
0.273748
0.662
0.218964
0.217671
0.662
0.00558804
0.662
0.161061
0.662
0.333486
0.662
0.662
0.662
0.0196577
0.662
0.450706
0.662
0.662
0.662
0.662
0.662
0.662
0.662
0.662
0.662
0.662
0.323466
0.435479
0.662
0.662
0.260912
0.454559
0.245651
