0.0776137
0.35113
0.433235
0.0461101
0.589083
0.457239
0.0718139
0.662
0.613773
0.0809786
0.410194
0.662
0.662
0.0756826
0.662
0.662
0.662
0.164277
0.49314
0.0621863
0.573907
0.662
0.356021
0.662
0.662
0.440063
0.0698228
0.34155
0.662
0.382643
0.662
0.662
0.662
0.662
0.662
0.154128
0.115455
0.387466
0.358512
0.662
0.101958
0.0437961
0.189565
0.662
0.453923
0.662
0.662
0.249455
0.00727808
0.198342
0.662
0.662
0.295963
0.662
0.662
0.321482
0.115255
0.0608244
0.662
0.662
0.662
0.662
0.662
0.662
0.662
0.215946
0.662
0.662
0.662
0.662
0.471147
0.662
0.662
0.378005
0.662
0.433112
0.260843
0.662
0.662
0.662
0.662
0.662
0.662
0.662
0.15353
0.662
0.320883
0.662
0.0059972
0.261353
0.217386
0.166185
0.662
0.464259
0.662
0.662
0.133349
0.662
0.662
0.136609
0.453369
0.662
0.22528
0.291919
0.409284
0.0587263
0.212162
0.430687
0.359924
0.477628
0.662
0.662
0.285365
0.261847
0.662
0.633391
0.407768
0.389467
0.662
0.662
0.445366
0.662
0.426012
0.133711
0.662
0.200389
0.214868
0.662
0.662
0.662
0.662
0.662
0.258815
0.110894
0.173368
0.662
0.662
0.0957771
0.216138
0.662
0.662
0.408789
0.662
0.0760923
0.209668
0.0848464
0.453304
0.269211
0.662
0.662
0.662
0.176038
0.662
0.523764
0.422987
0.662
0.426646
0.662
0.662
0.449681
0.662
0.662
0.227138
0.662
0.0656456
0.189247
0.320396
0.662
0.0598152
0.643682
0.347153
0.662
0.0341519
0.662
0.662
0.662
0.662
0.662
0.662
0.662
0.244689
0.662
0.0516264
0.662
0.662
0.310838
0.662
0.662
0.0819023
0.662
0.662
0.444941
0.662
0.662
0.662
0.662
0.456473
0.662
0.662
0.662
0.662
0.559586
0.190008
0.187444
0.662
0.662
0.662
0.082769
0.407035
0.662
0.662
0.0407317
0.662
0.662
0.277143
0.0636337
0.662
0.486613
0.662
0.662
0.151071
0.662
0.662
0.302534
0.083639
0.264518
0.525564
0.662
0.662
0.253241
0.132295
0.309332
0.133295
0.662
0.0947255
0.0709473
0.3795
0.662
0.21376
0.00887649
0.662
0.243473
0.662
0.662
0.662
0.662
0.362339
0.61292
0.0575395
0.662
0.359374
0.662
0.447506
0.662
0.505424
0.0419195
0.114103
0.293244
0.277245
0.662
0.440595
0.662
0.662
0.662
0.662
0.461993
0.107584
0.271367
0.662
0.390278
0.199961
0.0306346
0.662
0.0948897
0.662
0.662
0.662
0.662
0.662
0.24397
0.440846
0.107696
0.662
0.149383
0.423844
0.439773
0.204015
0.46883
0.662
0.662
0.133619
0.662
0.662
0.43833
0.471699
0.253838
0.367443
0.312796
0.662
0.464162
0.662
0.542317
0.458113
0.156014
0.662
0.477679
0.108543
0.322391
0.662
0.662
0.662
0.662
0.315268
0.193572
0.236349
0.290951
0.181521
0.299863
0.134545
0.662
0.311209
0.497641
0.662
0.662
0.662
0.662
0.343547
0.422406
0.662
0.662
0.00512676
0.662
0.662
0.662
0.662
0.325246
0.154267
0.277872
0.662
0.662
0.662
0.126697
0.194053
0.127279
0.662
0.662
0.662
0.662
0.662
0.662
0.416716
0.662
0.662
0.662
0.307788
0.662
0.375846
0.430117
0.662
0.211624
0.662
0.353295
0.662
0.167209
0.662
0.0628681
0.440409
0.662
0.662
0.218253
0.662
0.379999
0.39943
0.662
0.662
0.662
0.662
0.479204
0.662
0.662
0.662
0.662
0.662
0.18445
0.166854
0.186566
0.662
0.112748
0.334817
0.169312
0.637824
0.662
0.480184
0.662
0.662
0.6607
0.662
0.465406
0.311617
0.214694
0.662
0.662
0.662
0.662
0.141664
0.0900533
0.199078
0.251714
0.468995
0.14314
0.662
0.0598317
0.437113
0.662
0.106695
0.574416
0.662
0.662
0.223707
0.30967
0.295439
0.367163
0.662
0.272963
0.363322
0.557863
0.662
0.186026
0.662
0.662
0.334988
0.662
0.662
0.257634
0.26299
0.662
0.231458
0.662
0.662
0.17298
0.662
0.662
0.662
0.457724
0.662
0.192654
0.662
0.434686
0.153285
0.0380659
0.442641
0.662
0.281974
0.662
0.40248
0.11102
0.662
0.14815
0.0295936
0.662
0.0850924
0.662
0.662
0.662
0.253139
0.662
0.662
0.662
0.662
0.662
0.521652
0.662
0.662
0.534945
0.443439
0.138518
0.662
0.662
0.33582
0.662
0.254947
0.57345
0.662
0.662
0.349249
0.662
0.662
0.662
0.0869457
0.103867
0.355738
0.662
0.662
0.662
0.0387022
0.546942
0.662
0.662
0.662
0.118972
0.662
0.478253
0.662
0.662
0.662
0.662
0.662
0.662
0.144461
0.662
0.662
0.0171034
0.0811354
0.662
0.0634776
0.662
0.464951
0.461874
0.0904609
0.0944104
0.662
0.662
0.435622
0.136157
0.381466
0.662
0.448136
0.662
0.662
0.185525
0.473951
0.662
0.0128783
0.191525
0.485564
0.662
0.442652
0.537582
0.662
0.314752
0.0789844
0.280777
0.662
0.662
0.338488
0.471632
0.149051
0.131897
0.198608
0.662
0.662
0.662
0.662
0.257189
0.219266
0.249481
0.420792
0.168447
0.0189332
0.662
0.439272
0.662
0.662
0.384132
0.662
0.0924582
0.0319526
0.351118
0.209385
0.662
0.662
0.0241868
0.662
0.662
0.0216716
0.662
0.104049
0.662
0.662
0.662
0.0908674
0.563724
0.662
0.662
0.21645
0.662
0.120886
0.662
0.271612
0.662
0.187304
0.371701
0.662
0.211247
0.662
0.098418
0.213358
0.662
0.0296767
0.662
0.662
0.662
0.479382
0.107488
0.296088
0.166057
0.662
0.662
0.329986
0.255339
0.662
