0.275622
0.479231
0.443683
0.662
0.662
0.113739
0.320556
0.662
0.442942
0.376512
0.0360397
0.662
0.19056
0.352236
0.662
0.199786
0.662
0.0764952
0.306795
0.237304
0.233291
0.662
0.0171211
0.229117
0.450442
0.662
0.662
0.662
0.662
0.662
0.509473
0.662
0.662
0.378904
0.45454
0.662
0.263922
0.662
0.32467
0.662
0.560962
0.662
0.662
0.662
0.460927
0.5233
0.459816
0.169553
0.662
0.151234
0.370234
0.662
0.662
0.662
0.0298759
0.662
0.0648158
0.662
0.225937
0.596667
0.662
0.311949
0.662
0.662
0.662
0.275897
0.662
0.448046
0.298399
0.662
0.25503
0.351478
0.581973
0.662
0.63049
0.662
0.10124
0.294325
0.441379
0.662
0.662
0.301683
0.662
0.338345
0.662
0.662
0.662
0.662
0.662
0.662
0.52165
0.387199
0.323102
0.423889
0.662
0.662
0.40936
0.0513726
0.325621
0.349646
0.141784
0.0382263
0.662
0.21871
0.662
0.662
0.662
0.385808
0.111673
0.662
0.662
0.662
0.662
0.0664017
0.576952
0.373239
0.310845
0.662
0.400449
0.662
0.263788
0.662
0.36542
0.324224
0.150832
0.662
0.241376
0.662
0.219274
0.476231
0.662
0.33857
0.662
0.662
0.466159
0.430253
0.662
0.662
0.0890195
0.231422
0.473888
0.662
0.330757
0.14804
0.187379
0.203336
0.662
0.319231
0.662
0.662
0.0654102
0.662
0.438102
0.662
0.222081
0.457798
0.456925
0.443069
0.62897
0.662
0.0912128
0.119136
0.414874
0.662
0.662
0.662
0.0718602
0.662
0.139367
0.662
0.662
0.420887
0.340315
0.662
0.662
0.494338
0.519079
0.662
0.233429
0.314364
0.662
0.662
0.662
0.662
0.662
0.179261
0.191907
0.426811
0.518264
0.662
0.662
0.662
0.662
0.662
0.410531
0.662
0.662
0.519735
0.346302
0.493421
0.662
0.185352
0.472649
0.319714
0.662
0.611934
0.662
0.662
0.623713
0.329852
0.494389
0.662
0.568783
0.108623
0.396267
0.0177635
0.154455
0.415522
0.400609
0.662
0.662
0.662
0.384936
0.662
0.100877
0.662
0.662
0.240227
0.133543
0.662
0.662
0.662
0.662
0.0147412
0.662
0.662
0.662
0.295817
0.662
0.230037
0.359043
0.662
0.662
0.450719
0.662
0.195917
0.471745
0.399873
0.662
0.353692
0.662
0.254996
0.662
0.112419
0.662
0.26497
0.662
0.662
0.431323
0.662
0.662
0.662
0.662
0.503364
0.460737
0.299094
0.426516
0.662
0.662
0.342961
0.397064
0.662
0.662
0.662
0.662
0.0489615
0.662
0.239416
0.200876
0.662
0.239218
0.464481
0.662
0.662
0.662
0.662
0.662
0.662
0.12696
0.299374
0.327981
0.509249
0.493905
0.662
0.0261263
0.662
0.425954
0.21332
0.346573
0.212574
0.662
0.292705
0.662
0.662
0.10717
0.276292
0.431286
0.662
0.09463
0.325673
0.662
0.662
0.662
0.662
0.662
0.241627
0.236321
0.396399
0.662
0.662
0.150689
0.0175804
0.662
0.19098
0.107878
0.305392
0.205888
0.250426
0.662
0.456088
0.662
0.365191
0.662
0.662
0.0134517
0.662
0.662
0.472519
0.662
0.662
0.335774
0.166662
0.229118
0.662
0.295634
0.00247832
0.44345
0.311265
0.405018
0.662
0.662
0.662
0.324275
0.662
0.315869
0.662
0.662
0.312956
0.662
0.662
0.662
0.0540038
0.131991
0.303469
0.662
0.41074
0.662
0.388889
0.662
0.662
0.146557
0.662
0.445795
0.662
0.257136
0.662
0.662
0.662
0.226969
0.440546
0.662
0.662
0.662
0.49972
0.474716
0.662
0.256951
0.512193
0.187433
0.662
0.412527
0.662
0.662
0.662
0.662
0.452008
0.361848
0.306698
0.662
0.662
0.662
0.662
0.662
0.662
0.0352929
0.290264
0.633391
0.247696
0.662
0.662
0.662
0.0211524
0.662
0.662
0.159026
0.662
0.333187
0.228038
0.662
0.662
0.385914
0.662
0.662
0.662
0.518362
0.419568
0.662
0.202257
0.662
0.234025
0.662
0.662
0.0818061
0.662
0.486835
0.662
0.662
0.662
0.263238
0.60974
0.259832
0.251148
0.662
0.662
0.662
0.611122
0.00781641
0.0324146
0.0877666
0.662
0.281307
0.367258
0.662
0.662
0.662
0.662
0.350747
0.662
0.227113
0.662
0.466554
0.662
0.407198
0.662
0.662
0.240828
0.662
0.596895
0.143295
0.232828
0.662
0.202237
0.270297
0.662
0.0706733
0.662
0.422211
0.662
0.260399
0.662
0.327247
0.213119
0.662
0.115583
0.155866
0.662
0.407686
0.662
0.662
0.662
0.294134
0.270328
0.662
0.662
0.662
0.562283
0.113375
0.340896
0.065142
0.662
0.662
0.271017
0.662
0.582054
0.662
0.662
0.662
0.662
0.662
0.0561952
0.441743
0.662
0.662
0.662
0.321875
0.451275
0.192155
0.250438
0.131741
0.662
0.221774
0.0146925
0.662
0.499834
0.662
0.397434
0.469788
0.0245813
0.662
0.108221
0.662
0.111781
0.249063
0.662
0.412662
0.122943
0.662
0.293008
0.662
0.662
0.409131
0.314169
0.473761
0.662
0.662
0.662
0.662
0.662
0.263911
0.662
0.275549
0.662
0.381527
0.640213
0.316772
0.662
0.46297
0.15038
0.662
0.662
0.145203
0.416284
0.215805
0.662
0.390076
0.232419
0.495621
0.524256
0.250369
0.268143
0.662
0.411755
0.662
0.662
0.662
0.662
0.662
0.662
0.662
0.662
0.353898
0.662
0.662
0.337247
0.662
0.662
0.394164
0.662
0.320912
0.662
0.330537
0.183328
0.425919
0.358202
0.292312
0.448162
0.0190244
0.437032
0.0922982
0.127211
0.0836052
0.395856
0.217426
0.662
0.662
0.1754
0.662
0.0411805
0.443518
0.533213
0.662
0.662
0.26732
0.662
0.662
0.662
0.334094
0.336857
0.662
0.662
0.662
0.662
0.209215
0.662
0.44383
0.41337
0.662
0.662
0.12543
0.181796
0.135425
0.662
0.216065
0.450153
0.662
0.662
0.662
0.560192
0.662
0.662
0.662
0.662
0.662
0.662
0.0437169
0.662
0.31692
0.662
0.662
0.135159
0.63339
0.662
0.662
0.662
0.233416
0.0975873
0.662
0.662
0.432346
0.452281
0.662
0.662
0.662
0.662
0.662
0.196844
0.662
0.0149034
0.00225509
0.342708
0.12122
0.662
0.255849
0.441041
0.662
0.288196
0.662
0.662
0.662
0.274011
0.158033
0.334121
0.662
0.168127
