0.662
0.662
0.192018
0.00795714
0.662
0.422492
0.662
0.450164
0.235857
0.265784
0.0362523
0.662
0.662
0.127353
0.662
0.263265
0.0246221
0.373596
0.662
0.218975
0.266015
0.662
0.446064
0.662
0.662
0.662
0.208083
0.662
0.0848594
0.662
0.227875
0.662
0.244205
0.476912
0.662
0.662
0.176819
0.662
0.421185
0.662
0.662
0.080434
0.662
0.0808017
0.252451
0.119237
0.576819
0.173661
0.662
0.662
0.662
0.425757
0.662
0.662
0.399985
0.662
0.447026
0.662
0.662
0.662
0.662
0.476839
0.0820631
0.662
0.662
0.662
0.662
0.662
0.662
0.662
0.662
0.662
0.662
0.662
0.48386
0.662
0.662
0.148892
0.662
0.228472
0.052721
0.461456
0.662
0.0805285
0.231823
0.461288
0.204741
0.662
0.125516
0.43726
0.662
0.662
0.662
0.111143
0.0679683
0.662
0.662
0.0989887
0.361314
0.662
0.662
0.240029
0.662
0.0584601
0.280329
0.0325494
0.662
0.662
0.498477
0.662
0.4002
0.662
0.327437
0.662
0.662
0.662
0.662
0.198013
0.469438
0.662
0.662
0.662
0.662
0.301004
0.662
0.662
0.662
0.662
0.662
0.397828
0.662
0.200618
0.662
0.662
0.0285254
0.468543
0.300185
0.437251
0.514317
0.662
0.221559
0.0395343
0.00449852
0.293046
0.0592876
0.192462
0.662
0.319409
0.0276014
0.231413
0.31904
0.662
0.567977
0.033995
0.662
0.662
0.416832
0.35956
0.662
0.662
0.662
0.662
0.256402
0.662
0.662
0.309092
0.192933
0.315584
0.662
0.662
0.662
0.662
0.662
0.262343
0.23906
0.662
0.662
0.269841
0.662
0.228735
0.37941
0.662
0.662
0.416497
0.662
0.662
0.392142
0.662
0.20335
0.152331
0.313766
0.148569
0.662
0.176208
0.154114
0.311136
0.363152
0.662
0.384079
0.0279029
0.662
0.238978
0.662
0.662
0.27544
0.662
0.205657
0.662
0.662
0.662
0.662
0.662
0.662
0.662
0.585418
0.662
0.662
0.511541
0.662
0.662
0.662
0.562395
0.662
0.0924411
0.662
0.278017
0.429285
0.187756
0.387401
0.00471653
0.662
0.437338
0.662
0.662
0.662
0.411867
0.296287
0.662
0.662
0.567077
0.104555
0.662
0.662
0.211373
0.120274
0.662
0.141566
0.662
0.662
0.662
0.662
0.662
0.155625
0.662
0.353728
0.662
0.662
0.204865
0.027924
0.415286
0.662
0.318254
0.407909
0.662
0.34979
0.662
0.162758
0.662
0.662
0.200392
0.467048
0.662
0.662
0.662
0.662
0.662
0.268059
0.662
0.662
0.662
0.662
0.282634
0.662
0.662
0.207576
0.390483
0.0617807
0.30179
0.285024
0.662
0.135385
0.091681
0.662
0.113084
0.662
0.662
0.662
0.662
0.308591
0.0653263
0.431544
0.201304
0.234378
0.662
0.53752
0.331717
0.337136
0.662
0.274001
0.662
0.0302308
0.060239
0.662
0.39269
0.662
0.36174
0.662
0.240951
0.0671877
0.662
0.662
0.662
0.467146
0.662
0.662
0.419862
0.344909
0.113386
0.180678
0.493806
0.662
0.0854951
0.187845
0.662
0.662
0.662
0.0704383
0.662
0.662
0.44343
0.108412
0.143932
0.662
0.662
0.662
0.216896
0.662
0.226429
0.662
0.662
0.662
0.467251
0.270357
0.616018
0.0603683
0.662
0.471754
0.662
0.662
0.174015
0.370026
0.422476
0.333841
0.356084
0.164245
0.662
0.662
0.662
0.662
0.270332
0.178988
0.662
0.662
0.662
0.125399
0.662
0.662
0.179369
0.319944
0.243126
0.656584
0.407171
0.662
0.228935
0.662
0.439677
0.662
0.485105
0.312881
0.326407
0.662
0.662
0.662
0.662
0.662
0.330296
0.154663
0.662
0.662
0.240456
0.662
0.245038
0.662
0.662
0.38423
0.245085
0.662
0.662
0.43741
0.662
0.146121
0.408126
0.662
0.662
0.391438
0.230172
0.630856
0.662
0.662
0.301065
0.175181
0.662
0.591233
0.662
0.662
0.662
0.266314
0.662
0.163849
0.662
0.306895
0.662
0.164174
0.390009
0.155045
0.662
0.372435
0.530171
0.662
0.662
0.185863
0.662
0.662
0.420602
0.659633
0.662
0.413423
0.375437
0.639445
0.254517
0.662
0.459458
0.120078
0.662
0.62116
0.494183
0.662
0.662
0.167934
0.422961
0.489398
0.285402
0.662
0.444028
0.151395
0.662
0.16014
0.662
0.506622
0.662
0.662
0.158947
0.662
0.450063
0.374737
0.662
0.177271
0.662
0.662
0.440103
0.332656
0.176085
0.140897
0.662
0.662
0.2364
0.662
0.25407
0.662
0.460361
0.0351547
0.338798
0.662
0.45072
0.263564
0.662
0.325143
0.662
0.354634
0.662
0.226029
0.662
0.662
0.662
0.662
0.0823428
0.662
0.662
0.662
0.662
0.209839
0.149202
0.660038
0.391456
0.237677
0.662
0.539801
0.662
0.662
0.662
0.457018
0.192441
0.628667
0.662
0.662
0.477991
0.0435433
0.662
0.12756
0.662
0.662
0.662
0.662
0.129387
0.662
0.662
0.449901
0.662
0.2652
0.176238
0.662
0.0472349
0.471718
0.662
0.662
0.0238595
0.662
0.662
0.134997
0.450575
0.662
0.123181
0.264344
0.43279
0.662
0.264206
0.662
0.662
0.662
0.662
0.474727
0.031758
0.662
0.662
0.662
0.662
0.460779
0.205298
0.214724
0.146039
0.175206
0.662
0.662
0.141289
0.662
0.662
0.662
0.410656
0.662
0.312422
0.475953
0.534934
0.662
0.301262
0.188522
0.203266
0.662
0.239246
0.662
0.153881
0.123306
0.148906
0.65245
0.662
0.662
0.662
0.296487
0.28172
0.329023
0.125306
0.662
0.445428
0.662
0.662
0.662
0.662
0.662
0.662
0.46069
0.397203
0.662
0.200799
0.662
0.662
0.662
0.662
0.662
0.375755
0.662
0.0363942
0.662
0.662
0.662
0.662
0.475202
0.662
0.662
0.662
0.0791267
0.662
0.05044
0.426623
0.662
0.0350697
0.212048
0.452945
0.662
0.662
0.662
0.662
0.662
0.436536
0.662
0.18622
0.240653
0.662
0.299203
0.348639
0.557445
0.662
0.165648
0.401346
0.174785
0.662
0.629497
0.248026
0.662
0.194225
0.662
0.484899
0.398062
0.30847
0.381198
0.662
0.662
0.662
0.125232
0.44023
0.662
0.22793
0.406135
0.662
0.662
0.662
0.662
0.662
0.662
0.662
0.662
0.371311
0.260301
0.223023
0.0174315
0.105548
0.662
0.357202
0.37227
0.0819014
0.662
0.0265956
0.419337
0.0165624
0.662
0.412273
0.34395
0.662
0.662
0.27196
0.355707
0.662
0.662
