0.662
0.294656
0.662
0.662
0.662
0.662
0.662
0.0241868
0.257189
0.662
0.257044
0.451545
0.662
0.662
0.662
0.611998
0.662
0.091694
0.662
0.303494
0.662
0.662
0.662
0.249952
0.662
0.153669
0.662
0.526393
0.662
0.662
0.360815
0.471806
0.662
0.662
0.513338
0.113721
0.0921815
0.662
0.662
0.662
0.11885
0.662
0.662
0.27496
0.412248
0.662
0.662
0.242445
0.306132
0.319369
0.662
0.662
0.509058
0.58654
0.662
0.662
0.662
0.662
0.338048
0.341954
0.223517
0.282001
0.662
0.662
0.662
0.0411705
0.382806
0.0802701
0.662
0.43008
0.349822
0.289972
0.662
0.484886
0.662
0.662
0.27583
0.313948
0.662
0.474558
0.662
0.662
0.662
0.422696
0.320815
0.510033
0.662
0.662
0.662
0.662
0.120827
0.662
0.662
0.662
0.662
0.662
0.283882
0.300935
0.662
0.662
0.122329
0.477225
0.209385
0.151355
0.375608
0.662
0.662
0.662
0.271333
0.662
0.662
0.662
0.662
0.00495493
0.662
0.401899
0.662
0.662
0.375915
0.454761
0.154045
0.662
0.662
0.662
0.662
0.160533
0.662
0.662
0.0462746
0.0306346
0.662
0.227225
0.0677878
0.662
0.662
0.553031
0.0632586
0.662
0.561765
0.662
0.662
0.662
0.446394
0.662
0.186984
0.472157
0.0212129
0.662
0.662
0.257676
0.454887
0.22287
0.662
0.662
0.0272907
0.0240875
0.524952
0.662
0.262873
0.662
0.662
0.662
0.662
0.551572
0.662
0.662
0.214788
0.334101
0.530083
0.662
0.44187
0.0995178
0.662
0.662
0.662
0.474518
0.662
0.662
0.315364
0.662
0.662
0.662
0.0789543
0.662
0.662
0.525479
0.662
0.0505931
0.431736
0.313433
0.662
0.2466
0.662
0.281612
0.662
0.395947
0.662
0.242914
0.662
0.662
0.0632201
0.122269
0.662
0.288929
0.532389
0.172262
0.662
0.662
0.662
0.662
0.662
0.112047
0.479306
0.195601
0.662
0.310677
0.464856
0.662
0.662
0.198833
0.662
0.157297
0.662
0.662
0.662
0.662
0.662
0.350867
0.195868
0.662
0.424311
0.194238
0.662
0.662
0.662
0.430828
0.463847
0.308366
0.662
0.427946
0.175902
0.236546
0.662
0.346732
0.336777
0.662
0.662
0.461263
0.0421931
0.577039
0.196216
0.587045
0.110531
0.165358
0.662
0.522311
0.160633
0.662
0.403029
0.205527
0.486844
0.662
0.148065
0.662
0.0141907
0.580414
0.415158
0.662
0.662
0.662
0.662
0.139445
0.662
0.543111
0.662
0.662
0.662
0.662
0.662
0.333709
0.309938
0.662
0.0912231
0.0110773
0.662
0.662
0.662
0.297159
0.662
0.662
0.662
0.662
0.662
0.466451
0.397943
0.105434
0.662
0.482643
0.0162017
0.23032
0.221538
0.662
0.561114
0.104175
0.662
0.0810561
0.662
0.662
0.271312
0.28213
0.404304
0.662
0.662
0.662
0.295362
0.662
0.662
0.662
0.340309
0.662
0.401861
0.430977
0.662
0.662
0.615508
0.241139
0.367598
0.662
0.662
0.153518
0.662
0.0197624
0.662
0.662
0.295963
0.662
0.662
0.662
0.662
0.196734
0.0543603
0.132911
0.662
0.662
0.292911
0.258565
0.662
0.662
0.225014
0.22293
0.0602132
0.458105
0.128945
0.159523
0.662
0.662
0.0254137
0.662
0.0747794
0.662
0.0947255
0.662
0.662
0.662
0.662
0.31982
0.422794
0.662
0.662
0.460101
0.662
0.662
0.0635218
0.327282
0.149718
0.662
0.270403
0.662
0.0272968
0.20283
0.662
0.662
0.408759
0.662
0.662
0.662
0.212953
0.662
0.662
0.662
0.662
0.662
0.662
0.193545
0.350347
0.662
0.453304
0.662
0.662
0.30616
0.662
0.47339
0.662
0.662
0.662
0.243852
0.662
0.662
0.662
0.662
0.662
0.662
0.662
0.662
0.662
0.662
0.662
0.197488
0.0250717
0.662
0.0623398
0.375846
0.0187343
0.440016
0.662
0.324866
0.0889987
0.471824
0.662
0.662
0.0284867
0.662
0.662
0.662
0.662
0.662
0.569636
0.110894
0.662
0.0034634
0.662
0.230733
0.662
0.662
0.199596
0.662
0.662
0.662
0.174313
0.281408
0.314201
0.436829
0.662
0.0435165
0.099578
0.437445
0.662
0.662
0.216864
0.383978
0.382843
0.662
0.662
0.662
0.662
0.662
0.137543
0.157643
0.46642
0.413476
0.662
0.662
0.662
0.391317
0.0517632
0.662
0.102414
0.468428
0.515618
0.662
0.463848
0.662
0.662
0.312154
0.662
0.662
0.662
0.662
0.662
0.23294
0.662
0.662
0.319558
0.101577
0.341742
0.662
0.662
0.662
0.662
0.662
0.662
0.156925
0.662
0.662
0.662
0.662
0.662
0.662
0.207519
0.662
0.0441037
0.662
0.292846
0.662
0.662
0.662
0.0369996
0.0635875
0.272525
0.0269362
0.570353
0.373989
0.662
0.237346
0.662
0.662
0.662
0.662
0.662
0.662
0.0621863
0.662
0.662
0.0547108
0.0068175
0.662
0.117153
0.662
0.542504
0.49282
0.573447
0.662
0.166789
0.206862
0.311793
0.662
0.435358
0.662
0.662
0.442468
0.325362
0.662
0.662
0.662
0.662
0.662
0.25045
0.143765
0.662
0.662
0.662
0.662
0.398055
0.172551
0.662
0.662
0.662
0.123656
0.129352
0.0642488
0.130097
0.662
0.157646
0.349359
0.284935
0.662
0.329986
0.662
0.662
0.662
0.662
0.662
0.387996
0.576818
0.662
0.0404446
0.662
0.662
0.662
0.662
0.190301
0.207406
0.345383
0.14609
0.662
0.662
0.662
0.388635
0.229063
0.662
0.662
0.271705
0.10943
0.0026221
0.662
0.662
0.350565
0.0982604
0.172501
0.0295936
0.662
0.404203
0.203744
0.662
0.662
0.0403927
0.185299
0.662
0.662
0.662
0.662
0.278967
