0.662
0.0706733
0.450719
0.662
0.662
0.662
0.662
0.00284835
0.662
0.27872
0.19367
0.662
0.662
0.662
0.662
0.662
0.100523
0.0283854
0.358187
0.662
0.662
0.662
0.662
0.0108417
0.662
0.662
0.0180857
0.662
0.662
0.662
0.237652
0.340315
0.094352
0.356195
0.662
0.662
0.662
0.662
0.662
0.14144
0.32906
0.662
0.662
0.274011
0.479231
0.662
0.125642
0.662
0.662
0.662
0.662
0.0929205
0.0550098
0.662
0.662
0.662
0.241243
0.662
0.313766
0.0245813
0.662
0.497826
0.662
0.466083
0.662
0.127801
0.369567
0.662
0.662
0.662
0.285886
0.109799
0.662
0.423589
0.662
0.662
0.662
0.662
0.224831
0.662
0.388508
0.0232999
0.662
0.0546604
0.105548
0.354634
0.450316
0.0302308
0.662
0.203336
0.662
0.0298759
0.474716
0.368898
0.385914
0.662
0.107878
0.662
0.308023
0.355707
0.395533
0.26537
0.662
0.271017
0.213372
0.662
0.662
0.662
0.451275
0.192155
0.171459
0.662
0.291666
0.662
0.145432
0.317862
0.662
0.0134517
0.151234
0.265594
0.662
0.153011
0.662
0.544143
0.164355
0.25715
0.662
0.644507
0.662
0.409131
0.662
0.662
0.170527
0.662
0.169475
0.409346
0.662
0.662
0.353092
0.662
0.662
0.662
0.333187
0.662
0.662
0.662
0.662
0.662
0.315287
0.662
0.662
0.662
0.0555961
0.662
0.662
0.662
0.662
0.662
0.662
0.320304
0.662
0.307712
0.662
0.115427
0.662
0.662
0.662
0.662
0.662
0.248072
0.268143
0.127343
0.30463
0.662
0.43726
0.662
0.662
0.327981
0.419796
0.365093
0.225937
0.283362
0.662
0.662
0.662
0.0171211
0.287081
0.662
0.211397
0.273183
0.662
0.662
0.662
0.662
0.662
0.643426
0.662
0.329061
0.662
0.662
0.662
0.198013
0.301065
0.662
0.303475
0.538678
0.031233
0.662
0.662
0.662
0.662
0.662
0.662
0.164643
0.116065
0.662
0.0164485
0.662
0.340362
0.445048
0.024749
0.294196
0.412511
0.487755
0.662
0.662
0.485968
0.662
0.662
0.662
0.662
0.662
0.662
0.662
0.426763
0.662
0.662
0.662
0.103786
0.34364
0.142629
0.662
0.113084
0.662
0.662
0.662
0.422791
0.662
0.662
0.094368
0.662
0.295634
0.662
0.233396
0.344455
0.239039
0.662
0.263911
0.662
0.662
0.208882
0.455011
0.356608
0.662
0.186429
0.662
0.353692
0.233713
0.662
0.662
0.662
0.662
0.662
0.159736
0.484885
0.150832
0.122943
0.151883
0.464347
0.662
0.231996
0.662
0.35467
0.662
0.662
0.662
0.662
0.662
0.231548
0.299374
0.662
0.447915
0.662
0.359737
0.318211
0.662
0.662
0.662
0.560192
0.195329
0.319231
0.662
0.149882
0.108412
0.277162
0.662
0.236321
0.662
0.212574
0.662
0.229269
0.166233
0.329658
0.609484
0.662
0.0648158
0.463736
0.662
0.187285
0.417898
0.662
0.662
0.662
0.662
0.245085
0.0990928
0.662
0.662
0.662
0.662
0.231422
0.662
0.662
0.556577
0.662
0.662
0.662
0.437697
0.376186
0.312956
0.36069
0.0433003
0.662
0.116545
0.662
0.166382
0.662
0.173289
0.662
0.153881
0.662
0.367866
0.447224
0.662
0.148892
0.662
0.36725
0.662
0.255865
0.648015
0.662
0.0196577
0.118302
0.217426
0.662
0.662
0.662
0.662
0.611122
0.136439
0.0160679
0.2364
0.060239
0.662
0.0540038
0.662
0.131741
0.0177635
0.662
0.662
0.662
0.0877666
0.447626
0.352236
0.662
0.424474
0.662
0.662
0.662
0.662
0.662
0.263315
0.274001
0.384165
0.143654
0.175616
0.324224
0.662
0.662
0.133263
0.0268268
0.0319829
0.411755
0.662
0.662
0.662
0.400449
0.662
0.0561952
0.662
0.662
0.223568
0.409964
0.662
0.662
0.662
0.0764952
0.662
0.662
0.353665
0.662
0.662
0.662
0.662
0.662
0.662
0.437901
0.662
0.662
0.135159
0.179261
0.00853947
0.371343
0.237928
0.662
0.662
0.411637
0.662
0.662
0.219776
0.163849
0.662
0.519735
0.295817
0.662
0.463183
0.052721
0.60974
0.662
0.448162
0.0303634
0.200458
0.662
0.358468
0.133543
0.440937
0.248157
0.465028
0.186341
0.662
0.662
0.533213
0.219274
0.662
0.662
0.0146925
0.662
0.662
0.0968718
0.662
0.317843
0.464481
0.230172
0.662
0.24959
0.456925
0.662
0.373639
0.308272
0.364049
0.662
0.662
0.384252
0.0324146
0.245651
0.662
0.353898
0.662
0.662
0.662
0.662
0.252275
0.358628
0.662
0.431626
0.0519703
0.460111
0.662
0.662
0.365191
0.662
0.662
0.199268
0.234677
0.222976
0.367258
0.190649
0.441699
0.662
0.466159
0.145203
0.065142
0.190982
0.662
0.662
0.44221
0.0671187
0.541267
0.662
0.662
0.662
0.662
0.351478
0.662
0.662
0.662
0.662
0.662
0.567077
0.158926
0.662
0.134778
0.662
0.662
0.662
0.662
0.21768
0.662
0.662
0.222663
0.662
0.662
0.139367
0.662
0.330585
0.662
0.662
0.108251
0.662
0.366892
0.662
0.0871106
0.662
0.662
0.27779
0.662
0.662
0.138321
0.662
0.662
0.662
0.662
0.29352
0.662
0.662
0.197047
0.662
0.662
0.123403
0.662
0.14501
0.662
0.662
0.662
0.44495
0.662
0.224426
0.662
0.0654741
0.662
0.174213
0.46069
0.662
0.662
0.662
0.320556
0.140696
0.494338
0.437436
0.135425
0.254996
0.303973
0.0497989
0.662
0.662
0.349646
0.269189
0.662
0.585418
0.662
0.662
0.662
0.662
0.662
0.662
0.662
0.662
0.28724
0.662
0.228866
0.662
0.361373
0.662
0.662
0.450885
0.44383
0.662
0.662
0.662
0.662
0.443069
0.662
0.662
0.662
0.623713
0.662
0.662
0.228038
0.264932
0.662
0.231951
0.317942
0.662
0.173362
0.228472
0.253255
0.662
0.0753908
0.662
0.662
0.296068
0.662
0.247696
0.662
0.662
0.489893
0.662
0.662
0.662
0.662
0.662
0.0459027
0.320912
0.213039
0.0969174
0.662
0.0524118
0.0631514
0.662
0.214514
0.662
0.263238
0.0760712
0.662
0.234378
0.662
0.662
0.662
0.662
0.300137
0.662
0.426516
0.385808
0.245974
0.444982
0.374503
0.121674
0.379675
0.430253
0.331498
0.152264
0.662
0.662
0.662
0.284647
0.331715
0.662
0.662
0.257136
0.52305
0.662
0.159026
0.662
0.662
0.662
0.495621
