0.662
0.417465
0.568291
0.609027
0.662
0.264065
0.64954
0.662
0.662
0.662
0.330181
0.214265
0.461668
0.0259623
0.359959
0.662
0.662
0.208044
0.126787
0.662
0.662
0.662
0.662
0.662
0.662
0.324615
0.127057
0.662
0.662
0.508481
0.529088
0.662
0.141181
0.662
0.0728476
0.135425
0.419796
0.406307
0.662
0.662
0.631343
0.662
0.662
0.168209
0.662
0.0656794
0.662
0.420201
0.662
0.382148
0.377259
0.662
0.40592
0.455518
0.241827
0.662
0.662
0.135837
0.662
0.662
0.0377413
0.662
0.375709
0.219237
0.662
0.662
0.446872
0.421344
0.21423
0.655621
0.406146
0.246993
0.662
0.372161
0.662
0.453077
0.181972
0.662
0.662
0.662
0.662
0.309489
0.662
0.462604
0.367579
0.662
0.662
0.0152799
0.662
0.662
0.662
0.662
0.662
0.662
0.028493
0.662
0.662
0.662
0.662
0.662
0.662
0.662
0.662
0.0713541
0.0743646
0.662
0.236553
0.314934
0.0205162
0.640539
0.662
0.662
0.662
0.215896
0.662
0.62897
0.662
0.396384
0.101831
0.662
0.371471
0.662
0.384709
0.151853
0.381857
0.326855
0.474256
0.662
0.0157438
0.662
0.458918
0.42395
0.0339176
0.343119
0.662
0.0770497
0.0154856
0.307905
0.256053
0.469437
0.662
0.0903887
0.401796
0.0475147
0.662
0.382237
0.662
0.662
0.662
0.457681
0.323503
0.662
0.275046
0.662
0.662
0.662
0.221098
0.335192
0.17234
0.00331941
0.662
0.662
0.596367
0.662
0.662
0.662
0.0731776
0.450578
0.473452
0.662
0.662
0.662
0.107242
0.662
0.662
0.0395202
0.662
0.209301
0.472449
0.0341541
0.43387
0.662
0.653996
0.662
0.662
0.662
0.411141
0.662
0.662
0.662
0.218286
0.319027
0.662
0.662
0.662
0.662
0.291346
0.662
0.089954
0.0395934
0.167233
0.366297
0.662
0.16387
0.662
0.662
0.350296
0.393495
0.336818
0.662
0.662
0.287275
0.662
0.387831
0.662
0.662
0.216047
0.662
0.234635
0.112266
0.542649
0.662
0.662
0.662
0.168171
0.662
0.662
0.206639
0.472003
0.662
0.662
0.662
0.662
0.662
0.444854
0.377373
0.618004
0.495368
0.662
0.662
0.330522
0.249606
0.662
0.662
0.238988
0.662
0.156746
0.662
0.485213
0.662
0.0772701
0.540772
0.391051
0.662
0.238671
0.662
0.423939
0.662
0.386101
0.662
0.153969
0.662
0.662
0.662
0.662
0.662
0.328156
0.662
0.662
0.351563
0.190273
0.0803317
0.662
0.662
0.662
0.234891
0.273982
0.662
0.101785
0.662
0.305857
0.662
0.122
0.113953
0.662
0.107025
0.26717
0.662
0.0140241
0.24609
0.662
0.662
0.142701
0.662
0.662
0.221042
0.662
0.662
0.662
0.662
0.483666
0.662
0.309857
0.106556
0.662
0.662
0.370367
0.0467754
0.63339
0.265908
0.662
0.662
0.241927
0.662
0.662
0.662
0.169114
0.662
0.13962
0.312399
0.378492
0.244854
0.662
0.385439
0.662
0.662
0.435937
0.284368
0.319598
0.317937
0.662
0.0727262
0.662
0.662
0.662
0.358928
0.662
0.0585075
0.179927
0.220632
0.662
0.662
0.253929
0.409437
0.129319
0.662
0.662
0.449467
0.662
0.134226
0.662
0.662
0.0876686
0.183142
0.662
0.217593
0.662
0.2095
0.662
0.0305244
0.662
0.662
0.662
0.662
0.662
0.662
0.255066
0.662
0.662
0.0337694
0.662
0.0716658
0.09088
0.662
0.043704
0.504539
0.662
0.450802
0.158152
0.662
0.384034
0.662
0.219934
0.308871
0.662
0.125263
0.662
0.662
0.390595
0.662
0.662
0.493651
0.267336
0.157491
0.47001
0.327367
0.438467
0.32497
0.662
0.307354
0.5264
0.23022
0.662
0.662
0.662
0.662
0.212905
0.662
0.662
0.10901
0.662
0.662
0.221644
0.450924
0.452504
0.227254
0.662
0.662
0.662
0.517822
0.38758
0.662
0.359163
0.662
0.662
0.234632
0.128481
0.489753
0.0981011
0.662
0.662
0.662
0.662
0.203958
0.662
0.130945
0.662
0.662
0.472147
0.212586
0.295501
0.662
0.357191
0.295088
0.0561496
0.126929
0.29689
0.231285
0.273171
0.662
0.330389
0.393894
0.662
0.662
0.662
0.326318
0.435638
0.662
0.662
0.141277
0.662
0.662
0.0198472
0.182828
0.0223627
0.0507857
0.662
0.158585
0.212228
0.0372916
0.662
0.439041
0.662
0.385166
0.662
0.127833
0.445917
0.430938
0.662
0.312722
0.294372
0.662
0.0736961
0.0289135
0.0818149
