0.662
0.662
0.662
0.431327
0.662
0.662
0.108655
0.436954
0.662
0.662
0.662
0.397943
0.662
0.662
0.379314
0.662
0.662
0.423047
0.662
0.662
0.662
0.662
0.462804
0.391842
0.662
0.662
0.0632201
0.202372
0.57091
0.209634
0.148043
0.607072
0.257676
0.122329
0.662
0.662
0.662
0.112047
0.122023
0.662
0.105373
0.662
0.662
0.662
0.371016
0.175902
0.662
0.662
0.0295936
0.662
0.205527
0.662
0.662
0.407811
0.227225
0.264212
0.214011
0.662
0.662
0.383978
0.662
0.28797
0.230733
0.662
0.662
0.543111
0.186685
0.462698
0.252414
0.249952
0.662
0.313877
0.12932
0.662
0.00649644
0.439086
0.662
0.662
0.662
0.282001
0.214788
0.310677
0.116941
0.662
0.303423
0.662
0.375915
0.662
0.300935
0.0628624
0.662
0.662
0.662
0.295623
0.662
0.193545
0.184582
0.0254137
0.0197624
0.662
0.0404446
0.510033
0.662
0.453369
0.662
0.317283
0.486558
0.662
0.662
0.357972
0.505594
0.662
0.662
0.662
0.471806
0.00403289
0.662
0.358234
0.271312
0.390509
0.166582
0.662
0.662
0.0602132
0.662
0.271333
0.662
0.662
0.0623398
0.341124
0.662
0.446394
0.0253614
0.662
0.662
0.0970956
0.662
0.662
0.474518
0.662
0.662
0.662
0.662
0.662
0.662
0.662
0.207406
0.662
0.662
0.0623003
0.662
0.662
0.460943
0.0915263
0.662
0.0441037
0.184755
0.0212129
0.0802701
0.157646
0.662
0.465784
0.587045
0.513338
0.430657
0.286053
0.662
0.662
0.662
0.662
0.662
0.662
0.662
0.20283
0.387996
0.662
0.156925
0.662
0.662
0.209668
0.118399
0.662
0.404304
0.662
0.662
0.148065
0.662
0.662
0.662
0.662
0.159523
0.662
0.138171
0.662
0.551572
0.0517632
0.662
0.662
0.662
0.662
0.388635
0.00249504
0.662
0.216864
0.445112
0.662
0.23173
0.388763
0.154045
0.00724255
0.463848
0.662
0.662
0.662
0.662
0.275874
0.299402
0.0810561
0.55658
0.662
0.436829
0.662
0.662
0.137543
0.0034634
0.447306
0.349822
0.484886
0.184064
0.662
0.662
0.662
0.0268083
0.662
0.662
0.493628
0.662
0.23032
0.184501
0.662
0.662
0.662
0.662
0.662
0.130097
0.149718
0.285938
0.318375
0.662
0.662
0.467256
0.662
0.662
0.0269362
0.0642488
0.662
0.2466
0.246806
0.197488
0.662
0.477225
0.662
0.662
0.662
0.662
0.662
0.662
0.405058
0.662
0.662
0.662
0.241535
0.662
0.662
0.662
0.479511
0.131596
0.129352
0.662
0.662
0.482643
0.311793
0.662
0.49282
0.0912231
0.662
0.662
0.662
0.197564
0.454887
0.662
0.662
0.662
0.662
0.662
0.0403927
0.382398
0.662
0.662
0.344009
0.0547108
0.662
0.401899
0.662
0.662
0.394957
0.662
0.254076
0.662
0.23506
0.662
0.104175
0.459128
0.662
0.662
0.34129
0.233598
0.446054
0.345383
0.082769
0.569636
0.662
0.662
0.662
0.203744
0.662
0.662
0.662
0.662
0.288929
0.308366
0.662
0.662
0.662
0.662
0.662
0.662
0.0991247
0.440016
0.0292125
0.662
0.472157
0.412248
0.662
0.662
0.662
0.662
0.304078
0.0709504
0.662
0.345311
0.662
0.662
0.662
0.662
0.662
0.662
0.484326
0.662
0.662
0.662
0.662
0.662
0.194179
0.662
0.662
0.662
0.251507
0.662
0.662
0.662
0.284935
0.268954
0.0995178
0.292911
0.449838
0.216268
0.662
0.431736
0.32776
0.662
0.295963
0.0672548
0.461263
0.662
0.662
0.662
0.0710677
0.474558
0.662
0.463847
0.0947255
0.0420761
0.662
0.662
0.138019
0.662
0.00495493
0.117153
0.662
0.662
0.427946
0.662
0.131424
0.662
0.662
0.0369996
0.570353
0.662
0.470748
0.662
0.12557
0.662
0.662
0.662
0.0304685
0.662
0.271705
0.662
0.0556308
0.662
0.662
0.438928
0.662
0.14609
0.662
0.525479
0.662
0.243852
0.662
0.153518
0.283996
0.662
0.662
0.0193689
0.662
0.102414
0.35285
0.662
0.662
0.0435165
0.662
0.662
0.662
0.662
0.662
0.662
0.378914
0.0187343
0.662
0.303494
0.662
0.382843
0.662
0.110531
0.662
0.662
0.350867
0.420959
0.243223
0.422696
0.0272968
0.0514003
0.136711
0.662
0.100961
0.295362
0.662
0.312154
0.662
0.662
0.662
0.662
0.223517
0.112379
0.397845
0.662
0.662
0.407306
0.662
0.10943
0.662
0.458105
0.0939551
0.662
0.0796161
0.0860346
0.662
0.272525
0.662
0.662
0.319921
0.662
0.662
0.0924273
0.662
0.662
0.662
0.662
0.152449
0.662
0.662
0.662
0.662
0.662
0.662
0.662
0.107858
0.333128
0.662
0.662
0.662
0.662
0.662
0.0744765
0.662
0.259441
0.324743
0.662
0.104161
0.662
0.662
0.662
0.513099
0.195868
0.662
0.662
0.309938
0.662
0.324543
0.542504
0.662
0.209339
0.662
0.662
0.662
0.139445
0.662
0.0835742
0.662
0.662
0.662
0.53948
0.662
0.370417
0.518645
0.113721
0.198833
0.662
0.0677878
0.662
0.361535
0.662
0.442468
0.662
0.662
0.382806
0.174313
0.0789543
0.662
0.444362
0.542713
0.375953
0.242445
0.662
0.662
0.662
0.662
0.662
0.662
0.0889987
0.225192
0.662
0.358992
0.662
0.662
0.662
0.257044
0.662
0.662
0.662
0.662
0.662
0.662
0.662
0.450715
0.662
0.466451
0.662
0.218659
0.662
0.662
0.327369
0.336777
0.662
0.662
0.662
0.324608
0.44187
0.477151
0.199596
0.662
0.662
0.313433
0.267069
0.360815
0.662
0.662
0.570704
0.194075
0.662
0.662
0.662
0.662
0.176751
0.662
0.355752
0.30928
0.662
0.437415
0.422794
0.662
0.349359
0.47339
0.221538
0.10355
0.662
0.580414
0.662
0.0128307
0.282499
0.662
0.662
0.662
0.237346
0.451545
0.314201
