0.662
0.198499
0.662
0.419078
0.555583
0.662
0.298923
0.662
0.281197
0.662
0.662
0.662
0.471288
0.205542
0.662
0.662
0.662
0.179483
0.311949
0.0197749
0.662
0.662
0.662
0.123451
0.662
0.224584
0.361307
0.662
0.262969
0.662
0.662
0.591371
0.0732096
0.157245
0.662
0.662
0.662
0.296636
0.662
0.662
0.662
0.010047
0.220787
0.662
0.662
0.0550683
0.662
0.662
0.364346
0.209438
0.202206
0.457852
0.662
0.662
0.662
0.347435
0.662
0.384558
0.662
0.662
0.662
0.662
0.202613
0.257083
0.662
0.373865
0.370964
0.488378
0.662
0.662
0.254162
0.222681
0.662
0.231115
0.662
0.464427
0.662
0.143445
0.662
0.397618
0.417328
0.287752
0.242317
0.564693
0.215133
0.662
0.662
0.269614
0.662
0.662
0.445064
0.308271
0.137129
0.0054011
0.36298
0.421359
0.662
0.0400688
0.103013
0.662
0.4736
0.364059
0.0616569
0.662
0.662
0.0701855
0.662
0.662
0.310683
0.662
0.298043
0.352134
0.332941
0.220046
0.662
0.662
0.662
0.662
0.409354
0.404892
0.100982
0.662
0.66107
0.581651
0.662
0.662
0.662
0.662
0.662
0.216541
0.662
0.662
0.31019
0.662
0.464429
0.0055931
0.135141
0.308035
0.662
0.203376
0.662
0.662
0.0166493
0.349548
0.662
0.0661798
0.662
0.155428
0.21249
0.662
0.662
0.662
0.194233
0.662
0.0552593
0.662
0.343494
0.662
0.22391
0.662
0.426703
0.662
0.662
0.662
0.662
0.173532
0.476171
0.662
6.1097e-05
0.202994
0.0726885
0.419971
0.0761407
0.662
0.662
0.662
0.108382
0.662
0.662
0.0819652
0.662
0.094435
0.662
0.0343124
0.662
0.462818
0.662
0.328527
0.662
0.332987
0.662
0.662
0.662
0.212318
0.662
0.662
0.662
0.465582
0.662
0.662
0.460174
0.288385
0.388144
0.438364
0.19899
0.169331
0.00108527
0.662
0.662
0.662
0.025294
0.423416
0.297486
0.662
0.662
0.481196
0.453957
0.662
0.264887
0.662
0.216511
0.662
0.662
0.351844
0.215916
0.662
0.265345
0.612555
0.662
0.361825
0.180186
0.180928
0.662
0.264078
0.393299
0.174181
0.455386
0.662
0.612538
0.662
0.0877296
0.4086
0.662
0.662
0.662
0.19664
0.662
0.662
0.39802
0.662
0.0305799
0.169072
0.662
0.662
0.662
0.662
0.662
0.208732
0.662
0.662
0.229394
0.40182
0.662
0.471136
0.158218
0.662
0.662
0.275356
0.187357
0.662
0.199208
0.662
0.0709221
0.662
0.662
0.662
0.304132
0.328411
0.197198
0.251559
0.422472
0.140037
0.326506
0.662
0.284078
0.567812
0.662
0.662
0.662
0.322423
0.662
0.255302
0.662
0.431584
0.662
0.662
0.662
0.662
0.434054
0.662
0.0123123
0.213209
0.662
0.662
0.662
0.0913169
0.662
0.447096
0.248338
0.662
0.482035
0.662
0.662
0.662
0.662
0.601135
0.662
0.395822
0.413142
0.120774
0.662
0.0193674
0.662
0.662
0.662
0.662
0.221839
0.117124
0.120762
0.662
0.104663
0.662
0.047638
0.146274
0.662
0.456546
0.662
0.285284
0.407386
0.325822
0.495389
0.451059
0.0692034
0.662
0.662
0.662
0.662
0.213324
0.662
0.662
0.662
0.285147
0.290678
0.298396
0.52155
0.662
0.662
0.143251
0.273903
0.335666
0.662
0.466668
0.662
0.299463
0.319384
0.662
0.662
0.662
0.662
0.0267312
0.662
0.662
0.45595
0.662
0.257335
0.212731
0.157479
0.662
0.156565
0.431217
0.662
0.146288
0.662
0.662
0.212959
0.662
0.230791
0.175288
0.662
0.662
0.662
0.662
0.662
0.662
0.18707
0.603349
0.662
0.000280024
0.662
0.173072
0.419386
0.662
0.662
0.449487
0.662
0.45127
0.217982
0.662
0.241714
0.322962
0.211805
0.662
0.150413
0.164695
0.212085
0.662
0.311873
0.662
0.0642358
0.119397
0.662
0.662
0.106142
0.662
0.662
0.662
0.15174
0.662
0.0465474
0.662
0.662
0.662
0.662
0.662
0.0475039
0.662
0.274803
0.0471693
0.451573
0.0206329
0.455244
0.0284706
0.268454
0.662
0.662
0.662
0.662
0.662
0.662
0.662
0.259669
0.662
0.315643
0.516058
0.451293
0.662
0.369568
0.104173
0.662
0.662
0.662
0.33604
0.662
0.369747
0.287495
0.319626
0.291412
0.14631
0.662
0.662
0.310934
0.206171
0.662
0.273751
0.30058
0.446927
0.662
0.662
0.175246
0.139254
0.662
0.424924
0.662
0.662
0.115849
0.662
0.379203
0.231341
0.662
0.662
0.397892
0.378207
0.662
0.282742
0.0920898
0.662
0.662
0.662
0.474868
0.377798
0.662
0.166439
0.662
0.662
0.394973
0.662
0.224249
0.662
0.355374
0.320326
0.0354199
0.268429
0.426974
0.662
0.662
0.662
0.662
0.662
0.662
0.329987
0.662
0.662
0.433489
0.487118
0.575107
0.327714
0.25315
0.662
0.662
0.0391567
0.282421
0.662
0.662
0.662
0.662
0.662
0.662
0.662
0.507258
0.434249
0.662
0.662
0.304293
0.662
0.238499
0.294767
0.662
0.437638
0.662
0.145741
0.662
0.261508
0.244407
0.662
0.431442
0.118292
0.662
0.0693465
0.320498
0.662
0.662
0.108801
0.00544099
0.662
0.662
0.662
0.188086
0.662
0.18821
0.662
0.662
0.662
0.662
0.662
0.4352
0.662
0.0465177
0.256285
0.662
0.662
0.119332
0.662
0.289852
0.662
0.662
0.0701097
0.211329
0.662
0.662
0.662
0.662
0.662
0.662
0.662
0.662
0.255204
0.662
0.534941
0.662
0.662
0.662
0.662
0.139355
0.307924
0.603928
0.223244
0.379565
0.427121
0.158473
0.662
0.138534
0.662
0.662
0.662
0.662
0.662
0.397
0.662
0.662
0.149825
0.27331
0.468651
0.421935
0.662
0.662
0.662
0.662
0.662
0.662
0.662
0.662
0.662
0.662
0.662
0.391398
0.464993
0.51341
0.251777
0.214702
0.662
0.241292
0.166053
0.662
0.662
0.367163
0.662
0.243472
0.406767
0.662
0.662
0.662
0.662
0.0166675
0.454962
0.662
0.467439
0.662
0.662
0.662
0.662
0.0801609
0.395298
0.283077
0.662
0.00426024
0.0894202
0.662
0.00397748
0.662
0.123213
0.662
0.662
0.662
0.662
0.662
0.228205
0.662
0.128385
0.662
0.0421441
0.662
0.662
0.662
0.662
0.359093
0.328303
0.662
0.321161
0.534829
0.662
0.662
0.395894
0.662
0.662
0.662
0.662
0.0359601
0.662
0.621337
0.662
0.662
0.662
0.662
0.105984
0.662
0.662
0.662
0.662
0.662
0.402904
0.662
0.0385072
0.662
0.0687778
0.662
0.662
0.662
0.662
0.349589
0.662
