0.662
0.662
0.662
0.662
0.662
0.662
0.662
0.0802701
0.369939
0.107696
0.662
0.662
0.482012
0.453304
0.662
0.549514
0.662
0.662
0.0921815
0.662
0.662
0.662
0.468995
0.448309
0.662
0.284945
0.151355
0.215597
0.662
0.225014
0.208461
0.320015
0.015563
0.662
0.117153
0.254942
0.662
0.662
0.662
0.250377
0.585073
0.662
0.270964
0.662
0.662
0.440016
0.662
0.464856
0.543111
0.109107
0.662
0.662
0.662
0.662
0.662
0.399603
0.186227
0.662
0.662
0.662
0.440846
0.662
0.662
0.662
0.662
0.662
0.120843
0.561114
0.662
0.662
0.662
0.662
0.662
0.193967
0.0760923
0.081467
0.643682
0.662
0.284935
0.195868
0.380826
0.463847
0.662
0.0677495
0.662
0.662
0.662
0.0677878
0.291919
0.662
0.662
0.662
0.486985
0.662
0.662
0.312796
0.46339
0.662
0.662
0.662
0.408789
0.662
0.271312
0.662
0.0855466
0.662
0.662
0.662
0.662
0.130097
0.350565
0.515618
0.662
0.298651
0.662
0.662
0.410036
0.505424
0.239405
0.49282
0.662
0.0467031
0.499195
0.0171034
0.662
0.148501
0.662
0.336777
0.662
0.662
0.415262
0.662
0.662
0.337227
0.662
0.311793
0.662
0.556642
0.199515
0.662
0.662
0.662
0.662
0.212555
0.124954
0.0905053
0.662
0.662
0.662
0.0735361
0.464214
0.459228
0.662
0.506753
0.0306346
0.101958
0.662
0.662
0.0054245
0.0756826
0.0206933
0.413954
0.662
0.662
0.472157
0.662
0.472955
0.662
0.285794
0.254703
0.662
0.104175
0.178908
0.662
0.169312
0.662
0.431412
0.662
0.280777
0.662
0.207519
0.662
0.662
0.662
0.662
0.0461973
0.485977
0.662
0.662
0.553031
0.00727941
0.662
0.164533
0.662
0.662
0.208341
0.284667
0.662
0.43575
0.134364
0.662
0.0554042
0.662
0.36079
0.195601
0.407247
0.662
0.662
0.0623003
0.662
0.662
0.662
0.662
0.0272968
0.662
0.662
0.110531
0.41415
0.241139
0.053647
0.445366
0.662
0.662
0.662
0.589083
0.263189
0.662
0.662
0.662
0.662
0.413476
0.662
0.421682
0.0284867
0.172851
0.662
0.662
0.662
0.3444
0.113721
0.0947255
0.662
0.662
0.340309
0.662
0.358335
0.662
0.473611
0.22565
0.662
0.416601
0.662
0.194238
0.662
0.662
0.112047
0.112748
0.639312
0.635728
0.153518
0.549533
0.156925
0.41803
0.165358
0.662
0.662
0.271705
0.587045
0.662
0.441785
0.471824
0.662
0.662
0.662
0.662
0.662
0.662
0.662
0.662
0.236982
0.662
0.662
0.662
0.395947
0.447041
0.662
0.662
0.662
0.662
0.662
0.662
0.662
0.359924
0.662
0.423844
0.443439
0.358512
0.662
0.662
0.26743
0.662
0.662
0.662
0.662
0.373345
0.341742
0.662
0.397943
0.399061
0.662
0.662
0.662
0.662
0.271333
0.40222
0.0608244
0.355738
0.0066698
0.351626
0.0295936
0.662
0.337257
0.451545
0.0729997
0.662
0.214344
0.662
0.662
0.662
0.662
0.44226
0.304232
0.662
0.662
0.662
0.662
0.662
0.193545
0.22528
0.662
0.662
0.662
0.662
0.414095
0.662
0.298043
0.121237
0.16194
0.297159
0.0346483
0.0949374
0.662
0.662
0.662
0.181648
0.325362
0.662
0.197545
0.662
0.662
0.103241
0.209385
0.329986
0.662
0.122329
0.399564
0.662
0.422794
0.662
0.0789543
0.662
0.662
0.0517632
0.00438911
0.662
0.662
0.457239
0.186842
0.44187
0.662
0.662
0.662
0.662
0.0838073
0.662
0.408286
0.662
0.662
0.099578
0.464951
0.381233
0.454887
0.349822
0.662
0.118972
0.11885
0.0241868
0.662
0.0621863
0.662
0.662
0.662
0.662
0.148037
0.139445
0.216864
0.662
0.0581508
0.662
0.662
0.662
0.662
0.662
0.662
0.45429
0.662
0.128945
0.662
0.662
0.662
0.662
0.105434
0.407282
0.147251
0.152641
0.662
0.426396
0.662
0.135629
0.371701
0.0543776
0.236349
0.510276
0.122269
0.662
0.351747
0.662
0.662
0.205527
0.398055
0.662
0.443851
0.116055
0.662
0.662
0.157297
0.157643
0.40994
0.662
0.425454
0.260843
0.662
0.662
0.662
0.662
0.444941
0.440065
0.662
0.662
0.662
0.662
0.412134
0.209635
0.18445
0.542039
0.0789844
0.404304
0.187744
0.23032
0.662
0.662
0.25331
0.662
0.124288
0.662
0.662
0.662
0.662
0.257189
0.254947
0.0240875
0.143765
0.441305
0.091694
0.0634776
0.662
0.662
0.199121
0.662
0.662
0.159175
0.662
0.315547
0.662
0.662
0.257959
0.662
0.466451
0.662
0.662
0.662
0.172201
0.662
0.463848
0.662
0.430244
0.662
0.662
0.542504
0.662
0.524836
0.320419
0.662
0.662
0.0678386
0.662
0.207772
0.662
0.662
0.662
0.0720244
0.662
0.25084
0.662
0.662
0.138518
0.662
0.445444
0.662
0.662
0.242445
0.662
0.662
0.662
0.0176371
0.662
0.205811
0.422696
0.662
0.273236
0.662
0.662
0.0979696
0.662
0.662
0.17914
0.146304
0.662
0.662
0.114698
0.662
0.662
0.662
0.662
0.662
0.00512676
0.019575
0.662
0.662
0.662
0.485482
0.154567
0.0789283
0.662
0.108543
0.352391
0.0437933
0.662
0.662
0.0337084
0.662
0.22236
0.662
0.662
0.662
0.662
0.301627
0.662
0.537582
0.662
0.265393
0.470064
0.637824
0.491661
0.0278306
0.295963
0.662
0.381466
0.105393
0.662
0.468428
0.662
0.453733
0.350867
0.662
0.199447
0.0502101
0.662
0.202121
0.0034634
0.338488
0.532389
0.662
0.662
0.662
0.662
0.22293
0.278302
0.574416
0.377712
0.662
0.222829
0.175902
0.436829
0.662
0.154045
0.662
0.431327
