0.35956
0.127451
0.662
0.662
0.662
0.461439
0.662
0.216253
0.0617807
0.517014
0.662
0.662
0.130948
0.250758
0.0666909
0.662
0.382124
0.662
0.662
0.338609
0.44343
0.308986
0.662
0.220269
0.370026
0.662
0.0363942
0.53752
0.570604
0.205298
0.662
0.662
0.193723
0.370334
0.662
0.662
0.146118
0.0271044
0.662
0.662
0.662
0.43741
0.0649383
0.223038
0.446811
0.662
0.340065
0.662
0.150732
0.371168
0.494183
0.227258
0.662
0.662
0.662
0.662
0.662
0.459561
0.662
0.662
0.662
0.662
0.368467
0.662
0.662
0.164245
0.662
0.356741
0.347789
0.662
0.662
0.662
0.662
0.662
0.270296
0.151395
0.0112344
0.450465
0.397861
0.0779119
0.356084
0.387127
0.04953
0.662
0.0499608
0.242423
0.662
0.662
0.443319
0.421607
0.662
0.662
0.280329
0.152331
0.199605
0.235731
0.104699
0.382709
0.252898
0.346954
0.662
0.27054
0.419337
0.662
0.355532
0.662
0.0350697
0.662
0.123306
0.475202
0.228935
0.662
0.662
0.237767
0.307543
0.662
0.218359
0.662
0.662
0.219127
0.349619
0.372435
0.662
0.489867
0.245638
0.662
0.662
0.306247
0.662
0.474808
0.318912
0.0165624
0.328438
0.154663
0.662
0.43144
0.662
0.662
0.209524
0.37227
0.662
0.662
0.188522
0.662
0.0143166
0.662
0.662
0.4002
0.662
0.662
0.662
0.662
0.24322
0.662
0.662
0.662
0.662
0.448483
0.662
0.662
0.662
0.662
0.662
0.382958
0.200903
0.662
0.662
0.662
0.662
0.662
0.238647
0.231413
0.294346
0.319944
0.662
0.662
0.339883
0.262297
0.662
0.259726
0.487352
0.433992
0.662
0.467048
0.175437
0.662
0.0387527
0.385059
0.662
0.662
0.662
0.662
0.662
0.662
0.278056
0.105122
0.0807135
0.662
0.662
0.39269
0.662
0.662
0.662
0.662
0.204741
0.25407
0.410656
0.356315
0.662
0.418182
0.662
0.467146
0.413423
0.0727748
0.506622
0.630856
0.0126223
0.662
0.662
0.262343
0.520724
0.662
0.185492
0.46211
0.662
0.192441
0.0786428
0.255649
0.662
0.041085
0.226029
0.361379
0.318877
0.0395343
0.662
0.662
0.662
0.0937424
0.0175504
0.662
0.159625
0.0276014
0.025701
0.017961
0.36204
0.38265
0.662
0.483623
0.47483
0.662
0.662
0.0671877
0.662
0.313005
0.662
0.662
0.662
0.326407
0.335199
0.662
0.422492
0.477561
0.662
0.424557
0.662
0.662
0.451774
0.662
0.243108
0.44777
0.662
0.418804
0.662
0.662
0.662
0.662
0.662
0.662
0.0246221
0.385722
0.062098
0.0435433
0.662
0.63339
0.296487
0.0399561
0.662
0.662
0.662
0.186641
0.0679683
0.662
0.0831333
0.662
0.662
0.662
0.475953
0.662
0.662
0.662
0.429803
0.119237
0.662
0.662
0.186278
0.165662
0.662
0.117944
0.138572
0.662
0.431544
0.511541
0.148569
0.662
0.469746
0.363953
0.662
0.343792
0.662
0.461456
0.662
0.134716
0.662
0.662
0.0678362
0.662
0.662
0.662
0.662
0.662
0.0539053
0.662
0.662
0.0520215
0.568297
0.163128
0.180678
0.662
0.662
0.30847
0.662
0.375755
0.132767
0.165836
0.0872403
0.662
0.201304
0.662
0.125232
0.557445
0.662
0.316013
0.662
0.662
0.662
0.662
0.429285
0.58979
0.454873
0.662
0.304691
0.662
0.662
0.662
0.285367
0.662
0.662
0.278017
0.662
0.662
0.662
0.662
0.662
0.662
0.187318
0.662
0.349698
0.662
0.662
0.160042
0.662
0.240029
0.662
0.228092
0.134997
0.263446
0.354316
0.662
0.465684
0.329023
0.46149
0.225876
0.398062
0.662
0.21111
0.662
0.18898
0.662
0.145611
0.444028
0.662
0.236236
0.0174315
0.662
0.325558
0.192018
0.480497
0.164016
0.187756
0.473749
0.662
0.200392
0.198075
0.662
0.28158
0.174785
0.459622
0.662
0.662
0.224675
0.43279
0.662
0.662
0.460725
0.164369
0.662
0.662
0.662
0.123181
0.153065
0.204642
0.662
0.400103
0.662
0.329301
0.120274
0.391051
0.662
0.156226
0.662
0.437171
0.662
0.662
0.439122
0.662
0.239705
0.426103
0.0434057
0.329908
0.25672
0.105578
0.662
0.399236
0.387112
0.140761
0.662
0.41009
0.662
0.662
0.351457
0.120078
0.662
0.0881901
0.662
0.419906
0.176238
0.662
0.662
0.357202
0.662
0.662
0.476547
0.662
0.223023
0.662
0.662
0.092716
0.662
0.662
0.176085
0.140897
0.00522863
0.662
0.662
0.662
0.662
0.476912
0.450164
0.261656
0.662
0.215191
0.092712
0.491669
0.662
0.481673
0.143932
0.662
0.449901
0.407133
0.662
0.45055
0.662
0.189332
0.662
0.662
0.446321
0.301004
0.662
0.662
0.48386
0.662
0.293687
0.0823428
0.662
0.449232
0.662
0.662
0.662
0.662
0.408126
0.226159
0.204488
0.662
0.109913
0.342206
0.150085
0.662
0.435749
0.154114
0.364976
0.434125
0.407171
0.321655
0.662
0.241914
0.662
0.662
0.185863
0.360323
0.662
0.0336705
0.662
0.461201
0.662
0.662
0.0316729
0.218997
0.00449852
0.662
0.185262
0.662
0.268707
0.383346
0.662
0.662
0.461545
0.662
0.662
0.662
0.662
0.662
0.232411
0.325843
0.161921
0.662
0.0303911
0.662
0.662
0.16014
0.662
0.38516
0.662
0.446064
0.662
0.0133517
0.662
0.662
0.308814
0.170929
0.662
0.662
0.662
0.299215
0.0653263
0.662
0.662
0.662
0.662
0.0238595
0.662
0.429769
0.416832
0.633391
0.389638
0.031758
0.662
0.662
0.662
0.194225
0.662
0.412273
0.194767
0.662
0.662
0.551886
0.254425
0.65245
0.610837
0.662
0.0298487
0.662
0.231823
0.461288
0.501315
0.340023
0.471754
0.662
0.662
0.365435
0.129387
0.662
0.335633
0.662
0.662
0.308591
0.662
0.254517
0.422476
0.481395
0.35421
0.662
0.662
0.662
0.300185
0.662
0.662
0.440103
0.127353
0.646921
0.0819014
0.662
0.662
0.662
0.662
0.662
0.662
0.662
0.662
0.662
0.266856
0.662
0.275579
0.582238
0.133619
0.419741
0.500964
0.0567612
0.662
0.361957
0.136468
0.662
0.662
0.358288
0.235966
0.662
0.662
0.440097
0.662
0.662
0.470194
0.268676
0.662
0.662
0.662
0.286923
0.662
0.662
0.619641
0.662
0.662
0.113993
0.662
0.662
0.191875
0.248026
0.36232
