0.662
0.133711
0.662
0.662
0.236444
0.662
0.165358
0.117153
0.662
0.662
0.0139595
0.301185
0.195868
0.662
0.662
0.304164
0.637824
0.445366
0.107403
0.219266
0.662
0.322943
0.182093
0.40994
0.662
0.662
0.662
0.109107
0.662
0.662
0.298594
0.338949
0.662
0.662
0.662
0.0517632
0.662
0.662
0.662
0.662
0.662
0.662
0.662
0.105434
0.359924
0.662
0.549514
0.662
0.46339
0.662
0.213379
0.662
0.592474
0.662
0.662
0.662
0.662
0.0397275
0.34155
0.124288
0.214344
0.662
0.662
0.662
0.515618
0.199618
0.662
0.103867
0.662
0.662
0.662
0.662
0.209385
0.662
0.0608244
0.662
0.662
0.485482
0.186227
0.0054245
0.662
0.0295936
0.662
0.186427
0.260348
0.0306346
0.11885
0.662
0.312339
0.662
0.662
0.298043
0.381233
0.339998
0.151179
0.414284
0.463847
0.662
0.662
0.143215
0.662
0.38914
0.240968
0.662
0.0580382
0.662
0.358512
0.122329
0.662
0.287089
0.258566
0.662
0.662
0.662
0.431892
0.662
0.662
0.453304
0.662
0.662
0.662
0.257189
0.422678
0.349249
0.169312
0.0850924
0.662
0.257791
0.312796
0.422696
0.122269
0.662
0.662
0.662
0.438955
0.662
0.662
0.574416
0.662
0.662
0.662
0.662
0.0189332
0.135629
0.662
0.662
0.340695
0.662
0.662
0.343055
0.662
0.0825854
0.358335
0.662
0.662
0.662
0.662
0.164533
0.154045
0.662
0.115258
0.662
0.662
0.662
0.277089
0.662
0.0948897
0.662
0.662
0.662
0.0947255
0.662
0.184064
0.271312
0.44226
0.107696
0.662
0.297159
0.662
0.193545
0.662
0.287055
0.257959
0.662
0.662
0.254703
0.662
0.662
0.662
0.0634776
0.662
0.662
0.662
0.0979696
0.118972
0.662
0.368066
0.662
0.662
0.128945
0.561114
0.662
0.355347
0.216864
0.422794
0.662
0.406092
0.110531
0.662
0.662
0.662
0.154567
0.662
0.662
0.662
0.0944104
0.307788
0.625729
0.284935
0.662
0.662
0.589083
0.355738
0.222829
0.411933
0.662
0.662
0.662
0.0921815
0.091694
0.295963
0.244259
0.412134
0.662
0.662
0.408789
0.662
0.662
0.446048
0.662
0.359742
0.271333
0.44187
0.310838
0.662
0.662
0.149383
0.273236
0.172252
0.25331
0.662
0.662
0.662
0.0587263
0.00595822
0.662
0.662
0.0423838
0.662
0.662
0.662
0.662
0.662
0.0802146
0.662
0.662
0.363322
0.662
0.453733
0.662
0.662
0.40222
0.662
0.0720244
0.639312
0.0669338
0.175223
0.464951
0.662
0.662
0.112748
0.0735361
0.662
0.662
0.241139
0.100961
0.662
0.662
0.662
0.662
0.662
0.254947
0.41415
0.143765
0.152641
0.662
0.112047
0.019575
0.662
0.662
0.662
0.662
0.159494
0.662
0.428402
0.0034634
0.236281
0.181076
0.662
0.662
0.0789543
0.447041
0.0760923
0.662
0.0407317
0.662
0.662
0.293242
0.430172
0.420548
0.151147
0.662
0.662
0.52732
0.662
0.662
0.296088
0.499195
0.662
0.662
0.103894
0.662
0.662
0.489253
0.662
0.662
0.662
0.662
0.662
0.662
0.438913
0.00334915
0.662
0.184501
0.472955
0.662
0.662
0.0991247
0.0206782
0.471382
0.371701
0.662
0.468995
0.0855466
0.662
0.099578
0.662
0.0240875
0.662
0.662
0.662
0.662
0.443439
0.662
0.22293
0.662
0.44831
0.662
0.373345
0.662
0.455901
0.098418
0.340309
0.662
0.159175
0.662
0.542317
0.662
0.633694
0.662
0.662
0.662
0.0241868
0.662
0.242445
0.470064
0.662
0.0437933
0.0613611
0.662
0.329986
0.22565
0.662
0.662
0.662
0.662
0.662
0.463848
0.148037
0.662
0.441785
0.662
0.0461973
0.662
0.312566
0.444941
0.662
0.662
0.662
0.662
0.662
0.108543
0.083639
0.662
0.380826
0.0621863
0.662
0.662
0.336777
0.338488
0.662
0.413476
0.662
0.662
0.662
0.662
0.0677878
0.162939
0.662
0.662
0.662
0.662
0.662
0.662
0.468428
0.662
0.662
0.205811
0.662
0.542039
0.340834
0.662
0.22528
0.662
0.311793
0.662
0.662
0.662
0.662
0.151071
0.662
0.457239
0.463379
0.662
0.153518
0.662
0.425454
0.553031
0.662
0.662
0.0621994
0.208461
0.662
0.381466
0.256864
0.448309
0.505424
0.441305
0.199515
0.662
0.662
0.662
0.0323892
0.51084
0.662
0.662
0.662
0.315547
0.498088
0.304232
0.272963
0.49282
0.662
0.18445
0.662
0.466451
0.662
0.260843
0.662
0.263189
0.662
0.51021
0.662
0.662
0.398055
0.459228
0.662
0.662
0.0950055
0.341742
0.662
0.662
0.662
0.0246689
0.662
0.537582
0.662
0.662
0.662
0.662
0.662
0.662
0.101958
0.662
0.0656678
0.662
0.662
0.0802701
0.012372
0.41803
0.662
0.662
0.00512676
0.662
0.662
0.280777
0.662
0.00708761
0.662
0.549533
0.662
0.186793
0.0174367
0.423844
0.662
0.662
0.451545
0.543111
0.662
0.415262
0.662
0.662
0.0756826
0.214868
0.0789844
0.662
0.436829
0.662
0.662
0.471824
0.407247
0.416601
0.662
0.138518
0.662
0.178908
0.662
0.440846
0.662
0.662
0.477628
0.482012
0.116428
0.662
0.296649
0.236349
0.260795
0.662
0.286588
0.627211
0.662
0.187744
0.377712
0.106695
0.643682
0.207519
0.662
0.662
0.662
0.195601
0.662
0.662
0.662
0.662
0.364094
0.662
0.662
0.148501
0.214764
0.662
0.662
0.662
0.662
0.662
0.127932
0.193967
0.0893278
0.0258273
0.532389
0.662
0.662
0.486985
0.662
0.662
0.249455
0.23032
0.45429
0.236982
0.414095
0.527414
0.0337084
0.350867
0.085275
0.662
0.662
0.662
