0.204381
0.662
0.0752686
0.662
0.179545
0.662
0.662
0.662
0.662
0.390218
0.0245813
0.662
0.662
0.662
0.662
0.222979
0.662
0.662
0.662
0.662
0.236321
0.662
0.662
0.36344
0.157361
0.662
0.252623
0.662
0.662
0.340667
0.261551
0.0798769
0.0437169
0.441041
0.662
0.662
0.448162
0.466554
0.32973
0.44345
0.662
0.662
0.0417863
0.226781
0.662
0.662
0.662
0.259623
0.104461
0.662
0.662
0.0861917
0.662
0.662
0.662
0.58466
0.240227
0.155866
0.662
0.662
0.662
0.164266
0.0649718
0.662
0.36542
0.662
0.662
0.421612
0.0171211
0.662
0.0638365
0.662
0.218317
0.433865
0.662
0.361848
0.387112
0.662
0.239416
0.662
0.662
0.662
0.662
0.217426
0.662
0.662
0.519079
0.662
0.425954
0.202679
0.662
0.464623
0.662
0.437008
0.233416
0.328225
0.662
0.662
0.662
0.662
0.0687897
0.662
0.177345
0.333187
0.425192
0.662
0.662
0.422211
0.662
0.662
0.407324
0.319231
0.662
0.506336
0.662
0.230037
0.177278
0.662
0.662
0.255268
0.169313
0.662
0.662
0.282582
0.662
0.662
0.390076
0.411087
0.459816
0.662
0.101627
0.662
0.425458
0.15824
0.359737
0.464481
0.305701
0.451768
0.562213
0.0134517
0.662
0.662
0.662
0.14804
0.226969
0.662
0.662
0.457063
0.662
0.662
0.662
0.662
0.662
0.280374
0.273207
0.596199
0.452281
0.662
0.175705
0.662
0.244229
0.662
0.141784
0.585021
0.295319
0.425998
0.405018
0.662
0.662
0.662
0.662
0.662
0.662
0.322437
0.237148
0.46297
0.662
0.662
0.662
0.662
0.431323
0.662
0.662
0.587876
0.662
0.662
0.337675
0.163758
0.360626
0.105091
0.256114
0.662
0.662
0.662
0.662
0.662
0.662
0.662
0.662
0.152893
0.45844
0.662
0.662
0.662
0.662
0.662
0.384936
0.662
0.0791333
0.387199
0.49337
0.334094
0.241146
0.662
0.326495
0.662
0.662
0.00225509
0.41819
0.662
0.106102
0.495621
0.41337
0.662
0.199872
0.662
0.111673
0.662
0.220193
0.662
0.319906
0.662
0.662
0.0177635
0.396267
0.662
0.662
0.611934
0.268417
0.238802
0.662
0.36387
0.662
0.662
0.662
0.176924
0.662
0.295634
0.662
0.338345
0.662
0.454559
0.0879624
0.0108838
0.115479
0.169553
0.662
0.662
0.256101
0.662
0.662
0.662
0.299094
0.250426
0.324275
0.662
0.662
0.662
0.226299
0.499811
0.196585
0.662
0.502113
0.403365
0.480771
0.251148
0.0319829
0.250245
0.401623
0.282645
0.662
0.662
0.333474
0.0837214
0.120399
0.0631546
0.662
0.353573
0.662
0.651158
0.662
0.276292
0.662
0.662
0.662
0.662
0.204192
0.662
0.662
0.662
0.0664017
0.181789
0.662
0.662
0.662
0.446018
0.662
0.444797
0.662
0.662
0.257136
0.476231
0.310845
0.662
0.0614048
0.662
0.44198
0.662
0.662
0.131991
0.306795
0.218964
0.662
0.313265
0.00155775
0.139467
0.662
0.113375
0.662
0.662
0.662
0.154455
0.240828
0.662
0.37454
0.662
0.662
0.662
0.430718
0.662
0.662
0.662
0.483866
0.161395
0.662
0.662
0.662
0.662
0.0136885
0.610627
0.330757
0.0220421
0.20335
0.350747
0.204372
0.662
0.28336
0.662
0.525991
0.662
0.662
0.342961
0.662
0.662
0.662
0.662
0.262899
0.662
0.662
0.22705
0.662
0.662
0.662
0.331858
0.321946
0.00224871
0.440531
0.108623
0.0135874
0.178031
0.205888
0.662
0.551258
0.662
0.202237
0.662
0.212848
0.662
0.28164
0.0671921
0.662
0.259816
0.122066
0.662
0.275549
0.367989
0.662
0.662
0.662
0.179261
0.412084
0.0374293
0.662
0.357401
0.662
0.662
0.250369
0.0825502
0.662
0.0211524
0.314169
0.662
0.662
0.662
0.662
0.662
0.0218419
0.662
0.662
0.662
0.148241
0.662
0.258461
0.662
0.662
0.662
0.295973
0.662
0.21871
0.448804
0.662
0.545521
0.456925
0.63049
0.394164
0.0601959
0.662
0.348688
0.662
0.531844
0.662
0.402168
0.307115
0.662
0.386378
0.662
0.00972307
0.662
0.465296
0.346302
0.662
0.662
0.662
0.270297
0.662
0.662
0.662
0.419009
0.662
0.462266
0.420887
0.662
0.1754
0.420162
0.662
0.662
0.662
0.662
0.662
0.375444
0.247696
0.662
0.662
0.662
0.474716
0.0293866
0.662
0.15267
0.127801
0.499165
0.662
0.662
0.662
0.662
0.662
0.662
0.282823
0.662
0.426516
0.662
0.662
0.662
0.662
0.184438
0.303973
0.662
0.662
0.207678
0.253255
0.362664
0.533213
0.662
0.43716
0.662
0.662
0.662
0.462983
0.662
0.662
0.371782
0.0254746
0.662
0.0518902
0.662
0.662
0.662
0.662
0.662
0.662
0.662
0.387391
0.662
0.417466
0.662
0.0372166
0.231159
0.662
0.662
0.662
0.484
0.662
0.143295
0.662
0.33541
0.662
0.662
0.662
0.154288
0.662
0.252472
0.222081
0.450153
0.355564
0.407198
0.662
0.219123
0.662
0.0190244
0.213037
0.457867
0.662
0.662
0.662
0.662
0.237378
0.384025
0.662
0.662
0.0851764
0.662
0.607813
0.662
0.662
0.460737
0.0975873
0.662
0.241627
0.662
0.19145
0.662
0.15038
0.662
0.0706459
0.295663
0.261187
0.662
0.302803
0.351595
0.662
0.662
0.662
0.662
0.662
0.662
0.295817
0.292342
0.182788
0.20174
0.322009
0.662
0.662
0.277511
0.278724
0.662
0.662
0.229117
0.662
0.662
0.435479
0.662
0.662
0.662
0.05752
0.34268
0.253222
0.441379
0.39663
0.662
0.110583
0.662
0.662
0.418679
0.331491
0.662
0.0752523
0.662
0.489656
0.662
0.370234
0.329852
0.662
0.662
0.606232
0.662
0.662
0.662
0.662
0.662
0.40936
0.662
0.662
0.0324146
0.662
0.662
0.662
0.191907
0.0165778
0.662
0.662
0.662
0.662
0.0063087
0.0587407
0.662
0.222653
0.10124
0.662
0.196209
0.662
0.10717
0.590464
0.412527
