0.662
0.662
0.108382
0.662
0.0849717
0.662
0.662
0.0552593
0.426771
0.662
0.163953
0.041515
0.662
0.18821
0.662
0.662
0.662
0.662
0.434781
0.375927
0.662
0.662
0.662
0.184204
0.441663
0.662
0.662
0.662
0.456546
0.662
0.229831
0.196048
0.662
0.662
0.487118
0.662
0.662
0.662
0.207091
0.0586523
0.560641
0.332941
0.662
0.0385072
0.304374
0.662
0.447096
0.455244
0.662
0.254194
0.199863
0.536604
0.662
0.283621
0.407267
0.662
0.662
0.256248
0.372983
0.662
0.662
0.662
0.432821
0.190753
0.662
0.662
0.662
0.662
0.662
0.662
0.0471693
0.662
0.662
0.146288
0.51341
0.662
0.662
0.517905
0.435968
0.381558
0.233284
0.662
0.116562
0.662
0.431096
0.614437
0.662
0.114423
0.662
0.662
0.662
0.662
0.399667
0.662
0.0321822
0.662
0.272361
0.380037
0.662
0.662
0.662
0.471136
0.303888
0.662
0.0496575
0.412658
0.467439
0.662
0.455012
0.379833
0.662
0.662
0.662
0.120095
0.662
0.495389
0.662
0.104663
0.0642358
0.662
0.662
0.180186
0.0934993
0.540017
0.446927
0.44041
0.662
0.383624
0.149552
0.0910247
0.500584
0.662
0.662
0.662
0.662
0.662
0.662
0.37319
0.662
0.662
0.662
0.662
0.342317
0.662
0.258682
0.517749
0.05235
0.295567
0.445064
0.662
0.662
0.662
0.543956
0.662
0.328303
0.197509
0.24038
0.327746
0.463409
0.662
0.400757
0.448245
0.662
0.22391
0.467169
0.662
0.310934
0.194824
0.662
0.662
0.662
0.662
0.349874
0.348787
0.662
0.662
0.662
0.502837
0.14381
0.662
0.56406
0.662
0.194233
0.0894202
0.455729
0.662
0.327189
0.537471
0.662
0.321561
0.662
0.0532742
0.662
0.0114256
0.507258
0.662
0.304132
0.113279
0.662
0.662
0.325177
0.0957932
0.00215903
0.277183
0.0421441
0.185759
0.141598
0.662
0.662
0.563971
0.328986
0.214383
0.321161
0.662
0.662
0.662
0.662
0.0592452
0.110125
0.273903
0.662
0.662
0.662
0.00832393
0.662
0.31019
0.466513
0.468193
0.166053
0.281182
0.662
0.662
0.00426024
0.662
0.20773
0.494764
0.662
0.662
0.662
0.157245
0.662
0.209749
0.662
0.248338
0.516665
0.662
0.294325
0.226915
0.19948
0.662
0.434249
0.273813
0.662
0.212085
0.025294
0.0711329
0.464427
0.662
0.0427051
0.662
0.15174
0.200866
0.188234
0.662
0.662
0.662
0.423525
0.662
0.662
0.662
0.275534
0.662
0.0244709
0.662
0.292332
0.662
0.662
0.662
0.155428
0.662
0.662
0.662
0.409354
0.662
0.662
0.29916
0.10081
0.662
0.662
0.662
0.345062
0.662
0.262507
0.250723
0.662
0.0391567
0.662
0.299122
0.662
0.256157
0.662
0.662
0.662
0.662
0.118694
0.377369
0.662
0.662
0.662
0.662
0.662
0.347593
0.173958
0.222681
0.662
0.662
0.662
0.662
0.397077
0.198614
0.662
0.662
0.662
0.662
0.0365244
0.662
0.605253
0.0627589
0.662
0.395948
0.662
0.272339
0.662
0.0343124
0.662
0.406363
0.662
0.662
0.662
0.662
0.662
0.442495
0.168263
0.300599
0.187357
0.347289
0.000298585
0.662
0.190261
0.662
0.181161
0.662
0.662
0.662
0.662
0.662
0.662
0.662
0.166881
0.215094
0.662
0.488734
0.406767
0.223635
0.662
0.19899
0.548169
0.331116
0.662
0.662
0.215133
0.662
0.391375
0.662
0.349548
0.662
0.662
0.173149
0.662
0.662
0.662
0.662
0.662
0.662
0.470734
0.4086
0.464993
0.0677229
0.662
0.662
0.662
0.220406
0.662
0.355338
0.603928
0.022889
0.2289
0.215961
0.404892
0.268454
0.662
0.662
0.391398
0.249491
0.662
0.259669
0.662
0.0267312
0.662
0.662
0.27331
0.662
0.590502
0.322441
0.662
0.662
0.662
0.471281
0.662
0.547656
0.143445
0.120762
0.662
0.662
0.662
0.662
0.424924
0.662
0.0913169
0.242317
0.662
0.662
0.0493291
0.265435
0.316487
0.0354199
0.662
0.662
0.662
0.437638
0.000422636
0.338822
0.662
0.662
0.290311
0.162927
0.662
0.325561
0.266137
0.444512
0.662
0.662
0.662
0.476408
0.163002
0.662
0.0298371
0.394973
0.662
0.662
0.483635
0.662
0.662
0.662
0.662
0.469449
0.662
0.662
0.662
0.604527
0.174944
0.662
0.477457
0.662
0.160197
0.180044
0.662
0.228205
0.135023
0.662
0.107689
0.662
0.426703
0.0693465
0.662
0.181241
0.662
0.662
0.662
0.2773
0.261508
0.322962
0.140423
0.0526168
0.662
0.0166675
0.388144
0.186398
0.298396
0.662
0.362532
0.662
0.662
0.662
0.374909
0.662
0.662
0.662
0.662
0.662
0.0408869
0.662
0.662
0.456836
0.662
0.327828
0.662
0.142689
0.0054011
0.662
0.567812
0.284416
0.207641
0.662
0.662
0.662
0.662
0.212959
0.662
0.261032
0.0550683
0.662
0.00544099
0.662
0.194236
0.42936
0.473763
0.662
0.662
0.45404
0.662
0.662
0.662
0.398112
0.322423
0.662
0.197198
0.662
0.662
0.662
0.662
0.662
0.662
0.662
0.662
0.662
0.662
0.662
0.662
0.267215
0.662
0.662
0.662
0.0701097
0.366728
0.133808
0.662
0.198499
0.122522
0.662
0.603349
0.662
0.465582
0.662
0.305857
0.662
0.156305
0.662
0.25315
0.662
0.285147
0.662
0.662
0.662
0.662
0.662
0.662
0.200471
0.36051
0.202988
0.0861325
0.549248
0.223244
0.274299
0.119332
0.662
0.452071
0.662
0.662
0.544298
0.358553
0.662
0.662
0.431379
0.662
0.662
0.662
0.662
0.0744284
0.118486
0.662
0.662
0.662
0.281197
0.662
0.662
0.662
0.172923
0.303007
0.662
0.662
0.662
0.662
0.662
0.662
0.662
0.662
0.662
0.513132
0.662
0.662
0.451293
0.662
0.662
0.283739
0.0288266
0.662
0.319626
0.662
0.315643
6.1097e-05
0.316455
0.662
0.347435
0.43309
0.0475039
0.662
0.662
0.44894
0.251654
0.662
0.662
0.0655936
0.662
0.662
0.662
0.276801
0.453957
0.662
0.662
0.662
0.314053
0.351462
0.662
0.215316
0.662
0.219948
0.662
0.21015
0.662
0.662
0.662
0.662
0.662
0.432971
0.546546
0.662
0.662
0.424091
0.662
0.451573
0.662
0.322
0.662
0.662
0.662
0.662
0.339118
0.265468
0.238184
0.662
0.662
0.662
0.662
0.379053
0.662
0.186156
0.662
0.405452
0.612538
0.662
0.662
0.662
0.419971
0.662
0.00154178
0.662
0.662
0.662
0.475521
0.662
0.662
0.662
0.662
0.206328
0.52216
0.160082
0.478292
0.662
0.662
0.273981
0.662
0.662
0.662
0.662
0.662
0.0106117
0.662
0.662
0.662
0.662
0.662
0.662
0.325143
0.662
0.419078
0.662
0.662
0.137281
0.410237
0.128286
0.249022
0.135141
0.397
0.474297
0.149825
0.662
