0.662
0.662
0.662
0.662
0.662
0.662
0.662
0.0114256
0.507258
0.328612
0.164695
0.194824
0.662
0.0166675
0.246738
0.662
0.15174
0.321182
0.0957932
0.32044
0.261508
0.662
0.662
0.197509
0.0197749
0.347289
0.140423
0.662
0.662
0.100982
0.316487
0.662
0.662
0.662
0.532829
0.662
0.0343124
0.662
0.662
0.662
0.662
0.662
0.662
0.662
0.0687778
0.450304
0.662
0.567812
0.187357
0.662
0.662
0.662
0.662
0.145741
0.269614
0.662
0.662
0.662
0.281197
0.451293
0.662
0.662
0.662
0.662
0.662
0.662
0.662
0.448245
0.662
0.346168
0.166881
0.662
0.662
0.662
0.662
0.662
0.216541
0.207091
0.308962
0.174944
0.394973
0.590502
0.662
0.457852
0.367163
0.662
0.662
0.201478
0.0144016
0.194233
0.662
0.662
0.200471
0.662
0.662
0.174488
0.662
0.662
0.209811
0.114423
0.662
0.662
0.268769
0.284416
0.184204
0.0385072
0.662
0.517905
0.662
0.0054011
0.14282
0.662
0.00426024
0.259669
0.662
0.467097
0.662
0.40182
0.662
0.662
0.543956
0.424091
0.662
0.662
0.0552593
0.662
0.662
0.662
0.662
0.662
0.662
0.662
0.662
0.212085
0.149825
0.662
0.662
0.662
0.322423
0.662
0.662
0.662
0.00397748
0.662
0.662
0.662
0.662
0.662
0.500584
0.662
0.478292
0.662
0.662
0.0770334
0.223244
0.662
0.345062
0.662
0.0123123
0.442495
0.662
0.662
0.662
0.662
0.662
0.662
0.662
0.273813
0.662
0.662
0.662
0.662
0.300599
0.321161
0.662
0.662
0.437638
0.0913169
0.662
0.397077
0.662
0.22391
0.319626
0.662
0.210878
0.662
0.662
0.117621
0.464993
0.308035
0.281182
0.197198
0.277183
0.540341
0.662
0.327828
0.662
0.388144
0.284778
0.213488
0.603928
0.214383
0.465582
0.104173
0.662
0.662
0.305857
0.662
0.424924
0.662
0.256248
0.116562
0.421935
0.0711329
0.157245
0.662
0.662
0.662
0.404892
0.45595
0.662
0.662
0.467169
0.0457513
0.662
0.146288
0.190753
0.180186
0.435968
0.162927
0.52216
0.419078
0.373865
0.0586523
0.662
0.662
0.662
0.662
0.662
0.662
0.451573
0.0206329
0.662
0.169331
0.255924
0.662
0.662
0.662
0.662
0.662
0.188284
0.327714
0.391375
0.662
0.444512
0.215133
0.0981064
0.633694
0.662
0.662
0.662
0.662
0.314296
0.662
0.662
0.662
0.603349
0.00544099
0.662
0.094435
0.322441
0.662
0.398112
0.662
0.662
0.662
0.662
0.325143
0.662
0.662
0.662
0.419386
0.662
0.662
0.322
0.662
0.179483
0.207134
0.328303
0.662
0.662
0.405452
0.662
0.0910247
0.16771
0.468193
0.285147
0.662
0.409354
0.662
0.435166
0.662
0.662
0.45404
0.662
0.662
0.19948
0.375927
0.662
0.662
0.662
0.358562
0.0427051
0.44894
0.662
0.662
0.662
0.662
0.0365244
0.163953
0.662
0.189379
0.540017
0.662
0.455244
0.662
0.0471693
0.246245
0.156305
0.662
0.662
0.662
0.662
0.181161
0.662
0.391398
0.662
0.662
0.233284
0.662
0.662
0.662
0.662
0.662
0.0354199
0.662
0.662
0.662
0.662
0.187837
0.662
0.447096
0.516343
0.171723
0.662
0.513132
0.662
0.510329
0.16932
0.662
0.662
0.662
0.349548
0.108382
0.363773
0.662
0.662
0.355338
0.45644
0.272339
0.662
0.662
0.662
0.0592452
0.662
0.662
0.304132
0.222681
0.662
0.662
0.662
0.662
0.662
0.579992
0.406767
0.0550683
0.662
0.662
0.25315
0.662
0.662
0.228205
0.464427
0.662
6.1097e-05
0.612538
0.662
0.166053
0.662
0.662
0.0894202
0.662
0.407267
0.662
0.662
0.662
0.268454
0.210269
0.662
0.249022
0.212959
0.662
0.303007
0.662
0.328795
0.471281
0.662
0.662
0.662
0.662
0.22102
0.419971
0.662
0.358553
0.456546
0.120762
0.662
0.662
0.380037
0.662
0.662
0.662
0.556056
0.106485
0.662
0.662
0.662
0.662
0.446927
0.662
0.24038
0.445064
0.662
0.662
0.662
0.662
0.471136
0.662
0.662
0.477457
0.662
0.662
0.332941
0.238499
0.27331
0.662
0.662
0.325561
0.662
0.20773
0.00117752
0.662
0.198614
0.0389635
0.662
0.662
0.269036
0.179657
0.662
0.47053
0.662
0.662
0.662
0.662
0.215414
0.662
0.662
0.113279
0.662
0.0269444
0.243494
0.0642358
0.0267312
0.662
0.662
0.662
0.662
0.662
0.662
0.662
0.662
0.662
0.662
0.662
0.000280024
0.662
0.280464
0.662
0.662
0.0849717
0.135794
0.662
0.662
0.322962
0.366735
0.143251
0.662
0.662
0.274299
0.299904
0.0693465
0.662
0.229831
0.662
0.662
0.273464
0.135023
0.662
0.0055931
0.120095
0.36051
0.662
0.0877296
0.1687
0.207641
0.122522
0.0391567
0.0477457
0.662
0.662
0.662
0.0701097
0.211329
0.662
0.0305799
0.662
0.662
0.261032
0.112931
0.662
0.441663
0.18821
0.662
0.662
0.456791
0.662
0.662
0.349874
0.662
0.621337
0.662
0.432821
0.662
0.662
0.662
0.662
0.276801
0.662
0.662
0.662
0.662
0.283621
0.662
0.662
0.0526168
0.547656
0.143445
0.397
0.200866
0.00331601
0.662
0.662
0.366728
0.662
0.662
0.662
0.0709221
0.662
0.467439
0.662
0.287991
0.273903
0.368211
0.662
0.0298513
0.390472
0.662
0.0655936
0.290311
0.662
0.662
0.0475039
0.336561
0.662
0.251777
0.361967
0.274771
0.112365
0.662
0.21015
0.662
0.662
0.662
0.0421441
0.662
0.155428
0.662
0.662
0.662
0.662
0.662
0.662
0.321561
0.493156
0.250723
0.662
0.230791
0.662
0.662
0.662
0.025294
0.238348
0.432971
0.662
0.662
0.662
0.662
0.662
0.662
0.662
0.662
0.303131
0.662
0.347435
0.338822
0.458373
0.133808
0.427121
0.662
0.662
0.359021
0.662
0.410827
0.329987
0.426703
0.389286
0.662
0.662
0.434249
0.662
0.299122
0.310934
0.662
0.476058
0.265435
0.662
0.662
0.242317
0.177229
0.662
0.662
0.54146
0.662
0.337915
0.51341
0.119332
0.173958
0.0288266
0.662
0.105404
0.248338
0.662
0.26724
0.605253
0.0627589
0.225541
0.662
0.662
0.334688
0.662
0.56406
0.198499
0.19899
0.495389
0.4086
0.289852
0.104663
0.315643
0.662
0.172923
0.245674
0.481877
0.142689
0.135141
0.453957
0.42936
0.662
0.662
0.275959
0.662
0.160197
0.487118
0.405984
0.662
0.662
0.662
0.294325
0.662
0.662
0.662
0.0741987
0.662
0.662
0.662
0.662
0.662
0.31019
0.62756
0.662
0.662
0.298396
0.141598
0.563971
0.328986
0.662
0.213586
0.662
0.662
0.463409
0.662
0.662
0.662
0.662
0.662
0.662
