0.139467
0.662
0.314475
0.0411805
0.499361
0.0591783
0.241627
0.662
0.662
0.662
0.662
0.662
0.233416
0.63049
0.662
0.0813382
0.662
0.662
0.289403
0.662
0.558981
0.662
0.662
0.662
0.662
0.41337
0.0192376
0.09817
0.393817
0.0465426
0.0465635
0.291258
0.662
0.425998
0.467213
0.662
0.662
0.662
0.662
0.662
0.499811
0.204381
0.0323167
0.387391
0.209992
0.662
0.662
0.260912
0.483866
0.354071
0.662
0.662
0.662
0.179545
0.370234
0.662
0.417466
0.396686
0.374653
0.149882
0.662
0.169838
0.662
0.464623
0.662
0.347636
0.473779
0.662
0.111586
0.662
0.439357
0.460737
0.166011
0.662
0.480771
0.662
0.662
0.256153
0.302158
0.662
0.662
0.506336
0.156124
0.018042
0.276728
0.0372166
0.662
0.662
0.662
0.315827
0.0108838
0.662
0.662
0.0875071
0.314958
0.158191
0.236542
0.662
0.0671757
0.335536
0.662
0.662
0.662
0.125283
0.450706
0.662
0.0824803
0.123975
0.313265
0.662
0.662
0.662
0.662
0.662
0.403384
0.662
0.662
0.662
0.458412
0.317454
0.22397
0.662
0.388889
0.662
0.662
0.662
0.295249
0.662
0.333486
0.43319
0.662
0.662
0.662
0.662
0.137741
0.662
0.484068
0.401608
0.662
0.662
0.361832
0.662
0.662
0.183704
0.662
0.109089
0.407198
0.662
0.359444
0.0196577
0.185693
0.662
0.662
0.257136
0.662
0.477128
0.432955
0.662
0.662
0.662
0.360626
0.198838
0.367989
0.268417
0.662
0.662
0.662
0.662
0.00224871
0.662
0.662
0.0567183
0.595639
0.662
0.201056
0.0780721
0.662
0.662
0.252273
0.662
0.662
0.260864
0.662
0.662
0.662
0.105586
0.662
0.411037
0.662
0.402168
0.662
0.44829
0.175081
0.379411
0.0352929
0.662
0.450153
0.662
0.372404
0.662
0.662
0.222081
0.101236
0.662
0.662
0.662
0.662
0.662
0.662
0.485425
0.373417
0.314821
0.662
0.662
0.0798769
0.126844
0.613214
0.611934
0.061475
0.662
0.12566
0.662
0.161395
0.313349
0.342961
0.264179
0.285994
0.662
0.662
0.662
0.662
0.231159
0.0908953
0.152802
0.662
0.662
0.662
0.310845
0.662
0.662
0.662
0.00807857
0.244229
0.662
0.0351038
0.226969
0.662
0.152893
0.0664217
0.155866
0.662
0.103038
0.244615
0.662
0.623211
0.0211524
0.662
0.129701
0.662
0.159706
0.662
0.346793
0.662
0.177278
0.662
0.662
0.226174
0.197519
0.432714
0.662
0.214125
0.384936
0.194896
0.205075
0.297248
0.113854
0.457063
0.00900074
0.22705
0.276626
0.662
0.0356
0.662
0.662
0.662
0.0901783
0.662
0.662
0.662
0.662
0.662
0.250426
0.662
0.295856
0.137743
0.40677
0.0922982
0.662
0.662
0.662
0.662
0.430718
0.662
0.662
0.404676
0.662
0.437008
0.662
0.3396
0.0248957
0.662
0.438982
0.24228
0.662
0.662
0.334837
0.662
0.662
0.662
0.350011
0.0852785
0.342708
0.376118
0.662
0.662
0.402109
0.651487
0.120399
0.662
0.662
0.387112
0.273748
0.662
0.332622
0.662
0.463858
0.438259
0.329614
0.662
0.662
0.662
0.662
0.501845
0.662
0.662
0.255205
0.662
0.662
0.492016
0.357401
0.662
0.165044
0.662
0.409492
0.428845
0.662
0.463187
0.662
0.662
0.641174
0.662
0.662
0.191907
0.206686
0.662
0.662
0.285538
0.20335
0.662
0.662
0.165847
0.662
0.0970273
0.249473
0.255411
0.11513
0.418679
0.662
0.662
0.662
0.234761
0.662
0.52307
0.662
0.662
0.662
0.662
0.662
0.420887
0.261146
0.108221
0.662
0.291332
0.346302
0.662
0.202869
0.662
0.0931764
0.237148
0.662
0.662
0.662
0.507021
0.0228888
0.37454
0.662
0.322692
0.179261
0.252623
0.493523
0.662
0.0752523
0.336379
0.163361
0.662
0.662
0.412084
0.662
0.662
0.662
0.207678
0.662
0.454559
0.662
0.457858
0.662
0.662
0.662
0.228883
0.662
0.0771053
0.241298
0.662
0.196217
0.662
0.25264
0.324275
0.662
0.662
0.00558804
0.40208
0.662
0.662
0.662
0.662
0.377344
0.662
0.390218
0.0100417
0.662
0.217671
0.662
0.662
0.500959
0.448804
0.458143
0.0374293
0.662
0.662
0.524073
0.662
0.662
0.552767
0.662
0.662
0.435479
0.148964
0.662
0.329903
0.662
0.662
0.333195
0.662
0.46297
0.662
0.662
0.0804499
0.662
0.325094
0.662
0.585021
0.662
0.662
0.662
0.662
0.662
0.222554
0.388761
0.273832
0.00344906
0.295195
0.662
0.392898
0.662
0.662
0.662
0.0729373
0.208064
0.662
0.359479
0.662
0.662
0.662
0.662
0.662
0.517519
0.371014
0.257454
0.0220421
0.662
0.208402
0.462221
0.132255
0.662
0.522799
0.16873
0.662
0.322009
0.128505
0.328479
0.662
0.662
0.386378
0.662
0.662
0.0778784
0.555624
0.662
0.473552
0.0147412
0.044667
0.662
0.0379997
0.662
0.662
0.662
0.36344
0.662
0.662
0.0398615
0.652952
0.252472
0.519079
0.662
0.316688
0.186253
0.112925
0.662
0.243529
0.326495
0.44569
0.195256
0.662
0.662
0.662
0.662
0.662
0.662
0.662
0.662
0.417284
0.662
0.21502
0.19145
0.662
0.384025
0.662
0.307115
0.282645
0.154288
0.128458
0.662
0.662
0.662
0.662
0.360879
0.247694
0.21871
0.662
0.662
0.662
0.662
0.662
0.117976
0.662
0.18201
0.662
0.318823
0.662
0.166984
0.164266
0.662
0.0238679
0.662
0.662
0.148339
0.406794
0.662
0.206316
0.662
0.0171211
0.403365
0.662
0.538022
0.662
0.662
0.662
0.17
0.662
0.662
0.662
0.216727
0.351326
0.0885303
0.662
0.335102
0.662
0.425192
0.180628
0.662
0.0702245
0.26497
0.560654
0.662
0.328189
0.199872
0.662
0.662
0.662
0.0798387
0.148241
0.662
