0.347748
0.336918
0.412527
0.123403
0.662
0.662
0.662
0.303469
0.662
0.423589
0.169508
0.662
0.489673
0.662
0.315869
0.45217
0.662
0.662
0.662
0.662
0.36542
0.40932
0.52165
0.662
0.662
0.662
0.320912
0.305392
0.216065
0.292102
0.662
0.448046
0.27806
0.662
0.10717
0.662
0.337247
0.662
0.662
0.426763
0.662
0.662
0.662
0.662
0.662
0.60974
0.351478
0.327981
0.662
0.353692
0.662
0.330757
0.0934641
0.662
0.662
0.379675
0.0584601
0.359043
0.662
0.662
0.338345
0.662
0.452281
0.662
0.231548
0.662
0.223904
0.662
0.263922
0.662
0.662
0.150832
0.376512
0.188296
0.513788
0.662
0.662
0.195329
0.662
0.662
0.662
0.0706733
0.662
0.662
0.143295
0.270328
0.0910152
0.662
0.662
0.19367
0.662
0.241888
0.662
0.459816
0.263911
0.662
0.106553
0.0411805
0.662
0.131741
0.145203
0.308272
0.662
0.274011
0.662
0.662
0.451051
0.662
0.662
0.662
0.0764952
0.344455
0.409122
0.135425
0.662
0.662
0.0550098
0.213119
0.662
0.662
0.294196
0.662
0.662
0.662
0.437032
0.191907
0.662
0.662
0.243907
0.0540038
0.662
0.662
0.14604
0.0177635
0.662
0.396399
0.662
0.487755
0.260399
0.662
0.662
0.662
0.324224
0.662
0.662
0.299094
0.247696
0.662
0.317862
0.662
0.0569225
0.234761
0.251148
0.662
0.441865
0.445795
0.228866
0.112419
0.662
0.662
0.662
0.608675
0.138699
0.229118
0.340896
0.312956
0.662
0.485777
0.662
0.411755
0.264932
0.151234
0.408171
0.173362
0.0211524
0.107878
0.662
0.662
0.662
0.662
0.44345
0.333187
0.451275
0.192155
0.662
0.662
0.662
0.662
0.662
0.0245813
0.662
0.662
0.202257
0.662
0.662
0.273183
0.662
0.141784
0.662
0.662
0.477881
0.662
0.255849
0.662
0.430253
0.0164485
0.265594
0.0283854
0.0146925
0.662
0.196844
0.431323
0.533213
0.417168
0.662
0.662
0.268143
0.373628
0.168127
0.476231
0.662
0.662
0.662
0.662
0.407198
0.399873
0.662
0.662
0.0648158
0.662
0.662
0.662
0.662
0.37443
0.266159
0.187379
0.662
0.320556
0.662
0.236321
0.662
0.662
0.662
0.397434
0.662
0.662
0.0298759
0.662
0.662
0.317942
0.330537
0.662
0.11514
0.662
0.495621
0.293008
0.111781
0.153881
0.662
0.0877666
0.338541
0.662
0.398444
0.46586
0.633694
0.0561952
0.662
0.662
0.611122
0.425919
0.662
0.662
0.662
0.273239
0.662
0.662
0.231996
0.662
0.325495
0.662
0.340315
0.662
0.44383
0.662
0.0459027
0.662
0.662
0.662
0.662
0.662
0.166155
0.662
0.662
0.662
0.662
0.19579
0.662
0.662
0.662
0.662
0.560192
0.434215
0.662
0.662
0.662
0.662
0.10124
0.41337
0.414874
0.643426
0.662
0.662
0.662
0.662
0.237304
0.662
0.662
0.139367
0.662
0.662
0.662
0.662
0.662
0.109799
0.662
0.662
0.662
0.479231
0.134778
0.662
0.221774
0.05375
0.662
0.662
0.662
0.32467
0.662
0.321875
0.662
0.494338
0.189184
0.0324146
0.450153
0.662
0.662
0.662
0.662
0.361848
0.662
0.226917
0.662
0.662
0.662
0.309141
0.662
0.662
0.229117
0.285886
0.662
0.12641
0.195917
0.662
0.662
0.662
0.662
0.166233
0.662
0.215443
0.260512
0.254996
0.41074
0.40936
0.231422
0.662
0.474716
0.460111
0.230037
0.662
0.662
0.0969174
0.662
0.662
0.662
0.429941
0.662
0.662
0.662
0.662
0.662
0.385914
0.662
0.0912128
0.662
0.527302
0.662
0.411225
0.249063
0.662
0.662
0.662
0.662
0.662
0.662
0.219274
0.371343
0.118302
0.194268
0.370234
0.662
0.518264
0.560962
0.662
0.443069
0.662
0.662
0.316141
0.115583
0.233291
0.662
0.662
0.662
0.662
0.123978
0.119873
0.54961
0.295817
0.662
0.662
0.397265
0.662
0.466554
0.662
0.662
0.155866
0.159026
0.662
0.662
0.662
0.306795
0.662
0.662
0.208882
0.45454
0.662
0.662
0.662
0.662
0.662
0.662
0.0975873
0.161364
0.662
0.00225509
0.662
0.662
0.662
0.662
0.295634
0.0382263
0.662
0.409131
0.662
0.662
0.662
0.662
0.662
0.662
0.662
0.450885
0.440546
0.065142
0.662
0.662
0.460737
0.0530619
0.294325
0.662
0.0410899
0.662
0.509473
0.662
0.127211
0.662
0.662
0.298399
0.426516
0.456925
0.662
0.367866
0.662
0.662
0.443683
0.32906
0.662
0.662
0.662
0.509249
0.135159
0.662
0.662
0.662
0.131991
0.179261
0.395533
0.158033
0.425913
0.662
0.217426
0.662
0.0513726
0.18201
0.662
0.662
0.233713
0.0190244
0.623713
0.263238
0.155118
0.290264
0.469788
0.174213
0.662
0.257136
0.146557
0.662
0.662
0.662
0.211425
0.142629
0.130666
0.662
0.662
0.662
0.662
0.662
0.662
0.45336
0.662
0.425954
0.662
0.169553
0.111673
0.367258
0.662
0.241493
0.275549
0.662
0.662
0.662
0.662
0.662
0.662
0.662
0.633694
0.662
0.662
0.662
0.662
0.145265
0.519735
0.450442
0.268975
0.400449
0.662
0.662
0.325018
0.662
0.365191
0.662
0.662
0.353898
0.385808
0.452008
0.466159
0.298757
0.319231
0.662
0.288361
0.349646
0.448162
0.662
0.446675
0.0885303
0.662
0.662
0.323102
0.662
0.662
0.108623
0.662
0.662
0.299374
0.662
0.662
0.662
0.0818061
0.662
0.662
0.122943
0.441379
0.166662
0.662
0.662
0.662
0.315287
0.225937
0.367899
0.662
0.336857
0.441699
0.185352
0.662
0.662
0.662
0.342961
0.1754
0.204443
0.662
0.302803
0.457798
0.662
0.662
0.054024
0.215805
0.314169
0.203336
0.662
0.252275
0.662
0.662
0.233416
0.662
0.0171211
0.292312
0.100877
0.662
0.464481
0.662
0.09463
0.662
0.662
0.241376
0.662
0.662
0.662
0.662
0.662
0.662
0.662
0.662
0.662
0.325673
0.662
0.212574
0.450719
0.662
0.228038
0.662
0.662
0.196038
0.441743
0.662
0.0134517
0.352236
0.662
0.473761
0.30463
0.662
0.662
0.662
0.0196577
0.662
0.14804
0.0922982
0.464347
0.662
0.662
0.662
0.662
0.415522
0.133543
0.662
0.662
0.662
0.662
