0.662
0.158403
0.662
0.662
0.662
0.364199
0.662
0.662
0.662
0.662
0.379739
0.662
0.662
0.662
0.662
0.0328812
0.390877
0.152953
0.662
0.662
0.662
0.410316
0.477595
0.348104
0.358345
0.662
0.662
0.662
0.199998
0.662
0.355335
0.662
0.662
0.468303
0.662
0.662
0.279626
0.662
0.238857
0.662
0.464113
0.662
0.662
0.662
0.246841
0.662
0.662
0.662
0.181513
0.169795
0.662
0.124045
0.662
0.662
0.662
0.662
0.662
0.0546294
0.662
0.198293
0.662
0.200488
0.662
0.662
0.662
0.442871
0.662
0.662
0.662
0.662
0.662
0.662
0.662
0.662
0.662
0.318889
0.662
0.662
0.662
0.662
0.662
0.662
0.662
0.228225
0.662
0.289319
0.473787
0.662
0.556055
0.662
0.662
0.662
0.662
0.377903
0.662
0.498654
0.0609702
0.0444479
0.662
0.662
0.430414
0.090123
0.244361
0.662
0.0911973
0.332003
0.271474
0.662
0.15659
0.662
0.662
0.0308573
0.662
0.206053
0.169253
0.662
0.222693
0.219058
0.662
0.51162
0.662
0.662
0.662
0.400089
0.437849
0.275824
0.662
0.445334
0.662
0.662
0.39838
0.0514774
0.662
0.18141
0.394161
0.662
0.374976
0.662
0.322904
0.662
0.213318
0.662
0.662
0.0154952
0.662
0.662
0.291794
0.430466
0.274429
0.376869
0.0243969
0.385222
0.662
0.662
0.539017
0.662
0.362698
0.172121
0.662
0.662
0.0714238
0.662
0.00285056
0.379921
0.662
0.0356425
0.662
0.662
0.662
0.451801
0.662
0.223161
0.662
0.662
0.662
0.611712
0.662
0.662
0.0958688
0.662
0.662
0.662
0.662
0.166907
0.662
0.113346
0.662
0.38148
0.450951
0.662
0.662
0.345536
0.426602
0.662
0.662
0.662
0.118244
0.25518
0.662
0.662
0.252367
0.312095
0.448408
0.0433862
0.662
0.662
0.185747
0.662
0.456744
0.0437147
0.307929
0.662
0.662
0.391665
0.00360702
0.0793745
0.390313
0.295746
0.290046
0.141891
0.662
0.662
0.662
0.662
0.550183
0.662
0.662
0.662
0.662
0.662
0.00827845
0.662
0.275161
0.662
0.662
0.662
0.662
0.662
0.215133
0.329753
0.117559
0.662
0.160271
0.662
0.662
0.173211
0.662
0.391738
0.662
0.445607
0.662
0.60116
0.662
0.449712
0.662
0.662
0.548024
0.345372
0.379101
0.662
0.662
0.561974
0.121593
0.662
0.0965022
0.662
0.662
0.662
0.426427
0.30403
0.00884477
0.26994
0.662
0.396873
0.439884
0.406684
0.662
0.188448
0.474167
0.662
0.662
0.418668
0.662
0.372477
0.0783946
0.662
0.662
0.421983
0.662
0.21622
0.662
0.0447314
0.370197
0.662
0.541142
0.662
0.662
0.294205
0.662
0.662
0.662
0.662
0.662
0.662
0.347257
0.279354
0.662
0.00901334
0.429408
0.662
0.662
0.662
0.662
0.662
0.0517509
0.662
0.662
0.33458
0.227123
0.127409
0.112349
0.662
0.00201144
0.502079
0.662
0.662
0.662
0.245411
0.662
0.493468
0.662
0.54006
0.0770247
0.662
0.662
0.662
0.662
0.204363
0.0295162
0.662
0.662
0.662
0.662
0.662
0.662
0.31695
0.662
0.43059
0.182452
0.369278
0.395819
0.662
0.662
0.350392
0.662
0.662
0.662
0.662
0.662
0.662
0.662
0.662
0.482477
0.0760252
0.662
0.662
0.137013
0.662
0.662
0.662
0.662
0.376051
0.662
0.240123
0.662
0.412386
0.662
0.356832
0.662
0.272935
0.662
0.290936
0.662
0.662
0.662
0.146538
0.376176
0.662
0.257451
0.662
0.662
0.662
0.662
0.662
0.662
0.662
0.229718
0.563053
0.662
0.4406
0.662
0.0216388
0.301082
0.662
0.154776
0.662
0.495726
0.662
0.662
0.292637
0.0369453
0.662
0.662
0.302516
0.19018
0.662
0.4101
0.390563
0.44505
0.336677
0.662
0.662
0.662
0.165189
0.61977
0.216352
0.446978
0.138814
0.662
0.662
0.662
0.662
0.261442
0.299028
0.377163
0.460014
0.172776
0.662
0.662
0.662
0.662
0.348784
0.461686
0.662
0.662
0.0937002
0.152884
0.274318
0.425118
0.662
0.662
0.0749749
0.139375
0.662
0.662
0.247174
0.662
0.662
0.662
0.662
0.320198
0.662
0.353901
0.272385
0.662
0.181537
0.662
0.176806
0.192451
0.313229
0.662
0.662
0.662
0.662
0.662
0.662
0.662
0.662
0.526278
0.225264
0.662
0.260271
0.0180277
0.662
0.662
0.128669
0.662
0.662
0.327444
0.316793
0.662
0.662
0.662
0.2081
0.662
0.662
0.258577
0.407546
0.331995
0.432561
0.662
0.0465721
0.662
0.662
0.662
0.247496
0.286688
0.662
0.662
0.662
0.456151
0.286593
0.662
0.483785
0.662
0.662
0.468183
0.25277
0.160262
0.662
0.662
0.662
0.384001
0.662
0.389343
0.662
0.344226
0.662
0.501406
0.143825
0.662
0.662
0.662
0.404026
0.361295
0.662
0.662
0.287401
0.662
0.662
0.304827
0.662
0.0546747
0.386775
0.662
0.070738
0.662
0.448642
0.662
0.662
0.399594
0.662
0.662
0.662
0.397987
0.261723
0.662
0.530003
0.662
0.662
0.15798
0.397943
0.662
0.662
0.662
0.662
0.662
0.662
0.286786
0.356756
0.0610066
0.662
0.662
0.595084
0.662
0.155585
0.0549875
0.662
0.198981
0.662
0.662
0.662
0.662
0.662
0.0829722
0.662
0.662
0.39596
0.449163
0.299794
0.282931
0.662
0.662
0.662
0.0737628
0.402896
0.526001
0.531151
0.325978
0.662
0.662
0.445919
0.55648
0.662
0.662
0.39822
0.662
0.0101522
0.662
0.455925
0.390267
0.662
0.662
0.473616
0.662
0.255596
0.260468
0.0714889
0.662
0.662
0.288914
0.298137
0.00901462
0.662
0.662
0.662
0.662
0.662
0.662
0.662
0.0537733
0.662
0.049236
0.662
0.662
0.662
0.412659
0.302104
0.0462061
0.662
0.123681
0.662
0.251839
0.137897
0.0665135
0.662
0.0314295
0.662
0.662
0.0474295
0.0496514
0.662
0.662
0.662
0.662
0.662
0.473801
0.662
0.280062
0.413771
0.662
0.662
0.662
0.403933
0.344739
0.125452
0.662
0.310204
0.220516
0.0255415
0.662
0.137018
0.476955
0.530465
0.662
0.247216
0.662
0.286068
0.662
0.414599
0.662
0.662
0.148417
0.662
0.398678
0.527551
0.0741094
0.300395
