0.662
0.325362
0.662
0.186842
0.662
0.589083
0.662
0.257044
0.662
0.216864
0.662
0.662
0.381466
0.573447
0.227225
0.662
0.400655
0.662
0.0306346
0.436829
0.662
0.30616
0.377712
0.662
0.0241868
0.662
0.21151
0.662
0.310677
0.662
0.195601
0.129832
0.662
0.662
0.32618
0.662
0.160533
0.440065
0.308603
0.662
0.662
0.14609
0.135629
0.445444
0.662
0.0403927
0.662
0.662
0.662
0.662
0.283753
0.175902
0.0208488
0.308366
0.662
0.22236
0.662
0.186934
0.387843
0.662
0.662
0.662
0.662
0.662
0.662
0.338488
0.662
0.662
0.662
0.52783
0.101958
0.662
0.16194
0.157646
0.304232
0.514703
0.463847
0.0635218
0.453304
0.149718
0.485482
0.165358
0.662
0.561114
0.157297
0.367598
0.662
0.662
0.300935
0.662
0.662
0.258565
0.662
0.325493
0.282001
0.662
0.662
0.662
0.662
0.22287
0.662
0.662
0.662
0.0632586
0.662
0.311793
0.662
0.662
0.360815
0.662
0.351747
0.314201
0.271705
0.662
0.186227
0.662
0.0187343
0.662
0.0312824
0.662
0.662
0.34061
0.19211
0.257189
0.532389
0.662
0.662
0.422696
0.662
0.431412
0.207519
0.662
0.662
0.237346
0.0197624
0.662
0.662
0.406843
0.662
0.662
0.015563
0.391317
0.0517632
0.638714
0.662
0.662
0.292846
0.662
0.662
0.662
0.662
0.0267689
0.122329
0.662
0.662
0.375846
0.662
0.0269362
0.197488
0.662
0.0947255
0.662
0.662
0.178908
0.19684
0.662
0.129352
0.662
0.242914
0.662
0.368066
0.525479
0.662
0.091694
0.662
0.451545
0.281408
0.662
0.662
0.611998
0.10943
0.472157
0.469914
0.662
0.00495493
0.0487411
0.662
0.0034634
0.662
0.662
0.340309
0.662
0.662
0.44187
0.662
0.542504
0.662
0.104175
0.137543
0.662
0.313433
0.243852
0.143765
0.662
0.543111
0.662
0.662
0.337227
0.662
0.662
0.662
0.662
0.662
0.401899
0.662
0.399603
0.0174262
0.412248
0.662
0.312154
0.662
0.662
0.477225
0.341742
0.0240875
0.662
0.662
0.662
0.662
0.662
0.0828309
0.404304
0.662
0.0632201
0.422794
0.662
0.205527
0.662
0.662
0.662
0.193545
0.117153
0.662
0.662
0.662
0.159175
0.585073
0.662
0.110673
0.105434
0.662
0.662
0.482643
0.662
0.662
0.0369996
0.662
0.662
0.0621863
0.662
0.295362
0.662
0.662
0.662
0.662
0.0789543
0.662
0.662
0.662
0.662
0.214788
0.471824
0.662
0.662
0.662
0.0212129
0.211247
0.148065
0.551572
0.0802701
0.110894
0.424311
0.662
0.234325
0.474518
0.120827
0.662
0.662
0.662
0.370521
0.289972
0.662
0.442577
0.662
0.0642488
0.662
0.662
0.22293
0.662
0.662
0.662
0.662
0.662
0.464951
0.662
0.349822
0.433235
0.662
0.40222
0.288929
0.662
0.570704
0.662
0.662
0.110531
0.241139
0.109107
0.662
0.484886
0.662
0.0921815
0.662
0.662
0.196216
0.587045
0.284935
0.139445
0.0026221
0.662
0.662
0.662
0.662
0.662
0.662
0.46642
0.336777
0.574416
0.662
0.662
0.662
0.662
0.662
0.662
0.662
0.341438
0.662
0.662
0.0810561
0.28903
0.662
0.662
0.408789
0.395947
0.662
0.662
0.662
0.662
0.662
0.662
0.662
0.662
0.463413
0.441305
0.662
0.662
0.662
0.662
0.00765966
0.662
0.262873
0.662
0.472494
0.0543603
0.28213
0.23032
0.166579
0.662
0.468428
0.662
0.662
0.0912231
0.662
0.662
0.662
0.662
0.0467031
0.510033
0.159523
0.662
0.319558
0.375915
0.315364
0.662
0.662
0.306132
0.662
0.128945
0.254703
0.662
0.350266
0.662
0.0284867
0.157643
0.662
0.0435165
0.0421931
0.295963
0.662
0.662
0.662
0.242427
0.0171034
0.662
0.662
0.662
0.201485
0.662
0.0272907
0.662
0.662
0.662
0.49282
0.297159
0.662
0.454761
0.151355
0.430977
0.662
0.662
0.0295936
0.662
0.662
0.0602132
0.662
0.662
0.662
0.662
0.350347
0.397943
0.385562
0.662
0.662
0.662
0.245044
0.662
0.662
0.473611
0.662
0.208461
0.662
0.662
0.662
0.662
0.198833
0.153518
0.662
0.463848
0.662
0.662
0.662
0.662
0.662
0.383978
0.271333
0.662
0.662
0.350565
0.662
0.408759
0.662
0.662
0.404203
0.662
0.272525
0.662
0.662
0.194238
0.183322
0.0789844
0.662
0.662
0.172551
0.338048
0.662
0.440016
0.130097
0.662
0.662
0.662
0.662
0.662
0.662
0.113721
0.166789
0.265393
0.662
0.257904
0.662
0.0979696
0.662
0.333709
0.195868
0.486844
0.413476
0.154567
0.27848
0.662
0.34516
0.254942
0.242818
0.662
0.0441037
0.662
0.407282
0.662
0.662
0.509941
0.662
0.662
0.305312
0.00329768
0.414843
0.112047
0.20283
0.398055
0.0272968
0.0346483
0.225014
0.662
0.11885
0.515618
0.156925
0.662
0.417782
0.662
0.099578
0.469898
0.662
0.199596
0.376101
0.160633
0.662
0.662
0.662
0.20534
0.553031
0.662
0.662
0.27496
0.662
0.662
0.662
0.662
0.154045
0.431736
0.662
0.287617
0.662
0.662
0.662
0.0677878
0.662
0.273114
0.662
0.454887
0.662
0.329986
0.271312
0.434686
0.662
0.662
0.662
0.662
0.662
0.662
0.662
0.577039
0.662
0.0432526
0.123656
0.662
0.191404
0.662
0.662
0.662
0.662
0.662
0.662
0.153669
0.662
0.662
0.662
0.662
0.122269
0.242445
0.662
0.662
0.662
0.461263
0.209385
0.662
0.662
0.662
0.509058
0.662
0.662
0.244122
0.662
0.350867
0.662
0.662
0.662
0.662
0.662
0.466451
0.662
0.662
0.662
0.418544
0.230733
0.464856
0.662
0.662
