0.662
0.2879
0.662
0.43833
0.662
0.662
0.243372
0.246742
0.401007
0.449992
0.662
0.134545
0.662
0.662
0.662
0.258815
0.232144
0.253838
0.442652
0.440595
0.14815
0.209668
0.662
0.098418
0.662
0.465406
0.662
0.444941
0.371701
0.320883
0.187304
0.477628
0.378525
0.0280051
0.662
0.231458
0.0868985
0.662
0.488841
0.423254
0.662
0.127932
0.0192492
0.479204
0.662
0.329545
0.662
0.662
0.299863
0.662
0.662
0.129911
0.662
0.662
0.36377
0.557334
0.426646
0.662
0.662
0.662
0.471632
0.0756826
0.32292
0.0387022
0.257634
0.150316
0.662
0.662
0.662
0.00727808
0.662
0.0437961
0.425341
0.198374
0.662
0.662
0.662
0.457724
0.242818
0.455987
0.188632
0.242533
0.662
0.213358
0.285365
0.662
0.591157
0.662
0.662
0.0750108
0.267067
0.662
0.469556
0.49314
0.662
0.662
0.355738
0.380118
0.662
0.434793
0.0108529
0.448136
0.662
0.662
0.662
0.662
0.662
0.662
0.662
0.315268
0.662
0.432816
0.662
0.258963
0.608141
0.662
0.155684
0.662
0.662
0.290951
0.662
0.269211
0.325246
0.18445
0.662
0.277255
0.343491
0.662
0.662
0.223028
0.550814
0.662
0.0323892
0.662
0.662
0.662
0.662
0.00887649
0.662
0.662
0.40248
0.662
0.345177
0.662
0.662
0.486613
0.435471
0.173368
0.109043
0.662
0.662
0.662
0.419805
0.662
0.662
0.662
0.662
0.662
0.308673
0.443439
0.662
0.0634776
0.662
0.662
0.662
0.662
0.153285
0.187702
0.267293
0.662
0.662
0.269634
0.316843
0.126697
0.662
0.505424
0.662
0.258652
0.379999
0.662
0.662
0.662
0.662
0.662
0.190008
0.109736
0.132295
0.0819023
0.430442
0.0487865
0.662
0.662
0.403916
0.662
0.0591289
0.225779
0.244489
0.662
0.289195
0.367443
0.311209
0.419604
0.367758
0.450318
0.0306346
0.662
0.194772
0.662
0.302762
0.261825
0.662
0.662
0.0264714
0.662
0.662
0.148564
0.418666
0.662
0.0828309
0.468995
0.662
0.133286
0.281903
0.143215
0.380455
0.662
0.662
0.662
0.46883
0.165264
0.166854
0.29303
0.662
0.0768391
0.461993
0.662
0.0636337
0.471699
0.464162
0.432281
0.662
0.662
0.299476
0.662
0.662
0.423883
0.662
0.662
0.662
0.662
0.497641
0.662
0.278302
0.662
0.433235
0.310838
0.128677
0.227138
0.0698228
0.662
0.662
0.662
0.662
0.359341
0.662
0.139662
0.232629
0.662
0.662
0.351612
0.349249
0.662
0.662
0.0435165
0.662
0.0690713
0.662
0.662
0.149383
0.662
0.662
0.662
0.192654
0.319862
0.3795
0.662
0.662
0.662
0.387466
0.662
0.141664
0.462129
0.0598152
0.662
0.215946
0.662
0.378005
0.662
0.212393
0.439272
0.662
0.662
0.0241868
0.662
0.662
0.662
0.127279
0.662
0.662
0.103867
0.662
0.662
0.144461
0.471402
0.662
0.662
0.662
0.662
0.353295
0.662
0.287055
0.410194
0.435622
0.0571622
0.252104
0.662
0.0587263
0.364522
0.662
0.662
0.225171
0.662
0.277245
0.166185
0.662
0.662
0.662
0.662
0.242357
0.662
0.662
0.662
0.115255
0.330173
0.662
0.0709473
0.214868
0.662
0.662
0.662
0.48159
0.662
0.557863
0.218253
0.422406
0.662
0.662
0.0240361
0.662
0.357547
0.286873
0.662
0.662
0.662
0.499665
0.662
0.353619
0.176038
0.662
0.0809786
0.226058
0.438326
0.662
0.65931
0.662
0.0900533
0.662
0.103241
0.496253
0.662
0.0407317
0.393197
0.507891
0.363322
0.662
0.662
0.431739
0.427333
0.662
0.662
0.662
0.662
0.662
0.0296767
0.662
0.662
0.662
0.662
0.324418
0.33582
0.662
0.121329
0.662
0.453369
0.0789844
0.662
0.440409
0.662
0.366291
0.0811406
0.168746
0.15062
0.662
0.420275
0.662
0.107584
0.662
0.0174262
0.474795
0.662
0.408789
0.662
0.430117
0.549137
0.388423
0.662
0.441743
0.662
0.354381
0.424932
0.288449
0.662
0.662
0.662
0.662
0.35113
0.350091
0.662
0.662
0.662
0.662
0.109418
0.297906
0.0844651
0.519791
0.0128783
0.662
0.0346684
0.401205
0.662
0.662
0.662
0.17298
0.662
0.362339
0.633694
0.662
0.461874
0.334969
0.662
0.662
0.35521
0.169312
0.662
0.662
0.662
0.662
0.608353
0.107488
0.662
0.341298
0.6607
0.411367
0.0319526
0.437113
0.662
0.662
0.0701666
0.662
0.662
0.662
0.662
0.662
0.255905
0.0460942
0.662
0.662
0.662
0.662
0.662
0.662
0.662
0.133619
0.662
0.662
0.0516264
0.662
0.662
0.662
0.662
0.662
0.662
0.662
0.140331
0.380217
0.662
0.662
0.662
0.418196
0.662
0.359374
0.26299
0.662
0.354468
0.662
0.262899
0.3145
0.662
0.154267
0.314752
0.44748
0.662
0.662
0.662
0.662
0.662
0.662
0.475424
0.662
0.420228
0.662
0.0656456
0.662
0.478253
0.168447
0.662
0.662
0.327302
0.275975
0.182093
0.662
0.137258
0.662
0.662
0.151071
0.0419195
0.436143
0.0577122
0.662
0.458512
0.662
0.662
0.312937
0.662
0.662
0.423844
0.662
0.178555
0.525564
0.384132
0.662
0.296088
0.0104998
0.662
0.662
0.662
0.662
0.35234
0.122719
0.662
0.662
0.473951
0.0944104
0.511552
0.662
0.662
0.133349
0.662
0.471147
0.205703
0.662
0.662
0.662
0.662
0.662
0.662
0.0400269
0.140722
0.662
0.211624
0.403552
0.635973
0.253992
0.662
0.310167
0.662
0.662
0.289793
0.662
0.662
0.662
0.106217
0.662
0.662
0.0848464
0.214344
0.104049
0.662
0.662
0.662
0.413869
0.358512
