0.194531
0.662
0.0532742
0.662
0.265373
0.662
0.662
0.184204
0.662
0.662
0.265665
0.662
0.662
0.662
0.662
0.662
0.451873
0.280161
0.662
0.632364
0.662
0.424903
0.662
0.662
0.254194
0.662
0.456159
0.662
0.662
0.0212116
0.590256
0.662
0.662
0.662
0.662
0.662
0.662
0.503205
0.662
0.662
0.662
0.662
0.240593
0.192551
0.470734
0.662
0.0526168
0.662
0.471031
0.662
0.662
0.662
0.662
0.662
0.662
0.162834
0.662
0.173958
0.662
0.662
0.662
0.254725
0.662
0.662
0.366739
0.387692
0.662
0.662
0.0307445
0.172608
0.662
0.662
0.0644327
0.288244
0.479922
0.662
0.321201
0.662
0.253287
0.662
0.325439
0.11584
0.181658
0.662
0.420877
0.662
0.33522
0.662
0.21083
0.662
0.662
0.0801
0.261665
0.160019
0.208969
0.662
0.662
0.296147
0.662
0.662
0.662
0.000422636
0.662
0.388743
0.207384
0.499274
0.439873
0.662
0.662
0.662
0.662
0.662
0.19948
0.662
0.662
0.662
0.662
0.662
0.117394
0.164959
0.662
0.341625
0.241452
0.662
0.662
0.662
0.0773283
0.662
0.118486
0.329603
0.256117
0.662
0.473763
0.46595
0.00154178
0.246516
0.402479
0.662
0.662
0.662
0.662
0.217994
0.375451
0.463106
0.556241
0.180079
0.135023
0.303895
0.662
0.662
0.17367
0.662
0.662
0.662
0.662
0.662
0.662
0.662
0.662
0.662
0.150738
0.662
0.662
0.662
0.353942
0.662
0.662
0.662
0.0553237
0.375138
0.662
0.633694
0.31002
0.417009
0.662
0.662
0.662
0.662
0.662
0.662
0.662
0.0560311
0.318139
0.662
0.421804
0.200998
0.314471
0.662
0.09718
0.0739847
0.000298585
0.294325
0.390311
0.038246
0.471387
0.365174
0.662
0.662
0.522402
0.662
0.662
0.422458
0.662
0.105493
0.215961
0.662
0.303007
0.662
0.662
0.248229
0.113976
0.662
0.662
0.213971
0.464604
0.219948
0.539347
0.662
0.662
0.05235
0.411066
0.0621566
0.662
0.334678
0.662
0.305934
0.453966
0.288109
0.662
0.662
0.306022
0.662
0.662
0.662
0.662
0.662
0.662
0.662
0.662
0.662
0.662
0.662
0.662
0.662
0.662
0.662
0.662
0.160197
0.220406
0.327597
0.662
0.360714
0.0622781
0.662
0.0713694
0.470764
0.262254
0.262747
0.167962
0.0833005
0.63339
0.662
0.256217
0.369464
0.1329
0.662
0.662
0.662
0.526844
0.662
0.200778
0.662
0.277183
0.336745
0.662
0.662
0.169633
0.267884
0.267705
0.662
0.662
0.662
0.662
0.307941
0.220074
0.0386047
0.19026
0.662
0.662
0.0744284
0.219232
0.662
0.49037
0.255614
0.316951
0.396453
0.190753
0.322417
0.662
0.662
0.662
0.662
0.131797
0.662
0.63339
0.662
0.662
0.662
0.452071
0.537007
0.662
0.267042
0.367962
0.22138
0.662
0.662
0.529203
0.662
0.662
0.311573
0.468193
0.662
0.662
0.662
0.662
0.662
0.409264
0.662
0.662
0.464679
0.662
0.662
0.662
0.205583
0.662
0.662
0.662
0.662
0.072676
0.662
0.662
0.448488
0.662
0.0310597
0.662
0.662
0.662
0.31144
0.290311
0.662
0.357188
0.662
0.662
0.662
0.0149497
0.333247
0.662
0.662
0.299624
0.200515
0.662
0.662
0.662
0.317013
0.0246827
0.662
0.662
0.662
0.430365
0.662
0.380037
0.662
0.0958688
0.662
0.662
0.293896
0.125767
0.429278
0.662
0.124052
0.662
0.662
0.29959
0.662
0.662
0.11701
0.662
0.0227861
0.662
0.141826
0.662
0.19018
0.415648
0.470623
0.662
0.662
0.315447
0.500006
0.662
0.406428
0.662
0.0682599
0.662
0.662
0.662
0.662
0.436285
0.662
0.185353
0.662
0.662
0.662
0.662
0.662
0.443854
0.00142633
0.662
0.610541
0.521818
0.00828419
0.662
0.662
0.662
0.662
0.662
0.662
0.437519
0.662
0.0227378
0.281182
0.662
0.231784
0.662
0.662
0.662
0.342179
0.662
0.662
0.196224
0.160319
0.221224
0.361462
0.3255
0.220604
0.662
0.268232
0.0469828
0.10494
0.186436
0.63309
0.240531
0.131609
0.329868
0.283134
0.351602
0.00918165
0.662
0.662
0.376557
0.662
0.662
0.662
0.662
0.0821795
0.662
0.346102
0.662
0.662
0.662
0.396406
0.662
0.662
0.194715
0.488327
0.662
0.543791
0.167776
0.662
0.662
0.662
0.196048
0.662
0.099501
0.662
0.662
0.193002
0.356832
0.662
0.662
0.263496
0.662
0.662
0.662
0.662
0.662
0.662
0.0950496
0.662
0.662
0.662
0.662
0.455729
0.662
0.238612
0.662
0.662
0.662
0.662
0.662
0.266582
0.662
0.468858
0.662
0.662
0.613162
0.439253
0.0495668
0.105822
0.115787
0.662
0.449618
0.0952612
0.461195
0.209697
0.289761
0.662
0.0755568
0.272339
0.662
0.662
0.189887
0.190126
0.662
0.662
0.189748
0.662
0.662
0.662
0.662
0.411682
0.240879
0.0114256
0.662
0.662
0.305857
0.465429
0.662
0.140423
0.327513
0.662
0.499977
0.662
0.662
0.662
0.460201
0.281418
0.24158
0.662
0.662
0.662
0.456784
0.662
0.662
0.341158
0.662
0.385393
0.662
0.242796
0.662
0.662
0.0611007
0.662
0.662
0.662
0.662
0.00168814
0.662
0.402295
0.2136
0.662
0.662
0.312737
0.662
0.512824
0.21838
0.662
0.0502671
0.159538
0.108396
0.0444479
0.344846
0.431667
0.662
0.662
0.307188
0.482312
0.259938
0.303655
0.662
0.662
0.337093
0.0352847
0.438098
0.662
0.339185
0.662
0.444484
0.325129
0.662
0.662
0.111295
0.662
0.23886
0.662
0.209204
0.148728
0.0369779
0.485749
0.662
0.662
0.604527
0.662
0.662
0.56406
0.662
0.662
0.23197
0.662
0.467301
0.662
0.291704
0.143067
0.662
0.409363
0.662
0.662
0.662
0.662
0.662
0.21283
0.493824
0.662
0.662
0.662
0.444289
0.662
0.662
0.265391
0.662
0.662
0.476775
0.662
0.662
0.662
0.662
0.662
0.0931538
0.662
0.662
0.455446
0.662
0.662
0.20828
0.662
0.0795304
0.662
0.169947
0.662
0.107689
0.662
0.662
0.662
0.662
0.327908
0.662
0.662
0.662
0.662
0.662
0.387728
0.0559044
0.662
0.366014
0.442692
0.414325
0.0968361
0.662
0.662
0.636157
0.482875
0.662
0.0106117
0.662
0.191939
0.474254
0.0284196
0.662
0.421724
0.662
0.662
0.514253
0.662
0.314264
0.144419
0.358675
0.5794
0.662
0.662
0.662
0.662
0.662
0.662
0.662
0.662
0.39471
0.662
0.441187
0.560641
0.662
0.236196
0.662
0.662
0.662
0.662
0.662
0.04067
0.0224089
0.0580793
0.662
0.430334
0.449866
0.338574
0.662
0.662
0.0940759
0.330433
0.604932
0.662
0.182245
0.662
0.311477
0.662
0.206988
0.024865
0.662
0.662
0.662
0.662
0.498738
0.376728
0.292
0.662
0.448059
0.37319
0.662
0.022889
0.0568205
0.30852
0.197509
0.337329
0.662
0.662
0.169677
0.662
0.421663
0.662
0.543956
0.662
0.662
0.662
0.662
