0.650216
0.19664
0.662
0.427121
0.662
0.662
0.662
0.662
0.469309
0.0108036
0.155428
0.662
0.292687
0.662
0.284346
0.409218
0.662
0.662
0.211329
0.662
0.662
0.340063
0.662
0.18707
0.434249
0.445064
0.662
0.150413
0.662
0.230681
0.662
0.662
0.366732
0.4929
0.258404
0.361825
0.0354863
0.073387
0.662
0.375331
0.662
0.662
0.662
0.422482
0.355028
0.662
0.308415
0.202613
0.0080961
0.662
0.662
0.457187
0.662
0.662
0.300033
0.102157
0.236576
0.317616
0.171307
0.559336
0.0692034
0.662
0.4736
0.236163
0.289801
0.0858096
0.662
0.310571
0.662
0.662
0.662
0.18735
0.662
0.334655
0.662
0.662
0.662
0.662
0.662
0.662
0.367459
0.349548
0.256666
0.662
0.662
0.662
0.0471693
0.449019
0.155802
0.00117752
0.170598
0.662
0.662
0.265468
0.52155
0.0868193
0.662
0.662
0.662
0.620108
0.662
0.0701855
0.662
0.662
0.224182
0.21844
0.468651
0.662
0.662
0.183782
0.662
0.662
0.662
0.662
0.103237
0.662
0.662
0.662
0.662
0.662
0.136725
0.662
0.211555
0.662
0.662
0.388144
0.393208
0.662
0.469141
0.00374037
0.173072
0.662
0.662
0.662
0.662
0.662
0.662
0.662
0.662
0.0564988
0.662
0.10795
0.662
0.662
0.0272621
0.464429
0.430496
0.662
0.662
0.246094
0.477016
0.662
0.662
0.427412
0.480092
0.662
0.309027
0.662
0.622434
0.662
0.615774
0.0705358
0.662
0.662
0.457852
0.662
0.662
0.359093
0.412312
0.662
0.573327
0.662
0.39802
0.471852
0.662
0.662
0.0761407
0.662
0.662
0.662
0.400564
0.0197749
0.0661798
0.662
0.419921
0.0826265
0.662
0.662
0.662
0.662
0.33816
0.662
0.359631
0.304132
0.369607
0.156327
0.662
0.662
0.662
0.22391
0.662
0.138534
0.282742
0.662
0.662
0.662
0.662
0.662
0.450165
0.00369598
0.662
0.662
0.429681
0.128385
0.0166675
0.662
0.662
0.662
0.662
0.284394
0.662
0.662
0.259019
0.428637
0.662
0.294767
0.118292
0.662
0.36642
0.662
0.648309
0.453107
0.196348
0.662
0.662
0.662
0.320681
0.662
0.224249
0.662
0.662
0.662
0.0589915
0.23822
0.494945
0.430482
0.300403
0.37428
0.662
0.662
0.390908
0.351844
0.451299
0.397618
0.239849
0.662
0.662
0.662
0.662
0.0193674
0.662
0.662
0.367163
0.26011
0.393727
0.662
0.662
0.662
0.186479
0.662
0.662
0.662
0.270286
0.662
0.662
0.311949
0.458128
0.662
0.437295
0.662
0.662
0.662
0.316217
0.662
0.662
0.662
0.662
0.4542
0.662
0.662
0.211376
0.662
0.662
0.216511
0.173209
0.662
0.230481
0.0168501
0.412234
0.662
0.47436
0.662
0.238397
0.237612
0.157479
0.662
0.662
0.662
0.228205
0.00956691
0.662
0.662
0.662
0.319379
0.662
0.662
0.0298928
0.34951
0.662
0.0536847
0.273577
0.362869
0.446718
0.367862
0.662
0.662
0.0379467
0.662
0.662
0.662
0.662
0.534941
0.662
0.662
0.662
0.242516
0.662
0.187533
0.0196339
0.451734
0.0694669
0.662
0.104173
0.047638
0.662
0.662
0.307924
0.662
0.175288
0.662
0.662
0.662
0.662
0.662
0.662
0.135051
0.662
0.332987
0.662
0.100982
0.243472
0.662
0.662
0.662
0.662
0.00397748
0.410002
0.251559
0.662
0.662
0.662
0.662
0.662
0.662
0.662
0.273727
0.358078
0.45595
0.662
0.662
0.662
0.40297
0.426631
0.409637
0.662
0.662
0.662
0.121719
0.662
0.00830331
0.0726885
0.662
0.322687
0.662
0.388478
0.436486
0.662
0.486974
0.662
0.400462
0.382402
0.224973
0.662
0.662
0.581651
0.326506
0.210932
0.18821
0.456546
0.283152
0.0894481
0.373865
0.662
0.285284
0.662
0.432271
0.662
0.379112
0.120774
0.30734
0.550505
0.662
0.329422
0.224473
0.366484
0.662
0.662
0.474868
0.662
0.28205
0.662
0.662
0.662
0.662
0.365064
0.662
0.334401
0.662
0.662
0.150025
0.244407
0.662
0.662
0.662
0.213071
0.408785
0.213324
0.662
0.662
0.662
0.103013
0.662
0.662
0.370281
0.289376
0.662
0.0165616
0.404892
0.241714
0.662
0.662
0.662
0.662
0.662
0.271441
0.0421441
0.662
0.18586
0.199909
0.662
0.662
0.662
0.662
0.662
0.662
0.0055931
0.190942
0.45127
0.255476
0.662
0.662
0.662
0.662
0.424664
0.662
0.662
0.662
0.662
0.466668
0.662
0.305732
0.662
0.662
0.41506
0.662
0.264887
0.662
0.662
0.662
0.431217
0.662
0.662
0.662
0.662
0.662
0.377203
0.662
0.616144
0.662
0.662
0.662
0.298043
0.0732096
0.662
0.146699
0.147083
0.662
0.662
0.47099
0.662
0.301706
0.662
0.0400688
0.299463
0.662
0.662
0.662
0.0931354
0.662
0.145741
0.00544099
0.662
0.40182
0.662
0.233684
0.662
0.455386
0.114946
0.662
0.662
0.0355143
0.0123123
0.434398
0.474157
0.0217727
0.662
0.422472
0.662
0.278626
0.662
0.355374
0.436331
0.662
0.662
0.520477
0.662
0.662
0.0934279
0.662
0.0670005
0.662
0.454962
0.662
0.473076
0.0154077
0.257335
0.52688
0.662
0.662
0.105984
0.662
0.662
0.281238
0.208732
0.662
0.0255712
0.601135
0.427859
0.662
0.662
0.662
0.662
0.391398
0.257083
0.446087
0.662
0.162079
0.323382
0.662
0.662
0.662
0.662
0.662
0.662
0.132201
0.187283
0.662
0.616249
0.548232
0.662
0.243372
0.662
0.662
0.662
0.662
0.283077
0.662
0.0454084
0.273751
0.662
0.662
0.662
0.402904
0.215133
0.662
0.662
0.662
0.662
0.454129
0.662
0.662
0.662
0.010047
0.662
0.662
0.0722418
0.662
0.662
0.662
0.449111
0.202206
0.240051
0.403302
0.374127
0.662
0.662
0.25435
0.439012
0.0206329
0.662
0.662
0.662
0.431442
0.662
0.662
0.0267312
0.662
0.446927
0.418664
0.185349
0.215916
0.133236
0.662
0.512164
0.662
0.662
0.0709221
0.270553
0.662
0.662
0.218011
0.662
0.266528
0.556858
0.662
0.222343
0.443171
0.662
0.662
0.662
0.44041
0.433489
0.662
0.662
0.662
0.662
0.662
0.662
0.662
0.662
0.662
0.137763
0.506837
0.0288702
0.0142011
0.180928
0.662
0.175246
0.416986
0.421935
0.625836
0.597707
0.662
0.662
0.662
0.0609867
0.662
0.662
