0.359892
0.223053
0.662
0.322678
0.662
0.662
0.313285
0.662
0.662
0.346952
0.472003
0.405969
0.394617
0.0638704
0.662
0.296696
0.662
0.662
0.204654
0.662
0.662
0.0465001
0.242148
0.0791018
0.197085
0.318263
0.662
0.362225
0.662
0.662
0.662
0.277255
0.180871
0.662
0.223781
0.662
0.310167
0.662
0.295088
0.427365
0.662
0.515968
0.662
0.358928
0.0583264
0.366499
0.662
0.662
0.662
0.662
0.662
0.552666
0.662
0.662
0.545247
0.530731
0.193334
0.662
0.223028
0.461524
0.662
0.0154684
0.450318
0.662
0.258963
0.662
0.662
0.662
0.662
0.338395
0.662
0.0308024
0.302282
0.0768391
0.662
0.188417
0.662
0.662
0.662
0.398108
0.662
0.662
0.50839
0.167233
0.662
0.662
0.0339346
0.662
0.662
0.662
0.662
0.0959897
0.0152799
0.0341213
0.662
0.662
0.662
0.000658638
0.563083
0.662
0.325734
0.662
0.284297
0.354189
0.135837
0.129811
0.471649
0.662
0.662
0.662
0.662
0.376987
0.662
0.662
0.399592
0.662
0.348005
0.244971
0.662
0.0729889
0.662
0.0109971
0.662
0.571407
0.662
0.478955
0.662
0.376594
0.211863
0.390252
0.662
0.662
0.662
0.662
0.0141907
0.415324
0.662
0.149855
0.662
0.0953083
0.662
0.662
0.662
0.662
0.55298
0.509783
0.469437
0.347557
0.244891
0.662
0.662
0.505195
0.662
0.385166
0.126929
0.294134
0.662
0.662
0.168153
0.350517
0.0866779
0.662
0.662
0.109043
0.269634
0.473951
0.14741
0.138824
0.662
0.420522
0.662
0.662
0.662
0.068742
0.152063
0.137185
0.256071
0.662
0.438467
0.0497946
0.112932
0.662
0.258825
0.323318
0.662
0.24293
0.662
0.0992341
0.662
0.14314
0.449355
0.404302
0.662
0.0577255
0.662
0.662
0.662
0.0537658
0.662
0.454945
0.662
0.662
0.00331941
0.520359
0.662
0.22332
0.420228
0.662
0.662
0.64954
0.208866
0.340698
0.489898
0.659659
0.662
0.60692
0.662
0.44555
0.662
0.662
0.662
0.662
0.21769
0.662
0.662
0.215789
0.346464
0.53983
0.662
0.662
0.367018
0.444225
0.662
0.296402
0.662
0.662
0.256427
0.0811401
0.662
0.662
0.662
0.288925
0.662
0.202944
0.662
0.662
0.662
0.662
0.662
0.662
0.399132
0.595284
0.662
0.662
0.662
0.662
0.662
0.070582
0.457789
0.408071
0.204276
0.662
0.494508
0.372036
0.662
0.662
0.662
0.662
0.266181
0.633391
0.00855405
0.662
0.628391
0.662
0.662
0.558541
0.277021
0.662
0.420565
0.662
0.205647
0.662
0.594841
0.662
0.375804
0.662
0.141664
0.168209
0.318885
0.662
0.662
0.662
0.662
0.0323519
0.662
0.0299669
0.309434
0.662
0.194219
0.327367
0.377373
0.101397
0.662
0.662
0.197583
0.438762
0.366755
0.662
0.662
0.387508
0.662
0.14741
0.103974
0.662
0.406739
0.341804
0.221209
0.662
0.281882
0.662
0.662
0.662
0.190913
0.110556
0.444074
0.273982
0.662
0.387761
0.662
0.347716
0.662
0.468956
0.65931
0.662
0.662
0.662
0.478422
0.234279
0.389697
0.0829321
0.662
0.662
0.0961892
0.662
0.662
0.662
0.206493
0.662
0.662
0.0556977
0.662
0.662
0.662
0.288465
0.662
0.326159
0.662
0.0786536
0.662
0.662
0.662
0.432693
0.662
0.662
0.662
0.662
0.0380811
0.662
0.662
0.662
0.312722
0.662
0.662
0.455487
0.217192
0.662
0.662
0.251988
0.662
0.662
0.662
0.662
0.513953
0.0280051
0.461668
0.662
0.662
0.662
0.662
0.662
0.503443
0.662
0.243372
0.445706
0.422108
0.662
0.1263
0.662
0.235039
0.271725
0.33718
0.662
0.443367
0.474562
0.662
0.116142
0.662
0.662
0.479534
0.0633636
0.00711329
0.662
0.662
0.662
0.662
0.662
0.662
0.423257
0.374292
0.662
0.662
0.662
0.159303
0.10051
0.662
0.662
0.460951
0.662
0.0772701
0.662
0.662
0.478253
0.338105
0.129265
0.662
0.662
0.662
0.662
0.662
0.662
0.662
0.662
0.389937
0.662
0.403833
0.662
0.662
0.390964
0.47175
0.215233
0.266003
0.662
0.662
0.431865
0.662
0.353639
0.662
0.0971965
0.0803317
0.662
0.662
0.110781
0.662
0.662
0.29689
0.387831
0.279763
0.256053
0.662
0.662
0.313047
0.662
0.537036
0.662
0.662
0.662
0.535398
0.365253
0.26538
0.113953
0.27294
0.371935
0.349855
0.032689
0.264596
0.662
0.148275
0.0244198
0.662
0.196147
0.245914
0.662
0.015332
0.37236
0.662
0.662
0.662
0.15429
0.15062
0.662
0.662
0.662
0.157701
0.662
0.0884755
0.662
0.662
0.633694
0.502696
0.133286
0.662
0.286091
0.662
0.662
0.662
0.420732
0.195849
0.357865
0.498258
0.662
0.662
0.662
0.662
0.506846
0.0594877
0.662
0.662
0.168791
0.662
0.662
0.0228662
0.345581
0.220877
0.246444
0.662
0.662
0.372168
0.244048
0.187444
