0.207299
0.662
0.0141907
0.662
0.354959
0.207095
0.454945
0.0587263
0.662
0.281903
0.44805
0.304809
0.662
0.662
0.633694
0.662
0.662
0.192088
0.662
0.48848
0.662
0.0387022
0.50839
0.457724
0.235363
0.0516264
0.208631
0.20668
0.578154
0.109276
0.127279
0.662
0.420228
0.0656456
0.0816044
0.0953083
0.286873
0.662
0.262133
0.662
0.662
0.662
0.168791
0.228119
0.271367
0.0605695
0.662
0.0218156
0.662
0.0437961
0.662
0.662
0.662
0.107584
0.662
0.423762
0.172851
0.442215
0.00438911
0.662
0.00708761
0.206817
0.188418
0.662
0.662
0.662
0.662
0.662
0.662
0.662
0.662
0.356558
0.662
0.662
0.0959897
0.397318
0.662
0.662
0.662
0.662
0.662
0.662
0.313285
0.450053
0.662
0.662
0.662
0.450678
0.348005
0.662
0.42396
0.662
0.0716658
0.128481
0.662
0.662
0.0662059
0.662
0.138824
0.1289
0.387861
0.549353
0.662
0.391991
0.662
0.662
0.662
0.662
0.662
0.662
0.245364
0.388589
0.425341
0.0598317
0.662
0.378732
0.127341
0.662
0.662
0.662
0.187304
0.206493
0.258815
0.103867
0.662
0.0467754
0.110556
0.0308024
0.0381209
0.662
0.662
0.339227
0.662
0.376138
0.662
0.662
0.662
0.662
0.662
0.116142
0.0112026
0.137583
0.662
0.662
0.662
0.662
0.0795468
0.662
0.347326
0.662
0.380217
0.258963
0.208923
0.662
0.0261422
0.662
0.662
0.652622
0.290299
0.0777033
0.662
0.662
0.662
0.213063
0.427365
0.0598152
0.256538
0.289793
0.519791
0.604018
0.662
0.221723
0.449355
0.148123
0.662
0.146479
0.662
0.662
0.662
0.29303
0.662
0.662
0.662
0.662
0.662
0.382163
0.407356
0.662
0.662
0.662
0.662
0.149855
0.662
0.157701
0.662
0.378005
0.662
0.662
0.662
0.015459
0.351612
0.662
0.662
0.384651
0.662
0.662
0.662
0.0189859
0.662
0.662
0.662
0.631069
0.662
0.662
0.662
0.662
0.39377
0.662
0.662
0.526324
0.118466
0.662
0.662
0.197085
0.662
0.481004
0.662
0.662
0.662
0.662
0.662
0.662
0.411367
0.114103
0.662
0.662
0.431865
0.455847
0.302282
0.350517
0.100932
0.662
0.662
0.333085
0.662
0.256261
0.662
0.302343
0.289026
0.662
0.662
0.0125956
0.662
0.662
0.294257
0.662
0.662
0.450221
0.662
0.662
0.220247
0.452003
0.662
0.0294657
0.662
0.490765
0.122719
0.662
0.152063
0.267293
0.662
0.486613
0.40007
0.136609
0.032644
0.662
0.346111
0.356829
0.662
0.662
0.15062
0.40248
0.21838
0.336195
0.215402
0.662
0.662
0.662
0.443969
0.141664
0.662
0.188632
0.662
0.442652
0.403552
0.662
0.662
0.642452
0.0577122
0.662
0.134364
0.65931
0.225779
0.567737
0.264746
0.456463
0.220877
0.0701666
0.662
0.662
0.662
0.374848
0.170049
0.662
0.439272
0.662
0.662
0.471649
0.662
0.662
0.662
0.662
0.350091
0.410194
0.477628
0.662
0.662
0.116528
0.320883
0.662
0.460951
0.662
0.204313
0.595284
0.662
0.662
0.662
0.0154684
0.662
0.535398
0.150655
0.662
0.662
0.408071
0.662
0.662
0.662
0.662
0.299863
0.662
0.662
0.662
0.662
0.662
0.243828
0.205703
0.362339
0.139662
0.662
0.385844
0.471147
0.662
0.425897
0.010143
0.171543
0.662
0.662
0.320722
0.662
0.112932
0.662
0.662
0.0234782
0.662
0.662
0.662
0.662
0.662
0.662
0.111819
0.662
0.0726032
0.662
0.662
0.662
0.104049
0.662
0.475424
0.257634
0.662
0.137258
0.335583
0.310838
0.160431
0.662
0.662
0.000658638
0.416752
0.662
0.0786536
0.442446
0.499665
0.662
0.662
0.35113
0.282388
0.0206933
0.269081
0.662
0.662
0.662
0.111503
0.662
0.223028
0.217192
0.221209
0.662
0.322943
0.131103
0.0772701
0.346952
0.0280051
0.662
0.0460942
0.109043
0.312937
0.662
0.662
0.662
0.662
0.662
0.662
0.662
0.0347776
0.662
0.662
0.662
0.437113
0.0825854
0.662
0.322002
0.662
0.662
0.361858
0.662
0.32729
0.272885
0.662
0.662
0.279214
0.184333
0.662
0.662
0.662
0.24293
0.662
0.662
0.350273
0.662
0.474795
0.511552
0.14958
0.662
0.662
0.662
0.0638704
0.274289
0.662
0.662
0.471632
0.466802
0.662
0.662
0.269634
0.0497066
0.662
0.318263
0.109736
0.662
0.662
0.12379
0.662
0.0768391
0.377052
0.343975
0.662
0.461524
0.243372
0.662
0.662
0.473951
0.154993
0.662
0.0602876
0.413432
0.227721
0.253838
0.662
0.662
0.440409
0.55298
0.372168
0.4074
0.351226
0.464162
0.662
0.662
0.199743
0.308694
0.662
0.185848
0.662
0.662
0.255905
0.406396
0.662
0.0223627
0.662
0.662
0.41673
0.0341541
0.662
0.424932
0.396795
0.418196
0.662
0.348919
0.337582
0.0246689
0.507891
0.292045
0.662
0.662
0.662
0.662
0.296088
0.662
0.662
0.399132
0.459463
0.662
0.0400269
0.596244
0.513953
0.662
0.662
0.662
0.0944104
0.662
0.662
0.662
0.319546
0.662
0.662
0.662
0.662
0.662
0.662
0.662
0.662
0.133286
0.662
0.662
0.662
0.662
0.662
0.367018
0.662
0.662
0.662
0.662
0.37887
0.478253
0.662
0.662
0.430117
0.662
0.662
0.256427
0.335653
0.279763
0.662
0.208866
0.662
0.662
0.662
0.662
0.450318
0.662
0.662
0.246304
0.288925
0.26847
0.662
0.359374
0.461993
0.205647
