0.371782
0.662
0.105586
0.662
0.316688
0.197519
0.137743
0.333486
0.387391
0.662
0.180628
0.662
0.662
0.217671
0.129035
0.253698
0.662
0.241298
0.0351038
0.662
0.393817
0.104461
0.662
0.403384
0.662
0.425954
0.264573
0.662
0.326495
0.662
0.662
0.342708
0.662
0.662
0.662
0.662
0.662
0.406794
0.662
0.185693
0.662
0.662
0.375562
0.165847
0.662
0.662
0.662
0.662
0.662
0.117976
0.662
0.662
0.662
0.662
0.0248957
0.166382
0.238911
0.585021
0.662
0.334837
0.662
0.463858
0.662
0.662
0.662
0.662
0.662
0.332622
0.231159
0.662
0.222081
0.186253
0.662
0.32973
0.662
0.132255
0.662
0.662
0.662
0.662
0.662
0.0970273
0.430718
0.0211524
0.322009
0.201164
0.018042
0.0100417
0.63049
0.662
0.209992
0.662
0.0778784
0.0931764
0.662
0.662
0.662
0.218537
0.0192376
0.662
0.257454
0.662
0.662
0.15703
0.662
0.0398615
0.662
0.260912
0.662
0.36344
0.401608
0.426572
0.506336
0.662
0.357401
0.285852
0.463187
0.641174
0.662
0.662
0.662
0.19145
0.662
0.662
0.252273
0.202869
0.662
0.662
0.662
0.313387
0.450153
0.662
0.346302
0.458143
0.155866
0.310845
0.00224871
0.480771
0.0215977
0.111586
0.432955
0.0217005
0.662
0.662
0.250613
0.226969
0.662
0.195256
0.662
0.47144
0.205888
0.662
0.662
0.662
0.662
0.0729373
0.0262078
0.662
0.0752523
0.662
0.197975
0.662
0.0108838
0.365671
0.402168
0.662
0.161061
0.662
0.662
0.163361
0.662
0.149882
0.243529
0.244229
0.662
0.0813382
0.662
0.618706
0.21502
0.40677
0.662
0.420887
0.517519
0.662
0.662
0.662
0.425192
0.662
0.662
0.662
0.206316
0.257136
0.662
0.662
0.662
0.662
0.457063
0.662
0.662
0.425998
0.662
0.314821
0.662
0.473552
0.417466
0.662
0.240826
0.161395
0.662
0.662
0.662
0.662
0.662
0.662
0.25503
0.0372166
0.662
0.662
0.178031
0.662
0.166984
0.662
0.662
0.662
0.662
0.662
0.101236
0.662
0.474716
0.485425
0.373417
0.662
0.0548944
0.233416
0.467206
0.662
0.128505
0.662
0.662
0.218964
0.662
0.342961
0.329903
0.560654
0.662
0.191907
0.662
0.241146
0.128458
0.662
0.44067
0.159706
0.662
0.662
0.662
0.662
0.662
0.34732
0.662
0.252472
0.662
0.662
0.662
0.348688
0.367989
0.09817
0.662
0.460737
0.662
0.236542
0.169838
0.662
0.662
0.662
0.314958
0.662
0.194896
0.500959
0.662
0.662
0.662
0.662
0.0379997
0.137741
0.164266
0.26497
0.240227
0.662
0.662
0.662
0.662
0.0780721
0.402109
0.662
0.473779
0.662
0.662
0.662
0.662
0.22705
0.392898
0.412084
0.662
0.228883
0.662
0.0871709
0.662
0.662
0.0671757
0.662
0.342505
0.499361
0.662
0.662
0.236015
0.169553
0.0798769
0.0437169
0.662
0.662
0.328189
0.199872
0.125283
0.43319
0.351706
0.662
0.454559
0.115479
0.662
0.0912128
0.0356
0.662
0.483866
0.662
0.662
0.662
0.237148
0.662
0.452281
0.0374293
0.662
0.243727
0.662
0.507021
0.662
0.318823
0.662
0.154288
0.0243984
0.247694
0.662
0.234761
0.662
0.384936
0.208402
0.662
0.120399
0.450706
0.662
0.662
0.662
0.662
0.054288
0.112925
0.662
0.129701
0.662
0.662
0.448804
0.282645
0.662
0.0196577
0.662
0.662
0.388761
0.387112
0.662
0.662
0.662
0.662
0.270297
0.662
0.322692
0.187111
0.662
0.148964
0.662
0.662
0.365625
0.335102
0.409492
0.662
0.662
0.407198
0.662
0.199203
0.499811
0.307115
0.662
0.662
0.662
0.662
0.662
0.662
0.662
0.662
0.451768
0.662
0.662
0.662
0.375446
0.662
0.282582
0.179545
0.662
0.44345
0.439357
0.317454
0.662
0.264179
0.115838
0.0591783
0.291332
0.662
0.662
0.255205
0.662
0.177278
0.0824245
0.662
0.662
0.662
0.20335
0.651487
0.662
0.662
0.662
0.662
0.662
0.404676
0.662
0.662
0.662
0.198838
0.358935
0.662
0.662
0.662
0.662
0.662
0.207678
0.250426
0.25264
0.324275
0.387732
0.662
0.662
0.662
0.438259
0.662
0.384025
0.361832
0.662
0.662
0.325094
0.662
0.662
0.662
0.662
0.15038
0.662
0.662
0.273748
0.662
0.662
0.662
0.0861917
0.0771053
0.174576
0.662
0.662
0.198732
0.662
0.662
0.662
0.662
0.662
0.276728
0.662
0.662
0.152893
0.222554
0.662
0.0875071
0.139467
0.662
0.662
0.662
0.662
0.22397
0.662
0.484068
0.662
0.662
0.662
0.435479
0.314475
0.152802
0.151836
0.00558804
0.209291
0.52307
0.141784
0.662
0.662
0.662
0.662
0.396686
0.662
0.662
0.662
0.662
0.370234
0.329614
0.662
0.662
0.437008
0.376118
0.360626
0.267674
0.00517139
0.662
0.13144
0.196217
0.201056
0.662
0.103038
0.372404
0.662
0.662
0.662
0.0702245
0.662
0.226174
0.181918
0.662
0.662
0.662
0.37454
0.662
0.19563
0.662
0.302158
0.123975
0.268417
0.377344
0.662
0.633694
0.519079
0.278724
0.662
0.662
0.430068
0.662
0.346793
0.13895
0.662
0.364373
0.662
0.662
0.662
0.204381
0.224412
0.662
0.382811
0.328479
0.662
0.313265
0.662
0.333195
0.662
0.46297
0.0220421
0.527881
0.41337
0.662
0.662
0.0852785
0.472682
0.0171211
0.662
0.0170735
0.241627
0.390218
0.662
0.462221
0.403365
0.267561
0.289403
0.662
0.0664217
0.148241
0.662
0.662
0.662
0.464623
0.252623
0.662
0.385569
0.386378
0.662
0.205075
0.662
0.662
0.0352929
0.662
0.179261
0.284418
0.662
0.662
0.662
0.148339
0.201158
0.662
0.301879
0.239416
0.21871
0.662
0.315827
0.662
0.662
0.323466
0.390076
0.474444
0.662
0.662
0.662
0.662
0.0844733
0.40208
0.336379
0.662
0.467213
0.418679
0.662
0.479338
0.175081
0.662
0.662
0.662
0.611934
0.17
