0.662
0.0718139
0.662
0.662
0.662
0.662
0.662
0.662
0.662
0.138824
0.662
0.361858
0.343975
0.0718659
0.662
0.0294657
0.0347776
0.464162
0.662
0.662
0.0516264
0.477628
0.44805
0.116528
0.662
0.347326
0.662
0.662
0.648615
0.269081
0.662
0.662
0.243372
0.662
0.662
0.662
0.662
0.376138
0.00938483
0.662
0.440595
0.662
0.478253
0.0602876
0.302282
0.425341
0.112932
0.662
0.662
0.407035
0.662
0.281903
0.662
0.274289
0.662
0.356558
0.662
0.662
0.378005
0.662
0.35234
0.662
0.614662
0.662
0.662
0.633694
0.267293
0.662
0.662
0.454945
0.551926
0.256538
0.662
0.50839
0.662
0.269634
0.662
0.662
0.519791
0.662
0.351226
0.662
0.662
0.662
0.662
0.432514
0.171543
0.307626
0.310838
0.256427
0.438326
0.662
0.662
0.127932
0.662
0.346111
0.561004
0.662
0.221209
0.396795
0.662
0.336195
0.662
0.662
0.662
0.662
0.104049
0.662
0.190008
0.205703
0.662
0.662
0.662
0.418196
0.662
0.42374
0.452003
0.662
0.662
0.185848
0.319546
0.294257
0.0125956
0.662
0.406116
0.446412
0.662
0.662
0.439272
0.109736
0.662
0.282388
0.662
0.282147
0.662
0.662
0.662
0.333085
0.499665
0.152063
0.662
0.327302
0.662
0.662
0.662
0.662
0.662
0.442652
0.313285
0.662
0.398157
0.662
0.662
0.662
0.662
0.0346272
0.662
0.662
0.346952
0.426044
0.662
0.662
0.0400269
0.035187
0.662
0.0598152
0.662
0.662
0.3145
0.374877
0.323187
0.662
0.322943
0.160431
0.662
0.450053
0.122719
0.300903
0.40248
0.662
0.662
0.221723
0.662
0.0189859
0.662
0.662
0.0777033
0.662
0.234996
0.662
0.109043
0.662
0.18149
0.662
0.0751893
0.662
0.43969
0.662
0.662
0.367018
0.352566
0.486613
0.662
0.642452
0.411367
0.662
0.662
0.662
0.0893278
0.421049
0.0246689
0.662
0.205647
0.0698228
0.662
0.662
0.291897
0.137583
0.662
0.391991
0.662
0.662
0.488841
0.662
0.0497066
0.0953083
0.0460942
0.40007
0.245364
0.131103
0.127279
0.662
0.456463
0.399132
0.549425
0.220428
0.255905
0.662
0.00708761
0.513953
0.662
0.662
0.662
0.207095
0.188418
0.662
0.662
0.662
0.217468
0.662
0.443969
0.662
0.662
0.128481
0.24293
0.461524
0.0577122
0.0944104
0.662
0.662
0.208631
0.662
0.662
0.662
0.662
0.339227
0.350091
0.137258
0.450318
0.0546868
0.121096
0.662
0.535398
0.359374
0.296088
0.662
0.4771
0.410194
0.134364
0.0805031
0.0141907
0.65931
0.110556
0.662
0.149855
0.106695
0.662
0.631069
0.220247
0.662
0.662
0.662
0.201116
0.662
0.0381209
0.662
0.662
0.26868
0.662
0.280519
0.103867
0.662
0.662
0.18172
0.0587263
0.662
0.662
0.662
0.662
0.337582
0.423762
0.662
0.139662
0.662
0.000658638
0.662
0.662
0.662
0.49314
0.289918
0.154267
0.662
0.320883
0.150655
0.257634
0.464153
0.148564
0.662
0.662
0.662
0.0280051
0.442215
0.662
0.662
0.350517
0.131174
0.0467754
0.0701666
0.567737
0.662
0.662
0.471147
0.168447
0.662
0.662
0.318263
0.662
0.424932
0.662
0.662
0.662
0.662
0.662
0.459463
0.662
0.662
0.0176371
0.662
0.662
0.662
0.133286
0.382163
0.662
0.0341541
0.662
0.662
0.662
0.662
0.662
0.662
0.109276
0.662
0.408071
0.0638704
0.475933
0.111819
0.253838
0.168791
0.604018
0.662
0.107584
0.526324
0.258815
0.662
0.387861
0.662
0.289026
0.223028
0.473637
0.344781
0.662
0.525564
0.662
0.662
0.35113
0.662
0.0656456
0.15062
0.475424
0.240089
0.662
0.443439
0.662
0.662
0.378525
0.662
0.662
0.374848
0.271367
0.662
0.662
0.662
0.662
0.474795
0.662
0.187304
0.378732
0.662
0.662
0.662
0.662
0.511552
0.662
0.372168
0.293244
0.662
0.662
0.362339
0.0237619
0.662
0.111503
0.380217
0.662
0.188632
0.662
0.0154684
0.662
0.457724
0.168662
0.662
0.461993
0.662
0.243828
0.118466
0.0749862
0.0319526
0.388829
0.286873
0.662
0.114103
0.662
0.662
0.030191
0.662
0.460951
0.354959
0.199743
0.455987
0.662
0.662
0.416752
0.662
0.662
0.662
0.0387022
0.662
0.662
0.55298
0.662
0.662
0.262133
0.662
0.662
0.662
0.662
0.427365
0.662
0.662
0.662
0.498843
0.662
0.662
0.662
0.662
0.355093
0.662
0.662
0.0662059
0.662
0.662
0.071891
0.596244
0.662
0.662
0.403552
0.471632
0.268577
0.662
0.662
0.204761
0.662
0.455847
0.0816044
0.320722
0.662
0.29303
0.662
0.490765
0.0358852
0.662
0.662
0.662
0.184333
0.437113
0.662
0.507891
0.662
0.289195
0.662
0.662
0.662
0.662
0.662
0.010143
0.440409
0.261446
0.662
0.0768391
0.0223627
0.662
0.258963
0.662
0.439732
0.662
0.662
0.662
0.662
0.662
0.662
0.662
0.662
0.662
0.662
0.141664
0.466802
0.662
0.0605695
0.662
0.662
0.37887
0.348005
0.662
0.662
0.662
0.652622
0.290299
0.197085
0.26847
0.662
0.356621
0.662
0.471649
0.662
0.406396
0.473951
0.154993
0.662
0.431865
0.323008
0.662
0.662
0.662
0.312937
0.0950055
0.335653
0.662
0.348919
0.430117
0.662
0.662
0.351612
0.63339
0.662
0.662
0.662
0.662
0.662
0.0786536
0.662
0.662
0.0437961
0.662
0.300228
0.662
0.662
0.146479
0.662
0.225779
0.299863
0.172851
0.662
