0.432981
0.199636
0.477076
0.662
0.662
0.662
0.662
0.662
0.0783354
0.662
0.275773
0.105533
0.140229
0.662
0.662
0.0905256
0.0677906
0.662
0.290586
0.662
0.662
0.0213265
0.662
0.662
0.662
0.33643
0.0867779
0.662
0.662
0.0490269
0.0544502
0.662
0.662
0.662
0.210853
0.662
0.662
0.626474
0.240597
0.662
0.0791268
0.662
0.662
0.180642
0.662
0.36832
0.662
0.63919
0.662
0.662
0.662
0.209856
0.662
0.340756
0.662
0.662
0.662
0.662
0.662
0.662
0.662
0.173386
0.662
0.662
0.662
0.662
0.662
0.0595756
0.662
0.374567
0.307232
0.662
0.662
0.00148252
0.662
0.662
0.662
0.0830589
0.225849
0.662
0.662
0.662
0.346283
0.389881
0.662
0.6351
0.583688
0.662
0.0704753
0.662
0.662
0.358974
0.0459223
0.302352
0.144036
0.662
0.662
0.0930933
0.662
0.257628
0.338357
0.182536
0.210273
0.662
0.432868
0.168928
0.332642
0.38129
0.433638
0.444907
0.307158
0.229819
0.319253
0.662
0.662
0.662
0.662
0.662
0.481455
0.0914073
0.207832
0.662
0.175815
0.662
0.662
0.662
0.662
0.219181
0.662
0.201158
0.536116
0.662
0.662
0.0487266
0.00254134
0.662
0.662
0.662
0.662
0.502872
0.057425
0.363929
0.662
0.39481
0.662
0.662
0.662
0.662
0.662
0.662
0.0688275
0.407883
0.0402281
0.662
0.662
0.662
0.0544901
0.662
0.255182
0.169524
0.662
0.662
0.394852
0.343785
0.662
0.334721
0.227631
0.662
0.458718
0.244226
0.43503
0.662
0.662
0.662
0.662
0.25077
0.466265
0.662
0.190809
0.221019
0.662
0.283626
0.662
0.662
0.662
0.0901771
0.662
0.662
0.662
0.662
0.256542
0.0517448
0.662
0.0981198
0.319045
0.345756
0.170547
0.662
0.662
0.0822858
0.232782
0.662
0.662
0.662
0.662
0.662
0.662
0.662
0.468276
0.662
0.132608
0.662
0.662
0.400242
0.5631
0.306994
0.662
0.662
0.370102
0.388064
0.662
0.662
0.519121
0.198966
0.221576
0.662
0.460363
0.23228
0.0346326
0.599857
0.662
0.414081
0.662
0.208383
0.0722949
0.662
0.514768
0.45429
0.662
0.146294
0.260041
0.24989
0.662
0.662
0.662
0.662
0.662
0.662
0.122218
0.662
0.102829
0.385637
0.463769
0.484764
0.469649
0.662
0.423254
0.662
0.461991
0.592899
0.331151
0.0595107
0.662
0.336499
0.662
0.662
0.0918386
0.439029
0.662
0.662
0.074699
0.108892
0.662
0.0236629
0.662
0.20424
0.40211
0.662
0.662
0.662
0.173376
0.226005
0.480825
0.662
0.662
0.359574
0.179932
0.392877
0.662
0.382778
0.226405
0.462275
0.662
0.107218
0.662
0.285078
0.13061
0.662
0.662
0.662
0.662
0.0375233
0.270869
0.662
0.662
0.662
0.142014
0.265535
0.662
0.447389
0.37662
0.0987619
0.662
0.662
0.662
0.252152
0.281828
0.389141
0.662
0.662
0.662
0.662
0.662
0.662
0.458829
0.662
0.662
0.410399
0.662
0.584391
0.662
0.662
0.662
0.229521
0.662
0.42573
0.183185
0.310425
0.662
0.426163
0.23926
0.662
0.0440942
0.0329768
0.168668
0.662
0.662
0.662
0.0891568
0.208003
0.662
0.446616
0.334204
0.662
0.662
0.662
0.317332
0.662
0.662
0.662
0.662
0.662
0.662
0.416171
0.662
0.227929
0.662
0.55538
0.662
0.0143313
0.145595
0.662
0.662
0.662
0.662
0.662
0.285735
0.662
0.342269
0.662
0.116066
0.303305
0.662
0.662
0.20791
0.206597
0.441757
0.467585
0.033769
0.662
0.662
0.662
0.303891
0.662
0.436524
0.233384
0.134014
0.662
0.662
0.185896
0.662
0.333047
0.414672
0.662
0.662
0.44717
0.470328
0.662
0.270136
0.0535976
0.0351303
0.662
0.662
0.405351
0.371052
0.662
0.24396
0.625261
0.354973
0.114195
0.0447955
0.470605
0.662
0.662
0.662
0.662
0.360672
0.662
0.662
0.413158
0.662
0.662
0.448863
0.662
0.662
0.0474345
0.662
0.662
0.662
0.241618
0.504114
0.47468
0.662
0.662
0.662
0.662
0.662
0.662
0.11822
0.294145
0.118937
0.662
0.215919
0.662
0.662
0.662
0.662
0.0823922
0.662
0.270661
0.0774049
0.373198
0.662
0.397042
0.15637
0.662
0.0727861
0.662
0.0249361
0.372449
0.414557
0.662
0.662
0.3892
0.662
0.662
0.662
0.319051
0.189727
0.662
0.662
0.662
0.662
0.662
0.662
0.662
0.501704
0.662
0.445828
0.662
0.0819325
0.411365
0.662
0.662
0.307769
0.662
0.662
0.248597
0.662
0.328912
0.662
0.428104
0.229236
0.145811
0.662
0.621344
0.640209
0.662
0.399504
0.116784
0.165505
0.662
0.517599
0.144051
0.297928
0.195881
0.662
0.0224479
0.662
0.662
0.662
0.662
0.428725
0.111758
0.662
0.662
0.0812961
0.38257
0.662
0.662
0.662
0.662
0.662
0.428961
0.662
0.183411
0.662
0.438962
0.223958
0.662
0.204675
0.0614313
0.662
0.662
0.282844
0.464708
0.343082
0.206984
0.0856945
0.0298676
0.662
0.0357311
0.353804
0.280009
0.662
0.662
0.662
0.236507
0.344977
0.662
0.157789
0.343004
0.662
0.662
0.212663
0.00922479
0.411808
0.662
0.662
0.662
0.662
0.662
0.15296
0.1823
0.448658
0.100026
0.22905
0.662
0.662
0.131575
0.662
0.662
0.158701
0.662
0.0529294
0.062792
0.662
0.662
0.662
0.662
0.662
0.662
0.464362
0.228728
0.471117
0.236308
0.429008
0.473298
0.662
0.552066
0.662
0.662
0.662
0.662
0.662
0.0977668
0.539862
0.0670212
0.662
0.662
0.662
0.262913
0.159103
0.00742493
0.662
0.662
0.444362
0.288399
0.305292
0.662
0.662
0.662
