0.118762
0.662
0.288399
0.662
0.343082
0.662
0.662
0.350082
0.662
0.662
0.104883
0.662
0.662
0.662
0.662
0.662
0.662
0.662
0.662
0.662
0.662
0.0459223
0.190809
0.0765539
0.199636
0.122564
0.383601
0.128729
0.662
0.512035
0.478426
0.662
0.662
0.662
0.157789
0.343004
0.0914073
0.317332
0.662
0.662
0.662
0.662
0.662
0.662
0.662
0.662
0.0677906
0.180759
0.662
0.451198
0.583688
0.0930933
0.0823922
0.662
0.302989
0.662
0.662
0.272859
0.311667
0.171352
0.229521
0.405563
0.662
0.662
0.0411127
0.247616
0.662
0.662
0.0781053
0.0727583
0.0844521
0.662
0.662
0.662
0.662
0.308453
0.662
0.466179
0.662
0.360672
0.662
0.340941
0.240597
0.662
0.662
0.501704
0.662
0.363699
0.274107
0.147742
0.237229
0.133453
0.541116
0.143836
0.662
0.662
0.103901
0.174507
0.662
0.662
0.662
0.662
0.662
0.354113
0.30666
0.0556598
0.214684
0.386116
0.23228
0.13061
0.662
0.662
0.662
0.198966
0.662
0.662
0.461976
0.576932
0.173386
0.0676508
0.145595
0.662
0.188539
0.413268
0.277057
0.662
0.662
0.259614
0.138397
0.245734
0.204171
0.467032
0.0196935
0.584391
0.662
0.662
0.662
0.662
0.201158
0.662
0.662
0.15637
0.662
0.403062
0.599857
0.0905256
0.662
0.662
0.35888
0.662
0.197262
0.662
0.662
0.662
0.662
0.662
0.487149
0.662
0.662
0.662
0.107588
0.428431
0.662
0.662
0.366866
0.175815
0.21197
0.662
0.662
0.662
0.414557
0.367279
0.0858149
0.662
0.662
0.0440942
0.166401
0.260041
0.279033
0.662
0.242152
0.662
0.129397
0.662
0.662
0.662
0.662
0.662
0.379171
0.662
0.662
0.662
0.473499
0.662
0.219181
0.408422
0.360862
0.662
0.662
0.400045
0.662
0.00027716
0.662
0.133584
0.662
0.281828
0.316077
0.662
0.247134
0.662
0.13557
0.332275
0.662
0.589329
0.662
0.364989
0.166034
0.662
0.662
0.0251531
0.662
0.662
0.354661
0.00148252
0.141761
0.323756
0.416171
0.387274
0.0279773
0.34278
0.662
0.0890331
0.662
0.302352
0.662
0.270136
0.0275305
0.413158
0.662
0.662
0.304566
0.328668
0.662
0.451289
0.662
0.457148
0.423018
0.359574
0.662
0.662
0.662
0.662
0.662
0.0378817
0.244226
0.662
0.0529294
0.198305
0.400618
0.662
0.662
0.662
0.635834
0.129112
0.437715
0.662
0.662
0.0114313
0.662
0.662
0.662
0.662
0.662
0.074699
0.662
0.404053
0.359312
0.662
0.662
0.662
0.0544502
0.662
0.662
0.22757
0.395907
0.353804
0.0800094
0.0487266
0.662
0.196846
0.662
0.45877
0.662
0.471477
0.662
0.662
0.662
0.265404
0.407907
0.281268
0.662
0.662
0.132608
0.106835
0.39481
0.471117
0.662
0.662
0.662
0.215919
0.247554
0.485349
0.662
0.309794
0.386028
0.662
0.662
0.439937
0.5631
0.662
0.439029
0.335329
0.662
0.0305939
0.436139
0.662
0.138594
0.662
0.3225
0.662
0.662
0.158701
0.00565377
0.662
0.270661
0.189687
0.448975
0.436524
0.278175
0.662
0.424745
0.0234938
0.662
0.662
0.662
0.662
0.662
0.457587
0.662
0.662
0.273275
0.411365
0.213296
0.180642
0.662
0.237838
0.662
0.405351
0.662
0.662
0.475689
0.220766
0.0180278
0.398437
0.25388
0.319045
0.218309
0.345612
0.662
0.45429
0.373135
0.453441
0.662
0.038418
0.0202457
0.662
0.341403
0.662
0.662
0.265308
0.256673
0.662
0.662
0.662
0.227841
0.662
0.414672
0.662
0.662
0.662
0.662
0.662
0.662
0.494132
0.662
0.193547
0.100026
0.0649478
0.468276
0.21402
0.445828
0.131355
0.0901771
0.17721
0.420417
0.277125
0.0137159
0.057425
0.169086
0.241618
0.662
0.369797
0.662
0.408047
0.00496654
0.662
0.662
0.662
0.662
0.662
0.662
0.0562061
0.0365729
0.662
0.662
0.662
0.286062
0.662
0.132558
0.147528
0.662
0.233488
0.552066
0.0977668
0.0615794
0.662
0.662
0.662
0.433638
0.0389988
0.662
0.662
0.0491758
0.662
0.208003
0.662
0.0812961
0.662
0.390305
0.272446
0.662
0.084509
0.135983
0.21478
0.662
0.262427
0.662
0.308637
0.175183
0.43503
0.662
0.0118983
0.087501
0.168928
0.341079
0.118937
0.462275
0.398601
0.662
0.294145
0.662
0.034057
0.662
0.662
0.261049
0.415937
0.0595756
0.382778
0.662
0.281347
0.662
0.662
0.225834
0.0172908
0.662
0.662
0.423254
0.662
0.201757
0.662
0.391537
0.662
0.662
0.158665
0.662
0.662
0.375205
0.469649
0.416287
0.662
0.47468
0.44895
0.662
0.0559714
0.297493
0.662
0.260499
0.662
0.442527
0.662
0.662
0.221904
0.662
0.662
0.662
0.466113
0.332874
0.448658
0.662
0.463971
0.662
0.0993603
0.308391
0.662
0.333047
0.426072
0.662
0.231713
0.662
0.662
0.662
0.475864
0.237045
0.662
0.662
0.322989
0.662
0.662
0.662
0.113775
0.0119339
0.126167
0.662
0.401303
0.0249361
0.662
0.110214
0.130397
0.662
0.662
0.662
0.183411
0.662
0.662
0.239128
0.211897
0.509926
0.662
0.662
0.662
0.662
0.662
0.662
0.161019
0.662
0.662
0.328444
0.329842
0.662
0.0220965
0.200441
0.265535
0.662
0.662
0.662
0.0213265
0.0351303
0.662
0.410399
0.209856
0.471085
0.0160416
0.270869
0.662
0.0891568
0.662
0.333999
0.662
0.662
0.662
0.327976
0.662
