0.470175
0.125754
0.150413
0.662
0.662
0.662
0.662
0.662
0.662
0.240531
0.662
0.358553
0.662
0.349217
0.662
0.449616
0.458449
0.42248
0.310934
0.354756
0.34995
0.271661
0.458373
0.536473
0.662
0.0824518
0.662
0.662
0.662
0.140037
0.662
0.662
0.463409
0.0643638
0.324252
0.395326
0.662
0.662
0.143251
0.662
0.662
0.662
0.220787
0.0365244
0.662
0.104173
0.404892
0.662
0.662
0.662
0.355374
0.662
0.284078
0.400611
0.502837
0.662
0.662
0.245516
0.420506
0.406767
0.0592452
0.662
0.464679
0.662
0.103013
0.431067
0.662
0.328145
0.662
0.662
0.662
0.374431
0.662
0.0683687
0.662
0.662
0.412329
0.662
0.0761407
0.662
0.662
0.662
0.662
0.444512
0.662
0.662
0.354083
0.285284
0.662
0.662
0.371701
0.183395
0.662
0.397077
0.214743
0.662
0.131797
0.174734
0.00494387
0.662
0.413096
0.662
0.662
0.662
0.662
0.441108
0.662
0.662
0.345062
0.0913169
0.284416
0.662
0.662
0.316487
0.403847
0.385027
0.455729
0.422566
0.662
0.662
0.662
0.157842
0.662
0.662
0.662
0.00828419
0.662
0.304198
0.240593
0.662
0.42707
0.662
0.242317
0.662
0.45404
0.662
0.662
0.395948
0.662
0.662
0.662
0.341036
0.662
0.208732
0.662
0.179615
0.327714
0.662
0.39802
0.414347
0.304937
0.298396
0.662
0.0701097
0.211329
0.662
0.455244
0.412223
0.0267312
0.662
0.662
0.662
0.662
0.662
0.233284
0.662
0.662
0.662
0.662
0.00168814
0.517905
0.180948
0.424091
0.0977114
0.337616
0.662
0.365732
0.0867084
0.662
0.662
0.0744284
0.25315
0.662
0.662
0.197198
0.27331
0.662
0.662
0.662
0.662
0.662
0.0733446
0.241714
0.473397
0.246738
0.662
0.390243
0.662
0.283407
0.259669
0.662
0.411031
0.662
0.662
0.662
0.0910247
0.0931538
0.244407
0.544423
0.595615
0.200755
0.228882
0.18821
0.453957
0.197509
0.216511
0.662
0.662
0.662
0.662
0.411464
0.345346
0.535156
0.579651
0.662
0.329399
0.662
0.169815
0.662
0.182245
0.374687
0.662
0.182137
0.36051
0.166881
0.446927
0.338822
0.22716
0.146288
0.256248
0.27837
0.238184
0.662
0.662
0.139185
0.49411
0.662
0.3414
0.224584
0.273903
0.662
0.488727
0.403925
0.283344
0.235129
0.662
0.364346
0.662
0.422472
0.200471
0.662
0.333804
0.662
0.179606
0.662
0.662
0.662
0.662
0.56406
0.198614
0.198499
0.662
0.0427051
0.612538
0.0166675
0.153026
0.662
0.471281
0.662
0.0856218
0.298043
0.0701855
0.662
0.662
0.0774737
0.298923
0.662
0.662
0.662
0.189212
0.24038
0.662
0.21304
0.149721
0.361825
0.286748
0.662
0.43309
0.662
0.212959
0.662
0.13237
0.286929
0.0644327
0.662
0.0408869
0.0154495
0.662
0.662
0.05235
0.349548
0.36298
0.662
0.662
0.662
0.662
0.324184
0.662
0.662
0.00544099
0.36947
0.432971
0.200243
0.662
0.662
0.662
0.662
0.207874
0.662
0.662
0.120774
0.662
0.403709
0.387692
0.662
0.662
0.0625567
0.188284
0.662
0.238499
0.662
0.662
0.662
0.662
0.397
0.662
0.662
0.662
0.119457
0.19948
0.662
0.662
0.332284
0.264078
0.662
0.45393
0.207091
0.662
0.314533
0.174611
0.128385
0.662
0.249228
0.181161
0.662
0.181241
0.662
0.552273
0.262223
0.662
0.662
0.662
0.662
0.662
0.662
0.546546
0.662
0.662
0.264863
0.0642358
0.662
0.662
0.662
0.662
0.28235
0.662
0.662
0.194824
0.0391567
0.322423
0.364059
0.662
0.662
0.171723
0.662
0.229831
0.367163
0.662
0.662
0.339958
0.662
0.662
0.662
0.662
0.662
0.662
0.158942
0.351264
0.025294
0.662
0.0709221
0.662
0.51341
0.266582
0.100982
0.662
0.268743
0.662
0.0343124
0.268454
0.477072
0.222681
0.662
0.662
0.662
0.662
0.0475039
0.662
0.662
0.662
0.662
0.662
0.163953
0.662
0.215516
0.662
0.662
0.662
0.662
0.261508
0.486714
0.503798
0.662
0.662
0.362532
0.662
0.662
0.662
0.662
0.450434
0.304212
0.662
0.662
0.662
0.1905
0.305857
0.662
0.662
0.281197
0.662
0.662
0.41284
0.0552593
0.347417
0.662
0.189389
0.662
0.662
0.662
0.662
0.184204
0.662
0.395894
0.662
0.0655936
0.0589585
0.105214
0.140019
0.429278
0.662
0.662
0.662
0.543956
0.359093
0.662
0.000298585
0.277719
0.662
0.176166
0.220406
0.662
0.662
0.662
0.662
0.662
0.662
0.274658
0.413947
0.662
0.419386
0.0285921
0.662
0.124954
0.601135
0.464993
0.318108
0.473763
0.662
0.114423
0.662
0.662
0.662
0.662
0.662
0.662
0.662
0.522395
0.408434
0.662
0.544298
0.662
0.192584
0.662
0.662
0.662
0.662
0.662
0.662
0.0055931
0.662
0.212085
0.347289
0.355343
0.662
0.164695
0.00154178
0.662
0.662
0.662
0.133478
0.662
0.662
0.214383
0.162927
0.108382
0.662
0.662
0.662
0.662
0.662
0.662
0.662
0.662
0.662
0.662
0.662
0.662
0.662
0.662
0.662
0.662
0.662
0.662
0.662
0.662
0.662
0.30852
0.662
0.662
0.207641
0.424924
0.192166
0.662
0.094435
0.322441
0.419971
0.662
0.662
0.662
0.0421441
0.0580793
0.441663
0.21015
0.662
0.662
0.2305
0.662
0.662
0.662
0.662
0.319626
0.291412
0.468309
0.662
0.464427
0.662
0.662
0.277183
0.662
0.121421
0.478539
0.662
0.662
0.662
0.168773
0.662
0.662
0.662
0.662
0.421935
0.548138
0.327597
0.662
0.662
0.662
0.604527
0.307924
0.603928
0.0874169
0.662
0.662
0.662
0.662
0.419078
0.662
0.36389
0.662
0.662
0.662
0.662
0.452071
0.662
0.315643
0.438098
0.291072
0.467439
0.662
0.374909
0.662
0.329987
0.261621
0.473175
0.662
0.0957932
0.662
0.662
0.534829
0.662
0.363541
0.276742
0.662
0.0429637
0.0616569
0.662
0.126552
0.482921
0.662
0.376001
0.662
0.322962
0.662
0.662
0.662
0.18707
0.662
0.157245
0.0657436
0.409225
0.662
0.504886
0.249441
0.662
0.00397748
0.662
0.027653
0.662
0.279299
0.662
0.285884
0.662
0.180044
0.662
0.662
0.145741
0.42936
0.662
0.451573
0.0206329
0.662
0.662
0.662
0.321561
0.662
0.500584
0.662
0.662
0.0682599
0.662
0.662
0.287752
0.662
0.445064
0.662
0.662
0.363551
0.103408
0.427121
0.662
0.249022
0.460792
0.662
0.662
0.457852
0.24788
0.118486
0.662
0.662
0.662
0.662
0.00846152
0.662
0.662
0.662
0.206092
0.662
0.662
0.662
0.470173
0.662
0.662
0.456791
0.215961
0.662
0.662
0.0464326
0.214012
0.662
0.662
0.0819652
0.662
0.123569
0.31779
0.405452
0.341158
0.0754756
0.133808
0.453676
0.293059
0.662
0.285443
0.216541
0.662
0.435968
0.204367
0.420824
0.0532742
0.662
0.104663
0.662
0.358867
0.662
0.662
0.662
0.662
0.460174
0.265435
0.342435
0.662
0.662
0.162303
0.662
0.662
0.662
0.662
0.455386
0.662
0.16771
0.0537661
0.662
0.662
0.662
0.192827
0.0461602
0.662
0.662
0.662
0.495389
0.435017
0.662
0.662
0.662
0.00860381
0.15174
0.297672
0.500006
0.662
0.662
0.464429
0.662
0.662
0.448488
0.662
0.214702
0.662
0.121064
0.389286
0.204177
0.662
0.662
0.662
0.662
0.662
0.211805
0.169331
0.662
0.373865
0.662
0.425142
0.662
0.248338
0.184344
0.188394
0.662
0.662
0.662
0.662
0.662
0.662
0.662
0.567812
0.000422636
0.138534
0.384305
0.662
0.662
0.662
0.662
0.662
0.424422
0.203821
0.662
0.52216
0.662
0.662
0.662
0.662
0.662
0.662
0.662
0.314264
0.221047
0.662
0.662
0.662
0.662
0.662
0.662
0.227163
0.662
0.662
0.662
0.662
0.662
0.227144
0.283621
0.0114256
0.113279
0.106046
0.662
0.0654838
0.662
0.132628
0.0697882
0.169747
0.662
0.0693465
0.662
0.662
0.662
0.662
0.0288266
0.299122
0.662
0.424114
0.0185006
0.0779143
0.662
0.662
0.662
0.662
0.0877296
0.662
0.279108
0.548169
0.456546
0.662
0.135023
0.662
0.105984
0.451411
0.331911
0.662
0.249491
0.394973
0.662
0.141598
0.354127
0.662
0.190753
0.662
0.662
0.662
0.115582
0.428886
0.662
0.662
0.662
0.000280024
0.173958
0.662
0.662
0.326506
0.662
0.44894
0.662
0.0550683
0.171401
0.215094
0.662
0.662
0.230791
0.175288
0.662
0.662
0.662
0.662
0.448245
0.662
0.191965
0.283936
0.662
0.401713
0.398517
0.662
0.662
0.490766
0.662
0.458029
0.662
6.1097e-05
0.347435
0.434249
0.662
0.662
0.662
0.662
0.0312528
0.662
0.427934
0.662
0.242796
0.662
0.662
0.00426024
0.662
0.662
0.662
0.662
0.232019
0.662
0.351844
0.662
0.662
0.662
0.662
0.662
0.412658
0.662
0.662
0.422592
0.289852
0.662
0.662
0.0940759
0.662
0.662
0.662
0.260806
0.662
0.662
0.251559
0.466336
0.40182
0.662
0.107595
0.356254
0.662
0.662
0.369747
0.662
0.304132
0.662
0.431846
0.0683219
0.662
0.366735
0.303131
0.261032
0.662
0.662
0.662
0.662
0.662
0.179005
0.662
0.662
0.662
0.28397
0.662
0.431727
0.109408
0.370964
0.2888
0.391375
0.662
0.662
0.210743
0.662
0.662
0.409322
0.157479
0.662
0.662
0.662
0.662
0.214907
0.662
0.0106117
0.662
0.274299
0.0826238
0.662
0.662
0.662
0.662
0.424192
0.662
0.662
0.439281
0.358675
0.662
0.215133
0.0661798
0.662
0.662
0.662
0.509136
0.4352
0.308035
0.662
0.662
0.662
0.428145
0.662
0.662
0.662
0.662
0.662
0.662
0.662
0.155428
0.662
0.662
0.662
0.662
0.0634222
0.662
0.662
0.248338
0.662
0.335928
0.0227861
0.662
0.662
0.662
0.662
0.662
0.180186
0.342317
0.093023
0.662
0.397618
0.662
0.255471
0.364925
0.662
0.0305799
0.662
0.662
0.394947
0.662
0.344108
0.662
0.563971
0.662
0.662
0.662
0.454137
0.48213
0.342376
0.409681
0.662
0.662
0.662
0.662
0.662
0.120762
0.295289
0.662
0.273751
0.662
0.662
0.119072
0.662
0.662
0.662
0.662
0.662
0.0166534
0.662
0.662
0.662
0.662
0.662
0.453316
0.662
0.0123123
0.662
0.423416
0.478293
0.662
0.0774369
0.662
0.662
0.14631
0.227779
0.0526168
0.662
0.275534
0.662
0.662
0.662
0.160197
0.662
0.662
0.0730311
0.662
0.662
0.0971624
0.191985
0.662
0.376423
0.45595
0.0385072
0.112947
0.0790587
0.217994
0.662
0.662
0.475356
0.662
0.662
0.0671301
0.662
0.422481
0.662
0.375783
0.276801
0.662
0.21249
0.662
0.662
0.662
0.662
0.662
0.321161
0.4086
0.662
0.419518
0.478292
0.662
0.662
0.662
0.662
0.662
0.22391
0.662
0.662
0.662
0.218303
0.272339
0.662
0.662
0.513132
0.539181
0.662
0.662
0.202206
0.662
0.1155
0.470734
0.148728
0.465638
0.0400688
0.662
0.662
0.605253
0.176765
0.662
0.662
0.662
0.662
0.662
0.662
0.662
0.0950303
0.662
0.662
0.662
0.662
0.662
0.179483
0.662
0.0989984
0.590502
0.317767
0.038246
0.244347
0.662
0.379203
0.662
0.662
0.662
0.662
0.662
0.662
0.259938
0.662
0.0700643
0.662
0.662
0.166053
0.262507
0.205898
0.433489
0.487118
0.423361
0.139355
0.662
0.212731
0.0471693
0.662
0.662
0.396892
0.662
0.527106
0.662
0.574405
0.547656
0.271159
0.662
0.662
0.662
0.662
0.340858
0.462818
0.662
0.662
0.662
0.00108527
0.0246827
0.314471
0.0934125
0.398219
0.662
0.662
0.19628
0.662
0.368429
0.662
0.662
0.0950496
0.662
0.662
0.529203
0.00872616
0.468193
0.662
0.662
0.662
0.662
0.662
0.173072
0.4613
0.662
0.374494
0.0704825
0.428256
0.080486
0.662
0.662
0.662
0.662
0.0659395
0.662
0.662
0.451064
0.0197749
0.662
0.662
0.253889
0.436784
0.662
0.662
0.662
0.662
0.662
0.200076
0.662
0.388144
0.662
0.395822
0.662
0.195379
0.306604
0.662
0.662
0.460062
0.375451
0.406363
0.662
0.662
0.662
0.662
0.477457
0.135141
0.0054011
0.439242
0.662
0.283077
0.272361
0.355338
0.662
0.215693
0.513156
0.0483359
0.406428
0.0891695
0.662
0.119332
0.437638
0.386138
0.156305
0.516058
0.662
0.280464
0.662
0.431217
0.662
0.662
0.662
0.355847
0.0108014
0.101901
0.662
0.662
0.269614
0.116562
0.662
0.0726885
0.137671
0.662
0.280166
0.0711329
0.662
0.140423
0.662
0.40094
0.466513
0.294325
0.219948
0.662
0.265606
0.440294
0.662
0.157254
0.047638
0.662
0.662
0.174944
0.454347
0.288189
0.662
0.376903
0.662
0.303007
0.662
0.262796
0.662
0.0732096
0.431442
0.662
0.662
0.662
0.0861325
0.120747
0.311573
0.331731
0.354761
0.662
0.662
0.31019
0.0354199
0.662
0.662
0.579831
0.662
0.662
0.662
0.022889
0.327828
0.662
0.662
0.662
0.479922
0.662
0.662
0.218097
0.662
0.662
0.228205
0.662
0.465582
0.19439
0.662
0.105822
0.391398
0.662
0.467169
0.662
0.662
0.662
