0.314889
0.150083
0.662
0.177126
0.662
0.662
0.662
0.0238595
0.662
0.662
0.313761
0.295069
0.65245
0.662
0.662
0.272766
0.662
0.662
0.427147
0.122705
0.264539
0.55327
0.662
0.662
0.328111
0.662
0.662
0.361379
0.662
0.662
0.662
0.662
0.662
0.662
0.662
0.0539053
0.662
0.662
0.662
0.662
0.662
0.00984323
0.662
0.188393
0.467048
0.662
0.662
0.120078
0.662
0.0851893
0.0678362
0.662
0.271218
0.425765
0.662
0.662
0.396574
0.662
0.246765
0.252419
0.461711
0.662
0.662
0.662
0.280492
0.313225
0.454827
0.369616
0.662
0.662
0.662
0.302104
0.469874
0.321986
0.662
0.166907
0.662
0.662
0.662
0.491544
0.662
0.662
0.358288
0.662
0.662
0.662
0.342947
0.37306
0.662
0.662
0.662
0.397663
0.363693
0.662
0.397646
0.199719
0.188877
0.662
0.662
0.662
0.662
0.103675
0.662
0.662
0.439257
0.662
0.47706
0.375443
0.339883
0.16014
0.662
0.158546
0.662
0.662
0.662
0.662
0.348784
0.662
0.662
0.102362
0.0079903
0.185754
0.662
0.20124
0.662
0.662
0.662
0.400619
0.662
0.0985028
0.223038
0.0932995
0.662
0.390824
0.0818858
0.662
0.662
0.662
0.662
0.662
0.662
0.662
0.356315
0.363022
0.432561
0.278017
0.304691
0.662
0.213358
0.662
0.436263
0.662
0.662
0.151767
0.662
0.0303911
0.662
0.662
0.326407
0.245638
0.662
0.105578
0.0848594
0.662
0.425201
0.377358
0.00307169
0.662
0.662
0.197321
0.662
0.470498
0.662
0.139255
0.662
0.662
0.476868
0.46149
0.145372
0.662
0.662
0.0271044
0.662
0.662
0.662
0.394161
0.176516
0.109913
0.662
0.662
0.52295
0.358802
0.417557
0.102049
0.662
0.662
0.216253
0.662
0.111817
0.4406
0.662
0.662
0.662
0.62774
0.662
0.662
0.31221
0.465706
0.0399561
0.662
0.662
0.662
0.662
0.134997
0.662
0.279725
0.662
0.306247
0.662
0.662
0.349099
0.250386
0.26232
0.385722
0.319944
0.226433
0.36784
0.662
0.0966703
0.662
0.434125
0.424557
0.662
0.461456
0.662
0.138119
0.662
0.54452
0.662
0.39559
0.662
0.357989
0.488133
0.613138
0.662
0.43807
0.662
0.177138
0.662
0.235966
0.662
0.0679683
0.662
0.587169
0.299351
0.268049
0.662
0.662
0.662
0.041085
0.662
0.456661
0.136468
0.364075
0.451651
0.0175504
0.517014
0.464584
0.662
0.294346
0.662
0.143932
0.43144
0.662
0.662
0.196143
0.0221154
0.662
0.662
0.22308
0.476158
0.662
0.662
0.511541
0.137479
0.411474
0.430708
0.662
0.662
0.662
0.561974
0.125232
0.289148
0.256195
0.662
0.0852021
0.662
0.0395343
0.246112
0.325983
0.662
0.466555
0.338303
0.662
0.662
0.062098
0.662
0.662
0.138807
0.662
0.318993
0.662
0.662
0.0336602
0.452938
0.12398
0.243535
0.662
0.662
0.662
0.00416395
0.662
0.662
0.435749
0.662
0.295047
0.662
0.473105
0.662
0.662
0.338564
0.301673
0.231823
0.461288
0.662
0.459622
0.662
0.298876
0.352804
0.206228
0.446811
0.662
0.191323
0.415568
0.662
0.0635166
0.113346
0.194225
0.317045
0.662
0.26604
0.349619
0.662
0.662
0.0120436
0.662
0.445648
0.162644
0.662
0.662
0.391058
0.662
0.145109
0.662
0.662
0.165662
0.662
0.662
0.662
0.662
0.662
0.662
0.376287
0.662
0.662
0.393519
0.340065
0.662
0.662
0.264978
0.44343
0.662
0.153065
0.662
0.0434057
0.662
0.662
0.220056
0.319365
0.0468713
0.092712
0.662
0.662
0.662
0.662
0.0456838
0.662
0.662
0.662
0.174785
0.635657
0.662
0.662
0.115907
0.662
0.662
0.662
0.662
0.420347
0.662
0.662
0.00449852
0.462946
0.662
0.662
0.662
0.662
0.120253
0.662
0.0931787
0.270392
0.00884477
0.662
0.662
0.370026
0.329301
0.49739
0.45055
0.389897
0.662
0.662
0.662
0.419337
0.422476
0.662
0.662
0.662
0.258589
0.449481
0.662
0.662
0.444028
0.662
0.662
0.489914
0.164245
0.310128
0.123181
0.45804
0.662
0.291794
0.279491
0.308591
0.467933
0.662
0.662
0.28741
0.344322
0.662
0.375904
0.415112
0.322501
0.662
0.280329
0.662
0.662
0.662
0.237767
0.662
0.662
0.662
0.662
0.662
0.163128
0.662
0.662
0.241183
0.662
0.0522572
0.436279
0.662
0.049236
0.662
0.1879
0.662
0.114748
0.333244
0.662
0.662
0.662
0.461545
0.410656
0.184573
0.662
0.25333
0.25672
0.662
0.662
0.662
0.662
0.662
0.662
0.407082
0.398062
0.662
0.0350697
0.0863885
0.662
0.662
0.0427886
0.662
0.360164
0.0435433
0.449232
0.662
0.48386
0.662
0.662
0.662
0.321517
0.662
0.662
0.248026
0.662
0.662
0.662
0.465888
0.126692
0.292712
0.662
0.0905119
0.662
0.662
0.662
0.450547
0.0819014
0.662
0.662
0.662
0.357202
0.662
0.234992
0.662
0.662
0.662
0.662
0.662
0.662
0.662
0.509858
0.662
0.662
0.662
0.130066
0.662
0.325978
0.662
0.662
0.421655
0.662
0.55703
0.251582
0.662
0.399817
0.160757
0.662
0.662
0.662
0.450465
0.256591
0.662
0.662
0.662
0.662
0.662
0.662
0.662
0.662
0.442963
0.387127
0.16122
0.662
0.435841
0.662
0.599453
0.0741094
0.662
0.450513
0.142613
0.323644
0.662
0.662
0.662
0.662
0.662
0.261801
0.662
0.662
0.0881901
0.662
0.199253
0.270296
0.419741
0.662
0.662
0.185863
0.662
0.0649383
0.201304
0.662
0.123568
0.093937
0.662
0.164605
0.286923
0.4843
0.362317
0.0101522
0.662
0.662
0.241914
0.662
0.662
0.218169
0.29891
0.215711
0.199219
0.662
0.440103
0.662
0.359121
0.506622
0.199605
0.662
0.318207
0.384642
0.0144623
0.662
0.0867295
0.258211
0.380723
0.662
0.662
0.345101
0.449058
0.662
0.662
0.481673
0.662
0.247937
0.301092
0.662
0.662
0.206614
0.662
0.662
0.21498
0.31057
0.662
0.662
0.662
0.512603
0.0143166
0.662
0.078479
0.662
0.360687
0.185055
0.163828
0.0911973
0.192965
0.662
0.662
0.112157
0.251023
0.00639391
0.662
0.0174315
0.215909
0.662
0.662
0.662
0.261656
0.055107
0.662
0.345121
0.224675
0.0679821
0.662
0.662
0.662
0.222444
0.662
0.662
0.662
0.662
0.342206
0.156226
0.662
0.662
0.437171
0.0298487
0.213226
0.662
0.147041
0.662
0.662
0.662
0.662
0.25277
0.662
0.143898
0.662
0.662
0.475495
0.662
0.662
0.0983789
0.662
0.662
0.662
0.662
0.41878
0.662
0.132742
0.349698
0.384001
0.325558
0.260271
0.136052
0.662
0.662
0.662
0.2515
0.586773
0.662
0.662
0.227123
0.662
0.662
0.662
0.662
0.662
0.299028
0.662
0.319094
0.19975
0.429803
0.662
0.662
0.662
0.662
0.662
0.662
0.226029
0.662
0.662
0.610837
0.467146
0.275579
0.662
0.662
0.662
0.662
0.327444
0.662
0.662
0.662
0.662
0.301239
0.662
0.494183
0.466387
0.662
0.662
0.290495
0.662
0.040998
0.35421
0.164016
0.662
0.227265
0.443756
0.662
0.662
0.337433
0.0725232
0.0653263
0.306819
0.662
0.662
0.662
0.397053
0.662
0.327232
0.662
0.134261
0.215191
0.662
0.662
0.255649
0.662
0.187486
0.662
0.407171
0.662
0.662
0.511617
0.662
0.662
0.662
0.662
0.0626506
0.347789
0.0807135
0.382643
0.662
0.132767
0.230705
0.662
0.662
0.662
0.662
0.375755
0.471754
0.0475652
0.188213
0.140761
0.430796
0.662
0.11085
0.228092
0.0120739
0.461201
0.654584
0.52128
0.316628
0.662
0.662
0.662
0.017961
0.240029
0.662
0.662
0.662
0.662
0.148367
0.173519
0.662
0.662
0.662
0.382958
0.662
0.662
0.662
0.0260345
0.662
0.257519
0.662
0.176238
0.662
0.662
0.662
0.662
0.453027
0.662
0.662
0.662
0.151395
0.662
0.662
0.568297
0.662
0.192018
0.257516
0.324453
0.662
0.397605
0.662
0.662
0.662
0.289319
0.662
0.662
0.662
0.419863
0.662
0.662
0.662
0.662
0.662
0.662
0.474808
0.338609
0.0141373
0.00795958
0.662
0.432013
0.662
0.0789231
0.476912
0.0240484
0.662
0.662
0.662
0.662
0.0180277
0.408125
0.662
0.662
0.662
0.0823428
0.662
0.230609
0.0295162
0.633391
0.662
0.662
0.662
0.662
0.526219
0.0306771
0.510941
0.230047
0.427345
0.025701
0.662
0.662
0.04953
0.128669
0.561568
0.662
0.662
0.662
0.460725
0.448017
0.662
0.662
0.662
0.662
0.662
0.115504
0.185262
0.312318
0.387401
0.662
0.454346
0.662
0.662
0.662
0.662
0.410714
0.0216091
0.146538
0.662
0.662
0.448483
0.204363
0.00522863
0.37227
0.662
0.662
0.363953
0.662
0.662
0.181298
0.662
0.662
0.662
0.662
0.662
0.446413
0.662
0.244427
0.662
0.662
0.446064
0.198075
0.0363942
0.662
0.47155
0.662
0.662
0.154114
0.662
0.124726
0.427984
0.662
0.237355
0.422492
0.662
0.138572
0.662
0.445392
0.662
0.0112344
0.473749
0.307543
0.609695
0.662
0.218605
0.662
0.662
0.662
0.662
0.255037
0.662
0.662
0.473801
0.384575
0.474044
0.662
0.145378
0.403928
0.662
0.308814
0.44023
0.56915
0.662
0.183675
0.662
0.662
0.0549866
0.662
0.662
0.662
0.662
0.662
0.662
0.662
0.421607
0.662
0.662
0.329791
0.662
0.662
0.662
0.461686
0.662
0.304318
0.153072
0.39822
0.520989
0.662
0.662
0.662
0.0133517
0.662
0.662
0.662
0.428634
0.364976
0.308986
0.662
0.195521
0.461439
0.0734192
0.291869
0.324774
0.218224
0.156918
0.662
0.662
0.662
0.196275
0.154663
0.662
0.389638
0.662
0.408126
0.662
0.662
0.508784
0.662
0.276502
0.662
0.662
0.662
0.662
0.662
0.551865
0.662
0.365167
0.611712
0.662
0.228446
0.662
0.391948
0.255596
0.662
0.0779119
0.218359
0.53752
0.662
0.419102
0.662
0.244591
0.426545
0.134716
0.662
0.662
0.662
0.662
0.662
0.0477964
0.153517
0.031758
0.662
0.105947
0.662
0.662
0.63057
0.662
0.662
0.662
0.662
0.662
0.662
0.662
0.662
0.662
0.662
0.30847
0.0276014
0.662
0.662
0.662
0.189332
0.662
0.388705
0.43741
0.325453
0.662
0.0246221
0.662
0.41009
0.407442
0.187318
0.0893394
0.646921
0.519412
0.3985
0.41945
0.204741
0.662
0.662
0.662
0.299215
0.662
0.662
0.505762
0.662
0.662
0.662
0.300185
0.662
0.477561
0.200583
0.170929
0.662
0.2512
0.412273
0.662
0.662
0.662
0.662
0.662
0.662
0.375292
0.662
0.385011
0.373481
0.662
0.662
0.36204
0.662
0.0336705
0.209839
0.662
0.413423
0.226856
0.00326701
0.662
0.176085
0.662
0.416511
0.662
0.662
0.148569
0.0772487
0.662
0.418182
0.355532
0.662
0.662
0.662
0.662
0.182452
0.475953
0.662
0.662
0.662
0.662
0.662
0.662
0.662
0.662
0.54006
0.289315
0.662
0.228751
0.532348
0.662
0.00285056
0.662
0.662
0.662
0.662
0.450164
0.662
0.662
0.575633
0.662
0.662
0.662
0.662
0.662
0.252031
0.0632883
0.187756
0.619641
0.662
0.662
0.140897
0.662
0.662
0.662
0.0844612
0.662
0.662
0.662
0.662
0.662
0.470194
0.662
0.331605
0.419079
0.662
0.662
0.662
0.662
0.25537
0.662
0.416832
0.662
0.662
0.662
0.662
0.59965
0.27692
0.662
0.662
0.180678
0.421334
0.43059
0.662
0.391051
0.662
0.662
0.629763
0.424458
0.662
0.296163
0.0937424
0.450951
0.511525
0.662
0.662
0.662
0.324957
0.123306
0.44777
0.662
0.662
0.662
0.662
0.445351
0.0165624
0.662
0.662
0.662
0.085363
0.38516
0.662
0.662
0.164754
0.431544
0.662
0.105122
0.410986
0.662
0.662
0.662
0.662
0.200392
0.0653835
0.377498
0.285367
0.595324
0.092716
0.354071
0.662
0.47483
0.0671877
0.662
0.662
0.429769
0.662
0.115323
0.662
0.312389
0.662
0.00203945
0.662
0.624216
0.662
0.190157
0.448608
0.290993
0.662
0.0771046
0.662
0.662
0.662
0.662
0.620083
0.662
0.662
0.662
0.514086
0.418702
0.163869
0.368932
0.662
0.662
0.662
0.385059
0.662
0.152331
0.0170499
0.120098
0.662
0.662
0.662
0.304743
0.477238
0.00827845
0.120274
0.385372
0.662
0.188448
0.145611
0.105631
0.662
0.662
0.662
0.306895
0.238189
0.13152
0.662
0.393809
0.0617807
0.0126223
0.662
0.662
0.662
0.662
0.340023
0.204197
0.662
0.453121
