0.662
0.662
0.662
0.662
0.179261
0.335774
0.145203
0.622044
0.662
0.662
0.450719
0.437697
0.662
0.105548
0.174015
0.662
0.662
0.229269
0.662
0.135159
0.662
0.662
0.464347
0.0425393
0.662
0.389288
0.662
0.662
0.662
0.234055
0.159026
0.332736
0.447915
0.662
0.662
0.332699
0.662
0.662
0.423589
0.402272
0.662
0.662
0.662
0.662
0.662
0.662
0.662
0.0245813
0.662
0.662
0.113084
0.662
0.362125
0.662
0.361373
0.662
0.200876
0.373213
0.662
0.235857
0.662
0.293008
0.662
0.144471
0.341364
0.662
0.0923925
0.662
0.212848
0.0208755
0.431323
0.662
0.662
0.662
0.662
0.464638
0.109799
0.136439
0.247568
0.662
0.411755
0.662
0.662
0.662
0.662
0.365191
0.21775
0.662
0.662
0.203336
0.329903
0.662
0.662
0.662
0.662
0.00955044
0.186094
0.158568
0.662
0.0382627
0.662
0.264932
0.662
0.662
0.373639
0.662
0.148906
0.556577
0.225042
0.18353
0.445455
0.0937424
0.14804
0.662
0.0648158
0.662
0.419862
0.141566
0.662
0.214724
0.662
0.662
0.662
0.116545
0.498684
0.211373
0.529632
0.662
0.353692
0.662
0.567077
0.422961
0.662
0.662
0.205808
0.662
0.662
0.329658
0.662
0.0279029
0.191274
0.244427
0.662
0.662
0.0584425
0.487755
0.295634
0.662
0.367258
0.662
0.662
0.662
0.209055
0.662
0.662
0.662
0.662
0.499234
0.662
0.662
0.662
0.198382
0.384714
0.135385
0.662
0.662
0.662
0.36542
0.662
0.662
0.00278988
0.127211
0.169553
0.662
0.662
0.456826
0.297882
0.524828
0.662
0.446923
0.360409
0.324224
0.142629
0.396268
0.199039
0.362041
0.319231
0.662
0.662
0.662
0.662
0.0984771
0.314169
0.662
0.330676
0.662
0.360243
0.385808
0.662
0.662
0.662
0.662
0.662
0.662
0.32906
0.662
0.459729
0.459816
0.179369
0.662
0.0711346
0.362289
0.270562
0.451275
0.224831
0.662
0.194921
0.662
0.662
0.0519703
0.662
0.41389
0.273183
0.129144
0.647426
0.281341
0.301794
0.518965
0.27136
0.168325
0.0283854
0.237304
0.662
0.662
0.230037
0.0277372
0.662
0.125306
0.662
0.662
0.662
0.196038
0.216253
0.662
0.662
0.662
0.133263
0.187285
0.221774
0.32275
0.0613093
0.662
0.662
0.662
0.662
0.312956
0.201009
0.662
0.33597
0.662
0.662
0.036181
0.662
0.430154
0.252279
0.305496
0.662
0.4472
0.662
0.662
0.25715
0.662
0.662
0.662
0.325236
0.662
0.662
0.662
0.662
0.643426
0.662
0.662
0.662
0.662
0.662
0.662
0.662
0.662
0.144427
0.266529
0.662
0.361841
0.289276
0.0410899
0.60974
0.662
0.0908574
0.662
0.662
0.327981
0.400147
0.660038
0.32467
0.662
0.493969
0.662
0.264992
0.384951
0.662
0.519735
0.662
0.662
0.662
0.103786
0.662
0.259882
0.662
0.662
0.419906
0.358468
0.662
0.662
0.662
0.294325
0.303475
0.247385
0.374503
0.662
0.662
0.353898
0.662
0.247696
0.662
0.662
0.662
0.23469
0.662
0.662
0.662
0.0427886
0.236002
0.212574
0.080434
0.370742
0.506679
0.358982
0.662
0.11649
0.100523
0.10717
0.432955
0.662
0.662
0.0134597
0.662
0.19367
0.192184
0.266319
0.662
0.662
0.662
0.308023
0.662
0.226429
0.356608
0.662
0.195909
0.457879
0.187379
0.662
0.662
0.662
0.149222
0.662
0.662
0.662
0.432592
0.662
0.662
0.662
0.436025
0.662
0.270328
0.662
0.285999
0.245651
0.662
0.662
0.662
0.662
0.0871106
0.662
0.294196
0.388818
0.451826
0.662
0.662
0.662
0.140761
0.662
0.287539
0.662
0.138279
0.662
0.662
0.479231
0.662
0.662
0.121203
0.416481
0.111673
0.18201
0.662
0.215032
0.662
0.662
0.662
0.474716
0.662
0.548516
0.662
0.662
0.379865
0.662
0.0497989
0.313766
0.662
0.512356
0.662
0.662
0.307712
0.158926
0.341494
0.662
0.662
0.662
0.662
0.662
0.662
0.394699
0.263265
0.131991
0.662
0.662
0.488242
0.662
0.662
0.662
0.161364
0.662
0.662
0.0171211
0.0779119
0.199268
0.234677
0.662
0.476231
0.0465426
0.41074
0.662
0.662
0.662
0.243907
0.662
0.450316
0.0302308
0.111781
0.0285254
0.662
0.408126
0.464075
0.662
0.662
0.662
0.662
0.662
0.662
0.0671187
0.662
0.662
0.256402
0.662
0.662
0.662
0.662
0.662
0.662
0.662
0.168825
0.380302
0.145432
0.662
0.662
0.662
0.662
0.662
0.662
0.0268268
0.185857
0.662
0.403892
0.344338
0.417898
0.662
0.662
0.224865
0.297581
0.662
0.465028
0.261949
0.316585
0.289064
0.0302331
0.560192
0.662
0.662
0.219274
0.393155
0.241243
0.138069
0.466554
0.550857
0.370774
0.662
0.662
0.662
0.400449
0.662
0.662
0.662
0.128694
0.375416
0.623713
0.662
0.662
0.662
0.176085
0.662
0.254118
0.0324146
0.662
0.148892
0.265594
0.0969174
0.662
0.662
0.299374
0.662
0.547537
0.662
0.367866
0.662
0.662
0.662
0.00517139
0.662
0.662
0.605282
0.662
0.662
0.662
0.602144
0.662
0.436587
0.299203
0.662
0.275549
0.662
0.0791267
0.0592876
0.0733765
0.248072
0.662
0.662
0.229118
0.662
0.320556
0.662
0.390319
0.212117
0.370026
0.662
0.325495
0.662
0.662
0.662
0.662
0.662
0.662
0.107878
0.662
0.63339
0.662
0.461701
0.662
0.149394
0.662
0.18571
0.662
0.112455
0.662
0.30463
0.662
0.0764952
0.275318
0.464481
0.662
0.662
0.662
0.44176
0.662
0.312561
0.662
0.219776
0.361848
0.662
0.662
0.662
0.191907
0.662
0.197917
0.10851
0.266261
0.662
0.452484
0.662
0.662
0.662
0.0328537
0.263564
0.215868
0.662
0.301683
0.662
0.662
0.662
0.662
0.662
0.662
0.024668
0.662
0.662
0.0199278
0.662
0.228866
0.447224
0.662
0.252214
0.585418
0.45497
0.662
0.662
0.662
0.224788
0.662
0.662
0.320912
0.494338
0.343418
0.662
0.263238
0.0877666
0.35467
0.662
0.662
0.382018
0.662
0.662
0.119388
0.662
0.662
0.582534
0.662
0.662
0.409346
0.662
0.662
0.662
0.275003
0.662
0.166155
0.662
0.0591247
0.253255
0.662
0.662
0.662
0.662
0.662
0.390483
0.662
0.186223
0.662
0.662
0.422791
0.392043
0.0603563
0.443683
0.475659
0.0561952
0.340315
0.124857
0.426516
0.0451185
0.662
0.662
0.24959
0.662
0.0125563
0.0929205
0.358628
0.328236
0.351478
0.662
0.662
0.662
0.315584
0.308575
0.662
0.662
0.0275292
0.236476
0.288196
0.662
0.113854
0.662
0.662
0.662
0.126844
0.172344
0.662
0.1754
0.0332187
0.662
0.662
0.217472
0.39004
0.034941
0.662
0.662
0.662
0.662
0.662
0.662
0.437809
0.662
0.662
0.662
0.190649
0.271017
0.268143
0.662
0.08482
0.662
0.662
0.659633
0.392867
0.662
0.130826
0.662
0.363276
0.371343
0.4472
0.317942
0.186252
0.662
0.460111
0.662
0.338603
0.124451
0.260399
0.485968
0.662
0.662
0.189273
0.662
0.662
0.662
0.507637
0.662
0.424469
0.662
0.662
0.407616
0.662
0.662
0.338804
0.174213
0.263911
0.216279
0.662
0.200404
0.662
0.662
0.441743
0.662
0.662
0.579979
0.662
0.662
0.662
0.662
0.662
0.662
0.320598
0.112419
0.662
0.662
0.662
0.662
0.284647
0.250599
0.662
0.662
0.662
0.662
0.662
0.409131
0.0362523
0.662
0.662
0.410397
0.662
0.403566
0.413344
0.662
0.39074
0.662
0.252275
0.662
0.519313
0.662
0.283256
0.186148
0.662
0.447626
0.513391
0.662
0.662
0.662
0.662
0.662
0.662
0.353014
0.662
0.662
0.662
0.662
0.662
0.662
0.344455
0.662
0.662
0.662
0.662
0.662
0.662
0.308401
0.454554
0.662
0.0671757
0.0930668
0.317843
0.181994
0.662
0.662
0.662
0.662
0.662
0.226607
0.662
0.662
0.107021
0.0569225
0.28724
0.662
0.299596
0.662
0.120551
0.44058
0.662
0.662
0.662
0.290264
0.662
0.498344
0.662
0.42662
0.166214
0.433992
0.662
0.134778
0.662
0.662
0.130666
0.662
0.28288
0.662
0.397113
0.662
0.400415
0.126381
0.662
0.662
0.462827
0.662
0.495621
0.292703
0.548765
0.662
0.662
0.0968718
0.313858
0.456925
0.243074
0.0113657
0.662
0.662
0.662
0.662
0.0969062
0.295817
0.662
0.662
0.450153
0.662
0.317862
0.662
0.662
0.466083
0.167817
0.221242
0.662
0.23685
0.452008
0.44221
0.460361
0.662
0.24386
0.662
0.487007
0.254996
0.662
0.0513726
0.633391
0.662
0.662
0.466159
0.662
0.662
0.349646
0.453644
0.205697
0.662
0.662
0.146121
0.662
0.662
0.662
0.662
0.662
0.662
0.662
0.662
0.166233
0.150832
0.533213
0.300078
0.662
0.662
0.0534075
0.0024192
0.523702
0.633694
0.396372
0.662
0.662
0.133038
0.0196577
0.662
0.205074
0.662
0.0989887
0.662
0.261147
0.205009
0.182862
0.662
0.450575
0.662
0.437032
0.662
0.662
0.107705
0.384752
0.662
0.662
0.219041
0.0177635
0.234355
0.662
0.662
0.662
0.46069
0.440746
0.304953
0.303973
0.662
0.662
0.662
0.259015
0.662
0.662
0.662
0.00570873
0.662
0.430951
0.141261
0.662
0.662
0.572543
0.662
0.162998
0.350847
0.662
0.662
0.662
0.139367
0.662
0.412527
0.274001
0.0131213
0.662
0.255865
0.662
0.150543
0.662
0.662
0.206881
0.662
0.33824
0.359043
0.662
0.662
0.173362
0.228472
0.229117
0.165515
0.662
0.662
0.662
0.166295
0.662
0.662
0.662
0.662
0.662
0.662
0.155866
0.662
0.278461
0.233416
0.662
0.662
0.135425
0.662
0.662
0.662
0.662
0.662
0.662
0.662
0.662
0.39143
0.662
0.378166
0.598259
0.211397
0.134794
0.662
0.233713
0.278183
0.662
0.430253
0.276733
0.201208
0.264127
0.299683
0.662
0.662
0.0878025
0.662
0.662
0.662
0.662
0.662
0.662
0.662
0.662
0.662
0.662
0.448162
0.40936
0.213372
0.662
0.372349
0.662
0.294768
0.662
0.662
0.662
0.662
0.662
0.662
0.662
0.662
0.662
0.307123
0.323414
0.0586186
0.662
0.143633
0.662
0.633693
0.426763
0.282542
0.35465
0.662
0.380284
0.662
0.423816
0.233364
0.163849
0.662
0.662
0.662
0.662
0.220552
0.329537
0.151234
0.662
0.134385
0.35956
0.662
0.662
0.437901
0.662
0.122943
0.372
0.248428
0.23921
0.274011
0.662
0.307322
0.364049
0.09463
0.0607364
0.662
0.132777
0.478102
0.273239
0.0513387
0.230172
0.306795
0.223568
0.477464
0.229345
0.318211
0.461288
0.662
0.662
0.662
0.662
0.662
0.325102
0.662
0.662
0.0850942
0.662
0.440998
0.662
0.441379
0.662
0.662
0.662
0.662
0.662
0.195329
0.662
0.662
0.414781
0.330093
0.590049
0.662
0.192988
0.33973
0.662
0.662
0.270456
0.662
0.662
0.662
0.662
0.363773
0.662
0.662
0.270808
0.37689
0.169475
0.662
0.0459027
0.662
0.662
0.330757
0.206754
0.662
0.0134517
0.318254
0.662
0.662
0.662
0.662
0.357449
0.598397
0.476165
0.0912128
0.662
0.662
0.328879
0.235106
0.196844
0.662
0.662
0.662
0.138572
0.419577
0.314665
0.662
0.662
0.452937
0.662
0.662
0.662
0.662
0.662
0.662
0.0617061
0.662
0.334327
0.662
0.662
0.242066
0.662
0.662
0.175181
0.662
0.662
0.0215111
0.662
0.39604
0.153223
0.662
0.234378
0.0163229
0.24111
0.662
0.156799
0.662
0.662
0.352236
0.292555
0.662
0.662
0.437436
0.0706733
0.662
0.00632982
0.411637
0.662
0.42086
0.412511
0.167934
0.457798
0.662
0.662
0.662
0.531274
0.662
0.43418
0.662
0.236666
0.0965077
0.662
0.065142
0.218203
0.00225509
0.662
0.221978
0.662
0.662
0.273097
0.13697
0.662
0.44383
0.662
0.443069
0.224426
0.0584978
0.302803
0.662
0.112465
0.662
0.662
0.662
0.4692
0.381459
0.166382
0.662
0.662
0.138321
0.644507
0.208882
0.662
0.0416975
0.236321
0.662
0.05375
0.662
0.662
0.40932
0.662
0.662
0.662
0.662
0.0164485
0.14501
0.662
0.0433003
0.34364
0.412786
0.662
0.662
0.662
0.662
0.225937
0.662
0.662
0.662
0.662
0.662
0.215246
0.662
0.662
0.662
0.662
0.662
0.662
0.432666
0.450885
0.662
0.37941
0.662
0.662
0.354634
0.273586
0.662
0.662
0.662
0.662
0.45827
0.662
0.662
0.662
0.0697633
0.315287
0.662
0.0146925
0.662
0.131513
0.662
0.133156
0.131741
0.662
0.397941
0.459882
0.387762
0.662
0.435701
0.375872
0.140933
0.15238
0.662
