0.662
0.259151
0.465835
0.597862
0.197454
0.662
0.334292
0.662
0.449548
0.294569
0.662
0.662
0.0374326
0.43186
0.662
0.249296
0.662
0.191107
0.316498
0.440085
0.456683
0.200682
0.217264
0.167234
0.662
0.662
0.458363
0.662
0.662
0.662
0.493094
0.662
0.662
0.452476
0.662
0.662
0.169155
0.662
0.662
0.457411
0.182072
0.034561
0.662
0.0875417
0.662
0.662
0.318088
0.662
0.662
0.364278
0.197441
0.662
0.550747
0.473575
0.662
0.662
0.662
0.662
0.0283356
0.662
0.338022
0.459892
0.662
0.662
0.372336
0.662
0.662
0.309721
0.43939
0.116535
0.662
0.662
0.384238
0.343643
0.662
0.145057
0.662
0.662
0.410132
0.662
0.662
0.550645
0.0908748
0.428291
0.193573
0.324079
0.662
0.662
0.132035
0.662
0.662
0.662
0.662
0.662
0.662
0.386065
0.662
0.662
0.662
0.662
0.662
0.22869
0.662
0.0300052
0.662
0.662
0.662
0.164361
0.428019
0.190113
0.662
0.662
0.328426
0.662
0.662
0.374528
0.662
0.397513
0.0224018
0.662
0.47992
0.212324
0.662
0.0121821
0.263522
0.662
0.0643194
0.41455
0.392016
0.260745
0.186096
0.662
0.662
0.662
0.0922037
0.662
0.662
0.00218672
0.662
0.662
0.350398
0.662
0.662
0.372839
0.472276
0.288263
0.662
0.00927802
0.473928
0.343359
0.662
0.159826
0.0768834
0.159599
0.61145
0.385822
0.431946
0.45932
0.238105
0.469081
0.0918386
0.336155
0.292997
0.348291
0.662
0.662
0.298644
0.662
0.662
0.662
0.662
0.662
0.662
0.229568
0.235541
0.662
0.662
0.662
0.662
0.364998
0.662
0.40512
0.0525764
0.662
0.620522
0.662
0.123987
0.209854
0.662
0.0501039
0.277682
0.662
0.662
0.662
0.34707
0.662
0.662
0.662
0.662
0.366831
0.308603
0.662
0.397474
0.662
0.429853
0.19341
0.662
0.365386
0.662
0.0324416
0.662
0.662
0.0764564
0.335862
0.192851
0.662
0.662
0.0313519
0.662
0.662
0.662
0.662
0.662
0.114074
0.124757
0.629706
0.662
0.448173
0.194431
0.0667714
0.662
0.662
0.455541
0.490127
0.662
0.662
0.471282
0.161482
0.264882
0.662
0.662
0.271875
0.614295
0.0435812
0.252137
0.0597079
0.662
0.630774
0.662
0.662
0.662
0.0426962
0.641986
0.494508
0.062939
0.662
0.662
0.168918
0.662
0.113672
0.662
0.0031803
0.325002
0.662
0.450688
0.662
0.662
0.154091
0.216
0.328182
0.211789
0.662
0.662
0.662
0.425676
0.429927
0.458043
0.384622
0.662
0.059415
0.662
0.662
0.662
0.662
0.662
0.224553
0.662
0.255585
0.662
0.662
0.363247
0.309894
0.309081
0.662
0.662
0.662
0.662
0.662
0.662
0.087583
0.662
0.662
0.662
0.662
0.662
0.662
0.281134
0.0582946
0.12343
0.0520695
0.662
0.662
0.662
0.387976
0.30842
0.305178
0.205905
0.662
0.428762
0.316419
0.662
0.323419
0.662
0.460601
0.662
0.195918
0.437912
0.662
0.48852
0.549249
0.662
0.168306
0.295987
0.662
0.203878
0.310396
0.662
0.662
0.662
0.662
0.662
0.662
0.662
0.662
0.662
0.662
0.662
0.662
0.234409
0.244531
0.0997822
0.662
0.339199
0.0871772
0.165098
0.351058
0.168719
0.228
0.662
0.662
0.662
0.662
0.286804
0.423016
0.160618
0.363403
0.662
0.659046
0.454997
0.39808
0.662
0.38137
0.476579
0.287714
0.0589543
0.20626
0.662
0.274352
0.354485
0.662
0.662
0.662
0.259186
0.353498
0.662
0.389152
0.377811
0.662
0.146311
0.518881
0.662
0.445731
0.13494
0.238387
0.662
0.662
0.662
0.662
0.23818
0.662
0.430216
0.662
0.0276603
0.515085
0.662
0.020159
0.216137
0.662
0.662
0.421169
0.662
0.662
0.662
0.662
0.662
0.662
0.532645
0.662
0.662
0.662
0.438438
0.293626
0.45293
0.662
0.662
0.662
0.463055
0.662
0.153021
0.662
0.0267429
0.366364
0.662
0.0455805
0.662
0.662
0.662
0.121572
0.202523
0.452625
0.219197
0.662
0.459324
0.231151
0.38807
0.114698
0.662
0.427532
0.380083
0.662
0.662
0.553065
0.414771
0.0512447
0.662
0.339073
0.662
0.22234
0.662
0.0173317
0.356125
0.662
0.662
0.662
0.662
0.662
0.662
0.333491
0.662
0.662
0.662
0.424649
0.377176
0.429204
0.0218551
0.662
0.243937
0.144658
0.662
0.662
0.622178
0.58871
0.662
0.0345217
0.120248
0.662
0.462491
0.662
0.662
0.301368
0.33028
0.662
0.34638
0.662
0.662
0.662
0.0160978
0.662
0.13848
0.186075
0.662
0.662
0.0230997
0.662
0.662
0.362427
0.662
0.662
0.662
0.662
0.662
0.662
0.353476
0.662
0.153762
0.662
0.662
0.662
0.213543
0.662
0.23018
0.3986
0.311583
0.662
0.46432
0.662
0.662
0.662
0.662
0.662
0.10711
0.0717248
0.182293
0.299786
0.335653
0.662
0.662
0.094942
0.662
0.400931
0.402606
0.606464
0.173121
0.265402
0.662
0.494544
0.662
0.662
0.662
0.662
0.662
0.209481
0.662
0.662
0.662
0.662
0.248396
0.20981
0.662
0.662
0.444436
0.662
0.33122
0.331242
0.662
0.116942
0.662
0.465968
0.211589
0.662
0.490305
0.178361
0.662
0.372884
0.410823
0.662
0.662
0.662
0.211647
0.239045
0.662
0.662
0.0641419
0.169656
0.477689
0.35088
0.278516
0.367438
0.662
0.395274
0.548353
0.662
0.662
0.0331915
0.662
0.662
0.662
0.662
0.662
0.662
0.271885
0.662
0.466307
0.662
0.662
0.662
0.662
0.385046
0.662
0.662
0.179122
0.11668
0.662
0.662
0.662
0.662
0.662
0.662
0.382255
0.662
0.662
0.449508
0.261973
0.662
0.662
0.662
0.30106
0.352042
0.197338
0.662
0.19035
0.0472088
0.662
0.299501
0.0828973
0.199453
0.662
0.662
0.662
0.662
0.662
0.37143
0.187291
0.50926
0.260887
0.370364
0.662
0.662
0.662
0.662
0.662
0.202022
0.662
0.553399
0.662
0.18038
0.19896
0.662
0.145739
0.157397
0.662
0.36425
0.609113
0.662
0.662
0.124653
0.536893
0.662
0.115264
0.662
0.598463
0.375693
0.662
0.662
0.508933
0.662
0.662
0.662
0.662
0.662
0.662
0.126813
0.00349213
0.440805
0.662
0.662
0.328033
0.662
0.314889
0.307086
0.662
0.662
0.662
0.474778
0.438766
0.662
0.662
0.194669
0.662
0.258
0.30954
0.612375
0.207028
0.263908
0.662
0.263749
0.0594156
0.311804
0.662
0.355359
0.662
0.255756
0.662
0.117855
0.331169
0.662
0.662
0.230821
0.00904825
0.392538
0.307089
0.662
0.662
0.0143863
0.662
0.205642
0.0405343
0.662
0.662
0.662
0.435673
0.662
0.178926
0.662
0.662
0.662
0.400142
0.494999
0.662
0.213742
0.662
0.662
0.192581
0.662
0.662
0.662
0.662
0.142593
0.0486891
0.212143
0.662
0.662
0.2884
0.662
0.662
0.296178
0.662
0.265485
0.662
0.207057
0.384288
0.113813
0.400325
0.662
0.662
0.391063
0.311636
0.662
0.560595
0.662
0.324385
0.283241
0.662
0.465186
0.544806
0.662
0.646316
0.358118
0.421106
0.662
0.128587
0.662
0.662
0.198721
0.263217
0.662
0.662
0.662
0.0375233
0.110978
0.11106
0.662
0.421027
0.662
0.0286005
0.662
0.662
0.0885343
0.313155
0.662
0.662
0.662
0.662
0.238846
0.216458
0.393735
0.662
0.0316455
0.662
0.662
0.662
0.317807
0.24407
0.334432
0.0409014
0.281049
0.662
0.662
0.662
0.0787741
0.155033
0.662
0.199207
0.0085689
0.662
0.109997
0.662
0.379591
0.219187
0.477492
0.662
0.660357
0.107136
0.198376
0.309325
0.23178
0.662
0.140099
0.17931
0.151869
0.662
0.355683
