0.662
0.662
0.662
0.662
0.461991
0.662
0.444362
0.662
0.662
0.662
0.463971
0.281828
0.47468
0.599857
0.662
0.662
0.662
0.662
0.226005
0.411808
0.439029
0.662
0.662
0.208003
0.405563
0.662
0.451289
0.662
0.23228
0.400242
0.447389
0.662
0.158665
0.0811395
0.114851
0.662
0.140796
0.662
0.662
0.277057
0.662
0.662
0.662
0.662
0.662
0.389881
0.201158
0.319253
0.662
0.0791268
0.662
0.662
0.425059
0.45429
0.662
0.230067
0.198966
0.229819
0.662
0.662
0.387274
0.552066
0.662
0.154221
0.038418
0.143836
0.364373
0.662
0.662
0.0544901
0.0180278
0.414575
0.275596
0.662
0.0213265
0.156451
0.394852
0.25388
0.662
0.662
0.260041
0.310425
0.171352
0.0527839
0.340941
0.457148
0.662
0.128729
0.662
0.227631
0.662
0.475738
0.486526
0.662
0.475203
0.134014
0.662
0.400618
0.662
0.584391
0.662
0.175815
0.662
0.180642
0.0119339
0.308391
0.662
0.662
0.662
0.662
0.662
0.360862
0.190809
0.662
0.662
0.0977668
0.489843
0.662
0.0323313
0.21197
0.662
0.662
0.662
0.662
0.662
0.183411
0.303891
0.466179
0.662
0.407585
0.662
0.0595107
0.105533
0.662
0.662
0.413268
0.662
0.244226
0.0160416
0.139592
0.662
0.43263
0.231713
0.662
0.42573
0.173376
0.0490269
0.212815
0.662
0.256542
0.662
0.662
0.333999
0.407907
0.392877
0.277125
0.662
0.662
0.662
0.372449
0.234464
0.420417
0.662
0.662
0.0474345
0.662
0.662
0.332642
0.0517448
0.662
0.662
0.451198
0.662
0.132558
0.662
0.662
0.662
0.662
0.662
0.261049
0.370737
0.662
0.662
0.104376
0.662
0.662
0.541116
0.662
0.662
0.662
0.640209
0.662
0.436524
0.441757
0.662
0.662
0.179932
0.415937
0.0867779
0.662
0.414186
0.662
0.272092
0.12144
0.662
0.302352
0.662
0.468276
0.116937
0.662
0.0930933
0.405351
0.011943
0.504114
0.662
0.382778
0.662
0.397042
0.209856
0.445828
0.315846
0.662
0.462275
0.662
0.0487266
0.247134
0.278013
0.662
0.416171
0.662
0.290586
0.315941
0.662
0.0251531
0.100817
0.662
0.662
0.662
0.30666
0.662
0.469649
0.0305927
0.662
0.463769
0.295765
0.363699
0.0298117
0.0749761
0.662
0.390305
0.395907
0.247616
0.662
0.662
0.662
0.461976
0.662
0.319045
0.288399
0.5631
0.662
0.501704
0.662
0.662
0.0351303
0.662
0.662
0.0920665
0.00343842
0.662
0.662
0.662
0.173386
0.390422
0.662
0.662
0.00148252
0.410913
0.662
0.662
0.168766
0.662
0.448863
0.662
0.662
0.589329
0.662
0.414672
0.398601
0.332874
0.662
0.662
0.662
0.662
0.433638
0.15296
0.0828819
0.155564
0.662
0.239128
0.074699
0.662
0.662
0.662
0.662
0.662
0.302989
0.344737
0.145595
0.448658
0.662
0.662
0.13061
0.662
0.662
0.662
0.0914073
0.662
0.294145
0.662
0.219181
0.662
0.662
0.662
0.146834
0.662
0.487149
0.333047
0.662
0.259614
0.662
0.662
0.196003
0.662
0.662
0.662
0.475864
0.662
0.0812961
0.0891491
0.00496654
0.662
0.662
0.662
0.662
0.0993603
0.662
0.662
0.158701
0.411365
0.662
0.662
0.228474
0.196846
0.360672
0.662
0.662
0.662
0.662
0.662
0.662
0.662
0.353804
0.662
0.662
0.0704753
0.662
0.662
0.662
0.662
0.240597
0.662
0.662
0.662
0.662
0.662
0.0800094
0.662
0.270661
0.662
0.209797
0.662
0.212399
0.662
0.662
0.662
0.39481
0.132608
0.662
0.662
0.662
0.662
0.662
0.583688
0.662
0.662
0.662
0.662
0.662
0.662
0.401303
0.361854
0.175183
0.595809
0.662
0.317332
0.662
0.329842
0.662
0.260499
0.308637
0.359574
0.662
0.282844
0.00742493
0.478426
0.443105
0.662
0.662
0.662
0.662
0.662
0.34278
0.379171
0.208383
0.662
0.237045
0.345756
0.662
0.146294
0.662
0.438962
0.662
0.371052
0.216457
0.662
0.338357
0.662
0.285078
0.0529294
0.662
0.662
0.662
0.435814
0.662
0.662
0.662
0.662
0.400045
0.662
0.662
0.467585
0.540377
0.131355
0.215919
0.241618
0.372787
0.662
0.0823922
0.127553
0.270136
0.306994
0.662
0.343082
0.328668
0.292247
0.207832
0.662
0.662
0.170229
0.662
0.502872
0.0677906
0.166034
0.662
0.0224479
0.100026
0.662
0.087501
0.662
0.210273
0.576932
0.341403
0.439937
0.157789
0.343004
0.0234938
0.168928
0.0596712
0.225834
0.662
0.252191
0.662
0.170547
0.662
0.285735
0.15637
0.423254
0.662
0.662
0.662
0.0614313
0.270869
0.662
0.485349
0.662
0.662
0.662
0.0472707
0.369797
0.662
0.662
0.0791869
0.0901771
0.662
0.484764
0.662
0.662
0.38257
0.662
0.0491758
0.481455
0.662
0.138638
0.662
0.202121
0.662
0.662
0.404053
0.662
0.0544502
0.169086
0.187743
0.147528
0.662
0.133453
0.662
0.0389988
0.662
0.405743
0.426072
0.00565377
0.662
0.057425
0.0904249
0.141761
0.223227
0.662
0.662
0.335329
0.0279773
0.221019
0.251174
0.662
0.662
0.662
0.491832
0.0891568
0.22905
0.422266
0.0440942
0.265535
0.662
0.662
0.662
0.662
0.662
0.00254134
0.662
0.662
0.062792
0.662
0.113775
0.301413
0.471117
0.662
0.662
0.5384
0.662
0.662
0.662
0.414557
0.662
0.662
0.662
0.0905256
0.133584
0.662
0.43503
0.354007
0.147742
0.229521
0.344977
0.108892
0.662
0.410399
0.662
0.199636
0.3225
0.662
0.45877
0.662
0.662
0.662
0.662
0.662
0.662
