0.438259
0.439357
0.475241
0.115479
0.662
0.429952
0.228883
0.662
0.0398615
0.101666
0.662
0.662
0.457063
0.411463
0.662
0.202869
0.662
0.662
0.662
0.662
0.407198
0.662
0.662
0.662
0.662
0.662
0.662
0.132637
0.203804
0.662
0.0663772
0.662
0.204192
0.247694
0.662
0.662
0.662
0.360626
0.662
0.662
0.152893
0.247696
0.662
0.662
0.221294
0.402109
0.443366
0.248891
0.251148
0.662
0.301205
0.662
0.662
0.396859
0.00224871
0.662
0.316134
0.662
0.452281
0.0738388
0.662
0.342549
0.110583
0.662
0.587935
0.662
0.662
0.662
0.662
0.662
0.241298
0.00558804
0.662
0.348595
0.401608
0.662
0.385914
0.662
0.662
0.196227
0.662
0.662
0.662
0.385569
0.662
0.219722
0.334973
0.283282
0.662
0.662
0.662
0.662
0.662
0.0323167
0.244229
0.20174
0.662
0.426572
0.425998
0.662
0.33541
0.662
0.662
0.662
0.662
0.662
0.296852
0.0345875
0.662
0.662
0.662
0.662
0.662
0.252623
0.363213
0.375446
0.662
0.662
0.662
0.0780721
0.662
0.662
0.322692
0.662
0.448046
0.0884275
0.62897
0.662
0.662
0.662
0.662
0.192674
0.0376495
0.662
0.491649
0.662
0.662
0.662
0.425954
0.0729373
0.662
0.0759953
0.662
0.191907
0.208402
0.662
0.204835
0.662
0.335536
0.662
0.53374
0.360879
0.452211
0.662
0.123975
0.310845
0.662
0.662
0.334585
0.466962
0.184438
0.430718
0.662
0.163758
0.662
0.374653
0.00807857
0.662
0.662
0.0664017
0.662
0.361832
0.435827
0.375713
0.662
0.662
0.361848
0.0687897
0.662
0.662
0.203261
0.662
0.662
0.191026
0.662
0.662
0.662
0.0351038
0.22397
0.556982
0.213037
0.405922
0.662
0.662
0.404842
0.662
0.234262
0.662
0.662
0.386504
0.662
0.388095
0.662
0.662
0.662
0.319216
0.662
0.662
0.662
0.464058
0.662
0.662
0.662
0.226174
0.158191
0.0380628
0.43319
0.662
0.662
0.662
0.662
0.662
0.662
0.230851
0.662
0.106902
0.662
0.265605
0.662
0.218964
0.234134
0.36344
0.081183
0.244652
0.453238
0.258978
0.179056
0.662
0.662
0.662
0.299596
0.662
0.585021
0.662
0.319231
0.662
0.0218419
0.185693
0.662
0.314475
0.411037
0.322437
0.159706
0.420887
0.111781
0.662
0.662
0.224983
0.145102
0.329636
0.457858
0.662
0.00738795
0.662
0.662
0.662
0.662
0.0824803
0.662
0.662
0.329852
0.209587
0.662
0.392898
0.0927608
0.111168
0.662
0.662
0.662
0.396267
0.662
0.662
0.662
0.218317
0.662
0.662
0.122066
0.386527
0.662
0.241234
0.018042
0.156124
0.662
0.662
0.284768
0.662
0.662
0.662
0.662
0.662
0.662
0.404676
0.268417
0.0925234
0.125283
0.662
0.395182
0.662
0.0379997
0.0384714
0.152802
0.662
0.662
0.572185
0.662
0.569737
0.613949
0.662
0.0496488
0.376118
0.144434
0.662
0.662
0.662
0.458412
0.369775
0.317454
0.252469
0.662
0.0306372
0.662
0.078708
0.662
0.276292
0.662
0.662
0.44345
0.597531
0.155866
0.250426
0.324275
0.237768
0.662
0.662
0.226969
0.443889
0.662
0.0171211
0.662
0.662
0.662
0.662
0.485425
0.662
0.662
0.662
0.662
0.662
0.236829
0.207678
0.533213
0.176903
0.662
0.0309847
0.473552
0.432955
0.662
0.662
0.662
0.662
0.560654
0.662
0.161395
0.417284
0.662
0.205888
0.230306
0.0832867
0.662
0.183328
0.458718
0.21871
0.141026
0.662
0.137743
0.662
0.297318
0.483866
0.280374
0.662
0.446018
0.662
0.405018
0.662
0.34268
0.662
0.463916
0.313702
0.662
0.340078
0.662
0.12297
0.157115
0.662
0.662
0.662
0.662
0.662
0.1754
0.389434
0.260582
0.662
0.500959
0.662
0.662
0.662
0.662
0.0852785
0.116582
0.0560357
0.662
0.662
0.388714
0.662
0.403365
0.662
0.662
0.662
0.662
0.662
0.662
0.0911715
0.662
0.319287
0.662
0.662
0.662
0.662
0.662
0.101627
0.476231
0.662
0.662
0.662
0.120399
0.464623
0.662
0.0372166
0.0778784
0.662
0.662
0.662
0.378846
0.662
0.451465
0.206686
0.662
0.35832
0.0800979
0.152659
0.517519
0.270297
0.20335
0.342137
0.662
0.662
0.662
0.662
0.066422
0.342961
0.662
0.226832
0.662
0.0513726
0.662
0.148241
0.662
0.522799
0.330338
0.662
0.0228888
0.0820089
0.358607
0.662
0.662
0.662
0.662
0.23826
0.662
0.460473
0.176924
0.662
0.662
0.662
0.662
0.662
0.662
0.662
0.0194841
0.240713
0.662
0.216727
0.662
0.466554
0.562213
0.367989
0.322009
0.662
0.351027
0.547984
0.662
0.662
0.662
0.132255
0.330757
0.662
0.662
0.0967392
0.117976
0.300651
0.662
0.28336
0.662
0.31924
0.36542
0.662
0.662
0.309898
0.662
0.389936
0.0177635
0.378897
0.662
0.662
0.346302
0.662
0.662
0.662
0.662
0.390076
0.662
0.023274
0.662
0.405815
0.662
0.164266
0.14804
0.662
0.161804
0.662
0.0300329
0.105586
0.662
0.662
0.0813382
0.355564
0.662
0.474716
0.662
0.155665
0.662
0.454559
0.434911
0.0319829
0.250245
0.662
0.104461
0.662
0.662
0.43716
0.662
0.662
0.528545
0.662
0.662
0.226781
0.662
0.662
0.662
0.662
0.264137
0.662
0.662
0.231366
0.238239
0.441379
0.662
0.662
0.662
0.602931
0.277558
0.240227
0.231719
0.662
0.137741
0.662
0.662
0.641174
0.462293
0.194005
0.252273
0.662
0.662
0.404472
0.662
0.662
0.404042
0.198642
0.662
0.662
0.214234
0.0398019
0.315827
0.662
0.662
0.662
0.0292425
0.662
0.662
0.282645
0.662
0.662
0.299548
0.148339
0.459492
0.662
0.00558321
0.662
0.662
0.0126184
0.662
0.588339
0.194068
0.0830347
0.662
0.662
0.662
0.662
0.662
0.370234
0.662
0.24322
0.0476416
0.662
0.0189438
0.10798
0.219097
0.387199
0.662
0.662
0.662
0.662
0.662
0.456141
0.662
0.662
0.0735276
0.662
0.314821
0.662
0.662
0.171434
0.662
0.662
0.662
0.662
0.334837
0.401663
0.662
0.662
0.359444
0.662
0.662
0.481939
0.311254
0.662
0.450153
0.475055
0.205075
0.00341886
0.662
0.611938
0.297959
0.662
0.57565
0.662
0.662
0.662
0.662
0.241146
0.179545
0.394888
0.662
0.662
0.662
0.662
0.253096
0.384936
0.662
0.662
0.387391
0.662
0.662
0.380302
0.435479
0.109296
0.662
0.359737
0.662
0.195256
0.662
0.662
0.662
0.163202
0.334094
0.289403
0.180628
0.662
0.662
0.662
0.282086
0.662
0.253255
0.324288
0.177948
0.371782
0.662
0.662
0.662
0.296191
0.0333731
0.63049
0.261146
0.662
0.662
0.662
0.662
0.662
0.499811
0.295973
0.00972307
0.230037
0.515392
0.662
0.22705
0.0627001
0.662
0.662
0.534596
0.32467
0.468312
0.231159
0.238911
0.372404
0.101236
0.302421
0.662
0.276728
0.662
0.662
0.662
0.662
0.318025
0.662
0.300627
0.157061
0.662
0.662
0.192155
0.166984
0.443286
0.161857
0.373327
0.100049
0.396686
0.273748
0.193766
0.0356
0.662
0.662
0.662
0.0211524
0.290987
0.662
0.662
0.662
0.662
0.306374
0.604986
0.136563
0.241627
0.0824953
0.0709475
0.329903
0.662
0.186253
0.662
0.662
0.317578
0.662
0.662
0.662
0.662
0.662
0.649953
0.0139602
0.282582
0.662
0.662
0.662
0.111586
0.662
0.662
0.662
0.662
0.651487
0.662
0.662
0.662
0.662
0.662
0.662
0.170162
0.662
0.365671
0.662
0.662
0.662
0.662
0.662
0.4391
0.662
0.662
0.662
0.662
0.139273
0.662
0.662
0.662
0.362516
0.483001
0.313799
0.495407
0.662
0.0473622
0.662
0.0318948
0.0702245
0.662
0.578395
0.662
0.662
0.313349
0.0680331
0.662
0.662
0.662
0.662
0.662
0.662
0.662
0.662
0.662
0.0989461
0.320585
0.0614048
0.502113
0.490403
0.662
0.157093
0.662
0.29608
0.662
0.662
0.662
0.662
0.662
0.662
0.371014
0.662
0.662
0.662
0.662
0.116184
0.547575
0.070211
0.239416
0.662
0.662
0.662
0.265287
0.467213
0.46297
0.0196577
0.533659
0.0649718
0.301833
0.662
0.357401
0.662
0.182788
0.448971
0.0437169
0.662
0.217949
0.173409
0.662
0.333195
0.662
0.662
0.151375
0.662
0.662
0.662
0.0551247
0.662
0.662
0.425458
0.179261
0.141424
0.47144
0.662
0.662
0.328189
0.199872
0.662
0.662
0.662
0.662
0.093224
0.154288
0.662
0.401623
0.32214
0.662
0.448804
0.662
0.662
0.0656339
0.312256
0.662
0.662
0.662
0.37454
0.662
0.333474
0.551563
0.290305
0.549041
0.662
0.662
0.662
0.662
0.662
0.662
0.329614
0.662
0.662
0.400813
0.662
0.662
0.169553
0.233416
0.297697
0.206607
0.254099
0.329361
0.662
0.628981
0.165847
0.662
0.662
0.662
0.662
0.36387
0.662
0.361193
0.662
0.506336
0.662
0.662
0.0220421
0.662
0.170387
0.41973
0.662
0.662
0.260912
0.662
0.662
0.662
0.662
0.205496
0.662
0.662
0.328479
0.188929
0.662
0.662
0.357467
0.141784
0.0975873
0.204381
0.411874
0.19145
0.307802
0.662
0.310373
0.131991
0.0648993
0.662
0.662
0.0172173
0.177278
0.662
0.662
0.527499
0.183704
0.662
0.406794
0.662
0.662
0.209992
0.0157952
0.662
0.662
0.39663
0.662
0.0061624
0.662
0.662
0.27821
0.662
0.662
0.662
0.377344
0.291258
0.662
0.662
0.162131
0.662
0.373457
0.424237
0.149882
0.662
0.662
0.221991
0.145776
0.0791333
0.662
0.662
0.391126
0.662
0.662
0.662
0.417466
0.662
0.662
0.662
0.0980589
0.662
0.662
0.662
0.662
0.662
0.386378
0.330097
0.662
0.662
0.662
0.611122
0.112979
0.662
0.662
0.662
0.662
0.519079
0.662
0.662
0.0165366
0.662
0.662
0.662
0.662
0.662
0.662
0.662
0.551258
0.662
0.662
0.0906168
0.662
0.662
0.662
0.222081
0.662
0.662
0.255205
0.365721
0.662
0.15038
0.185352
0.662
0.229117
0.379187
0.194896
0.154455
0.662
0.408017
0.662
0.662
0.390218
0.336379
0.662
0.52307
0.662
0.0970273
0.662
0.495621
0.423927
0.662
0.662
0.662
0.248487
0.662
0.662
0.244781
0.662
0.662
0.662
0.662
0.0386274
0.398569
0.274805
0.148964
0.662
0.121952
0.662
0.662
0.353423
0.662
0.662
0.121916
0.0752523
0.264179
0.614264
0.662
0.0108838
0.0664217
0.662
0.662
0.662
0.304018
0.662
0.662
0.662
0.3142
0.16753
0.662
0.213627
0.388761
0.662
0.0535741
0.662
0.22118
0.376186
0.662
0.662
0.384025
0.468208
0.662
0.662
0.662
0.662
0.119631
0.40759
0.143747
0.662
0.662
0.0415909
0.662
0.662
0.662
0.662
0.269285
0.0374293
0.662
0.473337
0.0861917
0.174245
0.662
0.662
0.433865
0.662
0.326495
0.156538
0.662
0.0100417
0.662
0.40677
0.293817
0.206316
0.662
0.662
0.662
0.412527
0.182525
0.174576
0.662
0.662
0.0908953
0.662
0.256101
0.662
0.662
0.662
0.0134517
0.278724
0.0901783
0.44067
0.0729968
0.295817
0.662
0.341043
0.335102
0.662
0.277511
0.00373903
0.662
0.662
0.302158
0.402168
0.662
0.331973
0.325094
0.436975
0.662
0.662
0.662
0.0732506
0.662
0.313028
0.662
0.662
0.662
0.253698
0.662
0.0245813
0.463431
0.662
0.205697
0.219123
0.662
0.29313
0.313265
0.662
0.379654
0.662
0.273832
0.350402
0.229572
0.460737
0.0166517
0.662
0.273207
0.662
0.662
