0.41478
0.662
0.198732
0.43319
0.18201
0.662
0.066422
0.662
0.448804
0.662
0.662
0.231243
0.602931
0.485425
0.662
0.319216
0.662
0.152802
0.358
0.662
0.662
0.0804499
0.662
0.236542
0.117266
0.572065
0.021236
0.662
0.542788
0.662
0.662
0.254725
0.386527
0.0967392
0.662
0.402999
0.662
0.0979804
0.316212
0.662
0.662
0.473552
0.662
0.438259
0.662
0.662
0.173409
0.662
0.0108838
0.662
0.417284
0.538022
0.317775
0.662
0.150527
0.662
0.315497
0.375446
0.0196577
0.662
0.662
0.260912
0.322947
0.106854
0.152893
0.450483
0.662
0.662
0.611122
0.662
0.357401
0.348595
0.165847
0.662
0.662
0.662
0.317454
0.662
0.662
0.371782
0.662
0.662
0.214453
0.662
0.662
0.662
0.0978675
0.24228
0.405325
0.662
0.483866
0.662
0.0110177
0.0852785
0.454559
0.443889
0.662
0.662
0.445228
0.136563
0.416041
0.662
0.0386274
0.590813
0.662
0.40841
0.662
0.662
0.313349
0.662
0.662
0.662
0.40677
0.365333
0.662
0.662
0.210631
0.662
0.417106
0.0671757
0.335536
0.662
0.662
0.315827
0.662
0.424704
0.662
0.662
0.0861409
0.662
0.662
0.662
0.238078
0.662
0.371004
0.0820089
0.662
0.207461
0.662
0.662
0.662
0.329614
0.224051
0.188096
0.342708
0.63049
0.662
0.0832867
0.662
0.515027
0.0545709
0.662
0.662
0.22397
0.297861
0.662
0.438809
0.236085
0.662
0.662
0.206926
0.662
0.662
0.662
0.662
0.662
0.662
0.219745
0.391077
0.329263
0.662
0.662
0.662
0.662
0.193613
0.195828
0.662
0.662
0.222309
0.662
0.662
0.204192
0.137743
0.0839384
0.662
0.404676
0.662
0.344065
0.662
0.662
0.662
0.222081
0.662
0.208064
0.662
0.662
0.112979
0.662
0.337721
0.405922
0.473337
0.662
0.384025
0.386504
0.662
0.388348
0.662
0.662
0.460473
0.662
0.662
0.231719
0.137741
0.0704559
0.0439496
0.662
0.662
0.662
0.662
0.662
0.346323
0.156124
0.209992
0.662
0.662
0.662
0.324275
0.219722
0.397313
0.241376
0.662
0.662
0.662
0.662
0.662
0.662
0.273068
0.184672
0.309997
0.324032
0.662
0.662
0.662
0.662
0.253698
0.662
0.345176
0.273748
0.662
0.32467
0.44067
0.353423
0.662
0.662
0.379187
0.662
0.662
0.333486
0.662
0.662
0.51652
0.401608
0.662
0.054288
0.44995
0.662
0.389434
0.662
0.662
0.380584
0.662
0.662
0.662
0.662
0.052336
0.243133
0.662
0.662
0.662
0.662
0.662
0.662
0.435479
0.305905
0.244781
0.322437
0.0702677
0.662
0.662
0.662
0.662
0.662
0.148339
0.376118
0.125283
0.662
0.662
0.0551247
0.0702245
0.484843
0.662
0.123293
0.662
0.444346
0.0535741
0.662
0.426747
0.662
0.662
0.662
0.662
0.299478
0.662
0.0718602
0.154974
0.237768
0.662
0.662
0.299336
0.662
0.0747445
0.662
0.561888
0.662
0.330097
0.662
0.0292425
0.662
0.527499
0.253567
0.662
0.662
0.457063
0.662
0.662
0.662
0.0110209
0.662
0.0384863
0.216007
0.662
0.0798538
0.400813
0.210766
0.662
0.662
0.0211524
0.155665
0.662
0.0512058
0.491649
0.662
0.662
0.662
0.662
0.662
0.0567183
0.241146
0.662
0.662
0.411463
0.662
0.662
0.212154
0.463873
0.295312
0.662
0.662
0.29757
0.662
0.662
0.662
0.310746
0.662
0.662
0.0213684
0.662
0.611938
0.0893904
0.363636
0.00247832
0.662
0.662
0.662
0.662
0.662
0.662
0.338743
0.0316502
0.662
0.473779
0.424728
0.662
0.662
0.597531
0.662
0.399624
0.183704
0.662
0.662
0.0243984
0.662
0.0160797
0.662
0.0813382
0.662
0.205075
0.0220421
0.0824953
0.246737
0.662
0.662
0.662
0.662
0.662
0.553323
0.662
0.662
0.662
0.135038
0.662
0.662
0.662
0.375713
0.463202
0.302421
0.662
0.519627
0.662
0.662
0.450153
0.307225
0.662
0.662
0.662
0.662
0.058857
0.662
0.662
0.662
0.39566
0.0289852
0.0846815
0.662
0.662
0.662
0.0231692
0.436565
0.662
0.662
0.191907
0.23986
0.662
0.402349
0.662
0.662
0.662
0.662
0.0352929
0.0830957
0.662
0.662
0.662
0.662
0.13308
0.662
0.572481
0.214917
0.662
0.662
0.328479
0.0356
0.427126
0.0288851
0.404042
0.662
0.662
0.662
0.662
0.662
0.224935
0.662
0.155866
0.662
0.0476416
0.662
0.662
0.662
0.380622
0.662
0.28489
0.0500053
0.0681298
0.662
0.0215567
0.33776
0.662
0.202723
0.662
0.662
0.289403
0.662
0.662
0.517519
0.662
0.357543
0.260386
0.662
0.662
0.662
0.662
0.662
0.662
0.662
0.269385
0.216306
0.171855
0.452562
0.662
0.370234
0.191026
0.488953
0.197519
0.662
0.662
0.242991
0.311295
0.333393
0.662
0.0124805
0.486264
0.143226
0.662
0.432955
0.208402
0.662
0.233074
0.231366
0.662
0.0769053
0.662
0.233416
0.662
0.662
0.311254
0.662
0.662
0.662
0.401623
0.662
0.0591729
0.205697
0.662
0.378897
0.662
0.647436
0.662
0.161395
0.662
0.393817
0.662
0.662
0.228883
0.316134
0.244342
0.490403
0.662
0.0142461
0.560654
0.277511
0.522799
0.429722
0.662
0.662
0.112029
0.662
0.662
0.387534
0.662
0.662
0.333195
0.662
0.0100417
0.243081
0.662
0.662
0.176903
0.380137
0.40208
0.0125671
0.358607
0.386378
0.247694
0.662
0.283994
0.662
0.638502
0.139273
0.662
0.662
0.662
0.662
0.230306
0.662
0.662
0.206815
0.332622
0.114677
0.662
0.177278
0.662
0.662
0.0323167
0.00376172
0.274805
0.662
0.179261
0.413336
0.206297
0.662
0.0778784
0.244652
0.350519
0.387112
0.662
0.226969
0.118391
0.527881
0.662
0.662
0.662
0.57945
0.662
0.662
0.0374293
0.662
0.662
0.228484
0.662
0.312256
0.190312
0.361832
0.662
0.662
0.662
0.0306453
0.328189
0.199872
0.531206
0.105586
0.662
0.662
0.662
0.662
0.443286
0.662
0.662
0.371014
0.662
0.662
0.458392
0.335102
0.662
0.662
0.569737
0.293817
0.120399
0.572185
0.120617
0.100049
0.353269
0.172025
0.284768
0.662
0.662
0.111586
0.662
0.325094
0.662
0.662
0.0553224
0.355463
0.0465426
0.662
0.662
0.662
0.322735
0.354258
0.662
0.199321
0.662
0.227857
0.662
0.662
0.662
0.0411805
0.0871574
0.662
0.0398019
0.662
0.57565
0.662
0.662
0.662
0.436975
0.467302
0.662
0.296852
0.662
0.500959
0.662
0.662
0.158033
0.662
0.662
0.144268
0.329903
0.662
0.662
0.0370159
0.32214
0.322215
0.0351038
0.280034
0.662
0.662
0.0922982
0.402168
0.403365
0.662
0.444236
0.499811
0.121023
0.0908953
0.42217
0.0802396
0.662
0.662
0.662
0.662
0.448109
0.0930668
0.469905
0.662
0.662
0.0901783
0.662
0.662
0.662
0.662
0.31924
0.662
0.662
0.380302
0.662
0.295195
0.359818
0.662
0.195256
0.662
0.407198
0.662
0.252469
0.264179
0.662
0.662
0.0980589
0.467213
0.662
0.662
0.662
0.662
0.313265
0.662
0.00224871
0.662
0.173964
0.662
0.662
0.402109
0.662
0.249473
0.5854
0.193766
0.662
0.662
0.662
0.662
0.662
0.318025
0.662
0.372404
0.662
0.662
0.662
0.354769
0.143747
0.29608
0.662
0.109296
0.662
0.662
0.184686
0.662
0.662
0.148241
0.662
0.662
0.662
0.388714
0.651487
0.100011
0.162131
0.462231
0.0171211
0.241627
0.662
0.662
0.0924417
0.241298
0.307115
0.662
0.162953
0.662
0.662
0.662
0.662
0.662
0.662
0.125732
0.662
0.484
0.662
0.662
0.417466
0.662
0.662
0.381458
0.662
0.329636
0.457858
0.662
0.405815
0.0790691
0.662
0.458718
0.392898
0.662
0.0663772
0.662
0.297697
0.662
0.662
0.662
0.363559
0.662
0.336379
0.662
0.214125
0.662
0.468208
0.425998
0.662
0.662
0.319287
0.662
0.662
0.662
0.534735
0.43795
0.662
0.662
0.261146
0.662
0.662
0.156688
0.662
0.210659
0.662
0.0732506
0.662
0.662
0.662
0.362874
0.662
0.365721
0.174576
0.234209
0.417005
0.559342
0.662
0.662
0.662
0.662
0.438583
0.662
0.662
0.21871
0.662
0.462097
0.662
0.662
0.662
0.662
0.00558804
0.662
0.662
0.662
0.206426
0.662
0.662
0.662
0.0930802
0.662
0.662
0.179545
0.662
0.662
0.412915
0.0640615
0.0438747
0.338734
0.423382
0.662
0.380156
0.204381
0.662
0.662
0.662
0.117976
0.662
0.405018
0.662
0.198838
0.144434
0.510629
0.257454
0.662
0.0318948
0.188929
0.023274
0.662
0.662
0.662
0.240713
0.236829
0.662
0.662
0.662
0.662
0.662
0.149882
0.662
0.243749
0.662
0.451465
0.662
0.377781
0.662
0.0544518
0.206316
0.662
0.662
0.662
0.334585
0.37454
0.662
0.164173
0.662
0.662
0.662
0.662
0.396686
0.194896
0.0937891
0.0824803
0.662
0.246555
0.662
0.662
0.296191
0.374906
0.179056
0.313034
0.662
0.0780721
0.197515
0.250426
0.050829
0.662
0.0309847
0.662
0.662
0.255205
0.662
0.477245
0.662
0.662
0.101236
0.0885303
0.082228
0.439357
0.450215
0.662
0.662
0.305156
0.0415909
0.388889
0.662
0.662
0.662
0.662
0.209587
0.418679
0.662
0.0473622
0.662
0.662
0.662
0.459309
0.345337
0.321576
0.662
0.662
0.662
0.000332778
0.0556863
0.662
0.202869
0.384936
0.282645
0.362256
0.662
0.409492
0.10798
0.119631
0.662
0.360626
0.662
0.0906168
0.662
0.572488
0.199051
0.00699386
0.314821
0.0884275
0.662
0.662
0.36344
0.081183
0.662
0.662
0.0372166
0.284731
0.116582
0.662
0.47144
0.2429
0.259917
0.192155
0.361711
0.209222
0.45184
0.54503
0.257908
0.662
0.662
0.662
0.662
0.388761
0.662
0.662
0.647949
0.276728
0.662
0.662
0.28923
0.180215
0.551386
0.585021
0.662
0.662
0.662
0.662
0.206686
0.662
0.662
0.319947
0.662
0.662
0.424233
0.252273
0.641174
0.662
0.0240937
0.662
0.283282
0.360879
0.307993
0.428754
0.662
0.662
0.662
0.0545621
0.662
0.662
0.662
0.359444
0.295243
0.207678
0.0845423
0.00373903
0.297299
0.231159
0.444145
0.662
0.662
0.329023
0.662
0.662
0.0729373
0.662
0.662
0.662
0.662
0.662
0.0212867
0.157115
0.662
0.662
0.662
0.303395
0.157061
0.219544
0.20335
0.342137
0.377344
0.166984
0.173578
0.662
0.662
0.157093
0.342505
0.662
0.662
0.662
0.0407055
0.662
0.662
0.662
0.406794
0.662
0.662
0.662
0.662
0.662
0.306374
0.0669693
0.302158
0.347636
0.346302
0.25264
0.662
0.662
0.662
0.662
0.662
0.662
0.0598702
0.662
0.662
0.326495
0.254328
0.320585
0.662
0.662
0.52307
0.210784
0.435827
0.160168
0.662
0.180168
0.146497
0.662
0.205124
0.662
0.662
0.235377
0.662
0.662
0.662
0.367989
0.662
0.09789
0.0194129
0.463431
0.662
0.411037
0.450706
0.662
0.662
0.500631
0.662
0.662
0.430718
0.370322
0.662
0.263111
0.662
0.458762
0.1519
