0.412573
0.662
0.304132
0.406428
0.662
0.662
0.476238
0.662
0.169189
0.286034
0.000280024
0.662
0.662
0.463409
0.0310597
0.662
0.261508
0.662
0.200165
0.662
0.662
0.662
0.662
0.662
0.471031
0.275534
0.145874
0.205898
0.662
0.662
0.662
0.317013
0.441663
0.261621
0.662
0.662
0.662
0.217018
0.276742
0.027653
0.662
0.662
0.0552593
0.662
0.662
0.0877296
0.419078
0.662
0.281197
0.662
0.662
0.580254
0.662
0.662
0.662
0.662
0.0687778
0.662
0.585119
0.662
0.228205
0.662
0.662
0.662
0.662
0.241327
0.467169
0.662
0.475356
0.272339
0.662
0.0910247
0.662
0.662
0.179005
0.662
0.662
0.604527
0.501681
0.662
0.662
0.662
0.0802997
0.374431
0.0429637
0.171834
0.662
0.624991
0.662
0.662
0.662
0.0644327
0.662
0.307236
0.329244
0.0856218
0.662
0.347289
0.662
0.420824
0.662
0.0343124
0.662
0.662
0.366735
0.662
0.208517
0.662
0.662
0.662
0.662
0.662
0.0683687
0.348824
0.414347
0.0655936
0.662
0.662
0.662
0.662
0.662
0.662
0.456546
0.662
0.662
0.220312
0.335928
0.662
0.662
0.662
0.662
0.400757
0.0532742
0.662
0.662
0.312198
0.662
0.169331
0.456159
0.285717
0.662
0.662
0.522402
0.231542
0.662
0.335873
0.662
0.662
0.662
0.128286
0.464604
0.025294
0.581133
0.662
0.662
0.662
0.440294
0.31019
0.662
0.662
0.192827
0.662
0.662
0.662
0.169815
0.662
0.662
0.662
0.662
0.662
0.662
0.662
0.662
0.285884
0.013762
0.662
0.662
0.404812
0.220406
0.662
0.662
0.662
0.662
0.662
0.662
0.662
0.662
0.662
0.662
0.0321822
0.314567
0.139185
0.0952612
0.126552
0.662
0.662
0.0389635
0.662
0.662
0.662
0.662
0.176166
0.662
0.274299
0.662
0.0683219
0.662
0.281241
0.108382
0.662
0.662
0.22716
0.662
0.354294
0.468208
0.662
0.662
0.166053
0.0380422
0.662
0.662
0.662
0.662
0.662
0.662
0.662
0.662
0.662
0.662
0.405526
0.174895
0.156305
0.131797
0.662
0.662
0.36051
0.0369779
0.662
0.662
0.662
0.662
0.212032
0.422592
0.428145
0.662
0.662
0.304937
0.662
0.662
0.0550683
0.662
0.200755
0.662
0.662
0.662
0.662
0.0461602
0.0227861
0.0526168
0.337915
0.662
0.662
0.662
0.194121
0.662
0.130594
0.662
0.662
0.544298
0.662
0.513132
0.00426024
0.662
0.662
0.662
0.590502
0.204177
0.662
0.22391
0.0940759
0.662
0.662
0.662
0.405452
0.662
0.662
0.662
0.662
0.662
0.391398
0.218097
0.162834
0.0457513
0.662
0.662
0.482921
0.662
0.662
0.662
0.662
0.662
0.662
0.662
0.4086
0.500006
0.662
0.398219
0.662
0.197198
0.662
0.662
0.30984
0.662
0.280161
0.662
0.662
0.409982
0.371701
0.210941
0.0054011
0.662
0.478292
0.662
0.662
0.0269444
0.662
0.0934125
0.662
0.662
0.544423
0.662
0.0391567
0.239517
0.119332
0.662
0.662
0.42248
0.503205
0.289336
0.662
0.662
0.143251
0.662
0.662
0.0173399
0.662
0.662
0.662
0.662
0.143112
0.428179
0.454455
0.00544099
0.613162
0.662
0.662
0.391375
0.662
0.662
0.662
0.325129
0.662
0.662
0.544876
0.142106
0.662
0.662
0.662
0.662
0.263094
0.212959
0.662
0.0761168
0.109525
0.041515
0.188394
0.662
0.662
0.421804
0.00860381
0.605253
0.0627589
0.214907
0.020998
0.662
0.0112376
0.662
0.290387
0.662
0.258524
0.276801
0.262796
0.339958
0.662
0.0957932
0.294325
0.353571
0.0950496
0.0267312
0.213576
0.662
0.207641
0.315447
0.662
0.662
0.662
0.662
0.662
0.662
0.476775
0.424422
0.358867
0.336745
0.662
0.446927
0.36947
0.0471693
0.662
0.369478
0.662
0.288189
0.662
0.662
0.63741
0.662
0.31008
0.662
0.322441
0.662
0.662
0.662
0.662
0.14084
0.256248
0.662
0.662
0.662
0.662
0.662
0.662
0.303007
0.662
0.662
0.449616
0.272361
0.173958
0.215961
0.429278
0.662
0.401713
0.662
0.43385
0.215094
0.662
0.662
0.152017
0.662
0.280166
0.155428
0.0312528
0.662
0.374741
0.0580793
0.662
0.311477
0.197509
0.233284
0.662
0.0427051
0.209204
0.312737
0.662
0.209749
0.662
0.1155
0.662
0.662
0.662
0.533564
0.277183
0.299816
0.180044
0.131609
0.381558
0.422566
0.105822
0.662
0.339173
0.662
0.662
0.162176
0.662
0.662
0.662
0.200866
0.662
0.322423
0.0114256
0.662
0.133478
0.157245
0.185759
0.158052
0.136542
0.662
0.662
0.618058
0.463016
0.662
0.662
0.00494387
0.214743
0.243453
0.431846
0.662
0.349874
0.662
0.662
0.662
0.662
0.662
0.105972
0.662
0.662
0.448245
0.260864
0.162927
0.05235
0.662
0.21015
0.662
0.345062
0.662
0.340858
0.662
0.662
0.662
0.246738
0.662
0.51341
0.176725
0.662
0.42936
0.662
0.662
0.662
0.14381
0.662
0.255471
0.206092
0.225041
0.662
0.662
0.00154178
0.662
0.662
0.662
0.662
0.175603
0.662
0.341195
0.431759
0.662
0.455244
0.412223
0.662
0.0385072
0.662
0.662
0.662
0.662
0.360714
0.662
0.662
0.662
0.200515
0.662
0.662
0.24788
0.31779
0.662
0.662
0.662
0.662
0.662
0.662
0.181658
0.0475039
0.662
0.406363
0.662
0.0968361
0.403925
0.000298585
0.662
0.662
0.662
0.662
0.662
0.662
0.441108
0.327597
0.240456
0.662
0.148743
0.662
0.202857
0.662
0.662
0.662
0.0483359
0.0800091
0.662
0.662
0.662
0.179483
0.219948
0.662
0.662
0.662
0.14698
0.662
0.18821
0.662
0.105821
0.0833005
0.210269
0.662
0.662
0.0989144
0.662
0.662
0.662
0.662
0.148728
0.662
0.662
0.662
0.38271
0.662
0.662
0.662
0.662
0.662
0.662
0.662
0.662
0.482875
0.662
0.662
0.662
0.662
0.262223
0.517905
0.662
0.662
0.662
0.662
0.662
0.461222
0.662
0.189887
0.662
0.325746
0.0682599
0.545649
0.207091
0.662
0.192166
0.161626
0.662
0.0611007
0.662
0.289852
0.662
0.444512
0.305857
0.160403
0.000422636
0.330809
0.419971
0.662
0.0934993
0.454347
0.662
0.479922
0.662
0.662
0.662
0.662
0.662
0.662
0.662
0.662
0.662
0.662
0.662
0.662
0.662
0.662
0.662
0.341036
0.662
0.662
0.662
0.182245
0.662
0.662
0.662
0.414711
0.567812
0.662
0.662
0.662
0.478381
0.662
0.662
0.409264
0.662
0.662
0.310729
0.662
0.662
0.441187
0.662
0.0496575
0.324184
0.662
0.662
0.452071
0.217683
0.109408
0.331116
0.662
0.15174
0.283621
0.662
0.478981
0.632044
0.662
0.662
0.662
0.216541
0.662
0.543956
0.662
0.284088
0.528511
0.662
0.662
0.20828
0.662
0.662
0.662
0.662
0.662
0.662
0.662
0.431667
0.112947
0.394947
0.268743
0.662
0.141598
0.48213
0.662
0.207002
0.240593
0.662
0.662
0.662
0.260213
0.543791
0.662
0.406767
0.662
0.298396
0.662
0.182137
0.662
0.022889
0.662
0.0303144
0.350462
0.400781
0.366739
0.662
0.62897
0.662
0.662
0.114423
0.228882
0.40094
0.180186
0.662
0.454137
0.662
0.0553237
0.0106117
0.662
0.662
0.0719288
0.662
0.662
0.14282
0.387728
0.662
0.662
0.52216
0.662
0.191607
0.242796
0.662
0.662
0.662
0.662
0.662
0.662
0.662
0.662
0.534941
0.662
0.662
0.662
0.280464
0.403966
0.662
0.662
0.662
0.0701097
0.662
0.662
0.662
0.662
0.15936
0.662
0.397077
0.338822
0.218863
0.662
0.662
0.273464
0.662
0.460062
0.404892
0.662
0.662
0.362532
0.143067
0.284416
0.390432
0.155284
0.662
0.662
0.662
0.403709
0.27331
0.662
0.662
0.662
0.080486
0.662
0.662
0.662
0.662
0.662
0.010199
0.662
0.662
0.304787
0.662
0.662
0.662
0.106417
0.662
0.662
0.662
0.0426104
0.181161
0.662
0.458029
0.662
0.662
0.518266
0.31144
0.662
0.662
0.662
0.662
0.662
0.662
0.662
0.327828
0.662
0.432971
0.167776
0.662
0.529203
0.662
0.520881
0.662
0.467301
0.662
0.286748
0.662
0.662
0.548138
0.470623
0.0643638
0.119072
0.135023
0.242317
0.662
0.0733446
0.295289
0.421935
0.426213
0.662
0.56406
0.662
0.662
0.0744284
0.166881
0.178536
0.662
0.0365244
0.398517
0.487118
0.120762
0.218303
0.662
0.40907
0.442495
0.662
0.105404
0.316788
0.178276
0.19948
0.662
0.354083
0.266177
0.453957
0.662
0.662
0.387225
0.437022
0.327746
0.662
0.662
0.21838
0.0826238
0.662
0.375036
0.662
0.46595
0.189212
0.662
0.662
0.437638
0.662
0.341945
0.662
0.342317
0.344108
0.25315
0.420877
0.207351
0.535156
0.307941
0.160197
0.662
0.662
0.164695
0.662
0.4613
0.662
0.292
0.504886
0.318565
0.662
0.662
0.662
0.662
0.449866
0.662
0.662
0.662
0.0534552
0.341625
0.662
0.20087
0.662
0.314264
0.662
0.273981
0.412329
0.662
0.662
0.662
0.662
0.662
0.662
0.662
0.662
0.662
0.662
0.2349
0.662
0.662
0.276469
0.438098
0.662
0.0634222
0.495389
0.662
0.662
0.662
0.63309
0.146288
0.662
0.662
0.0107935
0.508037
0.30852
0.321161
0.662
0.662
0.662
0.662
0.662
0.662
0.662
0.254608
0.307188
0.662
0.662
0.173149
0.215133
0.662
0.662
0.10081
0.283134
0.662
0.590256
0.307344
0.662
0.662
0.662
0.349456
0.662
0.662
0.19918
0.662
0.662
0.2136
0.662
0.662
0.662
0.662
0.662
0.662
0.397
0.662
0.662
0.138412
0.662
0.662
0.450788
0.163953
0.118486
0.662
0.411031
0.311573
0.331731
0.662
0.379875
0.471281
0.662
0.662
0.662
0.662
0.662
0.473763
0.500584
0.445372
0.394973
0.503501
0.662
0.662
0.206136
0.662
0.662
0.662
0.266137
0.662
0.662
0.190753
0.436784
0.488727
0.2289
0.477457
0.662
0.361825
0.445064
0.662
0.112536
0.662
6.1097e-05
0.174944
0.662
0.140423
0.579831
0.662
0.11584
0.662
0.662
0.662
0.347435
0.431379
0.451573
0.662
0.0950303
0.662
0.0697882
0.322962
0.42281
0.662
0.379053
0.662
0.331328
0.662
0.120095
0.457852
0.261032
0.351264
0.349548
0.662
0.468193
0.662
0.171401
0.662
0.24038
0.388273
0.662
0.662
0.0642358
0.662
0.662
0.662
0.662
0.186772
0.198499
0.662
0.662
0.662
0.135141
0.662
0.662
0.214383
0.662
0.662
0.346634
0.262666
0.662
0.662
0.0568205
0.662
0.212085
0.662
0.157842
0.238612
0.662
0.315643
0.662
0.285388
0.288109
0.172923
0.662
0.212499
0.662
0.514253
0.397279
0.273903
0.662
0.662
0.662
0.543036
0.0179692
0.15961
0.662
0.337329
0.662
0.330617
0.406796
0.3495
0.662
0.248338
0.662
0.226157
0.448488
0.662
0.612538
0.662
0.316487
0.424924
0.51157
0.06234
0.319626
0.662
0.461711
0.240531
0.662
0.662
0.662
0.0354199
0.662
0.662
0.662
0.0931538
0.222681
0.662
0.415648
0.32019
0.222695
0.0589585
0.662
0.662
0.113279
0.162303
0.662
0.662
0.662
0.662
0.464993
0.255614
0.355338
0.373421
0.662
0.198614
0.662
0.265435
0.662
0.662
0.662
0.662
0.358675
0.548169
0.0790587
0.050493
0.662
0.662
0.45404
0.466041
0.181241
0.662
0.662
0.662
0.662
0.276137
0.249022
0.662
0.662
0.434249
0.662
0.662
0.192584
0.449844
0.662
0.662
0.662
0.662
0.662
0.350814
0.662
0.0288266
0.104663
0.392064
0.662
0.473766
0.662
0.122717
0.662
0.662
0.0774369
0.662
0.662
0.321561
0.442692
0.247271
0.204367
0.662
0.259938
0.662
0.34995
0.662
0.662
0.395227
0.662
0.31096
0.662
0.662
0.662
0.662
0.662
0.392422
0.431067
0.200471
0.662
0.0711329
0.662
0.662
0.443854
0.00168814
0.662
0.662
0.455729
0.662
0.662
0.662
0.547656
0.197883
0.662
0.3664
0.662
0.498738
0.662
0.662
0.353942
0.662
0.183395
0.464679
0.662
0.412658
0.283032
0.662
0.662
0.662
0.662
0.662
0.662
0.662
0.662
0.662
0.291704
0.662
0.0422686
0.662
0.662
0.184204
0.341158
0.0754756
0.603928
0.0874169
0.662
0.662
0.229831
0.249491
0.174707
0.662
0.285147
0.132628
0.0305799
0.232592
0.269642
0.376903
0.0693465
0.662
0.365176
0.662
0.0175306
0.662
0.397812
0.662
0.662
0.662
0.115787
0.662
0.358553
0.0166675
0.662
0.327714
0.332941
0.563971
0.435968
0.662
0.304198
0.662
0.0621873
0.662
0.464305
0.662
0.662
0.331911
0.662
0.662
0.662
0.662
0.662
0.388743
0.217994
0.662
0.662
0.283407
0.259669
0.662
0.234003
0.662
0.662
0.116562
0.662
0.662
0.662
0.453548
0.662
0.394647
0.0210045
0.662
0.662
0.662
0.662
0.254194
0.662
0.662
0.353262
0.310934
0.662
0.662
0.268454
0.662
0.662
0.662
0.0477783
0.662
0.662
0.662
0.585971
0.662
0.424192
0.460006
0.662
0.662
0.22782
0.662
0.265606
0.356254
0.238184
0.662
0.464427
0.662
0.167962
0.662
0.662
0.662
0.235922
0.0185006
0.169633
0.662
0.194236
0.394823
0.533963
0.465582
0.662
0.253889
0.662
0.0913169
0.662
0.422481
0.470734
0.0421441
0.662
0.662
