0.13494
0.662
0.662
0.364998
0.662
0.662
0.662
0.0283356
0.662
0.662
0.662
0.191107
0.662
0.662
0.662
0.0919486
0.662
0.0254458
0.662
0.0105464
0.380083
0.0543151
0.662
0.367337
0.548621
0.441204
0.500875
0.662
0.662
0.366831
0.662
0.290534
0.277682
0.0198678
0.378289
0.153508
0.662
0.662
0.062939
0.0562965
0.662
0.349618
0.210995
0.662
0.662
0.119978
0.662
0.350398
0.662
0.662
0.109372
0.395274
0.662
0.662
0.038919
0.662
0.283638
0.0523448
0.662
0.662
0.662
0.662
0.662
0.662
0.662
0.662
0.366364
0.375993
0.662
0.130569
0.662
0.662
0.662
0.174123
0.662
0.662
0.662
0.662
0.662
0.662
0.662
0.662
0.0811786
0.662
0.662
0.39957
0.0085689
0.0828973
0.662
0.662
0.662
0.557299
0.662
0.662
0.113028
0.662
0.400533
0.25719
0.662
0.265402
0.662
0.662
0.47902
0.662
0.662
0.38404
0.458363
0.359845
0.553065
0.662
0.0160978
0.662
0.662
0.662
0.662
0.233882
0.662
0.662
0.159606
0.662
0.140156
0.402337
0.662
0.35519
0.662
0.662
0.662
0.662
0.662
0.298144
0.153375
0.662
0.13848
0.193573
0.662
0.662
0.662
0.465841
0.662
0.450071
0.662
0.662
0.662
0.662
0.254932
0.662
0.662
0.662
0.418962
0.370364
0.270053
0.339864
0.662
0.662
0.662
0.11118
0.0627073
0.620522
0.662
0.418041
0.662
0.374894
0.193836
0.662
0.662
0.036206
0.454406
0.22502
0.662
0.235306
0.0294098
0.662
0.38734
0.662
0.662
0.662
0.0534814
0.662
0.438438
0.293626
0.122927
0.662
0.662
0.662
0.662
0.662
0.662
0.0857534
0.395904
0.571379
0.0551
0.662
0.643524
0.0737938
0.662
0.662
0.560595
0.662
0.662
0.662
0.428662
0.662
0.477492
0.146311
0.662
0.662
0.662
0.662
0.448173
0.352351
0.128882
0.662
0.449859
0.662
0.662
0.196158
0.206968
0.662
0.662
0.241943
0.662
0.293826
0.662
0.662
0.423094
0.662
0.662
0.662
0.662
0.662
0.22869
0.662
0.313562
0.500454
0.311636
0.445731
0.0439748
0.0895146
0.662
0.662
0.662
0.205234
0.662
0.127253
0.662
0.0352054
0.662
0.343806
0.410132
0.263185
0.662
0.662
0.159451
0.662
0.662
0.662
0.151408
0.114698
0.662
0.662
0.662
0.662
0.662
0.662
0.330784
0.457751
0.662
0.662
0.321622
0.662
0.662
0.662
0.459805
0.397263
0.662
0.662
0.662
0.662
0.662
0.0455805
0.662
0.299501
0.662
0.532645
0.289568
0.662
0.22882
0.165098
0.0459937
0.662
0.295295
0.448681
0.370628
0.662
0.662
0.662
0.662
0.662
0.662
0.282187
0.0171421
0.400931
0.266747
0.0512447
0.662
0.123388
0.662
0.662
0.213543
0.475467
0.662
0.33028
0.662
0.48852
0.556886
0.662
0.509478
0.662
0.0457862
0.662
0.216137
0.662
0.662
0.662
0.372336
0.470583
0.662
0.167025
0.662
0.286224
0.415539
0.428019
0.306588
0.662
0.198721
0.416128
0.294569
0.575581
0.0667714
0.662
0.662
0.313043
0.662
0.662
0.11593
0.662
0.662
0.662
0.365386
0.662
0.662
0.166224
0.662
0.448767
0.247222
0.438862
0.387446
0.662
0.662
0.474778
0.662
0.662
0.662
0.662
0.662
0.662
0.24407
0.662
0.33165
0.0845756
0.662
0.274201
0.268186
0.142137
0.662
0.269534
0.662
0.662
0.662
0.508933
0.446532
0.662
0.662
0.662
0.662
0.662
0.662
0.087583
0.0919936
0.662
0.662
0.166887
0.144742
0.324523
0.382459
0.662
0.662
0.294681
0.662
0.662
0.431897
0.550645
0.662
0.662
0.662
0.662
0.662
0.662
0.151852
0.662
0.662
0.662
0.379409
0.662
0.662
0.351058
0.430849
0.662
0.135723
0.662
0.662
0.662
0.662
0.662
0.662
0.559807
0.662
0.662
0.452476
0.662
0.662
0.662
0.0979936
0.662
0.462491
0.662
0.211613
0.662
0.257631
0.662
0.00937676
0.662
0.662
0.662
0.342181
0.662
0.0742989
0.662
0.662
0.662
0.228
0.662
0.662
0.25051
0.0393917
0.662
0.662
0.662
0.662
0.662
0.662
0.296998
0.339199
0.458219
0.0472088
0.0408063
0.377521
0.662
0.662
0.394028
0.0716992
0.662
0.662
0.662
0.662
0.305835
0.662
0.186067
0.662
0.662
0.662
0.662
0.662
0.662
0.662
0.243054
0.662
0.630188
0.320226
0.26091
0.434673
0.662
0.662
0.662
0.662
0.334886
0.662
0.662
0.662
0.385046
0.324385
0.662
0.212724
0.287714
0.249393
0.181831
0.662
0.662
0.662
0.429204
0.261079
0.207628
0.662
0.662
0.445813
0.662
0.00931544
0.662
0.662
0.662
0.662
0.662
0.469729
0.309721
0.413776
0.662
0.662
0.0420356
0.325002
0.394869
0.659046
0.265613
0.0717248
0.662
0.662
0.662
0.662
0.662
0.662
0.490127
0.265485
0.320637
0.211589
0.250717
0.308265
0.425117
0.662
0.300643
0.662
0.0617902
0.377176
0.662
0.168719
0.662
0.662
0.382556
0.429853
0.662
0.662
0.662
0.662
0.662
0.19803
0.662
0.0393241
0.173121
0.115891
0.662
0.21217
0.0920479
0.459892
0.106349
0.110932
0.0123228
0.154976
0.662
0.662
0.386065
0.0568368
0.662
0.662
0.662
0.216787
0.433562
0.281811
0.662
0.449181
0.662
0.00996756
0.662
0.662
0.168961
0.38137
0.662
0.194431
0.409194
0.662
0.662
0.0767808
0.662
0.662
0.39937
0.336455
0.662
0.454997
0.662
0.662
0.00349213
0.662
0.107866
0.441589
0.144589
0.315548
0.662
0.314744
0.662
0.662
0.0514711
0.216
0.662
0.124757
0.662
0.662
0.216458
0.338022
0.662
0.175921
0.662
0.662
0.386321
0.265733
0.0348414
0.0334651
0.662
0.059415
0.662
0.189812
0.31599
0.662
0.662
0.662
0.178361
0.662
0.662
0.0552848
0.662
0.479136
0.0742263
0.45133
0.179122
0.103313
0.662
0.662
0.662
0.662
0.662
0.390636
0.230821
0.662
0.662
0.662
0.662
0.662
0.0594156
0.662
0.662
0.662
0.30842
0.662
0.0175523
0.400702
0.114753
0.498814
0.535326
0.662
0.216842
0.662
0.662
0.662
0.662
0.0031803
0.310939
0.662
0.354025
0.244531
0.363247
0.166052
0.662
0.367062
0.662
0.662
0.625226
0.0557885
0.662
0.662
0.662
0.662
0.192692
0.662
0.402606
0.00218672
0.169347
0.269831
0.278588
0.0756283
0.662
0.662
0.163647
0.662
0.662
0.662
0.662
0.662
0.0805084
0.662
0.279787
0.339993
0.662
0.263522
0.662
0.171223
0.0324416
0.662
0.264882
0.387976
0.662
0.662
0.598463
0.449548
0.119488
0.662
0.099862
0.0304315
0.662
0.0196888
0.662
0.103838
0.0821002
0.662
0.296205
0.662
0.205847
0.662
0.662
0.662
0.0953574
0.343359
0.37143
0.467194
0.662
0.538013
0.662
0.662
0.226029
0.388393
0.662
0.351196
0.662
0.42933
0.353498
0.187291
0.662
0.0419954
0.662
0.0352147
0.662
0.370395
0.662
0.422955
0.662
0.662
0.0718417
0.504562
0.288263
0.662
0.662
0.662
0.0499563
0.662
0.662
0.197338
0.394664
0.425676
0.159027
0.144658
0.662
0.471282
0.266331
0.662
0.208407
0.662
0.662
0.662
0.662
0.496577
0.281134
0.662
0.662
0.662
0.0496019
0.662
0.382791
0.12343
0.662
0.0577006
0.58307
0.195343
0.662
0.662
0.476579
0.454579
0.155453
0.114979
0.662
0.142593
0.662
0.272643
0.662
0.464638
0.662
0.405422
0.662
0.43186
0.473928
0.662
0.662
0.662
0.662
0.0163094
0.662
0.662
0.662
0.0370891
0.395193
0.662
0.662
0.662
0.492135
0.153249
0.662
0.662
0.000896408
0.662
0.662
0.662
0.216614
0.419785
0.113813
0.234726
0.36156
0.202896
0.195245
0.113976
0.662
0.527694
0.472471
0.662
0.209844
0.426066
0.402616
0.40512
0.0233696
0.335862
0.662
0.662
0.384622
0.458666
0.662
0.662
0.662
0.662
0.662
0.251699
0.662
0.0319141
0.0496369
0.662
0.662
0.467185
0.662
0.198873
0.0281805
0.662
0.0253652
0.43423
0.662
0.335653
0.662
0.304805
0.589816
0.63361
0.431801
0.662
0.459324
0.0963459
0.0065591
0.165483
0.460881
0.662
0.662
