0.280009
0.662
0.399568
0.229236
0.662
0.662
0.432868
0.353804
0.496886
0.207839
0.502872
0.662
0.662
0.00260078
0.662
0.423254
0.048063
0.519121
0.662
0.662
0.331732
0.439029
0.0727861
0.283626
0.20791
0.662
0.662
0.662
0.0704753
0.662
0.662
0.221019
0.662
0.223235
0.0474345
0.662
0.190809
0.204675
0.432981
0.662
0.411808
0.662
0.662
0.343004
0.662
0.0464618
0.662
0.662
0.662
0.662
0.340756
0.662
0.360017
0.662
0.662
0.662
0.504114
0.662
0.662
0.100026
0.662
0.662
0.473298
0.662
0.414081
0.00254134
0.297928
0.289971
0.417286
0.662
0.219181
0.175815
0.662
0.662
0.394852
0.662
0.662
0.00742493
0.107904
0.434999
0.460363
0.63919
0.662
0.662
0.23228
0.662
0.0440942
0.307158
0.662
0.441757
0.662
0.662
0.448863
0.353248
0.662
0.662
0.662
0.662
0.0914073
0.662
0.662
0.373198
0.662
0.0977668
0.662
0.221738
0.662
0.662
0.662
0.229113
0.102757
0.517599
0.662
0.0688275
0.0513296
0.662
0.662
0.428104
0.363929
0.662
0.315772
0.662
0.662
0.662
0.36832
0.00148252
0.159103
0.662
0.662
0.662
0.662
0.662
0.165505
0.662
0.662
0.349989
0.662
0.310425
0.662
0.662
0.253848
0.662
0.662
0.662
0.306994
0.365042
0.662
0.0334213
0.24989
0.114195
0.662
0.662
0.082101
0.256542
0.537347
0.333047
0.662
0.303891
0.662
0.285078
0.144036
0.662
0.42573
0.2046
0.662
0.662
0.0309352
0.141218
0.11231
0.480094
0.662
0.662
0.424663
0.270136
0.458718
0.662
0.662
0.116784
0.411365
0.662
0.662
0.662
0.360672
0.662
0.170547
0.662
0.352106
0.113723
0.662
0.270042
0.662
0.662
0.662
0.662
0.662
0.662
0.662
0.662
0.0595756
0.471117
0.662
0.662
0.290586
0.382255
0.593746
0.662
0.0544502
0.662
0.236507
0.0731419
0.0267833
0.0234938
0.477076
0.343785
0.215919
0.662
0.0373019
0.662
0.662
0.116066
0.662
0.199636
0.448237
0.207488
0.662
0.0781053
0.0823922
0.289964
0.662
0.662
0.662
0.662
0.662
0.662
0.662
0.662
0.168918
0.592087
0.662
0.662
0.38257
0.0559714
0.514768
0.166205
0.662
0.662
0.662
0.662
0.662
0.662
0.662
0.662
0.285735
0.662
0.455318
0.662
0.662
0.226405
0.381643
0.662
0.328912
0.371052
0.662
0.662
0.11822
0.433462
0.662
0.662
0.303305
0.207832
0.662
0.111758
0.501704
0.662
0.662
0.662
0.662
0.662
0.662
0.662
0.662
0.43503
0.469649
0.662
0.0670212
0.662
0.249913
0.662
0.0544901
0.662
0.270869
0.217334
0.662
0.0213265
0.662
0.0224479
0.334204
0.662
0.158701
0.467585
0.662
0.662
0.662
0.124101
0.662
0.662
0.407883
0.0329768
0.662
0.662
0.662
0.662
0.662
0.0424484
0.662
0.662
0.185896
0.0293312
0.662
0.662
0.662
0.122218
0.223958
0.662
0.0426962
0.401959
0.662
0.464708
0.0329634
0.0346326
0.539862
0.39481
0.201158
0.662
0.662
0.662
0.662
0.438962
0.062792
0.354999
0.662
0.389141
0.662
0.462275
0.662
0.373912
0.662
0.3892
0.464362
0.47468
0.662
0.662
0.662
0.662
0.133519
0.397042
0.466265
0.392877
0.662
0.662
0.34769
0.403554
0.583688
0.662
0.662
0.662
0.662
0.662
0.662
0.662
0.662
0.400242
0.662
0.662
0.662
0.25285
0.481946
0.265535
0.270661
0.54334
0.662
0.662
0.662
0.20424
0.16814
0.245832
0.662
0.662
0.662
0.662
0.662
0.662
0.662
0.0274677
0.405216
0.517721
0.640209
0.662
0.662
0.662
0.662
0.662
0.662
0.226005
0.662
0.662
0.272467
0.662
0.662
0.662
0.662
0.662
0.0765539
0.662
0.23926
0.662
0.342269
0.662
0.662
0.662
0.123425
0.262913
0.662
0.228601
0.342695
0.662
0.662
0.662
0.0791268
0.488159
0.446398
0.345756
0.662
0.662
0.662
0.662
0.662
0.662
0.463769
0.257628
0.662
0.599857
0.169527
0.662
0.662
0.662
0.414672
0.302352
0.461991
0.428961
0.22905
0.662
0.662
0.662
0.662
0.0535976
0.662
0.662
0.662
0.185714
0.662
0.334721
0.6351
0.662
0.0267429
0.662
0.0867567
0.0905256
0.662
0.662
0.337647
0.662
0.240668
0.662
0.370102
0.662
0.426163
0.38807
0.322106
0.319051
0.331571
0.0447955
0.484764
0.662
0.662
0.216457
0.662
0.626474
0.662
0.0677906
0.662
0.662
0.197594
0.208383
0.385637
0.447389
0.169524
0.662
0.662
0.662
0.662
0.662
0.183411
0.229521
0.662
0.0582946
0.662
0.346283
0.372449
0.662
0.662
0.662
0.662
0.444362
0.142014
0.405924
0.0770819
0.662
0.662
0.227145
0.48194
0.662
0.662
0.662
0.662
0.662
0.662
0.210853
0.662
0.389881
0.448658
0.662
0.0529294
0.227631
0.662
0.180642
0.662
0.662
0.168928
0.215602
0.662
0.0351303
0.0402281
0.307232
0.429452
0.662
0.248021
0.662
0.662
0.446616
0.662
0.662
0.332642
0.662
0.00922479
0.662
0.662
0.38129
0.662
0.621344
0.13061
0.662
0.662
0.140804
0.662
0.662
0.0298676
0.662
0.662
0.24392
0.662
0.662
0.662
0.326152
0.108892
0.331094
0.662
0.355123
0.662
0.662
0.662
0.414771
0.662
0.0236629
0.662
0.0517448
0.177083
0.0153408
0.343082
0.282844
0.0930933
0.408916
0.662
0.209856
0.662
0.662
0.227929
0.44157
0.288399
0.662
0.662
0.259384
0.551398
0.662
0.15296
0.1823
0.662
0.410399
0.428725
0.662
0.255182
0.337296
0.227361
0.662
0.662
0.210273
0.359574
0.414557
0.662
0.662
0.662
0.232782
0.662
0.025938
0.244226
0.354973
0.662
0.0487266
0.211833
0.0490269
0.13623
0.662
0.662
0.662
0.662
0.662
0.240597
0.662
0.307769
