0.179802
0.662
0.326994
0.451895
0.662
0.662
0.662
0.662
0.662
0.119845
0.302989
0.297493
0.662
0.0544502
0.199703
0.662
0.0290282
0.662
0.144588
0.322989
0.662
0.662
0.354661
0.281347
0.0812961
0.286352
0.424745
0.370149
0.277125
0.00713128
0.261083
0.477583
0.37103
0.461976
0.662
0.662
0.329797
0.468276
0.190809
0.0914073
0.662
0.261049
0.108502
0.662
0.662
0.662
0.0661573
0.328
0.105722
0.662
0.662
0.662
0.662
0.28604
0.662
0.132608
0.662
0.423018
0.662
0.662
0.166401
0.0180278
0.398841
0.662
0.662
0.541116
0.662
0.662
0.662
0.662
0.662
0.21197
0.448975
0.0676508
0.662
0.260499
0.662
0.662
0.662
0.662
0.209375
0.662
0.662
0.662
0.127391
0.662
0.662
0.662
0.662
0.286062
0.0305927
0.662
0.662
0.662
0.262116
0.133606
0.340953
0.470605
0.369477
0.662
0.662
0.662
0.662
0.662
0.545816
0.208677
0.662
0.662
0.662
0.146834
0.160421
0.038418
0.662
0.662
0.662
0.466179
0.327973
0.662
0.662
0.662
0.5631
0.662
0.662
0.662
0.243471
0.662
0.662
0.215919
0.265535
0.662
0.213613
0.430334
0.662
0.0196935
0.662
0.662
0.538637
0.329399
0.0492515
0.662
0.662
0.124396
0.199766
0.347069
0.0112318
0.662
0.662
0.21778
0.662
0.662
0.662
0.662
0.662
0.662
0.230937
0.662
0.426072
0.494132
0.449609
0.087501
0.466113
0.662
0.485349
0.175183
0.662
0.662
0.662
0.662
0.662
0.205756
0.237838
0.662
0.273656
0.0543798
0.0217574
0.318698
0.186767
0.049941
0.189691
0.662
0.00148252
0.662
0.404756
0.662
0.662
0.662
0.662
0.662
0.63339
0.312843
0.662
0.662
0.221904
0.662
0.267503
0.265308
0.662
0.662
0.662
0.662
0.158665
0.143836
0.0844521
0.0298108
0.197262
0.662
0.662
0.662
0.0148978
0.366866
0.662
0.219181
0.467032
0.662
0.662
0.662
0.495727
0.391724
0.18009
0.662
0.662
0.662
0.0302849
0.360954
0.0290198
0.662
0.662
0.662
0.144316
0.199397
0.442527
0.357944
0.204629
0.0757898
0.662
0.227841
0.662
0.662
0.268495
0.662
0.118762
0.360862
0.108151
0.662
0.662
0.662
0.650102
0.124355
0.31446
0.0378817
0.662
0.133453
0.662
0.660659
0.141761
0.662
0.662
0.325604
0.662
0.100026
0.408422
0.662
0.43503
0.336421
0.662
0.662
0.662
0.453441
0.662
0.662
0.171352
0.662
0.354113
0.120324
0.311667
0.218309
0.329842
0.390124
0.662
0.45429
0.141766
0.231713
0.368934
0.273275
0.662
0.0918086
0.662
0.662
0.392101
0.226972
0.13482
0.157789
0.662
0.662
0.662
0.662
0.146038
0.27489
0.123425
0.662
0.152044
0.662
0.0930762
0.662
0.662
0.450809
0.662
0.662
0.662
0.451289
0.15637
0.662
0.303026
0.662
0.662
0.662
0.662
0.662
0.662
0.404523
0.662
0.446556
0.662
0.41093
0.662
0.274107
0.360587
0.332275
0.662
0.153758
0.346228
0.473499
0.308637
0.30907
0.662
0.662
0.662
0.662
0.662
0.297389
0.0770043
0.662
0.383601
0.662
0.395178
0.662
0.0993603
0.662
0.662
0.662
0.107588
0.576932
0.662
0.662
0.662
0.662
0.0253096
0.662
0.662
0.662
0.662
0.259614
0.471477
0.232324
0.0518498
0.250832
0.662
0.317332
0.311778
0.662
0.662
0.391537
0.272859
0.457587
0.0977668
0.161019
0.662
0.662
0.034057
0.617469
0.64652
0.347498
0.662
0.0242517
0.662
0.662
0.404423
0.24396
0.662
0.0490743
0.662
0.00571079
0.633694
0.104883
0.160384
0.488006
0.662
0.662
0.074699
0.662
0.0356897
0.335329
0.405563
0.662
0.662
0.0137159
0.508262
0.662
0.054583
0.662
0.662
0.662
0.296118
0.662
0.245857
0.662
0.662
0.145595
0.662
0.0983856
0.35888
0.662
0.662
0.662
0.662
0.662
0.128729
0.662
0.662
0.319577
0.662
0.662
0.307813
0.662
0.662
0.662
0.662
0.662
0.662
0.333999
0.662
0.20716
0.662
0.311962
0.662
0.662
0.662
0.159103
0.662
0.662
0.662
0.662
0.662
0.662
0.454843
0.178588
0.0705074
0.0171037
0.398601
0.234688
0.662
0.662
0.662
0.199736
0.475358
0.662
0.166315
0.662
0.256673
0.190873
0.662
0.662
0.662
0.355091
0.662
0.662
0.662
0.662
0.225834
0.662
0.662
0.204171
0.0595756
0.662
0.662
0.662
0.439937
0.0562061
0.662
0.662
0.138378
0.662
0.662
0.3055
0.662
0.662
0.662
0.662
0.500184
0.662
0.662
0.662
0.662
0.344381
0.662
0.414718
0.662
0.662
0.180139
0.662
0.468443
0.662
0.662
0.131355
0.662
0.662
0.383542
0.599857
0.398437
0.34278
