0.318698
0.662
0.662
0.662
0.197228
0.267503
0.054583
0.662
0.0714594
0.190873
0.662
0.521024
0.168299
0.662
0.262427
0.311778
0.662
0.319577
0.662
0.274107
0.662
0.662
0.662
0.145595
0.350082
0.662
0.662
0.209375
0.662
0.662
0.308307
0.15171
0.124396
0.662
0.110214
0.0801904
0.662
0.662
0.662
0.43503
0.100026
0.662
0.662
0.369797
0.662
0.662
0.662
0.662
0.662
0.239128
0.104883
0.662
0.405563
0.662
0.326994
0.0562061
0.662
0.166315
0.662
0.038418
0.128729
0.451895
0.415937
0.0303705
0.319045
0.662
0.662
0.662
0.466179
0.662
0.662
0.662
0.662
0.662
0.662
0.158665
0.261049
0.662
0.0757898
0.286693
0.662
0.461976
0.662
0.0765539
0.662
0.662
0.471477
0.662
0.328
0.157789
0.0914073
0.662
0.662
0.662
0.477583
0.662
0.662
0.662
0.662
0.662
0.153758
0.662
0.662
0.662
0.662
0.662
0.662
0.444362
0.662
0.0122126
0.662
0.662
0.662
0.662
0.662
0.487149
0.322989
0.662
0.172519
0.333999
0.272859
0.265308
0.662
0.166401
0.662
0.662
0.662
0.302989
0.138397
0.662
0.662
0.407907
0.662
0.623905
0.662
0.199736
0.208677
0.662
0.273275
0.226972
0.662
0.662
0.662
0.662
0.662
0.327973
0.286062
0.662
0.0196935
0.662
0.662
0.662
0.662
0.662
0.521588
0.485349
0.404053
0.204171
0.190809
0.662
0.360862
0.662
0.0988075
0.662
0.0378817
0.0491758
0.662
0.161019
0.662
0.662
0.451289
0.662
0.0401375
0.114869
0.0596712
0.662
0.662
0.215919
0.662
0.662
0.188539
0.405351
0.662
0.662
0.30907
0.662
0.662
0.662
0.318242
0.457587
0.662
0.24396
0.227841
0.662
0.141766
0.662
0.347498
0.21197
0.662
0.662
0.291366
0.662
0.662
0.442527
0.273656
0.359574
0.576932
0.662
0.662
0.662
0.662
0.0757809
0.662
0.662
0.197262
0.599857
0.199397
0.297493
0.662
0.296531
0.357944
0.662
0.662
0.366866
0.662
0.662
0.0676508
0.208003
0.662
0.436524
0.662
0.662
0.662
0.433638
0.391537
0.662
0.34278
0.0844521
0.198966
0.0490743
0.309794
0.127391
0.662
0.662
0.662
0.662
0.662
0.662
0.662
0.201757
0.0918086
0.120324
0.311667
0.589329
0.303026
0.494132
0.0487266
0.232324
0.328668
0.430334
0.662
0.662
0.219181
0.662
0.662
0.398601
0.662
0.662
0.662
0.662
0.160421
0.662
0.118762
0.662
0.132608
0.662
0.467032
0.662
0.662
0.662
0.662
0.221904
0.662
0.180139
0.0993603
0.317332
0.0180278
0.353648
0.456121
0.662
0.662
0.41093
0.329399
0.662
0.187016
0.141761
0.0492515
0.403062
0.0319807
0.662
0.256673
0.0677906
0.662
0.281347
0.47468
0.199766
0.662
0.662
0.662
0.662
0.468415
0.662
0.662
0.662
0.087501
0.312843
0.0977668
0.370129
0.662
0.451198
0.662
0.662
0.468276
0.662
0.354661
0.332275
0.15637
0.131355
0.662
0.27489
0.662
0.662
0.426072
0.662
0.146038
0.662
0.146834
0.662
0.344381
0.662
0.424745
0.662
0.448975
0.0408341
0.179802
0.662
0.662
0.662
0.662
0.31446
0.0823922
0.662
0.187658
0.390124
0.662
0.383542
0.662
0.0253096
0.383601
0.662
0.408422
0.662
0.074699
0.205756
0.158701
0.662
0.662
0.662
0.662
0.662
0.18605
0.662
0.0983856
0.662
0.662
0.354113
0.662
0.538637
0.633694
0.662
0.662
0.662
0.123425
0.259614
0.662
0.067371
0.404376
0.662
0.237838
0.272446
0.0112318
0.400916
0.398437
0.662
0.662
0.662
0.237395
0.311962
0.211003
0.133453
0.475715
0.662
0.662
0.329842
0.114903
0.662
0.662
0.0137159
0.423018
0.250832
0.0812961
0.0242517
0.662
0.230937
0.662
0.662
0.662
0.0595756
0.416171
0.218309
0.662
0.662
0.662
0.251963
0.341403
0.662
0.662
0.404523
0.660659
0.662
0.107588
0.0930762
0.662
0.662
0.175183
0.370149
0.45877
0.034057
0.662
0.466113
0.662
0.662
0.662
0.662
0.662
0.662
0.225834
0.204629
0.0543798
0.662
0.355091
0.541116
0.0287842
0.662
0.662
0.662
0.662
0.662
0.662
0.5631
0.268495
0.662
0.662
0.186223
0.662
0.662
0.662
0.106835
0.129658
0.449609
0.662
0.439937
0.662
0.662
0.142057
0.662
0.265535
0.360954
0.0474477
0.662
0.335329
0.231713
0.662
0.343082
0.186767
0.662
0.213613
0.414608
0.296118
0.473499
0.308637
0.662
0.662
0.662
0.662
0.00571079
0.13482
0.662
0.662
0.108151
0.453441
0.00713128
0.662
0.662
0.662
0.662
0.662
0.662
0.662
0.171352
0.260499
0.143836
0.000691517
0.44895
0.0518498
0.382778
0.662
0.0351303
0.662
0.00148252
0.0356897
0.662
0.281828
0.400618
0.470605
0.662
0.297389
0.45429
0.662
0.0789531
0.35888
0.662
0.662
0.662
0.662
0.0544502
0.662
0.662
0.662
0.662
0.30666
