0.36174
0.473689
0.662
0.662
0.662
0.662
0.422597
0.662
0.662
0.662
0.662
0.180723
0.208882
0.662
0.410656
0.158563
0.374919
0.662
0.125399
0.662
0.442036
0.203997
0.662
0.662
0.662
0.662
0.0435361
0.180678
0.297785
0.110541
0.450164
0.392142
0.662
0.662
0.662
0.662
0.24547
0.662
0.662
0.0632883
0.0382263
0.662
0.568606
0.174785
0.211397
0.425919
0.662
0.662
0.204197
0.494183
0.370026
0.662
0.485968
0.220269
0.662
0.453244
0.662
0.662
0.356084
0.176085
0.138279
0.662
0.662
0.437786
0.662
0.400415
0.0929205
0.108468
0.662
0.662
0.372435
0.446064
0.662
0.662
0.199491
0.192988
0.662
0.662
0.662
0.662
0.45055
0.662
0.662
0.662
0.662
0.662
0.662
0.444681
0.179369
0.662
0.662
0.0679683
0.0113657
0.37941
0.549537
0.662
0.462044
0.662
0.662
0.43144
0.662
0.662
0.0237022
0.182901
0.449901
0.460361
0.662
0.394933
0.338804
0.662
0.506622
0.660038
0.266047
0.662
0.561079
0.662
0.662
0.662
0.662
0.328236
0.662
0.29
0.662
0.662
0.398676
0.00449852
0.662
0.414677
0.662
0.235857
0.4472
0.432643
0.0477964
0.48386
0.662
0.662
0.284647
0.662
0.33597
0.460111
0.526557
0.241914
0.616018
0.0661656
0.662
0.662
0.389288
0.662
0.145109
0.100095
0.087453
0.429769
0.459622
0.250245
0.662
0.464347
0.267796
0.662
0.662
0.662
0.662
0.450885
0.173362
0.228472
0.0809319
0.451774
0.662
0.447915
0.130489
0.662
0.124726
0.232138
0.508451
0.662
0.164245
0.335648
0.0523613
0.152331
0.242721
0.43523
0.662
0.662
0.662
0.426103
0.353208
0.662
0.662
0.662
0.662
0.662
0.662
0.662
0.243126
0.207576
0.36204
0.662
0.662
0.662
0.662
0.662
0.224675
0.065142
0.662
0.425524
0.572543
0.0546604
0.662
0.662
0.662
0.662
0.470081
0.662
0.662
0.662
0.107067
0.662
0.251582
0.662
0.662
0.662
0.18312
0.434887
0.223656
0.293046
0.662
0.662
0.24626
0.662
0.662
0.662
0.662
0.0279029
0.662
0.344338
0.662
0.0257116
0.662
0.662
0.400449
0.662
0.298504
0.0850719
0.662
0.182862
0.193842
0.662
0.662
0.662
0.373639
0.662
0.489062
0.42662
0.662
0.255464
0.493969
0.263871
0.662
0.361314
0.662
0.151395
0.662
0.662
0.662
0.662
0.662
0.0518447
0.662
0.662
0.523702
0.119237
0.173316
0.262127
0.662
0.306895
0.254517
0.227875
0.177052
0.662
0.662
0.65245
0.0592876
0.436175
0.4263
0.04953
0.662
0.662
0.662
0.194826
0.662
0.662
0.662
0.213517
0.662
0.39146
0.662
0.662
0.662
0.39017
0.662
0.174015
0.662
0.141787
0.662
0.662
0.662
0.662
0.662
0.034941
0.662
0.481776
0.208757
0.662
0.264387
0.662
0.36725
0.662
0.0571754
0.662
0.662
0.609484
0.662
0.662
0.662
0.662
0.662
0.662
0.662
0.662
0.662
0.0671877
0.153065
0.662
0.662
0.209839
0.662
0.662
0.662
0.662
0.662
0.285999
0.662
0.662
0.662
0.662
0.18622
0.375755
0.356608
0.14144
0.662
0.662
0.43279
0.662
0.415286
0.662
0.662
0.662
0.662
0.662
0.34219
0.662
0.23906
0.662
0.361379
0.459458
0.662
0.490804
0.662
0.662
0.662
0.662
0.662
0.373596
0.662
0.485204
0.662
0.408451
0.662
0.25407
0.662
0.662
0.212633
0.48178
0.662
0.662
0.0819014
0.316187
0.0322899
0.662
0.467251
0.662
0.408622
0.662
0.400147
0.406836
0.134997
0.662
0.662
0.662
0.482263
0.662
0.150085
0.662
0.662
0.247964
0.468543
0.538035
0.485105
0.662
0.662
0.119397
0.662
0.662
0.337136
0.342206
0.662
0.228866
0.662
0.662
0.662
0.662
0.398063
0.662
0.662
0.662
0.0534075
0.662
0.216279
0.178938
0.458699
0.662
0.662
0.538678
0.662
0.10512
0.662
0.313766
0.662
0.662
0.564986
0.662
0.662
0.662
0.266261
0.662
0.662
0.662
0.0697633
0.149202
0.662
0.208083
0.662
0.662
0.155045
0.662
0.244534
0.662
0.662
0.662
0.662
0.662
0.105548
0.662
0.662
0.204865
0.15238
0.662
0.450063
0.662
0.199039
0.662
0.662
0.347456
0.662
0.0583695
0.287619
0.662
0.0513387
0.37544
0.265594
0.47061
0.0226975
0.662
0.0133517
0.662
0.527022
0.125306
0.333121
0.662
0.230976
0.407171
0.662
0.662
0.413902
0.34425
0.662
0.662
0.231413
0.241243
0.245567
0.46811
0.662
0.0947973
0.392246
0.0829146
0.662
0.662
0.662
0.662
0.112777
0.230172
0.662
0.191875
0.00955044
0.498906
0.150832
0.276733
0.662
0.662
0.239246
0.662
0.662
0.285886
0.178271
0.662
0.264936
0.662
0.662
0.662
0.662
0.175181
0.662
0.662
0.0840925
0.662
0.285367
0.141289
0.662
0.662
0.296287
0.0929223
0.662
0.662
0.662
0.607658
0.248026
0.143932
0.662
0.0560304
0.0823428
0.662
0.662
0.551886
0.662
0.662
0.662
0.662
0.662
0.662
0.440746
0.662
0.28288
0.163849
0.231823
0.461288
0.662
0.662
0.662
0.285402
0.662
0.662
0.662
0.215587
0.662
0.0415039
0.0275292
0.037273
0.630856
0.662
0.422492
0.662
0.195084
0.662
0.662
0.416497
0.662
0.662
0.662
0.662
0.35956
0.662
0.662
0.465028
0.120274
0.273534
0.0550098
0.659633
0.662
0.662
0.260301
0.298416
0.662
0.662
0.261656
0.34979
0.43741
0.113386
0.662
0.148569
0.662
0.662
0.146121
0.0207677
0.118747
0.662
0.662
0.662
0.662
0.662
0.662
0.662
0.20789
0.0720532
0.662
0.662
0.0395343
0.662
0.160148
0.00549704
0.155625
0.662
0.170135
0.511541
0.400466
0.662
0.662
0.662
0.564276
0.662
0.662
0.279674
0.662
0.113084
0.662
0.189716
0.662
0.246989
0.296487
0.662
0.093937
0.44023
0.662
0.662
0.240653
0.662
0.662
0.662
0.449232
0.320206
0.647426
0.662
0.4002
0.0848594
0.662
0.226429
0.662
0.13692
0.662
0.422791
0.325868
0.662
0.0145689
0.240029
0.444028
0.477991
0.662
0.662
0.662
0.154114
0.662
0.662
0.354634
0.20582
0.30847
0.42224
0.662
0.422476
0.412786
0.123306
0.643426
0.025701
0.497092
0.662
0.0435433
0.244678
0.662
0.662
0.662
0.662
0.662
0.362289
0.662
0.0263476
0.662
0.662
0.662
0.0134597
0.662
0.662
0.662
0.027924
0.662
0.662
0.147622
0.286923
0.12543
0.662
0.423589
0.493806
0.266015
0.323087
0.0325494
0.355707
0.662
0.401615
0.0391255
0.303557
0.201329
0.662
0.662
0.662
0.473241
0.200799
0.662
0.319698
0.221382
0.304953
0.364966
0.437509
0.321986
0.662
0.662
0.662
0.37052
0.662
0.319944
0.662
0.662
0.662
0.662
0.662
0.104555
0.129669
0.352804
0.662
0.197321
0.662
0.148906
0.371311
0.662
0.662
0.662
0.662
0.204831
0.662
0.125516
0.662
0.244427
0.25537
0.662
0.662
0.662
0.662
0.662
0.413423
0.662
0.662
0.662
0.662
0.662
0.375416
0.0537446
0.342272
0.0966703
0.44343
0.662
0.662
0.662
0.662
0.123224
0.0854403
0.0174315
0.248072
0.00400446
0.662
0.662
0.189332
0.662
0.339883
0.270296
0.662
0.192018
0.662
0.662
0.0451185
0.662
0.662
0.662
0.466083
0.662
0.0362523
0.662
0.662
0.662
0.270332
0.141659
0.662
0.280329
0.662
0.063674
0.662
0.662
0.230422
0.260512
0.0373077
0.662
0.422961
0.303464
0.369792
0.662
0.282634
0.662
0.662
0.143633
0.127353
0.662
0.455803
0.38091
0.0246221
0.662
0.148892
0.467048
0.408126
0.529624
0.140897
0.662
0.326407
0.090649
0.662
0.351799
0.662
0.662
0.662
0.343739
0.662
0.213167
0.662
0.216495
0.662
0.141261
0.45341
0.662
0.662
0.344494
0.662
0.662
0.662
0.662
0.357202
0.662
0.315584
0.662
0.384011
0.662
0.662
0.243907
0.662
0.662
0.461456
0.662
0.662
0.662
0.533087
0.129983
0.662
0.489398
0.662
0.396672
0.349698
0.177271
0.662
0.662
0.567077
0.211373
0.662
0.254996
0.662
0.662
0.106553
0.662
0.437338
0.662
0.662
0.294535
0.119536
0.337173
0.263265
0.662
0.024668
0.662
0.187091
0.662
0.310238
0.662
0.185863
0.662
0.662
0.192709
0.0877666
0.0459027
0.566042
0.662
0.662
0.662
0.662
0.346954
0.218605
0.662
0.662
0.662
0.0734192
0.662
0.39468
0.467146
0.662
0.662
0.662
0.167934
0.576819
0.662
0.0276014
0.662
0.662
0.245038
0.0648158
0.486563
0.662
0.662
0.138069
0.160309
0.476868
0.662
0.662
0.662
0.246052
0.662
0.662
0.662
0.427192
0.328142
0.329
0.0791267
0.662
0.453439
0.469438
0.540073
0.662
0.662
0.412273
0.630101
0.662
0.662
0.361912
0.662
0.662
0.662
0.214724
0.662
0.517804
0.176819
0.34395
0.662
0.662
0.662
0.416832
0.662
0.237963
0.662
0.301239
0.662
0.662
0.662
0.662
0.363681
0.131513
0.662
0.662
0.417898
0.495344
0.662
0.662
0.556577
0.385772
0.662
0.662
0.662
0.662
0.291056
0.457018
0.335056
0.662
0.481673
0.662
0.662
0.662
0.367866
0.25191
0.662
0.371379
0.246039
0.662
0.662
0.0350697
0.662
0.662
0.662
0.318877
0.3919
0.662
0.662
0.662
0.662
0.662
0.256767
0.662
0.662
0.472566
0.662
0.080434
0.662
0.389573
0.662
0.457386
0.374737
0.453401
0.0586186
0.204904
0.530171
0.662
0.398062
0.662
0.221559
0.662
0.662
0.505976
0.440103
0.662
0.226029
0.105982
0.204741
0.0363942
0.662
0.10935
0.662
0.0238595
0.0878025
0.10851
0.309092
0.0417181
0.662
0.285443
0.662
0.116545
0.662
0.289869
0.662
0.233186
0.333461
0.4483
0.662
0.274001
0.031758
0.225958
0.662
0.662
0.169965
0.662
0.662
0.176953
0.387762
0.662
0.201304
0.30179
0.662
0.662
0.387401
0.662
0.535871
0.450575
0.662
0.662
0.662
0.662
0.662
0.662
0.662
0.662
0.662
0.539801
0.662
0.662
0.662
0.662
0.662
0.415186
0.431129
0.662
0.662
0.365779
0.662
0.662
0.662
0.123198
0.300185
0.662
0.662
0.314665
0.197917
0.317843
0.662
0.471754
0.396895
0.662
0.662
0.662
0.421185
0.375437
0.662
0.662
0.0184476
0.662
0.0024192
0.19367
0.662
0.343866
0.0481023
0.662
0.291869
0.662
0.662
0.662
0.662
0.662
0.323453
0.662
0.662
0.278017
0.662
0.060239
0.285024
0.225876
0.662
0.662
0.662
0.662
0.216217
0.662
0.662
0.412562
0.452945
0.242327
0.662
0.662
0.662
0.031233
0.568663
0.0285254
0.194767
0.662
0.281962
0.662
0.35421
0.662
0.662
0.662
0.266856
0.662
0.198382
0.662
0.662
0.662
0.326828
0.176208
0.0271044
0.321655
0.268059
0.662
0.662
0.662
0.213372
0.424474
0.0764957
0.135385
0.662
0.662
0.662
0.348639
0.123181
0.365191
0.662
0.662
0.154663
0.475953
0.256402
0.662
0.459561
0.39269
0.553933
0.0649383
0.293683
0.0973783
0.361373
0.144427
0.662
0.662
0.662
0.662
0.24111
0.431544
0.173105
0.662
0.33824
0.407577
0.662
0.662
0.662
0.662
0.662
0.662
0.189481
0.662
0.433992
0.662
0.311136
0.662
0.662
0.259726
0.662
0.16014
0.261147
0.209084
0.662
0.476912
0.149508
0.662
0.662
0.46401
0.219656
0.299203
0.266314
0.662
0.243138
0.295839
0.662
0.662
0.662
0.662
0.602929
0.662
0.292555
0.0875509
0.226917
0.585418
0.662
0.411529
0.662
0.662
0.194225
0.662
0.427192
0.302171
0.215443
0.297882
0.374983
0.130948
0.0473778
0.480497
0.289276
0.405671
0.662
0.183338
0.662
0.197645
0.118224
0.662
0.244334
0.662
0.662
0.247568
0.0867295
0.662
0.37227
0.565489
0.0164485
0.163588
0.662
0.307966
0.662
0.662
0.662
0.662
0.125232
0.53752
0.662
0.200392
0.662
0.0302308
0.0433282
0.317812
0.155275
0.662
0.425877
0.662
0.187756
0.662
0.2652
0.298624
0.662
0.662
0.662
0.187845
0.390009
0.365949
0.432126
0.662
0.199594
0.167642
0.662
0.363152
0.662
0.662
0.662
0.359114
0.487755
0.36087
0.662
0.239908
0.662
0.662
0.20124
0.46069
0.662
0.662
0.662
0.662
0.662
0.662
0.662
0.453572
0.662
0.0908222
0.662
0.33468
0.662
0.662
0.206754
0.662
0.330296
0.319982
0.662
0.662
0.662
0.662
0.662
0.120078
0.662
0.662
0.364461
0.662
0.641797
0.327437
0.299215
0.662
0.662
0.162111
0.662
0.306651
0.662
0.662
0.199719
0.662
0.662
0.662
0.591233
0.333841
0.445531
0.662
0.662
0.662
0.662
0.198013
0.201208
0.662
0.662
0.662
0.28873
0.662
0.662
0.0165624
0.24463
0.662
0.662
0.662
0.584004
