0.662
0.662
0.277057
0.256542
0.444362
0.209797
0.662
0.662
0.118762
0.662
0.473499
0.0234938
0.416287
0.662
0.662
0.662
0.387274
0.138594
0.662
0.260499
0.662
0.662
0.375205
0.074699
0.662
0.662
0.316077
0.302352
0.662
0.0993603
0.0677906
0.662
0.662
0.662
0.379171
0.311667
0.662
0.225834
0.662
0.373135
0.501704
0.662
0.662
0.0529294
0.662
0.662
0.0172908
0.453441
0.662
0.662
0.404053
0.662
0.13061
0.662
0.44895
0.662
0.439937
0.261049
0.662
0.244226
0.662
0.478426
0.662
0.0930933
0.662
0.5631
0.662
0.662
0.457587
0.662
0.400344
0.662
0.662
0.423254
0.448975
0.662
0.662
0.359574
0.143836
0.662
0.420417
0.662
0.662
0.662
0.662
0.219181
0.21197
0.389203
0.662
0.169086
0.662
0.662
0.118937
0.662
0.662
0.240465
0.662
0.310425
0.662
0.35888
0.662
0.436139
0.403062
0.370234
0.390422
0.400618
0.662
0.274107
0.132558
0.576932
0.43503
0.286062
0.366866
0.369797
0.194033
0.662
0.288399
0.662
0.412918
0.662
0.100026
0.475689
0.662
0.132608
0.140796
0.216457
0.662
0.662
0.662
0.00565377
0.662
0.147742
0.180642
0.662
0.662
0.662
0.662
0.227631
0.084509
0.662
0.662
0.662
0.662
0.662
0.662
0.662
0.0440942
0.407907
0.662
0.011943
0.0142227
0.662
0.133453
0.541116
0.0279773
0.227841
0.662
0.265308
0.0901771
0.662
0.662
0.363699
0.662
0.662
0.662
0.355139
0.130397
0.468276
0.662
0.662
0.662
0.175815
0.303891
0.662
0.662
0.0137159
0.204171
0.00496654
0.147528
0.279033
0.662
0.662
0.273275
0.270661
0.22905
0.662
0.662
0.0765539
0.317332
0.354661
0.662
0.662
0.158701
0.275872
0.166034
0.583688
0.662
0.662
0.662
0.662
0.228474
0.662
0.190809
0.662
0.662
0.3225
0.662
0.662
0.270869
0.662
0.662
0.662
0.662
0.662
0.0749761
0.662
0.662
0.662
0.662
0.662
0.0118983
0.208003
0.0891568
0.173386
0.0614313
0.22757
0.662
0.662
0.662
0.662
0.0305939
0.662
0.662
0.662
0.0920665
0.662
0.21402
0.199636
0.220766
0.256673
0.662
0.662
0.372449
0.201158
0.662
0.662
0.662
0.662
0.281828
0.662
0.245734
0.487149
0.662
0.662
0.0180191
0.662
0.599857
0.313853
0.662
0.405563
0.662
0.18974
0.662
0.448658
0.662
0.662
0.343082
0.174507
0.239128
0.15637
0.272446
0.662
0.662
0.662
0.328444
0.416171
0.391537
0.0812961
0.00027716
0.309794
0.0351303
0.141761
0.662
0.0544502
0.238106
0.662
0.662
0.662
0.23228
0.469649
0.173376
0.475864
0.662
0.662
0.360672
0.662
0.662
0.329842
0.39481
0.297493
0.292247
0.662
0.401303
0.361854
0.662
0.662
0.410399
0.662
0.662
0.193547
0.0823922
0.294701
0.214684
0.0396984
0.662
0.662
0.662
0.662
0.463971
0.662
0.662
0.471477
0.662
0.168928
0.662
0.0180278
0.662
0.133968
0.467032
0.662
0.212815
0.0800094
0.0559714
0.308637
0.662
0.414672
0.38257
0.0858149
0.248651
0.354113
0.662
0.662
0.662
0.198966
0.662
0.145595
0.662
0.237045
0.308391
0.229521
0.158665
0.301983
0.662
0.662
0.662
0.038418
0.662
0.662
0.202121
0.662
0.662
0.662
0.00742493
0.662
0.302989
0.340941
0.200575
0.277125
0.662
0.457148
0.422266
0.662
0.372102
0.139592
0.30666
0.662
0.662
0.662
0.241618
0.452886
0.0977668
0.662
0.0473762
0.662
0.087501
0.662
0.662
0.0905256
0.662
0.662
0.00990874
0.0389988
0.662
0.662
0.662
0.400045
0.415937
0.395907
0.662
0.662
0.662
0.662
0.328668
0.662
0.201757
0.0491758
0.662
0.0275305
0.485349
0.0487266
0.0119339
0.662
0.662
0.662
0.34278
0.662
0.0676508
0.445828
0.662
0.662
0.662
0.265535
0.383601
0.421819
0.662
0.662
0.662
0.451289
0.0251531
0.662
0.240597
0.171352
0.341403
0.157789
0.343004
0.481455
0.662
0.209856
0.318698
0.433638
0.662
0.584391
0.662
0.662
0.325604
0.662
0.333047
0.662
0.260041
0.662
0.442527
0.45877
0.662
0.662
0.196846
0.382996
0.00254134
0.108892
0.333999
0.662
0.662
0.662
0.259614
0.662
0.662
0.662
0.662
0.662
0.405351
0.662
0.439029
0.129397
0.461976
0.662
0.662
0.662
0.662
0.662
0.662
0.353804
0.281268
0.662
0.662
0.662
0.662
0.662
0.662
0.25388
0.466179
0.662
0.662
0.47468
0.662
0.285735
0.662
0.662
0.662
0.332874
0.662
0.662
0.662
0.662
0.183411
0.662
0.408422
0.285078
0.247616
0.662
0.221904
0.262427
0.314203
0.662
0.0844521
0.662
0.335329
0.662
0.552066
0.0220965
0.281347
0.662
0.187743
0.057425
0.414557
0.662
0.662
0.133584
0.413268
0.175183
0.0527839
0.166725
0.131355
0.247134
0.390305
0.0914073
0.662
0.662
0.0791268
0.0213265
0.662
0.0160416
0.128729
0.662
0.231713
0.662
0.270136
0.662
0.215919
0.0459223
0.00148252
0.662
0.294145
0.386028
0.662
0.662
0.662
0.359312
0.106835
0.451198
0.426072
0.189903
0.371052
0.662
0.211897
0.466113
0.471117
0.662
0.662
0.662
0.398601
0.662
0.662
0.319045
0.436524
0.42573
0.20002
0.540377
0.662
0.424745
0.662
0.662
0.662
0.360862
0.0649478
0.382778
0.662
0.45429
0.411365
0.113775
0.662
0.349042
0.662
