0.404053
0.0800094
0.662
0.174507
0.662
0.171352
0.662
0.270869
0.662
0.662
0.184724
0.662
0.662
0.662
0.17438
0.318698
0.0356897
0.463971
0.317332
0.363699
0.662
0.0559714
0.662
0.277125
0.662
0.382778
0.662
0.662
0.662
0.0408341
0.268835
0.662
0.662
0.386227
0.662
0.197262
0.662
0.208003
0.662
0.662
0.370149
0.662
0.302352
0.662
0.058239
0.30666
0.219181
0.662
0.168299
0.131355
0.0491953
0.662
0.0196935
0.30907
0.662
0.138594
0.662
0.662
0.662
0.199736
0.662
0.662
0.662
0.662
0.311667
0.662
0.400618
0.470605
0.145595
0.442527
0.576932
0.662
0.662
0.202842
0.662
0.662
0.662
0.0977668
0.630719
0.303026
0.662
0.662
0.662
0.13557
0.273275
0.599857
0.304566
0.0562061
0.452886
0.662
0.662
0.584391
0.255275
0.662
0.256673
0.662
0.662
0.662
0.360672
0.662
0.426072
0.662
0.360862
0.222524
0.34278
0.662
0.138397
0.662
0.265308
0.113775
0.633621
0.662
0.662
0.662
0.477583
0.158665
0.333999
0.170397
0.662
0.0930933
0.0757898
0.662
0.662
0.281347
0.471117
0.0122126
0.662
0.662
0.410399
0.662
0.354661
0.281828
0.662
0.237229
0.39481
0.662
0.662
0.662
0.589329
0.662
0.662
0.662
0.662
0.308637
0.146038
0.662
0.104883
0.662
0.461976
0.662
0.662
0.439937
0.0378817
0.172519
0.662
0.662
0.199636
0.662
0.662
0.662
0.239128
0.662
0.662
0.662
0.662
0.662
0.662
0.439029
0.0988075
0.087501
0.662
0.662
0.448975
0.662
0.662
0.662
0.662
0.662
0.312843
0.471477
0.662
0.0487266
0.436139
0.662
0.407907
0.416171
0.286693
0.286062
0.274107
0.662
0.662
0.662
0.662
0.106835
0.0914073
0.423254
0.662
0.662
0.00027716
0.251963
0.227841
0.0661573
0.0918086
0.662
0.272859
0.662
0.662
0.662
0.662
0.662
0.662
0.166401
0.332275
0.662
0.0114313
0.308453
0.662
0.229521
0.623905
0.323756
0.662
0.00526835
0.21402
0.270661
0.662
0.552066
0.247134
0.0676508
0.662
0.662
0.662
0.662
0.662
0.662
0.662
0.662
0.662
0.190873
0.038418
0.662
0.366866
0.662
0.118762
0.662
0.183411
0.662
0.309794
0.127391
0.21197
0.466113
0.662
0.430334
0.369797
0.0823922
0.0459223
0.662
0.662
0.662
0.662
0.225834
0.198966
0.662
0.416287
0.662
0.662
0.662
0.662
0.662
0.400916
0.448658
0.398601
0.17721
0.662
0.662
0.0685108
0.662
0.478426
0.45877
0.662
0.108151
0.166034
0.662
0.00565377
0.662
0.44895
0.662
0.405563
0.302989
0.662
0.662
0.437715
0.662
0.662
0.662
0.662
0.662
0.168928
0.329842
0.408422
0.662
0.0544502
0.161019
0.175183
0.43503
0.259614
0.100026
0.662
0.423018
0.662
0.166933
0.662
0.662
0.0119339
0.0491758
0.662
0.467032
0.133453
0.0901771
0.566619
0.662
0.404523
0.662
0.261049
0.15637
0.47468
0.1874
0.31446
0.0249361
0.167787
0.133584
0.662
0.662
0.662
0.662
0.0765539
0.390124
0.662
0.662
0.262427
0.411365
0.662
0.662
0.403062
0.272892
0.662
0.662
0.279033
0.074699
0.453441
0.0749646
0.662
0.662
0.444362
0.201757
0.662
0.413158
0.487149
0.662
0.493538
0.662
0.662
0.662
0.662
0.494132
0.084509
0.662
0.5631
0.13061
0.662
0.158701
0.0492515
0.662
0.465872
0.662
0.143836
0.365579
0.0303705
0.662
0.373135
0.451289
0.297493
0.662
0.198601
0.662
0.35888
0.414557
0.383601
0.302344
0.662
0.662
0.344381
0.0242517
0.662
0.372896
0.0447955
0.0353858
0.107588
0.123425
0.662
0.662
0.398437
0.128729
0.0180278
0.118937
0.0202457
0.662
0.0181851
0.662
0.662
0.0841708
0.0812961
0.485349
0.662
0.260041
0.260499
0.434986
0.662
0.662
0.662
0.662
0.662
0.662
0.662
0.662
0.400045
0.662
0.662
0.319045
0.449609
0.466179
0.662
0.0351303
0.322989
0.662
0.662
0.332874
0.0129963
0.0891568
0.359574
0.379171
0.662
0.0251531
0.662
0.0595756
0.662
0.155602
0.273656
0.662
0.662
0.182279
0.662
0.662
0.328668
0.054583
0.662
0.662
0.318242
0.333047
0.204629
0.218309
0.662
0.108338
0.415533
0.111758
0.157789
0.049448
0.662
0.45558
0.662
0.272446
0.270136
0.451198
0.662
0.386028
0.0213265
0.391537
0.541116
0.662
0.662
0.662
0.190809
0.662
0.354113
0.662
0.662
0.370129
0.662
0.350082
0.188539
0.034057
0.662
0.662
0.0137159
0.662
0.221904
0.341403
0.662
0.45429
0.662
0.662
0.242152
0.662
0.662
0.347254
0.0844521
0.27489
0.335329
0.481425
0.662
0.662
0.265535
0.662
0.662
0.662
0.662
0.662
0.191695
0.424745
0.662
0.526418
0.509926
0.662
0.662
0.662
0.662
0.457587
0.057425
0.462275
0.662
0.662
0.662
0.415937
0.662
0.405351
0.662
0.0993603
0.662
0.343082
0.211897
0.662
0.662
0.204171
0.215919
0.662
0.10866
0.147742
0.141761
0.0615794
0.662
0.375205
0.433638
0.662
0.231713
0.662
0.662
0.00148252
0.25388
0.436524
0.451895
0.662
0.413268
0.662
0.199766
0.0983856
0.468276
0.237838
0.132608
0.662
0.0677906
0.662
0.662
0.473499
