0.662
0.662
0.31454
0.000537101
0.662
0.662
0.662
0.662
0.189209
0.462747
0.662
0.662
0.662
0.662
0.662
0.10355
0.107205
0.322022
0.644548
0.0505272
0.27506
0.662
0.662
0.662
0.0154752
0.662
0.364026
0.662
0.52885
0.22064
0.662
0.397943
0.662
0.662
0.662
0.662
0.662
0.662
0.662
0.00249504
0.370003
0.27256
0.662
0.662
0.41515
0.000778909
0.662
0.164155
0.459628
0.105724
0.389033
0.662
0.662
0.470598
0.662
0.640412
0.662
0.662
0.0304685
0.662
0.662
0.286085
0.227602
0.662
0.419294
0.662
0.0233752
0.47464
0.384401
0.662
0.662
0.662
0.662
0.155563
0.662
0.465155
0.0549231
0.662
0.662
0.662
0.662
0.662
0.662
0.662
0.662
0.662
0.209176
0.662
0.662
0.662
0.332533
0.368982
0.435422
0.662
0.662
0.331501
0.662
0.662
0.113236
0.0623398
0.217635
0.29164
0.0902448
0.662
0.662
0.153686
0.170294
0.662
0.139445
0.662
0.139231
0.298821
0.636429
0.662
0.45428
0.662
0.312202
0.390172
0.662
0.662
0.347339
0.294835
0.0369996
0.510848
0.662
0.0632586
0.662
0.662
0.662
0.111973
0.662
0.662
0.662
0.424215
0.304509
0.407306
0.62951
0.662
0.662
0.662
0.12139
0.662
0.585073
0.662
0.662
0.449195
0.119963
0.216392
0.662
0.662
0.151576
0.370627
0.284441
0.256392
0.662
0.662
0.662
0.662
0.0581508
0.662
0.146304
0.662
0.127259
0.662
0.662
0.662
0.114091
0.662
0.0382829
0.662
0.662
0.662
0.662
0.438573
0.662
0.429776
0.0565339
0.662
0.662
0.528889
0.591663
0.303665
0.662
0.662
0.118921
0.662
0.41756
0.662
0.267057
0.411591
0.662
0.289405
0.662
0.216534
0.328858
0.382294
0.662
0.0610299
0.461901
0.131596
0.53948
0.662
0.230436
0.463321
0.255908
0.107353
0.662
0.116941
0.359665
0.662
0.662
0.264333
0.328405
0.662
0.100728
0.0744765
0.425908
0.174826
0.662
0.662
0.301415
0.662
0.662
0.662
0.371198
0.136425
0.0924273
0.662
0.662
0.662
0.662
0.662
0.17506
0.224675
0.401898
0.47212
0.289207
0.153804
0.662
0.662
0.477225
0.662
0.662
0.139391
0.662
0.662
0.275874
0.662
0.0504114
0.662
0.662
0.339482
0.662
0.463389
0.662
0.309938
0.419535
0.419251
0.446305
0.662
0.00537843
0.662
0.662
0.00900299
0.662
0.336544
0.35285
0.662
0.180977
0.662
0.466998
0.662
0.662
0.662
0.223978
0.662
0.152449
0.662
0.272525
0.662
0.662
0.138083
0.658568
0.246806
0.662
0.435888
0.312154
0.46706
0.290237
0.34399
0.662
0.36733
0.142826
0.447782
0.605104
0.662
0.378554
0.662
0.662
0.662
0.495434
0.662
0.114273
0.0611032
0.662
0.662
0.230342
0.662
0.662
0.283996
0.662
0.160192
0.662
0.105373
0.662
0.0450836
0.349822
0.156451
0.384472
0.234031
0.0750548
0.662
0.477212
0.662
0.538159
0.662
0.662
0.468819
0.115978
0.662
0.335561
0.662
0.662
0.0969246
0.662
0.662
0.662
0.662
0.662
0.662
0.662
0.662
0.662
0.662
0.0712825
0.156005
0.662
0.662
0.662
0.662
0.662
0.662
0.288533
0.0916355
0.662
0.0988687
0.445112
0.662
0.662
0.662
0.662
0.662
0.662
0.208983
0.0350729
0.526058
0.662
0.192787
0.662
0.0690276
0.662
0.0963182
0.662
0.20811
0.662
0.662
0.230652
0.662
0.662
0.662
0.107959
0.392512
0.662
0.442468
0.662
0.662
0.662
0.0906409
0.662
0.662
0.662
0.499061
0.236756
0.662
0.418008
0.143806
0.662
0.00830331
0.480966
0.417905
0.662
0.662
0.662
0.213006
0.662
0.324543
0.662
0.371079
0.196829
0.211848
0.662
0.662
0.662
0.471123
0.662
0.461611
0.0278306
0.662
0.662
0.662
0.485047
0.0253614
0.159494
0.662
0.662
0.450149
0.662
0.44503
0.267007
0.13649
0.662
0.175893
0.521492
0.662
0.662
0.662
0.0577211
0.662
0.28432
0.662
0.662
0.662
0.662
0.474558
0.662
0.308824
0.43222
0.662
0.23032
0.15552
0.662
0.662
0.427739
0.173248
0.662
0.662
0.662
0.35195
0.662
0.662
0.662
0.662
0.662
0.662
0.331971
0.662
0.105345
0.335509
0.662
0.662
0.216815
0.0589321
0.333816
0.346414
0.662
0.662
0.0583172
0.662
0.116055
0.662
0.484886
0.18334
0.255955
0.421738
0.662
0.323828
0.662
0.398875
0.662
0.662
0.183739
0.00147681
0.662
0.662
0.0810561
0.662
0.303224
0.461374
0.0964028
0.662
0.662
0.662
0.662
0.662
0.662
0.662
0.465784
0.587045
0.662
0.130821
0.0983361
0.48414
0.184255
0.662
0.267955
0.662
0.662
0.662
0.592751
0.430679
0.662
0.537728
0.662
0.0202828
0.0138256
0.490968
0.0253335
0.662
0.245828
0.0254137
0.662
0.662
0.662
0.662
0.662
0.662
0.100674
0.422907
0.119961
0.662
0.662
0.662
0.662
0.662
0.662
0.662
0.545146
0.375032
0.662
0.662
0.410554
0.662
0.275121
0.236789
0.662
0.662
0.226444
0.662
0.662
0.662
0.353455
0.662
0.662
0.662
0.0162017
0.662
0.120253
0.662
0.662
0.335539
0.662
0.212587
0.257091
0.662
0.662
0.0252157
0.662
0.129352
0.285732
0.181228
0.341124
0.662
0.662
0.662
0.171009
0.662
0.662
0.662
0.662
0.059121
0.208055
0.0507045
0.0511406
0.662
0.662
0.155612
0.662
0.662
0.0987332
0.440672
0.434391
0.0403927
0.662
0.662
0.184637
0.662
0.413983
0.158215
0.662
0.423047
0.27129
0.412273
0.0957253
0.662
0.648193
0.662
0.662
0.129668
0.662
0.00877843
0.662
0.662
0.57881
0.662
0.662
0.316335
0.373199
0.474518
0.662
0.662
0.662
0.662
0.386813
0.662
0.662
0.264125
0.443423
0.662
0.458105
0.662
0.662
0.662
0.662
0.559537
0.241669
0.246017
0.523686
0.023307
0.662
0.428929
0.431983
0.662
0.662
0.662
0.662
0.662
0.345462
0.662
0.300935
0.32776
0.474029
0.488199
0.662
0.550754
0.662
0.122639
0.662
0.662
0.662
0.378914
0.0421931
0.662
0.397753
0.662
0.0995178
0.201469
0.662
0.662
0.171416
0.133393
0.662
0.0711537
0.662
0.662
0.278098
0.662
0.388763
0.662
0.295362
0.662
0.662
0.662
0.205898
0.662
0.035477
0.427946
0.662
0.179041
0.475268
0.662
0.209332
0.055232
0.122809
0.310704
0.662
0.303314
0.662
0.662
0.662
0.0556308
0.362194
0.662
0.662
0.12932
0.185623
0.443813
0.662
0.662
0.662
0.216206
0.662
0.662
0.662
0.662
0.422307
0.461437
0.580414
0.662
0.605173
0.662
0.429052
0.290416
0.662
0.662
0.662
0.350797
0.662
0.662
0.662
0.594312
0.401899
0.317066
0.194469
0.662
0.239076
0.662
0.662
0.201652
0.269028
0.458318
0.662
0.03324
0.662
0.0656787
0.662
0.305169
0.350867
0.0197624
0.140729
0.662
0.112379
0.341597
0.662
0.491686
0.662
0.393066
0.662
0.662
0.15161
0.662
0.662
0.662
0.662
0.662
0.184064
0.278702
0.286053
0.393684
0.291323
0.662
0.662
0.662
0.662
0.413518
0.662
0.662
0.662
0.662
0.662
0.230733
0.138019
0.192888
0.662
0.0593917
0.662
0.662
0.659249
0.324743
0.662
0.662
0.1424
0.470748
0.662
0.0356072
0.265862
0.662
0.662
0.379037
0.662
0.434328
0.662
0.0554042
0.423917
0.662
0.235302
0.0736544
0.279727
0.0580382
0.662
0.662
0.662
0.139141
0.10943
0.662
0.662
0.230749
0.662
0.662
0.123545
0.662
0.0762489
0.662
0.662
0.30198
0.251054
0.662
0.548565
0.662
0.662
0.34424
0.0308926
0.141559
0.126616
0.268358
0.306413
0.662
0.429918
0.347852
0.405372
0.662
0.662
0.662
0.376513
0.662
0.289315
0.662
0.662
0.247031
0.181838
0.662
0.0967934
0.662
0.662
0.493201
0.360616
0.662
0.295812
0.662
0.662
0.662
0.497872
0.148576
0.445217
0.441833
0.289337
0.525479
0.662
0.662
0.662
0.131955
0.383978
0.44933
0.662
0.0435559
0.412515
0.662
0.400942
0.662
0.662
0.662
0.47754
0.662
0.662
0.662
0.662
0.295623
0.19014
0.662
0.662
0.662
0.662
0.203192
0.662
0.245358
0.020365
0.0733376
0.432451
0.662
0.662
0.662
0.218139
0.662
0.0939551
0.662
0.353894
0.662
0.410506
0.662
0.662
0.662
0.662
0.209301
0.662
0.662
0.14609
0.662
0.381756
0.662
0.374372
0.213928
0.306315
0.662
0.662
0.662
0.662
0.27138
0.662
0.662
0.102509
0.662
0.37403
0.662
0.662
0.0288702
0.629315
0.0400758
0.662
0.361603
0.359553
0.387996
0.662
0.662
0.284445
0.457663
0.21528
0.284124
0.662
0.662
0.468461
0.662
0.356688
0.432552
0.662
0.110962
0.662
0.662
0.662
0.662
0.662
0.662
0.662
0.662
0.662
0.662
0.662
0.204287
0.662
0.183467
0.662
0.252017
0.662
0.372492
0.662
0.132071
0.662
0.662
0.378461
0.662
0.662
0.662
0.662
0.662
0.662
0.662
0.662
0.662
0.149718
0.662
0.662
0.662
0.662
0.662
0.122029
0.662
0.409801
0.662
0.662
0.324608
0.0644423
0.662
0.662
0.30095
0.662
0.662
0.662
0.662
0.662
0.662
0.230098
0.662
0.662
0.662
0.662
0.662
0.662
0.352221
0.662
0.438507
0.0368514
0.662
0.302707
0.662
0.662
0.662
0.452413
0.662
0.662
0.662
0.662
0.0648934
0.662
0.205083
0.662
0.662
0.336607
0.662
0.662
0.405548
0.416247
0.662
0.26634
0.0161646
0.422794
0.173381
0.662
0.662
0.662
0.662
0.662
0.486558
0.662
0.209049
0.461263
0.355211
0.662
0.662
0.379911
0.40297
0.662
0.662
0.662
0.662
0.273256
0.432784
0.662
0.233678
0.662
0.446394
0.662
0.662
0.662
0.662
0.662
0.0632201
0.662
0.45754
0.662
0.662
0.0193689
0.662
0.111412
0.217075
0.662
0.662
0.662
0.278149
0.662
0.662
0.015228
0.662
0.662
0.662
0.662
0.662
0.242599
0.662
0.662
0.662
0.413728
0.662
0.662
0.662
0.0642488
0.34129
0.662
0.662
0.274605
0.662
0.25503
0.662
0.662
0.0802701
0.662
0.662
0.662
0.196
0.662
0.297799
0.445533
0.311253
0.236932
0.662
0.662
0.662
0.662
0.186165
0.662
0.0602132
0.662
0.662
0.0403338
0.662
0.334612
0.662
0.567103
0.662
0.0770356
0.662
0.662
0.662
0.662
0.662
0.662
0.143643
0.662
0.662
0.225636
0.0289801
0.662
0.662
0.199861
0.662
0.662
0.662
0.301719
0.662
0.464341
0.245347
0.324864
0.662
0.294747
0.218932
0.662
0.662
0.662
0.662
0.662
0.662
0.662
0.662
0.662
0.662
0.00224814
0.0999047
0.662
0.459943
0.662
0.338854
0.662
0.662
0.662
0.662
0.662
0.345853
0.662
0.662
0.662
0.241499
0.208683
0.340018
0.0441037
0.281838
0.251507
0.662
0.662
0.662
0.662
0.292214
0.662
0.662
0.321089
0.272857
0.662
0.415534
0.608048
0.426743
0.454126
0.194091
0.662
0.662
0.299225
0.662
0.662
0.662
0.281654
0.122922
0.662
0.662
0.662
0.662
0.36263
0.662
0.662
0.662
0.403434
0.662
0.662
0.662
0.240841
0.662
0.662
0.662
0.662
0.662
0.662
0.662
0.662
0.424567
0.47951
0.662
0.38024
0.662
0.342764
0.47339
0.662
0.662
0.662
0.175015
0.0989322
0.146833
0.662
0.662
0.212661
0.662
0.662
0.303423
0.230004
0.662
0.662
0.308366
0.662
0.662
0.283454
0.662
0.381223
0.348887
0.662
0.473435
0.241488
0.662
0.662
0.0299726
0.662
0.662
0.0212129
0.231828
0.471968
0.662
0.662
0.301638
0.140461
0.662
0.662
0.662
0.662
0.662
0.253104
0.269133
