0.602534
0.662
0.662
0.355091
0.45991
0.354113
0.424745
0.662
0.662
0.662
0.662
0.662
0.662
0.662
0.662
0.662
0.662
0.662
0.426072
0.0770043
0.128729
0.662
0.392101
0.0757898
0.169828
0.408422
0.332275
0.662
0.662
0.662
0.662
0.475358
0.130397
0.190873
0.0251531
0.662
0.662
0.662
0.662
0.662
0.311667
0.662
0.221753
0.21197
0.662
0.662
0.368495
0.229851
0.219181
0.267503
0.329399
0.392245
0.662
0.356707
0.662
0.662
0.662
0.662
0.662
0.662
0.662
0.22291
0.662
0.0705074
0.662
0.662
0.0584603
0.141761
0.662
0.662
0.0912923
0.662
0.662
0.0302849
0.662
0.662
0.662
0.662
0.662
0.311778
0.662
0.662
0.662
0.662
0.0244753
0.219683
0.662
0.225861
0.363745
0.217014
0.662
0.237838
0.225042
0.662
0.329797
0.662
0.662
0.662
0.662
0.662
0.662
0.662
0.469721
0.108151
0.0976672
0.662
0.186223
0.303844
0.466113
0.576932
0.662
0.319577
0.0856944
0.0918086
0.470305
0.208677
0.404423
0.662
0.493538
0.226972
0.0378817
0.662
0.340953
0.470605
0.662
0.263291
0.662
0.0356897
0.662
0.227249
0.347498
0.662
0.635817
0.662
0.662
0.383542
0.662
0.311962
0.662
0.0993603
0.038418
0.24396
0.420959
0.662
0.442527
0.477583
0.662
0.662
0.662
0.662
0.662
0.370149
0.662
0.175183
0.662
0.0457788
0.410593
0.166315
0.662
0.662
0.384331
0.131355
0.662
0.203587
0.461747
0.662
0.087501
0.662
0.204171
0.0595756
0.662
0.662
0.27489
0.323351
0.662
0.277125
0.662
0.274107
0.0137159
0.662
0.662
0.0404248
0.662
0.0171037
0.209375
0.662
0.662
0.218309
0.662
0.662
0.203096
0.662
0.662
0.662
0.662
0.662
0.662
0.662
0.662
0.107588
0.230937
0.662
0.0180278
0.274808
0.64652
0.662
0.183284
0.232324
0.662
0.662
0.662
0.227841
0.662
0.446556
0.662
0.662
0.662
0.354661
0.662
0.662
0.662
0.662
0.18009
0.662
0.662
0.662
0.662
0.124355
0.00527432
0.0196935
0.662
0.662
0.391537
0.203334
0.662
0.662
0.662
0.662
0.662
0.662
0.662
0.662
0.662
0.171352
0.662
0.0812961
0.298406
0.662
0.662
0.212336
0.133606
0.662
0.35035
0.662
0.662
0.662
0.662
0.662
0.211616
0.662
0.662
0.662
0.423018
0.225834
0.426174
0.132707
0.108858
0.25616
0.662
0.317332
0.662
0.662
0.662
0.0543798
0.662
0.662
0.662
0.160421
0.35888
0.662
0.0891491
0.662
0.256257
0.662
0.662
0.129981
0.662
0.662
0.0251107
0.273656
0.451289
0.341653
0.261049
0.662
0.153758
0.662
0.662
0.662
0.662
0.662
0.0556598
0.662
0.662
0.662
0.358328
0.662
0.662
0.662
0.662
0.166401
0.538637
0.297493
0.662
0.662
0.662
0.41093
0.662
0.156062
0.662
0.124396
0.662
0.662
0.0638616
0.398437
0.662
0.662
0.662
0.262575
0.662
0.373398
0.662
0.662
0.0983856
0.0492515
0.157789
0.662
0.31446
0.457641
0.662
0.662
0.0661573
0.662
0.662
0.662
0.662
0.662
0.177225
0.470554
0.662
0.119845
0.138759
0.383601
0.250832
0.662
0.389108
0.662
0.662
0.20002
0.360954
0.662
0.430334
0.662
0.662
0.662
0.369477
0.117633
0.104883
0.296111
0.662
0.662
0.662
0.662
0.0959527
0.662
0.662
0.662
0.662
0.662
0.662
0.662
0.662
0.662
0.662
0.268495
0.662
0.662
0.662
0.662
0.509775
0.134214
0.662
0.662
0.472442
0.662
0.662
0.344336
0.662
0.0609734
0.346463
0.662
0.662
0.127391
0.0661965
0.662
0.662
0.662
0.662
0.662
0.662
0.662
0.298965
0.662
0.0159172
0.134205
0.473499
0.662
0.344381
0.662
0.662
0.241028
0.662
0.364354
0.662
0.449519
0.146038
0.662
0.14679
0.662
0.660659
0.662
0.662
0.466074
0.662
0.185953
0.220061
0.325604
0.662
0.404523
0.662
0.662
0.662
0.662
0.0560534
0.662
0.662
0.662
0.221904
0.30907
0.662
0.662
0.662
0.662
0.364679
0.133611
0.662
0.186767
0.662
0.41262
0.662
0.662
0.662
0.265535
0.662
0.199766
0.260499
0.391724
0.60386
0.662
0.493526
0.143836
0.662
0.662
0.662
0.322989
0.662
0.662
0.467032
0.662
0.662
0.329842
0.662
0.449609
0.662
0.26334
0.0217574
0.662
0.662
0.662
0.662
0.662
0.662
0.136774
0.049941
