0.662
0.450318
0.662
0.133189
0.662
0.500726
0.662
0.29303
0.662
0.662
0.00727808
0.253992
0.662
0.662
0.0900533
0.662
0.662
0.462156
0.143399
0.225489
0.662
0.334969
0.662
0.00525521
0.662
0.423844
0.662
0.662
0.395897
0.15467
0.662
0.662
0.273064
0.437318
0.340309
0.662
0.662
0.662
0.662
0.662
0.662
0.662
0.662
0.662
0.662
0.662
0.297159
0.453369
0.662
0.662
0.662
0.662
0.152747
0.205703
0.662
0.662
0.662
0.473951
0.14741
0.340695
0.220428
0.22565
0.237687
0.422406
0.258815
0.662
0.149383
0.662
0.662
0.662
0.662
0.662
0.482592
0.662
0.418196
0.662
0.0653547
0.548279
0.662
0.662
0.662
0.440595
0.457194
0.662
0.662
0.662
0.662
0.0533257
0.0756826
0.312133
0.662
0.439342
0.662
0.662
0.662
0.662
0.329773
0.662
0.196472
0.356021
0.562207
0.284599
0.662
0.137258
0.309434
0.449512
0.0512728
0.662
0.0716299
0.241139
0.662
0.0677878
0.148037
0.662
0.334988
0.380638
0.422696
0.0763395
0.296649
0.662
0.511552
0.662
0.398055
0.553031
0.11044
0.662
0.148564
0.16918
0.662
0.416024
0.662
0.662
0.441305
0.131424
0.662
0.662
0.0380659
0.662
0.662
0.662
0.231458
0.662
0.301173
0.22293
0.254703
0.411933
0.662
0.371314
0.477628
0.109043
0.662
0.662
0.320419
0.662
0.662
0.662
0.662
0.211268
0.120886
0.0385291
0.365993
0.432991
0.301185
0.662
0.662
0.662
0.662
0.153518
0.662
0.662
0.662
0.19474
0.358512
0.200604
0.129911
0.0634776
0.662
0.273236
0.662
0.432281
0.561114
0.226792
0.15062
0.463379
0.662
0.662
0.339905
0.115894
0.662
0.299453
0.201057
0.662
0.189247
0.109418
0.103867
0.455971
0.662
0.324026
0.532389
0.662
0.216059
0.16318
0.662
0.662
0.662
0.448136
0.262855
0.0760923
0.662
0.662
0.457724
0.662
0.662
0.662
0.444941
0.347036
0.488443
0.164533
0.440155
0.662
0.662
0.662
0.662
0.662
0.192654
0.662
0.662
0.662
0.0437961
0.589083
0.662
0.0636337
0.662
0.133349
0.662
0.425519
0.662
0.434633
0.115255
0.662
0.662
0.129107
0.662
0.353998
0.662
0.414208
0.212235
0.0240361
0.199301
0.662
0.662
0.178116
0.662
0.662
0.662
0.662
0.662
0.0164708
0.325493
0.662
0.662
0.442577
0.662
0.662
0.662
0.662
0.0947255
0.662
0.662
0.406285
0.464951
0.662
0.364522
0.0776137
0.662
0.379918
0.0790615
0.662
0.286873
0.662
0.662
0.662
0.662
0.51496
0.662
0.662
0.138518
0.411687
0.662
0.662
0.437113
0.662
0.43969
0.0319526
0.2608
0.662
0.0869457
0.662
0.407768
0.187927
0.330968
0.574416
0.662
0.14815
0.116428
0.662
0.662
0.203435
0.662
0.408789
0.662
0.236349
0.00887649
0.662
0.23032
0.662
0.662
0.44831
0.662
0.662
0.465406
0.0260173
0.662
0.552886
0.299139
0.435622
0.662
0.325246
0.662
0.662
0.165264
0.662
0.662
0.406152
0.255905
0.239663
0.662
0.0241868
0.662
0.479888
0.04121
0.410194
0.662
0.245317
0.537582
0.662
0.662
0.662
0.105434
0.662
0.474637
0.662
0.205811
0.662
0.662
0.463848
0.269211
0.662
0.662
0.662
0.662
0.104049
0.662
0.475174
0.291072
0.261825
0.662
0.355915
0.0046267
0.662
0.133286
0.249455
0.083639
0.260843
0.419629
0.403552
0.178143
0.0709473
0.229007
0.445366
0.662
0.662
0.318263
0.21376
0.662
0.662
0.0280051
0.662
0.662
0.662
0.662
0.406092
0.256053
0.662
0.394358
0.0789543
0.413476
0.662
0.190008
0.497641
0.305014
0.451683
0.662
0.312937
0.522469
0.241818
0.662
0.662
0.0451365
0.232739
0.662
0.114535
0.0324053
0.332731
0.662
0.662
0.113892
0.0608244
0.662
0.662
0.662
0.662
0.471824
0.662
0.662
0.662
0.110537
0.0216362
0.662
0.34155
0.662
0.662
0.17069
0.662
0.662
0.277255
0.662
0.107696
0.662
0.662
0.662
0.227138
0.425454
0.265393
0.662
0.662
0.0128307
0.464162
0.662
0.662
0.257828
0.662
0.662
0.313035
0.154045
0.662
0.662
0.662
0.662
0.662
0.662
0.505424
0.662
0.662
0.662
0.39662
0.662
0.573907
0.083103
0.458113
0.662
0.347327
0.662
0.662
0.112748
0.662
0.662
0.662
0.662
0.662
0.662
0.176157
0.208461
0.662
0.662
0.662
0.171114
0.368066
0.662
0.0944104
0.662
0.0232476
0.662
0.159432
0.519791
0.662
0.405679
0.00512676
0.662
0.316843
0.311209
0.662
0.484024
0.40248
0.373345
0.277872
0.662
0.662
0.662
0.223852
0.662
0.269568
0.662
0.0034634
0.662
0.662
0.0948995
0.662
0.662
0.662
0.209528
0.151147
0.662
0.662
0.662
0.662
0.662
0.662
0.662
0.233498
0.0860346
0.320883
0.0656456
0.256137
0.662
0.662
0.00117709
0.662
0.662
0.662
0.662
0.662
0.662
0.662
0.662
0.134545
0.662
0.549514
0.662
0.310167
0.662
0.266964
0.0387022
0.361175
0.499143
0.662
0.662
0.452174
0.662
0.211281
0.63096
0.18445
0.662
0.338488
0.244634
0.662
0.662
0.237346
0.35234
0.0810403
0.662
0.300352
0.662
0.662
0.662
0.662
0.367163
0.662
0.662
0.662
0.662
0.662
0.662
0.662
0.416716
0.662
0.0278639
0.240891
0.188632
0.662
0.662
0.353619
0.443439
0.662
0.0536009
0.662
0.662
0.662
0.275953
0.662
0.662
0.662
0.486613
0.662
0.219266
0.312178
0.662
0.662
0.120468
0.662
0.22112
0.195868
0.312566
0.132295
0.0189332
0.311617
0.662
0.451545
0.461874
0.0167779
0.662
0.288918
0.3149
0.662
0.662
0.662
0.132799
0.662
0.662
0.662
0.662
0.662
0.662
0.662
0.430117
0.349249
0.133619
0.409277
0.662
0.662
0.662
0.662
0.133711
0.475424
0.044726
0.662
0.277245
0.662
0.33761
0.662
0.662
0.0804677
0.187444
0.0296767
0.359374
0.662
0.46883
0.662
0.139662
0.662
0.353295
0.594745
0.470064
0.662
0.201389
0.662
0.104175
0.280777
0.662
0.166185
0.350944
0.20183
0.169449
0.472968
0.662
0.662
0.242445
0.49314
0.420343
0.662
0.461388
0.456473
0.662
0.662
0.662
0.346802
0.373924
0.662
0.662
0.662
0.662
0.469309
0.251006
0.112047
0.347153
0.662
0.662
0.0571622
0.662
0.035477
0.395211
0.662
0.662
0.169981
0.127279
0.662
0.381293
0.662
0.0407317
0.662
0.454809
0.109736
0.152641
0.662
0.360479
0.414284
0.314752
0.0621863
0.662
0.098418
0.454523
0.662
0.179846
0.436829
0.526037
0.223382
0.662
0.430397
0.662
0.364702
0.404155
0.662
0.662
0.380826
0.662
0.468995
0.662
0.0306346
0.662
0.0979696
0.143765
0.3795
0.662
0.41143
0.662
0.662
0.420275
0.662
0.0523216
0.662
0.662
0.643682
0.662
0.662
0.134454
0.0915688
0.662
0.662
0.662
0.0460942
0.662
0.296792
0.662
0.295439
0.453304
0.662
0.662
0.101958
0.662
0.0768391
0.36377
0.662
0.662
0.340834
0.662
0.627211
0.0295936
0.662
0.151071
0.662
0.662
0.41803
0.557055
0.662
0.124288
0.363322
0.662
0.0921815
0.662
0.662
0.124755
0.662
0.543111
0.118972
0.449681
0.186343
0.290951
0.662
0.0848464
0.599233
0.198608
0.303423
0.51021
0.482012
0.360033
0.114653
0.499665
0.662
0.0426631
0.662
0.489337
0.133463
0.148274
0.662
0.0690713
0.662
0.662
0.662
0.487894
0.662
0.662
0.53184
0.662
0.662
0.662
0.662
0.662
0.662
0.662
0.662
0.662
0.206802
0.299079
0.442559
0.221647
0.662
0.662
0.257189
0.662
0.662
0.19031
0.215946
0.188132
0.440409
0.662
0.662
0.662
0.662
0.495997
0.358678
0.164277
0.662
0.0356241
0.662
0.107584
0.383068
0.662
0.662
0.662
0.662
0.0121468
0.0453949
0.662
0.433112
0.336777
0.0811406
0.461993
0.35113
0.662
0.0819023
0.662
0.209635
0.141664
0.662
0.439773
0.173368
0.662
0.271612
0.354381
0.386896
0.355738
0.662
0.269634
0.00612088
0.335534
0.236242
0.662
0.662
0.468246
0.662
0.44187
0.0809786
0.662
0.439272
0.662
0.426646
0.326911
0.662
0.662
0.29811
0.261371
0.662
0.645736
0.372322
0.296088
0.662
0.0868985
0.662
0.243473
0.662
0.474795
0.662
0.0167638
0.209385
0.232414
0.637824
0.429954
0.412134
0.359742
0.321482
0.662
0.168447
0.662
0.455901
0.662
0.435036
0.662
0.662
0.157416
0.189912
0.290798
0.0323519
0.292154
0.662
0.662
0.12851
0.500425
0.328872
0.549533
0.662
0.662
0.662
0.662
0.198342
0.256538
0.160431
0.407035
0.662
0.662
0.153285
0.662
0.662
0.327633
0.662
0.662
0.528073
0.40222
0.662
0.217386
0.662
0.148501
0.307788
0.662
0.662
0.662
0.358335
0.662
0.271312
0.297433
0.112714
0.662
0.662
0.662
0.662
0.270764
0.662
0.662
0.459228
0.379124
0.45429
0.0577122
0.0516264
0.281513
0.310838
0.662
0.662
0.662
0.662
0.662
0.525564
0.228848
0.207519
0.129157
0.662
0.662
0.17298
0.471632
0.193545
0.662
0.242729
0.343547
0.662
0.662
0.398681
0.246329
0.662
0.662
0.662
0.329986
0.0323892
0.51084
0.426012
0.176038
0.122719
0.182421
0.218253
0.440846
0.374879
0.662
0.194011
0.0844651
0.662
0.312796
0.0957771
0.373989
0.169158
0.662
0.662
0.662
0.662
0.457239
0.662
0.410713
0.662
0.28614
0.0748004
0.374023
0.362339
0.253838
0.662
0.242357
0.662
0.0789844
0.272963
0.447041
0.662
0.107488
0.450251
0.662
0.662
0.0843492
0.662
0.662
0.442652
0.662
0.257634
0.662
0.662
0.507891
0.662
0.662
0.154267
0.367344
0.662
0.288928
0.429213
0.431892
0.254947
0.380217
0.662
0.662
0.0419195
0.662
0.153213
0.321007
0.662
0.662
0.0855466
0.211624
0.662
0.662
0.438943
0.015563
0.46069
0.375846
0.662
0.662
0.288616
0.0701666
0.662
0.662
0.22528
0.662
0.443337
0.662
0.662
0.662
0.200863
0.26299
0.387466
0.662
0.0128783
0.662
0.585404
0.0219274
0.0480581
0.264518
0.378525
0.662
0.662
0.662
0.302762
0.194772
0.662
0.662
0.0589945
0.109557
0.662
0.662
0.662
0.662
0.662
0.257992
0.662
0.662
0.662
0.662
0.662
0.662
0.662
0.662
0.191113
0.662
0.127144
0.662
0.662
0.662
0.304232
0.0587263
0.471147
0.662
0.662
0.662
0.30131
0.257791
0.662
0.662
0.662
0.662
0.0068364
0.662
0.261353
0.452674
0.662
0.662
0.625729
0.372744
0.271333
0.662
0.261847
0.662
0.662
0.0567055
0.117153
0.0628681
0.662
0.662
0.212969
0.662
0.0936931
0.46339
0.590932
0.420228
0.226058
0.106695
0.371701
0.469428
0.662
0.257461
0.443467
0.662
0.662
0.662
0.384132
0.662
0.662
0.662
0.662
0.662
0.354272
0.0598152
0.662
0.662
0.238743
0.662
0.395271
0.662
0.662
0.662
0.662
0.662
0.662
0.351118
0.662
0.662
0.662
0.662
0.662
0.299863
0.662
0.662
0.184637
0.662
0.306558
0.0953318
0.123161
0.228866
0.144461
0.662
0.662
0.052735
0.662
0.662
0.121329
0.32292
0.441339
0.662
0.16556
