0.662
0.662
0.393066
0.662
0.662
0.662
0.662
0.0746224
0.013123
0.0912231
0.662
0.336777
0.445389
0.662
0.662
0.662
0.339156
0.662
0.205527
0.12139
0.25503
0.662
0.662
0.486558
0.206366
0.105373
0.267007
0.13649
0.662
0.662
0.662
0.662
0.662
0.375608
0.662
0.242491
0.000172616
0.270964
0.0995178
0.662
0.324743
0.165697
0.662
0.662
0.662
0.662
0.662
0.662
0.0359488
0.112047
0.662
0.662
0.299465
0.662
0.00525521
0.662
0.414857
0.434328
0.662
0.662
0.11044
0.49282
0.662
0.662
0.662
0.318375
0.662
0.0461973
0.662
0.408789
0.406285
0.662
0.381233
0.662
0.662
0.113721
0.662
0.0346483
0.354272
0.662
0.308366
0.662
0.251507
0.353894
0.455971
0.662
0.662
0.662
0.662
0.0254137
0.662
0.662
0.662
0.265393
0.0507045
0.32776
0.0361513
0.662
0.662
0.662
0.401898
0.662
0.662
0.349822
0.0632201
0.454887
0.323707
0.662
0.662
0.0256806
0.662
0.405548
0.323208
0.662
0.313877
0.324864
0.543696
0.662
0.662
0.662
0.325362
0.186824
0.336966
0.662
0.662
0.246806
0.408759
0.662
0.662
0.471968
0.0602132
0.662
0.662
0.384821
0.662
0.662
0.662
0.662
0.662
0.662
0.341438
0.662
0.273721
0.662
0.662
0.662
0.195601
0.290568
0.662
0.347339
0.662
0.20998
0.662
0.662
0.419962
0.662
0.662
0.452365
0.662
0.662
0.662
0.257731
0.311793
0.662
0.662
0.662
0.416247
0.662
0.662
0.437478
0.209385
0.662
0.662
0.607259
0.662
0.662
0.470748
0.662
0.10355
0.662
0.340309
0.662
0.662
0.183322
0.662
0.0979696
0.202312
0.262462
0.551572
0.156763
0.662
0.662
0.34424
0.445363
0.662
0.0272968
0.662
0.662
0.662
0.662
0.662
0.662
0.662
0.0441037
0.662
0.388763
0.662
0.395947
0.662
0.462698
0.662
0.588415
0.118399
0.662
0.662
0.662
0.148065
0.662
0.214011
0.662
0.463847
0.0435165
0.662
0.662
0.662
0.136711
0.662
0.662
0.662
0.436962
0.662
0.662
0.110531
0.662
0.662
0.662
0.184755
0.465145
0.662
0.662
0.501764
0.136925
0.662
0.24285
0.662
0.0311296
0.27848
0.258565
0.130097
0.464951
0.307626
0.662
0.662
0.334612
0.329986
0.662
0.662
0.662
0.626926
0.287711
0.149718
0.662
0.205664
0.0664186
0.662
0.662
0.0828309
0.662
0.662
0.107959
0.662
0.662
0.423986
0.0420761
0.662
0.662
0.156708
0.662
0.510033
0.0677878
0.662
0.0369996
0.662
0.662
0.662
0.310852
0.174313
0.557766
0.662
0.662
0.257044
0.282134
0.105434
0.662
0.46706
0.662
0.376101
0.454126
0.0915198
0.015563
0.662
0.662
0.0241868
0.281838
0.662
0.39724
0.662
0.662
0.314201
0.662
0.217568
0.221647
0.662
0.19589
0.662
0.156451
0.0285288
0.662
0.295036
0.662
0.45067
0.456142
0.662
0.662
0.662
0.662
0.662
0.319404
0.463848
0.662
0.662
0.662
0.169751
0.148043
0.662
0.325758
0.327093
0.662
0.416661
0.422696
0.662
0.247382
0.662
0.662
0.264507
0.662
0.662
0.658568
0.662
0.662
0.369039
0.662
0.200711
0.662
0.662
0.22287
0.0026221
0.131596
0.0368514
0.662
0.662
0.468428
0.662
0.662
0.662
0.662
0.662
0.662
0.662
0.662
0.154567
0.662
0.662
0.319921
0.662
0.0472141
0.128945
0.288929
0.0272907
0.662
0.427946
0.662
0.387996
0.662
0.662
0.662
0.662
0.14609
0.662
0.264212
0.662
0.000537101
0.283882
0.662
0.662
0.662
0.662
0.421738
0.662
0.662
0.432427
0.088887
0.662
0.662
0.662
0.662
0.161632
0.662
0.662
0.0348318
0.471029
0.662
0.662
0.662
0.662
0.437462
0.662
0.662
0.662
0.220833
0.440016
0.662
0.662
0.525479
0.107639
0.662
0.662
0.662
0.662
0.662
0.662
0.662
0.272921
0.300935
0.662
0.342064
0.662
0.662
0.334473
0.154511
0.662
0.257676
0.662
0.356877
0.662
0.662
0.662
0.0381858
0.509058
0.306978
0.637824
0.47339
0.662
0.143221
0.662
0.662
0.181228
0.662
0.662
0.662
0.662
0.433235
0.0543603
0.561114
0.662
0.0517632
0.11229
0.605104
0.310677
0.662
0.662
0.662
0.662
0.576818
0.662
0.662
0.297175
0.662
0.662
0.236481
0.662
0.662
0.306315
0.662
0.662
0.662
0.662
0.132926
0.662
0.662
0.662
0.662
0.662
0.662
0.662
0.0789844
0.216392
0.458105
0.111617
0.662
0.662
0.485482
0.662
0.662
0.662
0.662
0.153518
0.244634
0.662
0.662
0.157643
0.607072
0.384472
0.662
0.453304
0.662
0.278967
0.662
0.662
0.662
0.231091
0.271333
0.211603
0.46642
0.662
0.662
0.662
0.662
0.662
0.558819
0.662
0.662
0.662
0.662
0.662
0.662
0.0409957
0.662
0.662
0.0197624
0.662
0.382398
0.662
0.662
0.34061
0.662
0.662
0.662
0.242445
0.662
0.662
0.574416
0.0403927
0.662
0.282001
0.662
0.157646
0.272525
0.662
0.334101
0.139445
0.662
0.122029
0.280326
0.383978
0.662
0.662
0.662
0.662
0.662
0.662
0.662
0.153669
0.662
0.529437
0.352221
0.662
0.662
0.662
0.0531869
0.160533
0.345851
0.662
0.662
0.207068
0.309767
0.413476
0.23173
0.57919
0.662
0.662
0.662
0.662
0.662
0.637882
0.0789543
0.0450836
0.446935
0.662
0.270621
0.32618
0.471824
0.662
0.405372
0.662
0.123656
0.451545
0.662
0.662
0.0252157
0.662
0.662
0.461263
0.453769
0.662
0.433921
0.254703
0.662
0.282499
0.248503
0.662
0.341742
0.0511406
0.236789
0.662
0.0240875
0.404069
0.662
0.662
0.184501
0.662
0.662
0.00249504
0.662
0.318263
0.662
0.164533
0.423748
0.662
0.662
0.312154
0.662
0.000747615
0.662
0.299402
0.340933
0.662
0.662
0.0966499
0.290416
0.0538429
0.129352
0.662
0.371213
0.137543
0.0939551
0.662
0.662
0.662
0.662
0.662
0.553031
0.208983
0.662
0.662
0.556873
0.662
0.662
0.0390876
0.662
0.662
0.230733
0.331907
0.662
0.662
0.662
0.256392
0.257845
0.662
0.662
0.146833
0.662
0.207406
0.662
0.264892
0.342129
0.472157
0.523504
0.463221
0.662
0.662
0.662
0.00495493
0.662
0.00224814
0.662
0.216936
0.407306
0.662
0.662
0.0304685
0.662
0.662
0.0269362
0.0295936
0.662
0.248047
0.295362
0.330798
0.0529706
0.208461
0.662
0.662
0.451056
0.662
0.479511
0.4274
0.662
0.500211
0.662
0.474518
0.217635
0.241364
0.662
0.662
0.662
0.110894
0.662
0.662
0.317283
0.662
0.662
0.662
0.662
0.23032
0.420721
0.662
0.398055
0.0947255
0.00465989
0.662
0.662
0.259979
0.57091
0.0802701
0.662
0.662
0.152449
0.662
0.662
0.662
0.212661
0.268954
0.662
0.482643
0.353998
0.662
0.0921815
0.662
0.662
0.662
0.10067
0.112217
0.404304
0.662
0.662
0.331823
0.662
0.662
0.0171034
0.0635953
0.568485
0.0610299
0.517142
0.27496
0.662
0.662
0.0193689
0.22293
0.0983361
0.393256
0.662
0.370417
0.412659
0.662
0.199861
0.474558
0.662
0.662
0.49578
0.515618
0.662
0.662
0.662
0.662
0.662
0.45428
0.662
0.219678
0.378914
0.662
0.13657
0.11289
0.662
0.373989
0.532389
0.468819
0.466998
0.264125
0.662
0.0304914
0.0233752
0.32593
0.241139
0.0187343
0.21528
0.309938
0.156053
0.446394
0.295623
0.0586992
0.200011
0.662
0.422794
0.662
0.662
0.00274583
0.183739
0.43575
0.271312
0.662
0.182796
0.258134
0.589083
0.662
0.662
0.488495
0.662
0.175902
0.053647
0.153581
0.0239941
0.10425
0.117153
0.30373
0.0699312
0.662
0.662
0.37403
0.397943
0.662
0.662
0.662
0.662
0.429827
0.662
0.662
0.662
0.662
0.662
0.662
0.662
0.122329
0.186427
0.662
0.662
0.662
0.382843
0.662
0.662
0.662
0.662
0.303423
0.662
0.662
0.349359
0.216864
0.662
0.662
0.0577104
0.122269
0.662
0.662
0.662
0.662
0.492308
0.542504
0.537728
0.226938
0.662
0.436829
0.662
0.484886
0.0128307
0.662
0.0837689
0.662
0.662
0.662
0.662
0.214788
0.127927
0.662
0.662
0.662
0.412248
0.662
0.662
0.380374
0.424215
0.662
0.662
0.662
0.337759
0.048227
0.662
0.662
0.20283
0.662
0.662
0.271705
0.662
0.662
0.662
0.23478
0.0474945
0.662
0.0744765
0.409587
0.662
0.662
0.662
0.303494
0.422907
0.662
0.375846
0.662
0.102414
0.662
0.662
0.25383
0.3682
0.0308926
0.662
0.662
0.662
0.449017
0.341266
0.662
0.0034634
0.423047
0.662
0.325112
0.662
0.0470808
0.662
0.662
0.662
0.662
0.371864
0.662
0.662
0.201485
0.439086
0.662
0.143765
0.662
0.662
0.35405
0.317066
0.662
0.0710677
0.350797
0.662
0.662
0.119852
0.662
0.240968
0.662
0.662
0.662
0.662
0.344009
0.281513
0.662
0.662
0.166598
0.488413
0.662
0.257189
0.662
0.662
0.662
0.0999047
0.662
0.662
0.465784
0.587045
0.662
0.641809
0.662
0.194469
0.662
0.662
0.420201
0.662
0.254076
0.662
0.662
0.662
0.289405
0.143643
0.662
0.662
0.223517
0.662
0.199262
0.463321
0.662
0.662
0.662
0.662
0.184064
0.662
0.662
0.662
0.662
0.662
0.662
0.662
0.341954
0.0284867
0.662
0.0403338
0.662
0.0212129
0.237346
0.449195
0.662
0.195868
0.662
0.662
0.280245
0.662
0.442468
0.662
0.662
0.497683
0.290237
0.257329
0.662
0.101066
0.296505
0.662
0.138019
0.662
0.0810561
0.412273
0.42182
0.662
0.662
0.374372
0.662
0.662
0.523266
0.0709504
0.319666
0.662
0.0289801
0.329452
0.284935
0.130812
0.662
0.662
0.662
0.662
0.662
0.15661
0.662
0.662
0.120827
0.662
0.662
0.662
0.1559
0.662
0.662
0.662
0.466451
0.662
0.0924273
0.260843
0.662
0.662
0.132219
0.00537843
0.0174262
0.662
0.662
0.0306346
0.662
0.662
0.286053
0.662
0.662
0.377671
0.401899
0.138171
0.662
0.662
0.209673
0.662
0.662
0.662
0.411566
0.159175
0.180977
0.176751
0.662
0.662
0.0504114
0.388635
0.0166257
0.662
0.252414
0.662
0.662
0.522311
0.205393
0.193545
0.662
0.315364
0.0510435
0.662
0.166041
0.662
0.662
0.662
0.535875
0.662
0.542713
0.662
0.467256
0.453369
0.419081
0.360815
0.662
0.248763
0.662
0.104175
0.662
0.662
0.141729
0.662
0.662
0.288533
0.662
0.375032
0.662
0.662
0.662
0.662
0.103615
0.662
0.662
0.662
0.662
0.662
0.662
0.178908
0.662
0.662
0.11885
0.170749
0.662
0.662
0.440846
0.662
0.662
0.233568
0.432552
0.662
0.662
0.662
0.0642488
0.390428
0.429776
0.662
0.662
0.662
0.274729
0.170988
0.662
0.662
0.245044
0.111031
0.518645
0.136908
0.24149
0.662
0.662
0.431736
0.662
0.662
0.662
0.273114
0.662
0.662
0.418189
0.0302756
0.185075
0.662
0.0621863
0.0449624
0.154045
0.324608
0.198398
0.662
0.477225
0.662
0.357972
0.662
0.662
0.350867
0.0593917
0.662
0.470531
0.662
0.662
0.662
0.283996
0.662
0.152097
0.662
0.662
0.662
0.662
0.404203
0.662
0.662
0.662
0.207519
0.662
0.662
0.662
0.662
0.416882
0.0495969
0.278578
0.204735
0.662
0.386574
0.341581
0.662
0.662
0.452699
0.350565
