0.346505
0.662
0.662
0.662
0.662
0.662
0.355415
0.662
0.425282
0.662
0.0352351
0.662
0.189146
0.662
0.0155809
0.299478
0.662
0.537538
0.662
0.662
0.662
0.30681
0.156645
0.263105
0.662
0.214186
0.662
0.662
0.413137
0.662
0.229278
0.662
0.662
0.0871574
0.662
0.662
0.456688
0.138865
0.404207
0.572481
0.662
0.662
0.147474
0.662
0.662
0.014739
0.371283
0.328781
0.271808
0.662
0.662
0.662
0.662
0.483072
0.0395712
0.662
0.662
0.254932
0.459535
0.662
0.385751
0.662
0.662
0.662
0.662
0.662
0.206686
0.662
0.662
0.662
0.246737
0.662
0.0919936
0.662
0.662
0.662
0.662
0.662
0.662
0.662
0.370057
0.662
0.662
0.145875
0.195572
0.662
0.662
0.662
0.163361
0.662
0.420456
0.22126
0.662
0.397592
0.662
0.662
0.458762
0.0896533
0.662
0.360899
0.113976
0.298908
0.429722
0.662
0.114555
0.00311215
0.289288
0.662
0.662
0.378966
0.662
0.485575
0.160168
0.662
0.0789933
0.662
0.662
0.501974
0.662
0.662
0.662
0.662
0.662
0.154074
0.463155
0.662
0.160761
0.662
0.0908953
0.232266
0.662
0.662
0.0240937
0.662
0.228556
0.328866
0.430511
0.662
0.662
0.662
0.662
0.0226388
0.312479
0.662
0.220289
0.404694
0.0980589
0.662
0.662
0.662
0.149466
0.208622
0.198199
0.662
0.471496
0.662
0.662
0.439293
0.318928
0.662
0.307464
0.662
0.662
0.662
0.193766
0.662
0.219938
0.662
0.326343
0.662
0.442307
0.306374
0.352465
0.662
0.662
0.662
0.662
0.662
0.323596
0.0238522
0.662
0.662
0.0746606
0.662
0.662
0.662
0.475594
0.662
0.157071
0.415521
0.180492
0.121323
0.662
0.662
0.662
0.662
0.662
0.662
0.662
0.662
0.662
0.368755
0.177075
0.0662917
0.662
0.562224
0.452487
0.474472
0.0879849
0.662
0.662
0.462097
0.662
0.662
0.662
0.427429
0.662
0.262962
0.662
0.171855
0.662
0.662
0.189762
0.662
0.250425
0.277044
0.196376
0.16479
0.321713
0.0536587
0.662
0.397883
0.662
0.365927
0.662
0.472688
0.662
0.394439
0.662
0.662
0.547608
0.290317
0.0709475
0.226684
0.662
0.662
0.143004
0.662
0.588093
0.340215
0.169793
0.662
0.188838
0.388171
0.496578
0.662
0.0805084
0.428865
0.0895644
0.662
0.662
0.662
0.255002
0.462231
0.120259
0.293932
0.465166
0.662
0.347442
0.36057
0.332998
0.662
0.662
0.0330234
0.0702677
0.155665
0.23133
0.0973785
0.662
0.662
0.17889
0.662
0.662
0.662
0.603093
0.0995743
0.662
0.662
0.638132
0.662
0.411521
0.662
0.293366
0.651487
0.662
0.294343
0.662
0.662
0.662
0.195146
0.510876
0.172025
0.662
0.662
0.662
0.234209
0.527603
0.61573
0.63339
0.195857
0.662
0.662
0.410679
0.662
0.662
0.662
0.662
0.662
0.662
0.617311
0.340011
0.662
0.662
0.473337
0.662
0.662
0.662
0.662
0.130569
0.0133807
0.273068
0.662
0.470489
0.662
0.662
0.662
0.315827
0.662
0.050829
0.662
0.432136
0.662
0.255284
0.33029
0.0832867
0.662
0.662
0.662
0.662
0.486264
0.349086
0.662
0.662
0.662
0.662
0.264186
0.662
0.662
0.430076
0.373722
0.385481
0.388124
0.093224
0.388714
0.662
0.662
0.253443
0.662
0.662
0.662
0.662
0.662
0.662
0.662
0.217037
0.662
0.444145
0.662
0.387744
0.180521
0.1519
0.662
0.662
0.244615
0.18495
0.634403
0.327408
0.662
0.662
0.590813
0.662
0.467302
0.309686
0.0551247
0.0979442
0.662
0.119702
0.188096
0.662
0.30448
0.0452321
0.662
0.662
0.463628
0.172773
0.480786
0.662
0.360513
0.662
0.662
0.662
0.0567289
0.431593
0.662
0.662
0.662
0.0516987
0.662
0.290184
0.513611
0.344298
0.662
0.662
0.202723
0.662
0.662
0.662
0.662
0.0742989
0.662
0.662
0.474819
0.378707
0.662
0.232312
0.662
0.662
0.662
0.662
0.662
0.662
0.582439
0.662
0.417381
0.662
0.662
0.662
0.299332
0.662
0.417106
0.312537
0.662
0.662
0.662
0.258621
0.313349
0.0639812
0.662
0.662
0.662
0.357393
0.448075
0.405815
0.662
0.0266114
0.662
0.466832
0.662
0.317943
0.662
0.662
0.12235
0.0862291
0.662
0.662
0.378705
0.338761
0.339535
0.171634
0.662
0.662
0.662
0.662
0.419384
0.452709
0.662
0.152128
0.154894
0.346452
0.662
0.662
0.662
0.345176
0.662
0.662
0.63339
0.294011
0.428754
0.155204
0.0185634
0.276684
0.662
0.399169
0.662
0.391389
0.332386
0.662
0.0410667
0.0289833
0.662
0.390095
0.662
0.662
0.662
0.662
0.515419
0.265356
0.662
0.218714
0.438583
0.137192
0.662
0.0698771
0.662
0.662
0.0398934
0.662
0.662
0.448109
0.662
0.330969
0.662
0.263657
0.662
0.662
0.169838
0.662
0.424037
0.120013
0.662
0.203408
0.412178
0.662
0.662
0.662
0.662
0.662
0.228883
0.433872
0.00184087
0.0900445
0.428666
0.00696848
0.662
0.354166
0.0817018
0.181982
0.662
0.279005
0.662
0.662
0.213018
0.220754
0.373215
0.662
0.662
0.662
0.043397
0.0917289
0.662
0.662
0.181918
0.662
0.213655
0.662
0.173452
0.449895
0.364853
0.662
0.662
0.158577
0.662
0.662
0.230717
0.101737
0.662
0.640299
0.662
0.662
0.662
0.662
0.506906
0.662
0.662
0.047178
0.3388
0.483787
0.662
0.662
0.194209
0.0779415
0.662
0.662
0.322413
0.446422
0.29608
0.662
0.662
0.604189
0.662
0.662
0.484843
0.326364
0.425753
0.455404
0.260386
0.0372256
0.662
0.662
0.662
0.0476416
0.591795
0.662
0.662
0.150319
0.662
0.191697
0.297697
0.662
0.112029
0.418381
0.427526
0.169133
0.662
0.662
0.662
0.0683308
0.662
0.312291
0.662
0.662
0.253928
0.662
0.662
0.662
0.221337
0.132255
0.239775
0.662
0.213683
0.647949
0.127047
0.662
0.662
0.0763787
0.662
0.0293866
0.326783
0.662
0.662
0.662
0.190606
0.295202
0.199804
0.223702
0.662
0.662
0.662
0.194896
0.662
0.662
0.20112
0.262687
0.0506831
0.591052
0.161263
0.0664217
0.335536
0.175349
0.0255069
0.215099
0.662
0.421016
0.662
0.47686
0.662
0.662
0.662
0.242851
0.0785281
0.662
0.662
0.662
0.105997
0.0591729
0.273347
0.318953
0.662
0.662
0.662
0.433352
0.662
0.662
0.662
0.189112
0.662
0.072526
0.662
0.290692
0.662
0.662
0.371913
0.662
0.267443
0.662
0.448902
0.167692
0.159994
0.662
0.662
0.357401
0.518333
0.283115
0.401136
0.373417
0.662
0.117057
0.662
0.662
0.0213684
0.662
0.662
0.662
0.442925
0.662
0.249681
0.160218
0.662
0.662
0.293506
0.451582
0.662
0.280633
0.151408
0.0445959
0.459952
0.239403
0.662
0.199872
0.662
0.0394616
0.662
0.54503
0.447777
0.496381
0.662
0.662
0.270452
0.662
0.380622
0.364929
0.191012
0.662
0.0924417
0.662
0.662
0.662
0.108314
0.218076
0.662
0.662
0.477245
0.662
0.662
0.0906168
0.662
0.662
0.662
0.662
0.323857
0.662
0.00580008
0.638803
0.335068
0.61805
0.189496
0.662
0.106854
0.469077
0.560654
0.151796
0.0550607
0.339669
0.662
0.662
0.662
0.662
0.28923
0.432714
0.662
0.314918
0.662
0.354769
0.184418
0.232846
0.314277
0.662
0.662
0.662
0.662
0.0153163
0.0407055
0.662
0.180168
0.662
0.425859
0.662
0.662
0.43548
0.464026
0.662
0.341922
0.0574355
0.311424
0.102688
0.207706
0.113357
0.129557
0.662
0.662
0.662
0.662
0.662
0.662
0.662
0.446507
0.0937461
0.662
0.662
0.662
0.210421
0.137743
0.662
0.662
0.432806
0.662
0.662
0.662
0.662
0.662
0.662
0.662
0.662
0.341926
0.156688
0.662
0.472074
0.107914
0.0926703
0.424066
0.662
0.662
0.270004
0.662
0.662
0.662
0.662
0.0183443
0.662
0.662
0.662
0.43319
0.662
0.262274
0.459759
0.662
0.170953
0.662
0.662
0.517519
0.494018
0.44902
0.150264
0.33867
0.366979
0.662
0.159051
0.22118
0.662
0.662
0.662
0.662
0.662
0.236171
0.662
0.662
0.662
0.0461868
0.662
0.662
0.391077
0.333393
0.662
0.452353
0.662
0.662
0.662
0.321773
0.0668386
0.244342
0.319321
0.431106
0.378897
0.265245
0.662
0.662
0.662
0.261146
0.00224243
0.662
0.662
0.662
0.662
0.473861
0.662
0.662
0.138997
0.662
0.662
0.0781018
0.662
0.417783
0.125283
0.486662
0.662
0.662
0.662
0.662
0.188929
0.662
0.331773
0.113448
0.42217
0.156866
0.0183416
0.100049
0.662
0.662
0.662
0.424394
0.662
0.662
0.662
0.662
0.662
0.662
0.662
0.356405
0.662
0.0132932
0.413094
0.294992
0.365625
0.662
0.476896
0.662
0.662
0.662
0.224627
0.662
0.506659
0.662
0.662
0.662
0.0855354
0.662
0.561888
0.201527
0.662
0.142434
0.662
0.662
0.662
0.411447
0.437273
0.662
0.435109
0.416439
0.662
0.662
0.454818
0.305203
0.283247
0.223018
0.662
0.201436
0.276329
0.654063
0.248105
0.0101496
0.662
0.662
0.451043
0.662
0.662
0.662
0.396928
0.367147
0.335658
0.662
0.227487
0.662
0.662
0.454896
0.310736
0.0356
0.12272
0.662
0.23344
0.662
0.345196
0.347917
0.0893904
0.239137
0.662
0.662
0.662
0.662
0.0535156
0.117202
0.662
0.662
0.458143
0.662
0.662
0.316154
0.662
0.662
0.662
0.165044
0.662
0.662
0.180404
0.291611
0.147671
0.475352
0.662
0.662
0.347508
0.662
0.662
0.435827
0.357195
0.662
0.662
0.662
0.662
0.190312
0.530074
0.612345
0.023274
0.345806
0.662
0.0535741
0.0997325
0.662
0.662
0.0970273
0.662
0.662
0.662
0.217793
0.662
0.146766
0.342288
0.459929
0.266698
0.662
0.662
0.662
0.5155
0.662
0.0704199
0.662
0.452562
0.662
0.662
0.662
0.662
0.662
0.647436
0.662
0.662
0.0292214
0.662
0.437467
0.662
0.662
0.450483
0.28489
0.662
0.0756367
0.304559
0.23138
0.53687
0.662
0.662
0.662
0.662
0.662
0.144689
0.662
0.158908
0.2315
0.662
0.662
0.662
0.0138709
0.662
0.0879804
0.507115
0.662
0.184963
0.662
0.662
0.091033
0.10594
0.181868
0.662
0.0293931
0.662
