0.39686
0.0577006
0.662
0.662
0.662
0.343785
0.662
0.662
0.189209
0.390197
0.535229
0.215602
0.662
0.0969421
0.662
0.662
0.662
0.432288
0.281234
0.227145
0.646316
0.0469422
0.0435812
0.662
0.662
0.237505
0.662
0.209481
0.662
0.662
0.662
0.662
0.662
0.662
0.612375
0.0305939
0.444436
0.402606
0.389838
0.662
0.0716992
0.662
0.302542
0.662
0.385822
0.575326
0.579002
0.662
0.662
0.385637
0.662
0.30327
0.662
0.662
0.407495
0.164361
0.331094
0.192827
0.278224
0.146201
0.431946
0.199207
0.346266
0.662
0.662
0.662
0.193595
0.662
0.45293
0.662
0.630152
0.36915
0.211647
0.144813
0.0775291
0.117254
0.662
0.448479
0.233102
0.662
0.662
0.214311
0.134523
0.202523
0.662
0.11231
0.662
0.662
0.662
0.662
0.629706
0.662
0.662
0.662
0.662
0.455541
0.662
0.662
0.207057
0.662
0.538101
0.662
0.334488
0.17931
0.0153408
0.662
0.320236
0.662
0.662
0.139777
0.662
0.372884
0.662
0.662
0.662
0.662
0.373912
0.205516
0.662
0.662
0.0224018
0.541934
0.372308
0.375693
0.194415
0.662
0.311804
0.515085
0.662
0.493094
0.662
0.662
0.0861184
0.662
0.662
0.3892
0.429853
0.662
0.0490269
0.662
0.316419
0.662
0.217436
0.662
0.358118
0.662
0.662
0.336573
0.662
0.230496
0.662
0.209811
0.427532
0.633391
0.450688
0.0172908
0.397513
0.662
0.0774049
0.431363
0.662
0.350551
0.0486891
0.445731
0.662
0.451065
0.00742493
0.196128
0.662
0.662
0.662
0.662
0.662
0.237105
0.0324416
0.0702668
0.662
0.662
0.424649
0.33028
0.662
0.662
0.143163
0.346154
0.393735
0.662
0.662
0.662
0.662
0.294796
0.380189
0.662
0.662
0.662
0.469081
0.153762
0.662
0.377838
0.279565
0.0875417
0.211589
0.662
0.234409
0.662
0.487695
0.662
0.11882
0.034561
0.189723
0.410823
0.401775
0.183427
0.662
0.662
0.126813
0.0757321
0.422545
0.662
0.0313519
0.532645
0.413403
0.659046
0.278516
0.662
0.662
0.662
0.0440942
0.662
0.662
0.662
0.662
0.662
0.0121821
0.662
0.201753
0.410301
0.662
0.134387
0.662
0.0791268
0.662
0.662
0.662
0.124912
0.662
0.0439748
0.0511559
0.662
0.337647
0.174314
0.662
0.662
0.662
0.301962
0.662
0.0485522
0.662
0.662
0.662
0.662
0.494586
0.662
0.662
0.322472
0.16084
0.157459
0.50926
0.271875
0.134014
0.662
0.662
0.303305
0.241943
0.662
0.662
0.662
0.662
0.59507
0.662
0.662
0.662
0.662
0.662
0.662
0.662
0.662
0.405441
0.662
0.175235
0.662
0.44616
0.662
0.230721
0.662
0.662
0.662
0.201319
0.205292
0.398337
0.442504
0.662
0.662
0.331732
0.6351
0.263749
0.662
0.471282
0.662
0.662
0.662
0.662
0.662
0.169656
0.662
0.662
0.37143
0.662
0.662
0.444793
0.662
0.289726
0.662
0.19035
0.38807
0.311583
0.390823
0.662
0.255756
0.662
0.662
0.662
0.368671
0.543435
0.383373
0.662
0.662
0.159826
0.414202
0.662
0.662
0.662
0.310425
0.476965
0.662
0.424663
0.0851154
0.194669
0.0275305
0.662
0.662
0.662
0.662
0.662
0.662
0.380554
0.31599
0.116066
0.205642
0.0520414
0.662
0.506771
0.662
0.0896262
0.662
0.308265
0.44157
0.062939
0.662
0.417901
0.198599
0.662
0.0617902
0.371296
0.662
0.662
0.46507
0.662
0.0704753
0.2538
0.450848
0.367438
0.384288
0.662
0.662
0.662
0.0656695
0.248077
0.154833
0.452476
0.662
0.662
0.18038
0.0085689
0.100817
0.379591
0.00343842
0.307232
0.662
0.662
0.662
0.156059
0.192581
0.224858
0.662
0.662
0.209854
0.255019
0.662
0.213543
0.0643194
0.662
0.245734
0.0758895
0.662
0.662
0.662
0.23178
0.662
0.662
0.662
0.662
0.662
0.662
0.205029
0.662
0.159599
0.662
0.662
0.320158
0.662
0.43939
0.662
0.372839
0.609113
0.320795
0.662
0.0196888
0.662
0.45116
0.662
0.226175
0.0346326
0.662
0.662
0.662
0.662
0.662
0.363403
0.662
0.662
0.096378
0.662
0.374528
0.0460896
0.365107
0.377811
0.518607
0.662
0.662
0.662
0.113028
0.476579
0.662
0.662
0.662
0.662
0.662
0.662
0.298644
0.662
0.662
0.429431
0.662
0.356519
0.662
0.662
0.662
0.662
0.0193535
0.662
0.662
0.0396984
0.367282
0.662
0.662
0.00318859
0.178361
0.325002
0.0687368
0.662
0.140804
0.662
0.662
0.33728
0.662
0.662
0.466258
0.401765
0.662
0.662
0.106477
0.662
0.662
0.662
0.662
0.352106
0.0329768
0.438138
0.216458
0.060598
0.662
0.662
0.662
0.426144
0.18836
0.108892
0.662
0.662
0.662
0.107031
0.00849142
0.662
0.0737938
0.0405343
0.662
0.180237
0.232246
0.662
0.662
0.662
0.218258
0.662
0.320908
0.662
0.140796
0.232223
0.662
0.662
0.372689
0.662
0.662
0.662
0.662
0.167006
0.662
0.132035
0.489613
0.237791
0.00904825
0.10234
0.662
0.098452
0.437912
0.440805
0.662
0.249913
0.310396
0.463358
0.0283356
0.662
0.161296
0.173121
0.662
0.116784
0.662
0.662
0.494228
0.662
0.662
0.662
0.0739254
0.403554
0.259186
0.200992
0.0919686
0.343643
0.662
0.662
0.662
0.662
0.662
0.160878
0.662
0.301113
0.662
0.662
0.545639
0.252137
0.662
0.662
0.662
0.662
0.450126
0.163443
0.662
0.35316
0.662
0.428291
0.262913
0.282085
0.662
0.195617
0.662
0.466327
0.117138
0.662
0.662
0.662
0.662
0.662
0.662
0.662
0.662
0.662
0.142187
0.662
0.0031803
0.243937
0.662
0.1602
0.648124
0.208476
0.0143313
0.662
0.364326
0.114436
0.258142
0.0525764
0.662
0.662
0.662
0.283241
0.662
0.662
0.297928
0.382255
0.327007
0.41187
0.0420699
0.532847
0.575065
0.662
0.662
0.662
0.662
0.662
0.662
0.377446
0.662
0.662
0.471911
0.40512
0.662
0.662
0.00496654
0.662
0.662
0.0143863
0.662
0.662
0.662
0.431359
0.467566
0.279375
0.662
0.662
0.474778
0.662
0.125014
0.247935
0.124757
0.0655139
0.662
0.662
0.450728
0.662
0.403422
0.662
0.318088
0.662
0.662
0.502709
0.662
0.662
0.562328
0.468447
0.662
0.662
0.168961
0.662
0.662
0.550747
0.164846
0.662
0.662
0.471934
0.662
0.662
0.662
0.549249
0.662
0.662
0.0535976
0.662
0.662
0.662
0.355359
0.662
0.662
0.662
0.207488
0.662
0.140156
0.465186
0.203878
0.153021
0.662
0.242374
0.662
0.662
0.662
0.662
0.662
0.182382
0.218215
0.662
0.662
0.252542
0.662
0.213749
0.662
0.42872
0.662
0.440374
0.662
0.662
0.662
0.662
0.438218
0.34769
0.662
0.333411
0.414771
0.662
0.662
0.224553
0.662
0.338046
0.662
0.0997822
0.272467
0.662
0.662
0.106355
0.648693
0.662
0.466303
0.662
0.662
0.536893
0.662
0.313137
