0.199039
0.189273
0.0617061
0.662
0.149882
0.662
0.662
0.225995
0.0171211
0.401997
0.138069
0.436229
0.662
0.662
0.341494
0.662
0.662
0.662
0.662
0.662
0.662
0.662
0.328236
0.662
0.0226975
0.662
0.662
0.0163229
0.662
0.662
0.662
0.442972
0.18622
0.662
0.368409
0.662
0.662
0.662
0.662
0.662
0.175616
0.662
0.662
0.662
0.179369
0.224865
0.602307
0.443683
0.662
0.33973
0.375755
0.662
0.662
0.662
0.662
0.662
0.187756
0.289064
0.34395
0.506679
0.662
0.662
0.662
0.520466
0.0984771
0.0108417
0.662
0.4472
0.228866
0.662
0.662
0.662
0.396268
0.662
0.662
0.662
0.662
0.662
0.254996
0.087114
0.378529
0.662
0.432955
0.662
0.662
0.662
0.662
0.0433282
0.433992
0.355707
0.243074
0.276733
0.662
0.662
0.251764
0.411637
0.299203
0.662
0.662
0.662
0.0969174
0.191248
0.25537
0.662
0.662
0.065142
0.319231
0.662
0.219776
0.662
0.662
0.662
0.662
0.242066
0.094352
0.217426
0.394699
0.294196
0.201208
0.197917
0.662
0.0537446
0.662
0.662
0.140761
0.00284835
0.662
0.662
0.662
0.662
0.662
0.662
0.662
0.116545
0.41074
0.662
0.343866
0.375662
0.662
0.330093
0.662
0.662
0.252279
0.662
0.662
0.662
0.435833
0.662
0.662
0.662
0.662
0.662
0.662
0.0631514
0.145372
0.192988
0.662
0.662
0.44176
0.662
0.166214
0.245651
0.662
0.662
0.662
0.304953
0.0382627
0.24111
0.143633
0.662
0.43418
0.662
0.373596
0.662
0.323453
0.662
0.307712
0.662
0.662
0.135425
0.120551
0.0569225
0.662
0.662
0.662
0.662
0.349646
0.662
0.662
0.662
0.662
0.662
0.350405
0.450575
0.295634
0.662
0.662
0.206754
0.662
0.662
0.255637
0.662
0.662
0.662
0.221774
0.241243
0.373639
0.662
0.0983789
0.135385
0.00517139
0.662
0.0425393
0.662
0.662
0.662
0.662
0.662
0.662
0.419906
0.228402
0.662
0.662
0.662
0.24386
0.662
0.662
0.243907
0.20582
0.0283854
0.382616
0.390483
0.662
0.662
0.360409
0.662
0.4472
0.0539969
0.662
0.259107
0.662
0.662
0.662
0.662
0.209055
0.662
0.412511
0.371343
0.0534075
0.400449
0.662
0.662
0.662
0.211373
0.662
0.4692
0.464075
0.237304
0.187285
0.662
0.0177635
0.110587
0.662
0.662
0.662
0.361373
0.662
0.662
0.00632982
0.662
0.464481
0.662
0.150832
0.662
0.295817
0.111781
0.662
0.662
0.662
0.344455
0.324224
0.225042
0.099771
0.630101
0.662
0.662
0.662
0.226029
0.662
0.344338
0.662
0.412442
0.662
0.662
0.457867
0.662
0.436587
0.662
0.0808462
0.662
0.662
0.116736
0.662
0.35467
0.662
0.662
0.662
0.524828
0.662
0.422961
0.662
0.357449
0.598397
0.315584
0.662
0.662
0.270456
0.662
0.103786
0.662
0.662
0.354634
0.263564
0.37689
0.141011
0.297882
0.662
0.662
0.662
0.413344
0.417898
0.384752
0.457879
0.452267
0.662
0.662
0.281341
0.662
0.33597
0.662
0.662
0.662
0.662
0.0299526
0.662
0.186148
0.495621
0.0711346
0.323414
0.0586186
0.432126
0.493969
0.662
0.268143
0.662
0.0513726
0.361136
0.141261
0.0697633
0.131513
0.135159
0.662
0.662
0.662
0.263238
0.264932
0.662
0.423816
0.662
0.211397
0.256402
0.662
0.662
0.662
0.0113657
0.662
0.344069
0.662
0.662
0.662
0.445455
0.662
0.662
0.133263
0.203336
0.390319
0.459816
0.275318
0.292555
0.662
0.0747434
0.263265
0.230172
0.662
0.113854
0.662
0.662
0.367258
0.662
0.662
0.181994
0.662
0.422791
0.662
0.662
0.195329
0.60974
0.271017
0.662
0.662
0.662
0.662
0.318211
0.662
0.185027
0.383753
0.662
0.662
0.209126
0.423589
0.335774
0.662
0.662
0.0764952
0.407616
0.662
0.662
0.248072
0.385808
0.662
0.259015
0.33824
0.662
0.662
0.662
0.662
0.299683
0.662
0.219274
0.662
0.15238
0.662
0.662
0.207902
0.662
0.662
0.662
0.662
0.662
0.221978
0.662
0.662
0.201009
0.250599
0.417507
0.662
0.662
0.662
0.662
0.662
0.430253
0.662
0.662
0.662
0.662
0.0134517
0.331498
0.662
0.403892
0.662
0.662
0.297581
0.235069
0.662
0.662
0.0591247
0.662
0.662
0.425524
0.662
0.167817
0.132974
0.662
0.23921
0.662
0.662
0.437901
0.350847
0.662
0.662
0.159026
0.519735
0.261949
0.662
0.440998
0.662
0.0196577
0.226429
0.265594
0.285999
0.662
0.273239
0.662
0.358628
0.662
0.662
0.662
0.662
0.0993171
0.254118
0.662
0.662
0.662
0.0513387
0.662
0.234378
0.144471
0.340315
0.662
0.662
0.225937
0.662
0.275003
0.662
0.662
0.662
0.662
0.0126339
0.0497989
0.662
0.662
0.662
0.520168
0.362041
0.662
0.662
0.662
0.662
0.0279029
0.662
0.662
0.447915
0.165515
0.662
0.662
0.214724
0.662
0.429578
0.122943
0.662
0.662
0.662
0.662
0.139367
0.176085
0.662
0.29677
0.313766
0.426763
0.440746
0.662
0.199268
0.234677
0.30463
0.531274
0.662
0.662
0.441379
0.662
0.662
0.414781
0.349035
0.662
0.662
0.662
0.662
0.662
0.572543
0.662
0.662
0.662
0.229269
0.145203
0.662
0.662
0.209147
0.662
0.662
0.198142
0.100523
0.0744661
0.426777
0.284155
0.447224
0.662
0.662
0.0949106
0.191274
0.142844
0.375031
0.623713
0.662
0.22177
0.409131
0.662
0.662
0.00955044
0.662
0.662
0.0929205
0.662
0.662
0.407909
0.333889
0.662
0.662
0.238388
0.662
0.662
0.32275
0.0146925
0.662
0.662
0.450719
0.436983
0.662
0.662
0.662
0.662
0.341364
0.474716
0.662
0.662
0.662
0.662
0.574937
0.507637
0.143461
0.320912
0.662
0.200404
0.0332187
0.0877666
0.264992
0.0363942
0.662
0.662
0.647426
0.174785
0.127211
0.662
0.662
0.662
0.274011
0.0706733
0.662
0.266261
0.422476
0.149222
0.662
0.317843
0.396216
0.662
0.662
0.662
0.239631
0.662
0.662
0.662
0.662
0.662
0.662
0.397828
0.136439
0.335037
0.662
0.466159
0.283256
0.662
0.036181
0.125516
0.462827
0.274075
0.261147
0.662
0.662
0.319409
0.662
0.220552
0.35956
0.662
0.289276
0.112455
0.350118
0.662
0.460111
0.662
0.662
0.504138
0.662
0.662
0.662
0.662
0.662
0.214418
0.396372
0.662
0.459729
0.662
0.225958
0.329537
0.317862
0.332699
0.662
0.0459027
0.662
0.320556
0.121203
0.662
0.662
0.0268268
0.662
0.365191
0.662
0.662
0.376186
0.392757
0.662
0.662
0.0319829
0.411755
0.662
0.662
0.662
0.224831
0.418487
0.155662
0.662
0.313858
0.662
0.643426
0.662
0.125399
0.0303634
0.327981
0.400147
0.45827
0.662
0.192709
0.662
0.662
0.441743
0.662
0.392867
0.39004
0.034941
0.662
0.314169
0.351478
0.662
0.662
0.0648158
0.146121
0.127801
0.662
0.358468
0.452008
0.662
0.264127
0.662
0.0965077
0.296087
0.662
0.450885
0.222663
0.00570873
0.432666
0.120274
0.662
0.133543
0.662
0.662
0.466554
0.662
0.278461
0.39074
0.662
0.585418
0.662
0.662
0.105548
0.402272
0.449503
0.662
0.662
0.662
0.662
0.447445
0.387762
0.662
0.519313
0.662
0.235857
0.662
0.662
0.467251
0.662
0.0937424
0.469788
0.293363
0.662
0.278183
0.662
0.450063
0.662
0.426516
0.09463
0.662
0.662
0.303475
0.353014
0.10851
0.662
0.662
0.662
0.662
0.175181
0.662
0.662
0.662
0.662
0.134794
0.662
0.662
0.662
0.191621
0.662
0.14501
0.662
0.0285254
0.662
0.662
0.0416975
0.662
0.523702
0.662
0.662
0.662
0.174015
0.662
0.151234
0.389288
0.662
0.332736
0.662
0.215868
0.063674
0.10806
0.662
0.662
0.0832439
0.662
0.662
0.662
0.384714
0.375416
0.373213
0.662
0.662
0.329658
0.451275
0.662
0.662
0.28288
0.662
0.662
0.662
0.662
0.662
0.138321
0.662
0.400415
0.494338
0.662
0.662
0.190649
0.352236
0.172344
0.662
0.662
0.0779119
0.0592876
0.0733765
0.0584978
0.662
0.662
0.662
0.662
0.662
0.662
0.408126
0.662
0.662
0.662
0.245168
0.662
0.485204
0.662
0.284647
0.270806
0.556577
0.662
0.082228
0.662
0.662
0.662
0.461701
0.662
0.662
0.253255
0.662
0.662
0.234355
0.372942
0.644507
0.662
0.662
0.476165
0.662
0.662
0.662
0.186094
0.36881
0.662
0.470203
0.662
0.662
0.662
0.336727
0.662
0.662
0.273097
0.662
0.185488
0.662
0.662
0.466083
0.437436
0.662
0.662
0.662
0.662
0.662
0.662
0.662
0.662
0.662
0.662
0.308023
0.662
0.185863
0.149202
0.360243
0.662
0.662
0.662
0.662
0.290264
0.226607
0.662
0.662
0.662
0.662
0.662
0.662
0.662
0.0607364
0.0871106
0.662
0.380302
0.287539
0.0850942
0.251037
0.393155
0.662
0.662
0.36542
0.662
0.662
0.662
0.140696
0.270544
0.662
0.662
0.662
0.0433003
0.133038
0.440531
0.662
0.662
0.273183
0.162998
0.141566
0.364049
0.361841
0.662
0.253284
0.120078
0.460361
0.662
0.662
0.416481
0.662
0.662
0.662
0.0465426
0.662
0.419862
0.196242
0.0275292
0.662
0.244427
0.353692
0.662
0.662
0.633693
0.154448
0.662
0.242137
0.662
0.662
0.662
0.662
0.447163
0.205074
0.208882
0.219041
0.662
0.662
0.191964
0.388065
0.662
0.485968
0.456925
0.662
0.662
0.37941
0.131741
0.662
0.662
0.511057
0.370026
0.0603563
0.602144
0.450316
0.0302308
0.374503
0.266529
0.488242
0.567077
0.0519703
0.190982
0.662
0.479231
0.166233
0.662
0.125306
0.662
0.662
0.662
0.47054
0.662
0.273586
0.662
0.223568
0.282542
0.616018
0.662
0.662
0.662
0.662
0.662
0.107705
0.274001
0.263911
0.662
0.662
0.0878025
0.662
0.662
0.319982
0.662
0.662
0.414605
0.662
0.229345
0.662
0.662
0.662
0.155953
0.182862
0.303973
0.174213
0.187379
0.662
0.08482
0.662
0.212574
0.080434
0.662
0.662
0.129144
0.662
0.348639
0.079836
0.443069
0.32906
0.662
0.662
0.477464
0.481256
0.662
0.662
0.662
0.662
0.213372
0.39883
0.662
0.0990928
0.297785
0.662
0.662
0.25715
0.128622
0.662
0.0613093
0.473689
0.158568
0.662
0.560192
0.296068
0.662
0.166382
0.662
0.236321
0.662
0.362289
0.662
0.662
0.247696
0.662
0.539099
0.404006
0.662
0.662
0.662
0.662
0.342956
0.28724
0.662
0.662
0.662
0.662
0.124451
0.662
0.0473778
0.0362523
0.0974193
0.662
0.18571
0.662
0.270562
0.662
0.662
0.241501
0.662
0.662
0.367866
0.662
0.662
0.0131213
0.42086
0.409346
0.662
0.662
0.662
0.13145
0.662
0.187088
0.662
0.662
0.307322
0.662
0.662
0.662
0.662
0.662
0.0968718
0.662
0.216279
0.0134597
0.662
0.660038
0.662
0.533213
0.662
0.662
0.662
0.312956
0.330676
0.662
0.662
0.662
0.662
0.0245813
0.662
0.662
0.662
0.0989887
0.167934
0.452937
0.662
0.662
0.662
0.662
0.662
0.662
0.458351
0.662
0.141289
0.662
0.166155
0.0571754
0.662
0.662
0.448162
0.259882
0.662
0.662
0.0671187
0.662
0.662
0.662
0.662
0.662
0.662
0.205808
0.662
0.662
0.662
0.662
0.662
0.662
0.217472
0.662
0.662
0.0383172
0.51385
0.156853
0.317942
0.124857
0.662
0.343418
0.662
0.662
0.0276014
0.19367
0.149394
0.662
0.163452
0.662
0.113084
0.662
0.662
0.662
0.662
0.299374
0.662
0.338804
0.662
0.144427
0.26186
0.662
0.662
0.445048
0.662
0.169475
0.662
0.662
0.662
0.0540038
0.662
0.024668
0.662
0.0415039
0.662
0.662
0.662
0.464638
0.338603
0.662
0.40936
0.392043
0.314665
0.662
0.148892
0.148569
0.662
0.119649
0.662
0.662
0.247568
0.662
0.662
0.44383
0.662
0.205697
0.662
0.46069
0.335655
0.461288
0.662
0.662
0.462437
0.662
0.662
0.662
0.662
0.662
0.662
0.659633
0.42662
0.325102
0.662
0.662
0.662
0.413051
0.437809
0.662
0.138279
0.0561952
0.662
0.662
0.107878
0.662
0.662
0.662
0.0324146
0.432571
0.173362
0.228472
0.233713
0.662
0.662
0.662
0.109799
0.662
0.662
0.662
0.662
0.662
0.662
0.662
0.662
0.662
0.358982
0.252275
0.464347
0.662
0.662
0.134778
0.238647
0.45341
0.662
0.462965
0.476231
0.662
0.198382
0.410397
0.465028
0.0489615
0.487755
0.662
0.347398
0.0451185
0.662
0.213039
0.0791267
0.590049
0.179261
0.662
0.150543
0.356608
0.662
0.412786
0.662
0.662
0.662
0.662
0.662
0.0164485
