0.239586
0.662
0.280633
0.268932
0.662
0.206288
0.662
0.662
0.662
0.61805
0.662
0.662
0.662
0.662
0.171634
0.662
0.360899
0.113976
0.278745
0.0831745
0.091033
0.662
0.662
0.561888
0.208622
0.294992
0.513611
0.662
0.294343
0.662
0.147671
0.237647
0.662
0.662
0.20261
0.168507
0.662
0.462055
0.662
0.290692
0.0879804
0.612345
0.0206865
0.662
0.662
0.373111
0.662
0.572481
0.662
0.662
0.662
0.347508
0.239137
0.130569
0.662
0.0238522
0.217793
0.580383
0.662
0.662
0.0709475
0.183704
0.662
0.295202
0.33207
0.662
0.486615
0.340011
0.191962
0.365927
0.00696848
0.662
0.106082
0.184963
0.43319
0.366979
0.662
0.662
0.662
0.232728
0.150264
0.298908
0.662
0.662
0.477245
0.662
0.0871574
0.662
0.234209
0.662
0.332815
0.466832
0.662
0.221337
0.662
0.0597667
0.284833
0.417783
0.662
0.45786
0.662
0.662
0.662
0.11878
0.662
0.489377
0.5155
0.662
0.662
0.662
0.662
0.371201
0.237296
0.194209
0.404694
0.459759
0.662
0.662
0.662
0.662
0.662
0.647949
0.662
0.662
0.200767
0.25573
0.22898
0.662
0.448109
0.662
0.662
0.662
0.159573
0.433229
0.662
0.397592
0.662
0.662
0.662
0.321713
0.662
0.218714
0.662
0.662
0.662
0.662
0.543816
0.662
0.17889
0.662
0.165092
0.662
0.458143
0.662
0.662
0.662
0.465148
0.662
0.662
0.503971
0.662
0.662
0.0785281
0.0979442
0.653615
0.470655
0.293049
0.662
0.160168
0.662
0.413137
0.273838
0.662
0.313349
0.662
0.662
0.662
0.662
0.218335
0.217037
0.40721
0.662
0.231734
0.323596
0.459535
0.0535741
0.352465
0.662
0.662
0.662
0.167692
0.433352
0.662
0.662
0.0919936
0.662
0.662
0.312103
0.115673
0.662
0.662
0.662
0.662
0.149466
0.662
0.662
0.179508
0.496578
0.662
0.180168
0.662
0.662
0.662
0.20112
0.127047
0.662
0.0306372
0.146915
0.662
0.662
0.662
0.662
0.662
0.155665
0.662
0.63339
0.662
0.662
0.662
0.662
0.662
0.662
0.662
0.359201
0.189762
0.0683308
0.662
0.169793
0.367845
0.112029
0.662
0.662
0.474715
0.662
0.464026
0.662
0.662
0.662
0.354944
0.662
0.446507
0.404634
0.662
0.0126184
0.0893904
0.662
0.0698771
0.662
0.662
0.0398934
0.662
0.662
0.662
0.662
0.371348
0.662
0.432136
0.238181
0.433872
0.192584
0.662
0.662
0.662
0.193766
0.211685
0.132255
0.662
0.424037
0.662
0.662
0.662
0.401484
0.662
0.312537
0.602895
0.260357
0.373722
0.662
0.662
0.662
0.662
0.28489
0.33867
0.662
0.649238
0.662
0.662
0.278783
0.662
0.24573
0.303779
0.483815
0.662
0.0153163
0.293813
0.344434
0.662
0.421016
0.259917
0.662
0.246737
0.293506
0.431106
0.23291
0.388714
0.662
0.662
0.662
0.662
0.662
0.662
0.014739
0.662
0.662
0.662
0.662
0.662
0.147125
0.417381
0.662
0.137076
0.662
0.270004
0.364929
0.346097
0.418807
0.345191
0.255002
0.214908
0.391571
0.335536
0.662
0.662
0.662
0.662
0.662
0.314277
0.662
0.662
0.662
0.662
0.156866
0.147474
0.119702
0.662
0.345196
0.156688
0.452709
0.242851
0.662
0.283127
0.662
0.662
0.557299
0.158577
0.662
0.662
0.662
0.315974
0.662
0.662
0.662
0.662
0.437273
0.662
0.662
0.662
0.0457726
0.473899
0.320597
0.505898
0.0551247
0.195857
0.332998
0.662
0.530074
0.662
0.662
0.662
0.318928
0.469447
0.0545554
0.473495
0.461339
0.41377
0.662
0.562224
0.662
0.638132
0.662
0.662
0.662
0.662
0.201436
0.662
0.662
0.662
0.662
0.662
0.270383
0.662
0.265356
0.662
0.662
0.0781018
0.662
0.662
0.662
0.662
0.0101496
0.276684
0.662
0.263105
0.23133
0.570737
0.226241
0.419384
0.662
0.256222
0.221102
0.255284
0.662
0.391532
0.347917
0.176306
0.662
0.662
0.0832867
0.0330234
0.662
0.420891
0.136219
0.353904
0.348758
0.222858
0.425753
0.662
0.108314
0.331773
0.662
0.393217
0.662
0.428666
0.662
0.662
0.0855354
0.343479
0.467302
0.662
0.662
0.260386
0.484843
0.662
0.422526
0.662
0.662
0.662
0.662
0.662
0.236171
0.662
0.662
0.662
0.662
0.152403
0.170953
0.483072
0.662
0.662
0.338761
0.0213684
0.0824946
0.662
0.107914
0.662
0.23986
0.662
0.662
0.662
0.662
0.306374
0.41149
0.191697
0.662
0.444145
0.662
0.261062
0.473337
0.662
0.662
0.662
0.662
0.662
0.430829
0.662
0.517519
0.214186
0.662
0.662
0.662
0.12235
0.125916
0.43548
0.267602
0.662
0.551695
0.662
0.158191
0.662
0.662
0.662
0.254859
0.230717
0.662
0.662
0.527603
0.232312
0.590813
0.662
0.54503
0.0759953
0.405815
0.207509
0.662
0.365901
0.428754
0.208882
0.226684
0.339535
0.662
0.452487
0.662
0.451582
0.662
0.662
0.662
0.290317
0.0452321
0.662
0.15957
0.427429
0.662
0.662
0.195572
0.662
0.192047
0.0900445
0.219938
0.662
0.455404
0.662
0.662
0.662
0.53687
0.0132932
0.662
0.100727
0.662
0.662
0.474149
0.341922
0.662
0.662
0.0597285
0.662
0.662
0.50749
0.121886
0.662
0.662
0.591052
0.662
0.0251509
0.662
0.662
0.0627001
0.162145
0.662
0.213683
0.050829
0.662
0.126038
0.349086
0.0926703
0.511102
0.15496
0.662
0.0322193
0.138737
0.387744
0.355415
0.13621
0.662
0.662
0.33298
0.0603243
0.662
0.151408
0.662
0.662
0.0997325
0.662
0.023274
0.469077
0.417562
0.279189
0.662
0.205262
0.662
0.662
0.304131
0.662
0.312352
0.515825
0.463155
0.373417
0.0183628
0.662
0.662
0.168873
0.214517
0.662
0.662
0.0469254
0.662
0.662
0.662
0.662
0.662
0.662
0.662
0.662
0.662
0.474819
0.391175
0.101881
0.322186
0.493048
0.662
0.662
0.662
0.168607
0.662
0.662
0.662
0.451043
0.662
0.662
0.27665
0.431679
0.113072
0.662
0.311481
0.385632
0.356405
0.662
0.662
0.662
0.371913
0.391389
0.519371
0.202027
0.662
0.662
0.232266
0.662
0.237055
0.662
0.662
0.662
0.662
0.143004
0.662
0.662
0.239644
0.662
0.662
0.373215
0.662
0.500273
0.253443
0.318953
0.662
0.662
0.054591
0.662
0.311424
0.273068
0.471496
0.319321
0.662
0.0756283
0.23344
0.662
0.662
0.146766
0.138886
0.0133807
0.416439
0.662
0.662
0.0155809
0.0836878
0.662
0.662
0.662
0.0985882
0.662
0.500753
0.662
0.279005
0.662
0.662
0.442326
0.323857
0.303096
0.265245
0.662
0.259767
0.662
0.662
0.417333
0.0372256
0.662
0.662
0.662
0.662
0.662
0.662
0.322413
0.459801
0.662
0.662
0.264067
0.0356958
0.222243
0.142369
0.0422059
0.424066
0.0385937
0.105997
0.189496
0.662
0.0226388
0.662
0.662
0.662
0.228556
0.662
0.662
0.301154
0.425859
0.0591729
0.662
0.342288
0.451213
0.383596
0.0173807
0.662
0.438583
0.662
0.662
0.207706
0.662
0.662
0.480786
0.335068
0.662
0.662
0.169133
0.142434
0.46451
0.662
0.662
0.662
0.662
0.570013
0.23138
0.662
0.662
0.0395712
0.262962
0.662
0.662
0.0832559
0.00580008
0.662
0.662
0.450483
0.30681
0.662
0.216947
0.459952
0.463471
0.662
0.2315
0.662
0.462231
0.662
0.662
0.356103
0.662
0.662
0.00224243
0.662
0.072526
0.442307
0.442925
0.662
0.100049
0.662
0.662
0.604189
0.662
0.662
0.662
0.0799441
0.0789933
0.662
0.206686
0.229278
0.415521
0.662
0.662
0.662
0.662
0.600689
0.397883
0.405628
0.662
0.662
0.0407055
0.0394616
0.475594
0.662
0.194896
0.662
0.662
0.366723
0.662
0.428865
0.662
0.233373
0.662
0.662
0.188096
0.662
0.102688
0.662
0.662
0.662
0.662
0.662
0.22126
0.662
0.662
0.662
0.505187
0.662
0.0516987
0.378966
0.662
0.0805084
0.439293
0.333759
0.180404
0.662
0.203408
0.662
0.662
0.662
0.662
0.464971
0.662
0.0695145
0.662
0.662
0.662
0.662
0.662
0.198569
0.638604
0.368168
0.0110177
0.171855
0.662
0.662
0.354769
0.454896
0.662
0.202723
0.24222
0.662
0.154894
0.662
0.0973785
0.662
0.662
0.474242
0.0292214
0.0028994
0.42217
0.463628
0.662
0.662
0.506906
0.662
0.662
0.249681
0.289288
0.662
0.310736
0.662
0.347442
0.36057
0.254538
0.662
0.662
0.662
0.00184087
0.391077
0.662
0.662
0.647436
0.208879
0.617311
0.662
0.662
0.662
0.662
0.081003
0.0963459
0.410679
0.448902
0.662
0.662
0.662
0.662
0.662
0.498625
0.662
0.195146
0.458038
0.662
0.0139602
0.662
0.662
0.359579
0.662
0.662
0.662
0.388124
0.662
0.159051
0.662
0.662
0.662
0.178835
0.357195
0.662
0.662
0.662
0.662
0.662
0.207461
0.662
0.429722
0.380622
0.185693
0.156645
0.662
0.368755
0.662
0.662
0.662
0.654063
0.23031
0.662
0.202837
0.63339
0.138997
0.264186
0.662
0.662
0.262687
0.662
0.662
0.401136
0.189146
0.662
0.662
0.662
0.662
0.662
0.309686
0.0534814
0.662
0.662
0.662
0.662
0.33776
0.236442
0.662
0.248658
0.662
0.283115
0.662
0.248105
0.0800979
0.61573
0.0985871
0.527459
0.662
0.662
0.266698
0.662
0.388171
0.662
0.332386
0.662
0.0184146
0.0293931
0.28204
0.662
0.450961
0.662
0.662
0.662
0.265733
0.662
0.662
0.662
0.144241
0.396928
0.0862291
0.662
0.662
0.0896533
0.662
0.0991892
0.160218
0.135156
0.190312
0.362624
0.057676
0.298068
0.662
0.262274
0.293366
0.662
0.662
0.662
0.0061624
0.662
0.515419
0.662
0.187421
0.306788
0.328781
0.160761
0.662
0.662
0.662
0.333393
0.662
0.0360227
0.370057
0.199673
0.662
0.0266114
0.408763
0.321773
