0.662
0.109135
0.662
0.138207
0.0163577
0.662
0.662
0.662
0.662
0.284334
0.172077
0.662
0.337913
0.153975
0.633693
0.37696
0.0189462
0.300323
0.205923
0.453694
0.474744
0.373119
0.662
0.662
0.662
0.662
0.662
0.0814933
0.662
0.428312
0.14878
0.662
0.057966
0.662
0.662
0.662
0.662
0.662
0.662
0.662
0.662
0.087225
0.273636
0.519024
0.662
0.0305601
0.266724
0.0300361
0.662
0.662
0.560312
0.662
0.662
0.662
0.0689811
0.662
0.662
0.453355
0.662
0.662
0.662
0.662
0.0120053
0.00536895
0.357013
0.662
0.461344
0.662
0.662
0.662
0.261507
0.662
0.0136638
0.274817
0.662
0.477004
0.662
0.422053
0.662
0.462782
0.228747
0.421476
0.662
0.662
0.42473
0.662
0.662
0.235176
0.0516268
0.662
0.662
0.662
0.432578
0.662
0.0709823
0.325417
0.662
0.437888
0.662
0.662
0.297741
0.662
0.662
0.662
0.323464
0.662
0.633391
0.181967
0.125779
0.0936991
0.662
0.617917
0.625687
0.235007
0.136117
0.496789
0.662
0.144143
0.310106
0.662
0.285478
0.354731
0.662
0.662
0.158948
0.556687
0.0524499
0.233126
0.229829
0.662
0.662
0.595559
0.662
0.26022
0.662
0.662
0.662
0.662
0.662
0.218551
0.662
0.656692
0.662
0.662
0.398614
0.458368
0.420221
0.0029628
0.319828
0.662
0.662
0.122325
0.47754
0.575892
0.662
0.662
0.662
0.311073
0.662
0.0983065
0.662
0.611666
0.131232
0.37434
0.436807
0.452444
0.662
0.152524
0.332041
0.467415
0.0831973
0.662
0.358186
0.0232508
0.11492
0.391032
0.662
0.662
0.388469
0.205154
0.662
0.293287
0.662
0.662
0.662
0.662
0.286967
0.662
0.662
0.662
0.662
0.26588
0.662
0.117196
0.662
0.0446019
0.662
0.275107
0.662
0.230599
0.359484
0.0723225
0.662
0.0348284
0.219919
0.662
0.662
0.143816
0.662
0.406785
0.172886
0.486017
0.357568
0.662
0.662
0.239725
0.662
0.00707704
0.0684351
0.041215
0.662
0.0967895
0.662
0.124474
0.392803
0.0994383
0.263687
0.244028
0.246637
0.289012
0.662
0.235587
0.662
0.0414676
0.130772
0.289966
0.118876
0.229188
0.408625
0.0192412
0.508338
0.662
0.662
0.662
0.248116
0.662
0.662
0.662
0.1038
0.00556861
0.662
0.0539403
0.662
0.127383
0.0247767
0.504769
0.261332
0.662
0.662
0.662
0.354263
0.662
0.297242
0.662
0.662
0.611563
0.662
0.662
0.662
0.662
0.662
0.293723
0.203503
0.662
0.662
0.406393
0.464571
0.662
0.662
0.458002
0.662
0.662
0.384842
0.662
0.662
0.662
0.344653
0.28346
0.284217
0.662
0.227027
0.662
0.662
0.376956
0.662
0.1134
0.164551
0.662
0.662
0.662
0.662
0.421821
0.252102
0.392644
0.366046
0.0858652
0.662
0.211496
0.232952
0.0228136
0.495462
0.182598
0.662
0.23792
0.382513
0.662
0.662
0.420959
0.313616
0.662
0.662
0.0281224
0.662
0.662
0.662
0.288665
0.662
0.00464842
0.00274747
0.257583
0.662
0.662
0.123474
0.662
0.10325
0.662
0.393742
0.363204
0.662
0.662
0.662
0.662
0.169797
0.662
0.662
0.662
0.662
0.0279219
0.662
0.547934
0.0384942
0.662
0.101914
0.662
0.662
0.662
0.662
0.662
0.662
0.330576
0.662
0.0778813
0.662
0.346785
0.662
0.162737
0.439152
0.177837
0.243398
0.662
0.307452
0.662
0.662
0.0615357
0.662
0.662
0.662
0.171709
0.662
0.662
0.662
0.662
0.662
0.339014
0.40983
0.156607
0.662
0.208649
0.662
0.662
0.662
0.662
0.486208
0.36688
0.0142354
0.633694
0.662
0.662
0.662
0.0295325
0.662
0.353271
0.662
0.119639
0.662
0.662
0.222926
0.118901
0.417739
0.0944574
0.572545
0.0405973
0.503044
0.662
0.662
0.662
0.355635
0.662
0.275248
0.662
0.662
0.662
0.662
0.367414
0.662
0.662
0.0540063
0.662
0.662
0.251762
0.471679
0.365566
0.662
0.292519
0.476327
0.662
0.662
0.348888
0.662
0.107323
0.263358
0.662
0.662
0.1526
0.662
0.662
0.32242
0.662
0.662
0.579644
0.289845
0.423118
0.394737
0.133396
0.189901
0.662
0.662
0.662
0.662
0.662
0.662
0.0204641
0.406165
0.440604
0.662
0.662
0.662
0.662
0.662
0.662
0.662
0.662
0.218074
0.188018
0.662
0.662
0.0507045
0.522018
0.478278
0.662
0.662
0.0320524
0.51093
0.374768
0.13318
0.2326
0.117706
0.662
0.163834
0.367323
0.212466
0.14453
0.599218
0.662
0.23059
0.662
0.0249224
0.318596
0.00745947
0.271821
0.662
0.662
0.662
0.247646
0.143961
0.415467
0.421843
0.0783467
0.436232
0.662
0.662
0.662
0.662
0.662
0.0155292
0.662
0.377951
0.441493
0.662
0.10242
0.662
0.662
0.662
0.24597
0.365469
0.438475
0.34302
0.422708
0.283482
0.662
0.461722
0.662
0.662
0.490162
0.662
0.662
0.662
0.662
0.341059
0.662
0.356742
0.662
0.458404
0.217279
0.662
0.662
0.244587
0.662
0.662
0.387847
0.620415
0.662
0.105927
0.662
0.195895
0.243624
0.662
0.259626
0.0381687
0.662
0.24645
0.318155
0.662
0.662
0.662
0.662
0.662
0.181956
0.532885
0.662
0.0113797
0.662
0.662
0.662
0.00866403
0.662
0.272175
0.517538
0.300473
0.652905
0.662
0.333859
0.662
0.63339
0.230633
0.662
0.662
0.235793
0.662
0.662
0.449307
0.662
0.662
0.15197
0.271241
0.234784
0.468963
0.27202
0.662
0.662
0.0175162
0.509854
0.23955
0.357457
0.157897
0.662
0.465196
0.406272
0.227347
0.662
0.662
0.540802
0.629706
0.662
0.662
0.662
0.662
0.662
0.0530502
0.274549
0.662
0.445321
0.117718
0.662
0.0119892
0.152932
0.662
0.0444919
0.662
0.109477
0.662
0.662
0.0868423
0.662
0.662
0.662
0.26551
0.662
0.662
0.2275
0.662
0.662
0.281029
0.190996
0.129433
0.0504057
0.662
0.0853859
0.647539
0.662
0.178357
0.323917
0.662
0.0125917
0.662
0.141103
0.306865
0.0311391
0.662
0.662
0.0346671
0.662
0.662
0.147722
0.662
0.662
0.427877
0.0898153
0.064301
0.000986441
0.662
0.434336
0.252289
0.662
0.662
0.342602
0.662
0.662
0.45744
0.662
0.209815
0.662
0.662
0.662
0.662
0.294036
0.207199
0.286755
0.662
0.386092
0.662
0.662
0.2474
0.662
0.662
0.303869
0.662
0.0997909
0.662
0.662
0.0389533
0.662
0.662
0.231541
0.0917414
0.662
0.149805
0.160988
0.456047
0.00799602
0.126912
0.662
0.662
0.275165
0.662
0.662
0.662
0.662
0.105453
0.0507613
0.0975047
0.452141
0.662
0.662
0.00398532
0.3764
0.130397
0.662
0.276623
0.263358
0.662
0.347299
0.0262487
0.662
0.17369
0.191807
0.0653869
0.0914109
0.130299
0.556704
0.662
0.143908
0.662
0.662
0.662
0.262981
0.345335
0.662
0.101621
0.121173
0.662
0.228291
0.662
0.662
0.54051
0.221552
0.662
0.662
0.662
0.294358
0.662
0.662
0.459477
0.185914
0.0158043
0.662
0.662
0.662
0.655311
0.0640463
0.0550514
0.662
0.414499
0.662
0.112365
0.42982
0.662
0.662
0.0868239
0.662
0.662
0.0167184
0.427506
0.56498
0.662
0.405508
0.339275
0.453471
0.234303
0.662
0.049974
0.12578
0.13497
0.662
0.386847
0.662
0.0761841
0.101991
0.592816
0.662
0.662
0.365455
0.218302
0.0621222
0.662
0.662
0.597956
0.662
0.662
0.00197943
0.302039
0.662
0.662
0.662
0.194678
0.662
0.662
0.342663
0.662
0.662
0.473005
0.204957
0.662
0.332115
0.662
0.662
0.662
0.662
0.662
0.281977
0.133383
0.662
0.662
0.662
0.0194639
0.500537
0.662
0.662
0.662
0.662
0.662
0.662
0.629706
0.466976
0.662
0.662
0.132284
0.187699
0.662
0.158724
0.662
0.662
0.462978
0.662
0.662
0.0253575
0.662
0.568497
0.595492
0.662
0.198155
0.662
0.662
0.662
0.662
0.662
0.662
0.662
0.662
0.126827
0.144674
0.662
0.662
0.424885
0.356574
0.662
0.33082
0.270644
0.204833
0.662
0.662
0.366516
0.146772
0.369369
0.308974
0.662
0.662
0.662
0.0200704
0.0288746
0.662
0.550803
0.662
0.662
0.0513561
0.662
0.441824
0.0698533
0.152285
0.662
0.432763
0.193753
0.377388
0.662
0.634031
0.662
0.662
0.290677
0.138117
0.13686
0.13968
0.662
0.302662
0.662
0.662
0.662
0.662
0.662
0.0891612
0.662
0.662
0.0487175
0.219697
0.662
0.0146616
0.512709
0.439301
0.662
0.662
0.662
0.438412
0.112477
0.662
0.662
0.32799
0.192294
0.47111
0.662
0.340592
0.378467
0.662
0.662
0.22189
0.296387
0.662
0.368385
0.662
0.0521934
0.662
0.0130898
0.662
0.662
0.127561
0.662
0.662
0.662
0.602242
0.373052
0.662
0.0990622
0.44278
0.0102646
0.662
0.662
0.491469
0.371406
0.238245
0.662
0.194907
0.662
0.662
0.0766508
0.431357
0.662
0.662
0.141699
0.397769
0.629763
0.662
0.662
0.0510761
0.662
0.662
0.662
0.354996
0.662
0.440876
0.176462
0.312955
0.662
0.662
0.285937
0.295044
0.463422
0.0433299
0.662
0.311729
0.406028
0.662
0.471662
0.431822
0.0484016
0.414157
0.2035
0.0520029
0.662
0.350994
0.662
0.662
0.662
0.662
0.226149
0.662
0.0791661
0.662
0.662
0.111113
0.206758
0.0137048
0.343464
0.662
0.543524
0.266329
0.662
0.582272
0.343385
0.662
0.662
0.662
0.337889
0.420853
0.644506
0.153188
0.662
0.662
0.0781727
0.00816666
0.662
0.662
0.662
0.662
0.662
0.662
0.662
0.0237721
0.662
0.662
0.662
0.402134
0.662
0.209131
0.233855
0.662
0.252821
0.266393
0.662
0.662
0.662
0.2587
0.380037
0.662
0.662
0.039305
0.662
0.662
0.645475
0.662
0.662
0.662
0.662
0.00102387
0.662
0.662
0.662
0.333066
0.099427
0.662
0.662
0.391563
0.662
0.662
0.662
0.355292
0.662
0.662
0.317875
0.662
0.427991
0.662
0.662
0.662
0.662
0.662
0.418024
0.662
0.398667
0.662
0.619138
0.662
0.662
0.662
0.662
0.662
0.662
0.0336579
0.662
0.244274
0.662
0.475782
0.0106195
0.662
0.662
0.0892688
0.662
0.662
0.53973
0.3937
0.662
0.352713
0.476163
0.173121
0.468612
0.662
0.662
0.395387
0.450147
0.662
0.117007
0.662
0.662
0.0719721
0.0220174
0.662
0.662
0.662
0.315403
0.662
0.287224
0.216562
0.662
0.662
0.380116
0.415511
0.28709
0.662
0.662
0.378663
0.662
0.26056
0.662
0.296278
0.492139
0.662
0.662
0.374867
0.662
0.294143
0.314339
0.662
0.662
0.452802
0.257039
0.193378
0.662
0.31493
0.662
0.662
0.184265
0.662
0.662
0.219761
0.662
0.618267
0.404199
0.662
0.00518899
0.306195
0.662
0.445573
0.662
0.098654
0.662
0.537587
0.0706309
0.662
0.366475
0.662
0.662
0.662
0.499517
0.0818199
0.455146
0.190845
0.384359
0.662
0.662
0.10617
0.3382
0.662
0.23723
0.662
0.662
0.662
0.662
0.421766
0.662
0.662
0.0940959
0.662
0.409471
0.431478
0.662
0.662
0.662
0.662
0.662
0.407354
0.662
0.662
0.662
0.662
0.103018
0.662
0.662
0.662
0.14889
0.662
0.662
0.662
0.115249
0.224873
0.662
0.662
0.324351
0.327095
0.273108
0.662
0.0495186
0.174596
0.662
0.454011
0.662
0.0497303
0.662
0.662
0.435427
0.662
0.662
0.662
0.662
0.662
0.373779
0.662
0.413306
0.354975
0.127284
0.662
