0.457111
0.662
0.187622
0.662
0.662
0.662
0.662
0.662
0.134861
0.662
0.662
0.662
0.662
0.615373
0.00425492
0.662
0.343531
0.662
0.0261855
0.662
0.662
0.662
0.196096
0.264426
0.662
0.662
0.662
0.662
0.458232
0.247291
0.662
0.662
0.662
0.662
0.662
0.13771
0.431731
0.435619
0.0212066
0.662
0.662
0.0351192
0.662
0.390623
0.662
0.556909
0.662
0.225625
0.0713441
0.662
0.662
0.662
0.662
0.12551
0.285369
0.245118
0.12374
0.211284
0.516816
0.284708
0.0105959
0.662
0.662
0.662
0.662
0.662
0.140495
0.662
0.662
0.662
0.662
0.662
0.270391
0.662
0.662
0.662
0.364571
0.662
0.408883
0.662
0.407634
0.662
0.609322
0.662
0.292972
0.662
0.295242
0.662
0.13288
0.662
0.262231
0.662
0.662
0.0886804
0.662
0.662
0.662
0.662
0.662
0.403378
0.369521
0.471247
0.603028
0.662
0.415318
0.662
0.124679
0.662
0.351623
0.365778
0.0891154
0.662
0.662
0.662
0.662
0.528941
0.179545
0.0726331
0.0996761
0.662
0.155608
0.112925
0.0763758
0.4269
0.662
0.662
0.32625
0.381264
0.662
0.477613
0.662
0.323094
0.164714
0.662
0.662
0.0999441
0.662
0.662
0.0623901
0.662
0.662
0.662
0.662
0.349694
0.662
0.662
0.662
0.0171747
0.529229
0.662
0.662
0.662
0.662
0.662
0.135197
0.662
0.662
0.320796
0.268187
0.662
0.662
0.219651
0.115541
0.138873
0.309947
0.441656
0.119929
0.205679
0.662
0.662
0.535213
0.662
0.662
0.662
0.133454
0.662
0.662
0.662
0.437397
0.662
0.348829
0.662
0.662
0.192364
0.52898
0.239353
0.557656
0.662
0.483321
0.662
0.662
0.662
0.341068
0.281364
0.426004
0.662
0.293689
0.662
0.455381
0.377658
0.140117
0.285138
0.138801
0.662
0.294752
0.662
0.662
0.662
0.394746
0.105443
0.662
0.205884
0.662
0.169534
0.662
0.185232
0.662
0.348554
0.662
0.0149419
0.662
0.304551
0.662
0.662
0.645341
0.331552
0.161635
0.189646
0.662
0.662
0.662
0.57334
0.0049306
0.238856
0.388916
0.279287
0.464535
0.480103
0.662
0.197688
0.662
0.190871
0.160718
0.219501
0.13873
0.662
0.0117127
0.662
0.662
0.662
0.100262
0.0677363
0.0739017
0.21053
0.662
0.662
0.290468
0.0585897
0.662
0.662
0.662
0.249788
0.662
0.662
0.662
0.454048
0.662
0.288824
0.662
0.0236939
0.419767
0.659651
0.166044
0.191444
0.476426
0.662
0.662
0.662
0.181176
0.662
0.662
0.257589
0.417512
0.662
0.662
0.662
0.662
0.265582
0.187956
0.662
0.662
0.662
0.468836
0.278358
0.357239
0.662
0.15631
0.662
0.662
0.319419
0.205944
0.662
0.662
0.470894
0.377145
0.662
0.217874
0.367378
0.00304964
0.662
0.403055
0.120683
0.44338
0.620671
0.662
0.377529
0.0375762
0.662
0.662
0.662
0.662
0.285844
0.662
0.662
0.662
0.662
0.662
0.143182
0.078921
0.134054
0.36422
0.662
0.662
0.662
0.432661
0.662
0.264368
0.463006
0.189787
0.662
0.662
0.558313
0.0825651
0.3587
0.662
0.662
0.120534
0.144286
0.662
0.662
0.233552
0.662
0.429313
0.230741
0.40346
0.662
0.313901
0.662
0.662
0.662
0.662
0.468435
0.662
0.662
0.43718
0.306585
0.16204
0.0347293
0.311754
0.662
0.473969
0.258894
0.662
0.662
0.226882
0.662
0.662
0.662
0.662
0.379378
0.662
0.662
0.206074
0.662
0.662
0.32329
0.0608539
0.662
0.213438
0.662
0.662
0.662
0.662
0.662
0.662
0.662
0.662
0.662
0.362954
0.662
0.445526
0.662
0.662
0.129633
0.662
0.376042
0.662
0.331169
0.0678423
0.138176
0.176393
0.662
0.258836
0.308365
0.286333
0.350385
0.319226
0.353006
0.662
0.662
0.662
0.662
0.300188
0.662
0.551513
0.662
0.443286
0.662
0.662
0.236349
0.337825
0.662
0.261809
0.112406
0.662
0.198695
0.662
0.662
0.193376
0.101885
0.662
0.662
0.662
0.0511248
0.456439
0.297934
0.662
0.489682
0.662
0.662
0.662
0.459678
0.662
0.505429
0.662
0.392871
0.662
0.201747
0.662
0.0792474
0.662
0.16655
0.0945128
0.662
0.195603
0.662
0.29814
0.0420221
0.662
0.1871
0.662
0.486067
0.662
0.300263
0.662
0.662
0.662
0.662
0.424915
0.35312
0.662
0.18113
0.662
0.0670207
0.662
0.234786
0.662
0.432938
0.0846217
0.662
0.0959977
0.662
0.373508
0.662
0.662
0.662
0.662
0.662
0.662
0.662
0.376216
0.662
0.221897
0.662
0.662
0.662
0.662
0.211027
0.662
0.662
0.662
0.662
0.662
0.662
0.662
0.27419
0.662
0.388186
0.662
0.662
0.662
0.36833
0.662
0.488437
0.662
0.300319
0.606304
0.662
0.0286986
0.662
0.306772
0.489532
0.662
0.662
0.295284
0.250726
0.662
0.662
0.662
0.295917
0.662
0.662
0.662
0.662
0.662
0.662
0.662
0.662
0.0789404
0.342305
0.662
0.662
0.0686364
0.158586
0.495599
0.662
0.274286
0.662
0.192439
0.206033
0.662
0.328447
0.662
0.662
0.662
0.662
0.662
0.351766
0.298054
0.662
0.497253
0.662
0.171296
0.461644
0.0971219
0.662
0.662
0.662
0.662
0.236386
0.662
0.662
0.246114
0.662
0.662
0.14412
0.218909
0.378235
0.662
0.439411
0.662
0.662
0.662
0.424422
0.0701056
0.662
0.251464
0.662
0.662
0.0814252
0.662
0.0722014
0.662
0.662
0.500546
0.662
0.662
0.662
0.662
0.229233
0.662
0.662
0.453079
0.662
0.404405
0.515078
0.0079654
0.662
0.662
0.662
0.662
0.265626
0.662
0.662
0.121197
0.662
0.662
0.662
0.341281
0.662
0.662
0.155746
0.662
0.662
0.0428393
0.662
0.238839
0.0205042
0.662
0.644621
0.662
0.662
0.662
0.662
0.0832083
0.662
0.456975
0.210838
0.662
0.662
0.368894
0.662
0.662
0.662
0.662
0.662
0.0715305
0.662
0.175284
0.662
0.0643882
0.428689
0.662
0.130368
0.662
0.662
0.32497
0.662
0.0472819
0.662
0.231992
0.662
0.662
0.662
0.662
0.662
0.662
0.162074
0.662
0.662
0.152215
0.325621
0.0724932
0.662
0.662
0.419858
0.0672237
0.131547
0.662
0.28037
0.305476
0.662
0.23178
0.30599
0.516632
0.662
0.0137031
0.0151285
0.0467618
0.493065
0.0140069
0.662
0.662
0.120173
0.441281
0.0361062
0.662
0.0470915
0.185387
0.0964975
0.662
0.374752
0.0516815
0.22876
0.633391
0.352454
0.409778
0.192727
0.662
0.662
0.662
0.662
0.662
0.456194
0.662
0.241964
0.662
0.662
0.163799
0.398343
0.385034
0.0927503
0.229284
