0.662
0.596593
0.662
0.120791
0.0926392
0.472241
0.0654717
0.662
0.662
0.0837389
0.431806
0.463936
0.341951
0.662
0.662
0.00949362
0.47253
0.378311
0.662
0.170561
0.0392074
0.094479
0.112491
0.662
0.662
0.118378
0.098709
0.662
0.662
0.662
0.662
0.662
0.662
0.662
0.662
0.189673
0.662
0.250375
0.662
0.0709645
0.444817
0.117555
0.662
0.662
0.662
0.662
0.662
0.662
0.662
0.662
0.00649621
0.662
0.662
0.662
0.662
0.662
0.391712
0.662
0.662
0.468244
0.662
0.662
0.662
0.240216
0.0600711
0.182472
0.193956
0.662
0.0601174
0.406476
0.662
0.306449
0.662
0.0489735
0.243216
0.121364
0.662
0.453577
0.662
0.350475
0.662
0.662
0.201536
0.662
0.662
0.198337
0.662
0.662
0.662
0.662
0.313827
0.247493
0.4752
0.251662
0.441495
0.021152
0.662
0.662
0.662
0.662
0.662
0.157503
0.248236
0.662
0.325854
0.662
0.662
0.662
0.39578
0.051966
0.169009
0.144216
0.662
0.439431
0.662
0.662
0.662
0.662
0.146066
0.662
0.521485
0.662
0.662
0.467711
0.181693
0.63339
0.000308761
0.662
0.122059
0.662
0.662
0.662
0.265968
0.382092
0.662
0.662
0.501411
0.3921
0.662
0.662
0.0461577
0.193898
0.412586
0.662
0.662
0.133437
0.662
0.662
0.662
0.243714
0.662
0.662
0.23326
0.063077
0.38746
0.662
0.662
0.63339
0.662
0.662
0.186474
0.662
0.662
0.633391
0.300734
0.190665
0.175564
0.0736886
0.323843
0.662
0.650241
0.662
0.0481794
0.662
0.00639962
0.662
0.662
0.195283
0.223224
0.662
0.453211
0.662
0.662
0.662
0.34715
0.351771
0.662
0.0234213
0.0354726
0.38833
0.662
0.662
0.0338127
0.512836
0.0641641
0.662
0.363034
0.476002
0.662
0.662
0.662
0.323459
0.662
0.662
0.14825
0.662
0.0906739
0.662
0.376672
0.309833
0.662
0.477423
0.0116339
0.662
0.457292
0.662
0.662
0.107996
0.220743
0.0697125
0.321908
0.662
0.387636
0.221498
0.269567
0.662
0.662
0.662
0.192745
0.662
0.441982
0.662
0.662
0.662
0.662
0.207165
0.207766
0.662
0.201511
0.662
0.662
0.662
0.662
0.662
0.229324
0.482037
0.196802
0.662
0.0435639
0.662
0.406384
0.662
0.662
0.239787
0.662
0.662
0.537038
0.662
0.662
0.377378
0.662
0.331566
0.393879
0.32282
0.662
0.662
0.0288989
0.427748
0.331828
0.662
0.263876
0.662
0.124012
0.662
0.662
0.662
0.662
0.0136932
0.313124
0.00984394
0.662
0.662
0.662
0.662
0.662
0.662
0.107733
0.662
0.39214
0.281151
0.662
0.662
0.128979
0.662
0.0714647
0.662
0.662
0.662
0.371809
0.662
0.662
0.662
0.662
0.662
0.662
0.662
0.662
0.228001
0.662
0.0781359
0.455515
0.662
0.468034
0.15007
0.44994
0.257401
0.20172
0.201447
0.235222
0.0833412
0.662
0.662
0.433956
0.155591
0.662
0.0517547
0.662
0.435978
0.662
0.662
0.438773
0.662
0.122038
0.662
0.662
0.368327
0.662
0.662
0.433217
0.320902
0.355344
0.415835
0.662
0.662
0.662
0.647616
0.250421
0.234485
0.662
0.662
0.244107
0.662
0.325155
0.662
0.662
0.662
0.662
0.320142
0.662
0.45136
0.420796
0.662
0.206114
0.662
0.240895
0.662
0.00971531
0.662
0.282946
0.662
0.503594
0.331891
0.662
0.662
0.390192
0.662
0.662
0.246521
0.662
0.384259
0.399135
0.662
0.662
0.662
0.662
0.662
0.134843
0.512666
0.411134
0.436416
0.662
0.0554525
0.662
0.366813
0.662
0.662
0.376478
0.662
0.662
0.662
0.662
0.153184
0.427473
0.52807
0.181784
0.662
0.662
0.328334
0.662
0.0103481
0.367078
0.341486
0.662
0.662
0.662
0.662
0.121021
0.662
0.464188
0.662
0.662
0.0897735
0.662
0.662
0.0226468
0.0769543
0.662
0.316652
0.662
0.662
0.662
0.662
0.278749
0.662
0.662
0.662
0.443527
0.0112505
0.662
0.662
0.662
0.361989
0.662
0.108874
0.662
0.662
0.662
0.0711611
0.386673
0.662
0.371201
0.662
0.466235
0.22914
0.144715
0.662
0.48138
0.432214
0.066559
0.383618
0.662
0.450544
0.662
0.32329
0.662
0.662
0.291994
0.662
0.662
0.662
0.322576
0.662
0.662
0.662
0.00517543
0.436315
0.662
0.532523
0.662
0.662
0.662
0.662
0.662
0.662
0.477231
0.662
0.662
0.285542
0.662
0.22257
0.662
0.662
0.662
0.662
0.295537
0.163892
0.662
0.662
0.662
0.662
0.188737
0.418767
0.662
0.0892292
0.662
0.62897
0.43531
0.662
0.662
0.662
0.40303
0.662
0.662
0.662
0.218312
0.0539618
0.662
0.662
0.430809
0.273917
0.662
0.662
0.125453
0.397564
0.662
0.662
0.662
0.386825
0.211809
0.464104
0.160034
0.420828
0.662
0.662
0.662
0.0501779
0.243739
0.312503
0.337789
0.4393
0.662
0.426142
0.662
0.0784512
0.224045
0.662
0.597884
0.32009
0.662
0.293287
0.662
0.224044
0.662
0.131474
0.436313
0.582348
0.662
0.456825
0.662
0.178535
0.662
0.120676
0.662
0.662
0.662
0.662
0.46734
0.662
0.40511
0.347413
0.453181
0.309212
0.662
0.647097
0.662
0.407233
0.662
0.487693
0.662
0.261131
0.0135389
0.0163348
0.449485
0.662
0.363773
0.411807
0.232567
0.662
0.214103
0.438346
0.0892733
0.662
0.662
0.248482
0.662
0.662
0.560519
0.662
0.662
0.314874
0.208001
0.662
0.662
0.0744457
0.662
0.341438
0.0847656
0.282316
0.322314
0.662
0.154799
0.132823
0.304724
0.187921
0.0773996
0.37694
0.0676624
0.662
0.198554
0.662
0.00543808
0.662
0.502671
0.662
0.662
0.257566
0.662
0.370022
0.442169
0.662
0.447657
0.128229
0.117868
0.337237
0.662
0.554842
0.39703
0.662
0.152085
0.662
0.662
0.458883
0.662
0.662
0.405746
0.662
0.238588
0.0197213
0.662
0.09005
0.662
0.624007
0.45458
0.662
0.662
0.662
0.662
0.38871
0.662
0.0717859
0.662
0.662
0.662
0.662
0.454722
0.662
0.662
0.662
0.0898442
0.662
0.662
0.429225
0.662
0.449425
0.662
0.114474
0.662
0.662
0.182319
0.662
0.662
0.0134396
0.444328
0.282107
0.662
0.228649
0.0389517
0.662
0.662
0.662
0.662
0.127821
0.322142
0.301341
0.46952
0.596278
0.662
0.114366
0.662
0.662
0.278375
0.662
0.224591
0.432477
0.662
0.662
0.0412149
0.662
0.0838384
0.367681
0.662
0.662
0.0032293
0.284107
0.662
0.0632049
0.662
0.662
0.662
0.662
0.662
0.662
0.153877
0.662
0.438323
0.0315819
0.0894673
0.427354
0.662
0.662
0.431731
0.190785
0.662
0.20774
0.662
0.662
0.662
0.662
0.662
0.662
0.662
0.662
0.662
0.164977
0.415945
0.242696
0.662
0.662
0.662
0.273559
0.662
0.378404
0.127179
0.662
0.662
0.203286
0.0181494
0.662
0.662
0.252361
0.662
0.662
0.255584
0.662
0.34035
0.395785
0.460481
0.662
0.662
0.0900621
0.662
0.662
0.22791
0.118067
0.662
0.218847
0.0573698
0.60297
0.0948098
0.588406
0.662
0.662
0.662
0.439334
0.662
0.662
0.662
0.662
0.662
0.662
0.0046172
0.46103
0.250419
0.662
0.662
0.386689
0.397689
0.662
0.662
0.171353
0.662
0.662
0.325461
0.662
0.662
0.662
0.662
0.662
0.20577
0.662
0.482831
0.242461
0.662
0.662
0.662
0.414679
0.662
0.508794
0.662
0.662
0.662
0.500888
0.122853
0.662
0.662
0.662
0.378413
0.278924
0.662
0.662
0.662
0.662
0.316377
0.662
0.388664
0.662
0.662
0.193106
0.662
0.662
0.662
0.00501188
0.662
0.662
0.0869816
0.662
0.456505
0.381659
0.662
0.662
0.261403
0.662
0.323185
0.662
0.662
0.322042
0.236374
0.662
0.662
0.662
0.662
0.662
0.659033
0.662
0.662
0.662
0.662
0.244025
0.662
0.662
0.662
0.0236405
0.518309
0.662
0.0446691
0.0757021
0.230635
0.297484
0.43341
0.422104
0.662
0.662
0.662
0.662
0.662
0.662
0.662
0.662
0.662
0.277572
0.662
0.662
0.662
0.662
0.662
0.662
0.401007
0.356736
0.149409
0.662
0.434531
0.662
0.662
0.662
0.0827881
0.0197704
0.662
0.662
0.00768733
0.383225
0.472044
0.0450697
0.409966
0.662
0.662
0.183334
0.662
0.662
0.662
0.132971
0.0265527
0.183074
0.27743
0.223297
0.440813
0.367197
0.662
0.662
0.0644319
0.386164
0.334984
0.662
0.662
0.662
0.0284189
0.114749
0.662
0.220706
0.486075
0.255818
0.662
0.662
0.497792
0.436221
0.662
0.390585
0.662
0.0727033
0.662
0.662
0.215599
0.399583
0.0324905
0.389697
0.452992
0.0309035
0.425954
0.1832
0.662
0.662
0.662
0.662
0.662
0.662
0.0535869
0.662
0.662
0.662
0.662
0.662
0.662
0.0500508
0.357381
0.662
0.662
0.0069133
0.369119
0.105759
0.662
0.368523
0.662
0.662
0.662
0.662
0.662
0.662
0.662
0.0748555
0.662
0.21115
0.141129
0.390849
0.662
0.0593649
0.662
0.662
0.29781
0.199885
0.662
0.32685
0.295376
0.662
0.662
0.662
0.662
0.662
0.662
0.395626
0.662
0.662
0.662
0.203461
0.662
0.662
0.520158
0.662
0.222249
0.662
0.662
0.662
0.662
0.349368
0.110549
0.662
0.662
0.370477
0.662
0.523703
0.662
0.443825
0.662
0.662
0.438156
0.393677
0.662
0.0738584
0.0665069
0.662
0.662
0.662
0.118107
0.334343
0.662
0.662
0.662
0.276879
0.136984
0.662
0.662
0.662
0.662
0.662
0.40558
0.662
0.662
0.138893
0.328969
0.662
0.662
0.662
0.2118
0.662
0.272925
0.187402
0.454743
0.169178
0.204527
0.662
0.15526
0.662
0.662
0.0484215
0.662
0.159
0.662
0.233955
0.662
0.662
0.404511
0.662
0.662
0.662
0.122583
0.541267
0.278661
0.662
0.662
0.36872
0.662
0.276531
0.336267
0.293875
0.662
0.662
0.662
0.0756401
0.486983
0.662
0.662
0.230402
0.662
0.476039
0.662
0.482954
0.384728
0.187147
0.662
0.662
0.662
0.662
0.0398432
0.328543
0.662
0.141305
0.296385
0.662
0.0900049
0.662
0.432349
0.662
0.662
0.383011
0.321675
0.662
0.662
0.143998
0.662
0.074676
0.240756
0.0715193
0.662
0.0255028
0.0597192
0.276245
0.213246
0.0794298
0.662
0.346499
0.662
0.47626
0.419537
0.499655
0.272127
0.130389
0.0505543
0.662
0.295049
0.662
0.0306764
0.434946
0.403965
0.662
0.662
0.0926169
0.662
0.662
0.375967
0.313263
0.239636
0.470281
0.161417
0.662
0.370976
0.662
0.662
0.0931738
0.662
0.150651
0.185181
0.662
0.141074
0.0369142
0.662
0.467835
0.283508
0.662
0.662
0.662
0.662
0.662
0.344656
0.410996
0.662
0.396435
0.401328
0.662
0.355157
0.472253
0.476977
0.662
0.25421
0.662
0.424839
0.662
0.662
0.662
0.662
0.136469
0.662
0.662
0.662
0.662
0.662
0.379155
0.662
0.662
0.429359
0.662
0.662
0.0551112
0.662
0.662
0.662
0.473965
0.662
0.483772
0.0778028
0.358677
0.662
0.387893
0.662
0.662
0.662
0.662
0.662
0.662
0.0755817
0.269698
0.449171
0.662
0.0552702
0.662
0.662
0.208587
0.662
0.662
0.662
0.0620924
0.662
0.173983
0.00775788
0.326802
0.341493
0.662
0.03907
0.421634
0.662
0.243713
0.531904
0.662
0.123836
0.662
0.386689
0.309449
0.450947
0.662
0.662
0.414225
0.193096
0.662
0.662
0.662
0.0204188
0.00411899
0.662
0.0389083
0.23699
0.662
0.133593
0.662
0.255918
0.662
0.122607
0.371377
0.662
0.662
0.0420124
0.662
0.662
0.662
0.439919
0.248576
0.662
0.662
0.662
0.291032
0.327851
0.662
0.408026
0.662
0.662
0.34956
0.151685
0.178545
0.282082
0.662
0.36784
0.662
0.662
0.662
0.260329
0.00332202
0.662
0.662
0.662
0.426909
0.210626
0.0400372
0.662
0.198653
0.36117
0.249028
0.389114
0.662
0.662
0.662
0.0276655
0.662
0.662
0.479386
0.662
0.662
0.662
0.662
0.0944367
0.42421
0.662
0.662
0.662
0.0606723
0.475512
0.391307
0.0895123
0.260588
0.662
0.400273
0.441448
0.0321706
0.443251
0.49415
0.662
0.662
0.352791
0.662
0.460103
0.662
0.662
0.632585
0.394894
0.662
0.467433
0.472237
0.239506
0.40409
0.406498
0.270448
0.662
0.662
0.662
0.662
0.662
0.475662
0.662
0.208423
0.662
0.251343
0.662
0.662
0.662
0.662
0.281175
0.662
0.662
0.662
0.0393468
0.662
0.416218
0.225798
0.270898
0.662
0.397141
0.662
0.662
0.129152
0.190714
0.662
0.662
0.662
0.662
0.186568
0.342423
0.662
0.145904
0.256203
0.338255
0.37775
0.662
0.39846
0.0634398
0.662
0.662
0.662
0.662
0.662
0.166489
0.662
0.662
0.662
0.192183
0.191083
0.662
0.107275
0.662
0.662
0.436113
0.0543383
0.662
0.662
0.469564
0.313537
0.255245
0.166201
0.662
0.662
0.662
0.662
0.662
0.0895641
0.366947
0.394837
0.214193
0.378789
0.662
0.0300187
0.232668
0.662
0.0601704
0.662
0.281028
0.173518
0.31423
0.239109
0.662
0.662
0.203313
0.316283
0.662
0.314302
0.662
0.662
0.209555
0.10937
0.662
0.387585
0.429425
0.662
0.42758
0.127163
0.331197
0.160028
0.445385
0.662
0.662
0.18337
0.0280092
0.662
0.662
0.0815408
0.662
0.662
0.042006
0.304205
0.373585
0.662
0.662
0.247069
0.0699226
0.23125
0.169259
0.662
0.662
0.662
0.662
0.662
0.662
0.0311093
0.375766
0.121144
0.414284
0.322182
0.289076
0.447693
0.305147
0.177042
0.662
0.186684
0.56586
0.662
0.413811
0.292991
0.662
0.662
0.662
0.385162
0.433926
0.662
0.662
0.0808652
0.380251
0.662
0.390503
0.662
0.385427
0.385005
0.300194
0.0736403
0.662
0.224242
0.335829
0.662
0.662
0.662
0.623327
0.469919
0.662
0.423762
0.360989
0.221925
0.365911
0.662
0.510828
0.662
0.662
0.222993
0.662
0.662
0.381247
0.420616
0.164843
0.180816
0.662
0.29543
0.291026
0.0213691
0.219646
0.201865
0.662
0.237861
0.662
0.270797
0.274951
0.0901392
0.662
0.662
0.232966
0.662
0.662
0.318158
0.662
0.575662
0.662
0.542235
0.662
0.191769
0.662
0.662
0.216198
0.102904
0.31664
0.662
0.0159639
0.503845
0.662
0.662
0.417524
0.662
0.277592
0.33338
0.168739
0.221984
0.662
0.662
0.316175
0.662
0.662
0.499062
0.662
0.278359
0.387092
0.388748
0.441795
0.662
0.332173
0.662
0.662
0.662
0.365658
0.00846165
0.662
0.662
0.662
0.662
0.662
0.394953
0.662
0.12926
0.662
0.662
0.195679
0.615354
0.662
0.181986
0.662
0.662
0.662
0.662
0.263678
0.662
0.124981
0.331349
0.662
0.662
0.493262
0.460164
0.303011
0.662
0.279933
0.259787
0.326678
0.274784
0.662
0.662
0.418862
0.662
0.441397
0.223537
0.662
0.662
0.662
0.662
0.210258
0.662
0.662
0.662
0.400426
0.465528
0.472392
0.354147
0.662
0.662
0.030966
0.45815
0.195249
0.662
0.0226837
0.662
0.662
0.295108
0.256283
0.0211611
0.662
0.38473
0.458614
0.451787
0.21192
0.662
0.573891
0.662
0.662
0.662
0.662
0.42307
0.662
0.201703
0.662
0.662
0.202716
0.121966
0.0678797
0.662
0.662
0.662
0.662
0.0449097
0.662
0.662
0.662
0.662
0.256407
0.0960093
0.662
0.0537044
0.427566
0.662
0.662
0.448894
0.662
0.279792
0.304415
0.662
0.135687
0.285035
0.399855
0.280194
0.662
0.383631
0.00131586
0.196682
0.311555
0.137449
0.662
0.662
0.662
0.44109
0.662
0.662
0.662
0.662
0.662
0.662
0.662
0.144139
0.297578
0.662
0.267933
0.662
0.0416102
0.00469121
0.662
0.662
0.662
0.662
0.662
0.201174
0.662
0.370426
0.0241048
0.662
0.662
0.441836
0.419987
0.662
0.0941629
0.064348
0.142049
0.662
0.251444
0.145821
0.615493
0.662
0.0887531
0.662
0.358586
0.247488
0.662
0.261342
0.662
0.230678
0.662
0.662
0.662
0.662
0.662
0.447591
0.399881
0.0876823
0.662
0.0988802
0.265841
0.476865
0.4716
0.429881
0.662
0.455887
0.245865
0.662
0.204839
0.662
0.662
0.662
0.662
0.662
0.188238
0.662
0.442034
0.091827
0.662
0.209918
0.662
0.662
0.228475
0.0963121
0.662
0.00580444
0.0170404
0.409204
0.662
0.461417
0.662
0.662
0.662
0.662
0.552603
0.300473
0.160686
0.662
0.57012
0.662
0.220758
0.454314
0.662
0.454279
0.662
0.662
0.476549
0.114099
0.42625
0.219074
0.662
0.662
0.662
0.662
0.662
0.662
0.662
0.662
0.662
0.402892
0.0670914
0.662
0.193328
0.662
0.662
0.391115
0.662
0.0287642
0.0143992
0.21943
0.294171
0.662
0.662
0.662
0.662
0.662
0.662
0.325662
0.357731
0.662
0.267204
0.247209
0.662
0.529585
0.662
0.662
0.176473
0.144238
0.421353
0.253014
0.235198
0.235825
0.338599
0.494551
0.662
0.662
0.119566
0.662
0.311733
0.169184
0.502219
0.662
0.129936
0.662
0.0675502
0.17282
0.220299
0.662
0.446037
0.662
0.662
0.32698
0.0336788
0.662
0.662
0.00800187
0.385607
0.170191
0.662
0.0668972
0.538064
0.126908
0.662
0.662
0.24051
0.353581
0.00133228
0.662
0.382263
0.374766
0.219792
0.662
0.181837
0.662
0.254883
0.662
0.662
0.662
0.662
0.662
0.136295
0.0380127
0.0175421
0.662
0.30873
0.474015
0.662
0.662
0.662
0.662
0.542405
0.400169
0.662
0.662
0.662
0.662
0.218109
0.662
0.00909149
0.662
0.00088454
0.662
0.662
0.662
0.596705
0.662
0.662
0.662
0.662
0.662
0.662
0.662
0.662
0.662
0.255174
0.228548
0.662
0.534666
0.290041
0.471283
0.418553
0.662
0.610321
0.662
0.353336
0.662
0.458656
0.424854
0.662
0.662
0.662
0.662
0.662
0.662
0.257284
0.662
0.0343531
0.662
0.0849127
0.183181
0.335737
0.0166136
0.147644
0.662
0.348537
0.0885086
0.313536
0.199749
0.185407
0.662
0.46638
0.439024
0.662
0.662
0.442107
0.662
0.662
0.376078
0.662
0.662
0.476652
0.662
0.662
0.662
0.124996
0.662
0.133188
0.662
0.245427
0.0977397
0.0203998
0.662
0.662
0.662
0.370366
0.662
0.662
0.456533
0.35709
0.12853
0.662
0.662
0.662
0.323007
0.415063
0.413552
0.0936275
0.0285665
0.662
0.662
0.662
0.421803
0.662
0.356644
0.662
0.662
0.374225
0.662
0.0623441
0.419921
0.662
0.662
0.662
0.662
0.662
0.00827842
0.322101
0.662
0.662
0.0521754
0.662
0.662
0.454682
0.662
0.186446
0.662
0.164682
0.174222
0.0422256
0.335794
0.248323
0.55187
0.662
0.100066
0.149308
0.460099
0.662
0.662
0.140745
0.662
0.412632
0.662
0.662
0.16499
0.662
0.120524
0.662
0.662
0.662
0.0311474
0.318992
0.0399009
0.662
0.662
0.662
0.370259
0.662
0.662
0.662
0.662
0.458979
0.662
0.662
0.272613
0.300422
0.485884
0.662
0.662
0.662
0.662
0.662
0.662
0.662
0.219097
0.464263
0.399677
0.652151
0.060641
0.185165
0.413411
0.303023
0.662
0.169011
0.662
0.628982
0.662
0.662
0.662
0.662
0.662
0.250886
0.223205
0.0480552
0.236998
0.662
0.662
0.302528
0.464916
0.662
0.39848
0.662
0.651443
0.662
0.216873
0.662
0.145155
0.371905
0.662
0.662
0.662
0.137228
0.662
0.238478
0.662
0.662
0.662
0.662
0.662
0.662
0.116775
0.513459
0.662
0.662
0.0372843
0.662
0.662
0.662
0.20313
0.154741
0.483734
0.424934
0.200552
0.662
0.534377
0.109897
0.570915
0.183188
0.39983
0.470351
0.662
0.304143
0.662
0.63339
0.341988
0.662
0.662
0.662
0.662
0.406316
0.419014
0.294245
0.227239
0.662
0.662
0.049459
0.662
0.160471
0.0172265
0.0321796
0.216861
0.662
0.662
0.249936
0.165156
0.662
0.447281
0.662
0.662
0.662
0.662
0.662
0.662
0.662
0.208381
0.662
0.188167
0.662
0.662
0.662
0.0494241
0.662
0.0235579
0.0624207
0.662
0.29098
0.662
0.0384361
0.465832
0.662
0.457714
0.662
0.662
0.495514
0.662
0.662
0.662
0.177906
0.662
0.662
0.662
0.662
0.662
0.382667
0.662
0.662
0.261521
0.422614
0.662
0.279108
0.662
0.420884
0.662
0.361095
0.662
0.662
0.662
0.310616
0.335942
0.475911
0.662
0.662
0.662
0.255273
0.662
0.106817
0.662
0.662
0.662
0.22131
0.234881
0.54006
0.662
0.662
0.0822828
0.186602
0.109579
0.299075
0.228503
0.662
0.122762
0.662
0.662
0.662
0.0783711
0.662
0.43668
0.0264207
0.392751
0.662
0.240314
0.662
0.662
0.662
0.662
0.0667443
0.662
0.662
0.662
0.662
0.662
0.662
0.662
0.662
0.152596
0.435471
0.662
0.383098
0.662
0.0319747
0.0484079
0.175651
0.116922
0.0482647
0.310881
0.464907
0.662
0.383859
0.662
0.662
0.354204
0.662
0.662
0.662
0.372674
0.240716
0.662
0.662
0.662
0.16816
0.662
0.286172
0.662
0.662
0.306507
0.662
0.42029
0.25544
0.662
0.00548741
0.313606
0.0762388
0.662
0.326892
0.662
0.216345
0.662
0.140493
0.662
0.557368
0.215554
0.662
0.662
0.451088
0.32193
0.491789
0.662
0.179442
0.161409
0.662
0.0596985
0.662
0.662
0.00838265
0.662
0.662
0.662
0.662
0.662
0.253222
0.0448747
0.418438
0.409322
0.237682
0.0983992
0.10089
0.662
0.0774939
0.662
0.203988
0.662
0.471071
0.662
0.0267027
0.662
0.34103
0.662
0.378857
0.180657
0.150254
0.0636206
0.175858
0.662
0.469699
0.0601701
0.392111
0.662
0.407983
0.662
0.515871
0.285767
0.662
0.459865
0.316156
0.248548
0.331574
0.662
0.290732
0.662
0.662
0.662
0.662
0.662
0.245
0.662
0.662
0.13768
0.162777
0.662
0.662
0.23212
0.662
0.449803
0.385227
0.662
0.662
0.662
0.662
0.662
0.662
0.488999
0.109455
0.662
0.218054
0.662
0.662
0.0451545
0.0449865
0.662
0.34382
0.662
0.662
0.32202
0.662
0.662
0.662
0.337671
0.662
0.248195
0.662
0.662
0.434989
0.358552
0.229952
0.662
0.662
0.662
0.0331024
0.45816
0.662
0.15176
0.662
0.662
0.257452
0.662
0.662
0.662
0.0436144
0.662
0.641819
0.192714
0.303204
0.662
0.662
0.662
0.662
0.662
0.662
0.662
0.465035
0.421872
0.569608
0.662
0.0669133
0.0748462
0.550439
0.662
0.283939
0.662
0.119529
0.409208
0.662
0.515637
0.662
0.662
0.0344402
0.0838171
0.662
0.662
0.662
0.0488439
0.0740363
0.0334316
0.34325
0.662
0.117036
0.662
0.662
0.314393
0.662
0.662
0.548015
0.0624321
0.173538
0.662
0.397839
0.662
0.662
0.445454
0.0119653
0.193679
0.490881
0.662
0.113827
0.637864
0.105872
0.239554
0.662
0.662
0.181497
0.662
0.355022
0.375235
0.662
0.587843
0.423392
0.662
0.662
0.662
0.662
0.410216
0.662
0.662
0.0108603
0.404757
0.662
0.126691
0.353475
0.662
0.0929255
0.662
0.169912
0.47637
