0.310781
0.662
0.662
0.662
0.662
0.23183
0.3991
0.483457
0.662
0.0218043
0.603028
0.662
0.430691
0.453875
0.662
0.662
0.274286
0.179545
0.495599
0.662
0.546566
0.160493
0.398343
0.392863
0.214064
0.662
0.163799
0.662
0.279287
0.662
0.662
0.662
0.00341332
0.0649212
0.19964
0.662
0.458554
0.06085
0.417512
0.0944538
0.0409377
0.662
0.405953
0.415318
0.656979
0.281644
0.662
0.154255
0.254215
0.57334
0.341323
0.348829
0.662
0.311156
0.328914
0.365778
0.662
0.250143
0.645341
0.0805297
0.662
0.662
0.662
0.662
0.339414
0.311754
0.662
0.662
0.662
0.662
0.270391
0.472116
0.662
0.305129
0.313855
0.662
0.662
0.662
0.662
0.662
0.662
0.214377
0.662
0.105443
0.445526
0.474349
0.469899
0.662
0.211394
0.662
0.662
0.288345
0.662
0.0516815
0.662
0.0387997
0.662
0.662
0.662
0.662
0.662
0.133057
0.412643
0.400922
0.225921
0.3587
0.662
0.662
0.358954
0.662
0.461644
0.595699
0.145745
0.575089
0.662
0.662
0.662
0.40855
0.662
0.056841
0.662
0.662
0.662
0.480164
0.662
0.662
0.662
0.342305
0.449454
0.662
0.0996761
0.256755
0.196699
0.415628
0.239941
0.662
0.15287
0.662
0.0420221
0.662
0.662
0.475086
0.662
0.662
0.662
0.662
0.662
0.662
0.662
0.662
0.662
0.603561
0.109278
0.662
0.429313
0.251464
0.28753
0.662
0.662
0.0205042
0.662
0.662
0.297934
0.295242
0.606304
0.662
0.662
0.662
0.662
0.204531
0.662
0.662
0.662
0.662
0.662
0.662
0.0578807
0.558402
0.662
0.218909
0.463006
0.381427
0.662
0.168055
0.35434
0.40346
0.662
0.662
0.465906
0.414958
0.662
0.190316
0.662
0.43718
0.662
0.620671
0.482724
0.662
0.131424
0.662
0.662
0.496587
0.662
0.368894
0.662
0.662
0.361301
0.0105959
0.662
0.662
0.0789404
0.662
0.222917
0.662
0.0493904
0.662
0.249788
0.662
0.300188
0.662
0.662
0.235008
0.582584
0.662
0.662
0.662
0.134476
0.0502145
0.415637
0.662
0.662
0.407799
0.436269
0.662
0.662
0.662
0.662
0.662
0.662
0.662
0.662
0.426004
0.367951
0.662
0.483321
0.123763
0.662
0.169194
0.662
0.662
0.0796284
0.00118115
0.662
0.662
0.662
0.454048
0.662
0.369392
0.662
0.662
0.198401
0.229298
0.137925
0.17969
0.246114
0.662
0.139388
0.453272
0.662
0.0806948
0.119766
0.662
0.662
0.351623
0.662
0.662
0.155608
0.662
0.662
0.0979637
0.160332
0.0227419
0.662
0.662
0.662
0.184568
0.662
0.662
0.662
0.662
0.465831
0.662
0.351482
0.0715305
0.662
0.662
0.284965
0.316014
0.662
0.266539
0.295459
0.0753286
0.662
0.267377
0.662
0.0242951
0.662
0.662
0.0858601
0.662
0.662
0.662
0.662
0.25966
0.662
0.662
0.662
0.662
0.662
0.662
0.662
0.199554
0.29842
0.662
0.662
0.284708
0.662
0.205527
0.494855
0.0709157
0.662
0.236866
0.171296
0.0999441
0.662
0.662
0.662
0.0686364
0.662
0.662
0.32077
0.0672237
0.193074
0.419767
0.285844
0.662
0.662
0.662
0.662
0.342513
0.662
0.662
0.662
0.00258006
0.205679
0.31103
0.159351
0.444301
0.295284
0.402907
0.384281
0.662
0.662
0.662
0.0237494
0.536099
0.662
0.47036
0.313268
0.278358
0.0910028
0.344437
0.276022
0.146939
0.662
0.0361062
0.133454
0.408871
0.493424
0.230332
0.662
0.662
0.0164729
0.662
0.662
0.662
0.169088
0.321149
0.662
0.0463021
0.662
0.662
0.212987
0.662
0.662
0.392871
0.662
0.202425
0.662
0.236356
0.44391
0.662
0.662
0.662
0.25774
0.150452
0.210838
0.409385
0.246801
0.233392
0.321614
0.412798
0.20517
0.135197
0.662
0.297944
0.662
0.662
0.118812
0.305281
0.107162
0.662
0.133808
0.197562
0.662
0.662
0.0249619
0.0261855
0.224174
0.662
0.662
0.662
0.421454
0.662
0.404953
0.231992
0.662
0.167155
0.22199
0.309947
0.662
0.662
0.662
0.662
0.662
0.662
0.662
0.662
0.312508
0.12551
0.243956
0.662
0.662
0.0945128
0.662
0.662
0.375315
0.662
0.35367
0.662
0.393341
0.176499
0.662
0.0814252
0.662
0.104423
0.662
0.0136937
0.662
0.662
0.511076
0.662
0.468435
0.547906
0.662
0.3618
0.0151285
0.216112
0.662
0.395647
0.296156
0.662
0.662
0.183165
0.0801396
0.381105
0.550448
0.662
0.662
0.662
0.662
0.662
0.662
0.166943
0.0832083
0.662
0.662
0.290533
0.320796
0.210766
0.0692627
0.662
0.662
0.662
0.662
0.427032
0.662
0.662
0.0120661
0.46723
0.0109528
0.354754
0.662
0.229233
0.662
0.662
0.662
0.662
0.662
0.662
0.662
0.468546
0.431939
0.662
0.662
0.477613
0.662
0.662
0.424915
0.559093
0.206074
0.363392
0.662
0.662
0.662
0.207352
0.662
0.0221311
0.662
0.662
0.101885
0.13249
0.662
0.497253
0.662
0.662
0.662
0.662
0.103233
0.32497
0.238839
0.662
0.354418
0.089952
0.193768
0.662
0.662
0.662
0.662
0.175284
0.177036
0.349558
0.662
0.662
0.662
0.170501
0.258858
0.226326
0.0694505
0.229284
0.662
0.271748
0.145211
0.381609
0.151241
0.333625
0.662
0.47728
0.662
0.662
0.662
0.281364
0.217969
0.280449
0.662
0.662
0.662
0.662
0.662
0.358381
0.245589
0.469645
0.662
0.662
0.0231436
0.662
0.662
0.306585
0.662
0.319814
0.180262
0.662
0.662
0.662
0.662
0.172672
0.432938
0.0410717
0.662
0.662
0.662
0.662
0.358495
0.662
0.342422
0.078921
0.662
0.662
0.662
0.252997
0.193376
0.312003
0.057487
0.326801
0.662
0.52898
0.662
0.461021
0.376216
0.0347293
0.411737
0.103293
0.662
0.662
0.662
0.0481088
0.662
0.662
0.0476781
0.355228
0.662
0.0151214
0.662
0.0287377
0.662
0.662
0.29814
0.662
