0.662
0.380942
0.662
0.662
0.342469
0.662
0.476858
0.662
0.319814
0.662
0.662
0.662
0.444265
0.403716
0.662
0.662
0.662
0.331876
0.211394
0.662
0.323521
0.662
0.662
0.0658867
0.662
0.662
0.662
0.438685
0.662
0.250862
0.334779
0.373993
0.662
0.662
0.662
0.662
0.527143
0.662
0.143823
0.120534
0.376762
0.662
0.355912
0.662
0.662
0.578414
0.0117127
0.275718
0.662
0.662
0.139325
0.662
0.662
0.13095
0.00524836
0.662
0.0420221
0.662
0.662
0.662
0.362048
0.18637
0.662
0.662
0.662
0.662
0.662
0.662
0.17413
0.662
0.505429
0.662
0.16792
0.662
0.662
0.662
0.662
0.416727
0.662
0.252697
0.0686364
0.440359
0.662
0.152259
0.598616
0.662
0.662
0.444242
0.295559
0.662
0.662
0.466618
0.662
0.34123
0.122713
0.662
0.662
0.37395
0.662
0.662
0.556644
0.662
0.298054
0.662
0.662
0.160737
0.662
0.662
0.662
0.253199
0.662
0.32329
0.662
0.435199
0.531127
0.662
0.662
0.662
0.662
0.058985
0.403055
0.662
0.122584
0.112406
0.662
0.662
0.0678423
0.662
0.0849846
0.154255
0.662
0.662
0.434498
0.662
0.201512
0.441263
0.662
0.260585
0.662
0.662
0.412638
0.238094
9.69455e-06
0.662
0.662
0.662
0.662
0.364027
0.194166
0.662
0.272199
0.662
0.662
0.662
0.662
0.150212
0.0615643
0.662
0.662
0.662
0.662
0.165165
0.293079
0.325662
0.662
0.415174
0.662
0.662
0.0742398
0.0590077
0.194746
0.619001
0.446313
0.662
0.119352
0.662
0.572906
0.206575
0.662
0.662
0.0736057
0.662
0.662
0.662
0.141341
0.340192
0.662
0.662
0.423832
0.662
0.662
0.662
0.14412
0.662
0.567746
0.662
0.662
0.662
0.264137
0.662
0.662
0.0959977
0.662
0.220074
0.297948
0.578247
0.662
0.662
0.418053
0.662
0.353409
0.38658
0.662
0.662
0.198064
0.662
0.23499
0.330514
0.43757
0.248341
0.171107
0.129875
0.189322
0.0910028
0.662
0.662
0.378676
0.662
0.0250192
0.637563
0.662
0.13001
0.47201
0.662
0.428181
0.662
0.662
0.131117
0.662
0.247366
0.662
0.633391
0.134861
0.662
0.662
0.662
0.417469
0.138873
0.444055
0.234689
0.160718
0.662
0.402891
0.662
0.263137
0.321266
0.662
0.662
0.662
0.0531301
0.662
0.457769
0.310818
0.374746
0.19817
0.395701
0.0539012
0.25876
0.313901
0.0654273
0.662
0.662
0.417722
0.662
0.662
0.18113
0.662
0.194747
0.368893
0.662
0.475592
0.450435
0.268187
0.277736
0.662
0.324664
0.517551
0.662
0.143896
0.662
0.148597
0.662
0.662
0.662
0.354883
0.227347
0.662
0.662
0.662
0.233887
0.662
0.437892
0.662
0.236245
0.139388
0.662
0.439515
0.662
0.322986
0.46115
0.255322
0.120144
0.662
0.662
0.615373
0.662
0.662
0.662
0.365477
0.280543
0.662
0.163386
0.662
0.662
0.401463
0.0256179
0.662
0.434083
0.415771
0.662
0.314767
0.448759
0.662
0.476396
0.461515
0.0960578
0.662
0.177137
0.662
0.662
0.662
0.303788
0.130368
0.662
0.662
0.662
0.662
0.662
0.0815642
0.00666071
0.662
0.138176
0.662
0.662
0.662
0.106358
0.410258
0.662
0.652381
0.63802
0.662
0.450696
0.436653
0.662
0.662
0.392833
0.662
0.662
0.662
0.662
0.662
0.662
0.62882
0.21182
0.662
0.177961
0.662
0.0763758
0.125986
0.662
0.310312
0.520109
0.359028
0.662
0.39524
0.326941
0.392745
0.662
0.65002
0.516545
0.145611
0.662
0.662
0.283298
0.662
0.662
0.380151
0.662
0.566434
0.443251
0.662
0.662
0.276109
0.662
0.00799461
0.662
0.288897
0.662
0.477179
0.383351
0.319419
0.379933
0.148036
0.662
0.662
0.662
0.662
0.364571
0.11285
0.662
0.0753286
0.662
0.662
0.0939871
0.18701
0.662
0.662
0.338683
0.662
0.227537
0.662
0.662
0.662
0.056034
0.662
0.352454
0.373508
0.205944
0.662
0.662
0.662
0.0379839
0.150826
0.662
0.662
0.662
0.429194
0.662
0.402474
0.662
0.170774
0.285729
0.2629
0.662
0.369521
0.557006
0.152215
0.452564
0.662
0.662
0.662
0.662
0.287626
0.304717
0.662
0.662
0.662
0.662
0.357239
0.477724
0.629706
0.662
0.257519
0.393341
0.31437
0.404405
0.202939
0.662
0.662
0.273653
0.662
0.0261855
0.383423
0.662
0.662
0.154136
0.662
0.662
0.387379
0.450285
0.195146
0.41646
0.662
0.417387
0.662
0.315998
0.662
0.332471
0.399196
0.662
0.377145
0.383283
0.312425
0.662
0.662
0.209457
0.662
0.662
0.375667
0.662
0.197152
0.0656603
0.249162
0.662
0.662
0.662
0.662
0.0739017
0.662
0.233062
0.117068
0.264857
0.662
0.327159
0.662
0.390411
0.662
0.49541
0.662
0.227167
0.380143
0.662
0.662
0.662
0.0537403
0.00141373
0.289066
0.662
0.662
0.662
0.222235
0.409578
0.662
0.416924
0.662
0.352592
0.662
0.662
0.662
0.662
0.645341
0.662
0.662
0.168687
0.0111965
0.662
0.310377
0.0952071
0.0361473
0.318524
0.171582
0.662
0.662
0.662
0.432521
0.0679314
0.662
0.662
0.0792474
0.662
0.662
0.660607
0.662
0.259918
0.123101
0.662
0.662
0.662
0.037449
0.421384
0.662
0.476084
0.662
0.662
0.098654
0.662
0.662
0.450304
0.28037
0.149756
0.336891
0.662
0.662
0.474233
0.29313
0.662
0.662
0.662
0.662
0.436079
0.662
0.662
0.662
0.274996
0.662
0.279564
0.413043
0.662
0.662
0.662
0.662
0.662
0.662
0.5564
0.587836
0.662
0.17912
0.662
0.553589
0.151791
0.350129
0.662
0.169071
0.662
0.331932
0.173797
0.43174
0.360263
0.662
0.662
0.662
0.662
0.662
0.662
0.180944
0.0424791
0.662
0.662
0.497345
0.0073316
0.224518
0.0869702
0.662
0.158586
0.662
0.497284
0.662
0.215791
0.648598
0.662
0.0718458
0.662
0.662
0.403176
0.662
0.662
0.662
0.152703
0.662
0.662
0.342681
0.662
0.662
0.453748
0.417615
0.662
0.662
0.662
0.190396
0.0214195
0.114055
0.322302
0.662
0.662
0.31571
0.662
0.662
0.662
0.43432
0.662
0.662
0.662
0.662
0.343763
0.662
0.26192
0.0726754
0.662
0.00675423
0.662
0.103411
0.662
0.486067
0.30599
0.662
0.495528
0.662
0.23962
0.662
0.305145
0.662
0.187632
0.0348581
0.662
0.662
0.662
0.0825651
0.534734
0.0855788
0.0648979
0.662
0.662
0.662
0.662
0.662
0.662
0.662
0.0999715
0.662
0.023991
0.0478175
0.296222
0.181836
0.662
0.662
0.14839
0.219168
0.210197
0.662
0.376192
0.0209203
0.349946
0.311023
0.105895
0.101662
0.662
0.301969
0.0191485
0.662
0.329562
0.662
0.662
0.255157
0.662
0.662
0.662
0.662
0.170501
0.662
0.219501
0.377747
0.188866
0.662
0.662
0.17569
0.662
0.0598605
0.251326
0.662
0.448218
0.662
0.662
0.282206
0.415908
0.662
0.662
0.662
0.289205
0.466972
0.662
0.662
0.662
0.662
0.662
0.314957
0.662
0.277211
0.280471
0.662
0.662
0.485281
0.184488
0.662
0.286209
0.662
0.264614
0.344457
0.136498
0.662
0.662
0.438002
0.349694
0.662
0.588495
0.0704011
0.662
0.161635
0.662
0.187622
0.286954
0.662
0.341281
0.662
0.662
0.662
0.119929
0.146939
0.38907
0.662
0.461644
0.123621
0.595361
0.348671
0.662
0.0438044
0.36833
0.0877343
0.662
0.662
0.662
0.400529
0.662
0.662
0.662
0.662
0.46072
0.662
0.618485
0.440979
0.662
0.0425848
0.167662
