0.662
0.0166531
0.662
0.662
0.662
0.279024
0.0692627
0.340072
0.662
0.0914115
0.0109528
0.246801
0.662
0.0672237
0.662
0.662
0.468546
0.662
0.662
0.222382
0.662
0.42662
0.206993
0.662
0.662
0.662
0.391681
0.255228
0.662
0.662
0.264426
0.662
0.29814
0.22199
0.662
0.474065
0.347859
0.662
0.198673
0.455507
0.662
0.662
0.00661069
0.0728993
0.662
0.662
0.662
0.12551
0.662
0.0136937
0.0796284
0.662
0.662
0.0205042
0.0463021
0.662
0.141764
0.662
0.662
0.662
0.662
0.0409209
0.662
0.137925
0.662
0.218936
0.662
0.356697
0.662
0.662
0.583643
0.662
0.662
0.662
0.662
0.662
0.662
0.415318
0.466304
0.226882
0.662
0.449454
0.236356
0.662
0.662
0.316014
0.662
0.662
0.0269207
0.110025
0.662
0.662
0.662
0.662
0.620671
0.662
0.662
0.0814252
0.367951
0.662
0.662
0.662
0.662
0.662
0.662
0.25966
0.205527
0.662
0.662
0.415637
0.0801396
0.475086
0.240834
0.662
0.0227419
0.375315
0.127101
0.662
0.290063
0.28753
0.110696
0.662
0.662
0.22631
0.662
0.662
0.106124
0.404821
0.662
0.662
0.369392
0.662
0.441767
0.662
0.662
0.0578807
0.662
0.474349
0.662
0.662
0.662
0.084761
0.0792474
0.662
0.619001
0.355817
0.662
0.662
0.662
0.606304
0.374869
0.229233
0.662
0.662
0.0649212
0.23183
0.662
0.19964
0.0813193
0.121671
0.218909
0.024114
0.662
0.662
0.662
0.277814
0.497253
0.41989
0.662
0.662
0.36444
0.190316
0.193074
0.662
0.662
0.381105
0.3587
0.226326
0.662
0.326801
0.662
0.424837
0.662
0.536438
0.662
0.662
0.662
0.0286986
0.468435
0.662
0.662
0.348312
0.662
0.662
0.271661
0.0927619
0.0387997
0.662
0.0999441
0.338926
0.0151214
0.379
0.662
0.662
0.662
0.358954
0.662
0.662
0.662
0.662
0.662
0.662
0.342422
0.662
0.662
0.662
0.323706
0.662
0.662
0.161158
0.240616
0.662
0.662
0.398433
0.456954
0.0762354
0.325074
0.247367
0.0360707
0.662
0.662
0.662
0.662
0.662
0.365778
0.662
0.454048
0.662
0.662
0.662
0.662
0.662
0.662
0.361724
0.089952
0.662
0.662
0.662
0.662
0.330802
0.473121
0.310781
0.209935
0.223222
0.662
0.662
0.386575
0.483321
0.662
0.0995099
0.0806948
0.662
0.056841
0.662
0.662
0.662
0.662
0.0693081
0.662
0.475118
0.0694505
0.662
0.412643
0.662
0.577667
0.118812
0.662
0.205679
0.339414
0.0151285
0.199026
0.662
0.128676
0.361663
0.431469
0.662
0.47036
0.662
0.662
0.112261
0.367685
0.662
0.662
0.662
0.465831
0.662
0.279287
0.662
0.311156
0.662
0.662
0.145071
0.662
0.167155
0.662
0.395647
0.296156
0.231122
0.662
0.415628
0.662
0.662
0.662
0.662
0.40346
0.458221
0.662
0.662
0.662
0.264086
0.252346
0.662
0.281364
0.662
0.258858
0.615085
0.662
0.662
0.487956
0.662
0.0858601
0.421291
0.193376
0.419808
0.463006
0.229298
0.662
0.662
0.662
0.662
0.662
0.662
0.336379
0.492119
0.662
0.662
0.662
0.662
0.662
0.389519
0.662
0.662
0.0382824
0.17969
0.662
0.662
0.17383
0.662
0.662
0.495599
0.0215436
0.662
0.00341332
0.662
0.227662
0.193768
0.120173
0.662
0.662
0.396633
0.440029
0.0919207
0.0171747
0.0805297
0.662
0.662
0.212987
0.471454
0.662
0.662
0.662
0.342632
0.168055
0.662
0.662
0.155608
0.662
0.662
0.662
0.662
0.662
0.313696
0.662
0.662
0.662
0.480484
0.313855
0.662
0.662
0.412915
0.43718
0.662
0.662
0.526116
0.662
0.411737
0.294953
0.662
0.281644
0.309947
0.662
0.466407
0.146939
0.662
0.52898
0.0745936
0.536099
0.662
0.662
0.135197
0.63339
0.662
0.147535
0.251464
0.662
0.662
0.295284
0.145618
0.32497
0.321573
0.662
0.133454
0.662
0.662
0.22481
0.662
0.662
0.662
0.168036
0.409385
0.662
0.31103
0.358381
0.662
0.217969
0.662
0.414958
0.662
0.00258006
0.0650439
0.199895
0.662
0.662
0.402907
0.662
0.662
0.404953
0.173684
0.305281
0.662
0.662
0.589484
0.181176
0.662
0.662
0.0218043
0.662
0.662
0.662
0.145211
0.662
0.662
0.662
0.662
0.662
0.662
0.45761
0.103293
0.662
0.0448852
0.662
0.662
0.145745
0.662
0.662
0.662
0.662
0.662
0.35367
0.662
0.662
0.662
0.662
0.266539
0.249788
0.358495
0.426004
0.662
0.662
0.662
0.0832083
0.181453
0.662
0.291023
0.662
0.662
0.662
0.662
0.662
0.662
0.20517
0.662
0.343134
0.0409377
0.662
0.374924
0.419767
0.204531
0.662
0.650506
0.197562
0.199554
0.662
0.304127
0.662
0.469645
0.609079
0.662
0.192104
0.662
0.662
0.662
0.234676
0.0502145
0.281491
0.354754
0.202425
0.662
0.662
0.399126
0.662
0.0511248
0.0692401
0.662
0.662
0.0114071
0.662
0.26192
0.662
0.396784
0.662
0.146502
0.662
0.662
0.101885
0.656979
0.662
0.662
0.662
0.662
0.403176
0.662
0.0658616
0.662
0.662
0.386692
0.348829
0.078921
0.662
0.355228
0.662
0.662
0.662
0.662
0.662
0.124129
0.231992
0.300188
0.229284
0.662
0.662
0.662
0.381427
0.662
0.338614
0.13249
0.303486
0.662
0.662
0.29842
0.662
0.662
0.296476
0.662
0.662
0.662
0.662
0.662
0.662
0.662
0.662
0.183165
0.417512
0.461644
0.662
0.662
0.0347293
0.288345
0.662
0.244587
