0.0892656
0.662
0.662
0.662
0.469028
0.520785
0.430043
0.662
0.662
0.00081305
0.662
0.662
0.0617068
0.0496959
0.662
0.397127
0.435697
0.329669
0.662
0.417034
0.503217
0.24645
0.662
0.363283
0.293009
0.662
0.0563133
0.467287
0.662
0.0689439
0.313379
0.662
0.662
0.662
0.258381
0.567028
0.18233
0.166961
0.484115
0.662
0.662
0.0638612
0.662
0.260075
0.662
0.662
0.128009
0.662
0.662
0.662
0.445079
0.329779
0.662
0.662
0.161929
0.662
0.662
0.436479
0.662
0.662
0.00452404
0.662
0.662
0.628595
0.662
0.662
0.662
0.13318
0.662
0.597051
0.117417
0.356817
0.450991
0.647119
0.662
0.662
0.0766116
0.407739
0.662
0.662
0.458351
0.662
0.162663
0.228291
0.662
0.334947
0.0920119
0.662
0.662
0.662
0.569649
0.474851
0.0893856
0.662
0.255494
0.203343
0.662
0.356446
0.662
0.270225
0.0862973
0.459307
0.360483
0.662
0.602844
0.012006
0.662
0.662
0.277806
0.662
0.662
0.0972942
0.662
0.23585
0.662
0.243942
0.662
0.117999
0.435581
0.274874
0.662
0.662
0.326393
0.662
0.227723
0.662
0.662
0.200688
0.662
0.39331
0.632053
0.662
0.17651
0.123507
0.456002
0.0118051
0.662
0.662
0.322943
0.662
0.662
0.299517
0.404161
0.662
0.0774505
0.662
0.346086
0.662
0.240939
0.662
0.169566
0.662
0.662
0.255841
0.662
0.268852
0.450548
0.379409
0.662
0.305971
0.14661
0.393632
0.662
0.662
0.662
0.662
0.662
0.662
0.662
0.577471
0.228747
0.662
0.246815
0.301004
0.0115388
0.0418177
0.662
0.662
0.662
0.662
0.662
0.662
0.336343
0.662
0.00859676
0.662
0.662
0.0833183
0.161073
0.662
0.662
0.662
0.662
0.46673
0.662
0.662
0.662
0.374704
0.662
0.256809
0.662
0.662
0.662
0.662
0.0348284
0.662
0.662
0.662
0.662
0.42026
0.662
0.662
0.662
0.662
0.662
0.292988
0.124168
0.662
0.662
0.0525104
0.662
0.662
0.662
0.130033
0.372565
0.443187
0.185771
0.178119
0.662
0.0821459
0.404712
0.662
0.662
0.470775
0.662
0.340845
0.115679
0.173443
0.386675
0.0709628
0.662
0.662
0.662
0.662
0.240758
0.662
0.662
0.127327
0.662
0.662
0.356994
0.662
0.548903
0.460782
0.662
0.662
0.367979
0.420959
0.152227
0.0694903
0.662
0.0379234
0.662
0.260042
0.195704
0.45582
0.390486
0.662
0.662
0.438107
0.25286
0.550629
0.662
0.149365
0.229423
0.63339
0.662
0.662
0.662
0.0496605
0.662
0.118439
0.281622
0.461065
0.0153564
0.662
0.412885
0.153798
0.211436
0.662
0.179313
0.662
0.662
0.347168
0.662
0.164383
0.17196
0.365837
0.0829741
0.170607
0.161377
0.19121
0.662
0.662
0.662
0.0163577
0.662
0.662
0.662
0.662
0.381003
0.662
0.662
0.470378
0.0367581
0.525402
0.238947
0.0173162
0.297143
0.35719
0.338497
0.662
0.426432
0.455377
0.662
0.662
0.0255137
0.662
0.662
0.662
0.662
0.662
0.662
0.180962
0.662
0.228185
0.454011
0.662
0.662
0.254024
0.047184
0.662
0.662
0.662
0.0613655
0.662
0.662
0.300148
0.662
0.135825
0.662
0.662
0.251255
0.662
0.563741
0.662
0.0620763
0.662
0.37511
0.662
0.662
0.662
0.13686
0.185984
0.431319
0.475399
0.662
0.392443
0.662
0.637825
0.354922
0.104003
0.662
0.277925
0.149965
0.414416
0.662
0.308614
0.319556
0.662
0.130236
0.662
0.54466
0.662
0.314332
0.662
0.0587429
0.662
0.178755
0.257335
0.662
0.662
0.662
0.662
0.662
0.00114005
0.662
0.12651
0.192584
0.352922
0.662
0.662
0.662
0.292738
0.662
0.185394
0.662
0.346772
0.653554
0.243052
0.662
0.662
0.662
0.662
0.30848
0.398828
0.385464
0.412266
0.439426
0.662
0.662
0.231204
0.122185
0.662
0.334693
0.662
0.218662
0.429533
0.37058
0.662
0.286894
0.662
0.204833
0.228953
0.254564
0.662
0.0868423
0.437246
0.662
0.335349
0.0964697
0.00396636
0.190835
0.662
0.438294
0.662
0.155011
0.662
0.172284
0.662
0.662
0.0614806
0.662
0.454529
0.183226
0.662
0.662
0.662
0.662
0.662
0.662
0.662
0.25038
0.185761
0.466109
0.662
0.00861328
0.384772
0.194925
0.662
0.271031
0.662
0.662
0.0172421
0.381119
0.0749219
0.662
0.429476
0.662
0.662
0.130891
0.662
0.662
0.662
0.390181
0.662
0.429487
0.467991
0.662
0.475673
0.662
0.662
0.662
0.186875
0.662
0.662
0.662
0.451301
0.662
0.662
0.662
0.662
0.662
0.347701
0.243219
0.28812
0.662
0.662
0.662
0.662
0.436196
0.349753
0.662
0.260132
0.464772
0.634894
0.662
0.227299
0.662
0.662
0.662
0.662
0.662
0.410355
0.662
0.662
0.662
0.410759
0.662
0.246839
0.32449
0.662
0.662
0.662
0.662
0.225062
0.589794
0.662
0.662
0.662
0.280766
0.0189462
0.662
0.662
0.285771
0.662
0.00889288
0.170903
0.180764
0.109215
0.662
0.662
0.0927786
0.424953
0.465214
0.476579
0.662
0.364127
0.436984
0.24597
0.662
0.662
0.0400059
0.662
0.662
0.662
0.446815
0.374966
0.40779
0.517092
0.357693
0.408216
0.469477
0.0469434
0.662
0.0113797
0.662
0.662
0.311093
0.662
0.042145
0.662
0.330547
0.662
0.0585133
0.184347
0.662
0.662
0.662
0.473705
0.0394202
0.072978
0.662
0.662
0.662
0.662
0.662
0.662
0.378493
0.05784
0.177116
0.662
0.662
0.662
0.466453
0.662
0.225304
0.388961
0.163244
0.0188795
0.662
0.0185271
0.390829
0.24
0.352701
0.662
0.662
0.662
0.662
0.662
0.662
0.422667
0.662
0.101909
0.0493855
0.662
0.662
0.662
0.409039
0.662
0.662
0.621305
0.126763
0.210412
0.450614
0.662
0.662
0.662
0.662
0.349092
0.662
0.118901
0.435899
0.662
0.662
0.298188
0.662
0.662
0.129707
0.662
0.662
0.650761
0.213769
0.46027
0.219676
0.388895
0.662
0.662
0.304255
0.12944
0.370004
0.452993
0.662
0.662
0.173443
0.662
0.0579004
0.301992
0.0346671
0.662
0.248712
0.292101
0.514924
0.662
0.662
0.662
0.0723809
0.197403
0.662
0.104565
0.662
0.185542
0.662
0.271716
0.662
0.662
0.662
0.662
0.662
0.662
0.662
0.396531
0.662
0.662
0.486439
0.662
0.394013
0.0349839
0.0430617
0.662
0.662
0.662
0.562879
0.662
0.662
0.662
0.116146
0.256704
0.130801
0.662
0.662
0.662
0.118918
0.225768
0.340592
0.439595
0.662
0.662
0.0964603
0.345646
0.662
0.300115
0.183115
0.662
0.662
0.0831973
0.0707945
0.662
0.476855
0.662
0.662
0.233339
0.0669229
0.629948
0.662
0.45647
0.662
0.662
0.044733
0.662
0.322559
0.286855
0.0140391
0.302248
0.662
0.662
0.29182
0.662
0.614505
0.236165
0.662
0.662
0.662
0.662
0.243978
0.662
0.662
0.214425
0.153187
0.460566
0.662
0.662
0.662
0.662
0.662
0.662
0.662
0.662
0.370671
0.662
0.662
0.662
0.370983
0.662
0.662
0.281427
0.517279
0.662
0.182698
0.168238
0.423782
0.437886
0.609391
0.418641
0.662
0.662
0.662
0.195836
0.452863
0.662
0.108043
0.31141
0.51428
0.253668
0.662
0.662
0.448409
0.662
0.187611
0.450194
0.662
0.662
0.662
0.662
0.11968
0.0329946
0.662
0.296308
0.416929
0.662
0.494861
0.662
0.405849
0.297231
0.0818728
0.662
0.0535117
0.240896
0.662
0.662
0.662
0.267071
0.662
0.28099
0.662
0.662
0.272586
0.313319
0.662
0.0669717
0.662
0.662
0.0508661
0.662
0.414455
0.662
0.180688
0.662
0.210941
0.662
0.662
0.662
0.662
0.662
0.662
0.46487
0.662
0.662
0.540938
0.160167
0.662
0.662
0.662
0.662
0.184032
0.210565
0.662
0.548096
0.662
0.662
0.662
0.126859
0.662
0.662
0.002787
0.662
0.662
0.662
0.436191
0.133774
0.348282
0.473935
0.662
0.385002
0.107373
0.00775179
0.0134183
0.312867
0.328528
0.662
0.267822
0.662
0.662
0.127485
0.662
0.662
0.662
0.662
0.537383
0.662
0.662
0.662
0.662
0.662
0.260178
0.4349
0.662
0.315289
0.168495
0.662
0.662
0.125116
0.662
0.40974
0.433737
0.324485
0.317861
0.662
0.662
0.414202
0.0977353
0.0484281
0.207428
0.204376
0.662
0.209704
0.662
0.662
0.662
0.662
0.662
0.662
0.352191
0.461296
0.662
0.662
0.162678
0.662
0.662
0.662
0.414712
0.662
0.662
0.662
0.148283
0.662
0.0842178
0.662
0.662
0.508438
0.662
0.662
0.176057
0.662
0.662
0.212219
0.662
0.0311596
0.145461
0.662
0.207737
0.662
0.31938
0.662
0.662
0.662
0.467735
0.662
0.157589
0.662
0.662
0.662
0.662
0.662
0.347783
0.662
0.53082
0.112011
0.662
0.176865
0.245843
0.234081
0.662
0.0365566
0.662
0.141052
0.662
0.361086
0.662
0.662
0.662
0.272175
0.662
0.662
0.469985
0.662
0.0605552
0.662
0.662
0.253867
0.662
0.0966418
0.147964
0.383494
0.662
0.201867
0.662
0.662
0.662
0.389397
0.644119
0.135944
0.57102
0.0376112
0.256816
0.360242
0.662
0.662
0.662
0.662
0.135731
0.662
0.379214
0.43668
0.662
0.662
0.662
0.468442
0.662
0.0940959
0.460353
0.202982
0.662
0.662
0.308761
0.399352
0.662
0.662
0.0900043
0.143259
0.662
0.662
0.0948981
0.662
0.197747
0.32754
0.37563
0.662
0.662
0.662
0.662
0.0751367
0.662
0.36069
0.280585
0.345784
0.662
0.350994
0.662
0.662
0.662
0.314624
0.453294
0.177478
0.10336
0.662
0.662
0.662
0.662
0.0340423
0.116879
0.662
0.396952
0.0542747
0.662
0.633694
0.662
0.0745462
0.662
0.662
0.0253575
0.398498
0.344532
0.00280782
0.449193
0.662
0.03735
0.510925
0.477152
0.662
0.662
0.662
0.662
0.141698
0.436413
0.63339
0.662
0.662
0.278469
0.0167184
0.662
0.662
0.359177
0.38976
0.217806
0.662
0.474864
0.00338427
0.662
0.257167
0.662
0.662
0.262068
0.662
0.265322
0.662
0.662
0.662
0.662
0.294356
0.662
0.256026
0.359408
0.24899
0.201746
0.662
0.662
0.662
0.662
0.471662
0.662
0.162865
0.0584727
0.662
0.213362
0.662
0.662
0.662
0.187433
0.662
0.662
0.662
0.662
0.662
0.481022
0.222274
0.662
0.662
0.0343766
0.662
0.355967
0.662
0.355395
0.428963
0.0807858
0.662
0.50252
0.445861
0.662
0.461307
0.411678
0.60677
0.662
0.662
0.529124
0.662
0.254539
0.0853744
0.379256
0.280841
0.284924
0.662
0.475508
0.662
0.662
0.454509
0.662
0.466095
0.662
0.303004
0.187594
0.662
0.131538
0.662
0.0473659
0.662
0.512756
0.662
0.662
0.662
0.311792
0.662
0.662
0.662
0.374915
0.0929948
0.384648
0.662
0.351471
0.662
0.266906
0.45666
0.662
0.662
0.662
0.337071
0.662
0.662
0.662
0.662
0.466655
0.662
0.0324806
0.662
0.424661
0.238846
0.451218
0.662
0.662
0.0540675
0.145335
0.474179
0.662
0.0292934
0.662
0.237397
0.662
0.662
0.662
0.375889
0.662
0.662
0.0137048
0.33256
0.462206
0.662
0.087225
0.468881
0.447843
0.473016
0.662
0.0844427
0.662
0.662
0.452607
0.662
0.126178
0.0387534
0.662
0.382166
0.290263
0.398378
0.662
0.662
0.662
0.662
0.235923
0.212342
0.336219
0.446957
0.0189687
0.502583
0.549698
0.344924
0.117432
0.380172
0.662
0.662
0.662
0.0372805
0.390826
0.662
0.209131
0.662
0.662
0.662
0.0103384
0.245255
0.268772
0.287198
0.662
0.662
0.471679
0.268812
0.126691
0.662
0.662
0.662
0.662
0.662
0.190685
0.068501
0.425307
0.277547
0.347577
0.662
0.25217
0.360205
0.662
0.185782
0.662
0.209171
0.314557
0.662
0.655806
0.662
0.662
0.252691
0.22602
0.662
0.0459693
0.662
0.0716011
0.662
0.662
0.420442
0.662
0.311707
0.662
0.121755
0.662
0.662
0.662
0.662
0.662
0.0689811
0.085854
0.662
0.662
0.662
0.662
0.212958
0.344036
0.662
0.360256
0.279921
0.662
0.46974
0.662
0.662
0.457047
0.662
0.0955296
0.662
0.662
0.662
0.662
0.00291125
0.617392
0.0425588
0.127116
0.216563
0.662
0.662
0.662
0.452266
0.00913554
0.426031
0.387891
0.662
0.57168
0.662
0.616296
0.662
0.0195015
0.594186
0.0428387
0.662
0.662
0.662
0.662
0.662
0.512073
0.435064
0.662
0.662
0.662
0.662
0.37159
0.392566
0.436566
0.408553
0.662
0.0159606
0.662
0.0826265
0.662
0.277009
0.662
0.470569
0.330478
0.662
0.484409
0.662
0.0494776
0.662
0.0217831
0.662
0.198613
0.232952
0.662
0.354599
0.498295
0.180307
0.662
0.662
0.469828
0.409057
0.272066
0.662
0.662
0.430242
0.469305
0.12011
0.662
0.662
0.662
0.662
0.662
0.107749
0.662
0.430748
0.199345
0.662
0.347794
0.662
0.0419673
0.322751
0.662
0.662
0.662
0.662
0.662
0.662
0.662
0.662
0.662
0.299824
0.662
0.662
0.662
0.117332
0.662
0.662
0.662
0.662
0.662
0.0490975
0.662
0.116008
0.0344683
0.0288213
0.189123
0.280607
0.100844
0.0308905
0.47615
0.662
0.662
0.662
0.662
0.662
0.303946
0.662
0.103974
0.662
0.662
0.662
0.119243
0.662
0.459474
0.232851
0.301384
0.662
0.320957
0.450679
0.63367
0.662
0.010814
0.345566
0.662
0.238638
0.662
0.662
0.062837
0.0658761
0.461814
0.425807
0.322387
0.099553
0.662
0.662
0.00109355
0.18491
0.662
0.422275
0.530109
0.662
0.271107
0.662
0.662
0.385434
0.662
0.662
0.662
0.154421
0.354055
0.00764009
0.662
0.662
0.662
0.662
0.0858609
0.0682118
0.0323541
0.375943
0.171854
0.0783467
0.447561
0.662
0.319041
0.457779
0.662
0.476163
0.14327
0.662
0.252784
0.662
