0.47036
0.662
0.234435
0.662
0.662
0.402085
0.415318
0.251464
0.0914115
0.662
0.662
0.662
0.662
0.662
0.662
0.662
0.662
0.396784
0.0871772
0.101885
0.206167
0.662
0.662
0.662
0.315316
0.662
0.662
0.662
0.0999441
0.168055
0.662
0.137925
0.662
0.662
0.662
0.662
0.156578
0.662
0.662
0.216371
0.249378
0.22481
0.662
0.391681
0.662
0.662
0.0286986
0.114289
0.662
0.662
0.305281
0.662
0.662
0.662
0.415637
0.26192
0.415628
0.662
0.344437
0.662
0.36444
0.662
0.662
0.662
0.662
0.178507
0.662
0.662
0.662
0.250143
0.662
0.313268
0.662
0.662
0.662
0.662
0.29814
0.662
0.662
0.662
0.662
0.295284
0.662
0.0409377
0.204531
0.379
0.458554
0.662
0.662
0.662
0.419767
0.246801
0.279287
0.168036
0.205674
0.662
0.0578807
0.662
0.217969
0.662
0.474349
0.662
0.205679
0.662
0.662
0.358954
0.662
0.662
0.189472
0.662
0.662
0.662
0.662
0.662
0.662
0.662
0.0481088
0.168639
0.169194
0.662
0.451554
0.662
0.662
0.419808
0.662
0.474065
0.662
0.662
0.358381
0.3587
0.662
0.662
0.662
0.662
0.662
0.662
0.662
0.46498
0.662
0.662
0.483321
0.409385
0.662
0.354754
0.662
0.193768
0.662
0.662
0.0347293
0.662
0.662
0.43718
0.0261855
0.0151285
0.662
0.0231436
0.492119
0.662
0.662
0.0694505
0.412643
0.0461652
0.662
0.0136937
0.302185
0.20517
0.31103
0.662
0.352662
0.662
0.662
0.381427
0.662
0.253576
0.662
0.662
0.00941836
0.662
0.15287
0.662
0.124129
0.650506
0.475086
0.662
0.396633
0.243956
0.520616
0.270391
0.465831
0.662
0.662
0.453079
0.662
0.155746
0.229298
0.236356
0.358495
0.662
0.437894
0.662
0.662
0.473121
0.35367
0.326801
0.662
0.662
0.662
0.110696
0.662
0.193074
0.662
0.620671
0.243776
0.321573
0.662
0.662
0.662
0.309947
0.662
0.662
0.375315
0.197562
0.222478
0.662
0.662
0.305129
0.662
0.211565
0.662
0.44391
0.662
0.480484
0.0205042
0.662
0.662
0.359185
0.358022
0.29842
0.0649212
0.662
0.662
0.662
0.135197
0.662
0.0221311
0.662
0.662
0.0692627
0.288345
0.184568
0.267377
0.662
0.0502145
0.662
0.192104
0.662
0.662
0.662
0.19964
0.662
0.0613848
0.618717
0.211394
0.0215436
0.662
0.00764722
0.336379
0.662
0.662
0.662
0.662
0.662
0.662
0.0493904
0.662
0.662
0.662
0.662
0.561051
0.662
0.662
0.0858601
0.339414
0.303486
0.662
0.662
0.662
0.105443
0.662
0.25966
0.662
0.662
0.160332
0.210838
0.662
0.662
0.662
0.662
0.0762354
0.255228
0.0728993
0.157704
0.121497
0.662
0.0806948
0.0218043
0.662
0.662
0.662
0.399126
0.0832083
0.13249
0.662
0.226326
0.662
0.662
0.0805297
0.662
0.662
0.122317
0.662
0.662
0.662
0.662
0.662
0.145745
0.0919207
0.662
0.361663
0.024114
0.662
0.404953
0.662
0.133454
0.218909
0.662
0.662
0.662
0.662
0.662
0.41989
0.662
0.662
0.662
0.308248
0.414958
0.225792
0.662
0.662
0.662
0.281644
0.290533
0.227662
0.662
0.662
0.662
0.28753
0.662
0.662
0.662
0.662
0.182558
0.662
0.662
0.0387997
0.461644
0.662
0.662
0.662
0.407799
0.310781
0.662
0.276022
0.120173
0.412798
0.662
0.23183
0.469112
0.662
0.662
0.429313
0.348829
0.0109528
0.662
0.662
0.333625
0.25774
0.662
0.231992
0.40346
0.0463021
0.0154498
0.662
0.662
0.266539
0.118812
0.395647
0.296156
0.0801396
0.145211
0.662
0.662
0.078921
0.426004
0.0251043
0.662
0.662
0.662
0.662
0.662
0.169088
0.662
0.662
0.453875
0.662
0.662
0.258858
0.656979
0.52898
0.468435
0.662
0.662
0.662
0.662
0.507839
0.662
0.609079
0.662
0.0227419
0.662
0.662
0.662
0.662
0.179545
0.449454
0.089952
0.662
0.662
0.662
0.285844
0.0944538
0.056841
0.662
0.57334
0.355228
0.662
0.404251
0.150916
0.662
0.662
0.662
0.662
0.662
0.662
0.662
0.662
0.662
0.146939
0.194865
0.662
0.662
0.662
0.577667
0.365778
0.662
0.662
0.190316
0.662
0.0796284
0.103233
0.32497
0.662
0.662
0.381105
0.662
0.0361062
0.662
0.536099
0.281364
0.412915
0.662
0.413107
0.386575
0.212987
0.199554
0.662
0.662
0.662
0.662
0.662
0.662
0.662
0.300188
0.00341332
0.469645
0.662
0.278358
0.662
0.662
0.454048
0.163799
0.440029
0.348312
0.468546
0.155608
0.271661
0.159351
0.229233
0.662
0.367685
0.662
0.662
0.662
0.463006
0.662
0.662
0.662
0.662
0.662
0.662
0.0151214
0.17969
0.311156
0.12551
0.417512
0.662
0.662
0.662
0.193376
0.458221
0.183165
0.0672237
0.42662
0.00258006
0.316014
0.662
0.146502
0.662
0.218062
0.342422
0.202425
0.110025
0.662
0.662
0.662
0.662
0.662
0.662
0.662
0.331486
0.447371
0.662
0.662
0.234676
0.662
0.662
0.662
0.301399
0.662
0.483457
0.249788
0.662
0.369392
0.662
0.103293
0.662
0.662
0.662
0.662
0.662
0.294953
0.177036
0.662
0.205527
0.662
0.662
0.662
0.662
0.606304
0.313855
0.45761
0.662
0.341323
0.22199
0.662
0.477613
0.368894
0.130212
0.226381
0.662
0.662
0.662
0.662
0.662
0.0813193
0.39524
0.662
0.229284
0.662
0.662
0.615085
0.662
0.662
0.411737
0.338926
0.495599
0.662
0.662
0.0814252
0.662
0.662
0.128676
0.388618
0.662
0.466304
0.167155
0.339739
0.147535
0.402907
0.662
0.662
0.367951
0.497253
0.662
0.330802
0.662
0.0269207
0.662
0.150452
0.662
0.526116
0.662
0.662
0.662
0.662
0.453272
0.274286
0.154255
