0.0153619
0.662
0.301783
0.455752
0.474458
0.662
0.662
0.662
0.0112074
0.473829
0.662
0.662
0.662
0.012257
0.122282
0.662
0.46382
0.662
0.101801
0.3001
0.662
0.0270833
0.227552
0.237899
0.662
0.662
0.662
0.662
0.37932
0.662
0.662
0.0666739
0.662
0.466791
0.662
0.410907
0.475744
0.662
0.354985
0.662
0.662
0.124354
0.299388
0.0870428
0.369229
0.662
0.662
0.0561644
0.181529
0.662
0.348279
0.146819
0.374298
0.662
0.121333
0.662
0.382258
0.662
0.428152
0.0286592
0.662
0.50726
0.662
0.360387
0.662
0.662
0.662
0.415185
0.662
0.662
0.262353
0.662
0.662
0.421099
0.662
0.662
0.348056
0.48764
0.662
0.662
0.170698
0.662
0.662
0.662
0.662
0.199303
0.430913
0.248315
0.662
0.662
0.253054
0.217696
0.662
0.288113
0.662
0.311899
0.662
0.388378
0.659414
0.662
0.204477
0.662
0.662
0.662
0.662
0.120794
0.181971
0.662
0.124232
0.286527
0.662
0.405109
0.662
0.0349786
0.177041
0.130231
0.465356
0.342229
0.662
0.662
0.662
0.433774
0.662
0.662
0.085464
0.662
0.662
0.662
0.662
0.662
0.662
0.662
0.222963
0.662
0.662
0.47654
0.662
0.34693
0.401149
0.0159053
0.662
0.077141
0.662
0.662
0.439604
0.212606
0.662
0.20093
0.662
0.163656
0.662
0.400436
0.138509
0.492235
0.662
0.0664319
0.117608
0.662
0.662
0.662
0.662
0.662
0.662
0.0430035
0.662
0.453893
0.44919
0.562903
0.267305
0.44071
0.662
0.408369
0.662
0.662
0.119205
0.397752
0.218036
0.662
0.662
0.381232
0.662
0.396833
0.662
0.662
0.662
0.662
0.662
0.369483
0.662
0.662
0.662
0.100076
0.401712
0.662
0.662
0.266704
0.204579
0.305594
0.662
0.301336
0.662
0.662
0.662
0.270636
0.0120073
0.662
0.148775
0.249777
0.662
0.662
0.662
0.429968
0.399433
0.662
0.662
0.662
0.350837
0.433279
0.662
0.400887
0.560349
0.353675
0.662
0.336196
0.162866
0.662
0.454085
0.336439
0.137171
0.662
0.49741
0.434441
0.331278
0.662
0.662
0.528621
0.662
0.662
0.279421
0.132807
0.662
0.206386
0.662
0.662
0.0438992
0.252005
0.104928
0.104056
0.07631
0.474113
0.662
0.662
0.470005
0.0414649
0.662
0.662
0.50936
0.589736
0.224364
0.0858153
0.0511824
0.442511
0.30074
0.662
0.662
0.662
0.662
0.410883
0.398708
0.662
0.132774
0.1402
0.662
0.0435389
0.662
0.452756
0.1203
0.0430997
0.662
0.662
0.275016
0.0652119
0.200816
0.662
0.662
0.662
0.662
0.112158
0.662
0.0824888
0.33669
0.0368466
0.662
0.662
0.0829493
0.662
0.662
0.662
0.388743
0.24794
0.00357792
0.662
0.662
0.662
0.662
0.0243838
0.662
0.662
0.662
0.435652
0.662
0.0669628
0.02099
0.467703
0.662
0.662
0.662
0.662
0.189788
0.376879
0.662
0.322161
0.0256901
0.140984
0.662
0.662
0.411992
0.314176
0.662
0.414086
0.662
0.382919
0.394731
0.662
0.27552
0.662
0.177216
0.662
0.662
0.662
0.662
0.662
0.085844
0.472125
0.662
0.0769294
0.662
0.662
0.662
0.662
0.662
0.662
0.134126
0.309456
0.336786
0.662
0.662
0.435895
0.662
0.662
0.0905135
0.214085
0.200391
0.662
0.457964
0.662
0.662
0.172505
0.330605
0.662
0.0240833
0.662
0.662
0.609745
0.0090106
0.51861
0.49628
0.662
0.662
0.135479
0.662
0.662
0.662
0.257208
0.288586
0.662
0.19927
0.662
0.178305
0.334794
0.662
0.662
0.312626
0.662
0.662
0.0231977
0.0479419
0.662
0.281255
0.662
0.0225657
0.662
0.251583
0.337204
0.662
0.662
0.662
0.0726394
0.662
0.318639
0.662
0.662
0.662
0.219061
0.454215
0.662
0.662
0.455764
0.662
0.334304
0.662
0.207892
0.662
0.0974501
0.662
0.260367
0.662
0.662
0.248313
0.662
0.0428202
0.662
0.24246
0.239896
0.441166
0.662
0.0499629
0.662
0.00824829
0.662
0.437876
0.662
0.662
0.662
0.662
0.662
0.264858
0.226233
0.113418
0.215115
0.194965
0.403343
0.0759861
0.662
0.330444
0.434048
0.662
0.662
0.165106
0.442125
0.662
0.0485431
0.453787
0.0672689
0.662
0.662
0.662
0.403268
0.662
0.472026
0.662
0.662
0.662
0.662
0.0792322
0.662
0.0334736
0.376196
0.662
0.373976
0.662
0.319639
0.662
0.239404
0.362796
0.083845
0.662
0.662
0.662
0.662
0.662
0.662
0.662
0.214374
0.662
0.506715
0.283401
0.121241
0.20094
0.662
0.662
0.662
0.253999
0.662
0.200149
0.248448
0.662
0.662
0.662
0.662
0.263109
0.662
0.662
0.662
0.662
0.662
0.325609
0.662
0.662
0.164618
0.662
0.190522
0.662
0.214942
0.662
0.0256456
0.662
0.662
0.662
0.662
0.148406
0.662
0.106583
0.662
0.0328549
0.662
0.161764
0.214847
0.0288706
0.662
0.471967
0.662
0.662
0.662
0.662
0.662
0.662
0.662
0.0422911
0.467963
0.190118
0.662
0.185815
0.662
0.662
0.212191
0.662
0.662
0.0625971
0.662
0.662
0.662
0.662
0.151353
0.662
0.662
0.431559
0.662
0.238262
0.662
0.0751914
0.0143868
0.397733
0.433975
0.662
0.4468
0.662
0.662
0.295572
0.662
0.285341
0.662
0.662
0.345363
0.272089
0.662
0.662
0.662
0.662
0.0934848
0.151846
0.16608
0.435586
0.413622
0.250201
0.341077
0.662
0.0597177
0.531843
0.485656
0.662
0.658818
0.155504
0.462837
0.662
0.662
0.398794
0.207188
0.299744
0.662
0.662
0.194641
0.662
0.662
0.662
0.0336913
0.336396
0.320731
0.662
0.0869808
0.662
0.662
0.662
0.662
0.662
0.124129
0.429249
0.251024
0.662
0.662
0.182769
0.239668
0.662
0.173718
0.662
0.446052
0.662
0.662
0.662
0.662
0.662
0.662
0.662
0.662
0.262989
0.625331
0.662
0.662
0.662
0.662
0.662
0.662
0.282206
0.389671
0.662
0.662
0.662
0.662
0.662
0.662
0.474094
0.662
0.662
0.199679
0.406075
0.0455393
0.662
0.440757
0.27309
0.662
0.27382
0.342367
0.662
0.369529
0.662
0.0897778
0.662
0.662
0.453622
0.278534
0.662
0.662
0.662
0.662
0.662
0.031908
0.662
0.266373
0.662
0.0315337
0.0213314
0.662
0.662
0.662
0.662
0.412016
0.662
0.393546
0.222758
0.662
0.511801
0.450827
0.662
0.662
0.662
0.0588343
0.662
0.662
0.166382
0.0903928
0.662
0.113745
0.662
0.216513
0.662
0.662
0.0957336
0.662
0.662
0.662
0.662
0.662
0.662
0.130992
0.228338
0.0477534
0.662
0.225233
0.346238
0.662
0.662
0.0968087
0.654926
0.662
0.662
0.0453046
0.662
0.662
0.662
0.406497
0.282958
0.581915
0.662
0.25219
0.662
0.662
0.662
0.662
0.662
0.105415
0.662
0.548057
0.246595
0.662
0.662
0.662
0.662
0.662
0.411396
0.662
0.662
0.370069
0.662
0.662
0.662
0.662
0.662
0.662
0.249859
0.662
0.662
0.48543
0.662
0.662
0.386961
0.662
0.662
0.414072
0.662
0.662
0.662
0.662
0.662
0.275011
0.413975
0.414575
0.296556
0.662
0.662
0.662
0.662
0.662
0.547831
0.10182
0.426439
0.662
0.294635
0.662
0.662
0.058013
0.662
0.662
0.0833593
0.662
0.662
0.662
0.206052
0.241147
0.077643
0.662
0.662
0.501027
0.18188
0.662
0.662
0.662
0.633128
0.662
0.662
0.662
0.461578
0.662
0.302822
0.662
0.0942804
0.662
0.0695225
0.662
0.426642
0.47649
0.410801
0.432501
0.450105
0.3208
0.249838
0.662
0.662
0.475074
0.647332
0.662
0.0832077
0.662
0.662
0.283281
0.447255
0.212283
0.662
0.45579
0.662
0.246941
0.29303
0.662
0.00062179
0.662
0.662
0.662
0.349277
0.35958
0.421531
0.362012
0.178859
0.662
0.662
0.662
0.0625064
0.662
0.362501
0.170327
0.662
0.625062
0.662
0.662
0.451637
0.662
0.662
0.272779
0.662
0.662
0.398501
0.662
0.662
0.169233
0.451314
0.040221
0.107986
0.297192
0.662
0.662
0.443476
0.662
0.221927
0.207975
0.662
0.510781
0.45373
0.662
0.301191
0.123352
0.662
0.493022
0.222458
0.0732369
0.662
0.346612
0.662
0.19492
0.662
0.216989
0.389192
0.662
0.151354
0.0675181
0.662
0.461489
0.345844
0.308163
0.662
0.378359
0.37872
0.662
0.662
0.491332
0.253731
0.0180584
0.39956
0.662
0.060492
0.173133
0.662
0.308981
0.662
0.662
0.662
0.320087
0.108894
0.662
0.391697
0.662
0.194696
0.271654
0.662
0.20959
0.329264
0.662
0.662
0.174024
0.662
0.169151
0.367696
0.386238
0.662
0.662
0.113415
0.662
0.662
0.662
0.458269
0.304296
0.662
0.662
0.440648
0.662
0.662
0.662
0.662
0.142834
0.662
0.128941
0.662
0.132539
0.365515
0.662
0.662
0.00706225
0.651616
0.662
0.327013
0.662
0.662
0.144129
0.662
0.426177
0.662
0.32224
0.226231
0.662
0.0655366
0.662
0.257175
0.335535
0.0568303
0.662
0.380607
0.156711
0.492651
0.662
0.662
0.662
0.420901
0.662
0.201929
0.662
0.662
0.662
0.662
0.37656
0.0571383
0.662
0.198833
0.662
0.076492
0.14398
0.662
0.662
0.566115
0.452197
0.0223095
0.108205
0.662
0.576457
0.662
0.662
0.148007
0.16698
0.24389
0.361882
0.662
0.662
0.662
0.252152
0.662
0.662
0.310723
0.662
0.223716
0.373956
0.662
0.662
0.662
0.662
0.311575
0.56835
0.662
0.662
0.367564
0.662
0.364073
0.0641313
0.662
0.662
0.0712532
0.0519125
0.213282
0.662
0.662
0.613981
0.530275
0.436918
0.166257
0.662
0.662
0.662
0.322851
0.662
0.662
0.662
0.662
0.662
0.0765756
0.143081
0.662
0.0410004
0.102194
0.433592
0.662
0.662
0.662
0.662
0.662
0.662
0.662
0.433138
0.485375
0.662
0.33356
0.662
0.589708
0.0920201
0.662
0.246368
0.075362
0.415838
0.662
0.662
0.04705
0.662
0.662
0.0283119
0.261234
0.662
0.662
0.662
0.385889
0.152111
0.375692
0.662
0.662
0.662
0.662
0.455156
0.339332
0.662
0.662
0.319033
0.333507
0.279257
0.0971663
0.322939
0.662
0.383258
0.460282
0.662
0.368738
0.662
0.662
0.275043
0.662
0.368643
0.292928
0.291658
0.649146
0.59876
0.278723
0.662
0.381355
0.662
0.133944
0.662
0.662
0.662
0.662
0.662
0.662
0.282582
0.662
0.662
0.289942
0.662
0.662
0.662
0.662
0.662
0.345807
0.662
0.396629
0.490195
0.358194
0.021439
0.662
0.662
0.662
0.662
0.415088
0.662
0.662
0.662
0.662
0.662
0.596723
0.357891
0.662
0.33068
0.254812
0.662
0.0216155
0.455383
0.00290817
0.200283
0.43554
0.662
0.662
0.662
0.662
0.317165
0.662
0.662
0.662
0.388055
0.39957
0.119785
0.662
0.662
0.219327
0.662
0.662
0.662
0.662
0.547308
0.662
0.662
0.354829
0.662
0.473929
0.662
0.335845
0.662
0.662
0.28722
0.206093
0.606747
0.662
0.224076
0.662
0.219578
0.451804
0.662
0.662
0.374515
0.662
0.486739
0.662
0.662
0.662
0.171418
0.407127
0.662
0.662
0.367723
0.479924
0.190125
0.420506
0.662
0.662
0.285112
0.114898
0.0832764
0.416125
0.117861
0.147188
0.00628294
0.662
0.406069
0.662
0.47002
0.311819
0.662
0.210427
0.662
0.102427
0.662
0.223512
0.444964
0.467892
0.662
0.257167
0.043481
0.662
0.330503
0.0566246
0.381808
0.662
0.123182
0.662
0.662
0.662
0.00434284
0.390693
0.662
0.662
0.15468
0.662
0.0970022
0.662
0.662
0.510202
0.662
0.302365
0.662
0.218258
0.217306
0.662
0.662
0.132136
0.662
0.662
0.0574762
0.315694
0.662
0.0973596
0.662
0.209815
0.101213
0.372022
0.169689
0.404816
0.101005
0.662
0.662
0.662
0.0389882
0.405545
0.662
0.662
0.662
0.662
0.360841
0.662
0.662
0.662
0.039682
0.039913
0.297621
0.19641
0.611379
0.27507
0.662
0.382338
0.167433
0.191724
0.662
0.166303
0.662
0.662
0.34933
0.662
0.662
0.662
0.662
0.662
0.247172
0.315333
0.480673
0.135389
0.475987
0.662
0.184314
0.662
0.662
0.414916
0.238715
0.662
0.662
0.662
0.0962037
0.662
0.662
0.662
0.232784
0.662
0.662
0.662
0.276556
0.117015
0.0389587
0.353982
0.662
0.662
0.662
0.353896
0.0868608
0.634684
0.662
0.264804
0.0765674
0.662
0.29411
0.662
0.662
0.662
0.662
0.386843
0.662
0.662
0.0510452
0.662
0.662
0.184414
0.457154
0.662
0.662
0.400329
0.662
0.662
0.662
0.662
0.662
0.662
0.507391
0.284159
0.236522
0.662
0.440971
0.406955
0.240259
0.662
0.662
0.662
0.662
0.295206
0.662
0.662
0.662
0.144493
0.437984
0.141714
0.18437
0.132039
0.584706
0.181892
0.140822
0.148392
0.662
0.662
0.469214
0.151379
0.662
0.662
0.43719
0.662
0.662
0.662
0.662
0.662
0.356002
0.361343
0.662
0.662
0.0974897
0.0450444
0.662
0.278171
0.547237
0.662
0.662
0.662
0.415912
0.252141
0.662
0.314331
0.274878
0.662
0.662
0.662
0.487897
0.662
0.662
0.388903
0.662
0.662
0.662
0.662
0.00523567
0.662
0.662
0.662
0.431209
0.00540375
0.46293
0.662
0.662
0.249436
0.594829
0.304279
0.662
0.662
0.662
0.662
0.12234
0.662
0.662
0.410521
0.662
0.0502723
0.662
0.350464
0.213356
0.662
0.662
0.662
0.0628283
0.662
0.662
0.291262
0.662
0.662
0.213151
0.662
0.278812
0.469193
0.662
0.32349
0.337572
0.21463
0.435793
0.0803683
0.662
0.386512
0.662
0.222635
0.337388
0.383672
0.662
0.662
0.0751934
0.662
0.23046
0.465406
0.662
0.192379
0.472606
0.662
0.662
0.221834
0.662
0.394865
0.662
0.382113
0.417418
0.662
0.024509
0.189829
0.359568
0.314388
0.662
0.270532
0.662
0.269031
0.662
0.265314
0.662
0.181813
0.662
0.503852
0.662
0.662
0.662
0.662
0.0442125
0.475153
0.15604
0.0892071
0.375707
0.662
0.173664
0.019679
0.261497
0.314696
0.298761
0.662
0.348934
0.662
0.0350798
0.662
0.662
0.391843
0.441002
0.662
0.251243
0.662
0.0328017
0.662
0.662
0.230889
0.170866
0.662
0.662
0.429793
0.346717
0.0402334
0.403248
0.662
0.662
0.662
0.227754
0.662
0.417981
0.662
0.227104
0.194157
0.662
0.159054
0.662
0.465043
0.662
0.0779939
0.0624309
3.89087e-06
0.201377
0.320168
0.358966
0.662
0.41844
0.662
0.357628
0.321799
0.662
0.35043
0.183159
0.54934
0.662
0.662
0.190772
0.545266
0.367675
0.363202
0.278831
0.662
0.00124529
0.662
0.662
0.662
0.270683
0.143351
0.0353043
0.662
0.0198662
0.275721
0.40533
0.320182
0.662
0.515075
0.260218
0.662
0.271748
0.662
0.662
0.296657
0.662
0.662
0.662
0.662
0.662
0.662
0.389366
0.354357
0.320829
0.470286
0.662
0.662
0.41017
0.662
0.448151
0.483095
0.222311
0.470706
0.662
0.23537
0.662
0.662
0.662
0.662
0.267839
0.662
0.662
0.296548
0.662
0.249718
0.662
0.662
0.662
0.662
0.662
0.429623
0.662
0.662
0.662
0.122224
0.246942
0.662
0.662
0.662
0.139492
0.41684
0.662
0.662
0.0820107
0.662
0.662
0.662
0.662
0.662
0.0281127
0.662
0.662
0.292675
0.26728
0.662
0.346853
0.662
0.662
0.662
0.232956
0.291173
0.57884
0.662
0.662
0.247963
0.662
0.0900585
0.662
0.662
0.662
0.278827
0.0610622
0.27298
0.662
0.662
0.662
0.313033
0.662
0.662
0.662
0.0653784
0.285801
0.0100735
0.488706
0.39545
0.662
0.186686
0.403407
0.662
0.108883
0.261046
0.662
0.358657
0.662
0.123087
0.27061
0.582454
0.228801
0.270608
0.662
0.200325
0.662
0.0549724
0.526687
0.662
0.662
0.0298009
0.662
0.662
0.662
0.245153
0.180023
0.662
0.662
0.662
0.419529
0.662
0.662
0.00788536
0.662
0.662
0.662
0.662
0.109991
0.0413698
0.662
0.499173
0.662
0.662
0.662
0.662
0.662
0.662
0.662
0.662
0.662
0.361104
0.298547
0.662
0.662
0.662
0.02035
0.662
0.662
0.662
0.662
0.526552
0.201015
0.662
0.662
0.221435
0.328217
0.520413
0.662
0.662
0.662
0.662
0.662
0.662
0.662
0.456037
0.660314
0.662
0.31983
0.662
0.401837
0.588796
0.662
0.363804
0.444655
0.662
0.339651
0.662
0.662
0.434951
0.103513
0.581353
0.662
0.0472402
0.124042
0.28448
0.662
0.662
0.662
0.662
0.044983
0.403825
0.220298
0.662
0.662
0.662
0.662
0.336959
0.0132619
0.245251
0.662
0.662
0.23172
0.261284
0.662
0.662
0.568787
0.662
0.662
0.38861
0.662
0.662
0.326182
0.662
0.662
0.228595
0.662
0.638822
0.662
0.00583765
0.662
0.662
0.218076
0.662
0.662
0.662
0.175732
0.329185
0.124171
0.662
0.270539
0.662
0.41874
0.662
0.314089
0.662
0.0935938
0.0570277
0.662
0.662
0.662
0.452724
0.662
0.0694376
0.662
0.662
0.662
0.662
0.135165
0.662
0.170463
0.662
0.662
0.459062
0.136482
0.662
0.662
0.157859
0.186225
