0.662
0.662
0.461344
0.049974
0.662
0.662
0.662
0.662
0.662
0.108991
0.662
0.1038
0.662
0.130299
0.662
0.662
0.662
0.662
0.633391
0.662
0.170014
0.343385
0.662
0.0997909
0.662
0.662
0.235007
0.136117
0.662
0.00274747
0.662
0.662
0.662
0.230633
0.152285
0.662
0.662
0.662
0.201579
0.251762
0.662
0.406272
0.662
0.662
0.417568
0.662
0.662
0.1526
0.0628056
0.331919
0.0487175
0.185914
0.103524
0.662
0.041215
0.38528
0.20587
0.662
0.0843889
0.508465
0.662
0.662
0.662
0.454011
0.0316384
0.662
0.662
0.662
0.262981
0.662
0.425477
0.15197
0.44278
0.0102646
0.378467
0.206128
0.121173
0.662
0.662
0.432578
0.662
0.662
0.662
0.662
0.662
0.662
0.662
0.662
0.662
0.298754
0.662
0.126912
0.219761
0.662
0.662
0.54051
0.662
0.105927
0.207797
0.662
0.662
0.352317
0.10242
0.662
0.345335
0.662
0.662
0.32242
0.0967895
0.662
0.281977
0.165924
0.662
0.0608227
0.662
0.181967
0.662
0.662
0.294036
0.434336
0.53973
0.28346
0.421476
0.662
0.662
0.63339
0.337913
0.461722
0.14511
0.0364145
0.662
0.662
0.662
0.662
0.421821
0.32799
0.194907
0.662
0.262604
0.266393
0.662
0.662
0.662
0.2587
0.0781727
0.662
0.500537
0.341059
0.662
0.662
0.191044
0.662
0.662
0.662
0.662
0.14839
0.662
0.115679
0.662
0.662
0.342981
0.219178
0.32754
0.662
0.373052
0.503044
0.0189462
0.662
0.325417
0.539118
0.0262487
0.153975
0.11113
0.247646
0.662
0.662
0.339014
0.332041
0.0381687
0.232853
0.172077
0.662
0.373779
0.662
0.476863
0.386092
0.662
0.662
0.662
0.662
0.174596
0.662
0.463919
0.662
0.662
0.662
0.662
0.286166
0.597473
0.662
0.300473
0.662
0.662
0.354263
0.263358
0.662
0.24597
0.365469
0.662
0.139628
0.0346671
0.662
0.662
0.177837
0.662
0.186089
0.662
0.252821
0.662
0.662
0.422708
0.662
0.662
0.359484
0.0311391
0.465196
0.289966
0.475772
0.0336579
0.231541
0.0433299
0.662
0.0684351
0.293287
0.662
0.0353525
0.324351
0.4337
0.662
0.00396636
0.662
0.662
0.178357
0.471662
0.662
0.662
0.228747
0.662
0.662
0.468963
0.662
0.662
0.349865
0.662
0.662
0.117706
0.662
0.185738
0.662
0.634031
0.290677
0.230599
0.087225
0.662
0.208649
0.662
0.662
0.14878
0.662
0.0279219
0.405508
0.155265
0.423118
0.662
0.662
0.662
0.439179
0.0348407
0.0940959
0.254023
0.0521934
0.662
0.192294
0.662
0.115249
0.662
0.662
0.662
0.0711436
0.662
0.662
0.0709823
0.408325
0.109477
0.368431
0.662
0.662
0.662
0.257583
0.252102
0.179313
0.662
0.662
0.662
0.662
0.303869
0.662
0.662
0.057966
0.662
0.662
0.527374
0.323917
0.662
0.662
0.275248
0.11492
0.137983
0.00559606
0.662
0.662
0.662
0.662
0.193753
0.411677
0.392644
0.491469
0.274817
0.662
0.662
0.315403
0.106452
0.0029628
0.662
0.000986441
0.332115
0.371541
0.123474
0.262474
0.00390125
0.662
0.662
0.662
0.662
0.414202
0.662
0.430628
0.468411
0.229829
0.190996
0.0686362
0.662
0.662
0.662
0.435427
0.0444919
0.662
0.662
0.662
0.419326
0.662
0.205154
0.103018
0.427005
0.662
0.662
0.388469
0.662
0.56498
0.219919
0.662
0.274549
0.0106195
0.357379
0.349131
0.662
0.662
0.662
0.652905
0.662
0.662
0.356574
0.0136638
0.458002
0.662
0.459477
0.662
0.662
0.283482
0.0405973
0.340592
0.662
0.662
0.662
0.101621
0.221552
0.343464
0.662
0.662
0.38948
0.662
0.435021
0.47922
0.662
0.340357
0.662
0.662
0.149805
0.662
0.0706309
0.415467
0.476327
0.662
0.2275
0.387847
0.0120053
0.153188
0.662
0.662
0.133152
0.354975
0.662
0.662
0.458368
0.662
0.46461
0.662
0.5916
0.662
0.100501
0.098654
0.132284
0.481974
0.662
0.289845
0.186048
0.14453
0.288665
0.296387
0.0703138
0.662
0.662
0.403543
0.295044
0.662
0.662
0.436232
0.662
0.662
0.662
0.662
0.0305601
0.662
0.662
0.37696
0.662
0.662
0.439152
0.0983065
0.662
0.662
0.14889
0.0237721
0.662
0.662
0.633694
0.662
0.209815
0.662
0.194104
0.285937
0.662
0.662
0.662
0.662
0.662
0.662
0.227347
0.662
0.662
0.222926
0.662
0.662
0.662
0.662
0.00197943
0.662
0.234784
0.164551
0.662
0.414157
0.307452
0.662
0.662
0.662
0.662
0.173121
0.303359
0.662
0.662
0.662
0.295525
0.36688
0.482791
0.117718
0.662
0.339275
0.0656603
0.662
0.152932
0.662
0.229495
0.0507045
0.662
0.662
0.169797
0.445573
0.662
0.662
0.543524
0.662
0.662
0.662
0.662
0.431822
0.261507
0.662
0.662
0.402134
0.486208
0.662
0.00745947
0.404795
0.662
0.662
0.306195
0.263358
0.00464842
0.662
0.0215556
0.474744
0.662
0.452444
0.517538
0.662
0.662
0.0926918
0.194803
0.662
0.662
0.662
0.311073
0.662
0.418024
0.126827
0.662
0.644506
0.0892688
0.662
0.373119
0.662
0.662
0.0814933
0.13968
0.200715
0.662
0.662
0.462782
0.662
0.662
0.662
0.392803
0.295018
0.662
0.420221
0.317875
0.450727
0.662
0.662
0.662
0.662
0.662
0.378014
0.00536895
0.662
0.445241
0.662
0.158948
0.662
0.579644
0.662
0.248116
0.662
0.662
0.318155
0.193186
0.662
0.662
0.662
0.460558
0.456047
0.662
0.0975047
0.662
0.662
0.26056
0.0295325
0.277676
0.662
0.0719721
0.662
0.629706
0.662
0.662
0.662
0.662
0.0389533
0.662
0.662
0.662
0.262043
0.662
0.662
0.662
0.0615357
0.0767577
0.662
0.349532
0.0407297
0.344653
0.662
0.367323
0.411739
0.662
0.0783467
0.272175
0.431357
0.662
0.662
0.284217
0.394212
0.0288746
0.662
0.131232
0.1134
0.357457
0.157897
0.275217
0.112365
0.662
0.662
0.662
0.289012
0.143961
0.662
0.444356
0.354731
0.662
0.406165
0.0826486
0.460719
0.662
0.662
0.662
0.0698533
0.662
0.662
0.662
0.407354
0.406393
0.662
0.662
0.662
0.118876
0.662
0.662
0.365566
0.662
0.662
0.662
0.662
0.662
0.662
0.477004
0.662
0.662
0.662
0.37434
0.662
0.172053
0.662
0.662
0.662
0.275363
0.662
0.662
0.662
0.194678
0.064301
0.662
0.394737
0.662
0.662
0.413306
0.662
0.522018
0.662
0.662
0.218074
0.662
0.0247767
0.662
0.0172709
0.662
0.662
0.0497303
0.0868239
0.662
0.662
0.146794
0.247113
0.22189
0.0286188
0.273108
0.662
0.0113797
0.347325
0.662
0.611234
0.13318
0.662
0.662
0.662
0.117196
0.14608
0.662
0.427877
0.662
0.662
0.320855
0.662
0.130397
0.394498
0.617917
0.520328
0.281029
0.181956
0.662
0.296278
0.662
0.406785
0.662
0.662
0.262653
0.662
0.662
0.0281224
0.662
0.662
0.205923
0.453694
0.662
0.111113
0.662
0.662
0.0446019
0.662
0.138207
0.662
0.662
0.378663
0.662
0.0746939
0.662
0.391032
0.243398
0.662
0.662
0.41362
0.662
0.560312
0.662
0.129433
0.662
0.662
0.662
0.206758
0.130772
0.662
0.662
0.662
0.662
0.662
0.662
0.391563
0.662
0.0791625
0.171709
0.662
0.662
0.0540063
0.662
0.556704
0.547934
0.48806
0.662
0.0039129
0.417739
0.662
0.662
0.377951
0.662
0.0192412
0.199543
0.662
0.662
0.662
0.662
0.0384942
0.662
0.0484016
0.662
0.662
0.0917414
0.217279
0.485281
0.662
0.662
0.662
0.466976
0.149756
0.633693
0.662
0.662
0.187699
0.145847
0.218551
0.342663
0.662
0.34302
0.302039
0.0761841
0.333066
0.512709
0.662
0.662
0.662
0.0994383
0.338678
0.288594
0.662
0.662
0.406028
0.662
0.662
0.207199
0.662
0.662
0.0937809
0.662
0.1713
0.662
0.662
0.662
0.662
0.662
0.039305
0.0936991
0.0232508
0.662
0.662
0.662
0.0791661
0.662
0.464571
0.355635
0.662
0.0504057
0.662
0.662
0.440604
0.0530502
0.662
0.662
0.662
0.662
0.662
0.662
0.662
0.662
0.346785
0.451278
0.490162
0.0137048
0.662
0.259626
0.458404
0.662
0.577056
0.662
0.662
0.42473
0.275691
0.662
0.397769
0.662
0.662
0.45744
0.26022
0.23955
0.662
0.0778813
0.662
0.662
0.374867
0.662
0.127561
0.662
0.662
0.101991
0.662
0.662
0.176462
0.662
0.404199
0.662
0.00518899
0.662
0.662
0.407987
0.662
0.662
0.00102387
0.662
0.662
0.662
0.24645
0.348861
0.266329
0.662
0.662
0.0219333
0.138117
0.662
0.12578
0.224873
0.186639
0.0220174
0.0858652
0.662
0.662
0.662
0.662
0.354355
0.0744966
0.662
0.0508343
0.662
0.662
0.662
0.29041
0.662
0.414499
0.662
0.273636
0.228291
0.00816666
0.476163
0.662
0.662
0.662
0.431478
0.420853
0.490163
0.662
0.195895
0.662
0.662
0.508338
0.662
0.312369
0.0353306
0.453471
0.662
0.662
0.662
0.662
0.141699
0.285478
0.0621222
0.662
0.662
0.133396
0.492139
0.662
0.662
0.662
0.427991
0.292519
0.63339
0.182598
0.662
0.662
0.424885
0.662
0.662
0.662
0.662
0.662
0.595559
0.645475
0.662
0.0689811
0.292004
0.261343
0.162332
0.266724
0.662
0.152524
0.23059
0.662
0.662
0.398614
0.0853859
0.2474
0.271241
0.662
0.147722
0.3382
0.662
0.662
0.0158043
0.662
0.662
0.366475
0.188018
0.662
0.156607
0.0546615
0.662
0.204957
0.0653869
0.662
0.662
0.662
0.662
0.662
0.371406
0.238245
0.662
0.139795
0.312955
0.0155292
0.450147
0.662
0.0818199
0.583933
0.662
0.244028
0.0574744
0.662
0.294358
0.376956
0.662
0.662
0.662
0.388318
0.297242
0.662
0.602242
0.662
0.662
0.133383
0.141103
0.662
0.662
0.449307
0.575892
0.662
0.408625
0.662
0.662
0.662
0.440876
0.0524499
0.662
0.662
0.662
0.393742
0.662
0.3937
0.662
0.662
0.662
0.662
0.662
0.662
0.662
0.105835
0.4534
0.662
0.122325
0.475782
0.445321
0.662
0.209319
0.662
0.357568
0.235793
0.328933
0.662
0.662
0.163834
0.263687
0.662
0.239134
0.436889
0.662
0.662
0.662
0.662
0.0949717
0.367414
0.0310687
0.662
0.463422
0.662
0.662
0.662
0.662
0.662
0.0868423
0.662
0.662
0.330576
0.662
0.310106
0.0582281
0.662
0.363204
0.368385
0.662
0.662
0.39259
0.662
0.275107
0.662
0.33082
0.662
0.662
0.662
0.441493
0.662
0.127383
0.662
0.0516268
0.662
0.620415
0.662
0.185435
0.172886
0.662
0.662
0.662
0.662
0.556687
0.495462
0.662
0.391956
0.369369
0.391582
0.662
0.662
0.662
0.358186
0.662
0.647539
0.354083
0.455146
0.662
0.662
0.662
0.662
0.436807
0.0510761
0.229188
0.662
0.662
0.662
0.662
0.105453
0.0507613
0.662
0.193378
0.398667
0.662
0.286967
0.421766
0.372722
0.662
0.662
0.662
0.662
0.281448
0.662
0.662
0.441824
0.625687
0.662
0.0375334
0.462978
0.662
0.190115
0.662
0.662
0.662
0.421843
0.662
0.662
0.107323
0.662
0.662
0.662
0.641825
0.28709
0.662
0.662
0.347299
0.662
0.662
0.662
0.119639
0.438412
0.133588
0.662
0.662
