0.441656
0.662
0.516632
0.662
0.229284
0.662
0.30599
0.662
0.40848
0.48167
0.662
0.286444
0.292972
0.135197
0.264137
0.662
0.662
0.495599
0.662
0.00985624
0.264426
0.662
0.219501
0.209457
0.662
0.662
0.662
0.662
0.461183
0.662
0.662
0.419319
0.662
0.662
0.210838
0.0511248
0.287262
0.227269
0.662
0.0286986
0.662
0.662
0.662
0.454048
0.226013
0.306772
0.662
0.662
0.179545
0.4348
0.285844
0.662
0.134861
0.335627
0.322712
0.662
0.662
0.208283
0.662
0.368894
0.662
0.662
0.662
0.662
0.662
0.662
0.314957
0.0220177
0.55697
0.662
0.662
0.662
0.662
0.293689
0.305476
0.662
0.192364
0.21053
0.0261855
0.662
0.662
0.662
0.662
0.662
0.662
0.662
0.662
0.152215
0.383351
0.662
0.662
0.662
0.141341
0.432938
0.662
0.662
0.662
0.290863
0.662
0.342305
0.261144
0.158586
0.365778
0.662
0.023261
0.662
0.615559
0.662
0.384057
0.404934
0.22317
0.662
0.465246
0.662
0.407634
0.407533
0.662
0.100274
0.0678423
0.662
0.662
0.662
0.662
0.662
0.320796
0.662
0.336842
0.226882
0.212213
0.662
0.219945
0.313901
0.662
0.341281
0.662
0.463006
0.361769
0.662
0.381264
0.357579
0.662
0.662
0.14412
0.662
0.662
0.662
0.662
0.131424
0.662
0.264368
0.662
0.470272
0.662
0.662
0.248716
0.662
0.456975
0.662
0.187622
0.662
0.662
0.325621
0.662
0.298054
0.662
0.352454
0.662
0.216975
0.662
0.321508
0.127101
0.286705
0.40463
0.662
0.662
0.129381
0.175331
0.662
0.489682
0.125537
0.23178
0.211394
0.662
0.662
0.662
0.0522403
0.0117127
0.0846217
0.662
0.369029
0.662
0.662
0.0996761
0.615373
0.224821
0.205944
0.0137031
0.662
0.662
0.122906
0.238856
0.662
0.662
0.444242
0.403055
0.662
0.270391
0.662
0.078921
0.662
0.662
0.431731
0.476858
0.255587
0.155608
0.662
0.0945128
0.250855
0.419858
0.662
0.322858
0.662
0.477179
0.662
0.645341
0.662
0.308365
0.662
0.448424
0.662
0.662
0.662
0.662
0.662
0.662
0.350714
0.306136
0.457111
0.255576
0.662
0.662
0.138801
0.257589
0.349694
0.109125
0.662
0.662
0.662
0.662
0.0643475
0.662
0.143182
0.256963
0.295242
0.399888
0.662
0.342477
0.662
0.0803354
0.0361062
0.346934
0.662
0.404405
0.662
0.410565
0.160718
0.662
0.112885
0.414428
0.3823
0.0832083
0.662
0.392871
0.662
0.662
0.662
0.458688
0.265582
0.28037
0.311331
0.228555
0.385034
0.319226
0.662
0.662
0.662
0.662
0.606304
0.169534
0.662
0.319419
0.281364
0.662
0.662
0.395131
0.662
0.348278
0.662
0.433323
0.280276
0.662
0.662
0.21182
0.00613868
0.662
0.296156
0.662
0.662
0.662
0.0792474
0.302125
0.279287
0.662
0.0623901
0.662
0.662
0.169552
0.662
0.662
0.0212066
0.662
0.662
0.662
0.182814
0.662
0.558313
0.362954
0.286076
0.662
0.00442105
0.0906257
0.662
0.662
0.662
0.662
0.662
0.662
0.32625
0.662
0.662
0.662
0.662
0.662
0.288142
0.662
0.662
0.000368807
0.384762
0.0105959
0.662
0.662
0.490617
0.662
0.662
0.662
0.377145
0.662
0.2351
0.662
0.429622
0.217874
0.326088
0.0628209
0.140117
0.121197
0.662
0.662
0.371009
0.662
0.489532
0.243791
0.245118
0.13771
0.236386
0.662
0.662
0.662
0.351312
0.149858
0.358495
0.662
0.388916
0.362838
0.440655
0.285138
0.662
0.276964
0.662
0.662
0.662
0.357239
0.662
0.432521
0.130368
0.0545565
0.0470915
0.276022
0.662
0.18113
0.662
0.662
0.662
0.43172
0.302319
0.342681
0.557006
0.662
0.662
0.662
0.11594
0.662
0.311267
0.662
0.662
0.662
0.662
0.122415
0.161635
0.620671
0.365405
0.662
0.0822943
0.448336
0.0215436
0.662
0.662
0.348554
0.662
0.241153
0.662
0.662
0.232694
0.662
0.662
0.191444
0.662
0.662
0.567746
0.0073316
0.00226194
0.119929
0.662
0.662
0.662
0.662
0.662
0.0739017
0.662
0.0420221
0.662
0.662
0.63802
0.288897
0.129875
0.662
0.662
0.505429
0.587402
0.662
0.662
0.0643882
0.16655
0.662
0.662
0.211284
0.662
0.258836
0.419139
0.428181
0.662
0.341068
0.662
0.662
0.662
0.662
0.662
0.662
0.457952
0.662
0.43718
0.344475
0.662
0.662
0.662
0.662
0.0108485
0.270127
0.409628
0.477613
0.662
0.662
0.662
0.120152
0.662
0.35493
0.662
0.535213
0.662
0.124679
0.280543
0.662
0.134878
0.0647131
0.662
0.662
0.37042
0.662
0.662
0.17569
0.662
0.0825651
0.662
0.662
0.662
0.662
0.0736057
0.662
0.662
0.127047
0.140495
0.0129592
0.14969
0.297934
0.662
0.662
0.115541
0.29935
0.662
0.367378
0.12551
0.662
0.662
0.250726
0.662
0.662
0.284708
0.662
0.0686364
0.662
0.662
0.662
0.0171747
0.27419
0.662
0.662
0.250652
0.662
0.662
0.662
0.662
0.662
0.351766
0.374783
0.662
0.662
0.662
0.662
0.662
0.162788
0.424915
0.168639
0.662
0.662
0.00988794
0.0763758
0.247291
0.662
0.662
0.662
0.662
0.662
0.000185893
0.398343
0.046635
0.662
0.32497
0.662
0.662
0.662
0.662
0.662
0.662
0.0789404
0.662
0.662
0.211027
0.662
0.662
0.662
0.662
0.187004
0.484863
0.662
0.662
0.662
0.662
0.662
0.662
0.662
0.662
0.273573
0.662
0.369521
0.662
0.662
0.483321
0.662
0.392593
0.662
0.0272623
0.212679
0.662
0.662
0.662
0.662
0.546689
0.193043
0.373508
0.189646
0.378235
0.662
0.662
0.662
0.662
0.662
0.662
0.662
0.662
0.205679
0.662
0.428689
0.662
0.456194
0.662
0.379378
0.382959
0.353006
0.662
0.662
0.190871
0.662
0.662
0.662
0.458232
0.295985
0.662
0.36833
0.662
0.499233
0.138176
0.662
0.662
0.662
0.662
0.281771
0.516442
0.435619
0.382534
0.662
0.662
0.662
0.192727
0.662
0.662
0.129633
0.662
0.662
0.662
0.32329
0.304551
0.662
0.249788
0.662
0.662
0.662
0.662
0.566434
0.662
0.662
0.662
0.644621
0.662
0.246114
0.164714
0.662
0.662
0.037449
0.222235
0.662
0.662
0.662
0.296577
0.662
0.662
0.662
0.13759
0.106358
0.152733
0.662
0.662
0.662
0.662
0.662
0.227523
0.662
0.461644
0.497253
0.662
0.238839
0.557656
0.662
0.662
0.662
0.662
0.531127
0.662
0.0215255
0.477724
0.323094
0.351623
0.662
0.662
0.0735844
0.662
0.662
0.662
0.662
0.093088
0.662
0.662
0.265626
0.662
0.662
0.399596
0.662
0.45112
0.156531
0.662
0.0608539
0.0927503
0.12374
0.391668
0.662
0.486067
0.662
0.662
0.0151285
0.318339
