0.662
0.432771
0.662
0.0447278
0.05571
0.662
0.168886
0.662
0.662
0.455246
0.367466
0.0098608
0.0388591
0.147989
0.662
0.662
0.662
0.188876
0.662
0.520312
0.662
0.662
0.418402
0.662
0.662
0.662
0.113221
0.662
0.662
0.231208
0.311392
0.662
0.662
0.662
0.662
0.662
0.292802
0.662
0.595194
0.444658
0.662
0.662
0.662
0.662
0.109715
0.317493
0.256128
0.662
0.454544
0.662
0.427466
0.662
0.24775
0.228849
0.662
0.430606
0.662
0.350621
0.662
0.662
0.662
0.662
0.662
0.662
0.662
0.33693
0.662
0.426329
0.163485
0.491926
0.0369858
0.44386
0.662
0.662
0.662
0.343094
0.400554
0.662
0.2851
0.0148351
0.265512
0.662
0.230525
0.662
0.355706
0.662
0.662
0.127818
0.0599323
0.0451106
0.662
0.662
0.292575
0.0385303
0.269316
0.662
0.161195
0.662
0.662
0.662
0.142967
0.662
0.662
0.662
0.475742
0.128558
0.254822
0.12624
0.374008
0.662
0.662
0.401143
0.39865
0.131241
0.662
0.569628
0.662
0.662
0.415085
0.108671
0.662
0.662
0.662
0.662
0.440911
0.11711
0.0185246
0.662
0.662
0.662
0.662
0.662
0.662
0.662
0.662
0.662
0.176633
0.419287
0.285089
0.434012
0.44904
0.235953
0.662
0.662
0.662
0.184399
0.662
0.186228
0.219808
0.662
0.257735
0.662
0.0815911
0.28299
0.662
0.662
0.662
0.340959
0.0155885
0.662
0.662
0.111341
0.662
0.114105
0.36191
0.212983
0.662
0.416992
0.662
0.662
0.662
0.662
0.662
0.662
0.662
0.363634
0.0541111
0.662
0.154717
0.662
0.413467
0.384167
0.261313
0.662
0.662
0.327947
0.0941713
0.662
0.662
0.25218
0.100931
0.427515
0.24558
0.432165
0.662
0.662
0.440631
0.416145
0.662
0.26529
0.662
0.359374
0.662
0.662
0.300414
0.17835
0.192835
0.662
0.377479
0.662
0.17459
0.662
0.25445
0.662
0.0371426
0.102468
0.662
0.0100909
0.471452
0.304471
0.0547793
0.662
0.662
0.480055
0.662
0.662
0.452296
0.662
0.445485
0.662
0.662
0.254928
0.662
0.662
0.430639
0.463518
0.662
0.450266
0.226507
0.662
0.447995
0.114994
0.105608
0.662
0.0978406
0.662
0.260937
0.662
0.662
0.662
0.113085
0.662
0.379245
0.238781
0.0720598
0.546577
0.662
0.250762
0.189087
0.528182
0.121446
0.662
0.662
0.662
0.662
0.662
0.218722
0.662
0.662
0.613297
0.4593
0.229887
0.662
0.328928
0.0510152
0.662
0.110968
0.441734
0.255746
0.263588
0.386458
0.39295
0.424757
0.153548
0.220024
0.662
0.662
0.662
0.662
0.662
0.440214
0.0926219
0.662
0.319695
0.45166
0.662
0.662
0.335773
0.662
0.525207
0.440972
0.662
0.662
0.0851251
0.452091
0.662
0.241194
0.662
0.662
0.662
0.662
0.265921
0.529464
0.662
0.662
0.318493
0.401501
0.447136
0.253219
0.662
0.662
0.335379
0.15333
0.195062
0.0105757
0.662
0.365434
0.662
0.199526
0.662
0.662
0.662
0.662
0.662
0.662
0.662
0.662
0.662
0.662
0.550622
0.439894
0.429046
0.662
0.662
0.39562
0.662
0.662
0.662
0.662
0.662
0.473676
0.296288
0.662
0.662
0.662
0.662
0.662
0.662
0.662
0.662
0.374021
0.16211
0.554203
0.0923513
0.662
0.662
0.246716
0.366134
0.662
0.267975
0.662
0.662
0.543502
0.210446
0.662
0.338312
0.0831048
0.662
0.423171
0.662
0.662
0.0519007
0.662
0.662
0.553014
0.387377
0.299104
0.662
0.662
0.662
0.2175
0.662
0.662
0.662
0.662
0.340153
0.662
0.662
0.422837
0.662
0.662
0.0715051
0.662
0.167851
0.662
0.472293
0.333238
0.0117219
0.662
0.437809
0.169218
0.270213
0.62023
0.0348927
0.662
0.662
0.662
0.153191
0.601251
0.0489649
0.165287
0.383613
0.444026
0.204309
0.662
0.662
0.105005
0.399079
0.662
0.0291598
0.662
0.662
0.662
0.304019
0.662
0.662
0.662
0.220919
0.662
0.137503
0.662
0.483759
0.225063
0.662
0.440456
0.662
0.662
0.662
0.0586974
0.215097
0.534849
0.662
0.333451
0.662
0.187687
0.662
0.422445
0.662
0.470575
0.131616
0.645295
0.662
0.662
0.104227
0.272892
0.662
0.662
0.0889628
0.0906159
0.419808
0.200182
0.37563
0.39874
0.662
0.662
0.662
0.458546
0.322106
0.408598
0.291998
0.662
0.662
0.467265
0.662
0.662
0.662
0.662
0.662
0.662
0.201019
0.662
0.662
0.209379
0.22971
0.314871
0.129155
0.473592
0.662
0.248278
0.662
0.160096
0.662
0.0467186
0.662
0.309538
0.243502
0.662
0.662
0.180822
0.489191
0.445411
0.421382
0.662
0.662
0.249643
0.0751742
0.662
0.662
0.381002
0.193577
0.662
0.449435
0.31681
0.662
0.662
0.662
0.662
0.662
0.300623
0.662
0.0530776
0.044328
0.324831
0.000815932
0.470396
0.662
0.662
0.410888
0.662
0.353823
0.456915
0.651086
0.662
0.662
0.446481
0.385548
0.662
0.662
0.38109
0.272472
0.459532
0.662
0.452467
0.551534
0.116314
0.662
0.662
0.662
0.0514611
0.0409685
0.662
0.662
0.390771
0.662
0.662
0.662
0.662
0.662
0.198679
0.662
0.662
0.662
0.662
0.467114
0.662
0.662
0.444817
0.146977
0.0255646
0.238152
0.662
0.662
0.226232
0.529149
0.0217017
0.305128
0.55172
0.662
0.216523
0.077026
0.662
0.249396
0.0569777
0.296636
0.462343
0.427083
0.330635
0.662
0.662
0.662
0.426952
0.662
0.662
0.662
0.662
0.45533
0.150961
0.662
0.346554
0.662
0.662
0.163535
0.61793
0.662
0.662
0.52113
0.662
0.662
0.107275
0.662
0.662
0.196108
0.662
0.395587
0.662
0.0038181
0.604878
0.662
0.662
0.130083
0.131236
0.334846
0.286326
0.662
0.325549
0.662
0.449291
0.662
0.662
0.662
0.662
0.662
0.291949
0.662
0.344709
0.662
0.515952
0.317905
0.288579
0.662
0.662
0.662
0.662
0.009994
0.662
0.192035
0.150464
0.163852
0.460983
0.237678
0.326542
0.662
0.246228
0.299891
0.662
0.662
0.177978
0.662
0.662
0.20921
0.662
0.336146
0.662
0.598115
0.218662
0.662
0.0429541
0.092189
0.662
0.183227
0.662
0.424138
0.662
0.662
0.662
0.662
0.662
0.662
0.453113
0.225544
0.662
0.211014
0.276932
0.29739
0.0901171
0.467162
0.662
0.429149
0.662
0.65036
0.662
0.662
0.662
0.662
0.662
0.662
0.361102
0.662
0.662
0.662
0.120281
0.662
0.267654
0.662
0.26557
0.02628
0.355784
0.487723
0.662
0.662
0.251252
0.662
0.662
0.662
0.662
0.662
0.662
0.293007
0.0228005
0.584373
0.662
0.272276
0.662
0.542822
0.128267
0.662
0.662
0.662
0.482205
0.271818
0.354403
0.265273
0.63339
0.0990838
0.662
0.662
0.328817
0.662
0.662
0.186737
0.0643501
0.662
0.662
0.0848851
0.662
0.662
0.191308
0.662
0.662
0.377328
0.662
0.251841
0.662
0.336241
0.517722
0.662
0.662
0.662
0.420193
0.662
0.662
0.17882
0.662
0.563728
0.662
0.662
0.0238637
0.469198
0.662
0.296883
0.2143
0.461511
0.662
0.662
0.167714
0.662
0.0261946
0.662
0.662
0.268843
0.662
0.662
0.227653
0.170972
0.00661384
0.662
0.662
0.662
0.662
0.662
0.234273
0.662
0.662
0.662
0.258397
0.179347
0.662
0.217798
0.662
0.0617536
0.352938
0.662
0.662
0.120042
0.209331
0.25798
0.662
0.662
0.429082
0.340597
0.662
0.662
0.662
0.662
0.662
0.00465003
0.161635
0.187368
0.662
0.442232
0.662
0.14308
0.431965
0.662
0.31878
0.662
0.662
0.662
0.662
0.0768681
0.662
0.662
0.662
0.130149
0.356846
0.371738
0.136884
0.297045
0.306308
0.32461
0.429921
0.662
0.130609
0.662
0.662
0.169588
0.47088
0.662
0.662
0.662
0.342372
0.262536
0.662
0.662
0.112286
0.662
0.141751
0.362818
0.468833
0.662
0.662
0.662
0.505668
0.662
0.137529
0.458446
0.0115563
0.662
0.116931
0.662
0.380529
0.662
0.437802
0.336479
0.345996
0.0995387
0.201199
0.662
0.0292989
0.662
0.222527
0.662
0.0910024
0.3212
0.662
0.191492
0.662
0.662
0.150533
0.449186
0.662
0.14033
0.0930432
0.347417
0.662
0.662
0.0286822
0.0682196
0.662
0.662
0.662
0.662
0.172142
0.285466
0.662
0.441201
0.662
0.268954
0.303441
0.303612
0.491601
0.0109759
0.662
0.662
0.662
0.662
0.234846
0.662
0.34831
0.23271
0.662
0.662
0.662
0.662
0.448624
0.662
0.662
0.147997
0.0871092
0.662
0.662
0.422068
0.149566
0.0849685
0.0179592
0.370653
0.451852
0.662
0.662
0.662
0.487638
0.662
0.662
0.662
0.662
0.0657095
0.662
0.662
0.131177
0.662
0.662
0.370767
0.0404163
0.130163
0.662
0.0516197
0.662
0.662
0.257747
0.662
0.662
0.183634
0.662
0.303772
0.404862
0.662
0.662
0.358276
0.662
0.0135565
0.662
0.178396
0.662
0.662
0.193116
0.594998
0.144543
0.0261003
0.249262
0.662
0.129387
0.662
0.26683
0.662
0.320198
0.487162
0.662
0.662
0.095866
0.662
0.3916
0.304799
0.662
0.662
0.428588
0.662
0.570755
0.662
0.0400292
0.649857
0.662
0.390367
0.662
0.662
0.662
0.662
0.662
0.497847
0.662
0.662
0.662
0.286182
0.385348
0.31142
0.662
0.0423278
0.414136
0.662
0.440255
0.662
0.662
0.199771
0.662
0.662
0.662
0.332868
0.328046
0.662
0.445558
0.662
0.662
0.335875
0.662
0.462823
0.215227
0.326284
0.0417307
0.662
0.469022
0.662
0.261814
0.662
0.409345
0.0929761
0.370006
0.635416
0.305978
0.662
0.662
0.279276
0.164802
0.662
0.662
0.662
0.000158481
0.662
0.662
0.19015
0.280155
0.662
0.464634
0.0263792
0.662
0.662
0.588982
0.0305297
0.662
0.0302011
0.180836
0.423583
0.662
0.662
0.398476
0.437067
0.14545
0.662
0.617174
0.662
0.662
0.662
0.662
0.0811376
0.103443
0.662
0.422802
0.242146
0.662
0.662
0.323799
0.662
0.163203
0.662
0.662
0.662
0.414636
0.108584
0.662
0.662
0.662
0.310878
0.406377
0.256559
0.26913
0.324345
0.0131269
0.662
0.338006
0.44204
0.662
0.662
0.140036
0.534254
0.662
0.662
0.436968
0.261266
0.0885937
0.662
0.327058
0.449946
0.526138
0.662
0.451537
0.15046
0.662
0.050592
0.662
0.356065
0.662
0.662
0.662
0.194637
0.662
0.00960999
0.662
0.405056
0.103646
0.243228
0.383572
0.662
0.416813
0.662
0.662
0.662
0.212912
0.662
0.382752
0.228816
0.662
0.00319324
0.662
0.467507
0.662
0.587362
0.662
0.423026
0.432135
0.662
0.662
0.112301
0.662
0.662
0.662
0.662
0.512277
0.662
0.00348889
0.32237
0.662
0.662
0.662
0.662
0.361474
0.187997
0.662
0.0490245
0.115275
0.662
0.662
0.662
0.417079
0.343163
0.662
0.662
0.662
0.102282
0.459603
0.662
0.662
0.207328
0.662
0.662
0.42593
0.662
0.603348
0.662
0.00547061
0.419636
0.120066
0.26695
0.118159
0.662
0.0524703
0.211592
0.662
0.662
0.147785
0.0993631
0.662
0.232782
0.262017
0.662
0.662
0.651773
0.0924874
0.662
0.574184
0.258808
0.662
0.662
0.0859301
0.662
0.662
0.662
0.662
0.662
0.662
0.439556
0.389798
0.662
0.662
0.194247
0.388457
0.185823
0.122316
0.284598
0.662
0.0602928
0.662
0.662
0.373145
0.394178
0.426405
0.298757
0.662
0.0459722
0.662
0.155986
0.662
0.272879
0.662
0.300952
0.0594855
0.662
0.662
0.662
0.377671
0.363158
0.360336
0.662
0.437548
0.363053
0.662
0.662
0.0224814
0.244093
0.416224
0.0242434
0.662
0.155556
0.412321
0.662
0.662
0.215139
0.57762
0.460764
0.331645
0.662
0.0188026
0.0883569
0.662
0.662
0.662
0.662
0.384606
0.662
0.387184
0.662
0.662
0.662
0.662
0.662
0.293368
0.281801
0.662
0.662
0.662
0.633694
0.39715
0.177768
0.662
0.237576
0.662
0.662
0.37633
0.159504
0.0297095
0.662
0.662
0.662
0.300613
0.662
0.169162
0.662
0.215516
0.662
0.289609
0.662
0.662
0.160206
0.662
0.662
0.130863
0.662
0.662
0.612938
0.215602
0.326795
0.585797
0.662
0.5565
0.495355
0.32844
0.205452
0.662
0.140797
0.265951
0.398026
0.662
0.308175
0.297074
0.524583
0.662
0.0461883
0.662
0.662
0.461376
0.662
0.616333
0.662
0.372933
0.39475
0.347474
0.400628
0.662
0.435284
0.662
0.346763
0.0455723
0.267224
0.399086
0.50892
0.662
0.187616
0.662
0.0430289
0.184145
0.662
0.464061
0.221212
0.662
0.130061
0.662
0.135504
0.114886
0.662
0.662
0.00612175
0.662
0.662
0.662
0.662
0.358695
0.662
0.00403036
0.662
0.129243
0.662
0.662
0.191703
0.662
0.459066
0.662
0.0529927
0.662
0.195589
0.662
0.662
0.433257
0.662
0.419907
0.141954
0.442923
0.662
0.487284
0.577917
0.153598
0.0522163
0.263412
0.662
0.322894
0.662
0.0838445
0.290996
0.355503
0.490388
0.662
0.662
0.316873
0.0262186
0.662
0.662
0.218974
0.399579
0.662
0.662
0.662
0.662
0.662
0.00353695
0.607366
0.430698
0.362605
0.662
0.146526
0.458618
0.662
0.251362
0.186198
0.662
0.662
0.281938
0.662
0.662
0.242833
0.269101
0.662
0.662
0.662
0.311365
0.662
0.0856089
0.662
0.192336
0.662
0.662
0.293853
0.662
0.505086
0.633694
0.331611
0.352821
0.143287
0.662
0.662
0.662
0.662
0.662
0.238819
0.344116
0.11274
0.306411
0.662
0.662
0.255164
0.240289
0.0870295
0.662
0.0577391
0.662
0.349608
0.662
0.188258
0.662
0.41858
0.0853873
0.356704
0.195204
0.450561
0.375276
0.403836
0.33189
0.269463
0.662
0.662
0.346396
0.270756
0.662
0.394021
0.0958139
0.662
0.526168
0.256248
0.150498
0.486735
0.662
0.662
0.662
0.32788
0.662
0.662
0.662
0.662
0.379283
0.103665
0.339593
0.662
0.31662
0.620109
0.662
0.609527
0.662
0.662
0.662
0.662
0.592647
0.662
0.662
0.203065
0.0804387
0.231113
0.121861
0.662
0.662
0.662
0.662
0.662
0.391639
0.662
0.16413
0.662
0.41273
0.650086
0.662
0.662
0.133832
0.437257
0.234078
0.454495
0.386369
0.220295
0.662
0.38347
0.338271
0.662
0.198601
0.662
0.662
0.395784
0.662
0.468862
0.662
0.662
0.447836
0.225679
0.662
0.344192
0.213248
0.662
0.662
0.662
0.380322
0.662
0.543842
0.111567
0.070784
0.662
0.11619
0.427645
0.662
0.18259
0.662
0.662
0.437339
0.662
0.662
0.662
0.662
0.0770763
0.662
0.464916
0.662
0.662
0.662
0.662
0.662
0.170021
0.436582
0.0157876
0.324597
0.160792
0.662
0.0241876
0.662
0.662
0.162739
0.0815879
0.662
0.662
0.477521
0.399565
0.662
0.511139
0.662
0.341909
0.662
0.326036
0.00587069
0.244452
0.293558
0.662
0.221676
0.662
0.109319
0.662
0.662
0.225784
0.419232
0.579271
0.276114
0.109111
0.662
0.0760712
0.662
0.662
0.662
0.662
0.415425
0.662
0.662
0.662
0.218637
0.121615
0.662
0.662
0.662
0.363272
0.397919
0.000326704
0.425975
0.662
0.662
0.662
0.338933
0.24603
0.306333
0.25245
0.662
0.0451999
0.662
0.398757
0.422218
0.662
0.662
0.662
0.0873304
0.662
0.183638
0.662
0.662
0.453382
0.662
0.662
0.662
0.662
0.384387
0.139082
0.662
0.662
0.00896199
0.409892
0.662
0.662
0.561932
0.438565
0.662
0.662
0.662
0.46997
0.398801
0.190076
0.662
0.662
0.443481
0.662
0.138633
0.662
0.662
0.0535529
0.256104
0.662
0.662
0.356675
0.662
0.662
0.662
0.389859
0.446628
0.662
0.662
0.662
0.662
0.662
0.370676
0.662
0.444938
0.662
0.419745
0.13122
0.662
0.182091
0.475501
0.596135
0.662
0.42261
0.310944
0.662
0.662
0.181441
0.662
0.192184
0.114271
0.184236
0.662
0.662
0.662
0.662
0.234452
0.662
0.662
0.662
0.105683
0.662
0.307324
0.340202
0.102525
0.23952
0.484023
0.662
0.662
0.430193
0.662
0.0433965
0.28445
0.662
0.662
0.324163
0.662
0.662
0.662
0.148676
0.0422146
0.662
0.318062
0.662
0.662
0.662
0.662
0.237608
0.662
0.188557
0.355942
0.662
0.662
0.662
0.431311
0.284649
0.662
0.415831
0.0484729
0.662
0.662
0.448952
0.662
0.410472
0.662
0.662
0.0498309
0.662
0.411467
0.112877
0.662
0.231357
0.662
0.0726809
0.123836
0.662
0.662
0.430274
0.662
0.662
0.662
0.139384
0.185833
0.662
0.662
0.466004
0.662
0.205956
0.468853
0.196401
0.400492
0.662
0.171481
0.0321859
0.662
0.662
0.662
0.662
0.310449
0.247797
0.662
0.662
0.0301087
0.338662
0.151785
0.357064
0.662
0.213572
0.0230108
0.662
0.383813
0.17868
0.662
0.662
0.662
0.370278
0.207088
0.294262
0.2732
0.662
0.0611531
0.326024
0.662
0.2952
0.662
0.310717
0.662
0.662
0.342037
0.662
0.662
0.662
0.415116
0.227339
0.662
0.401713
0.662
0.450439
0.0821361
0.662
0.251611
0.344045
0.26417
0.662
0.662
0.384324
0.154746
0.662
0.10385
0.318823
0.662
0.39423
0.140232
0.358389
0.414224
0.0532148
0.407493
0.662
0.244358
0.662
0.662
0.649867
0.268471
0.309496
0.662
0.662
0.139747
0.662
0.662
0.662
0.238769
0.662
0.12235
0.528291
0.0659521
0.662
0.328668
0.0748275
0.390028
0.662
0.662
0.662
0.172645
0.662
0.343487
0.288226
0.459276
0.33334
0.662
0.662
0.578986
0.662
0.662
0.662
0.662
0.0175186
0.662
0.662
0.662
0.662
0.11449
0.662
0.0824889
0.662
0.662
0.662
0.472219
0.477363
0.422104
0.27129
0.662
0.315709
0.222173
0.439866
0.662
0.662
0.472142
0.662
0.662
0.662
0.662
0.472872
0.662
0.662
0.0546805
0.648192
0.374616
0.121495
0.662
0.242307
0.662
0.409234
0.0193172
0.459206
0.336613
0.415605
0.662
0.662
0.293481
0.430361
0.662
0.162844
0.662
0.662
0.603512
0.275518
0.662
0.226143
0.0888615
0.662
0.662
0.451967
0.048007
0.219442
0.184624
0.051429
0.662
0.662
0.36129
0.662
0.417825
0.233216
0.662
0.662
0.662
0.167343
0.178805
0.662
0.52059
0.662
0.662
0.662
0.100254
0.662
0.0164196
0.662
0.408903
0.424397
0.662
0.419781
0.232056
0.332607
0.662
0.62509
0.662
0.662
0.187714
0.662
0.662
0.662
0.662
0.159829
0.662
0.320109
0.270751
0.0940198
0.662
0.662
0.662
0.143714
0.662
0.198175
0.662
0.662
0.662
0.328124
0.662
0.314703
0.662
0.333327
0.662
0.662
0.662
0.662
0.357122
0.662
0.026106
0.0846292
0.662
0.406161
0.465044
0.258342
0.185603
0.662
0.662
0.336952
0.662
0.321768
0.662
0.202812
0.662
0.557227
0.662
0.0562798
0.212
0.662
0.662
0.662
0.291714
0.366721
0.188262
0.662
0.257209
0.185117
0.662
0.413236
0.429441
0.233732
0.0191599
0.662
0.662
0.196698
0.472038
0.340767
0.662
0.307291
0.662
0.662
0.662
0.662
0.662
0.662
0.0673864
0.662
0.274753
0.0782496
0.146545
0.236025
0.662
0.420273
0.247341
0.662
0.662
0.0942076
0.388945
0.176542
0.378826
0.662
0.0547127
0.410663
0.662
0.662
0.662
0.435146
0.131774
0.662
0.662
0.662
0.662
0.662
0.263556
0.662
0.348483
0.662
0.277568
0.662
0.264259
0.662
0.662
0.662
0.662
0.229373
0.404021
0.662
0.304709
0.662
0.275811
0.662
0.662
0.256056
0.375004
0.662
0.380522
0.662
0.466202
0.662
0.390823
0.662
0.662
0.662
0.662
0.662
0.662
0.132729
0.662
0.662
0.662
0.662
0.340169
0.129743
0.226955
0.419365
0.662
0.31999
0.234616
0.662
0.332481
0.662
0.662
0.343123
0.481427
0.662
0.456411
0.279959
0.160721
0.197622
0.662
0.0176626
0.265536
0.662
0.662
0.401805
0.190909
0.11442
0.206116
0.662
0.662
0.0748619
0.429418
0.662
0.662
0.123157
0.662
0.662
0.662
0.417915
0.323766
0.110197
0.662
0.349141
0.662
0.250609
0.662
0.662
0.662
0.662
0.192488
0.308181
0.226854
0.345269
0.439451
0.0518733
0.098394
0.184811
0.662
0.17376
0.390092
0.662
