0.0736057
0.662
0.461183
0.535213
0.265582
0.557006
0.465246
0.454048
0.519273
0.662
0.310377
0.189646
0.226013
0.662
0.662
0.662
0.662
0.662
0.248716
0.662
0.440359
0.662
0.205884
0.662
0.288897
0.143896
0.662
0.048138
0.135197
0.662
0.606304
0.43718
0.662
0.662
0.381264
0.357579
0.520434
0.16655
0.374783
0.587402
0.662
0.286444
0.429689
0.662
0.662
0.662
0.445503
0.662
0.662
0.662
0.368894
0.662
0.662
0.457111
0.037449
0.11594
0.392871
0.662
0.0789404
0.448424
0.662
0.662
0.662
0.456194
0.0735844
0.662
0.662
0.662
0.662
0.662
0.662
0.0249327
0.662
0.433323
0.662
0.662
0.432521
0.662
0.490445
0.662
0.662
0.229284
0.662
0.662
0.238856
0.662
0.662
0.662
0.351766
0.662
0.361769
0.662
0.0215436
0.415908
0.662
0.126304
0.505429
0.662
0.662
0.662
0.662
0.662
0.662
0.196606
0.662
0.662
0.662
0.662
0.662
0.179545
0.662
0.35493
0.662
0.447715
0.662
0.405587
0.662
0.219945
0.416765
0.00988794
0.662
0.662
0.662
0.296156
0.0117127
0.662
0.662
0.662
0.662
0.0105959
0.424915
0.306772
0.450435
0.662
0.662
0.662
0.662
0.662
0.662
0.461644
0.365091
0.076835
0.662
0.0643882
0.139171
0.662
0.662
0.281364
0.0522403
0.662
0.325621
0.222382
0.662
0.182236
0.662
0.093088
0.0261855
0.106358
0.256272
0.662
0.662
0.302125
0.662
0.662
0.662
0.662
0.419858
0.470665
0.662
0.662
0.504905
0.662
0.662
0.662
0.292431
0.662
0.250855
0.160718
0.121671
0.0420221
0.348554
0.662
0.662
0.662
0.162898
0.662
0.00226194
0.472459
0.506377
0.0999715
0.662
0.310818
0.389119
0.328251
0.410565
0.303274
0.204508
0.662
0.190431
0.0628209
0.662
0.0818978
0.342681
0.662
0.662
0.440655
0.662
0.388916
0.114874
0.662
0.662
0.134861
0.662
0.662
0.186482
0.662
0.662
0.376975
0.662
0.662
0.662
0.384769
0.662
0.380942
0.662
0.319419
0.662
0.251326
0.319226
0.662
0.115541
0.662
0.386575
0.662
0.245118
0.46748
0.281696
0.662
0.321508
0.662
0.662
0.662
0.109125
0.05459
0.662
0.0288282
0.662
0.107464
0.662
0.156531
0.484863
0.662
0.0686364
0.662
0.21867
0.354004
0.101783
0.662
0.264137
0.187622
0.205679
0.238839
0.662
0.662
0.662
0.662
0.662
0.662
0.662
0.662
0.314957
0.358644
0.662
0.403055
0.662
0.249788
0.662
0.662
0.662
0.662
0.3823
0.662
0.662
0.662
0.662
0.566434
0.662
0.662
0.662
0.13771
0.662
0.212851
0.662
0.662
0.183388
0.45741
0.662
0.662
0.662
0.65002
0.384762
0.662
0.662
0.662
0.662
0.421029
0.0623901
0.662
0.662
0.662
0.662
0.18113
0.476858
0.662
0.399888
0.662
0.298054
0.662
0.662
0.353752
0.192364
0.158586
0.477613
0.130368
0.662
0.662
0.5218
0.662
0.264368
0.662
0.662
0.662
0.0723037
0.193043
0.261355
0.662
0.662
0.280543
0.662
0.662
0.662
0.458232
0.662
0.662
0.662
0.358652
0.662
0.427158
0.662
0.662
0.662
0.662
0.291628
0.414627
0.662
0.243791
0.182814
0.127101
0.108985
0.287262
0.256823
0.304396
0.662
0.0657149
0.21182
0.662
0.662
0.662
0.293689
0.662
0.662
0.531127
0.662
0.662
0.662
0.407634
0.0739017
0.662
0.209457
0.662
0.281771
0.48167
0.215716
0.628
0.662
0.28037
0.662
0.373508
0.662
0.399913
0.662
0.127047
0.662
0.14412
0.276022
0.662
0.662
0.620671
0.662
0.662
0.521791
0.316417
0.662
0.413043
0.662
0.662
0.662
0.662
0.662
0.662
0.662
0.404405
0.269099
0.662
0.125537
0.662
0.292972
0.377145
0.293735
0.487479
0.662
0.308365
0.662
0.190207
0.63802
0.226882
0.662
0.662
0.378676
0.354709
0.662
0.398343
0.662
0.662
0.289534
0.662
0.662
0.662
0.662
0.325662
0.0496982
0.32625
0.29935
0.662
0.662
0.662
0.227523
0.662
0.152215
0.206993
0.662
0.662
0.0534939
0.662
0.129633
0.146922
0.122906
0.341068
0.662
0.662
0.295242
0.662
0.662
0.662
0.0763758
0.320796
0.257589
0.662
0.50416
0.662
0.645341
0.0361062
0.175331
0.256458
0.662
0.662
0.30599
0.382959
0.662
0.266282
0.662
0.352454
0.30304
0.662
0.662
0.662
0.662
0.119929
0.465677
0.391668
0.662
0.662
0.662
0.662
0.27143
0.662
0.121741
0.365405
0.662
0.335627
0.55697
0.662
0.662
0.662
0.0406755
0.662
0.466897
0.0815642
0.0402863
0.212679
0.340192
0.662
0.662
0.662
0.662
0.662
0.0792474
0.662
0.207109
0.322208
0.0493338
0.662
0.247291
0.613891
0.662
0.586622
0.662
0.615373
0.662
0.662
0.662
0.662
0.662
0.662
0.662
0.662
0.378235
0.662
0.662
0.662
0.662
0.497253
0.662
0.510625
0.450304
0.141341
0.662
0.479104
0.143182
0.662
0.662
0.662
0.662
0.662
0.662
0.662
0.662
0.406998
0.662
0.0927503
0.304551
0.326941
0.13759
0.129875
0.662
0.662
0.662
0.0945128
0.662
0.534734
0.154255
0.662
0.662
0.444242
0.432938
0.662
0.662
0.662
0.324263
0.00231892
0.662
0.078921
0.662
0.662
0.0262489
0.383096
0.662
0.662
0.385316
0.662
0.36833
0.662
0.416924
0.318237
0.0914153
0.476084
0.0996761
0.456975
0.362954
0.662
0.662
0.662
0.662
0.662
0.662
0.253171
0.516632
0.133048
0.404309
0.662
0.662
0.341281
0.00286249
0.477179
0.191444
0.342477
0.662
0.662
0.358495
0.205944
0.662
0.369521
0.372058
0.662
0.142574
0.662
0.336842
0.662
0.662
0.662
0.105895
0.662
0.662
0.32329
0.662
0.662
0.662
0.0111441
0.662
0.417282
0.662
0.302319
0.662
0.662
0.662
0.497808
0.323094
0.567746
0.138176
0.662
0.310544
0.662
0.662
0.662
0.662
0.211394
0.662
0.662
0.165165
0.662
0.219501
0.00312845
0.463006
0.0906257
0.662
0.291498
0.0830614
0.169552
0.662
0.311331
0.662
0.662
0.342305
0.348321
0.0220177
0.662
0.138801
0.662
0.662
0.662
0.476939
0.383283
0.662
0.145211
0.000185893
0.483321
0.0939871
0.662
0.662
0.662
0.222235
0.662
0.14969
0.662
0.662
0.662
0.586755
0.306768
0.662
0.662
0.662
0.662
0.662
0.21053
0.662
0.117068
0.383351
0.662
0.662
0.662
0.644621
0.152898
0.662
0.357239
0.208283
0.0869702
0.350129
0.662
0.662
0.662
0.346934
0.558313
0.280276
0.264426
0.662
0.662
0.662
0.662
0.349694
0.662
0.662
0.0073316
0.662
0.176918
0.662
0.662
0.155608
0.486067
0.662
0.458533
0.662
0.161635
0.662
0.285138
0.662
0.0825651
0.662
0.305476
0.662
