0.10541
0.662
0.0347293
0.662
0.531127
0.662
0.22876
0.662
0.662
0.385423
0.305476
0.152215
0.367378
0.662
0.662
0.0763758
0.300263
0.662
0.662
0.187956
0.662
0.662
0.192364
0.662
0.175284
0.662
0.662
0.461644
0.463006
0.662
0.219501
0.351766
0.325621
0.662
0.662
0.435619
0.662
0.378235
0.662
0.662
0.662
0.662
0.662
0.399109
0.662
0.14412
0.246301
0.205884
0.0534939
0.0261855
0.342632
0.185387
0.198693
0.662
0.3587
0.290468
0.379378
0.662
0.662
0.662
0.603028
0.662
0.662
0.662
0.225625
0.662
0.662
0.662
0.432661
0.279287
0.52898
0.486067
0.662
0.28037
0.662
0.662
0.285844
0.662
0.421875
0.662
0.407634
0.200558
0.140117
0.306151
0.297934
0.662
0.439411
0.662
0.424915
0.662
0.662
0.0996761
0.662
0.662
0.662
0.285138
0.662
0.662
0.0171747
0.198695
0.662
0.0516815
0.662
0.179545
0.662
0.278358
0.662
0.662
0.662
0.662
0.557656
0.419767
0.662
0.662
0.268293
0.353006
0.662
0.662
0.40463
0.456194
0.662
0.662
0.29814
0.217874
0.662
0.483321
0.662
0.192727
0.662
0.133454
0.662
0.342681
0.54553
0.662
0.662
0.662
0.662
0.662
0.505429
0.212679
0.662
0.662
0.662
0.662
0.429622
0.662
0.32497
0.0825651
0.662
0.662
0.662
0.662
0.455381
0.662
0.662
0.187622
0.432938
0.662
0.662
0.16204
0.662
0.306772
0.662
0.662
0.064017
0.27419
0.662
0.281364
0.12551
0.0361062
0.295284
0.0991948
0.662
0.662
0.0927503
0.258836
0.662
0.662
0.662
0.662
0.0999441
0.403055
0.662
0.331552
0.662
0.662
0.662
0.662
0.662
0.662
0.362954
0.662
0.490773
0.662
0.662
0.219651
0.662
0.13771
0.662
0.662
0.319226
0.0136944
0.662
0.662
0.429313
0.53857
0.662
0.662
0.662
0.662
0.662
0.190871
0.662
0.662
0.662
0.662
0.662
0.662
0.662
0.662
0.300319
0.662
0.206074
0.662
0.0420221
0.662
0.662
0.470894
0.210838
0.662
0.0686364
0.662
0.192439
0.662
0.662
0.398343
0.662
0.662
0.0945128
0.662
0.227269
0.662
0.662
0.662
0.662
0.246114
0.662
0.662
0.295242
0.662
0.467126
0.0678423
0.285369
0.215548
0.319419
0.233552
0.489682
0.0739017
0.662
0.313901
0.293616
0.308365
0.349563
0.115541
0.257589
0.662
0.23178
0.377314
0.662
0.141341
0.662
0.662
0.662
0.218526
0.201747
0.662
0.662
0.0643475
0.662
0.662
0.468435
0.662
0.293689
0.250726
0.662
0.162059
0.261809
0.662
0.184822
0.662
0.662
0.662
0.268187
0.437397
0.662
0.112925
0.138873
0.662
0.644621
0.662
0.662
0.662
0.0832083
0.488437
0.662
0.247291
0.662
0.292972
0.662
0.0351192
0.662
0.0375762
0.662
0.134054
0.280339
0.662
0.662
0.0149419
0.662
0.13873
0.357239
0.298054
0.662
0.662
0.0212066
0.403378
0.369521
0.662
0.662
0.112406
0.662
0.203281
0.428689
0.376042
0.460488
0.662
0.662
0.662
0.662
0.662
0.662
0.0735844
0.662
0.138801
0.0964975
0.662
0.662
0.0959977
0.662
0.662
0.0643882
0.662
0.225324
0.497253
0.376216
0.368894
0.662
0.176393
0.392871
0.235367
0.381264
0.0722014
0.43718
0.250855
0.662
0.662
0.162633
0.352454
0.662
0.662
0.662
0.196096
0.662
0.0511248
0.662
0.00304964
0.300188
0.32625
0.394746
0.662
0.32329
0.1871
0.477613
0.0623901
0.606304
0.662
0.662
0.662
0.140495
0.374752
0.662
0.337825
0.160718
0.662
0.265626
0.662
0.662
0.662
0.0608539
0.231992
0.385034
0.662
0.662
0.0250204
0.662
0.662
0.662
0.0792474
0.662
0.295917
0.662
0.558313
0.662
0.155746
0.662
0.662
0.662
0.448336
0.662
0.662
0.662
0.0943482
0.493065
0.0140069
0.342477
0.662
0.0672237
0.386692
0.662
0.662
0.662
0.262231
0.662
0.473969
0.441656
0.373508
0.454048
0.662
0.662
0.662
0.662
0.662
0.662
0.0151285
0.323094
0.662
0.13288
0.662
0.0467618
0.218359
0.18113
0.229284
0.21053
0.662
0.662
0.662
0.662
0.162074
0.662
0.662
0.662
0.662
0.662
0.364571
0.0049306
0.0470915
0.213438
0.662
0.662
0.662
0.662
0.085673
0.662
0.238839
0.662
0.662
0.662
0.205679
0.662
0.169534
0.662
0.191444
0.211284
0.36833
0.0713441
0.495599
0.662
0.343083
0.662
0.662
0.662
0.245118
0.662
0.662
0.662
0.458232
0.537749
0.662
0.662
0.270391
0.662
0.662
0.662
0.135197
0.426004
0.236349
0.127101
0.662
0.662
0.0137031
0.662
0.662
0.662
0.265582
0.134861
0.662
0.311754
0.411286
0.229233
0.662
0.662
0.662
0.662
0.662
0.078921
0.464535
0.662
0.662
0.662
0.226882
0.528941
0.211027
0.662
0.662
0.662
0.245069
0.662
0.662
0.121197
0.662
0.445526
0.350385
0.249788
0.662
0.377145
0.662
0.144286
0.236386
0.662
0.662
0.181176
0.16655
0.662
0.662
0.662
0.662
0.662
0.662
0.662
0.662
0.662
0.662
0.662
0.662
0.341068
0.662
0.220053
0.662
0.662
0.662
0.189646
0.238856
0.62882
0.57334
0.662
0.662
0.662
0.662
0.36422
0.662
0.377529
0.662
0.662
0.662
0.662
0.662
0.349694
0.662
0.662
0.662
0.662
0.662
0.20992
0.662
0.662
0.516632
0.286705
0.0746677
0.408883
0.662
0.662
0.662
0.489532
0.0472819
0.535213
0.388186
0.264426
0.662
0.662
0.269087
0.662
0.456975
0.120683
0.515655
0.456439
0.662
0.211538
0.138176
0.662
0.468836
0.662
0.304551
0.662
0.12374
0.388916
0.662
0.662
0.662
0.662
0.205944
0.348829
0.120534
0.662
0.164714
0.662
0.662
0.662
0.195603
0.342305
0.662
0.662
0.662
0.197688
0.662
0.662
0.662
0.284708
0.662
0.662
0.106358
0.662
0.662
0.0726331
0.0117127
0.280276
0.662
0.662
0.662
0.662
0.662
0.328447
0.0789404
0.0701056
0.415318
0.662
0.662
0.662
0.662
0.662
0.407475
0.662
0.662
0.662
0.662
0.662
0.306585
0.662
0.556909
0.30599
0.662
0.457111
0.155608
0.0105959
0.274286
0.471247
0.264368
0.645341
0.662
0.662
0.662
0.336604
0.130368
0.662
0.500546
0.662
0.129633
0.662
0.662
0.629706
0.161635
0.662
0.662
0.251464
0.124679
0.320796
0.620671
0.365778
0.195146
0.351623
0.419858
0.662
0.0886804
0.662
0.662
0.189605
0.662
0.179286
0.569534
0.221897
0.662
0.662
0.477724
0.404405
0.431731
0.171296
0.101885
0.662
0.662
0.662
0.662
0.662
0.0846217
0.119929
0.662
0.662
0.662
0.40346
0.662
0.662
0.143182
0.0286986
0.662
0.662
0.341281
0.615373
0.158586
0.348554
0.662
0.662
