0.662
0.662
0.195204
0.662
0.662
0.457142
0.662
0.112286
0.662
0.368214
0.662
0.447995
0.44988
0.35301
0.662
0.290628
0.529464
0.662
0.228384
0.662
0.244655
0.355501
0.662
0.662
0.662
0.467347
0.662
0.662
0.596135
0.662
0.662
0.662
0.662
0.662
0.662
0.0811376
0.662
0.0198116
0.662
0.424616
0.0470539
0.3916
0.0212928
0.419907
0.662
0.662
0.662
0.296636
0.662
0.358389
0.662
0.335875
0.431423
0.662
0.662
0.662
0.47595
0.0928518
0.662
0.662
0.662
0.662
0.26913
0.662
0.662
0.662
0.662
0.553014
0.662
0.401143
0.0105774
0.355942
0.0907971
0.662
0.511059
0.662
0.662
0.662
0.662
0.254888
0.143452
0.39295
0.662
0.662
0.662
0.170972
0.662
0.662
0.662
0.662
0.662
0.662
0.429921
0.444122
0.353028
0.662
0.405947
0.39475
0.662
0.662
0.163485
0.640763
0.353864
0.662
0.662
0.662
0.207088
0.662
0.192978
0.662
0.662
0.472293
0.0332323
0.662
0.662
0.662
0.220863
0.662
0.662
0.662
0.570459
0.176651
0.220797
0.662
0.662
0.662
0.662
0.0248268
0.557732
0.0178192
0.662
0.662
0.662
0.662
0.662
0.260877
0.662
0.0302011
0.349608
0.662
0.662
0.451364
0.0684698
0.29617
0.662
0.662
0.405903
0.335649
0.0889628
0.662
0.393565
0.284598
0.662
0.241503
0.318823
0.328124
0.300974
0.662
0.662
0.662
0.380056
0.392446
0.399399
0.374616
0.662
0.446189
0.662
0.33652
0.662
0.662
0.459828
0.10558
0.662
0.662
0.446149
0.149385
0.189664
0.662
0.662
0.662
0.662
0.616333
0.0667125
0.662
0.662
0.399086
0.662
0.662
0.662
0.62023
0.261066
0.0176626
0.386057
0.53091
0.103857
0.165193
0.452091
0.303734
0.662
0.297466
0.420547
0.662
0.662
0.292268
0.662
0.662
0.00348889
0.458546
0.662
0.662
0.662
0.0117219
0.355706
0.662
0.662
0.662
0.490388
0.662
0.525077
0.662
0.662
0.662
0.554203
0.0510152
0.662
0.0785214
0.662
0.423808
0.662
0.307324
0.662
0.662
0.662
0.390188
0.662
0.422837
0.0291706
0.662
0.229578
0.173596
0.662
0.293508
0.449291
0.635416
0.662
0.662
0.279695
0.662
0.662
0.662
0.460605
0.662
0.662
0.662
0.662
0.300065
0.304709
0.24775
0.526371
0.662
0.228316
0.662
0.662
0.0188026
0.141606
0.662
0.253469
0.662
0.662
0.662
0.0508645
0.416813
0.662
0.445251
0.662
0.662
0.237608
0.38839
0.662
0.662
0.662
0.662
0.434332
0.411467
0.192035
0.662
0.134251
0.355118
0.230779
0.662
0.662
0.662
0.662
0.662
0.0366464
0.440848
0.662
0.00259228
0.34365
0.0478892
0.101755
0.662
0.130609
0.462673
0.662
0.662
0.662
0.662
0.215538
0.377328
0.0618524
0.662
0.192583
0.372743
0.662
0.0212315
0.662
0.063536
0.403836
0.662
0.662
0.662
0.328043
0.138506
0.167343
0.662
0.662
0.662
0.662
0.662
0.662
0.249583
0.662
0.662
0.662
0.0091337
0.662
0.308765
0.0542596
0.398801
0.662
0.662
0.0720252
0.375618
0.249474
0.662
0.662
0.662
0.0196987
0.265152
0.027135
0.662
0.662
0.265273
0.662
0.662
0.0532016
0.112247
0.256248
0.662
0.662
0.662
0.432022
0.324406
0.662
0.47245
0.0169251
0.662
0.357234
0.662
0.662
0.309703
0.662
0.340153
0.382277
0.662
0.561932
0.662
0.662
0.063798
0.662
0.662
0.246051
0.151863
0.241411
0.073676
0.662
0.458446
0.00024423
0.662
0.662
0.662
0.471809
0.662
0.662
0.394329
0.477573
0.662
0.662
0.662
0.287531
0.466202
0.292093
0.662
0.662
0.662
0.308406
0.1631
0.0930432
0.131241
0.662
0.662
0.344709
0.143312
0.662
0.662
0.0963005
0.662
0.662
0.498203
0.662
0.319455
0.417825
0.362303
0.662
0.00319324
0.174703
0.662
0.0038181
0.662
0.662
0.662
0.293019
0.400628
0.662
0.424481
0.125738
0.259857
0.300444
0.662
0.186586
0.410531
0.150821
0.0073801
0.380725
0.163203
0.633694
0.236901
0.662
0.662
0.340222
0.199578
0.662
0.662
0.339665
0.390092
0.662
0.453091
0.49477
0.399079
0.459482
0.662
0.662
0.662
0.210446
0.662
0.16135
0.662
0.662
0.662
0.662
0.553023
0.341595
0.662
0.662
0.100273
0.662
0.662
0.662
0.662
0.178014
0.662
0.0886136
0.662
0.662
0.18264
0.457995
0.662
0.662
0.370419
0.224485
0.662
0.662
0.662
0.662
0.598115
0.662
0.267654
0.662
0.122236
0.264259
0.662
0.21157
0.384167
0.662
0.199771
0.662
0.0300122
0.204309
0.320109
0.399652
0.662
0.000815932
0.135504
0.39584
0.662
0.662
0.467265
0.662
0.121354
0.662
0.662
0.494903
0.259148
0.216713
0.168886
0.372706
0.143305
0.449435
0.648192
0.662
0.240591
0.662
0.662
0.662
0.0316898
0.662
0.662
0.148676
0.434855
0.662
0.14033
0.160721
0.662
0.662
0.662
0.662
0.662
0.662
0.430835
0.341055
0.185823
0.662
0.662
0.662
0.213097
0.662
0.258481
0.00896199
0.169162
0.662
0.662
0.33334
0.662
0.286182
0.662
0.0539134
0.662
0.14477
0.242833
0.0744805
0.237332
0.662
0.662
0.662
0.384269
0.326542
0.662
0.662
0.469863
0.662
0.662
0.112877
0.662
0.662
0.38167
0.346554
0.662
0.0439302
0.662
0.300613
0.374021
0.662
0.205956
0.377671
0.145261
0.470192
0.0352578
0.36191
0.220817
0.662
0.662
0.662
0.662
0.293368
0.662
0.662
0.662
0.645295
0.662
0.338201
0.662
0.662
0.142967
0.171835
0.662
0.348223
0.152047
0.662
0.662
0.662
0.113279
0.662
0.323783
0.662
0.269316
0.349989
0.662
0.662
0.254345
0.662
0.131774
0.0519007
0.407924
0.662
0.662
0.301642
0.662
0.0348927
0.342499
0.0760712
0.662
0.662
0.450182
0.662
0.662
0.111455
0.592444
0.142305
0.662
0.453378
0.300845
0.662
0.662
0.354781
0.662
0.662
0.662
0.415605
0.256648
0.662
0.326812
0.662
0.662
0.637137
0.662
0.662
0.662
0.662
0.662
0.662
0.604569
0.310099
0.30769
0.662
0.124498
0.662
0.232927
0.662
0.215516
0.432771
0.662
0.662
0.0438226
0.662
0.662
0.140967
0.272879
0.662
0.477363
0.662
0.187042
0.662
0.456411
0.0458411
0.149355
0.341805
0.10385
0.176547
0.394178
0.662
0.102468
0.00820524
0.4169
0.662
0.662
0.662
0.495608
0.113221
0.46965
0.662
0.662
0.430639
0.662
0.662
0.662
0.662
0.389859
0.662
0.662
0.335471
0.38347
0.338271
0.216298
0.411552
0.662
0.587362
0.349422
0.191026
0.662
0.316313
0.187328
0.662
0.203352
0.529133
0.159504
0.662
0.415085
0.310449
0.662
0.662
0.0772072
0.287356
0.0611531
0.662
0.662
0.336462
0.662
0.662
0.0948459
0.299104
0.662
0.662
0.662
0.404697
0.251362
0.662
0.0292278
0.152201
0.662
0.613256
0.468833
0.662
0.662
0.334672
0.662
0.30007
0.662
0.662
0.142031
0.662
0.487284
0.662
0.662
0.538926
0.196352
0.022383
0.249577
0.0388591
0.662
0.662
0.662
0.345052
0.662
0.391794
0.36532
0.373835
0.455138
0.0660712
0.425992
0.662
0.662
0.0636074
0.662
0.251702
0.662
0.148519
0.662
0.662
0.370107
0.662
0.662
0.662
0.662
0.0739834
0.662
0.662
0.0619296
0.662
0.420388
0.662
0.400206
0.208512
0.17686
0.662
0.662
0.662
0.662
0.662
0.662
0.662
0.170374
0.579864
0.352336
0.172645
0.455947
0.235653
0.662
0.662
0.450561
0.440972
0.662
0.662
0.323792
0.662
0.662
0.307291
0.662
0.21409
0.408548
0.662
0.0974475
0.356096
0.662
0.346043
0.662
0.585947
0.290989
0.662
0.662
0.662
0.424397
0.258919
0.196278
0.188456
0.112993
0.612609
0.105683
0.662
0.662
0.0423789
0.24738
0.000823683
0.662
0.662
0.662
0.662
0.250717
0.662
0.170401
0.20921
0.662
0.662
0.131159
0.662
0.662
0.544454
0.331645
0.377398
0.662
0.412416
0.662
0.222001
0.662
0.662
0.662
0.662
0.662
0.662
0.662
0.662
0.662
0.240289
0.0241876
0.662
0.342403
0.297786
0.662
0.429149
0.404021
0.113016
0.340959
0.662
0.662
0.555876
0.210724
0.662
0.000153284
0.662
0.662
0.662
0.662
0.0228005
0.662
0.662
0.13172
0.412321
0.662
0.662
0.662
0.651773
0.662
0.662
0.159591
0.481427
0.662
0.196698
0.262536
0.332483
0.662
0.525086
0.662
0.448518
0.429236
0.0565887
0.371603
0.00203888
0.662
0.662
0.662
0.15675
0.662
0.662
0.662
0.662
0.662
0.662
0.662
0.662
0.662
0.662
0.662
0.0246719
0.218662
0.662
0.20581
0.326967
0.446743
0.662
0.118835
0.191464
0.662
0.662
0.549637
0.662
0.662
0.0502131
0.0586974
0.662
0.350276
0.662
0.662
0.207899
0.662
0.662
0.662
0.356543
0.662
0.374203
0.662
0.411939
0.45166
0.662
0.198214
0.170558
0.662
0.662
0.325403
0.581604
0.373835
0.168314
0.662
0.363158
0.360336
0.662
0.215602
0.662
0.662
0.0929761
0.439894
0.662
0.662
0.0242434
0.662
0.662
0.662
0.662
0.272472
0.376234
0.318602
0.275182
0.662
0.662
0.662
0.662
0.662
0.662
0.662
0.662
0.463444
0.662
0.662
0.177768
0.662
0.662
0.662
0.662
0.662
0.479723
0.602474
0.662
0.662
0.662
0.662
0.662
0.662
0.332607
0.662
0.662
0.230337
0.242063
0.471298
0.662
0.120906
0.662
0.662
0.662
0.462561
0.502528
0.18282
0.662
0.662
0.458112
0.662
0.662
0.662
0.662
0.662
0.662
0.662
0.662
0.662
0.0774335
0.0371426
0.14252
0.039963
0.151695
0.482932
0.295068
0.13881
0.15545
0.248392
0.662
0.129155
0.662
0.662
0.432135
0.662
0.356704
0.662
0.662
0.645337
0.195505
0.425792
0.662
0.662
0.662
0.0261946
0.662
0.662
0.662
0.434292
0.662
0.662
0.662
0.0748275
0.146399
0.662
0.0676032
0.198601
0.382295
0.185384
0.153916
0.662
0.662
0.569628
0.662
0.662
0.255584
0.203704
0.662
0.439467
0.662
0.454518
0.380833
0.649857
0.662
0.662
0.189214
0.662
0.662
0.0885937
0.440061
0.662
0.224247
0.662
0.662
0.61911
0.550014
0.400965
0.0831048
0.662
0.662
0.662
0.43856
0.662
0.662
0.662
0.662
0.472872
0.0330223
0.525207
0.0659521
0.444818
0.434012
0.662
0.430698
0.320419
0.340169
0.163852
0.662
0.0921154
0.35089
0.662
0.358902
0.662
0.662
0.480739
0.14308
0.662
0.662
0.100057
0.0516197
0.662
0.662
0.146526
0.528291
0.425457
0.371307
0.427309
0.662
0.257131
0.323046
0.372411
0.137503
0.398294
0.458935
0.662
0.622229
0.662
0.662
0.662
0.231041
0.662
0.662
0.662
0.662
0.662
0.0238637
0.662
0.326795
0.662
0.662
0.662
0.132645
0.662
0.0268007
0.244932
0.248764
0.662
0.440911
0.106912
0.497594
0.217754
0.662
0.397226
0.662
0.155841
0.662
0.234444
0.662
0.662
0.222354
0.55605
0.662
0.662
0.662
0.606737
0.662
0.512791
0.662
0.213873
0.0243571
0.662
0.482132
0.288057
0.0906159
0.662
0.286326
0.662
0.473676
0.0084025
0.384387
0.604878
0.662
0.235911
0.662
0.474114
0.662
0.419636
0.662
0.662
0.435284
0.0696358
0.595194
0.662
0.651086
0.662
0.322474
0.550622
0.262017
0.662
0.435186
0.662
0.357307
0.662
0.0423278
0.662
0.603375
0.310259
0.0409685
0.391931
0.32786
0.412053
0.662
0.0162832
0.24429
0.528182
0.662
0.662
0.164802
0.662
0.662
0.662
0.0990838
0.336613
0.662
0.248917
0.662
0.662
0.662
0.35711
0.105004
0.439556
0.231357
0.39874
0.662
0.180427
0.662
0.40109
0.404319
0.268954
0.662
0.477481
0.26683
0.662
0.662
0.662
0.454849
0.26279
0.161635
0.0594323
0.662
0.662
0.0138981
0.350269
0.39014
0.662
0.0923513
0.131236
0.662
0.374832
0.375121
0.310354
0.407984
0.662
0.662
0.14199
0.0642835
0.662
0.0369941
0.321963
0.662
0.125069
0.427083
0.330635
0.662
0.662
0.662
0.441948
0.0430289
0.662
0.662
0.662
0.38239
0.662
0.324831
0.662
0.662
0.13237
0.350621
0.258397
0.601251
0.00411689
0.662
0.259624
0.662
0.194397
0.662
0.662
0.662
0.0748619
0.662
0.0447459
0.00453548
0.662
0.423026
0.0853873
0.408598
0.662
0.662
0.086264
0.247797
0.662
0.662
0.237586
0.394021
0.215476
0.0326153
0.662
0.418377
0.662
0.558794
0.342517
0.662
0.629763
0.662
0.0870295
0.662
0.662
0.662
0.662
0.662
0.662
0.662
0.662
0.12008
0.410846
0.662
0.662
0.662
0.662
0.662
0.662
0.662
0.13122
0.377237
0.362605
0.662
0.662
0.662
0.662
0.662
0.662
0.049569
0.543502
0.662
0.662
0.662
0.662
0.662
0.662
0.662
0.148624
0.46997
0.430314
0.0821361
0.0263792
0.548024
0.588982
0.512381
0.662
0.380522
0.662
0.0910594
0.139747
0.149566
0.662
0.220637
0.662
0.475121
0.662
0.201878
0.662
0.404005
0.16652
0.662
0.258342
0.245077
0.257281
0.662
0.662
0.0297106
0.662
0.662
0.662
0.662
0.662
0.169557
0.662
0.662
0.529306
0.662
0.662
0.359397
0.215227
0.147989
0.486314
0.0860338
0.26572
0.469198
0.662
0.662
0.213008
0.662
0.0400186
0.662
0.662
0.343163
0.298318
0.662
0.662
0.21651
0.662
0.546577
0.662
0.662
0.662
0.0287574
0.386644
0.416224
0.178394
0.451858
0.501955
0.662
0.662
0.246228
0.0191599
0.374008
0.662
0.662
0.252554
0.662
0.662
0.31451
0.662
0.33189
0.662
0.280054
0.662
0.228542
0.662
0.662
0.487162
0.282703
0.629706
0.662
0.0780012
0.662
0.243131
0.662
0.662
0.0378712
0.63339
0.662
0.0268822
0.051429
0.225557
0.236325
0.26557
0.227316
0.662
0.239898
0.662
0.437257
0.355617
0.662
0.231208
0.00960999
0.368427
0.318062
0.662
0.662
0.140886
0.662
0.662
0.662
0.662
0.662
0.662
0.239006
0.662
0.44904
0.0866651
0.0483114
0.662
0.662
0.662
0.205019
0.662
0.662
0.662
0.369775
0.662
0.662
0.469187
0.0240994
0.107581
0.662
0.350728
0.116931
0.662
0.198679
0.0254604
0.111567
0.294397
0.291949
0.610372
0.662
0.0405162
0.512839
0.279237
0.444938
0.42593
0.662
0.381147
0.662
0.662
0.662
0.662
0.161388
0.446628
0.136884
0.121096
0.662
0.662
0.2952
0.662
0.122643
0.662
0.662
0.139536
0.10939
0.662
0.251611
0.662
0.662
0.662
0.0582973
0.383298
0.662
0.662
0.250887
0.456842
0.662
0.662
0.662
0.662
0.234552
0.662
0.662
0.662
0.662
0.612938
0.662
0.662
0.422802
0.662
0.37633
0.456915
0.400902
0.0903311
0.464265
0.662
0.200091
0.662
0.662
0.489191
0.140797
0.662
0.662
0.662
0.662
0.413921
0.226809
0.250429
0.415831
0.400492
0.662
0.662
0.210011
0.662
0.169218
0.303441
0.662
0.300414
0.100254
0.662
0.205452
0.384387
0.195589
0.662
0.359374
0.287035
0.662
0.317493
0.28445
0.227856
0.662
0.556074
0.662
0.662
0.662
0.662
0.662
0.662
0.0888615
0.662
0.662
0.0185278
0.239418
0.662
0.662
0.662
0.662
0.264717
0.662
0.227595
0.0940198
0.662
0.375176
0.662
0.662
0.356675
0.662
0.413365
0.662
0.00612175
0.441212
0.662
0.16413
0.156631
0.153548
0.662
0.0297095
0.205187
0.662
0.300153
0.662
0.662
0.662
0.662
0.662
0.422104
0.27129
0.22089
0.662
0.389382
0.43859
0.662
0.0236104
0.450206
0.662
0.411659
0.662
0.662
0.662
0.0880958
0.662
0.579261
0.662
0.662
0.662
0.0514611
0.250837
0.301214
0.662
0.662
0.131616
0.662
0.537436
0.662
0.018097
0.662
0.662
0.662
0.355618
0.233732
0.107926
0.662
0.138704
0.305128
0.662
0.662
0.662
0.407995
0.662
0.219384
0.430361
0.662
0.662
0.662
0.214066
0.192184
0.662
0.306921
0.662
0.146977
0.393937
0.662
0.105043
0.370767
0.662
0.49888
0.662
0.44955
0.114886
0.662
0.662
0.202246
0.337593
0.662
0.662
0.227339
0.662
0.662
0.662
0.108295
0.662
0.181441
0.662
0.279337
0.144543
0.226232
0.662
0.353175
0.302052
0.335861
0.662
0.429082
0.0132079
0.389925
0.462343
0.662
0.662
0.662
0.579271
0.425975
0.662
0.662
0.662
0.662
0.662
0.410613
0.662
0.662
0.265122
0.0370984
0.379813
0.662
0.201565
0.662
0.662
0.472038
0.662
0.662
0.194069
0.12624
0.662
0.662
0.27961
0.662
0.662
0.662
0.662
0.662
0.190589
0.475501
0.281236
0.339474
0.662
0.310944
0.662
0.28522
0.314892
0.662
0.662
0.662
0.578745
0.662
0.662
0.662
0.581596
0.310875
0.180836
0.397449
0.351373
0.19296
0.0797501
0.662
0.184145
0.217157
0.0262186
0.423541
0.43879
0.662
0.662
0.662
0.662
0.662
0.662
0.662
0.379487
0.662
0.65036
0.122304
0.100917
0.544849
0.662
0.140123
0.662
0.650086
0.662
0.431965
0.662
0.662
0.662
0.0172319
0.662
0.0518733
0.662
0.662
0.226127
0.498118
0.197622
0.662
0.426405
0.662
0.274529
0.370234
0.187091
0.662
0.480999
0.662
0.662
0.55311
0.662
0.662
0.662
0.662
0.250415
0.662
0.482205
0.420273
0.431311
0.605069
0.376585
0.0942076
0.662
0.278279
0.611987
0.662
0.662
0.280899
0.662
0.0838445
0.662
0.662
0.251864
0.662
0.662
0.426055
0.115275
0.116244
0.662
0.239177
0.648899
0.369198
0.662
0.662
0.0155343
0.662
0.399666
0.662
0.662
0.352322
0.0109759
0.662
0.404797
0.316621
0.662
0.0308918
0.662
0.662
0.102886
0.37563
0.662
0.662
0.662
0.662
0.662
0.180859
0.662
0.0959163
0.662
0.662
0.662
0.0978406
0.452296
0.453478
0.017301
0.204949
0.662
0.196108
0.448624
0.0451106
0.109319
0.662
0.662
0.432612
0.662
0.461076
0.0890359
0.0108689
0.13351
0.662
0.33819
0.662
0.662
0.250118
0.36129
0.195754
0.17376
0.232661
0.662
0.0849685
0.662
0.662
0.272276
0.36434
0.662
0.0642294
0.662
0.662
0.409345
0.143287
0.662
0.662
0.357064
0.312167
0.662
0.662
0.247341
0.662
0.662
0.662
0.662
0.41858
0.662
0.662
0.662
0.662
0.662
0.215097
0.662
0.487591
0.662
0.662
0.066086
0.662
0.662
0.662
0.0952041
0.662
0.662
0.057584
0.239116
0.591616
0.47156
0.100931
0.662
0.662
0.662
0.662
0.662
0.315709
0.377688
0.662
0.470894
0.319499
0.0899104
0.349037
0.662
0.662
0.662
0.662
0.662
0.259345
0.426581
0.427515
0.36137
0.662
0.613297
0.662
0.662
0.662
0.662
0.662
0.662
0.52059
0.662
0.0135138
0.662
0.515952
0.400136
0.0245111
0.285466
0.662
0.662
0.662
0.662
0.095866
0.662
0.122519
0.122704
