0.322314
0.339785
0.312843
0.230996
0.662
0.662
0.662
0.513221
0.31423
0.662
0.140778
0.183143
0.662
0.662
0.662
0.314726
0.29299
0.354873
0.662
0.662
0.662
0.662
0.662
0.662
0.662
0.662
0.425147
0.662
0.45861
0.662
0.662
0.662
0.363754
0.662
0.296935
0.381061
0.662
0.662
0.00964215
0.050314
0.227542
0.662
0.129343
0.662
0.315055
0.179074
0.662
0.662
0.436167
0.662
0.0477162
0.298593
0.662
0.662
0.662
0.662
0.100444
0.406498
0.207652
0.662
0.131594
0.662
0.662
0.337497
0.662
0.322508
0.0434857
0.159
0.214185
0.662
0.662
0.436315
0.662
0.662
0.457714
0.662
0.0195483
0.662
0.662
0.2652
0.257161
0.424415
0.662
0.414791
0.241827
0.662
0.662
0.112136
0.325155
0.662
0.271925
0.662
0.662
0.662
0.662
0.662
0.662
0.377605
0.662
0.466694
0.0640081
0.662
0.662
0.354737
0.637864
0.255745
0.388664
0.662
0.0877817
0.662
0.662
0.662
0.0741488
0.662
0.268718
0.662
0.076525
0.662
0.662
0.104325
0.662
0.662
0.662
0.629706
0.327235
0.404511
0.662
0.662
0.630515
0.209801
0.662
0.662
0.194737
0.662
0.662
0.662
0.334534
0.662
0.662
0.179442
0.662
0.662
0.231263
0.662
0.662
0.471478
0.662
0.662
0.258086
0.662
0.489314
0.662
0.662
0.63339
0.662
0.662
0.662
0.372644
0.662
0.662
0.42076
0.472023
0.140175
0.0113132
0.46839
0.127609
0.0410522
0.217588
0.154563
0.662
0.210792
0.662
0.20589
0.228286
0.662
0.662
0.474905
0.01499
0.662
0.471906
0.662
0.210005
0.662
0.662
0.662
0.662
0.26077
0.320733
0.662
0.662
0.662
0.662
0.425308
0.504557
0.662
0.294469
0.493262
0.251256
0.048009
0.662
0.202284
0.122877
0.316548
0.662
0.662
0.662
0.662
0.662
0.662
0.662
0.662
0.32914
0.662
0.662
0.238686
0.662
0.131516
0.662
0.449844
0.662
0.662
0.662
0.261739
0.662
0.662
0.662
0.0276655
0.662
0.662
0.662
0.274908
0.662
0.529625
0.20549
0.662
0.662
0.662
0.662
0.563206
0.238008
0.662
0.270898
0.349963
0.4187
0.662
0.662
0.662
0.662
0.662
0.0179328
0.662
0.462851
0.0496862
0.631147
0.172311
0.277083
0.662
0.434566
0.160823
0.662
0.429577
0.662
0.662
0.662
0.662
0.510497
0.662
0.270032
0.662
0.662
0.408081
0.662
0.662
0.662
0.341493
0.662
0.662
0.662
0.662
0.124957
0.662
0.202335
0.662
0.334208
0.192952
0.662
0.662
0.376202
0.662
0.487425
0.662
0.662
0.662
0.187288
0.536894
0.662
0.280005
0.508482
0.375091
0.180317
0.223369
0.20646
0.038814
0.662
0.304685
0.327566
0.662
0.518548
0.662
0.662
0.313195
0.227439
0.305574
0.120676
0.116256
0.662
0.662
0.475036
0.0543383
0.662
0.0761957
0.662
0.662
0.662
0.662
0.234922
0.662
0.662
0.662
0.662
0.211844
0.662
0.662
0.662
0.323382
0.662
0.383011
0.662
0.340325
0.387585
0.134843
0.200635
0.244025
0.12447
0.273573
0.662
0.662
0.662
0.198252
0.662
0.662
0.379282
0.662
0.662
0.662
0.662
0.662
0.304244
0.662
0.410153
0.662
0.662
0.420705
0.161417
0.662
0.261372
0.662
0.662
0.293542
0.0530805
0.285009
0.662
0.662
0.662
0.558332
0.662
0.662
0.662
0.662
0.662
0.459338
0.662
0.662
0.242355
0.0372843
0.662
0.662
0.662
0.386481
0.662
0.662
0.276967
0.662
0.662
0.152627
0.0402233
0.413411
0.341936
0.662
0.205962
0.662
0.0643524
0.662
0.662
0.662
0.0779903
0.14288
0.662
0.272613
0.197635
0.251129
0.662
0.299103
0.256994
0.662
0.662
0.662
0.297522
0.662
0.198215
0.662
0.339741
0.00623066
0.168203
0.0241048
0.662
0.354488
0.517959
0.662
0.662
0.222828
0.193816
0.662
0.240314
0.356344
0.662
0.662
0.114775
0.662
0.250421
0.510663
0.230907
0.445385
0.437543
0.662
0.074676
0.459164
0.29543
0.662
0.662
0.662
0.662
0.233627
0.662
0.662
0.662
0.662
0.271573
0.662
0.662
0.31168
0.662
0.662
0.30873
0.662
0.170045
0.460481
0.662
0.662
0.0490083
0.662
0.662
0.374867
0.0234213
0.662
0.00667739
0.574547
0.0807867
0.662
0.662
0.662
0.435176
0.662
0.466235
0.662
0.20069
0.662
0.662
0.214096
0.273328
0.662
0.313126
0.0691967
0.16916
0.248993
0.272216
0.169652
0.278451
0.291978
0.108702
0.662
0.010598
0.316659
0.41813
0.214103
0.662
0.471181
0.662
0.662
0.662
0.0568706
0.10934
0.662
0.0468238
0.662
0.662
0.433448
0.458539
0.0169822
0.579472
0.662
0.662
0.0751028
0.662
0.0451445
0.4489
0.0190772
0.662
0.0832402
0.194644
0.391314
0.662
0.662
0.662
0.281845
0.662
0.662
0.659664
0.349534
0.425166
0.662
0.662
0.190093
0.662
0.270783
0.633391
0.405063
0.662
0.628538
0.662
0.101675
0.419531
0.439891
0.662
0.063619
0.662
0.662
0.662
0.662
0.662
0.662
0.0991321
0.00082357
0.364227
0.103915
0.662
0.300211
0.662
0.159607
0.435296
0.662
0.520939
0.0651016
0.459284
0.662
0.0968457
0.662
0.113882
0.662
0.435883
0.662
0.0667443
0.080962
0.367435
0.241716
0.662
0.662
0.662
0.21229
0.662
0.662
0.662
0.0315751
0.662
0.633694
0.0641994
0.361851
0.662
0.223424
0.662
0.484457
0.590827
0.662
0.259413
0.662
0.421803
0.662
0.662
0.662
0.662
0.0412149
0.440431
0.662
0.197766
0.662
0.198807
0.662
0.383117
0.662
0.396435
0.277603
0.662
0.662
0.662
0.662
0.662
0.662
0.662
0.662
0.37775
0.662
0.354335
0.662
0.0601936
0.662
0.158942
0.311031
0.662
0.662
0.408379
0.386899
0.370299
0.353581
0.662
0.662
0.662
0.662
0.662
0.220743
0.662
0.662
0.662
0.292991
0.662
0.17498
0.257284
0.428469
0.662
0.662
0.598141
0.476169
0.662
0.662
0.662
0.662
0.662
0.662
0.527729
0.662
0.183334
0.494709
0.662
0.0756565
0.439519
0.199749
0.662
0.662
0.0516655
0.310197
0.662
0.662
0.662
0.205353
0.264992
0.11588
0.114099
0.662
0.662
0.662
0.662
0.427354
0.662
0.113827
0.191421
0.662
0.00395971
0.434497
0.208202
0.662
0.319478
0.597935
0.662
0.662
0.662
0.662
0.150873
0.662
0.0535351
0.662
0.662
0.00798545
0.662
0.454279
0.597163
0.0672636
0.662
0.117493
0.15882
0.0177358
0.0907457
0.512666
0.662
0.447062
0.662
0.394796
0.662
0.603671
0.662
0.633694
0.186446
0.662
0.329523
0.662
0.662
0.318992
0.105829
0.662
0.662
0.441982
0.662
0.662
0.224646
0.119433
0.662
0.662
0.662
0.415785
0.505767
0.628981
0.662
0.662
0.662
0.662
0.662
0.661104
0.662
0.662
0.662
0.00307815
0.662
0.662
0.662
0.662
0.662
0.662
0.0850224
0.230722
0.126908
0.0761122
0.401195
0.662
0.662
0.226826
0.27069
0.304053
0.300585
0.297275
0.436596
0.662
0.381204
0.662
0.662
0.662
0.662
0.662
0.662
0.211081
0.445735
0.662
0.662
0.662
0.662
0.662
0.662
0.662
0.410602
0.662
0.326794
0.405482
0.662
0.662
0.426334
0.662
0.243192
0.662
0.575662
0.662
0.021315
0.412461
0.662
0.662
0.662
0.662
0.662
0.0450873
0.662
0.662
0.031439
0.305147
0.662
0.662
0.289482
0.154519
0.293807
0.662
0.662
0.0199021
0.0838384
0.354484
0.662
0.362028
0.662
0.419651
0.662
0.279707
0.10026
0.447331
0.105872
0.662
0.0453556
0.19773
0.129247
0.662
0.272629
0.285127
0.662
0.135754
0.662
0.662
0.662
0.662
0.138146
0.250421
0.662
0.523222
0.662
0.143947
0.662
0.662
0.662
0.126518
0.321682
0.304415
0.467645
0.662
0.662
0.662
0.123836
0.164028
0.662
0.0469994
0.662
0.662
0.662
0.662
0.662
0.352477
0.40577
0.662
0.662
0.169145
0.435465
0.440389
0.030924
0.1725
0.229703
0.662
0.662
0.662
0.662
0.408296
0.662
0.662
0.662
0.413595
0.662
0.662
0.394618
0.146492
0.265113
0.313537
0.401327
0.662
0.662
0.332662
0.0392074
0.662
0.662
0.101292
0.662
0.662
0.662
0.662
0.662
0.662
0.04415
0.662
0.0814619
0.0700929
0.662
0.662
0.662
0.173149
0.662
0.0485901
0.558523
0.168335
0.380299
0.206157
0.662
0.662
0.662
0.662
0.473075
0.662
0.20401
0.344123
0.515482
0.662
0.142454
0.434791
0.662
0.195679
0.642449
0.173349
0.00626369
0.662
0.662
0.662
0.49034
0.662
0.662
0.383724
0.28231
0.40337
0.0144687
0.662
0.0892733
0.453611
0.662
0.662
0.304574
0.372142
0.662
0.391115
0.380601
0.662
0.662
0.360826
0.244987
0.426804
0.399855
0.211759
0.662
0.662
0.662
0.0463066
0.662
0.662
0.392422
0.000767752
0.0884566
0.423801
0.0783711
0.204825
0.662
0.199192
0.63339
0.388835
0.0233959
0.0729915
0.662
0.662
0.30477
0.114162
0.662
0.403281
0.510251
0.662
0.662
0.662
0.163522
0.662
0.0236405
0.421872
0.662
0.662
0.662
0.216873
0.662
0.322257
0.0742817
0.662
0.465134
0.462489
0.662
0.215695
0.662
0.0435639
0.662
0.250886
0.662
0.169757
0.662
0.662
0.398029
0.662
0.164843
0.662
0.662
0.521618
0.662
0.449171
0.662
0.662
0.0941629
0.245975
0.662
0.46634
0.420643
0.662
0.662
0.140583
0.232966
0.662
0.361464
0.212019
0.662
0.358399
0.399951
0.173722
0.187921
0.209375
0.662
0.587843
0.662
0.0606723
0.662
0.662
0.662
0.662
0.346936
0.451093
0.383859
0.662
0.23142
0.662
0.274443
0.486165
0.662
0.662
0.0387145
0.662
0.662
0.662
0.440635
0.662
0.143931
0.339947
0.662
0.201114
0.422394
0.283425
0.400273
0.0702949
0.471324
0.336279
0.662
0.140493
0.0825953
0.662
0.662
0.211469
0.451177
0.000287601
0.129211
0.378857
0.662
0.662
0.245719
0.09871
0.662
0.190371
0.169184
0.662
0.662
0.662
0.221623
0.0590036
0.202295
0.427473
0.662
0.39369
0.00501188
0.662
0.00838265
0.503717
0.46821
0.376606
0.662
0.476956
0.2307
0.662
0.662
0.615694
0.662
0.320376
0.662
0.00088454
0.33672
0.435421
0.317207
0.126528
0.423499
0.662
0.23382
0.662
0.178511
0.662
0.363289
0.662
0.208857
0.662
0.327931
0.0475174
0.662
0.662
0.118824
0.473783
0.662
0.662
0.399657
0.150222
0.662
0.426281
0.472392
0.662
0.325753
0.0675606
0.662
0.662
0.0833964
0.662
0.442372
0.0398432
0.432395
0.662
0.662
0.662
0.662
0.412591
0.662
0.662
0.334176
0.44339
0.069594
0.662
0.662
0.662
0.662
0.662
0.662
0.363819
0.24006
0.347916
0.143585
0.662
0.364561
0.228033
0.662
0.46235
0.662
0.20577
0.21007
0.147337
0.662
0.351664
0.413801
0.0716559
0.0817651
0.12959
0.416715
0.338897
0.3683
0.00333079
0.662
0.36117
0.662
0.0818565
0.662
0.662
0.662
0.662
0.662
0.662
0.662
0.18199
0.662
0.662
0.662
0.491771
0.34461
0.304186
0.662
0.662
0.662
0.204252
0.242342
0.407846
0.032094
0.432296
0.329156
0.662
0.662
0.305934
0.662
0.662
0.344032
0.290732
0.235484
0.662
0.662
0.662
0.662
0.662
0.0778832
0.131636
0.114005
0.21407
0.662
0.29985
0.0397845
0.0488724
0.263577
0.387937
0.423825
0.662
0.662
0.041199
0.662
0.163892
0.662
0.662
0.222259
0.662
0.662
0.662
0.169748
0.662
0.662
0.662
0.371657
0.0819846
0.240634
0.235384
0.146238
0.280194
0.662
0.371651
0.215393
0.662
0.662
0.662
0.662
0.662
0.662
0.662
0.662
0.662
0.662
0.39464
0.190326
0.662
0.194258
0.0287642
0.0767822
0.647616
0.244105
0.361481
0.0380127
0.662
0.662
0.200493
0.662
0.410556
0.662
0.121333
0.518309
0.662
0.662
0.662
0.308765
0.324173
0.282197
0.0769543
0.639978
0.662
0.275973
0.0111568
0.224911
0.662
0.464073
0.662
0.662
0.0554525
0.390561
0.662
0.307506
0.662
0.662
0.224767
0.45697
0.662
0.0512937
0.474647
0.184135
0.662
0.662
0.662
0.662
0.662
0.207559
0.662
0.477231
0.662
0.596705
0.337009
0.662
0.662
0.662
0.662
0.211182
0.0384361
0.662
0.662
0.662
0.0046172
0.662
0.505299
0.27668
0.662
0.662
0.471219
0.662
0.095028
0.340746
0.662
0.662
0.268736
0.662
0.662
0.662
0.662
0.662
0.304995
0.0601548
0.253222
0.329191
0.454158
0.662
0.272059
0.0481794
0.327609
0.404422
0.14611
0.662
0.662
0.662
0.662
0.662
0.611218
0.662
0.17726
0.0752201
0.662
0.165004
0.662
0.411428
0.223975
0.200334
0.341064
0.122219
0.407438
0.662
0.662
0.158197
0.662
0.305493
0.662
0.278468
0.662
0.0046884
0.192714
0.4701
0.409745
0.355398
0.236164
0.454777
0.434674
0.35778
0.365333
0.0768533
0.313895
0.662
0.0797947
0.443814
0.662
0.662
0.411807
0.0503724
0.131684
0.147988
0.662
0.662
0.119086
0.662
0.662
0.662
0.662
0.468544
0.662
0.457135
0.393879
0.240026
0.629867
0.392122
0.344716
0.144186
0.662
0.662
0.40045
0.219074
0.662
0.662
0.376643
0.662
0.662
0.467523
0.343025
0.11808
0.662
0.0627414
0.170504
0.127518
0.662
0.662
0.662
0.297578
0.267401
0.662
0.369499
0.662
0.0857143
0.662
0.255273
0.0133193
0.0032293
0.324229
0.662
0.662
0.242338
0.100679
0.662
0.528766
0.106817
0.662
0.294929
0.662
0.0983496
0.0717859
0.0278279
0.662
0.662
0.662
0.662
0.19513
0.662
0.662
0.593722
0.403799
0.662
0.662
0.116922
0.176603
0.662
0.484143
0.662
0.47637
0.662
0.313248
0.356861
0.662
0.662
0.160457
0.287678
0.251652
0.662
0.662
0.309998
0.662
0.662
0.662
0.662
0.662
0.662
0.0745462
0.074419
0.42059
0.434037
0.662
0.115325
0.380052
0.338998
0.662
0.662
0.0157317
0.300474
0.0815132
0.198554
0.438899
0.489951
0.033877
0.662
0.170772
0.318512
0.662
0.249916
0.342725
0.000810447
0.662
0.484448
0.334818
0.247275
0.662
0.662
0.125146
0.326429
0.662
0.472293
0.662
0.662
0.0736135
0.662
0.43147
0.339737
0.0103076
0.151002
0.662
0.662
0.662
0.385874
0.00322566
0.662
0.00312225
0.662
0.325961
0.462948
0.370477
0.162387
0.662
0.662
0.662
0.662
0.397689
0.321667
0.662
0.209777
0.253827
0.243961
0.208381
0.662
0.662
0.44178
0.662
0.662
0.395557
0.0822746
0.202636
0.662
0.140885
0.559345
0.662
0.171353
0.362072
0.388067
0.375766
0.662
0.404816
0.585861
0.662
0.17568
0.430085
0.216198
0.662
0.662
0.662
0.110212
0.662
0.662
0.662
0.328688
0.662
0.0410987
0.0882758
0.02078
0.0632953
0.250866
0.443527
0.369119
0.277592
0.662
0.340771
0.662
0.662
0.269803
0.295813
0.662
0.662
0.0219661
0.662
0.662
0.242696
0.437765
0.236935
0.452883
0.662
0.420828
0.259414
0.662
0.398936
0.662
0.252754
0.662
0.02484
0.0280952
0.662
0.179603
0.0399708
0.662
0.16499
0.145727
0.662
0.226038
0.662
0.662
0.0207386
0.662
0.662
0.321503
0.662
0.0526185
0.462828
0.662
0.662
0.662
0.662
0.662
0.662
0.662
0.662
0.662
0.662
0.662
0.662
0.662
0.436418
0.662
0.662
0.307279
0.421855
0.662
0.659033
0.662
0.15526
0.0134863
0.662
0.0496815
0.662
0.234121
0.0399009
0.662
0.649247
0.455515
0.662
0.662
0.662
0.056558
0.662
0.425791
0.662
0.662
0.662
0.662
0.662
0.00466856
0.662
0.662
0.299794
0.662
0.446727
0.662
0.1409
0.136295
0.0321706
0.0640431
0.322767
0.662
0.0642895
0.377697
0.136389
0.662
0.662
0.463936
0.662
0.662
0.662
0.25731
0.662
0.210547
0.293287
0.00857948
0.205044
0.148747
0.662
0.662
0.662
0.662
0.662
0.662
0.263876
0.662
0.0948927
0.662
0.662
0.348002
0.192674
0.662
0.469557
0.429826
0.662
0.531955
0.297484
0.588922
0.662
0.662
0.662
0.662
0.662
0.099374
0.662
0.662
0.239702
0.371774
0.662
0.662
0.662
0.0711786
0.284984
0.392154
0.662
0.662
0.417342
0.662
0.400044
0.0815408
0.174223
0.662
0.662
0.426524
0.626705
0.358736
0.188232
0.662
0.177259
0.662
0.400597
0.410651
0.662
0.0432737
0.473419
0.0312249
0.52736
0.224147
0.662
0.662
0.662
0.662
0.662
0.662
0.662
0.662
0.393312
0.662
0.115327
0.662
0.662
0.662
0.156173
0.370719
0.175564
0.662
0.0144372
0.662
0.662
0.662
0.249936
0.430513
0.00639962
0.465588
0.300734
0.476039
0.128549
0.662
0.662
0.426488
0.662
0.347235
0.662
0.413281
0.355105
0.0489735
0.662
0.662
0.352414
0.662
0.278895
0.662
0.662
0.662
0.392072
0.316283
0.662
0.662
0.662
0.662
0.137449
0.17709
0.662
0.239787
0.22257
0.662
0.146698
0.468073
0.390949
0.662
0.0129023
0.469049
0.298378
0.493589
0.662
0.347429
0.000159205
0.244663
0.286557
0.0625557
0.170687
0.662
0.662
0.662
0.633391
0.438773
0.662
0.218522
0.622491
0.238174
0.662
0.662
0.0050464
0.358648
0.181466
0.352323
0.662
0.662
0.662
0.313187
0.440762
0.0691838
0.662
0.662
0.0377842
0.662
0.107238
0.662
0.662
0.433883
0.383727
0.0412074
0.269679
0.127953
0.662
0.160465
0.662
0.31634
0.662
0.662
0.0119393
0.662
0.302768
0.662
0.374931
0.0328607
0.662
0.662
0.199885
0.55443
0.662
0.662
0.436317
0.662
0.408699
0.00236027
0.662
0.257452
0.662
0.371193
0.662
0.662
0.37178
0.0898442
0.662
0.662
0.0694671
0.662
0.662
0.40714
0.662
0.662
0.204529
0.662
0.662
0.662
0.662
0.662
0.352791
0.662
0.662
0.662
0.662
0.102994
0.476861
0.283545
0.421545
0.275741
0.662
0.662
0.662
0.438346
0.219827
0.225798
0.291994
0.662
0.39214
0.662
0.140697
0.516763
0.147644
0.0941271
0.389697
0.662
0.662
0.0756664
0.662
0.420646
0.188004
0.0917987
0.662
0.662
0.662
0.662
0.662
0.662
0.662
0.662
0.662
0.45859
0.197238
0.202898
0.31598
0.662
0.662
0.419987
0.662
0.662
0.414405
0.173624
0.295976
0.212007
0.662
0.371809
0.625304
0.662
0.662
0.662
0.662
0.662
0.662
0.662
0.458905
0.662
0.499062
0.662
0.456505
0.399677
0.662
0.662
0.373602
0.662
0.662
0.410291
0.234084
0.429881
0.0315819
0.466658
0.662
0.662
0.662
0.662
0.662
0.0573621
0.662
0.662
0.143985
0.662
0.341309
0.662
0.454722
0.378082
0.662
0.662
0.148377
0.55239
0.0538762
0.662
0.376599
0.63339
0.662
0.207805
0.662
0.662
0.0686671
0.292675
0.479386
0.38912
0.13842
0.662
0.17975
0.662
0.662
0.427566
0.154908
0.392705
0.224242
0.662
0.198537
0.662
0.060641
0.662
0.0786823
0.662
0.662
0.45153
0.662
0.662
0.662
0.590905
0.475341
0.662
0.469776
0.351907
0.181473
0.305261
0.270524
0.662
0.0581961
0.662
0.662
0.662
0.173516
0.0487036
0.662
0.453342
0.303782
0.0892292
0.662
0.211282
0.237804
0.662
0.662
0.662
0.148333
0.662
0.662
0.662
0.662
0.662
0.312211
0.662
0.662
0.662
0.662
0.260898
0.662
0.395746
0.662
0.277457
0.256971
0.318424
0.662
0.662
0.0263497
0.662
0.208423
0.0930254
0.662
0.662
0.338969
0.500612
0.662
0.643202
0.441472
0.662
0.14646
0.119232
0.662
0.0182167
0.0484079
0.319519
0.348069
0.209498
0.353314
0.662
0.254896
0.384728
0.662
0.388823
0.662
0.662
0.662
0.386283
0.415195
0.117637
0.0601272
0.652861
0.662
0.194936
0.362711
0.0273002
0.220103
0.413703
0.239104
0.662
0.41582
0.168739
0.662
0.662
0.662
0.298214
0.475005
0.457962
0.662
0.396333
0.45847
0.662
0.662
0.662
0.662
0.662
0.088292
0.308475
0.662
0.662
0.43668
0.662
0.662
0.126087
0.662
0.662
0.0601704
0.0574987
0.457994
0.298713
0.285583
0.154741
0.662
0.194471
0.662
0.662
0.662
0.662
0.214362
0.370153
0.436065
0.662
0.475911
0.662
0.439071
0.662
0.0772625
0.662
0.00650734
0.240756
0.0873033
0.190039
0.340385
0.218621
0.662
0.0918239
0.411967
0.346605
0.662
0.0316271
0.417916
0.662
0.662
0.416218
0.662
0.174269
0.0665005
0.498014
0.662
0.662
0.662
0.61835
0.662
0.662
0.662
0.258007
0.662
0.662
0.662
0.662
0.662
0.0574242
0.395225
0.275522
0.193328
0.662
0.662
0.662
0.32808
0.662
0.662
0.662
0.313527
0.495262
0.662
0.267122
0.662
0.662
0.662
0.662
0.662
0.452362
0.662
0.368159
0.307968
0.662
0.662
0.1148
0.662
0.662
0.181497
0.0394592
0.131032
0.662
0.662
0.662
0.0977374
0.662
0.662
0.662
0.662
0.0134923
0.662
0.44994
0.662
0.00616884
0.662
0.662
0.662
0.246655
0.0584821
0.662
0.662
0.662
0.390233
0.114366
0.285458
0.381696
0.662
0.662
0.596593
0.0156888
0.662
0.662
0.409966
0.354321
0.38833
0.0881013
0.662
0.346472
0.123167
0.16386
0.662
0.662
0.191107
0.662
0.662
0.662
0.662
0.662
0.302514
0.662
0.662
0.279371
0.662
0.662
0.341936
0.325274
0.662
0.368727
0.0197854
0.662
0.662
0.366788
0.313124
0.31404
0.662
0.248285
0.662
0.360774
0.662
0.197084
0.662
0.662
0.363034
0.662
0.291828
0.662
0.662
0.361358
0.256061
0.662
0.0644743
0.662
0.223537
0.52262
0.182672
0.662
0.139093
0.210258
0.28128
0.662
0.146776
0.662
0.285701
0.0462213
0.662
0.662
0.482358
0.288722
0.235222
0.158791
0.662
0.100526
0.40558
0.662
0.174928
0.300521
0.55776
0.662
0.662
0.122992
0.662
0.169404
0.249981
0.662
0.436726
0.201935
0.0324905
0.662
0.482621
0.662
0.588233
0.662
0.662
0.476353
0.245848
0.662
0.0919406
0.243216
0.662
0.00133228
0.296629
0.662
0.243761
0.433252
0.245176
0.215448
0.449352
0.264868
0.662
0.662
0.442107
0.393391
0.662
0.293596
0.0754831
0.0784508
0.662
0.662
0.662
0.15371
0.0857002
0.455416
0.662
0.662
0.662
0.198653
0.36998
0.121689
0.662
0.662
0.162812
0.662
0.662
0.662
0.662
0.662
0.126743
0.662
0.331566
0.662
0.662
0.662
0.253665
0.201511
0.662
0.209163
0.15739
