0.662
0.662
0.662
0.441263
0.0537403
0.662
0.662
0.264857
0.289066
0.000185893
0.117068
0.662
0.0737178
0.0661626
0.662
0.0678423
0.260585
0.355678
0.0869702
0.662
0.368842
0.0877343
0.662
0.662
0.023991
0.0739017
0.417387
0.2629
0.19029
0.662
0.37459
0.662
0.662
0.662
0.476396
0.190396
0.660607
0.662
0.206575
0.323521
0.662
0.662
0.342469
0.662
0.662
0.360263
0.629706
0.662
0.402474
0.0425848
0.037449
0.149756
0.662
0.662
0.194166
0.331932
0.250862
0.399196
0.662
0.380143
0.662
0.380151
0.211597
0.444265
0.629763
0.662
0.395701
0.63802
0.234973
0.662
0.662
0.662
0.662
0.662
0.662
0.662
0.662
0.662
0.662
0.662
0.662
0.662
0.295948
0.662
0.662
0.662
0.662
0.124744
0.662
0.662
0.662
0.407872
0.662
0.662
0.662
0.662
0.662
0.0441189
0.170774
0.209457
0.662
0.578414
0.662
0.0117127
0.417469
0.352454
0.461644
0.373041
0.419206
0.0855788
0.134861
0.662
0.314767
0.662
0.662
0.662
0.0726754
0.662
0.18701
0.114874
0.23962
0.662
0.233887
0.662
0.662
0.662
0.383423
0.662
0.448759
0.662
0.662
0.652381
0.662
0.662
0.662
0.662
0.662
0.336891
0.47201
0.662
0.195146
0.662
0.662
0.219168
0.36833
0.662
0.238094
0.378676
0.227347
0.280471
0.662
0.0478175
0.662
0.662
0.0531301
0.662
0.359028
0.662
0.220074
0.662
0.662
0.662
0.662
0.662
0.662
0.662
0.31571
0.181836
0.495528
0.662
0.354883
0.429194
0.662
0.662
0.173797
0.162842
0.662
0.202939
0.662
0.662
0.410258
0.0959977
0.662
0.662
0.364027
0.662
0.286705
0.662
0.662
0.662
0.215221
0.662
0.662
0.662
0.662
0.150212
0.662
0.373508
0.662
0.662
0.459494
0.662
0.662
0.143823
0.567746
0.662
0.377145
0.662
0.0073316
0.662
0.392745
0.355912
0.233062
0.662
0.286954
0.17912
0.347389
0.662
0.595361
0.269853
0.662
0.662
0.152259
0.310377
0.0656603
0.662
0.0361473
0.434498
0.0214195
0.308434
0.662
0.662
0.662
0.662
0.662
0.662
0.520109
0.662
0.00628526
0.253766
0.662
0.662
0.118473
0.403716
0.662
0.165165
0.662
0.662
0.662
0.662
0.412634
0.287626
0.662
0.662
0.343763
0.662
0.00141373
0.264137
0.283298
0.187131
0.152703
0.662
0.662
0.321266
0.662
0.173762
0.662
0.645341
0.103411
0.426498
0.264614
0.0256179
0.160718
0.662
0.619001
0.662
0.5134
0.403944
0.662
0.282206
0.662
0.310818
0.0742398
0.0590077
0.662
0.0792474
0.386865
0.662
0.138873
0.51726
0.295559
0.662
0.379512
0.662
0.386713
0.18113
0.662
0.662
0.662
0.662
0.139325
0.300428
0.662
0.112406
0.376192
0.65002
0.365802
0.629706
0.119352
0.123621
0.477724
0.662
0.662
0.662
0.379933
0.662
0.428181
0.662
0.662
0.662
0.00675423
0.662
0.662
0.375667
0.662
0.54486
0.662
0.17569
0.662
0.662
0.662
0.662
0.0763758
0.0686364
0.393341
0.393292
0.0348581
0.662
0.662
0.662
0.62882
0.299887
0.0615643
0.662
0.305145
0.334031
0.334779
0.412638
0.662
0.434083
0.37395
0.662
0.662
0.662
0.662
0.662
0.662
0.662
0.277211
0.662
0.588495
0.662
0.662
0.0202167
0.242681
0.120534
0.226868
0.662
0.322302
0.122584
0.662
0.662
0.0815697
0.205944
0.662
0.0855235
0.16792
0.058985
0.595217
0.662
0.23499
0.314957
0.662
0.662
0.662
0.420291
0.293079
0.662
0.0658867
0.374746
0.0155292
0.5564
0.662
0.329562
0.662
0.662
0.662
0.662
0.275718
0.390411
0.158586
0.662
0.662
0.383283
0.413043
0.0539012
0.662
0.662
0.662
0.516545
0.662
0.662
0.257519
0.436653
0.662
0.171107
0.662
0.280543
0.152018
0.190527
0.248341
0.00752856
0.247366
0.662
0.161635
0.662
0.446313
0.31437
0.662
0.215791
0.662
0.263137
0.303788
0.130368
0.283669
0.662
0.662
0.662
0.662
0.662
0.413971
0.662
0.435199
0.37083
0.618485
0.662
0.662
0.662
0.444242
0.662
0.662
0.662
0.154136
0.383351
0.662
0.452564
0.272199
0.662
0.662
0.00524836
0.0849846
0.662
0.662
0.662
0.662
0.662
0.662
0.662
0.662
0.43174
0.662
0.662
0.301969
0.662
0.128977
0.210197
0.43432
0.662
0.450285
0.662
0.0815642
0.324664
0.250474
0.486067
0.187622
0.338683
0.366475
0.148597
0.662
0.098654
0.311023
0.662
0.26192
0.662
0.662
0.662
0.662
0.252697
0.380942
0.662
0.662
0.662
0.662
0.517551
0.662
0.463349
0.224518
0.352592
0.662
0.0406755
0.662
0.662
0.125986
0.662
0.662
0.662
0.0704011
0.662
0.416924
0.662
0.505429
0.21182
0.120925
0.453748
0.123101
0.662
0.662
0.662
0.662
0.00799461
0.662
0.227537
0.662
0.662
0.662
0.662
0.662
0.662
0.662
0.662
0.662
0.662
0.662
0.662
0.394871
0.450304
0.497345
0.662
0.662
0.662
0.662
0.170501
0.662
0.662
0.662
0.662
0.662
0.662
0.662
0.662
0.662
0.342681
0.662
0.105895
0.662
0.274166
0.0718458
0.662
0.154473
0.662
0.242257
0.436079
0.662
0.662
0.222235
0.662
0.297948
0.662
0.662
0.364571
0.372248
0.662
0.662
0.13001
0.662
0.662
0.662
0.662
0.522548
0.662
0.662
0.662
0.0191485
0.662
0.465064
0.662
0.662
0.662
0.662
0.662
0.662
0.662
0.417615
0.637563
0.255157
0.662
0.662
0.189322
0.662
0.268187
0.662
0.341281
0.662
0.662
0.352798
0.319419
0.148036
0.662
0.288897
0.143896
0.662
0.0438044
0.662
0.662
0.662
0.46072
0.662
0.432521
0.490226
0.466618
0.154255
0.662
0.201512
0.662
0.534734
0.662
0.347661
0.0432566
0.662
0.138176
0.662
0.438685
0.578247
0.662
0.00598149
0.0424791
0.330514
0.14412
0.0283047
0.662
0.662
0.662
0.662
0.351879
0.662
0.662
0.403179
0.166005
0.318524
0.662
0.285729
0.662
0.326941
0.0379839
0.392833
0.38907
0.662
0.662
0.662
0.662
0.177137
0.325662
0.662
0.662
0.0825651
0.662
0.418053
0.662
0.662
0.662
0.450696
0.662
0.0910028
0.662
0.43757
0.662
0.662
0.662
0.662
0.0736057
0.403055
0.531127
0.662
0.662
0.23727
0.662
0.023812
0.536063
0.662
0.349694
0.662
0.0999715
0.362048
0.497284
0.662
0.450435
0.430611
0.662
0.662
0.662
0.476084
0.662
0.662
0.279041
0.662
0.409578
0.0111965
0.553589
0.151791
0.662
0.662
0.662
0.439391
0.662
0.662
0.662
0.662
0.662
0.146939
0.566434
0.242926
0.30599
0.39524
0.440359
0.141341
0.662
0.387379
0.322294
0.056034
0.0261855
0.662
0.41066
0.276116
0.122713
0.210354
0.0420221
0.662
0.662
0.662
0.131117
0.662
0.662
0.662
0.662
0.485281
0.176044
0.120144
0.368146
0.187632
0.477179
0.251326
0.662
0.662
0.461515
0.103731
0.14839
0.41646
0.466972
0.662
0.119929
0.169071
0.662
0.249162
0.662
0.416727
0.662
0.662
0.662
0.662
0.662
0.662
0.205796
0.662
0.662
0.662
0.476858
0.145611
0.662
0.662
0.662
0.662
0.289205
0.439515
0.415174
0.662
0.662
0.268629
0.662
0.662
0.662
0.0939871
0.662
0.662
0.662
0.234689
0.662
0.662
0.129875
0.662
0.662
0.662
0.21835
0.662
0.313901
0.557006
0.662
0.376762
0.106358
0.662
0.662
0.662
0.332471
0.00431692
0.662
0.662
0.139388
0.240025
0.662
0.662
0.0250192
0.136498
0.662
0.662
0.662
0.28037
0.13095
0.662
0.662
0.662
0.180944
0.662
0.662
0.662
0.662
0.402891
0.0753286
0.662
0.662
0.18637
0.17413
0.403176
0.662
0.152215
0.160737
