0.662
0.2275
0.662
0.195144
0.662
0.662
0.662
0.164565
0.476858
0.403716
0.662
0.662
0.280471
0.314957
0.397292
0.662
0.662
0.276429
0.662
0.662
0.662
0.662
0.662
0.662
0.285729
0.662
0.662
0.662
0.0193619
0.662
0.662
0.308581
0.662
0.284885
0.662
0.662
0.662
0.110489
0.662
0.662
0.662
0.136498
0.662
0.0140069
0.202604
0.232646
0.662
0.662
0.239418
0.293047
0.662
0.0954467
0.272122
0.662
0.346354
0.270286
0.662
0.662
0.289205
0.148887
0.662
0.662
0.600272
0.662
0.662
0.122989
0.662
0.662
0.186656
0.13199
0.662
0.0855788
0.662
0.662
0.662
0.383351
0.662
0.662
0.662
0.662
0.128009
0.662
0.475022
0.662
0.662
0.662
0.662
0.0402863
0.662
0.250862
0.662
0.271241
0.662
0.0843889
0.662
0.567746
0.306747
0.229235
0.662
0.662
0.662
0.662
0.662
0.184413
0.31437
0.662
0.304359
0.662
0.16792
0.384408
0.115049
0.121304
0.662
0.662
0.662
0.450109
0.662
0.524742
0.0814933
0.405037
0.662
0.662
0.662
0.662
0.207119
0.662
0.662
0.662
0.662
0.108174
0.187111
0.662
0.141341
0.0187961
0.173797
0.662
0.662
0.406393
0.662
0.0897034
0.218371
0.427641
0.383283
0.229552
0.662
0.662
0.662
0.662
0.662
0.662
0.662
0.513708
0.348543
0.662
0.0865476
0.615559
0.343763
0.330576
0.662
0.662
0.298939
0.28841
0.524764
0.12764
0.662
0.445724
0.662
0.386713
0.662
0.662
0.662
0.189292
0.154473
0.232579
0.359484
0.662
0.0642417
0.335627
0.109259
0.27831
0.662
0.308153
0.417515
0.662
0.00431692
0.662
0.662
0.662
0.662
0.662
0.384428
0.662
0.106849
0.087365
0.00367212
0.662
0.42473
0.662
0.403253
0.0402631
0.283989
0.662
0.0285692
0.662
0.141175
0.36303
0.662
0.437915
0.662
0.662
0.347661
0.662
0.433179
0.662
0.662
0.385034
0.662
0.262404
0.152285
0.431357
0.39441
0.346285
0.0693303
0.662
0.435315
0.460043
0.152524
0.266143
0.662
0.402891
0.662
0.662
0.476396
0.662
0.313749
0.218294
0.662
0.112406
0.0073316
0.662
0.578247
0.662
0.454747
0.450696
0.586907
0.133728
0.233062
0.662
0.209714
0.662
0.662
0.662
0.261337
0.235344
0.417469
0.412638
0.386917
0.662
0.662
0.0656603
0.662
0.182092
0.218493
0.439515
0.435199
0.0877343
0.0117127
0.662
0.265113
0.662
0.404199
0.110211
0.449072
0.662
0.132064
0.662
0.265279
0.662
0.662
0.120558
0.45112
0.0647195
0.662
0.662
0.438498
0.662
0.662
0.436595
0.662
0.662
0.662
0.390924
0.662
0.662
0.216749
0.355912
0.662
0.662
0.235644
0.466618
0.662
0.187699
0.459494
0.211708
0.662
0.662
0.662
0.322622
0.662
0.112572
0.662
0.286954
0.424552
0.662
0.662
0.0358067
0.662
0.662
0.662
0.426387
0.662
0.429381
0.662
0.662
0.662
0.662
0.662
0.230362
0.154357
0.296321
0.662
0.662
0.662
0.662
0.662
0.356176
0.00415569
0.135253
0.398296
0.662
0.534734
0.662
0.210197
0.662
0.385602
0.662
0.662
0.199094
0.326133
0.662
0.103928
0.662
0.396209
0.662
0.395062
0.143823
0.399001
0.662
0.000185893
0.119639
0.662
0.662
0.485986
0.43292
0.662
0.662
0.19292
0.662
0.125779
0.662
0.0281224
0.662
0.662
0.440876
0.441263
0.116608
0.662
0.473265
0.662
0.25487
0.662
0.662
0.662
0.297003
0.662
0.662
0.662
0.662
0.253766
0.202963
0.177252
0.662
0.257172
0.662
0.0150201
0.13904
0.290396
0.0243298
0.326902
0.268868
0.662
0.123101
0.0308723
0.403543
0.296158
0.358216
0.143896
0.662
0.662
0.372466
0.0701821
0.662
0.662
0.662
0.662
0.662
0.0567244
0.237308
0.37083
0.114851
0.662
0.14839
0.662
0.149805
0.662
0.662
0.662
0.453351
0.662
0.259607
0.662
0.662
0.280543
0.662
0.662
0.662
0.098654
0.35842
0.344956
0.662
0.662
0.662
0.662
0.141352
0.662
0.523406
0.452889
0.662
0.662
0.421975
0.438925
0.662
0.374484
0.465196
0.362048
0.662
0.662
0.461515
0.338455
0.0918628
0.662
0.662
0.662
0.353006
0.662
0.662
0.662
0.482367
0.662
0.485281
0.466972
0.141273
0.429956
0.200555
0.134693
0.37395
0.0521934
0.662
0.662
0.595427
0.460558
0.388827
0.662
0.662
0.339735
0.662
0.662
0.662
0.18113
0.122017
0.662
0.662
0.662
0.662
0.269484
0.337416
0.173762
0.662
0.662
0.662
0.135181
0.147087
0.662
0.275646
0.311023
0.394801
0.124872
0.662
0.662
0.588495
0.0348407
0.0846329
0.130368
0.214342
0.450114
0.415174
0.14039
0.662
0.662
0.0714087
0.118473
0.662
0.662
0.448944
0.048144
0.264614
0.662
0.662
0.281977
0.429377
0.662
0.662
0.662
0.662
0.662
0.662
0.662
0.149756
0.662
0.662
0.522783
0.662
0.444126
0.662
0.056034
0.662
0.298197
0.461495
0.393292
0.662
0.354272
0.11113
0.21521
0.662
0.394871
0.0173302
0.662
0.662
0.662
0.662
0.0203878
0.0143143
0.5564
0.0108485
0.339014
0.476327
0.0849846
0.662
0.662
0.239718
0.662
0.662
0.531127
0.662
0.662
0.182814
0.463349
0.43174
0.662
0.662
0.173184
0.438685
0.385455
0.0355438
0.662
0.129063
0.662
0.439689
0.662
0.283435
0.283718
0.311476
0.348879
0.662
0.662
0.662
0.117706
0.662
0.63802
0.662
0.662
0.662
0.046808
0.023991
0.662
0.408325
0.662
0.662
0.45742
0.662
0.662
0.366475
0.662
0.662
0.662
0.662
0.662
0.662
0.260585
0.662
0.293079
0.662
0.662
0.143961
0.370912
0.176044
0.662
0.662
0.662
0.662
0.662
0.280979
0.662
0.126017
0.662
0.050627
0.0570085
0.152215
0.164127
0.662
0.14648
0.662
0.662
0.103524
0.662
0.662
0.662
0.662
0.0936357
0.342014
0.662
0.662
0.336891
0.662
0.196832
0.34745
0.662
0.456938
0.0343552
0.662
0.386579
0.662
0.662
0.662
0.662
0.662
0.662
0.588574
0.313901
0.662
0.418135
0.359028
0.300876
0.357629
0.0615643
0.52498
0.662
0.462782
0.465807
0.0743529
0.181836
0.373633
0.0814289
0.331932
0.662
0.662
0.662
0.662
0.662
0.228014
0.662
0.0531301
0.662
0.662
0.357816
0.210255
0.662
0.255157
0.191645
0.662
0.662
0.530594
0.0825651
0.0666981
0.662
0.439381
0.0662354
0.00799461
0.662
0.505686
0.0726754
0.662
0.432374
0.474471
0.43757
0.436139
0.662
0.250686
0.662
0.662
0.662
0.662
0.662
0.142074
0.0915197
0.662
0.662
0.662
0.271934
0.662
0.155271
0.476693
0.662
0.662
0.287626
0.443641
0.443098
0.200055
0.41066
0.662
0.662
0.127246
0.662
0.343385
0.0433299
0.0660454
0.662
0.662
0.662
0.662
0.341388
0.281723
0.239261
0.662
0.662
0.662
0.0848571
0.662
0.190357
0.662
0.662
0.37459
0.417873
0.662
0.662
0.22189
0.340592
0.662
0.446721
0.662
0.269551
0.662
0.662
0.366582
0.619138
0.662
0.144816
0.662
0.662
0.268159
0.256474
0.662
0.662
0.235793
0.444967
0.561726
0.662
0.217386
0.662
0.662
0.188018
0.191912
0.163907
0.399496
0.327978
0.334031
0.494009
0.662
0.28346
0.662
0.662
0.295917
0.662
0.159989
0.662
0.18637
0.0704011
0.412291
0.338839
0.662
0.662
0.662
0.0424791
0.207433
0.662
0.662
0.144836
0.505429
0.396655
0.498993
0.329245
0.0209203
0.429602
0.428181
0.209815
0.425779
0.662
0.662
0.662
0.662
0.662
0.662
0.662
0.528882
0.662
0.662
0.662
0.662
0.112365
0.662
0.662
0.662
0.662
0.662
0.378596
0.662
0.59077
0.263137
0.662
0.662
0.662
0.662
0.662
0.316282
0.150225
0.00708089
0.348783
0.662
0.286209
0.662
0.296079
0.331919
0.474744
0.473362
0.662
0.662
0.0112674
0.262409
0.176079
0.662
0.662
0.122713
0.25931
0.662
0.662
0.430611
0.662
0.662
0.471595
0.316059
0.544283
0.662
0.662
0.662
0.662
0.662
0.00141373
0.662
0.662
0.330504
0.38067
0.19089
0.662
0.042498
0.372988
0.662
0.144482
0.662
0.662
0.662
0.00903255
0.662
0.662
0.412634
0.272192
0.662
0.662
0.305145
0.662
0.434498
0.435021
0.662
0.401505
0.489017
0.662
0.662
0.662
0.440359
0.662
0.3238
0.199262
0.662
0.662
0.662
0.515588
0.00675423
0.662
0.0990622
0.662
0.0564977
0.662
0.347493
0.662
0.419743
0.454117
0.401681
0.192364
0.662
0.150212
0.662
0.662
0.399483
0.119287
0.0537659
0.662
0.662
0.641825
0.662
0.156923
0.228555
0.2856
0.202939
0.662
0.29783
0.662
0.662
0.0459167
0.662
0.662
0.351777
0.662
0.0826486
0.461159
0.270798
0.128524
0.281329
0.662
0.662
0.662
0.662
0.662
0.662
0.662
0.662
0.662
