0.662
0.662
0.662
0.385455
0.662
0.662
0.662
0.421843
0.662
0.0761841
0.101991
0.641825
0.385325
0.111193
0.651364
0.662
0.309517
0.662
0.205154
0.662
0.662
0.261507
0.439152
0.662
0.190115
0.397006
0.662
0.662
0.239134
0.662
0.190338
0.662
0.0405973
0.479734
0.662
0.662
0.662
0.662
0.662
0.662
0.662
0.0535813
0.662
0.662
0.0215556
0.662
0.0815697
0.662
0.11492
0.32934
0.662
0.117706
0.662
0.503044
0.662
0.0566141
0.342007
0.42473
0.662
0.116996
0.177837
0.662
0.271468
0.662
0.394212
0.662
0.662
0.662
0.440876
0.152524
0.187699
0.662
0.662
0.363607
0.292004
0.662
0.662
0.662
0.286967
0.662
0.0843889
0.345781
0.662
0.662
0.662
0.662
0.0570409
0.133383
0.662
0.0698533
0.662
0.662
0.0550261
0.662
0.662
0.662
0.662
0.240055
0.235064
0.662
0.662
0.662
0.662
0.662
0.662
0.662
0.662
0.439179
0.316434
0.662
0.662
0.0791661
0.431981
0.662
0.662
0.0846329
0.662
0.662
0.662
0.645475
0.436139
0.662
0.662
0.662
0.662
0.235644
0.662
0.165027
0.372722
0.0662354
0.270825
0.662
0.662
0.662
0.662
0.20587
0.477004
0.312567
0.286166
0.107323
0.0375334
0.159446
0.0510761
0.662
0.330576
0.662
0.241037
0.295044
0.662
0.662
0.662
0.662
0.662
0.317875
0.662
0.452444
0.662
0.352993
0.662
0.541588
0.662
0.283095
0.356742
0.662
0.126827
0.662
0.662
0.662
0.328706
0.662
0.662
0.367323
0.0210233
0.0446348
0.662
0.662
0.0438044
0.662
0.144836
0.662
0.556687
0.5537
0.238245
0.662
0.498879
0.414157
0.662
0.662
0.662
0.662
0.662
0.37618
0.662
0.662
0.662
0.662
0.662
0.0172709
0.597473
0.373052
0.139795
0.459068
0.662
0.662
0.662
0.323917
0.403543
0.192181
0.452381
0.194938
0.181293
0.662
0.662
0.662
0.271241
0.0353525
0.662
0.397612
0.0218508
0.662
0.662
0.393742
0.662
0.0684351
0.217279
0.378467
0.556704
0.662
0.662
0.339779
0.662
0.353859
0.44278
0.112365
0.662
0.662
0.662
0.662
0.275107
0.662
0.345335
0.33082
0.662
0.662
0.662
0.406062
0.662
0.662
0.662
0.662
0.2135
0.343385
0.098654
0.372248
0.13318
0.262043
0.109477
0.465196
0.662
0.041215
0.662
0.181967
0.662
0.422708
0.662
0.413306
0.662
0.272982
0.0237456
0.662
0.0865476
0.102092
0.662
0.662
0.0524499
0.00326998
0.662
0.662
0.662
0.662
0.252821
0.662
0.333066
0.662
0.432578
0.0702808
0.662
0.662
0.662
0.421476
0.290948
0.662
0.662
0.223492
0.662
0.662
0.662
0.218061
0.644506
0.662
0.376956
0.275691
0.303869
0.662
0.0507045
0.662
0.662
0.0305601
0.662
0.662
0.662
0.208109
0.662
0.466976
0.307561
0.310106
0.662
0.662
0.274549
0.662
0.662
0.662
0.662
0.273636
0.662
0.662
0.223921
0.662
0.1134
0.110715
0.662
0.0823555
0.295525
0.662
0.468963
0.53973
0.662
0.339014
0.00816666
0.000986441
0.513672
0.602242
0.662
0.391032
0.155265
0.176462
0.662
0.444356
0.241832
0.170014
0.0229443
0.169076
0.662
0.0987567
0.662
0.662
0.431822
0.00464842
0.0497303
0.0608227
0.611234
0.0433299
0.344653
0.662
0.662
0.0582281
0.595427
0.662
0.662
0.462782
0.662
0.14648
0.662
0.662
0.662
0.662
0.662
0.662
0.662
0.0814289
0.662
0.662
0.130772
0.402134
0.662
0.662
0.662
0.662
0.0853859
0.406165
0.192612
0.0849846
0.662
0.130352
0.662
0.662
0.662
0.00711662
0.662
0.196086
0.662
0.662
0.662
0.2275
0.224247
0.0281224
0.662
0.662
0.257583
0.662
0.662
0.662
0.406393
0.461344
0.137844
0.356574
0.283093
0.662
0.662
0.340592
0.662
0.252102
0.257884
0.662
0.0504437
0.289966
0.207199
0.662
0.662
0.662
0.0220174
0.662
0.220604
0.662
0.662
0.662
0.105453
0.435148
0.662
0.662
0.224873
0.118876
0.662
0.662
0.475772
0.662
0.0108812
0.662
0.198989
0.662
0.402722
0.662
0.433445
0.662
0.662
0.0970014
0.662
0.662
0.662
0.275248
0.662
0.454011
0.662
0.662
0.354263
0.662
0.0504194
0.662
0.662
0.662
0.235108
0.406785
0.662
0.662
0.662
0.662
0.662
0.662
0.662
0.512709
0.229829
0.662
0.662
0.662
0.380151
0.449307
0.662
0.662
0.662
0.662
0.0709823
0.135622
0.466888
0.662
0.467894
0.293287
0.662
0.662
0.662
0.662
0.235007
0.136117
0.662
0.0192412
0.662
0.00490357
0.17534
0.421975
0.54051
0.662
0.662
0.364409
0.662
0.508338
0.662
0.662
0.662
0.662
0.064301
0.304193
0.438412
0.412855
0.547934
0.456047
0.467289
0.662
0.124474
0.130397
0.662
0.149295
0.662
0.662
0.662
0.262981
0.662
0.662
0.662
0.435334
0.662
0.662
0.662
0.662
0.455406
0.662
0.662
0.662
0.222926
0.662
0.662
0.662
0.662
0.662
0.444829
0.662
0.125839
0.662
0.10242
0.662
0.259449
0.359242
0.070376
0.0967895
0.662
0.662
0.662
0.520328
0.662
0.408325
0.0605542
0.662
0.662
0.662
0.192294
0.662
0.662
0.662
0.662
0.662
0.662
0.364928
0.485281
0.662
0.662
0.662
0.134279
0.169797
0.25487
0.662
0.25703
0.662
0.492139
0.662
0.662
0.184458
0.662
0.0120053
0.359484
0.00774566
0.662
0.0647195
0.662
0.662
0.149805
0.406272
0.662
0.662
0.662
0.662
0.339805
0.312955
0.662
0.186048
0.0926918
0.662
0.662
0.0262487
0.662
0.00367335
0.211981
0.662
0.662
0.662
0.47922
0.662
0.662
0.662
0.289845
0.662
0.440604
0.662
0.662
0.662
0.385366
0.662
0.48416
0.133152
0.294358
0.0446019
0.183372
0.212191
0.662
0.662
0.00745947
0.0279219
0.476327
0.662
0.63339
0.522042
0.662
0.0323181
0.042498
0.475782
0.662
0.14453
0.105835
0.620415
0.281147
0.173121
0.662
0.662
0.251786
0.662
0.600227
0.662
0.652905
0.662
0.662
0.284217
0.662
0.662
0.194104
0.662
0.0100621
0.324351
0.662
0.662
0.662
0.662
0.039305
0.365469
0.662
0.662
0.378014
0.193378
0.662
0.662
0.424885
0.275718
0.662
0.628015
0.662
0.662
0.389995
0.405847
0.662
0.662
0.521162
0.662
0.662
0.0521934
0.662
0.0621222
0.662
0.149756
0.662
0.324792
0.185946
0.451278
0.662
0.662
0.647539
0.205759
0.662
0.662
0.662
0.662
0.394498
0.662
0.662
0.181212
0.172886
0.394991
0.662
0.46245
0.185914
0.423832
0.662
0.662
0.0221083
0.662
0.177303
0.662
0.629706
0.662
0.339275
0.662
0.386092
0.103524
0.00364733
0.662
0.662
0.662
0.662
0.389294
0.174596
0.662
0.662
0.662
0.14889
0.404795
0.662
0.153975
0.662
0.32242
0.392036
0.542383
0.358291
0.0233192
0.146794
0.417568
0.662
0.662
0.662
0.0106036
0.392644
0.662
0.335914
0.562932
0.662
0.662
0.662
0.662
0.662
0.135713
0.662
0.662
0.397769
0.360812
0.662
0.126633
0.662
0.326057
0.313749
0.662
0.662
0.662
0.227175
0.662
0.176516
0.01093
0.12578
0.265071
0.0136638
0.420853
0.14839
0.22189
0.245546
0.662
0.662
0.662
0.662
0.294036
0.662
0.662
0.662
0.420221
0.662
0.262474
0.0381687
0.662
0.662
0.662
0.662
0.461722
0.662
0.662
0.662
0.662
0.0858652
0.662
0.662
0.452889
0.662
0.662
0.493608
0.662
0.662
0.164551
0.560312
0.194907
0.286351
0.662
0.662
0.199094
0.662
0.662
0.2587
0.662
0.367414
0.662
0.0826486
0.662
0.0653869
0.662
0.180992
0.355635
0.332041
0.532264
0.662
0.662
0.404199
0.662
0.662
0.2474
0.662
0.303359
0.662
0.215368
0.662
0.662
0.0504057
0.662
0.214736
0.00536895
0.0936991
0.158948
0.662
0.662
0.219919
0.662
0.662
0.633693
0.662
0.453694
0.103462
0.662
0.45613
0.290677
0.458368
0.662
0.662
0.0348407
0.662
0.513708
0.49303
0.662
0.662
0.235793
0.662
0.0892688
0.153188
0.21545
0.243398
0.441904
0.250148
0.458404
0.662
0.662
0.338678
0.0530502
0.662
0.662
0.662
0.509566
0.634031
0.382159
0.426047
0.247113
0.662
0.617917
0.662
0.662
0.662
0.662
0.662
0.258836
0.404599
0.662
0.32754
0.188018
0.662
0.662
0.0877343
0.0689811
0.662
0.0353306
0.377951
0.662
0.0256179
0.662
0.0384942
0.662
0.662
0.662
0.662
0.662
0.662
0.200715
0.445573
0.203517
0.444702
0.662
0.662
0.662
0.662
0.662
0.662
0.662
0.662
0.662
0.579644
0.662
0.126749
0.172053
0.249536
0.662
0.443318
0.662
0.662
0.662
0.0656603
0.14878
0.441824
0.367176
0.195895
0.491469
0.662
0.662
0.662
0.347299
0.662
0.435021
0.662
0.662
0.662
0.662
0.421766
0.662
0.162146
0.662
0.480286
0.4534
0.662
0.0356653
0.0106195
0.662
0.662
0.662
0.216965
0.662
0.424685
0.119639
0.207619
0.662
0.662
0.614737
0.1038
0.662
0.662
0.662
0.662
0.194541
0.371316
0.388469
0.445651
0.388318
0.662
0.662
0.405508
0.28346
0.662
0.662
0.373119
0.662
0.662
0.662
0.339735
0.662
0.0615357
0.662
0.425477
0.319461
0.349865
0.662
0.662
0.232853
0.152285
0.408625
0.662
0.625687
0.346785
0.662
0.662
0.662
0.3382
0.662
0.662
0.662
0.455146
0.255902
0.662
0.662
0.662
0.662
0.662
0.662
0.000945208
0.208649
0.429665
0.34543
0.662
0.266329
0.0771917
0.662
0.662
0.417739
0.662
0.662
0.662
0.662
0.662
0.21991
0.662
0.168697
0.662
0.171709
0.534621
0.662
0.133396
0.396843
0.070588
0.662
0.223716
0.662
0.662
0.662
0.662
0.285478
0.662
0.461515
0.662
0.662
0.662
0.662
0.662
0.662
0.662
0.474744
0.662
0.314838
0.0484016
0.662
0.0873809
0.662
0.45744
0.662
0.527374
0.662
0.391563
0.431478
0.662
0.662
0.662
0.0389533
0.384888
0.662
0.662
0.662
0.662
0.365566
0.460558
0.335078
0.662
0.662
0.662
0.126708
0.128408
0.495462
0.662
0.0158043
0.662
0.0960578
0.0743084
0.662
0.430628
0.662
0.163834
0.662
0.662
0.0558371
0.263687
0.662
0.662
0.262653
0.662
0.662
0.662
0.662
0.425335
0.421392
0.662
0.228049
0.294165
0.053106
0.633694
0.662
0.342981
0.662
0.491954
0.0516268
0.0432501
0.357457
0.356167
0.662
0.452239
0.662
0.515146
