0.151241
0.662
0.449454
0.211249
0.662
0.662
0.662
0.662
0.662
0.358022
0.662
0.224629
0.662
0.0694505
0.290533
0.479389
0.662
0.662
0.266539
0.295284
0.342513
0.662
0.0215436
0.483457
0.404953
0.662
0.662
0.662
0.662
0.424915
0.354754
0.305281
0.662
0.662
0.190316
0.662
0.662
0.662
0.0481088
0.662
0.0728993
0.288345
0.419767
0.313946
0.497253
0.662
0.311156
0.559093
0.662
0.662
0.530447
0.0944538
0.662
0.454048
0.662
0.662
0.662
0.662
0.0919207
0.662
0.226321
0.202371
0.662
0.590273
0.662
0.271661
0.662
0.662
0.249788
0.193074
0.0227419
0.662
0.662
0.662
0.128676
0.662
0.229298
0.391681
0.381609
0.662
0.662
0.662
0.662
0.662
0.089952
0.662
0.662
0.0231436
0.176499
0.662
0.662
0.0672237
0.358381
0.305129
0.662
0.229284
0.407799
0.146502
0.662
0.294007
0.0205042
0.445526
0.0805297
0.321573
0.662
0.662
0.103293
0.274286
0.502878
0.52335
0.00341332
0.205679
0.25774
0.662
0.662
0.662
0.662
0.281644
0.131424
0.662
0.278358
0.662
0.348829
0.662
0.208538
0.662
0.0461652
0.662
0.662
0.333625
0.150452
0.662
0.662
0.662
0.415637
0.419808
0.358954
0.662
0.662
0.662
0.662
0.00764722
0.0361062
0.662
0.662
0.662
0.662
0.662
0.155608
0.662
0.662
0.662
0.532735
0.52898
0.662
0.662
0.135197
0.344437
0.662
0.0996761
0.662
0.662
0.662
0.124129
0.160332
0.662
0.662
0.402907
0.31103
0.662
0.662
0.662
0.256755
0.662
0.342305
0.163799
0.15287
0.662
0.662
0.662
0.662
0.312003
0.662
0.662
0.650506
0.662
0.0218043
0.662
0.363392
0.662
0.662
0.445397
0.0221311
0.662
0.309947
0.662
0.341318
0.480484
0.526999
0.662
0.236356
0.662
0.463006
0.465831
0.662
0.056841
0.662
0.101885
0.210838
0.662
0.662
0.492119
0.078921
0.276022
0.146939
0.267377
0.409385
0.662
0.662
0.606304
0.47036
0.662
0.0410717
0.381105
0.019559
0.474349
0.662
0.662
0.662
0.662
0.662
0.662
0.662
0.662
0.155746
0.662
0.0136937
0.330802
0.662
0.313268
0.285844
0.662
0.41989
0.662
0.662
0.662
0.662
0.368894
0.128268
0.229233
0.662
0.662
0.395647
0.296156
0.662
0.179545
0.662
0.577667
0.662
0.662
0.183165
0.662
0.662
0.662
0.358495
0.133454
0.662
0.150916
0.057487
0.662
0.0151285
0.415628
0.662
0.662
0.440013
0.662
0.662
0.662
0.662
0.662
0.662
0.662
0.662
0.174881
0.662
0.662
0.662
0.316014
0.662
0.662
0.662
0.662
0.662
0.0387997
0.211394
0.662
0.662
0.412798
0.662
0.411737
0.13249
0.477613
0.662
0.23183
0.662
0.662
0.662
0.202425
0.159351
0.662
0.469645
0.453875
0.451554
0.354418
0.145211
0.662
0.662
0.381427
0.662
0.662
0.40346
0.662
0.662
0.193376
0.231992
0.466304
0.662
0.243776
0.243956
0.626329
0.662
0.321149
0.662
0.662
0.662
0.420716
0.662
0.453272
0.29842
0.662
0.662
0.662
0.310781
0.367951
0.662
0.168639
0.0502145
0.412643
0.0813193
0.662
0.662
0.662
0.662
0.495599
0.306585
0.169194
0.662
0.662
0.662
0.662
0.339414
0.46498
0.662
0.662
0.662
0.0269207
0.414958
0.662
0.662
0.662
0.105443
0.662
0.168055
0.662
0.226326
0.145745
0.137925
0.662
0.662
0.342422
0.662
0.662
0.662
0.662
0.662
0.250143
0.326801
0.662
0.662
0.662
0.483321
0.28753
0.251464
0.662
0.662
0.22481
0.561051
0.205527
0.662
0.536099
0.46723
0.662
0.662
0.662
0.279287
0.40855
0.662
0.662
0.662
0.311002
0.662
0.0999441
0.662
0.0347293
0.0463021
0.402085
0.154255
0.426004
0.662
0.662
0.197562
0.234676
0.61666
0.212987
0.662
0.134476
0.118812
0.662
0.662
0.662
0.662
0.662
0.169088
0.662
0.662
0.662
0.662
0.656979
0.662
0.662
0.662
0.662
0.662
0.662
0.662
0.313855
0.662
0.199554
0.662
0.662
0.662
0.662
0.662
0.662
0.0493904
0.421454
0.662
0.44391
0.12551
0.662
0.662
0.662
0.440029
0.662
0.218909
0.393341
0.57334
0.662
0.167155
0.258858
0.486715
0.662
0.429313
0.662
0.662
0.662
0.15596
0.17969
0.662
0.341323
0.0154498
0.311754
0.662
0.318783
0.110025
0.270391
0.0910028
0.662
0.662
0.20517
0.662
0.662
0.662
0.238839
0.662
0.662
0.0613848
0.0801396
0.184568
0.22199
0.662
0.124641
0.662
0.662
0.0371121
0.662
0.662
0.0858601
0.662
0.303486
0.662
0.662
0.133057
0.662
0.662
0.662
0.662
0.662
0.662
0.549075
0.110696
0.662
0.662
0.662
0.662
0.662
0.217969
0.39524
0.662
0.00258006
0.662
0.00941836
0.367685
0.177036
0.19964
0.0692627
0.662
0.204531
0.662
0.662
0.403452
0.281364
0.662
0.273803
0.662
0.662
0.109278
0.471766
0.193768
0.0578807
0.662
0.43718
0.662
0.118295
0.662
0.662
0.662
0.468435
0.662
0.662
0.300188
0.603028
0.468546
0.45761
0.662
0.662
0.662
0.662
0.399935
0.0982469
0.662
0.662
0.0649212
0.662
0.0261855
0.246801
0.3587
0.461644
0.662
0.0814252
0.662
0.662
0.662
0.662
0.246114
0.25966
0.620671
0.662
0.280449
0.662
0.662
0.168036
0.662
0.193784
0.662
0.662
0.662
0.475086
0.417512
0.248372
0.662
0.662
0.3618
0.365778
0.35367
0.662
0.662
0.662
0.352662
0.0109528
0.0806948
0.662
0.0832083
0.375315
0.0409377
0.662
0.262427
0.662
0.120173
0.29814
0.662
0.51154
0.662
0.415318
0.662
0.662
0.662
0.0151214
0.662
0.0286986
0.103233
0.32497
0.340361
0.662
0.458554
0.0789404
0.662
0.0796284
0.662
0.0818978
0.662
0.402986
0.369392
0.355228
