0.089952
0.276022
0.167829
0.662
0.415318
0.662
0.134476
0.193768
0.662
0.662
0.662
0.0796284
0.662
0.662
0.480164
0.662
0.0945128
0.662
0.103233
0.32497
0.0261855
0.575089
0.662
0.662
0.46723
0.377529
0.283704
0.662
0.0474127
0.00118115
0.0792474
0.662
0.662
0.662
0.0151214
0.109278
0.662
0.279287
0.662
0.13249
0.454048
0.662
0.118812
0.249788
0.369392
0.662
0.206033
0.595699
0.0493904
0.170501
0.662
0.662
0.662
0.662
0.662
0.331552
0.408871
0.0502145
0.662
0.426004
0.274286
0.386052
0.662
0.662
0.662
0.662
0.662
0.662
0.662
0.515078
0.483457
0.381105
0.662
0.420227
0.159351
0.662
0.662
0.662
0.0979637
0.19964
0.662
0.662
0.662
0.103293
0.367951
0.0205042
0.662
0.344437
0.29842
0.662
0.432938
0.198401
0.216112
0.662
0.662
0.234786
0.662
0.662
0.662
0.662
0.662
0.662
0.662
0.0789404
0.145211
0.393341
0.662
0.205527
0.447868
0.365477
0.392871
0.662
0.662
0.0756359
0.285578
0.3618
0.0136937
0.662
0.662
0.154255
0.458554
0.662
0.0890942
0.191791
0.662
0.288154
0.474349
0.662
0.662
0.218909
0.662
0.35367
0.662
0.139388
0.662
0.662
0.238839
0.662
0.662
0.662
0.662
0.358954
0.662
0.559093
0.662
0.662
0.662
0.662
0.662
0.662
0.417512
0.662
0.662
0.662
0.144216
0.00258006
0.246114
0.662
0.645341
0.662
0.411737
0.662
0.376216
0.414958
0.546566
0.662
0.662
0.204531
0.363392
0.312003
0.662
0.0242951
0.603028
0.662
0.662
0.662
0.110882
0.300188
0.662
0.662
0.662
0.662
0.662
0.662
0.405953
0.284708
0.662
0.25966
0.662
0.0151285
0.238954
0.662
0.662
0.662
0.662
0.305281
0.483378
0.269167
0.662
0.167155
0.210766
0.662
0.662
0.135197
0.662
0.0858601
0.429313
0.321149
0.0109528
0.217969
0.662
0.23183
0.662
0.662
0.662
0.662
0.398343
0.472116
0.662
0.662
0.0753286
0.662
0.662
0.350374
0.0578807
0.662
0.662
0.302319
0.662
0.163799
0.662
0.662
0.662
0.662
0.557656
0.662
0.463006
0.662
0.662
0.662
0.224174
0.662
0.662
0.445526
0.311156
0.295242
0.0420221
0.40855
0.662
0.662
0.169088
0.550448
0.22199
0.662
0.662
0.662
0.339414
0.32077
0.662
0.662
0.409385
0.358495
0.183165
0.439411
0.662
0.662
0.662
0.662
0.662
0.40346
0.662
0.439546
0.28753
0.482724
0.281364
0.662
0.662
0.662
0.662
0.662
0.662
0.662
0.385662
0.662
0.0672237
0.0686364
0.662
0.258858
0.582584
0.407799
0.662
0.17927
0.662
0.306585
0.662
0.662
0.0814252
0.662
0.662
0.662
0.236356
0.270391
0.662
0.662
0.407634
0.662
0.424915
0.196699
0.662
0.662
0.662
0.0409377
0.272141
0.662
0.620671
0.295459
0.662
0.295284
0.354754
0.662
0.404953
0.662
0.402907
0.662
0.358381
0.00341332
0.662
0.0560869
0.662
0.662
0.662
0.175284
0.577834
0.279702
0.354418
0.0910028
0.155608
0.662
0.213664
0.662
0.0467618
0.662
0.662
0.506997
0.662
0.0927503
0.662
0.133454
0.662
0.341281
0.265102
0.662
0.256755
0.364571
0.662
0.0806948
0.662
0.662
0.662
0.243956
0.662
0.435619
0.662
0.483321
0.310781
0.31103
0.0715305
0.39758
0.662
0.342305
0.662
0.0410717
0.351623
0.662
0.662
0.662
0.662
0.662
0.662
0.22851
0.662
0.495962
0.430691
0.35434
0.0516815
0.662
0.662
0.284965
0.662
0.662
0.662
0.105443
0.662
0.662
0.662
0.477613
0.662
0.461021
0.166023
0.461644
0.662
0.297934
0.0227419
0.662
0.471247
0.662
0.662
0.662
0.199554
0.469899
0.392891
0.101885
0.297944
0.662
0.662
0.662
0.107162
0.168055
0.44391
0.0657149
0.231992
0.662
0.0996761
0.662
0.342513
0.395647
0.296156
0.662
0.662
0.662
0.662
0.662
0.662
0.3587
0.662
0.662
0.381427
0.662
0.497253
0.29814
0.662
0.662
0.662
0.328914
0.662
0.212987
0.124679
0.662
0.57334
0.662
0.662
0.193376
0.169194
0.365778
0.160493
0.205679
0.662
0.662
0.251464
0.662
0.662
0.179545
0.662
0.337296
0.0287377
0.468546
0.662
0.662
0.375315
0.160737
0.250143
0.662
0.662
0.285844
0.369521
0.210444
0.359726
0.384423
0.213085
0.193074
0.495599
0.0801396
0.407384
0.06085
0.662
0.341323
0.662
0.236866
0.662
0.662
0.662
0.511076
0.662
0.662
0.662
0.662
0.662
0.662
0.184568
0.211394
0.662
0.662
0.0237494
0.662
0.0999441
0.662
0.662
0.662
0.0221311
0.662
0.229284
0.0599559
0.662
0.662
0.662
0.662
0.160332
0.214377
0.206074
0.662
0.266539
0.066962
0.662
0.381609
0.662
0.0347293
0.662
0.368894
0.662
0.662
0.342422
0.078921
0.662
0.662
0.662
0.547906
0.43718
0.662
0.190316
0.421454
0.0832083
0.0805297
0.449454
0.536099
0.662
0.262465
0.662
0.280449
0.662
0.662
0.00701624
0.606304
0.057487
0.311754
0.662
0.662
0.52898
0.662
0.662
0.662
0.230332
0.662
0.0692627
0.662
0.662
0.222917
0.210838
0.662
0.326801
0.662
0.662
0.662
0.662
0.333625
0.662
0.245589
0.662
0.348829
0.0387997
0.0589886
0.150452
0.662
0.662
0.662
0.419767
0.503866
0.662
0.307752
0.0105959
0.662
0.444301
0.288345
0.176499
0.662
0.229233
0.229298
0.137925
0.662
0.662
0.290533
0.197562
0.662
0.662
0.172672
0.662
0.662
0.662
0.662
0.135078
0.12551
0.171296
0.415637
0.662
0.662
0.662
0.662
0.662
0.281644
0.662
0.662
0.662
0.468435
0.662
0.662
0.662
0.0361062
0.662
0.662
0.266243
0.131424
0.237791
0.662
0.432036
0.662
0.278358
0.133808
0.662
0.309947
0.320796
0.482879
0.412798
0.146939
0.355228
0.662
0.445856
0.662
0.662
0.662
0.319814
0.662
0.470864
0.662
0.662
0.305129
0.0944538
0.662
0.662
0.662
0.662
0.662
0.412643
0.662
0.662
0.0231436
0.209686
0.662
0.20517
0.662
