0.662
0.0516815
0.300758
0.662
0.444429
0.662
0.295242
0.0672237
0.662
0.662
0.662
0.662
0.662
0.662
0.662
0.662
0.662
0.323094
0.662
0.662
0.16655
0.206733
0.662
0.662
0.361769
0.62882
0.662
0.662
0.662
0.124679
0.311754
0.662
0.3587
0.266058
0.463006
0.144286
0.662
0.662
0.662
0.429622
0.662
0.662
0.662
0.27419
0.662
0.0623901
0.243791
0.662
0.662
0.129633
0.0467618
0.662
0.300263
0.0832083
0.662
0.662
0.489994
0.662
0.662
0.662
0.662
0.662
0.662
0.662
0.662
0.662
0.290468
0.0361062
0.662
0.187622
0.308365
0.662
0.483321
0.662
0.662
0.273573
0.247291
0.662
0.265785
0.12551
0.662
0.662
0.662
0.407634
0.200558
0.662
0.662
0.206074
0.152215
0.662
0.662
0.210838
0.144816
0.331552
0.264426
0.662
0.662
0.264368
0.662
0.662
0.662
0.306151
0.0959977
0.364571
0.246114
0.662
0.662
0.662
0.662
0.0608539
0.0643475
0.662
0.662
0.662
0.662
0.662
0.662
0.192364
0.662
0.662
0.458688
0.662
0.493065
0.0140069
0.662
0.461644
0.662
0.448336
0.662
0.377529
0.264137
0.21053
0.211027
0.662
0.662
0.456975
0.305476
0.30599
0.286076
0.662
0.0943482
0.662
0.662
0.662
0.662
0.662
0.662
0.662
0.662
0.662
0.662
0.662
0.342305
0.454048
0.662
0.662
0.270391
0.265582
0.349694
0.160255
0.662
0.662
0.662
0.662
0.662
0.606304
0.662
0.133454
0.32329
0.662
0.662
0.662
0.662
0.287262
0.662
0.341281
0.414958
0.662
0.424915
0.662
0.494743
0.662
0.127101
0.0701056
0.644621
0.662
0.351766
0.345554
0.662
0.0713441
0.662
0.662
0.662
0.367644
0.307103
0.662
0.662
0.662
0.662
0.662
0.662
0.0117127
0.662
0.662
0.298054
0.662
0.662
0.120534
0.130368
0.662
0.337825
0.662
0.447028
0.0726331
0.32497
0.662
0.662
0.662
0.0647131
0.662
0.134054
0.399109
0.662
0.391668
0.645341
0.296156
0.120683
0.662
0.0220177
0.662
0.662
0.662
0.662
0.662
0.662
0.140495
0.662
0.473068
0.140117
0.662
0.00988794
0.195603
0.662
0.274286
0.57334
0.43172
0.285844
0.407475
0.36422
0.161635
0.662
0.662
0.112925
0.662
0.662
0.662
0.231992
0.14969
0.662
0.455381
0.103411
0.662
0.0105959
0.36833
0.662
0.662
0.662
0.662
0.211284
0.435619
0.190871
0.662
0.376216
0.262231
0.489532
0.285138
0.293689
0.662
0.662
0.662
0.119929
0.662
0.662
0.278358
0.0149419
0.662
0.662
0.122415
0.662
0.662
0.319226
0.662
0.258836
0.225625
0.662
0.0927503
0.106358
0.432938
0.662
0.238856
0.0999441
0.662
0.230513
0.497253
0.662
0.350385
0.662
0.342681
0.662
0.112406
0.662
0.662
0.662
0.662
0.321508
0.662
0.368894
0.191444
0.135197
0.662
0.662
0.662
0.155608
0.662
0.179286
0.362954
0.218359
0.0735844
0.662
0.662
0.276022
0.662
0.0945128
0.318341
0.115541
0.0470915
0.323054
0.662
0.662
0.13771
0.662
0.662
0.662
0.662
0.400411
0.0151285
0.662
0.226882
0.101885
0.662
0.662
0.488437
0.528941
0.662
0.662
0.662
0.662
0.662
0.662
0.365778
0.662
0.392871
0.662
0.662
0.662
0.14412
0.662
0.338658
0.662
0.352454
0.138176
0.077271
0.662
0.662
0.355902
0.662
0.556909
0.354004
0.217874
0.662
0.143182
0.205944
0.662
0.662
0.313901
0.285369
0.419858
0.662
0.662
0.662
0.662
0.169534
0.13873
0.342477
0.000185893
0.477724
0.325621
0.662
0.18113
0.662
0.662
0.662
0.662
0.662
0.662
0.304551
0.295917
0.32625
0.367378
0.213438
0.164714
0.662
0.250855
0.662
0.662
0.662
0.662
0.662
0.662
0.662
0.377145
0.219651
0.662
0.151737
0.662
0.662
0.662
0.441656
0.662
0.516928
0.557656
0.662
0.22876
0.662
0.662
0.662
0.495599
0.662
0.280276
0.431731
0.662
0.662
0.662
0.662
0.63802
0.662
0.281364
0.662
0.229284
0.662
0.662
0.378235
0.181176
0.662
0.662
0.00304964
0.121197
0.349552
0.286444
0.662
0.468116
0.16204
0.558313
0.662
0.531127
0.662
0.475543
0.369521
0.192727
0.662
0.245118
0.662
0.131424
0.662
0.425823
0.109125
0.351623
0.232152
0.0906257
0.662
0.43718
0.662
0.662
0.662
0.662
0.662
0.662
0.125854
0.212679
0.662
0.473969
0.185179
0.0534939
0.078921
0.662
0.662
0.0846217
0.662
0.662
0.614079
0.662
0.0288151
0.662
0.448424
0.662
0.662
0.662
0.662
0.403055
0.319419
0.662
0.662
0.662
0.662
0.48167
0.662
0.246301
0.662
0.381264
0.0511248
0.662
0.662
0.662
0.284708
0.268293
0.662
0.662
0.429313
0.662
0.662
0.209457
0.662
0.662
0.458232
0.0286986
0.421875
0.428689
0.662
0.158586
0.662
0.468836
0.0792474
0.0739017
0.662
0.662
0.662
0.662
0.662
0.341068
0.141341
0.233552
0.662
0.662
0.138801
0.236386
0.306585
0.662
0.419767
0.662
0.443286
0.0763758
0.662
0.662
0.40463
0.279287
0.189646
0.0261855
0.662
0.443558
0.477179
0.17569
0.398343
0.0822943
0.38364
0.351294
0.662
0.227269
0.662
0.516632
0.662
0.415318
0.662
0.662
0.662
0.037449
0.662
0.0686364
0.292972
0.662
0.662
0.662
0.489682
0.12374
0.219945
0.662
0.662
0.160718
0.336604
0.662
0.205679
0.662
0.566434
0.662
0.662
0.0825651
0.662
0.662
0.535213
0.169552
0.399888
0.620671
0.662
0.192439
0.245069
0.348554
0.662
0.219501
0.662
0.196096
0.662
0.662
0.662
0.662
0.662
0.085673
0.0678423
0.022704
0.662
0.662
0.662
0.662
0.456194
0.265626
0.662
0.384057
0.662
0.342632
0.456439
0.297934
0.457111
0.29935
0.662
0.00512331
0.662
0.0643882
0.662
0.408883
0.662
0.662
0.662
0.322712
0.404405
0.662
0.0420221
0.373508
0.28037
0.615373
0.353006
0.662
0.662
0.662
0.662
0.486067
0.23178
0.306772
0.662
0.662
0.662
0.379378
0.662
0.662
0.662
0.134861
0.129381
0.662
0.0375762
0.662
0.662
0.662
0.662
0.662
0.0137031
0.662
0.662
0.336842
0.320796
0.662
0.662
0.662
0.505429
0.662
0.385034
0.439411
0.0722014
0.662
0.394746
0.662
0.662
0.198695
0.464535
0.0996761
0.432661
0.662
0.388916
0.662
0.662
0.160178
0.662
0.662
0.238839
0.0789404
0.662
0.451554
0.0171747
0.318836
0.662
0.662
0.295284
0.257589
0.662
0.662
0.662
0.662
0.662
0.662
0.662
0.662
0.179545
0.477613
0.249788
0.286705
0.250726
0.662
0.0212066
0.662
0.662
0.662
0.662
0.662
0.386692
0.357239
0.662
