0.0336579
0.662
0.281335
0.662
0.0172421
0.209814
0.421011
0.662
0.536747
0.614505
0.0137048
0.0504057
0.184705
0.662
0.662
0.141922
0.299114
0.662
0.662
0.263116
0.257699
0.241155
0.662
0.662
0.0558139
0.662
0.0255137
0.399497
0.662
0.319041
0.662
0.259449
0.662
0.662
0.101909
0.480758
0.662
0.662
0.221894
0.662
0.428674
0.662
0.411678
0.43943
0.123474
0.237035
0.179854
0.662
0.436479
0.226681
0.415661
0.662
0.662
0.473701
0.551565
0.26551
0.662
0.662
0.662
0.662
0.0997909
0.199345
0.508389
0.118876
0.662
0.216965
0.422658
0.662
0.662
0.662
0.662
0.662
0.662
0.0137861
0.416516
0.662
0.655806
0.662
0.574619
0.51093
0.662
0.662
0.662
0.205741
0.338994
0.662
0.662
0.662
0.643963
0.130033
0.169797
0.153188
0.445861
0.0089456
0.662
0.662
0.354731
0.459351
0.0407297
0.25046
0.662
0.226892
0.267029
0.476855
0.662
0.662
0.662
0.0103384
0.662
0.662
0.312219
0.00606864
0.662
0.171683
0.210699
0.662
0.365837
0.662
0.662
0.144677
0.275107
0.208646
0.662
0.662
0.305971
0.271716
0.662
0.662
0.662
0.442986
0.347577
0.662
0.126144
0.240899
0.440852
0.232851
0.662
0.662
0.662
0.368373
0.662
0.420959
0.251686
0.662
0.259414
0.136117
0.160293
0.662
0.662
0.662
0.161383
0.662
0.415393
0.111432
0.423263
0.161927
0.0868423
0.662
0.161855
0.469305
0.662
0.0923445
0.662
0.662
0.434336
0.662
0.00412841
0.662
0.348478
0.662
0.0866036
0.662
0.443607
0.662
0.662
0.662
0.662
0.662
0.229423
0.662
0.662
0.471662
0.0941599
0.597956
0.662
0.125803
0.177877
0.5228
0.185928
0.662
0.422955
0.662
0.14889
0.294096
0.662
0.0779103
0.662
0.1526
0.126827
0.662
0.390486
0.225153
0.662
0.389664
0.115249
0.662
0.0954543
0.175156
0.662
0.149365
0.432476
0.662
0.055903
0.370671
0.662
0.436191
0.662
0.662
0.117196
0.662
0.662
0.462487
0.662
0.662
0.120141
0.365131
0.662
0.662
0.391032
0.600227
0.662
0.313319
0.662
0.662
0.662
0.455073
0.662
0.400504
0.16315
0.662
0.435064
0.388961
0.662
0.0761841
0.662
0.386783
0.662
0.662
0.14644
0.662
0.446957
0.0301237
0.662
0.19927
0.662
0.662
0.662
0.0639551
0.0929948
0.117432
0.313586
0.662
0.198706
0.662
0.662
0.662
0.111856
0.111346
0.662
0.662
0.0855208
0.0719721
0.15019
0.164816
0.106707
0.662
0.445912
0.0820338
0.392803
0.092681
0.0495186
0.662
0.380853
0.475977
0.662
0.662
0.139246
0.662
0.662
0.662
0.46027
0.662
0.328892
0.662
0.385464
0.195974
0.662
0.662
0.662
0.662
0.662
0.649418
0.662
0.169075
0.407739
0.0682118
0.0853853
0.662
0.218302
0.178119
0.662
0.662
0.662
0.207428
0.662
0.662
0.662
0.662
0.142373
0.470775
0.662
0.0381687
0.0367581
0.662
0.662
0.662
0.662
0.0971369
0.662
0.15248
0.662
0.363728
0.662
0.378905
0.275325
0.534485
0.662
0.378663
0.232952
0.26056
0.264234
0.662
0.370983
0.662
0.662
0.662
0.172789
0.662
0.463576
0.0673141
0.662
0.0289713
0.662
0.662
0.32799
0.40312
0.397675
0.193295
0.662
0.662
0.272175
0.662
0.634894
0.662
0.450991
0.0996231
0.662
0.662
0.662
0.599493
0.662
0.662
0.128668
0.0725459
0.264957
0.368431
0.662
0.109531
0.226611
0.662
0.475085
0.387358
0.662
0.425307
0.122185
0.316611
0.387612
0.662
0.0447706
0.662
0.662
0.143259
0.345566
0.1038
0.468881
0.662
0.662
0.416929
0.662
0.453355
0.662
0.462206
0.652905
0.662
0.145461
0.52443
0.0986259
0.238279
0.662
0.662
0.157979
0.662
0.662
0.326393
0.662
0.0461952
0.662
0.0552589
0.662
0.662
0.155011
0.464571
0.0473659
0.0987791
0.662
0.0724327
0.496789
0.662
0.470694
0.662
0.17392
0.0648975
0.422667
0.662
0.662
0.662
0.662
0.270225
0.662
0.0632739
0.494861
0.102706
0.662
0.205759
0.350994
0.102987
0.0749219
0.582083
0.436232
0.311191
0.0684351
0.0972942
0.662
0.662
0.662
0.662
0.662
0.311792
0.662
0.662
0.437886
0.662
0.662
0.1134
0.132711
0.662
0.662
0.367328
0.50012
0.450194
0.0563133
0.0560437
0.662
0.662
0.662
0.662
0.406785
0.489714
0.662
0.662
0.662
0.127383
0.459099
0.662
0.47615
0.662
0.0751367
0.662
0.191807
0.662
0.185874
0.454529
0.662
0.662
0.206535
0.662
0.662
0.662
0.662
0.662
0.470378
0.662
0.662
0.662
0.662
0.662
0.662
0.662
0.218603
0.122323
0.468963
0.662
0.662
0.662
0.0907848
0.456518
0.455568
0.662
0.662
0.662
0.662
0.0535329
0.537943
0.317616
0.0831452
0.633694
0.662
0.629706
0.662
0.662
0.337302
0.662
0.198155
0.662
0.214911
0.662
0.310635
0.292988
0.110715
0.662
0.502896
0.0167184
0.162865
0.360467
0.404306
0.662
0.662
0.161404
0.662
0.323917
0.0227296
0.662
0.662
0.257177
0.06297
0.343338
0.662
0.431618
0.662
0.662
0.178357
0.0981793
0.281901
0.662
0.662
0.662
0.138566
0.315035
0.662
0.662
0.662
0.229576
0.662
0.282948
0.346772
0.475673
0.662
0.662
0.662
0.662
0.0204641
0.662
0.662
0.662
0.662
0.0936991
0.205154
0.0895986
0.234303
0.318596
0.662
0.662
0.475143
0.662
0.300115
0.130397
0.235425
0.662
0.662
0.0441969
0.00541651
0.662
0.662
0.348888
0.662
0.0646883
0.231541
0.662
0.662
0.662
0.662
0.662
0.662
0.662
0.662
0.662
0.662
0.662
0.236546
0.662
0.662
0.0507045
0.662
0.662
0.662
0.662
0.00398532
0.662
0.662
0.662
0.662
0.662
0.365861
0.662
0.0900043
0.662
0.662
0.122135
0.662
0.662
0.429222
0.662
0.662
0.662
0.662
0.343614
0.334947
0.650761
0.662
0.203006
0.262595
0.00520809
0.662
0.662
0.0620763
0.135944
0.457047
0.184713
0.662
0.662
0.121262
0.662
0.293811
0.233799
0.662
0.446365
0.662
0.418283
0.662
0.247266
0.662
0.662
0.431601
0.662
0.662
0.424382
0.201218
0.662
0.157897
0.461344
0.662
0.337889
0.662
0.662
0.662
0.182598
0.407627
0.122325
0.662
0.662
0.662
0.27028
0.316619
0.345319
0.662
0.662
0.421996
0.662
0.311093
0.0442114
0.438294
0.364185
0.662
0.448961
0.662
0.0336778
0.662
0.662
0.156602
0.662
0.662
0.438107
0.444129
0.662
0.142691
0.0833183
0.662
0.435697
0.662
0.662
0.662
0.662
0.662
0.275165
0.0972715
0.214157
0.662
0.662
0.662
0.377842
0.662
0.662
0.662
0.639079
0.662
0.0261554
0.456002
0.662
0.427669
0.509854
0.0441011
0.00297452
0.662
0.0518841
0.297242
0.662
0.263358
0.228747
0.662
0.0920119
0.0862973
0.662
0.48909
0.662
0.337913
0.32242
0.662
0.662
0.662
0.424661
0.00894654
0.662
0.662
0.0826265
0.360812
0.662
0.662
0.0681389
0.662
0.130801
0.429388
0.662
0.152227
0.662
0.662
0.519622
0.430043
0.276541
0.198758
0.40108
0.149295
0.662
0.662
0.314299
0.662
0.662
0.422275
0.662
0.208924
0.662
0.662
0.662
0.0154149
0.222896
0.662
0.662
0.185677
0.662
0.662
0.534221
0.662
0.662
0.662
0.346234
0.662
0.0972602
0.102691
0.662
0.263452
0.117999
0.463111
0.662
0.662
0.662
0.235176
0.662
0.185753
0.662
0.450711
0.662
0.662
0.322559
0.25741
0.662
0.662
0.662
0.662
0.662
0.662
0.662
0.662
0.662
0.49001
0.662
0.662
0.662
0.662
0.662
0.662
0.454011
0.300949
0.662
0.662
0.10986
0.331228
0.662
0.189485
0.332148
0.0658761
0.662
0.662
0.346501
0.171572
0.662
0.409797
0.662
0.435581
0.24383
0.436196
0.662
0.662
0.181377
0.662
0.37084
0.102019
0.00924424
0.502583
0.662
0.662
0.66146
0.0790117
0.130545
0.662
0.0853859
0.464351
0.233855
0.662
0.20211
0.365257
0.662
0.662
0.662
0.185462
0.17651
0.0917414
0.662
0.412932
0.130891
0.662
0.662
0.0603475
0.662
0.662
0.382294
0.662
0.0134095
0.124859
0.323125
0.662
0.662
0.662
0.662
0.150927
0.562609
0.662
0.662
0.218348
0.286855
0.185263
0.00316197
0.662
0.436013
0.662
0.453501
0.269269
0.662
0.662
0.215281
0.662
0.662
0.662
0.662
0.662
0.662
0.662
0.0427129
0.662
0.24597
0.662
0.271735
0.662
0.662
0.662
0.662
0.148185
0.662
0.662
0.076932
0.662
0.000249869
0.274908
0.436984
0.357568
0.662
0.183835
0.0882652
0.662
0.662
0.099553
0.618433
0.662
0.561156
0.191173
0.471679
0.662
0.662
0.297427
0.44151
0.662
0.375241
0.662
0.127675
0.662
0.662
0.662
0.662
0.0791661
0.662
0.662
0.662
0.342651
0.121507
0.662
0.597911
0.662
0.662
0.662
0.662
0.36372
0.044733
0.662
0.662
0.47754
0.0192412
0.228291
0.662
0.272586
0.662
0.537582
0.662
0.662
0.662
0.662
0.109431
0.433276
0.662
0.375069
0.172077
0.233137
0.662
0.662
0.662
0.353278
0.662
0.280634
0.662
0.662
0.662
0.662
0.186875
0.592594
0.0818199
0.662
0.0311596
0.380869
0.466401
0.662
0.662
0.160948
0.260554
0.472312
0.662
0.460353
0.662
0.498532
0.235923
0.172284
0.0669229
0.662
0.662
0.277597
0.662
0.418641
0.662
0.662
0.308545
0.662
0.662
0.662
0.662
0.161377
0.085854
0.498295
0.662
0.57706
0.662
0.662
0.662
0.380116
0.662
0.0766116
0.662
0.662
0.662
0.180992
0.662
0.655311
0.395367
0.662
0.276623
0.299824
0.662
0.0305601
0.0554082
0.183115
0.662
0.662
0.662
0.31719
0.442804
0.662
0.313667
0.287131
0.188546
0.457779
0.306195
0.00291125
0.326103
0.662
0.0615592
0.662
0.662
0.662
0.140397
0.662
0.662
0.662
0.375983
0.421299
0.607226
0.662
0.662
0.255099
0.131794
0.662
0.104565
0.662
0.662
0.238638
0.662
0.264712
0.662
0.452607
0.662
0.662
0.662
0.662
0.177116
0.377951
0.29088
0.662
0.294355
0.287438
0.00559606
0.662
0.500537
0.662
0.152932
0.494009
0.382666
0.215903
0.662
0.0245889
0.662
0.449708
0.637825
0.662
0.662
0.349753
0.662
0.0430617
0.662
0.35574
0.13008
0.662
0.230522
0.397813
0.662
0.364228
0.662
0.178572
0.13318
0.662
0.656692
0.662
0.270608
0.662
0.662
0.662
0.228675
0.662
0.0125917
0.662
0.662
0.662
0.662
0.662
0.662
0.662
0.662
0.662
0.495876
0.662
0.180897
0.374704
0.192663
0.00255676
0.0101254
0.229188
0.458889
0.461307
0.266393
0.662
0.662
0.287273
0.185258
0.0975047
0.0724179
0.127561
0.662
0.0527446
0.662
0.662
0.400691
0.554594
0.12651
0.63339
0.662
0.662
0.662
0.662
0.662
0.15197
0.310661
0.662
0.662
0.0614806
0.662
0.0288746
0.662
0.662
0.662
0.460598
0.662
0.377432
0.471923
0.662
0.662
0.662
0.039738
0.662
0.185914
0.662
0.19527
0.00764009
0.405149
0.662
0.662
0.2899
0.371406
0.662
0.662
0.0139791
0.662
0.662
0.662
0.423118
0.662
0.0329946
0.0215556
0.459578
0.662
0.662
0.100287
0.459477
0.46861
0.301992
0.187433
0.662
0.662
0.467287
0.254472
0.507667
0.269027
0.299517
0.662
0.662
0.662
0.147722
0.662
0.459307
0.305473
0.437888
0.662
0.662
0.662
0.109477
0.346086
0.662
0.662
0.487494
0.0142354
0.662
0.662
0.662
0.449193
0.212545
0.317861
0.662
0.443759
0.219761
0.662
0.662
0.662
0.0232508
0.662
0.042452
0.38455
0.0189687
0.324365
0.0818728
0.662
0.662
0.347885
0.662
0.662
0.110075
0.662
0.0237721
0.662
0.662
0.662
0.662
0.662
0.0078296
0.161073
0.0530502
0.382732
0.303946
0.662
0.194952
0.662
0.662
0.314557
0.269476
0.252784
0.453471
0.662
0.662
0.662
0.662
0.334076
0.0188795
0.662
0.662
0.423732
0.662
0.662
0.441042
0.662
0.562879
0.662
0.089274
0.662
0.281029
0.00668294
0.0497303
0.662
0.662
0.195699
0.215402
0.662
0.277547
0.437265
0.281466
0.354975
0.662
0.271773
0.662
0.662
0.662
0.662
0.342663
0.0719642
0.25286
0.404712
0.280766
0.662
0.662
0.464772
0.662
0.662
0.0217831
0.384359
0.194925
0.087225
0.156607
0.248956
0.662
0.662
0.662
0.662
0.662
0.192612
0.0418177
0.323322
0.662
0.192584
0.662
0.662
0.268812
0.0368554
0.662
0.662
0.136469
0.595492
0.662
0.662
0.662
0.662
0.450679
0.281427
0.325955
0.269793
0.662
0.103018
0.662
0.662
0.220126
0.662
0.662
0.662
0.662
0.253801
0.415196
0.662
0.662
0.385533
0.357731
0.662
0.662
0.618267
0.662
0.662
0.0200054
0.100398
0.193379
0.662
0.361963
0.37696
0.662
0.0262028
0.299444
0.573685
0.662
0.662
0.174704
0.662
