0.463518
0.662
0.662
0.419365
0.662
0.662
0.662
0.662
0.401612
0.662
0.662
0.0321859
0.662
0.662
0.662
0.448041
0.217061
0.662
0.662
0.425296
0.215602
0.662
0.543502
0.369104
0.662
0.662
0.095866
0.662
0.163203
0.662
0.0561168
0.304687
0.662
0.47541
0.465526
0.0188026
0.662
0.662
0.662
0.645295
0.662
0.662
0.662
0.662
0.662
0.662
0.662
0.662
0.662
0.662
0.225679
0.146833
0.437802
0.0746141
0.662
0.662
0.14033
0.086264
0.662
0.662
0.662
0.413001
0.191308
0.662
0.132729
0.563728
0.323621
0.120167
0.398757
0.662
0.662
0.0993631
0.252582
0.355503
0.662
0.551534
0.662
0.331996
0.662
0.662
0.662
0.317905
0.0903834
0.662
0.662
0.11442
0.662
0.444486
0.11274
0.662
0.662
0.662
0.662
0.662
0.13269
0.139344
0.662
0.423968
0.662
0.662
0.465044
0.195505
0.462343
0.0501313
0.34298
0.662
0.229373
0.272276
0.662
0.662
0.662
0.662
0.494857
0.419658
0.209379
0.662
0.662
0.662
0.021692
0.0451106
0.662
0.313582
0.662
0.358568
0.0630371
0.662
0.662
0.662
0.13122
0.662
0.662
0.185496
0.110879
0.662
0.388945
0.662
0.0185246
0.662
0.662
0.662
0.662
0.662
0.662
0.268631
0.444915
0.662
0.662
0.08809
0.662
0.662
0.3719
0.453113
0.662
0.342037
0.292575
0.662
0.662
0.249942
0.662
0.47088
0.201019
0.305744
0.0424213
0.143714
0.498303
0.0537701
0.662
0.662
0.11619
0.0380499
0.662
0.139384
0.662
0.0852696
0.662
0.0850092
0.570755
0.03073
0.1735
0.662
0.10065
0.662
0.205785
0.570496
0.662
0.145753
0.662
0.662
0.662
0.472285
0.662
0.166073
0.464211
0.662
0.401143
0.609527
0.412793
0.662
0.426113
0.233216
0.662
0.662
0.234846
0.524583
0.255164
0.0940198
0.662
0.662
0.662
0.662
0.662
0.456915
0.469943
0.46415
0.662
0.662
0.662
0.386219
0.662
0.662
0.662
0.0978793
0.251013
0.662
0.662
0.662
0.0388591
0.662
0.662
0.171529
0.448896
0.662
0.0148732
0.468571
0.345893
0.662
0.662
0.662
0.662
0.662
0.455786
0.0140052
0.662
0.413027
0.133832
0.332185
0.662
0.662
0.39423
0.0455723
0.662
0.662
0.662
0.222354
0.662
0.662
0.161283
0.662
0.662
0.662
0.476084
0.662
0.662
0.662
0.158381
0.401572
0.0432552
0.0861729
0.662
0.210106
0.662
0.00958719
0.169588
0.230805
0.54524
0.662
0.0669459
0.408903
0.114271
0.662
0.662
0.662
0.662
0.0255646
0.275313
0.212983
0.662
0.662
0.378269
0.390771
0.662
0.297045
0.662
0.0484729
0.0274985
0.662
0.662
0.284632
0.160304
0.662
0.376042
0.177978
0.662
0.662
0.662
0.558854
0.662
0.397173
0.662
0.186228
0.421278
0.662
0.514293
0.662
0.662
0.266843
0.445587
0.662
0.65036
0.197527
0.662
0.662
0.662
0.347027
0.186782
0.662
0.0853873
0.662
0.379283
0.103665
0.662
0.662
0.662
0.35992
0.16211
0.559799
0.0165829
0.662
0.662
0.264535
0.662
0.114105
0.358276
0.230519
0.662
0.662
0.662
0.662
0.413882
0.192035
0.0330802
0.2143
0.662
0.662
0.576492
0.0428899
0.662
0.269782
0.327699
0.276932
0.328817
0.662
0.662
0.398024
0.0848851
0.662
0.662
0.26587
0.662
0.662
0.662
0.662
0.662
0.662
0.0228005
0.662
0.662
0.662
0.662
0.662
0.662
0.0602928
0.210337
0.662
0.160206
0.662
0.620109
0.449441
0.352821
0.662
0.662
0.662
0.238781
0.662
0.121615
0.662
0.662
0.662
0.19306
0.662
0.662
0.662
0.662
0.662
0.437809
0.534924
0.662
0.0111293
0.251252
0.662
0.456368
0.662
0.662
0.662
0.662
0.249885
0.162844
0.662
0.662
0.662
0.343172
0.430421
0.303441
0.353327
0.314044
0.662
0.336479
0.662
0.188738
0.662
0.299471
0.45533
0.386299
0.356846
0.0263792
0.0993752
0.153598
0.662
0.662
0.662
0.662
0.662
0.0371426
0.662
0.662
0.662
0.662
0.366793
0.363272
0.0910024
0.440456
0.662
0.662
0.356461
0.662
0.329223
0.662
0.662
0.318941
0.662
0.342372
0.25123
0.138704
0.0824889
0.477521
0.662
0.662
0.446628
0.662
0.0568754
0.318062
0.662
0.662
0.258342
0.662
0.662
0.662
0.662
0.300142
0.45101
0.662
0.29739
0.26682
0.662
0.5475
0.662
0.170972
0.279275
0.466731
0.384324
0.662
0.130163
0.311365
0.662
0.444484
0.662
0.221399
0.662
0.559684
0.383572
0.327058
0.150533
0.662
0.0698786
0.662
0.662
0.662
0.662
0.662
0.139226
0.662
0.662
0.662
0.662
0.662
0.287255
0.662
0.386841
0.512277
0.662
0.128558
0.32237
0.662
0.101779
0.305167
0.0942946
0.662
0.662
0.0660712
0.662
0.662
0.422802
0.203544
0.196785
0.436582
0.662
0.662
0.662
0.406068
0.662
0.44805
0.662
0.293558
0.265512
0.662
0.662
0.662
0.662
0.662
0.00929268
0.267975
0.0451999
0.0403809
0.324597
0.203247
0.14513
0.487162
0.464061
0.662
0.349335
0.662
0.198152
0.662
0.662
0.662
0.433208
0.137507
0.662
0.662
0.0497513
0.421382
0.24764
0.662
0.662
0.411928
0.662
0.452434
0.529464
0.207328
0.256248
0.662
0.662
0.437257
0.457193
0.662
0.0975452
0.167085
0.229031
0.662
0.662
0.0196987
0.662
0.662
0.261768
0.153806
0.0147224
0.288981
0.662
0.491601
0.340597
0.662
0.0923847
0.130149
0.0892978
0.662
0.662
0.410913
0.227339
0.210161
0.0889628
0.185603
0.250118
0.662
0.662
0.662
0.478787
0.31681
0.35076
0.220048
0.418908
0.662
0.00939902
0.16642
0.662
0.662
0.662
0.183634
0.662
0.317546
0.209291
0.662
0.662
0.394178
0.662
0.192441
0.0965309
0.34322
0.662
0.259646
0.413236
0.0157876
0.662
0.662
0.662
0.662
0.410888
0.662
0.194764
0.285089
0.233692
0.153309
0.662
0.662
0.662
0.461376
0.185823
0.218539
0.175446
0.662
0.662
0.662
0.471344
0.662
0.120042
0.662
0.662
0.662
0.00557917
0.662
0.662
0.193577
0.662
0.662
0.121446
0.662
0.662
0.61793
0.246228
0.183638
0.53055
0.393375
0.142837
0.662
0.662
0.662
0.662
0.662
0.119286
0.662
0.198601
0.0293834
0.662
0.662
0.362609
0.410472
0.662
0.662
0.401421
0.662
0.662
0.662
0.00483539
0.0305297
0.061528
0.662
0.662
0.662
0.662
0.0230108
0.662
0.662
0.662
0.662
0.180029
0.415407
0.662
0.662
0.662
0.662
0.662
0.662
0.296636
0.662
0.092189
0.370339
0.407858
0.662
0.440631
0.289976
0.352191
0.662
0.29747
0.662
0.31657
0.662
0.475653
0.662
0.662
0.662
0.02628
0.662
0.662
0.662
0.662
0.662
0.187997
0.662
0.662
0.437339
0.000277278
0.662
0.15333
0.0312938
0.481841
0.662
0.436732
0.662
0.662
0.662
0.662
0.435284
0.432316
0.00805941
0.662
0.662
0.662
0.662
0.662
0.662
0.662
0.215516
0.181995
0.312931
0.242833
0.074909
0.662
0.662
0.448987
0.662
0.101396
0.662
0.31999
0.451501
0.487638
0.444658
0.219569
0.662
0.0752432
0.662
0.451452
0.662
0.662
0.662
0.662
0.662
0.662
0.0400186
0.0645684
0.662
0.542479
0.662
0.135504
0.662
0.225784
0.662
0.467058
0.473672
0.662
0.662
0.662
0.167925
0.662
0.633391
0.449501
0.441261
0.662
0.0853271
0.662
0.662
0.662
0.349114
0.662
0.0967529
0.662
0.662
0.662
0.662
0.662
0.212546
0.662
0.0395003
0.574184
0.662
0.662
0.426329
0.662
0.662
0.662
0.662
0.662
0.0720598
0.269962
0.205805
0.662
0.383396
0.183351
0.369596
0.445785
0.662
0.401337
0.662
0.116559
0.662
0.189087
0.662
0.502389
0.662
0.0875471
0.357773
0.662
0.16553
0.323766
0.662
0.662
0.662
0.662
0.662
0.267654
0.662
0.296288
0.662
0.262421
0.380499
0.662
0.12611
0.662
0.135233
0.103857
0.662
0.662
0.662
0.126451
0.662
0.662
0.662
0.662
0.662
0.457811
0.662
0.662
0.662
0.471746
0.361518
0.442148
0.662
0.430606
0.0176626
0.402465
0.662
0.414224
0.160302
0.662
0.662
0.132308
0.662
0.21776
0.208791
0.433257
0.662
0.192029
0.662
0.198803
0.0531808
0.662
0.326284
0.116276
0.662
0.662
0.188283
0.0624536
0.662
0.266822
0.428351
0.481675
0.0313024
0.0837666
0.662
0.662
0.114886
0.368085
0.662
0.662
0.142546
0.662
0.662
0.662
0.662
0.218389
0.436795
0.662
0.370767
0.662
0.192958
0.662
0.22502
0.662
0.368196
0.662
0.662
0.662
0.410901
0.662
0.201199
0.662
0.662
0.662
0.662
0.662
0.561932
0.115545
0.121286
0.662
0.662
0.283937
0.662
0.662
0.662
0.662
0.662
0.662
0.662
0.662
0.662
0.37563
0.662
0.662
0.132063
0.662
0.662
0.55686
0.662
0.0301087
0.450439
0.213492
0.643581
0.662
0.333327
0.440344
0.662
0.654073
0.250212
0.662
0.430274
0.662
0.662
0.662
0.207088
0.461516
0.662
0.278754
0.204542
0.662
0.24139
0.662
0.157764
0.34831
0.209229
0.0906159
0.662
0.515146
0.662
0.662
0.191037
0.662
0.662
0.355784
0.662
0.662
0.265536
0.662
0.086972
0.662
0.368151
0.422104
0.27129
0.662
0.0367755
0.662
0.472038
0.662
0.285634
0.662
0.662
0.662
0.662
0.177646
0.18173
0.348483
0.662
0.324237
0.662
0.662
0.332227
0.473748
0.000326704
0.662
0.44101
0.134411
0.662
0.662
0.662
0.120066
0.662
0.662
0.328124
0.578793
0.662
0.662
0.172714
0.662
0.662
0.662
0.662
0.662
0.662
0.662
0.110968
0.662
0.662
0.662
0.336297
0.662
0.387184
0.662
0.233732
0.0936093
0.662
0.449256
0.662
0.327947
0.662
0.662
0.633694
0.0519552
0.029806
0.662
0.662
0.293853
0.662
0.129086
0.297074
0.662
0.198366
0.662
0.662
0.662
0.160919
0.578986
0.662
0.662
0.407112
0.662
0.662
0.662
0.662
0.347669
0.278702
0.332868
0.0838445
0.28299
0.0783136
0.662
0.662
0.662
0.0623799
0.328046
0.662
0.662
0.31053
0.662
0.0164196
0.00960999
0.662
0.066439
0.0565102
0.662
0.662
0.662
0.215227
0.350621
0.662
0.662
0.122316
0.308175
0.662
0.233488
0.0175186
0.438892
0.662
0.0603732
0.662
0.358569
0.662
0.411504
0.0892247
0.380529
0.662
0.662
0.312779
0.254364
0.662
0.380593
0.00398243
0.25682
0.279276
0.662
0.429082
0.662
0.662
0.374021
0.662
0.161635
0.662
0.0987432
0.662
0.461617
0.662
0.534849
0.662
0.662
0.662
0.103646
0.0577391
0.662
0.239477
0.662
0.662
0.662
0.662
0.39642
0.229057
0.0326747
0.404886
0.662
0.662
0.0535529
0.662
0.312677
0.662
0.143177
0.0990838
0.662
0.662
0.662
0.662
0.662
0.662
0.475985
0.57762
0.2296
0.662
0.396504
0.273278
0.662
0.0657095
0.45492
0.662
0.251405
0.454495
0.356211
0.0883569
0.662
0.662
0.662
0.662
0.662
0.662
0.313958
0.154746
0.454164
0.130083
0.101791
0.662
0.641948
0.662
0.662
0.662
0.163852
0.12235
0.528291
0.39715
0.0816141
0.662
0.456411
0.118437
0.662
0.662
0.662
0.352632
0.662
0.662
0.5608
0.0498309
0.662
0.24603
0.182091
0.00896199
0.268954
0.662
0.464277
0.190076
0.662
0.662
0.439894
0.369305
0.662
0.662
0.662
0.662
0.662
0.662
0.662
0.662
0.249262
0.662
0.440214
0.662
0.32788
0.662
0.662
0.0453924
0.370707
0.26279
0.662
0.662
0.662
0.331645
0.406377
0.662
0.662
0.662
0.118159
0.662
0.662
0.662
0.662
0.662
0.112301
0.38227
0.662
0.662
0.662
0.662
0.662
0.137661
0.0529927
0.17438
0.662
0.025307
0.662
0.662
0.270213
0.225063
0.0617536
0.662
0.662
0.662
0.662
0.662
0.0889789
0.351743
0.271804
0.237695
0.13908
0.662
0.395587
0.662
0.0284515
0.171835
0.662
0.662
0.662
0.0369092
0.662
0.431132
0.243798
0.662
0.662
0.662
0.662
0.592647
0.218464
0.662
0.662
0.662
0.662
0.662
0.662
0.300613
0.662
0.662
0.662
0.126845
0.121427
0.300905
0.662
0.662
0.662
0.31878
0.443168
0.662
0.270751
0.0885937
0.271038
0.662
0.662
0.662
0.0666552
0.662
0.318328
0.662
0.390823
0.662
0.662
0.273851
0.203934
0.662
0.662
0.373145
0.662
0.220695
0.662
0.662
0.662
0.662
0.388793
0.662
0.425788
0.662
0.0193674
0.488524
0.404231
0.662
0.102887
0.662
0.218974
0.662
0.662
0.662
0.498649
0.662
0.662
0.341966
0.369699
0.662
0.165802
0.36649
0.662
0.662
0.662
0.248105
0.662
0.18713
0.397919
0.662
0.662
0.662
0.662
0.662
0.466133
0.419648
0.254343
0.662
0.30892
0.529149
0.662
0.662
0.662
0.662
0.662
0.662
0.662
0.244134
0.662
0.662
0.662
0.193116
0.662
0.662
0.0812133
0.286182
0.662
0.662
0.662
0.44386
0.662
0.1062
0.662
0.662
0.274176
0.662
0.662
0.108671
0.662
0.0950891
0.662
0.280155
0.63339
0.662
0.662
0.662
0.662
0.662
0.347417
0.0973123
0.662
0.662
0.662
0.281801
0.662
0.272472
0.662
0.662
0.259028
0.662
0.216391
0.662
0.662
0.662
0.662
0.662
0.0819555
0.662
0.662
0.662
0.662
0.536224
0.63339
0.139082
0.200766
0.662
0.438383
0.263229
0.152311
0.662
0.487773
0.436456
0.450985
0.662
0.62967
0.181355
0.548292
0.178805
0.37587
0.662
0.356994
0.662
0.325675
0.260635
0.184811
0.0258126
0.362276
0.662
0.041012
0.662
0.236382
0.397929
0.365276
0.662
0.662
0.662
0.662
0.662
0.662
0.662
0.493315
0.662
0.0790256
0.328928
0.662
0.662
0.475164
0.662
0.0991889
0.662
0.318255
0.234078
0.662
0.454615
0.385719
0.420673
0.662
0.662
0.662
0.0690283
0.230098
0.309086
0.662
0.662
0.662
0.662
0.238769
0.662
0.662
0.104121
0.00408819
0.353823
0.366721
0.662
0.366556
0.307374
0.307612
0.662
0.662
0.662
0.188238
0.0212928
0.662
0.662
0.662
0.662
0.662
0.662
0.138633
0.00547061
0.381002
0.662
0.268843
0.662
0.662
0.662
0.662
0.662
0.391996
0.662
0.222277
0.662
0.662
0.662
0.662
0.662
0.218662
0.0643501
0.426952
0.662
0.0532148
0.0308166
0.385348
0.662
0.662
0.662
0.0682196
0.127108
0.662
0.662
0.662
0.662
0.263588
0.0224814
0.318823
0.662
0.662
0.662
0.662
0.662
0.662
0.662
0.447995
0.478669
0.662
0.662
0.662
0.10385
0.662
0.662
0.662
0.662
0.0344708
0.183258
0.0100909
0.662
0.159504
0.662
0.662
0.662
0.662
0.0152714
0.0519007
0.662
0.662
0.475573
0.662
0.20921
0.335379
0.520301
0.662
0.662
0.304893
0.199074
0.662
0.662
0.180521
0.662
0.662
0.364582
0.0804387
0.662
0.361474
0.662
0.662
0.662
0.194746
0.662
0.184758
0.662
0.338271
0.0185086
0.662
0.662
0.0524703
0.662
0.330798
0.662
0.377328
0.662
0.662
0.662
0.662
0.200624
0.524234
0.169218
0.145943
0.325549
0.662
0.662
0.662
0.178221
0.297916
0.662
0.662
0.662
0.662
0.459206
0.308424
0.000153284
0.109715
0.662
0.429418
0.451852
0.662
0.0499329
0.274753
0.662
0.421595
0.662
0.662
0.242146
0.470633
0.00589326
0.662
0.662
0.662
0.100952
0.176837
0.212
0.291742
0.662
0.662
0.662
0.662
0.266101
0.391422
0.662
0.662
0.649937
0.662
0.662
0.662
0.662
0.1498
0.662
0.142428
0.256559
0.15046
0.458446
0.184145
0.255139
0.583145
0.662
0.0815911
0.599599
0.181459
0.0400292
0.662
0.662
0.280795
0.662
0.662
0.168994
0.0511386
0.0230242
0.662
0.662
0.662
0.616333
0.662
0.662
0.662
0.662
0.0391321
0.401501
0.662
0.0155885
0.184624
0.662
0.603348
0.662
0.662
0.283805
0.261297
0.369226
0.662
0.244358
0.662
0.662
0.662
0.423171
0.280972
0.484023
0.662
0.662
0.662
0.0594323
0.662
0.269316
0.45098
0.0124437
0.662
0.468853
0.662
0.310717
0.0597588
0.00348889
0.464634
0.662
0.0522163
0.662
0.376456
0.662
0.662
0.168216
0.662
0.662
0.662
0.147022
0.662
0.28889
0.662
0.307324
0.051429
0.662
0.662
0.454544
0.133097
0.161115
0.662
0.3916
0.293481
0.457081
0.328668
0.662
0.662
0.199771
0.662
0.662
0.365434
0.662
0.170643
0.662
0.465641
0.662
0.662
0.662
0.389798
0.408605
0.662
0.662
0.324163
0.662
0.62509
0.662
0.662
0.121861
0.662
0.662
0.662
0.662
0.242025
0.662
0.662
0.662
0.153191
0.375965
0.239028
0.388946
0.4067
0.662
0.662
0.414469
0.662
0.662
0.662
0.662
0.662
0.17376
0.275811
0.662
0.662
0.662
0.662
0.39295
0.334459
0.662
0.342998
0.340202
0.278375
0.242307
0.662
0.110625
0.662
0.469022
0.662
0.452931
0.25798
0.662
0.662
0.0998942
0.662
0.662
0.0815879
0.662
0.38675
0.187944
0.662
0.662
0.0849685
0.662
0.402171
0.662
0.662
0.662
0.418226
0.662
0.467162
0.0678976
0.454221
0.662
0.140232
0.335773
0.102088
0.662
0.662
0.662
0.209749
0.662
0.662
0.238797
0.115201
0.662
0.362434
0.324168
0.436968
0.404862
0.403184
0.424757
0.226829
0.662
0.662
0.662
0.662
0.662
0.662
0.169162
0.196876
0.662
0.662
0.662
0.662
0.468221
0.662
0.232762
0.662
0.662
0.662
0.662
0.662
0.662
0.594998
0.662
0.150498
0.662
0.662
0.662
0.662
0.662
0.0753364
0.662
0.186566
0.0202693
0.662
0.662
0.299104
0.294768
0.662
0.662
0.662
0.270539
0.662
0.662
0.0153222
0.662
0.662
0.325988
0.662
0.662
0.295597
0.662
0.426826
0.219442
0.431311
0.130427
0.662
0.110671
0.662
0.187616
0.662
0.462244
0.215139
0.200707
0.662
0.257096
0.662
0.457444
0.662
0.273365
0.131616
0.662
0.662
0.131382
0.149662
0.298757
0.360923
0.333238
0.363634
0.0667762
0.187741
0.156926
0.192478
0.646346
0.219332
0.662
0.662
0.432135
0.662
0.0417707
0.662
0.662
0.262017
0.409892
0.662
0.226854
0.662
0.662
0.465728
0.662
0.0292989
0.25218
0.662
0.662
0.662
0.662
0.472219
0.662
0.395192
0.262137
0.662
0.0472595
0.446481
0.385548
0.662
0.662
0.662
0.662
0.662
0.662
0.662
0.148882
0.662
0.0748275
0.662
0.009994
0.662
0.592427
0.466069
0.417467
0.662
0.662
0.662
0.428588
0.662
0.266414
0.662
0.662
0.662
0.662
0.469198
0.387609
0.662
0.132778
0.662
0.505644
0.320584
0.287006
0.662
0.0616108
0.544322
0.662
0.662
0.152737
0.662
0.662
0.662
0.186732
0.662
0.662
0.662
0.0981821
0.662
0.662
0.077026
0.662
0.286326
0.662
0.662
0.662
0.044328
0.424058
0.137803
0.662
0.662
0.662
0.474481
0.470575
0.144319
0.446062
0.202812
0.0182533
0.662
0.287797
0.662
0.330037
0.161388
0.662
0.662
0.662
0.00653918
0.662
0.201084
0.662
0.662
0.662
0.662
0.402366
0.662
0.662
0.662
0.498097
0.662
0.662
0.499476
0.390092
0.662
0.662
0.251121
0.662
0.662
0.662
0.404018
0.390103
0.441596
0.662
0.31495
0.662
0.0514611
0.662
0.662
0.416813
0.357064
0.662
0.474545
0.176235
0.662
0.422837
0.662
0.198105
0.241052
0.662
0.376082
0.662
0.662
0.662
0.291714
0.253263
0.662
0.662
0.662
0.662
0.662
0.48276
0.268919
0.114316
0.472919
0.651086
0.550622
0.0447342
0.662
0.662
0.0377679
0.662
0.138044
0.662
0.177278
0.662
0.304019
0.662
0.190212
0.366629
0.0628394
0.662
0.466291
0.662
0.662
0.197662
0.662
0.355652
0.635416
0.287039
0.361588
0.662
0.662
0.662
0.662
0.0905323
0.207168
0.662
0.662
0.662
0.177864
0.271839
0.662
0.651773
0.215888
0.135362
0.662
0.662
0.326024
0.0066226
0.662
0.393153
0.662
0.662
0.144381
0.355336
0.224955
0.662
0.435188
0.374319
0.662
0.662
0.323046
0.662
0.662
0.662
0.257307
0.662
0.383262
0.662
0.662
0.467507
0.662
0.344709
0.662
0.139747
0.334751
0.662
0.662
0.662
0.662
0.662
0.146526
0.662
0.662
0.36586
0.113221
0.662
0.662
0.662
0.662
0.662
0.662
0.662
0.569094
0.378868
0.0350581
0.662
0.658014
0.437345
