0.662
0.662
0.662
0.228286
0.244987
0.00827842
0.662
0.405482
0.662
0.662
0.662
0.382814
0.298214
0.475005
0.662
0.662
0.386423
0.662
0.662
0.120733
0.662
0.392072
0.282197
0.662
0.662
0.390949
0.662
0.446727
0.245848
0.348311
0.662
0.173149
0.662
0.293596
0.048009
0.126626
0.0683879
0.662
0.383724
0.154871
0.662
0.207805
0.662
0.662
0.0450864
0.173722
0.187921
0.662
0.662
0.0711587
0.436065
0.662
0.355105
0.374867
0.662
0.662
0.313126
0.662
0.647904
0.55464
0.506462
0.662
0.662
0.425791
0.662
0.662
0.334208
0.427473
0.435099
0.662
0.0941271
0.151002
0.257161
0.662
0.0335034
0.283425
0.293287
0.662
0.662
0.662
0.0717859
0.662
0.662
0.383859
0.000767752
0.662
0.662
0.662
0.236392
0.662
0.322257
0.104325
0.662
0.662
0.662
0.0538135
0.662
0.396644
0.662
0.662
0.205393
0.662
0.662
0.0451445
0.457962
0.217588
0.662
0.0144687
0.662
0.3
0.662
0.114891
0.437765
0.224352
0.0119393
0.662
0.158197
0.662
0.662
0.198807
0.662
0.227657
0.662
0.662
0.662
0.224855
0.363034
0.662
0.662
0.662
0.662
0.454777
0.662
0.662
0.662
0.371809
0.452362
0.662
0.662
0.662
0.449844
0.212007
0.662
0.43147
0.0595431
0.415195
0.117637
0.355277
0.294325
0.662
0.0412074
0.662
0.0972529
0.450523
0.453662
0.662
0.662
0.0466163
0.662
0.225798
0.0380127
0.662
0.0967927
0.386086
0.400735
0.662
0.662
0.662
0.120422
0.239324
0.662
0.55239
0.662
0.380052
0.662
0.662
0.00857948
0.662
0.662
0.662
0.662
0.418265
0.518592
0.662
0.662
0.16386
0.662
0.662
0.303782
0.662
0.662
0.140778
0.662
0.242338
0.200493
0.662
0.662
0.662
0.662
0.662
0.194737
0.280059
0.243761
0.662
0.202636
0.662
0.662
0.662
0.451177
0.440481
0.33142
0.0571115
0.453862
0.217057
0.348066
0.662
0.662
0.436726
0.340385
0.414473
0.662
0.443527
0.574547
0.41582
0.0324905
0.014006
0.662
0.662
0.190326
0.662
0.662
0.662
0.662
0.662
0.662
0.00322566
0.401327
0.662
0.143931
0.416412
0.662
0.581603
0.0565055
0.662
0.377697
0.662
0.662
0.335494
0.432349
0.224533
0.662
0.209498
0.353314
0.662
0.0881724
0.202284
0.137066
0.662
0.285701
0.390561
0.662
0.662
0.616517
0.662
0.183464
0.258086
0.0315819
0.662
0.16827
0.662
0.662
0.662
0.420705
0.662
0.662
0.302514
0.662
0.482621
0.662
0.0112209
0.381321
0.410602
0.296192
0.0543383
0.207513
0.662
0.0276655
0.473783
0.436418
0.662
0.662
0.0756664
0.662
0.0663505
0.662
0.662
0.662
0.662
0.527002
0.334176
0.662
0.662
0.0434857
0.662
0.0412149
0.0983496
0.662
0.662
0.447062
0.460731
0.0245735
0.419987
0.662
0.662
0.405218
0.662
0.192553
0.662
0.215448
0.210547
0.662
0.377605
0.662
0.647834
0.662
0.307596
0.232699
0.0197854
0.0377842
0.662
0.0823241
0.325961
0.257284
0.662
0.662
0.31598
0.662
0.662
0.662
0.662
0.626705
0.662
0.662
0.662
0.662
0.662
0.662
0.662
0.384728
0.662
0.662
0.503717
0.662
0.662
0.662
0.218522
0.662
0.662
0.662
0.662
0.662
0.02078
0.662
0.662
0.662
0.166772
0.275726
0.242342
0.379282
0.222828
0.662
0.662
0.662
0.307506
0.662
0.662
0.529461
0.662
0.00623066
0.662
0.333581
0.662
0.662
0.123172
0.662
0.117493
0.662
0.394426
0.662
0.436315
0.662
0.2652
0.445797
0.662
0.0941629
0.662
0.662
0.269861
0.131516
0.408296
0.365167
0.135754
0.643448
0.662
0.388823
0.409438
0.662
0.662
0.662
0.451855
0.45859
0.662
0.291978
0.281288
0.496023
0.439891
0.662
0.122992
0.11808
0.172757
0.439523
0.341064
0.662
0.378082
0.0554525
0.165004
0.366788
0.435465
0.35586
0.662
0.0878573
0.0779903
0.662
0.662
0.0526185
0.662
0.21148
0.0535351
0.662
0.327566
0.36998
0.662
0.225698
0.662
0.363212
0.662
0.358648
0.339785
0.469557
0.57035
0.474647
0.086737
0.259414
0.662
0.662
0.661104
0.0601936
0.546728
0.662
0.010598
0.278895
0.662
0.0944023
0.396333
0.662
0.168203
0.0387145
0.32556
0.662
0.346605
0.662
0.662
0.662
0.234412
0.662
0.312328
0.662
0.662
0.662
0.264868
0.0788532
0.662
0.191107
0.313248
0.662
0.662
0.340746
0.589917
0.639978
0.662
0.662
0.194536
0.290356
0.400273
0.662
0.158942
0.662
0.218258
0.662
0.204529
0.22802
0.386734
0.662
0.662
0.0857002
0.662
0.038814
0.210792
0.662
0.265758
0.662
0.37775
0.662
0.662
0.251816
0.662
0.0129023
0.474905
0.662
0.108093
0.348069
0.662
0.491771
0.21007
0.662
0.662
0.662
0.198554
0.576736
0.410497
0.371193
0.662
0.662
0.351638
0.662
0.477077
0.662
0.393141
0.0103076
0.227439
0.662
0.662
0.662
0.662
0.346066
0.662
0.434674
0.662
0.0751028
0.662
0.662
0.427964
0.662
0.662
0.662
0.662
0.662
0.662
0.438531
0.362711
0.662
0.662
0.23382
0.662
0.218496
0.152627
0.0402233
0.184566
0.662
0.662
0.662
0.493589
0.160688
0.662
0.662
0.662
0.662
0.662
0.01499
0.423825
0.662
0.662
0.465134
0.00988723
0.0930254
0.244025
0.297484
0.662
0.109193
0.662
0.662
0.662
0.662
0.662
0.457118
0.662
0.662
0.0907457
0.662
0.0601272
0.662
0.662
0.475911
0.2779
0.51776
0.169145
0.501557
0.438528
0.662
0.662
0.198215
0.662
0.416715
0.338897
0.662
0.662
0.662
0.662
0.189685
0.662
0.0640081
0.150267
0.662
0.662
0.42059
0.419531
0.662
0.0233959
0.147337
0.662
0.0538434
0.662
0.662
0.31634
0.662
0.321019
0.662
0.363754
0.000287601
0.186445
0.211822
0.446701
0.205353
0.0157317
0.0475174
0.0601548
0.662
0.662
0.662
0.289482
0.662
0.662
0.662
0.466658
0.188232
0.662
0.441036
0.662
0.662
0.261739
0.505299
0.662
0.662
0.409663
0.662
0.469776
0.662
0.1409
0.662
0.662
0.662
0.662
0.114099
0.144874
0.376599
0.299974
0.454158
0.579472
0.662
0.0236405
0.197635
0.0742817
0.662
0.220743
0.204252
0.662
0.662
0.662
0.100444
0.662
0.662
0.292763
0.662
0.341241
0.662
0.662
0.662
0.239702
0.662
0.662
0.662
0.662
0.662
0.662
0.173516
0.0798379
0.662
0.300211
0.340537
0.554667
0.196243
0.662
0.0819846
0.310197
0.336885
0.662
0.662
0.662
0.40714
0.344032
0.198252
0.662
0.662
0.390233
0.0468238
0.662
0.421545
0.14611
0.208371
0.662
0.662
0.486165
0.662
0.662
0.43818
0.662
0.30873
0.662
0.662
0.662
0.0643524
0.662
0.0892292
0.662
0.662
0.0565794
0.28572
0.662
0.662
0.662
0.662
0.360686
0.317923
0.0136932
0.662
0.37178
0.088048
0.662
0.0933061
0.332489
0.0665005
0.110023
0.662
0.0032293
0.126528
0.662
0.662
0.662
0.344716
0.182931
0.385874
0.162387
0.170504
0.662
0.302768
0.00838265
0.662
0.662
0.275682
0.662
0.417342
0.662
0.13842
0.0046884
0.289139
0.662
0.119433
0.662
0.32071
0.662
0.662
0.662
0.399657
0.662
0.289318
0.400044
0.662
0.0632953
0.352323
0.0427294
0.662
0.397434
0.484143
0.662
0.287796
0.46839
0.232535
0.662
0.0273002
0.209777
0.0174446
0.662
0.662
0.662
0.662
0.662
0.0627414
0.662
0.0563156
0.273148
0.662
0.662
0.662
0.35811
0.11109
0.662
0.662
0.484448
0.148747
0.662
0.662
0.662
0.0195483
0.662
0.662
0.662
0.280194
0.662
0.662
0.662
0.197238
0.0169822
0.662
0.662
0.02484
0.662
0.662
0.662
0.387937
0.17726
0.314726
0.662
0.245975
0.264929
0.662
0.52262
0.662
0.662
0.332056
0.341493
0.0584821
0.662
0.662
0.662
0.513797
0.0778832
0.16916
0.127953
0.104977
0.662
0.441472
0.662
0.662
0.662
0.304995
0.662
0.143585
0.160465
0.662
0.662
0.556455
0.384164
0.662
0.298593
0.662
0.662
0.144186
0.328107
0.662
0.662
0.662
0.09871
0.379516
0.354737
0.662
0.0774921
0.0488724
0.128549
0.662
0.662
0.110212
0.662
0.662
0.277592
0.256994
0.662
0.327609
0.662
0.662
0.0285932
0.662
0.662
0.0833964
0.0767822
0.662
0.662
0.358399
0.662
0.0949264
0.247275
0.662
0.662
0.154741
0.662
0.388835
0.662
0.234922
0.256716
0.0683216
0.0315751
0.2307
0.662
0.662
0.662
0.662
0.662
0.662
0.662
0.15616
0.217046
0.662
0.662
0.662
0.438773
0.662
0.662
0.662
0.662
0.0882758
0.0159562
0.662
0.662
0.389525
0.662
0.468544
0.662
0.0700929
0.662
0.662
0.662
0.662
0.031439
0.662
0.391115
0.662
0.337009
0.662
0.277083
0.662
0.662
0.662
0.662
0.426804
0.662
0.662
0.662
0.226038
0.662
0.436568
0.362072
0.662
0.160576
0.432296
0.662
0.395668
0.662
0.116256
0.140697
0.0768533
0.156548
0.623298
0.662
0.0850224
0.662
0.472023
0.345404
0.112136
0.285127
0.662
0.662
0.392122
0.214362
0.662
0.0642895
0.202335
0.662
0.199749
0.199472
0.662
0.261372
0.662
0.0182167
0.662
0.226727
0.662
0.47508
0.662
0.198537
0.458539
0.662
0.268736
0.0772625
0.662
0.0568706
0.662
0.662
0.662
0.662
0.234084
0.470759
0.48138
0.406416
0.226642
0.662
0.169744
0.209375
0.662
0.662
0.370477
0.662
0.331281
0.662
0.396435
0.297611
0.363289
0.412591
0.0884566
0.423801
0.264992
0.347429
0.662
0.476039
0.52736
0.20577
0.264531
0.114775
0.203399
0.662
0.662
0.0857143
0.319519
0.662
0.662
0.662
0.514487
0.307443
0.387436
0.202898
0.273328
0.567789
0.12282
0.662
0.662
0.403799
0.662
0.008683
0.662
0.662
0.625304
0.662
0.452883
0.662
0.352414
0.662
0.662
0.176603
0.115327
0.662
0.662
0.0817494
0.662
0.35857
0.662
0.422882
0.253222
0.662
0.662
0.662
0.662
0.341523
0.285583
0.662
0.620909
0.662
0.313527
0.276673
0.662
0.431355
0.131684
0.647097
0.458984
0.662
0.211182
0.124957
0.662
0.306548
0.662
0.0635192
0.413801
0.662
0.620236
0.662
0.662
0.295537
0.662
0.662
0.440326
0.662
0.662
0.47976
0.662
0.662
0.662
0.662
0.662
0.662
0.0791037
0.63339
0.115325
0.0516655
0.662
0.662
0.662
0.136295
0.662
0.662
0.0817651
0.662
0.304685
0.662
0.662
0.662
0.54743
0.662
0.662
0.662
0.662
0.24171
0.413411
0.253665
0.662
0.662
0.455416
0.442107
0.662
0.662
0.40159
0.440635
0.36544
0.662
0.662
0.662
0.662
0.662
0.36115
0.365333
0.352477
0.40577
0.0706471
0.342141
0.662
0.662
0.662
0.662
0.103564
0.473419
0.25731
0.662
0.165272
0.101245
0.272613
0.662
0.140583
0.662
0.662
0.662
0.0957545
0.662
0.328688
0.662
0.662
0.430774
0.103439
0.0328607
0.662
0.453611
0.433836
0.662
0.341309
0.662
0.367936
0.662
0.662
0.420038
0.462851
0.0496862
0.662
0.335888
0.662
0.662
0.00616884
0.662
0.247033
0.662
0.0907046
0.662
0.118733
0.170645
0.17498
0.0797947
0.662
0.662
0.286557
0.662
0.201366
0.0838384
0.465588
0.386283
0.662
0.662
0.662
0.615694
0.662
0.662
0.662
0.239159
0.662
0.55443
0.289931
0.662
0.0280952
0.232792
0.662
0.0397845
0.0912199
0.150873
0.662
0.206157
0.662
0.662
0.344123
0.35215
0.0640431
0.662
0.662
0.0917987
0.063619
0.662
0.662
0.662
0.421803
0.662
0.228555
0.146238
0.662
0.280005
0.508482
0.662
0.662
0.662
0.662
0.360826
0.445735
0.1148
0.147988
0.380089
0.662
0.173624
0.43392
0.347411
0.448504
0.263577
0.662
0.190093
0.499062
0.662
0.160457
0.662
0.662
0.662
0.662
0.662
0.662
0.662
0.662
0.225645
0.662
0.146698
0.468073
0.662
0.662
0.04415
0.527729
0.202295
0.137337
0.392154
0.270783
0.662
0.662
0.662
0.246925
0.662
0.662
0.181497
0.662
0.662
0.39464
0.662
0.406498
0.662
0.662
0.662
0.662
0.662
0.202338
0.662
0.662
0.363819
0.643202
0.662
0.662
0.662
0.662
0.662
0.662
0.354944
0.662
0.662
0.662
0.662
0.123167
0.662
0.439187
0.0686671
0.154908
0.0199021
0.662
0.438346
0.662
0.375091
0.176241
0.662
0.119685
0.662
0.457714
0.662
0.271396
0.662
0.366388
0.662
0.662
0.662
0.0832402
0.410153
0.273573
0.662
0.65686
0.38833
0.501189
0.0870471
0.662
0.0156888
0.662
0.0497707
0.0824776
0.662
0.662
0.662
0.447642
0.508797
0.351907
0.662
0.662
0.662
0.662
0.367401
0.662
0.662
0.662
0.495262
0.662
0.0200036
0.476353
0.662
0.00333079
0.662
0.662
0.662
0.420764
0.0177358
0.662
0.662
0.662
0.457087
0.662
0.662
0.662
0.662
0.324301
0.662
0.313406
0.188004
0.662
0.00650734
0.662
0.662
0.662
0.662
0.574542
0.662
0.662
0.662
0.662
0.662
0.316548
0.662
0.662
0.0944367
0.425166
0.28231
0.662
0.228033
0.243192
0.085602
0.161417
0.662
0.0948927
0.231495
0.662
0.202776
0.662
0.284433
0.114366
0.0358409
0.662
0.319375
0.252348
0.662
0.662
0.0918239
0.103915
0.662
0.320733
0.300521
0.227515
0.316659
0.235222
0.662
0.662
0.0454201
0.40045
0.238174
0.341017
0.662
0.662
0.662
0.662
0.125453
0.0350307
0.662
0.662
0.662
0.208423
0.0278279
0.356012
0.662
0.662
0.662
0.662
0.662
0.135742
0.662
0.21229
0.662
0.434566
0.324173
0.662
0.662
0.662
0.662
0.662
0.394618
0.662
0.662
0.662
0.662
0.0625557
0.240634
0.241827
0.662
0.662
0.477231
0.662
0.662
0.060641
0.315055
0.662
0.0574242
0.662
0.662
0.662
0.662
0.512666
0.152568
0.662
0.24006
0.662
0.430513
0.662
0.0675606
0.662
0.0711786
0.662
0.150222
0.0399009
0.313537
0.239636
0.407438
0.256655
0.662
0.662
0.155495
0.662
0.662
0.662
0.015406
0.662
0.134784
0.354653
0.662
0.370299
0.436167
0.021315
0.662
0.662
0.662
0.662
0.662
0.662
0.662
0.0651016
0.662
0.0606723
0.246432
0.662
0.401827
0.662
0.281845
0.662
0.551379
0.219074
0.662
0.272629
0.662
0.189863
0.357171
0.662
0.0815132
0.662
0.662
0.451137
0.449592
0.36117
0.662
0.662
0.322508
0.662
0.662
0.452905
0.662
0.353753
0.662
0.299998
0.662
0.420828
0.317207
0.362028
0.0220498
0.662
0.285009
0.662
0.174928
0.662
0.662
0.662
0.440762
0.662
0.662
0.662
0.662
0.662
0.662
0.662
0.662
0.00133228
0.662
0.297275
0.662
0.500612
0.095028
0.285458
0.443814
0.662
0.21516
0.662
0.662
0.662
0.188608
0.296629
0.662
0.304053
0.662
0.662
0.662
0.333433
0.662
0.425147
0.662
0.662
0.245848
0.0530805
0.662
0.662
0.100679
0.17975
0.662
0.662
0.0312249
0.662
0.440418
0.662
0.662
0.662
0.172311
0.662
0.662
0.0133193
0.426482
0.662
0.401483
0.260673
0.662
0.642449
0.662
0.662
0.662
0.662
0.659664
0.662
0.180317
0.662
0.662
0.00789137
0.662
0.662
0.231263
0.662
0.126743
0.662
0.205084
0.662
0.433448
0.0977374
0.662
0.322414
0.662
0.662
0.662
0.457135
0.662
0.00915127
0.662
0.191954
0.662
0.0502257
0.26077
0.403281
0.662
0.128503
0.662
0.662
0.470629
0.662
0.662
0.42076
0.347916
0.662
0.662
0.662
0.662
0.662
0.63339
0.662
0.662
0.4489
0.662
0.475341
0.662
0.214185
0.190039
0.294929
0.662
0.46634
0.225075
0.662
0.20401
0.223537
0.662
0.338641
0.662
0.234121
0.455431
0.239104
0.662
0.662
0.41813
0.35475
0.662
0.662
0.662
0.101292
0.662
0.662
0.662
0.195315
0.662
0.662
0.548986
0.662
0.240026
0.662
0.662
0.183143
0.473347
0.662
0.662
0.662
0.24082
0.662
0.1725
0.662
0.0573621
0.163892
0.253827
0.411411
0.220103
0.662
0.0477162
0.00082357
0.524008
0.0590036
0.662
0.662
0.662
0.408081
0.30477
0.431114
0.215917
0.662
0.518779
0.505767
0.662
0.10934
0.457994
0.662
0.662
0.0761957
0.0298567
0.662
0.662
0.662
0.469049
0.662
0.662
0.662
0.662
0.662
0.591558
0.0384361
0.39171
0.662
0.471181
0.662
0.662
0.662
0.0977485
0.662
0.662
0.662
0.504463
0.662
0.381204
0.63339
0.662
0.338969
0.662
0.662
0.662
0.662
0.279371
0.662
0.0353266
0.337497
0.445385
0.354335
0.171353
0.662
0.662
0.278989
0.662
0.340325
0.662
0.180307
0.662
0.662
0.470917
0.593964
0.662
0.238008
0.662
0.408699
0.455724
0.597163
0.662
0.662
0.234665
0.399677
0.327931
0.662
0.353007
0.224911
0.291417
0.662
0.662
0.19513
0.325274
0.662
0.662
0.662
0.662
0.182672
0.662
0.662
0.321682
0.662
0.662
0.0503724
0.662
0.662
0.662
0.588233
0.662
0.29299
0.662
0.214087
0.662
0.263175
0.241716
0.528766
0.456505
0.170772
0.318512
0.662
0.436317
0.662
0.662
0.662
0.662
0.305261
0.662
0.662
0.662
0.186849
0.108702
0.662
0.258401
0.662
0.187288
0.662
0.662
0.069594
0.662
0.15526
0.0134863
0.17568
0.662
0.662
0.662
0.0602526
0.43668
0.662
0.424415
0.662
0.487667
0.307507
0.662
0.662
0.662
0.637864
0.329191
0.108276
0.435296
0.662
0.662
0.662
0.00469955
0.2904
0.662
0.472293
0.178511
0.662
0.662
0.183334
0.662
0.662
0.662
0.662
0.234974
0.662
0.662
0.662
0.662
0.593722
0.426524
0.662
0.0463066
0.662
0.191484
0.139093
0.662
0.662
0.27069
0.121333
0.662
0.662
0.662
0.662
0.154563
0.662
0.288441
0.662
0.119086
0.224646
0.662
0.230996
0.662
0.662
0.471324
0.445466
0.662
0.503333
0.000159205
0.662
0.662
0.140175
0.662
0.662
0.399855
0.189931
0.13062
0.662
0.662
0.334534
0.662
0.662
0.662
0.662
0.235484
0.662
0.662
0.426334
0.662
0.000810447
0.662
0.662
0.662
0.205313
0.662
0.493262
0.662
0.0538762
0.662
0.269803
0.347235
0.270821
0.0301189
0.294469
0.185138
0.662
0.308765
0.662
0.235663
0.405559
0.0815408
0.00501188
0.662
0.371657
0.510251
0.417908
0.335164
0.148333
0.0654308
0.662
0.484457
0.265113
0.662
0.662
0.144228
0.318886
0.403284
0.662
0.662
0.0435639
0.662
0.662
0.173005
0.0506741
0.662
0.662
0.178734
0.408379
0.404816
0.432579
0.662
0.254803
0.368159
0.307968
0.662
0.255745
0.662
0.203336
0.662
0.662
0.210258
0.462489
0.662
0.662
0.0222187
0.662
0.274443
0.0877817
0.343018
0.209801
0.366595
0.351733
0.208158
0.662
0.288722
0.662
0.34461
0.662
0.662
0.662
0.662
0.306016
0.662
0.662
0.662
0.662
0.118824
0.662
0.188378
0.662
0.662
0.386481
0.662
0.119232
0.214096
0.662
0.395225
0.275522
0.662
0.0410522
0.662
0.056558
0.387585
0.662
0.169184
0.260898
0.371651
0.662
0.129211
0.662
0.662
0.193816
0.662
0.369119
0.662
0.428244
0.241174
0.105872
0.662
0.662
0.662
0.662
0.249981
0.0752201
0.357978
0.411807
0.184464
0.662
0.0321706
0.662
0.4701
0.454722
0.232966
0.662
0.662
0.125031
0.662
0.662
0.254589
0.662
0.662
0.0288617
0.243961
0.662
0.136705
0.662
0.662
0.662
0.304807
0.662
0.662
0.404422
0.662
0.662
0.178678
0.0490083
0.662
0.662
0.662
0.662
0.131306
0.250421
0.662
0.0736135
0.424957
0.300474
0.662
0.356861
0.662
0.662
0.662
0.35778
0.662
0.435883
0.662
0.662
0.662
0.146492
0.0484079
0.662
0.129343
0.662
0.0432737
0.662
0.245176
0.662
0.662
0.3683
0.662
0.662
0.662
0.389697
0.304066
0.198185
0.467645
0.258977
0.662
0.662
0.662
0.662
0.49034
0.662
0.0538784
0.662
0.476169
0.261385
0.662
0.662
0.00395971
0.400034
0.179074
0.228083
0.662
0.662
0.188752
0.662
0.662
0.662
0.199192
0.0525444
0.649247
0.662
0.43848
0.662
0.662
0.662
0.662
0.348002
0.662
0.662
0.28128
0.662
0.662
0.662
0.662
0.662
0.662
0.662
0.662
0.662
0.662
0.662
0.40579
0.295976
0.420646
0.662
0.662
0.267401
0.662
0.662
0.00088454
0.131897
0.662
0.662
0.662
0.662
0.662
0.234478
0.662
0.662
0.662
0.453342
0.500088
0.662
0.300734
0.00307815
0.662
0.0691838
0.662
0.3124
0.381061
0.662
0.662
0.662
0.662
0.322767
0.662
0.662
0.45153
0.21407
0.0429625
0.662
0.210994
0.662
0.662
0.662
0.662
0.662
0.662
0.0901132
0.662
0.145727
0.662
0.305147
0.479386
0.662
0.662
0.662
0.464073
0.425839
0.477695
0.662
0.387262
0.662
0.662
0.210642
0.662
0.226658
0.100944
0.292675
0.662
0.662
0.662
0.662
0.458905
0.662
0.088292
0.436619
0.662
0.662
0.662
0.413595
0.662
0.076525
0.662
0.550848
0.215695
0.148377
0.304574
0.517959
0.662
0.662
0.662
0.662
0.241716
0.662
0.0814619
0.662
0.662
0.0144372
0.662
0.254896
0.662
0.378857
0.207559
0.662
0.662
0.188393
0.662
0.662
0.295813
0.0803666
0.282522
0.0493378
0.401195
0.662
0.106314
0.662
0.544042
0.388067
0.447274
0.305548
0.0739219
0.662
0.0289295
0.453521
0.466694
0.377867
0.323382
0.398319
0.0219661
0.123487
0.313895
0.662
0.181466
0.662
0.662
0.0134923
0.00667739
0.662
0.662
0.211759
0.419022
0.662
0.114822
0.662
0.662
0.223975
0.662
0.31404
0.662
0.392991
0.0763204
0.662
0.4187
0.662
0.0108134
0.314672
0.662
0.175564
0.374931
0.417916
0.662
0.662
0.662
0.376606
0.662
0.662
0.662
0.471219
0.662
0.20646
0.0873737
0.662
0.662
0.225935
0.662
0.478283
0.361569
0.341936
0.662
0.662
0.377291
0.662
0.662
0.030924
0.662
0.662
0.662
0.662
0.205682
0.216198
0.0398432
0.326794
0.321667
0.259261
0.129262
0.662
0.662
0.588414
0.275973
0.295388
0.662
0.424283
0.427354
0.472234
0.227542
0.662
0.662
0.662
0.302529
0.629867
0.326741
0.449171
0.373381
0.662
0.662
0.662
0.041668
0.313195
0.272059
0.662
