0.662
0.376956
0.37696
0.662
0.662
0.662
0.105453
0.0507613
0.611666
0.134066
0.342602
0.662
0.662
0.312955
0.200715
0.662
0.294358
0.662
0.662
0.662
0.462782
0.283482
0.454011
0.495462
0.662
0.0944574
0.662
0.662
0.662
0.662
0.662
0.0791661
0.662
0.418024
0.662
0.0192412
0.662
0.662
0.316012
0.422053
0.13497
0.427877
0.602242
0.662
0.662
0.662
0.380116
0.271552
0.662
0.662
0.662
0.0262487
0.644506
0.439152
0.407354
0.662
0.662
0.468963
0.662
0.662
0.431478
0.2474
0.0811372
0.0311391
0.0761841
0.634031
0.455146
0.127561
0.662
0.662
0.662
0.420959
0.662
0.041215
0.603655
0.662
0.556687
0.662
0.662
0.662
0.662
0.662
0.617917
0.662
0.625687
0.335914
0.662
0.662
0.218074
0.662
0.662
0.662
0.522018
0.662
0.662
0.662
0.662
0.662
0.32242
0.391563
0.262981
0.182598
0.662
0.158948
0.3937
0.141699
0.662
0.248116
0.311073
0.662
0.662
0.662
0.662
0.662
0.467415
0.662
0.231541
0.286967
0.368385
0.662
0.662
0.662
0.274817
0.281977
0.662
0.289966
0.3764
0.662
0.662
0.597956
0.662
0.662
0.662
0.0346671
0.662
0.275107
0.662
0.662
0.292519
0.0868239
0.575892
0.662
0.476327
0.662
0.556704
0.0189462
0.662
0.662
0.662
0.662
0.662
0.662
0.172886
0.293056
0.662
0.353271
0.662
0.662
0.662
0.662
0.662
0.662
0.0967895
0.662
0.179313
0.662
0.662
0.432763
0.662
0.00390125
0.243398
0.228291
0.55213
0.662
0.319828
0.662
0.662
0.662
0.105927
0.461367
0.662
0.662
0.190996
0.303869
0.366475
0.417864
0.662
0.662
0.662
0.662
0.289012
0.00102387
0.662
0.205154
0.662
0.208649
0.662
0.662
0.662
0.662
0.662
0.366046
0.662
0.662
0.192456
0.662
0.337913
0.357457
0.157897
0.471662
0.662
0.662
0.453471
0.662
0.662
0.662
0.54051
0.196417
0.662
0.662
0.662
0.284217
0.662
0.662
0.662
0.662
0.662
0.408625
0.662
0.181956
0.0141826
0.332115
0.161109
0.662
0.662
0.378663
0.662
0.662
0.662
0.662
0.438412
0.340592
0.662
0.486208
0.323917
0.0446019
0.373779
0.367534
0.662
0.662
0.662
0.662
0.662
0.432578
0.662
0.662
0.354731
0.185435
0.318155
0.0497303
0.490162
0.00816666
0.395387
0.26022
0.662
0.333066
0.662
0.209815
0.662
0.662
0.230633
0.662
0.121173
0.662
0.14889
0.662
0.662
0.294036
0.453355
0.307452
0.56498
0.186961
0.132659
0.662
0.662
0.0331566
0.662
0.662
0.662
0.662
0.127383
0.662
0.0414676
0.47754
0.662
0.662
0.112477
0.589245
0.662
0.23955
0.662
0.302662
0.662
0.437888
0.354263
0.662
0.218551
0.0106195
0.662
0.636894
0.415511
0.463422
0.181967
0.129433
0.662
0.662
0.662
0.662
0.662
0.662
0.132284
0.118901
0.476163
0.508338
0.662
0.662
0.204833
0.440604
0.2035
0.0407297
0.101914
0.146772
0.662
0.178357
0.662
0.373052
0.662
0.0778813
0.662
0.492139
0.0389533
0.0615357
0.662
0.662
0.641825
0.468612
0.662
0.317875
0.662
0.388469
0.662
0.662
0.662
0.219761
0.371406
0.238245
0.662
0.259626
0.662
0.662
0.28709
0.147722
0.662
0.633694
0.662
0.662
0.440142
0.662
0.662
0.227347
0.662
0.662
0.662
0.662
0.431357
0.0698533
0.662
0.662
0.297741
0.503044
0.662
0.662
0.310106
0.411739
0.662
0.44278
0.0102646
0.662
0.341059
0.662
0.662
0.339275
0.392644
0.235793
0.0484016
0.0295325
0.662
0.662
0.0146616
0.512709
0.384842
0.662
0.662
0.195895
0.292004
0.262604
0.662
0.414157
0.372722
0.423118
0.339014
0.611563
0.414499
0.662
0.0305601
0.367323
0.662
0.595559
0.103524
0.109135
0.662
0.662
0.662
0.314694
0.662
0.0983065
0.0791625
0.662
0.662
0.445321
0.662
0.190364
0.662
0.285937
0.662
0.662
0.662
0.662
0.662
0.662
0.194678
0.662
0.392803
0.662
0.662
0.13968
0.662
0.662
0.039305
0.662
0.40983
0.662
0.508314
0.662
0.363204
0.662
0.662
0.662
0.662
0.662
0.662
0.107323
0.0814933
0.579644
0.421821
0.662
0.662
0.462978
0.431822
0.662
0.662
0.662
0.458404
0.456047
0.152285
0.126912
0.300473
0.662
0.662
0.662
0.662
0.320855
0.662
0.176462
0.217279
0.662
0.662
0.247717
0.24597
0.365469
0.662
0.118876
0.662
0.662
0.662
0.251762
0.36688
0.0510761
0.662
0.662
0.63339
0.662
0.662
0.662
0.15197
0.662
0.662
0.0898153
0.662
0.349865
0.452444
0.314339
0.662
0.0706309
0.662
0.2086
0.355292
0.112365
0.527374
0.662
0.347299
0.662
0.662
0.662
0.662
0.488058
0.662
0.306195
0.0621222
0.662
0.662
0.662
0.415467
0.174596
0.11026
0.109477
0.169797
0.475782
0.662
0.217961
0.662
0.263358
0.117718
0.224873
0.0539403
0.662
0.662
0.662
0.21107
0.421476
0.662
0.662
0.247646
0.229829
0.0381687
0.662
0.662
0.662
0.345335
0.662
0.405508
0.662
0.111113
0.662
0.662
0.163834
0.662
0.0516268
0.662
0.662
0.00197943
0.662
0.662
0.133396
0.234303
0.315403
0.662
0.662
0.662
0.406785
0.439726
0.645475
0.662
0.662
0.662
0.0507045
0.662
0.662
0.662
0.367414
0.662
0.131232
0.662
0.1134
0.424885
0.0719721
0.0158043
0.662
0.662
0.662
0.662
0.662
0.662
0.662
0.288594
0.285478
0.662
0.19878
0.00464842
0.417739
0.662
0.273636
0.0709823
0.193378
0.133383
0.662
0.193553
0.261507
0.662
0.257888
0.420853
0.662
0.149805
0.0974139
0.415744
0.662
0.436807
0.662
0.662
0.0858652
0.662
0.662
0.662
0.500537
0.427991
0.662
0.206758
0.662
0.662
0.662
0.374768
0.266724
0.436889
0.662
0.662
0.662
0.374867
0.662
0.1038
0.0136638
0.662
0.662
0.662
0.0917414
0.662
0.662
0.164551
0.662
0.662
0.662
0.252821
0.662
0.37434
0.234784
0.662
0.662
0.662
0.196362
0.275165
0.0433299
0.10242
0.266329
0.2326
0.662
0.662
0.344653
0.662
0.563821
0.252102
0.662
0.219697
0.276623
0.263358
0.209131
0.0781727
0.394737
0.662
0.662
0.662
0.124474
0.662
0.0220174
0.00745947
0.0940959
0.662
0.662
0.0316384
0.662
0.662
0.461344
0.117196
0.662
0.662
0.402134
0.662
0.662
0.662
0.435659
0.662
0.662
0.441493
0.662
0.662
0.662
0.662
0.662
0.662
0.0767577
0.228747
0.0914109
0.662
0.662
0.478278
0.284334
0.172077
0.373119
0.662
0.662
0.435427
0.222485
0.130397
0.123474
0.257039
0.338678
0.540802
0.662
0.662
0.459477
0.302039
0.662
0.219919
0.662
0.24645
0.049974
0.662
0.0200704
0.477004
0.662
0.187111
0.491469
0.14878
0.662
0.662
0.633693
0.266393
0.662
0.662
0.662
0.45744
0.662
0.461722
0.0524499
0.662
0.404199
0.662
0.00518899
0.127284
0.662
0.378467
0.662
0.662
0.662
0.371541
0.662
0.662
0.346785
0.662
0.662
0.244028
0.0653869
0.130772
0.662
0.228185
0.629706
0.152524
0.662
0.662
0.662
0.662
0.49705
0.662
0.662
0.662
0.154473
0.662
0.0994383
0.662
0.662
0.662
0.160988
0.662
0.662
0.158724
0.329529
0.098654
0.662
0.662
0.662
0.465196
0.235007
0.136117
0.377951
0.662
0.186048
0.119639
0.188018
0.413306
0.230599
0.12578
0.286755
0.662
0.662
0.325417
0.662
0.227027
0.662
0.406272
0.445573
0.122325
0.662
0.662
0.34302
0.517538
0.342981
0.662
0.289845
0.1526
0.300323
0.662
0.662
0.0137048
0.207199
0.662
0.662
0.662
0.421766
0.662
0.330576
0.391032
0.0294644
0.0530502
0.547934
0.662
0.362073
0.0487175
0.0310687
0.662
0.63339
0.662
0.662
0.662
0.662
0.0689811
0.662
0.662
0.560312
0.662
0.087225
0.662
0.153188
0.662
0.662
0.204957
0.137279
0.662
0.0320524
0.0167184
0.662
0.23059
0.662
0.662
0.662
0.662
0.662
0.358186
0.662
0.271241
0.662
0.354996
0.130299
0.662
0.662
0.662
0.0504057
0.662
0.32799
0.662
0.662
0.662
0.275248
0.662
0.146794
0.295044
0.662
0.629706
0.662
0.171709
0.305387
0.662
0.288665
0.464571
0.662
0.13318
0.662
0.194907
0.662
0.662
0.662
0.662
0.0120053
0.662
0.662
0.290677
0.543524
0.662
0.662
0.662
0.662
0.179778
0.3382
0.662
0.662
0.0249224
0.0843889
0.662
0.33082
0.327095
0.662
0.342663
0.662
0.662
0.662
0.662
0.420221
0.357568
0.662
0.0237721
0.365455
0.662
0.00274747
0.138117
0.532885
0.662
0.436232
0.662
0.427005
0.662
0.662
0.662
0.0155292
0.42473
0.662
0.662
0.170018
0.293287
0.662
0.662
0.662
0.474744
0.0384942
0.0975047
0.387847
0.391582
0.662
0.0232508
0.662
0.662
0.662
0.662
0.662
0.2275
0.458455
0.662
0.63339
0.662
0.53973
0.343385
0.458002
0.359484
0.0281224
0.662
0.662
0.662
0.662
0.153975
0.126827
0.141103
0.662
0.10325
0.662
0.356574
0.662
0.0288746
0.662
0.662
0.662
0.662
0.466976
0.458368
0.229188
0.138207
0.662
0.662
0.398667
0.662
0.662
0.173121
0.662
0.662
0.0215556
0.662
0.662
0.662
0.222926
0.662
0.572545
0.662
0.000986441
0.0997909
0.662
0.0247767
0.662
0.652905
0.662
0.662
0.143961
0.662
0.662
0.620415
0.662
0.647539
0.504769
0.0113797
0.185914
0.192294
0.662
0.662
0.324351
0.156607
0.238322
0.662
0.496789
0.386092
0.662
0.0172709
0.0936991
0.662
0.386847
0.0029628
0.50886
0.103018
0.434336
0.662
0.422708
0.235176
0.662
0.662
0.662
0.662
0.0130898
0.421843
0.662
0.355635
0.0766508
0.449307
0.296278
0.662
0.369369
0.662
0.662
0.124951
0.343464
0.239725
0.662
0.662
0.205923
0.453694
0.662
0.662
0.0853859
0.662
0.350994
0.662
0.193753
0.365566
0.662
0.662
0.662
0.157694
0.662
0.101621
0.406393
0.489197
0.662
0.662
0.662
0.00536895
0.348888
0.406028
0.428312
0.397769
0.0163577
0.662
0.0684351
0.662
0.0540063
0.662
0.398614
0.662
0.0608227
0.115249
0.14453
0.629706
0.26056
0.662
0.662
0.221552
0.662
0.233126
0.263687
0.662
0.662
0.662
0.662
0.417568
0.662
0.28346
0.662
0.388318
0.297242
0.662
0.231257
0.662
0.273108
0.332041
0.274549
0.662
0.662
0.662
0.0444919
0.662
0.0336579
0.101991
0.662
0.662
0.282324
0.662
0.611234
0.064301
0.662
0.662
0.662
0.440876
0.662
0.662
0.438475
0.662
0.0279219
0.450147
0.662
0.662
0.662
0.293723
0.662
0.187699
0.662
0.662
0.662
0.281029
0.662
0.662
0.662
0.0868423
0.11492
0.662
0.662
0.662
0.662
0.0405973
0.662
0.662
0.662
0.662
0.296387
0.2587
0.441824
0.662
0.272175
0.257583
0.662
0.662
0.0119892
0.152932
0.662
0.0892688
0.44661
0.662
0.158188
0.662
0.0521934
0.662
0.298754
0.0495186
0.177837
0.662
0.00707704
0.662
0.662
0.662
0.0635129
0.406165
0.662
0.662
0.662
0.22189
0.0818199
0.662
0.662
0.662
0.609101
0.354975
0.662
0.188111
0.662
0.662
0.117706
0.393742
0.662
0.662
0.662
0.662
0.057966
