0.662
0.0789404
0.293794
0.264368
0.288345
0.463006
0.249932
0.0996761
0.0193619
0.451228
0.662
0.662
0.184568
0.662
0.435619
0.662
0.662
0.662
0.195234
0.662
0.0806948
0.662
0.0971743
0.432661
0.0114071
0.662
0.662
0.662
0.402921
0.430056
0.662
0.178202
0.355816
0.266539
0.411737
0.0672237
0.662
0.120683
0.339623
0.40346
0.662
0.364571
0.171296
0.662
0.110025
0.461021
0.662
0.280471
0.662
0.662
0.662
0.28578
0.662
0.662
0.662
0.662
0.662
0.662
0.662
0.662
0.662
0.211284
0.662
0.662
0.472116
0.192579
0.381609
0.258858
0.078921
0.620671
0.662
0.210444
0.662
0.662
0.662
0.662
0.349694
0.662
0.176032
0.392147
0.662
0.445526
0.662
0.0537659
0.0502145
0.662
0.10931
0.3618
0.662
0.250143
0.662
0.662
0.0221311
0.557656
0.662
0.662
0.129633
0.57334
0.16204
0.297934
0.662
0.662
0.662
0.662
0.662
0.0231436
0.662
0.662
0.129136
0.662
0.662
0.662
0.415637
0.662
0.662
0.662
0.662
0.662
0.662
0.662
0.348829
0.368894
0.662
0.279287
0.662
0.306585
0.662
0.662
0.303612
0.662
0.22876
0.662
0.0944538
0.476426
0.662
0.662
0.662
0.662
0.662
0.662
0.274286
0.246114
0.426004
0.662
0.16655
0.662
0.163799
0.239081
0.160737
0.662
0.662
0.35367
0.662
0.138176
0.662
0.662
0.456439
0.662
0.161635
0.662
0.662
0.662
0.662
0.377529
0.0387997
0.524347
0.662
0.348554
0.662
0.0172375
0.392891
0.333625
0.662
0.415603
0.439411
0.662
0.391681
0.0420221
0.662
0.251464
0.468435
0.429313
0.662
0.662
0.238839
0.662
0.47728
0.662
0.606304
0.106515
0.662
0.0266637
0.662
0.662
0.284708
0.662
0.285138
0.662
0.662
0.662
0.662
0.662
0.662
0.662
0.662
0.0827779
0.365778
0.662
0.285844
0.662
0.662
0.662
0.199221
0.210838
0.652381
0.362626
0.447868
0.662
0.497253
0.662
0.662
0.662
0.662
0.662
0.662
0.662
0.662
0.311156
0.662
0.131424
0.662
0.662
0.179545
0.662
0.662
0.662
0.43718
0.304551
0.550448
0.662
0.211394
0.662
0.145211
0.146686
0.662
0.662
0.662
0.515078
0.662
0.662
0.205046
0.00341332
0.662
0.662
0.342305
0.662
0.405953
0.662
0.502184
0.124737
0.662
0.251742
0.662
0.280449
0.662
0.175284
0.662
0.281364
0.0243804
0.320796
0.375315
0.114892
0.662
0.0715305
0.471247
0.193376
0.662
0.662
0.264426
0.662
0.0261855
0.662
0.662
0.100262
0.195903
0.662
0.662
0.0227419
0.206074
0.351623
0.662
0.662
0.00118115
0.295284
0.260218
0.0441189
0.662
0.295242
0.444301
0.0205042
0.662
0.662
0.404953
0.662
0.381264
0.358495
0.0686364
0.131547
0.137925
0.190173
0.662
0.302319
0.662
0.3587
0.662
0.662
0.662
0.160178
0.311754
0.662
0.205679
0.369521
0.0105959
0.262465
0.662
0.0361062
0.43719
0.30599
0.662
0.290226
0.00312845
0.469483
0.489539
0.212987
0.662
0.662
0.218909
0.0578807
0.52898
0.309947
0.133808
0.662
0.662
0.662
0.0910028
0.662
0.662
0.662
0.495599
0.662
0.633694
0.159351
0.662
0.0136937
0.662
0.662
0.229233
0.222917
0.46723
0.662
0.321149
0.0999441
0.662
0.662
0.662
0.662
0.662
0.0242951
0.263567
0.0409377
0.662
0.0516815
0.662
0.662
0.662
0.662
0.662
0.293689
0.256755
0.0149419
0.0347293
0.0109528
0.662
0.662
0.662
0.662
0.309752
0.297944
0.450213
0.363392
0.513245
0.00258006
0.249788
0.662
0.662
0.662
0.192439
0.06835
0.200702
0.458232
0.337296
0.662
0.662
0.662
0.662
0.121197
0.662
0.205944
0.662
0.662
0.662
0.308365
0.662
0.432938
0.381105
0.662
0.392871
0.662
0.662
0.428689
0.662
0.662
0.662
0.662
0.662
0.433149
0.662
0.63339
0.662
0.662
0.0719206
0.29814
0.662
0.662
0.319226
0.662
0.662
0.547906
0.355228
0.0718458
0.535599
0.662
0.477613
0.417512
0.662
0.662
0.288154
0.662
0.662
0.662
0.662
0.662
0.107162
0.662
0.662
0.662
0.1871
0.662
0.0814252
0.229284
0.224174
0.662
0.662
0.130908
0.296156
0.662
0.0692627
0.245734
0.662
0.662
0.662
0.662
0.231992
0.662
0.662
0.662
0.662
0.243956
0.662
0.300188
0.662
0.662
0.407634
0.0927503
0.645341
0.662
0.662
0.603028
0.341323
0.662
0.461644
0.135197
0.662
0.323094
0.379378
0.441656
0.662
0.662
0.662
0.662
0.577834
0.662
0.662
0.662
0.662
0.662
0.124679
0.495962
0.456194
0.0368439
0.398343
0.662
0.12551
0.407799
0.662
0.0753286
0.0467618
0.101885
0.419767
0.0571007
0.270391
0.0399459
0.210766
0.133454
0.155746
0.06085
0.662
0.381021
0.662
0.662
0.662
0.480395
0.662
0.662
0.662
0.415318
0.662
0.662
0.480164
0.144259
0.32497
0.662
0.662
0.662
0.285369
0.662
0.342422
0.662
0.376216
0.662
0.0792474
0.546566
0.662
0.0813193
0.13249
0.662
0.0151285
0.662
0.662
0.216994
0.285261
0.0796284
0.255163
0.662
0.662
0.119929
0.662
0.110882
0.662
0.662
0.341068
0.662
0.662
0.662
0.662
0.281644
0.31103
0.662
0.0997926
0.331552
0.662
0.662
0.662
0.662
0.662
0.454048
0.662
0.0287377
0.089952
0.166044
0.662
0.102499
0.473969
0.662
0.172672
0.662
0.313633
0.384423
0.662
0.662
0.226882
0.196096
0.662
0.251435
0.662
0.354418
0.662
0.662
0.662
0.662
0.662
0.155608
0.662
0.662
0.662
0.662
0.662
0.23183
0.662
0.103293
0.0214828
0.662
0.482724
0.00700709
0.662
0.662
0.662
0.662
0.185387
0.0832083
0.662
0.662
0.198401
0.662
0.212651
0.0756359
0.662
0.662
0.662
0.483321
0.468546
0.662
0.662
0.662
0.662
0.662
0.662
0.412798
0.662
0.662
0.288824
0.662
0.662
0.217969
0.105443
0.662
0.458211
0.539693
0.244383
0.662
0.278358
0.662
0.204883
0.474349
0.284965
0.662
0.236356
0.662
0.662
0.342513
0.444429
0.662
0.0212587
0.662
0.354754
0.28753
0.211027
0.662
0.662
0.187956
0.36505
0.662
0.305281
0.468857
0.662
0.662
0.662
0.190316
0.662
0.662
0.279702
0.662
0.341281
0.662
0.0945128
