0.236356
0.492217
0.662
0.35367
0.662
0.662
0.0354387
0.662
0.662
0.662
0.662
0.662
0.662
0.662
0.662
0.662
0.455507
0.326801
0.662
0.217969
0.662
0.662
0.0805297
0.0215436
0.0617946
0.29842
0.197562
0.336379
0.148707
0.662
0.662
0.662
0.0832083
0.662
0.466407
0.155608
0.0796284
0.662
0.662
0.40346
0.662
0.217598
0.662
0.253129
0.277814
0.662
0.662
0.662
0.662
0.662
0.395767
0.662
0.662
0.475863
0.303486
0.662
0.161158
0.662
0.662
0.662
0.662
0.199895
0.218936
0.325074
0.662
0.193074
0.101885
0.662
0.231992
0.354754
0.662
0.662
0.391681
0.505601
0.662
0.348989
0.205679
0.229233
0.475086
0.662
0.056841
0.310781
0.662
0.662
0.662
0.0227419
0.409385
0.172077
0.662
0.348312
0.662
0.662
0.120173
0.662
0.662
0.246801
0.256182
0.662
0.662
0.0694505
0.662
0.662
0.577667
0.662
0.190316
0.415628
0.492119
0.662
0.662
0.662
0.0658616
0.204531
0.0205042
0.191936
0.650506
0.329823
0.662
0.29814
0.22199
0.222382
0.662
0.662
0.111512
0.346431
0.662
0.0269207
0.20517
0.662
0.662
0.358954
0.662
0.662
0.345761
0.495599
0.0548685
0.662
0.662
0.662
0.145745
0.662
0.662
0.394706
0.467041
0.662
0.662
0.662
0.398433
0.662
0.662
0.662
0.347862
0.229284
0.348829
0.662
0.0692627
0.0409377
0.662
0.662
0.662
0.662
0.662
0.167662
0.662
0.662
0.321614
0.193376
0.662
0.517299
0.662
0.662
0.662
0.662
0.243846
0.662
0.662
0.662
0.0169252
0.662
0.413796
0.441792
0.024114
0.662
0.662
0.662
0.440013
0.162419
0.662
0.212987
0.339414
0.662
0.0441839
0.662
0.474065
0.399126
0.0360707
0.0692401
0.662
0.662
0.662
0.662
0.251464
0.662
0.089952
0.524531
0.481535
0.469645
0.662
0.662
0.110696
0.662
0.258858
0.662
0.662
0.497253
0.252346
0.00341332
0.662
0.662
0.63339
0.662
0.662
0.468546
0.662
0.193675
0.662
0.662
0.662
0.118812
0.24687
0.662
0.464532
0.662
0.662
0.662
0.0711586
0.466304
0.662
0.662
0.323706
0.662
0.471454
0.662
0.137925
0.381427
0.662
0.662
0.662
0.662
0.662
0.662
0.435648
0.32497
0.343134
0.662
0.42662
0.662
0.17383
0.662
0.662
0.127101
0.606304
0.662
0.662
0.510432
0.231122
0.23183
0.662
0.609079
0.662
0.662
0.402907
0.662
0.401034
0.662
0.662
0.456954
0.662
0.358381
0.662
0.662
0.662
0.338926
0.411737
0.172564
0.389519
0.189411
0.298143
0.313315
0.662
0.26192
0.662
0.319858
0.662
0.415637
0.147822
0.43718
0.0806948
0.234732
0.662
0.275417
0.662
0.191396
0.662
0.103293
0.662
0.455267
0.662
0.396784
0.662
0.662
0.22481
0.57878
0.311156
0.662
0.662
0.662
0.662
0.662
0.662
0.662
0.662
0.662
0.662
0.222589
0.662
0.249788
0.361781
0.662
0.084761
0.662
0.662
0.662
0.313855
0.662
0.662
0.379
0.0649212
0.662
0.209935
0.0919207
0.355228
0.662
0.662
0.0943866
0.662
0.662
0.662
0.110025
0.662
0.662
0.0856006
0.480484
0.31103
0.662
0.662
0.199554
0.662
0.0382824
0.55347
0.662
0.662
0.662
0.662
0.168055
0.261012
0.128676
0.662
0.662
0.0371341
0.662
0.424837
0.662
0.662
0.662
0.662
0.662
0.264492
0.339054
0.419808
0.430056
0.168036
0.662
0.536099
0.381105
0.0151285
0.193768
0.0858601
0.393835
0.0212817
0.24642
0.395647
0.0240694
0.662
0.662
0.266539
0.294953
0.662
0.138777
0.45761
0.0792474
0.141764
0.662
0.0914115
0.347859
0.145071
0.662
0.662
0.295284
0.0813193
0.662
0.210927
0.440029
0.414958
0.662
0.19964
0.167155
0.662
0.313696
0.662
0.662
0.17969
0.124129
0.426004
0.300188
0.607398
0.0814252
0.662
0.330802
0.25966
0.662
0.0728993
0.316014
0.0272623
0.447028
0.365778
0.662
0.662
0.0578807
0.662
0.662
0.00258006
0.662
0.662
0.662
0.271661
0.662
0.367951
0.346402
0.379651
0.662
0.281491
0.234747
0.41989
0.0762354
0.662
0.662
0.11458
0.419767
0.662
0.00661069
0.662
0.146502
0.662
0.662
0.662
0.662
0.662
0.473121
0.662
0.662
0.319226
0.296118
0.662
0.662
0.431469
0.474349
0.662
0.00118115
0.662
0.240834
0.662
0.47036
0.662
0.336604
0.662
0.623187
0.226882
0.662
0.340072
0.287826
0.218909
0.662
0.662
0.662
0.114094
0.662
0.3587
0.35493
0.207001
0.469112
0.337964
0.342971
0.662
0.129296
0.369392
0.662
0.0166531
0.294853
0.662
0.662
0.294942
0.662
0.192104
0.0801396
0.662
0.662
0.589484
0.662
0.0693081
0.662
0.0136937
0.0281893
0.483321
0.244587
0.381377
0.0448852
0.0228291
0.662
0.0367197
0.308096
0.33888
0.662
0.278577
0.615085
0.181453
0.662
0.0891154
0.465831
0.396633
0.00194559
0.662
0.0347293
0.662
0.662
0.227662
0.078921
0.662
0.662
0.662
0.168576
0.199026
0.662
0.662
0.662
0.122899
0.662
0.392975
0.662
0.463006
0.247756
0.662
0.662
0.526116
0.662
0.347344
0.662
0.662
0.662
0.662
0.662
0.342422
0.367685
0.662
0.198633
0.284253
0.223222
0.454048
0.662
0.281644
0.36444
0.205527
0.662
0.662
0.662
0.133454
0.273151
0.662
0.460656
0.662
0.3823
0.662
0.662
0.662
0.303251
0.202425
0.404953
0.662
0.662
0.662
0.422919
0.523854
