0.0686221
0.0880949
0.171186
0.662
0.662
0.424279
0.107721
0.236214
0.662
0.360904
0.017763
0.0601142
0.662
0.571666
0.575509
0.256774
0.662
0.0476729
0.130622
0.449004
0.662
0.662
0.662
0.662
0.271552
0.662
0.662
0.366829
0.39609
0.662
0.0823766
0.662
0.519619
0.662
0.662
0.662
0.662
0.662
0.378823
0.177984
0.256465
0.662
0.662
0.662
0.662
0.35929
0.379309
0.662
0.376494
0.145706
0.487996
0.662
0.662
0.662
0.431839
0.662
0.662
0.662
0.662
0.239286
0.662
0.662
0.662
0.662
0.141709
0.662
0.280941
0.662
0.21032
0.662
0.662
0.469651
0.662
0.334606
0.277117
0.0231466
0.311804
0.662
0.662
0.215009
0.36297
0.219517
0.662
0.457054
0.246515
0.346074
0.130802
0.152026
0.662
0.0693266
0.138441
0.662
0.184303
0.354716
0.662
0.0973302
0.662
0.268664
0.0150359
0.662
0.662
0.662
0.662
0.306832
0.426674
0.274908
0.419013
0.662
0.662
0.447842
0.364933
0.254927
0.352752
0.0032884
0.448278
0.376215
0.662
0.449725
0.662
0.662
0.662
0.662
0.662
0.138237
0.662
0.538264
0.384785
0.629763
0.422943
0.662
0.358051
0.662
0.662
0.237941
0.00525921
0.662
0.662
0.662
0.516172
0.129858
0.662
0.662
0.662
0.662
0.62523
0.662
0.180411
0.505301
0.49078
0.662
0.430594
0.662
0.210024
0.42983
0.662
0.662
0.662
0.615332
0.187056
0.662
0.662
0.283517
0.000236385
0.433358
0.662
0.0363658
0.263037
0.662
0.662
0.0979955
0.206758
0.531409
0.355825
0.662
0.662
0.426095
0.438208
0.0143701
0.187372
0.217257
0.45178
0.662
0.662
0.0691519
0.662
0.662
0.662
0.32803
0.0281524
0.223767
0.662
0.122554
0.321131
0.662
0.662
0.43799
0.662
0.213964
0.662
0.554851
0.299257
0.377565
0.662
0.662
0.662
0.267816
0.247636
0.235037
0.662
0.662
0.662
0.662
0.662
0.662
0.662
0.210288
0.116469
0.662
0.217052
0.662
0.662
0.662
0.128131
0.662
0.368856
0.284023
0.332842
0.662
0.499036
0.447192
0.662
0.662
0.263557
0.662
0.662
0.446099
0.449253
0.318045
0.0123661
0.338998
0.418227
0.662
0.0856361
0.662
0.662
0.427998
0.662
0.662
0.120021
0.662
0.662
0.43409
0.0122966
0.662
0.662
0.1244
0.0769719
0.0906283
0.00179065
0.463651
0.662
0.662
0.662
0.00533943
0.464465
0.00830797
0.0192922
0.662
0.316017
0.292985
0.303935
0.662
0.0261713
0.662
0.662
0.620594
0.662
0.662
0.662
0.385779
0.327071
0.662
0.662
0.0711567
0.662
0.369946
0.662
0.364186
0.662
0.425911
0.442146
0.662
0.0102783
0.194841
0.662
0.662
0.00529706
0.662
0.453479
0.662
0.662
0.662
0.662
0.662
0.309857
0.187977
0.355779
0.0974378
0.662
0.662
0.662
0.662
0.283941
0.430484
0.662
0.662
0.0154113
0.662
0.662
0.662
0.662
0.662
0.662
0.422782
0.662
0.662
0.465324
0.186954
0.0324759
0.662
0.662
0.322854
0.476387
0.662
0.0773597
0.662
0.662
0.662
0.0669189
0.210932
0.662
0.129686
0.662
0.0603251
0.596447
0.347161
0.620499
0.301379
0.662
0.662
0.662
0.662
0.0805559
0.662
0.30647
0.383921
0.127181
0.662
0.369448
0.662
0.33305
0.662
0.662
0.662
0.662
0.662
0.662
0.662
0.463436
0.402892
0.35888
0.0195807
0.0640281
0.662
0.662
0.452459
0.662
0.420631
0.662
0.546678
0.662
0.411198
0.209098
0.662
0.0477493
0.54079
0.662
0.363316
0.171017
0.311707
0.136004
0.662
0.217251
0.223874
0.662
0.468146
0.662
0.0683195
0.161721
0.662
0.202167
0.0860234
0.0852001
0.134997
0.662
0.22457
0.197979
0.662
0.15869
0.662
0.662
0.214442
0.374468
0.276166
0.214217
0.434537
0.662
0.262807
0.340046
0.502639
0.235145
0.49062
0.359327
0.183588
0.61568
0.662
0.662
0.320159
0.404257
0.662
0.662
0.125291
0.662
0.662
0.662
0.662
0.134248
0.662
0.662
0.0945269
0.183254
0.662
0.662
0.411975
0.281302
0.662
0.00368612
0.662
0.662
0.265938
0.662
0.125585
0.0140483
0.662
0.16042
0.662
0.0594323
0.662
0.662
0.129924
0.662
0.243089
0.15932
0.662
0.662
0.379589
0.662
0.662
0.662
0.256136
0.396013
0.662
0.662
0.112471
0.0844934
0.662
0.045634
0.476646
0.662
0.227464
0.662
0.166428
0.662
0.385554
0.411451
0.44372
0.471612
0.255255
0.322835
0.662
0.662
0.166908
0.662
0.0666959
0.398171
0.338929
0.662
0.103552
0.662
0.459895
0.228463
0.521404
0.662
0.662
0.662
0.662
0.662
0.477466
0.662
0.662
0.231419
0.662
0.423595
0.662
0.662
0.0599375
0.662
0.130793
0.0546462
0.662
0.662
0.00650293
0.662
0.662
0.269355
0.662
0.662
0.662
0.662
0.662
0.440587
0.662
0.442879
0.662
0.602919
0.263512
0.662
0.291166
0.453959
0.410338
0.662
0.188814
0.473453
0.590672
0.372573
0.500673
0.662
0.119914
0.322501
0.440859
0.42384
0.0678337
0.123055
0.312879
0.175511
0.662
0.662
0.662
0.405571
0.662
0.662
0.0821287
0.662
0.0697437
0.662
0.662
0.662
0.131989
0.662
0.662
0.662
0.662
0.662
0.662
0.662
0.662
0.18974
0.662
0.551706
0.662
0.085242
0.442056
0.39861
0.662
0.662
0.662
0.0752855
0.0238542
0.662
0.201656
0.440316
0.662
0.264753
0.662
0.348006
0.662
0.662
0.283521
0.662
0.662
0.662
0.662
0.662
0.662
0.662
0.629706
0.20415
0.117867
0.000491129
0.662
0.662
0.662
0.50289
0.460816
0.321205
0.339014
0.292459
0.392739
0.662
0.662
0.393595
0.662
0.662
0.00409691
0.00132433
0.250365
0.662
0.051427
0.465823
0.134945
0.114225
0.662
0.662
0.224461
0.0635952
0.662
0.662
0.662
0.0118057
0.0210124
0.662
0.311211
0.203221
0.662
0.662
0.662
0.662
0.268233
0.289644
0.43018
0.662
0.27081
0.09952
0.662
0.662
0.662
0.219291
0.215942
0.662
0.662
0.662
0.662
0.283555
0.662
0.662
0.662
0.290522
0.662
0.662
0.662
0.145648
0.266608
0.662
0.662
0.240762
0.662
0.662
0.303762
0.453803
0.662
0.433745
0.662
0.662
0.162577
0.184186
0.662
0.086472
0.662
0.408931
0.443775
0.662
0.154719
0.524835
0.662
0.662
0.662
0.388459
0.662
0.662
0.206512
0.302194
0.662
0.167351
0.560433
0.662
0.662
0.662
0.49867
0.384742
0.592833
0.320665
0.0930938
0.662
0.354151
0.662
0.662
0.662
0.662
0.662
0.662
0.662
0.209332
0.662
0.662
0.662
0.320116
0.474737
0.662
0.662
0.311064
0.662
0.337731
0.260851
0.662
0.662
0.0818117
0.662
0.662
0.0237536
0.662
0.662
0.476275
0.662
0.662
0.229896
0.123499
0.662
0.228291
0.662
0.662
0.662
0.662
0.662
0.662
0.662
0.403678
0.315645
0.662
0.339816
0.662
0.17598
0.308743
0.662
0.662
0.0567374
0.662
0.662
0.253846
0.366367
0.662
0.293197
0.662
0.662
0.0604169
0.662
0.662
0.662
0.113915
0.334381
0.326822
0.55607
0.662
0.0227301
0.662
0.426343
0.662
0.0882578
0.662
0.662
0.309787
0.379516
0.662
0.662
0.280815
0.318344
0.204532
0.135338
0.471081
0.662
0.662
0.18529
0.397181
0.47202
0.214089
0.662
0.236887
0.0166634
0.196626
0.0821901
0.662
0.662
0.499453
0.662
0.218486
0.21797
0.662
0.504085
0.662
0.222006
0.138649
0.662
0.405253
0.662
0.16567
0.662
0.662
0.662
0.662
0.405446
0.173347
0.476676
0.234384
0.662
0.662
0.662
0.662
0.00812079
0.662
0.566823
0.316703
0.128751
0.251344
0.33534
0.452843
0.0427054
0.662
0.169352
0.100776
0.0654982
0.254793
0.662
0.662
0.0575939
0.661598
0.662
0.153889
0.385353
0.455414
0.662
0.662
0.662
0.290045
0.662
0.62897
0.662
0.2571
0.662
0.137091
0.0978274
0.256491
0.12534
0.272178
0.123162
0.0702331
0.662
0.354641
0.662
0.662
0.00257855
0.662
0.447441
0.662
0.260553
0.662
0.662
0.395068
0.662
0.368659
0.0821852
0.342715
0.17937
0.00523837
0.662
0.662
0.662
0.270666
0.662
0.662
0.662
0.662
0.662
0.662
0.662
0.178587
0.662
0.36583
0.662
0.0986014
0.662
0.260649
0.662
0.219513
0.292802
0.197602
0.127341
0.662
0.0513527
0.662
0.662
0.662
0.37707
0.505288
0.662
0.089804
0.0603581
0.324959
0.662
0.000259469
0.0507643
0.662
0.662
0.662
