0.439376
0.206584
0.305851
0.662
0.137369
0.432595
0.662
0.18471
0.395512
0.279938
0.662
0.0957557
0.662
0.662
0.662
0.186347
0.357935
0.420806
0.662
0.662
0.662
0.379145
0.319352
0.662
0.0842237
0.662
0.662
0.089088
0.474233
0.226375
0.425461
0.662
0.565481
0.662
0.283391
0.662
0.109894
0.0580688
0.662
0.0929829
0.43898
0.157596
0.204135
0.332864
0.662
0.662
0.206875
0.662
0.662
0.662
0.631889
0.662
0.214589
0.357056
0.156292
0.662
0.662
0.0341999
0.269175
0.662
0.37815
0.662
0.662
0.662
0.662
0.205742
0.409854
0.662
0.662
0.662
0.137183
0.332358
0.662
0.662
0.662
0.127638
0.335462
0.104441
0.207141
0.662
0.253093
0.662
0.0151315
0.603114
0.662
0.662
0.0498445
0.662
0.452427
0.0931761
0.662
0.198008
0.662
0.00815127
0.127733
0.662
0.450972
0.481895
0.662
0.287863
0.0964161
0.391618
0.0523916
0.662
0.662
0.662
0.662
0.23908
0.662
0.315454
0.662
0.662
0.41866
0.662
0.662
0.662
0.333237
0.156483
0.0269497
0.662
0.662
0.662
0.662
0.662
0.662
0.662
0.662
0.202806
0.0171321
0.125087
0.182743
0.662
0.662
0.437543
0.662
0.13029
0.123415
0.619255
0.662
0.615711
0.662
0.14932
0.52574
0.662
0.662
0.662
0.662
0.662
0.36663
0.662
0.516666
0.645061
0.662
0.662
0.662
0.329682
0.662
0.0649959
0.662
0.321458
0.662
0.43946
0.662
0.0137944
0.662
0.662
0.662
0.662
0.304441
0.662
0.662
0.662
0.232066
0.359687
0.253028
0.662
0.662
0.662
0.151971
0.143179
0.341653
0.094351
0.011746
0.662
0.662
0.662
0.662
0.228166
0.662
0.662
0.0193592
0.365114
0.467663
0.662
0.338874
0.0255593
0.0230711
0.662
0.662
0.662
0.128241
0.597199
0.191276
0.662
0.250076
0.106993
0.2574
0.153412
0.409361
0.39163
0.348394
0.0445173
0.662
0.268785
0.331062
0.425737
0.505696
0.662
0.662
0.662
0.662
0.395021
0.204899
0.662
0.662
0.662
0.662
0.662
0.473204
0.662
0.216407
0.0263742
0.417462
0.662
0.248615
0.282336
0.662
0.47322
0.358443
0.662
0.662
0.191817
0.662
0.662
0.0448099
0.662
0.662
0.662
0.367416
0.662
0.662
0.458857
0.458521
0.445085
0.426056
0.662
0.521775
0.199707
0.662
0.400064
0.662
0.662
0.662
0.662
0.662
0.662
0.662
0.662
0.404287
0.201492
0.662
0.364821
0.662
0.173299
0.128824
0.662
0.662
0.296081
0.0113294
0.662
0.0209727
0.332666
0.662
0.139391
0.233987
0.662
0.116425
0.10375
0.437539
0.662
0.108336
0.252029
0.662
0.662
0.662
0.0698264
0.662
0.490633
0.472682
0.474177
0.477424
0.0809616
0.3686
0.662
0.242333
0.662
0.662
0.452922
0.662
0.662
0.662
0.0253904
0.662
0.0416637
0.206057
0.410422
0.562553
0.662
0.363163
0.10375
0.662
0.662
0.203016
0.662
0.134118
0.38931
0.0864945
0.662
0.662
0.662
0.472567
0.662
0.13516
0.662
0.662
0.263472
0.662
0.426899
0.00373591
0.662
0.155014
0.168068
0.662
0.501639
0.0603029
0.662
0.662
0.433863
0.662
0.293997
0.299131
0.662
0.459405
0.524559
0.246236
0.350139
0.324279
0.475205
0.662
0.662
0.273284
0.662
0.483642
0.32324
0.662
0.00656479
0.662
0.662
0.662
0.36453
0.662
0.662
0.11113
0.662
0.662
0.662
0.33535
0.324793
0.662
0.275826
0.383314
0.13488
0.662
0.662
0.220674
0.407083
0.662
0.662
0.396654
0.589245
0.104263
0.662
0.122305
0.219722
0.662
0.662
0.426137
0.662
0.662
0.228621
0.422221
0.662
0.438701
0.252494
0.232899
0.376955
0.662
0.662
0.0500054
0.462625
0.662
0.569943
0.662
0.662
0.193562
0.182447
0.662
0.662
0.662
0.262504
0.662
0.14979
0.662
0.213712
0.662
0.662
0.536902
0.662
0.662
0.323811
0.662
0.0353481
0.662
0.257013
0.662
0.538284
0.662
0.662
0.662
0.0955252
0.130744
0.443109
0.395461
0.662
0.662
0.462706
0.119581
0.662
0.662
0.662
0.075301
0.662
0.662
0.662
0.662
0.319648
0.662
0.662
0.13793
0.662
0.662
0.201501
0.0257733
0.411653
0.176663
0.310404
0.662
0.662
0.32749
0.662
0.662
0.662
0.371296
0.00968206
0.662
0.0267095
0.662
0.662
0.662
0.662
0.662
0.218056
0.175038
0.0775383
0.120741
0.662
0.294907
0.263406
0.120468
0.662
0.111856
0.0063163
0.386017
0.302281
0.662
0.662
0.662
0.662
0.409749
0.459977
0.389809
0.662
0.324626
0.662
0.38618
0.662
0.662
0.662
0.252492
0.280981
0.189125
0.122752
0.190881
0.126506
0.662
0.188398
0.662
0.662
0.0635624
0.2501
0.356527
0.0763634
0.414346
0.461981
0.662
0.662
0.662
0.0876025
0.243397
0.662
0.170086
0.662
0.662
0.296042
0.662
0.396404
0.662
0.247129
0.662
0.662
0.556627
0.257809
0.230276
0.662
0.251661
0.349219
0.662
0.252081
0.231105
0.662
0.662
0.662
0.662
0.662
0.662
0.662
0.400401
0.662
0.662
0.662
0.662
0.662
0.037169
0.662
0.461524
0.662
0.514935
0.662
0.662
0.145481
0.662
0.662
0.662
0.662
0.60855
0.662
0.662
0.151664
0.399366
0.662
0.466549
0.488207
0.662
0.662
0.0638377
0.426081
0.662
0.662
0.662
0.662
0.233144
0.662
0.659601
0.662
0.662
0.662
0.109783
0.174406
0.151747
0.259424
0.662
0.662
0.396693
0.290205
0.0460083
0.662
0.132836
0.662
0.662
0.662
0.662
0.662
0.662
0.662
0.662
0.242338
0.0954304
0.662
0.312154
0.191115
0.411891
0.0066394
0.662
0.662
0.40123
0.212489
0.662
0.350279
0.662
0.662
0.662
0.00283588
0.0303669
0.662
0.0194542
0.662
0.662
0.566179
0.104302
0.662
0.662
0.22796
0.662
0.662
0.275088
0.662
0.0989946
0.415627
0.662
0.0980794
0.662
0.13345
0.270496
0.662
0.461593
0.394306
0.662
0.278128
0.472484
0.30402
0.490936
0.662
0.627542
0.662
0.181229
0.662
0.424789
0.662
0.662
0.662
0.662
0.662
0.264557
0.534079
0.662
0.40364
0.410873
0.662
0.662
0.662
0.662
0.662
0.196749
0.662
0.204927
0.243946
0.224442
0.195577
0.662
0.0811301
0.662
0.553514
0.662
0.662
0.662
0.662
0.385578
0.662
0.662
0.662
0.18724
0.662
0.20296
0.662
0.358072
0.264622
0.470436
0.662
0.461774
0.662
0.443332
0.363727
0.662
0.662
0.464268
0.459805
0.662
0.662
0.416129
0.204209
0.662
0.240104
0.115783
0.662
0.662
0.662
0.662
0.18124
0.662
0.662
0.662
0.662
0.442567
0.662
0.214396
0.662
0.334052
0.122562
0.0457881
0.662
0.662
0.662
0.662
0.662
0.501585
0.662
0.0569301
0.299283
0.662
0.662
0.662
0.662
0.662
0.0743316
0.0892762
0.662
0.662
0.0229813
0.278733
0.662
0.369856
0.0852312
0.357992
0.662
0.662
0.343573
0.404604
0.440552
0.0951075
0.662
0.662
0.213843
0.119615
0.662
0.352172
0.662
0.444296
0.0314357
0.385913
0.662
0.662
0.0948555
0.325501
0.572138
0.296523
0.0146902
0.662
0.662
0.662
0.662
0.662
0.166688
0.409553
0.35799
0.0779391
0.662
0.0113624
0.662
0.189419
0.662
0.662
0.662
0.289537
0.662
0.113369
0.357654
0.0820026
0.662
0.662
0.662
0.278832
0.242149
0.662
0.662
0.426504
0.662
0.220887
0.662
0.662
0.662
0.662
0.662
0.662
0.137546
0.662
0.662
0.422208
0.662
0.418295
0.662
0.662
0.662
0.662
0.662
0.214404
0.472368
0.389184
0.662
0.417408
0.444732
0.662
0.489463
0.0307705
0.662
0.662
0.568727
0.662
0.662
0.662
0.662
0.205283
0.662
0.662
0.0896772
0.125105
0.119655
0.116039
0.662
0.662
0.662
0.158756
0.16937
0.227025
0.662
0.148472
0.662
0.662
0.662
0.662
0.662
0.334201
0.163823
0.662
0.348254
0.19871
0.662
0.662
0.662
0.282499
0.662
0.427019
0.472317
0.342173
0.662
0.461776
0.662
0.662
0.422919
0.662
0.0258213
0.662
0.662
0.662
0.662
0.201913
0.411924
0.314003
0.0674836
0.662
0.388425
0.662
0.341411
0.662
0.662
0.0503698
0.0396742
0.662
0.662
0.662
0.662
0.303312
0.662
0.662
0.662
0.662
0.662
0.662
0.0231661
0.662
0.18621
0.662
0.418548
0.591806
0.0570182
0.662
0.203639
0.310377
0.491396
0.662
0.0469821
0.197617
0.662
0.659399
0.187935
0.406656
0.295452
0.662
0.443194
0.662
0.0597322
0.662
0.662
0.662
0.662
0.445367
0.343147
0.0822492
0.417812
0.662
0.312317
0.461879
0.138808
0.430908
0.0645407
0.133592
0.662
0.422365
0.359526
0.373322
0.135354
0.302783
0.662
0.389132
0.662
0.662
0.253486
0.168516
0.662
0.662
0.662
0.662
0.662
0.177478
0.173077
0.662
0.662
0.280898
0.662
0.662
0.035836
0.217467
0.216848
0.662
0.662
0.00761663
0.662
0.440437
0.475365
0.662
0.11273
0.662
0.662
0.304885
0.0784145
0.285899
0.359922
0.662
0.662
0.400599
0.106927
0.662
0.411351
0.0363171
0.662
0.259071
0.341918
0.151695
0.662
0.227505
0.662
0.662
0.244059
0.662
0.662
0.662
0.662
0.662
0.348295
0.301873
0.342823
0.471037
0.482653
0.662
0.662
0.662
0.0837773
0.171681
0.662
0.00700867
0.461816
0.200783
0.00064432
0.445985
0.186654
0.383702
0.0154978
0.523084
0.347215
0.0479176
0.662
0.516511
0.429706
0.0218546
0.662
0.662
0.0565211
0.461972
0.662
0.0104346
0.145245
0.662
0.662
0.662
0.131182
0.662
0.662
0.0382756
0.662
0.662
0.514917
0.662
0.662
0.662
0.662
0.662
0.662
0.662
0.662
0.234574
0.22037
0.191552
0.0718909
0.662
0.321893
0.302833
0.186158
0.0454543
0.339234
0.662
0.662
0.662
0.336267
0.662
0.662
0.104459
0.329143
0.0279329
0.662
0.408292
0.295936
0.662
0.662
0.662
0.662
0.582876
0.230131
0.662
0.234653
0.662
0.376516
0.662
0.662
0.127488
0.393443
0.662
0.472128
0.662
0.662
0.662
0.662
0.662
0.662
0.337837
0.177671
0.662
0.633391
0.662
0.662
0.578086
0.662
0.432461
0.504736
0.342055
0.125535
0.201528
0.240873
0.662
0.662
0.409887
0.0316938
0.662
0.662
0.359835
0.555933
0.662
0.662
0.662
0.291888
0.662
0.0595426
0.662
0.662
0.662
0.149989
0.206993
0.662
0.662
0.662
0.662
0.662
0.662
0.110506
0.372485
0.010729
0.662
0.662
0.453149
0.662
0.662
0.662
0.662
0.388276
0.229374
0.662
0.393046
0.662
0.154776
0.662
0.662
0.662
0.45272
0.662
0.0434927
0.662
0.662
0.203138
0.662
0.662
0.445085
0.662
0.662
0.662
0.31148
0.219647
0.561068
0.662
0.662
0.302124
0.416802
0.190241
0.151678
0.516521
0.662
0.0650828
0.398317
0.0773522
0.662
0.662
0.121138
0.662
0.662
0.662
0.149807
0.662
0.662
0.551515
0.662
0.662
0.338587
0.662
0.662
0.662
0.662
0.45423
0.662
0.266833
