0.662
0.373382
0.662
0.299439
0.662
0.662
0.662
0.151505
0.106037
0.662
0.662
0.662
0.662
0.662
0.662
0.0359262
0.662
0.662
0.662
0.0994853
0.662
0.662
0.181006
0.662
0.662
0.191896
0.662
0.662
0.662
0.285758
0.127449
0.662
0.662
0.276308
0.343476
0.403749
0.424691
0.662
0.662
0.662
0.662
0.0924775
0.662
0.662
0.471593
0.662
0.288916
0.662
0.302272
0.662
0.662
0.662
0.000484332
0.218422
0.662
0.333222
0.430369
0.40942
0.662
0.662
0.36319
0.334981
0.146341
0.213353
0.475442
0.662
0.389821
0.213215
0.130556
0.210982
0.0163263
0.0305129
0.662
0.662
0.662
0.662
0.434323
0.413099
0.10942
0.0960684
0.424572
0.662
0.505478
0.662
0.432896
0.413281
0.662
0.301916
0.662
0.662
0.00529103
0.662
0.662
0.198322
0.662
0.662
0.561927
0.662
0.662
0.382581
0.353208
0.00470694
0.662
0.0945585
0.40783
0.184412
0.365383
0.041097
0.349143
0.662
0.662
0.563621
0.662
0.567609
0.358245
0.662
0.0405082
0.662
0.19464
0.662
0.367292
0.662
0.491982
0.662
0.662
0.188431
0.662
0.662
0.0844117
0.217521
0.662
0.388318
0.0438725
0.662
0.131714
0.345377
0.662
0.662
0.662
0.613857
0.0587569
0.662
0.397355
0.662
0.265261
0.142325
0.160403
0.102619
0.662
0.421619
0.662
0.662
0.251267
0.284089
0.662
0.378321
0.324204
0.662
0.259512
0.0941487
0.614516
0.662
0.662
0.662
0.662
0.00235219
0.233468
0.662
0.414579
0.662
0.662
0.323256
0.662
0.398663
0.0961949
0.254846
0.247973
0.181662
0.662
0.662
0.662
0.662
0.187309
0.662
0.662
0.662
0.662
0.103062
0.662
0.662
0.207467
0.662
0.662
0.662
0.365433
0.236101
0.437274
0.662
0.360996
0.662
0.297995
0.248064
0.662
0.662
0.662
0.662
0.662
0.418963
0.662
0.662
0.662
0.219345
0.0109118
0.662
0.662
0.330015
0.211279
0.442977
0.662
0.28996
0.0960941
0.351135
0.379624
0.662
0.662
0.480894
0.662
0.662
0.277743
0.662
0.306585
0.662
0.662
0.224524
0.0101007
0.662
0.302725
0.662
0.662
0.662
0.31913
0.228174
0.333363
0.662
0.662
0.662
0.662
0.662
0.529989
0.447527
0.351754
0.662
0.199014
0.662
0.662
0.662
0.662
0.111728
0.662
0.662
0.0880157
0.662
0.662
0.258101
0.286133
0.48795
0.662
0.662
0.662
0.662
0.00602061
0.190678
0.408908
0.662
0.26262
0.662
0.214721
0.312882
0.115469
0.238248
0.335106
0.662
0.136265
0.662
0.662
0.662
0.660967
0.318104
0.662
0.422525
0.0823235
0.328471
0.662
0.266307
0.662
0.229018
0.448323
0.662
0.662
0.157079
0.662
0.662
0.318129
0.662
0.662
0.662
0.0952602
0.301152
0.662
0.442005
0.0730677
0.662
0.26669
0.261285
0.662
0.438321
0.662
0.662
0.396768
0.662
0.662
0.662
0.090235
0.662
0.029782
0.0494456
0.662
0.662
0.593335
0.157697
0.662
0.662
0.662
0.179008
0.144303
0.662
0.36061
0.588343
0.153301
0.662
0.285604
0.0785609
0.384965
0.155219
0.464629
0.662
0.193599
0.662
0.662
0.662
0.662
0.202907
0.163724
0.662
0.248349
0.233871
0.46718
0.662
0.403679
0.662
0.0381566
0.662
0.467283
0.281883
0.662
0.220548
0.662
0.120764
0.662
0.662
0.34319
0.325448
0.662
0.662
0.662
0.411162
0.662
0.217792
0.662
0.662
0.538603
0.662
0.292087
0.662
0.187961
0.0313608
0.0106071
0.409848
0.662
0.662
0.412198
0.421387
0.662
0.00452295
0.662
0.662
0.183395
0.0592017
0.662
0.662
0.562049
0.662
0.178414
0.202232
0.662
0.0712129
0.662
0.40696
0.0561103
0.0264777
0.19409
0.308174
0.402102
0.662
0.662
0.381271
0.265076
0.662
0.175747
0.0239845
0.662
0.338683
0.662
0.662
0.662
0.662
0.662
0.662
0.0802164
0.242652
0.0729799
0.662
0.0267351
0.662
0.446126
0.662
0.662
0.480811
0.662
0.662
0.325149
0.468476
0.662
0.662
0.662
0.391723
0.662
0.662
0.470665
0.662
0.403376
0.416466
0.534902
0.593124
0.662
0.662
0.343903
0.662
0.224246
0.195039
0.527119
0.564127
0.662
0.429753
0.421716
0.662
0.662
0.662
0.459731
0.662
0.402422
0.662
0.662
0.662
0.0114788
0.662
0.20733
0.0079396
0.138476
0.662
0.492086
0.662
0.662
0.0156213
0.662
0.662
0.662
0.256225
0.662
0.662
0.662
0.662
0.662
0.443225
0.385101
0.662
0.546003
0.357501
0.662
0.357936
0.287738
0.243813
0.662
0.386546
0.662
0.662
0.662
0.265659
0.662
0.662
0.662
0.662
0.662
0.662
0.286715
0.374102
0.662
0.105444
0.38259
0.662
0.662
0.662
0.662
0.662
0.662
0.662
0.662
0.662
0.017838
0.128073
0.662
0.662
0.351791
0.662
0.662
0.00459007
0.662
0.295974
0.662
0.0894372
0.662
0.0392652
0.418723
0.433283
0.662
0.64182
0.662
0.119602
0.0452856
0.662
0.662
0.662
0.662
0.662
0.662
0.662
0.662
0.662
0.477599
0.437442
0.662
0.249848
0.662
0.662
0.354186
0.433124
0.179532
0.662
0.662
0.0677841
0.0714296
0.662
0.35816
0.662
0.444694
0.189669
0.662
0.418929
0.191543
0.312293
0.42414
0.662
0.475371
0.444829
0.662
0.296438
0.630715
0.662
0.442927
0.662
0.198788
0.662
0.0443761
0.296908
0.662
0.662
0.662
0.197591
0.662
0.662
0.0518787
0.662
0.19443
0.662
0.662
0.242353
0.288021
0.0681302
0.0850565
0.662
0.365582
0.388021
0.415775
0.662
0.0918159
0.160988
0.476942
0.33923
0.189918
0.100239
0.0659106
0.662
0.000801962
0.662
0.662
0.124496
0.471983
0.479429
0.662
0.580278
0.662
0.662
0.468641
0.375078
0.662
0.193575
0.662
0.0647997
0.662
0.316918
0.23052
0.247254
0.662
0.662
0.227529
0.512889
0.173854
0.403191
0.662
0.0718079
0.662
0.239047
0.662
0.316766
0.442953
0.662
0.662
0.241107
0.532987
0.662
0.662
0.662
0.162728
0.662
0.472094
0.662
0.456509
0.662
0.312486
0.244424
0.662
0.662
0.662
0.186938
0.424078
0.662
0.662
0.662
0.425366
0.662
0.406859
0.0293286
0.224589
0.351385
0.442419
0.348731
0.226597
0.277032
0.662
0.495289
0.464905
0.397332
0.148795
0.662
0.662
0.0090963
0.662
0.662
0.450718
0.662
0.241942
0.662
0.662
0.63339
0.418274
0.0839576
0.662
0.662
0.662
0.662
0.351832
0.662
0.36849
0.384277
0.662
0.662
0.662
0.453954
0.428864
0.662
0.0309084
0.201704
0.0844127
0.0541115
0.344758
0.590775
0.3566
0.203878
0.662
0.662
0.0960505
0.0200933
0.662
0.280762
0.662
0.199952
0.186838
0.291867
0.662
0.126531
0.662
0.662
0.200826
0.378035
0.235884
0.43102
0.662
0.472707
0.662
0.465263
0.271022
0.446213
0.10068
0.327424
0.662
0.485858
0.372013
0.662
0.234712
0.662
0.17493
0.662
0.495574
0.662
0.101016
0.192064
0.00456747
0.00141761
0.252315
0.662
0.662
0.0851851
0.662
0.662
0.662
0.662
0.308138
0.58947
0.348157
0.219973
0.662
0.662
0.662
0.662
0.284343
0.219137
0.662
0.454587
0.662
0.148133
0.379878
0.662
0.299155
0.352769
0.156408
0.662
0.662
0.274543
0.380022
0.298022
0.191611
0.00695472
0.234395
0.662
0.355163
0.662
0.662
0.426452
0.182387
0.243809
0.662
0.366393
0.662
0.662
0.40454
0.662
0.491115
0.662
0.662
0.255787
0.662
0.338386
0.0093278
0.365746
0.662
0.0432091
0.46949
0.387536
0.662
0.114544
0.662
0.106283
0.662
0.662
0.662
0.353881
0.662
0.662
0.662
0.410523
0.126286
0.506285
0.164583
0.205979
0.662
0.211267
0.330973
0.662
0.662
0.662
0.30484
0.662
0.461977
0.662
0.662
0.662
0.662
0.264317
0.662
0.662
0.104099
0.0310048
0.409926
0.028588
0.28483
0.662
0.662
0.662
0.662
0.271707
0.662
0.243029
0.653915
0.662
0.662
0.662
0.495303
0.286951
0.435947
0.0930403
0.150823
0.126309
0.50451
0.662
0.321281
0.207178
0.662
0.375033
0.411986
0.662
0.273326
0.662
0.662
0.390727
0.662
0.662
0.662
0.468614
0.103983
0.662
0.662
0.662
0.662
0.301453
0.237698
0.0463468
0.662
0.662
0.662
0.0885265
0.662
0.178546
0.10587
0.662
0.662
0.662
0.662
0.662
0.662
0.662
0.0424237
0.23213
0.21837
0.662
0.182122
0.251532
0.662
0.09786
0.368152
0.662
0.662
0.662
0.0979489
0.662
0.283965
0.415703
0.219316
0.662
0.392448
0.662
0.0383814
0.662
0.662
0.662
0.662
0.306758
0.662
0.0853962
0.0991071
0.662
0.479273
0.662
0.662
0.662
0.662
0.373912
0.662
0.443011
0.662
0.541172
0.662
0.662
0.273437
0.124099
0.543949
0.662
0.256747
0.0970792
0.115323
0.662
0.470365
0.662
0.00853174
0.662
0.662
0.662
0.0147802
0.662
0.662
0.662
0.42405
0.392022
0.408084
0.148515
0.196451
0.20426
0.662
0.662
0.293863
0.027894
0.0978491
0.662
0.0476647
0.662
0.24156
0.121089
0.421293
0.662
0.662
0.662
0.119862
0.255109
0.662
0.662
0.120591
0.662
0.397136
0.662
0.662
0.662
0.662
0.662
0.177051
0.662
0.662
0.364474
0.662
0.662
0.417679
0.662
0.662
0.662
0.662
0.481919
0.272706
0.662
0.41126
0.662
0.274513
0.662
0.662
0.238306
0.662
0.212248
0.662
0.458478
0.662
0.490338
0.282368
0.369408
0.235384
0.662
0.0266439
0.210398
0.662
0.662
0.174265
0.662
0.447504
0.662
0.305221
0.327268
0.662
0.662
0.263023
0.0763704
0.662
0.662
0.185345
0.662
0.662
0.662
0.143025
0.662
0.662
0.662
0.0869844
0.460225
0.662
0.662
0.662
0.662
0.516539
0.100522
0.447162
0.662
0.662
0.662
0.662
0.117985
0.662
0.662
0.662
0.662
0.662
0.662
0.235016
0.109179
0.433995
0.662
0.662
0.0924515
0.662
0.467173
0.245179
0.547175
0.454975
0.662
0.662
0.00316023
0.417427
0.0609292
0.234579
0.101913
0.172946
0.662
0.662
0.195016
0.662
0.662
0.662
0.662
0.662
0.662
0.662
0.397539
0.662
0.662
0.662
0.662
0.662
0.662
0.662
0.662
0.065674
0.0873557
0.471036
0.662
0.662
0.0340082
0.00393876
0.248014
0.232133
0.430955
0.662
0.0969151
0.662
0.662
0.662
0.409536
0.111245
0.426264
0.446014
0.0156475
0.23573
0.177836
0.662
0.339491
0.368523
0.662
0.662
0.156355
