0.233818
0.662
0.662
0.662
0.230117
0.10918
0.186954
0.355779
0.662
0.662
0.640326
0.662
0.440915
0.662
0.662
0.662
0.662
0.445203
0.422542
0.662
0.662
0.662
0.662
0.662
0.362281
0.662
0.10276
0.662
0.662
0.0953764
0.0588741
0.662
0.104755
0.662
0.365871
0.662
0.662
0.470434
0.662
0.662
0.662
0.260649
0.662
0.219416
0.177858
0.0604169
0.662
0.662
0.465823
0.662
0.662
0.662
0.611801
0.23032
0.119694
0.662
0.662
0.44772
0.250686
0.49587
0.405571
0.0339171
0.662
0.662
0.051758
0.0431889
0.387619
0.219168
0.662
0.283934
0.662
0.662
0.662
0.433353
0.662
0.355328
0.662
0.662
0.443775
0.662
0.662
0.00954284
0.230567
0.662
0.662
0.357341
0.662
0.35888
0.662
0.0781843
0.662
0.404601
0.662
0.26644
0.130736
0.221512
0.235601
0.463806
0.467736
0.0728167
0.370919
0.366212
0.206779
0.24948
0.0575208
0.662
0.308587
0.662
0.662
0.662
0.662
0.662
0.662
0.00515124
0.245314
0.662
0.662
0.662
0.662
0.0870109
0.662
0.00196499
0.662
0.662
0.140649
0.662
0.28348
0.530131
0.662
0.662
0.50433
0.662
0.662
0.662
0.662
0.662
0.0392087
0.292995
0.0147866
0.461305
0.662
0.157274
0.286197
0.662
0.662
0.0646881
0.633694
0.049044
0.469036
0.335175
0.205049
0.662
0.217838
0.662
0.662
0.662
0.0454243
0.662
0.271699
0.270666
0.178587
0.662
0.662
0.166428
0.222327
0.662
0.662
0.239338
0.662
0.662
0.662
0.247636
0.0652261
0.662
0.465324
0.662
0.662
0.0711567
0.662
0.131233
0.662
0.296467
0.662
0.662
0.310463
0.223874
0.662
0.0397649
0.424773
0.662
0.662
0.449725
0.30647
0.662
0.245575
0.662
0.662
0.465427
0.662
0.598059
0.662
0.662
0.662
0.662
0.662
0.662
0.546235
0.101279
0.268156
0.384021
0.662
0.662
0.360235
0.662
0.130049
0.460139
0.218486
0.280692
0.662
0.662
0.0563001
0.180172
0.662
0.662
0.662
0.662
0.662
0.411364
0.662
0.130793
0.662
0.272178
0.357684
0.662
0.662
0.151616
0.285258
0.201656
0.662
0.175526
0.662
0.662
0.403047
0.662
0.367757
0.662
0.451343
0.662
0.0048623
0.240701
0.0950577
0.662
0.633694
0.236389
0.148245
0.662
0.662
0.662
0.273477
0.662
0.431225
0.218772
0.559374
0.662
0.662
0.217
0.0749193
0.458694
0.662
0.291939
0.662
0.425943
0.662
0.662
0.662
0.300585
0.662
0.219291
0.307601
0.334815
0.662
0.377237
0.662
0.261097
0.0852001
0.662
0.662
0.283941
0.2571
0.662
0.474649
0.0715636
0.662
0.123055
0.283521
0.662
0.452048
0.662
0.39883
0.662
0.461829
0.662
0.575665
0.662
0.662
0.371055
0.662
0.662
0.137091
0.432288
0.662
0.662
0.662
0.0634036
0.27864
0.662
0.279251
0.404634
0.287934
0.662
0.662
0.662
0.0212825
0.662
0.396115
0.662
0.342685
0.662
0.0986321
0.662
0.368576
0.188227
0.662
0.662
0.662
0.662
0.156738
0.662
0.18467
0.351921
0.270307
0.223104
0.662
0.233209
0.134248
0.662
0.325225
0.337916
0.662
0.662
0.662
0.315645
0.301727
0.46334
0.662
0.662
0.270087
0.662
0.662
0.662
0.432651
0.662
0.216354
0.111432
0.036127
0.662
0.38314
0.275479
0.662
0.662
0.662
0.662
0.0158368
0.662
0.662
0.662
0.319967
0.662
0.0463909
0.0307097
0.188433
0.578947
0.385353
0.422957
0.152026
0.662
0.260691
0.358237
0.400227
0.291367
0.101524
0.385271
0.348114
0.662
0.113349
0.662
0.0906176
0.509575
0.662
0.662
0.662
0.662
0.662
0.662
0.662
0.662
0.188814
0.209332
0.409031
0.350191
0.221911
0.109857
0.662
0.31674
0.662
0.662
0.662
0.142432
0.108537
0.662
0.207072
0.662
0.28938
0.589437
0.00803042
0.662
0.440316
0.577982
0.403173
0.662
0.662
0.0168819
0.0509527
0.064825
0.211079
0.205585
0.381336
0.29928
0.662
0.662
0.662
0.386662
0.662
0.662
0.662
0.137657
0.662
0.348292
0.228961
0.662
0.44372
0.662
0.471362
0.662
0.662
0.220313
0.662
0.662
0.268464
0.259824
0.382419
0.662
0.662
0.200322
0.662
0.662
0.662
0.39609
0.229746
0.662
0.662
0.662
0.662
0.662
0.662
0.340845
0.267782
0.662
0.662
0.662
0.662
0.143234
0.662
0.13796
0.662
0.0507643
0.662
0.349227
0.249551
0.011391
0.384347
0.290315
0.0479014
0.164702
0.228607
0.662
0.455405
0.359687
0.395068
0.662
0.381763
0.0626
0.662
0.590862
0.662
0.662
0.662
0.396013
0.334556
0.210485
0.662
0.383345
0.248544
0.662
0.208344
0.0458082
0.0303853
0.662
0.319381
0.322501
0.662
0.662
0.662
0.662
0.442146
0.0261713
0.662
0.662
0.662
0.0519219
0.213706
0.0135029
0.662
0.662
0.0702331
0.662
0.280084
0.662
0.662
0.662
0.662
0.662
0.401742
0.089804
0.264105
0.425911
0.662
0.662
0.662
0.0437375
0.436503
0.662
0.662
0.662
0.662
0.461107
0.0139927
0.662
0.662
0.453729
0.0557961
0.662
0.342818
0.400802
0.662
0.662
0.662
0.227464
0.379589
0.662
0.662
0.451597
0.662
0.317083
0.662
0.662
0.662
0.662
0.662
0.662
0.355063
0.662
0.662
0.282897
0.662
0.662
0.662
0.662
0.662
0.287301
0.662
0.662
0.311495
0.662
0.662
0.49062
0.662
0.210932
0.662
0.662
0.662
0.662
0.172631
0.45791
0.662
0.0202262
0.662
0.662
0.662
0.259487
0.639671
0.662
0.307726
0.662
0.662
0.662
0.146911
0.662
0.0435903
0.238473
0.662
0.347076
0.212421
0.0246499
0.662
0.450398
0.117182
0.303762
0.662
0.414947
0.662
0.260553
0.662
0.662
0.503538
0.662
0.280766
0.662
0.196012
0.662
0.662
0.662
0.284044
0.662
0.662
0.662
0.662
0.433336
0.662
0.662
0.220675
0.309786
0.328586
0.662
0.293408
0.662
0.109088
0.662
0.345421
0.662
0.662
0.285635
0.662
0.662
0.662
0.662
0.370215
0.662
0.319623
0.662
0.245168
0.391484
0.662
0.662
0.085242
0.0905894
0.27844
0.373739
0.662
0.662
0.662
0.662
0.0238542
0.662
0.309787
0.662
0.112602
0.662
0.105456
0.208693
0.396192
0.373269
0.384555
0.662
0.662
0.415124
0.662
0.662
0.156393
0.0770474
0.103552
0.662
0.662
0.126027
0.310866
0.662
0.381519
0.662
0.662
0.234566
0.662
0.284957
0.368727
0.662
0.318942
0.287858
0.662
0.662
0.346477
0.285782
0.662
0.662
0.662
0.662
0.662
0.662
0.662
0.662
0.320564
0.15796
0.411451
0.662
0.448776
0.0718466
0.662
0.662
0.662
0.662
0.662
0.662
0.128603
0.536783
0.213964
0.662
0.662
0.273678
0.179123
0.0683195
0.388262
0.222071
0.662
0.662
0.662
0.662
0.340754
0.294361
0.662
0.210369
0.662
0.468618
0.662
0.662
0.662
0.0112921
0.232744
0.662
0.662
0.393704
0.662
0.662
0.368856
0.662
0.662
0.662
0.662
0.662
0.662
0.662
0.662
0.662
0.101051
0.662
0.289664
0.263601
0.662
0.662
0.032485
0.662
0.143978
0.662
0.0162918
0.662
0.452711
0.662
0.590672
0.17598
0.662
0.662
0.438208
0.616791
0.0670426
0.662
0.662
0.662
0.662
0.662
0.662
0.203556
0.662
0.508111
0.637216
0.662
0.662
0.0458774
0.662
0.662
0.0344647
0.662
0.247873
0.662
0.662
0.662
0.35815
0.662
0.662
0.435864
0.427787
0.662
0.662
0.120033
0.377432
0.0728349
0.21613
0.314199
0.662
0.455414
0.662
0.662
0.662
0.662
0.662
0.178574
0.662
0.662
0.43482
0.315043
0.661598
0.0969789
0.662
0.239851
0.0360485
0.662
0.662
0.662
0.662
0.248014
0.0522629
0.662
0.0903709
0.662
0.0921976
0.662
0.42225
0.662
0.259313
0.114173
0.348018
0.43933
0.279484
0.662
0.281761
0.447012
0.149162
0.476275
0.662
0.0111966
0.662
0.662
0.231406
0.301738
0.662
0.591612
0.662
0.323674
0.0772863
0.421109
0.0269063
0.230783
0.43918
0.662
0.662
0.163855
0.662
0.662
0.662
0.453507
0.662
0.114554
0.662
0.662
0.662
0.0978557
0.210024
0.662
0.662
0.443536
0.662
0.662
0.134185
0.662
0.662
0.335783
0.506432
0.0908985
0.662
0.662
0.462324
0.662
0.662
0.537146
0.108321
0.662
0.403303
0.355116
0.662
0.662
0.662
0.240249
0.0572338
0.662
0.662
0.369687
0.662
0.662
0.0876434
0.662
0.662
0.166962
0.662
0.173229
0.662
0.0539079
0.662
0.662
0.662
0.16492
0.0161778
0.414296
0.324973
0.662
0.25814
0.0210124
0.536445
0.662
0.356625
0.215945
0.123499
0.154719
0.149262
0.194258
0.662
0.662
0.0566413
0.420932
0.226722
0.662
0.0824011
0.468352
0.067845
0.460446
0.263164
0.247939
0.662
0.662
0.28483
0.220089
0.304728
0.252653
0.662
0.662
0.373026
0.662
0.222082
0.662
0.662
0.662
0.255596
0.0762214
0.662
0.662
0.211439
0.388772
0.662
0.398628
0.662
0.0155581
0.281302
0.145881
0.4565
0.227125
0.662
0.176484
0.0546615
0.662
0.662
0.228291
0.0533071
0.662
0.121902
0.0983375
0.422747
0.662
0.662
0.662
0.662
0.662
0.662
0.662
0.0879516
0.0154113
0.00179065
0.0944749
0.662
0.318622
0.662
0.148236
0.282015
0.201547
0.0353193
0.412691
0.322294
0.342057
0.422782
0.39891
0.662
0.299437
0.662
0.662
0.662
0.662
0.662
0.662
0.27255
0.662
0.466071
0.321205
