0.662
0.424202
0.289313
0.662
0.016214
0.662
0.662
0.0371971
0.662
0.662
0.662
0.223488
0.662
0.662
0.662
0.228507
0.282421
0.544138
0.662
0.662
0.662
0.662
0.662
0.662
0.13894
0.662
0.140606
0.662
0.662
0.662
0.662
0.662
0.662
0.662
0.489896
0.662
0.662
0.0483402
0.41458
0.294923
0.662
0.0356909
0.439179
0.295178
0.662
0.662
0.541205
0.662
0.000810074
0.424003
0.300843
0.662
0.662
0.662
0.364672
0.662
0.130489
0.451931
0.467138
0.662
0.662
0.388773
0.662
0.662
0.270828
0.662
0.318607
0.662
0.0635553
0.662
0.218038
0.394044
0.472422
0.662
0.662
0.258616
0.662
0.549716
0.662
0.662
0.662
0.662
0.268722
0.662
0.662
0.612792
0.465887
0.662
0.39395
0.167499
0.662
0.662
0.0482063
0.662
0.662
0.0331262
0.662
0.0730578
0.662
0.662
0.233679
0.475714
0.662
0.662
0.324119
0.0246586
0.30698
0.234107
0.532615
0.662
0.662
0.662
0.21294
0.407125
0.662
0.662
0.042309
0.185369
0.662
0.662
0.662
0.363566
0.290885
0.171975
0.662
0.662
0.662
0.662
0.0271589
0.662
0.509862
0.110009
0.329172
0.351357
0.275194
0.159239
0.662
0.251416
0.10839
0.123327
0.662
0.662
0.662
0.662
0.421231
0.212897
0.662
0.662
0.662
0.662
0.662
0.662
0.662
0.179271
0.23154
0.662
0.662
0.304439
0.105386
0.662
0.662
0.662
0.505663
0.662
0.0595119
0.362367
0.662
0.0254466
0.538074
0.0433199
0.662
0.0449566
0.662
0.320458
0.662
0.193575
0.46035
0.482743
0.364198
0.413365
0.391725
0.662
0.662
0.315992
0.662
0.558538
0.662
0.322528
0.248409
0.331152
0.13825
0.662
0.662
0.0870879
0.662
0.662
0.662
0.150054
0.662
0.662
0.236239
0.662
0.662
0.662
0.418898
0.479608
0.133218
0.662
0.662
0.662
0.662
0.662
0.564107
0.204394
0.0231739
0.0916075
0.402167
0.662
0.662
0.662
0.662
0.299854
0.514415
0.391329
0.37266
0.0270865
0.662
0.0532531
0.359224
0.662
0.662
0.35313
0.114175
0.447762
0.486848
0.662
0.662
0.489071
0.662
0.662
0.292227
0.662
0.470498
0.662
0.00373474
0.662
0.0144948
0.662
0.662
0.662
0.662
0.101804
0.181375
0.121353
0.370401
0.168245
0.342905
0.662
0.113048
0.662
0.0790582
0.346268
0.662
0.662
0.0656824
0.662
0.662
0.383248
0.108818
0.271451
0.662
0.662
0.303286
0.234127
0.662
0.352016
0.662
0.274711
0.662
0.662
0.48417
0.11076
0.662
0.474855
0.125529
0.388409
0.662
0.662
0.4423
0.130046
0.662
0.0129111
0.254219
0.662
0.662
0.394886
0.662
0.662
0.414945
0.662
0.662
0.662
0.314914
0.464682
0.662
0.662
0.662
0.662
0.662
0.172033
0.662
0.388328
0.662
0.067544
0.392609
0.174679
0.423473
0.354511
0.365081
0.662
0.170943
0.662
0.420923
0.662
0.662
0.662
0.433928
0.662
0.367635
0.662
0.0492922
0.662
0.662
0.645549
0.272438
0.662
0.662
0.292382
0.662
0.662
0.662
0.623064
0.662
0.662
0.662
0.244
0.168993
0.662
0.394888
0.118703
0.662
0.662
0.662
0.333414
0.60073
0.662
0.662
0.461602
0.481443
0.265394
0.662
0.373402
0.3952
0.0566654
0.184469
0.368166
0.662
0.291151
0.662
0.662
0.0962071
0.662
0.215471
0.330437
0.662
0.662
0.662
0.00786352
0.662
0.628609
0.129122
0.662
0.57476
0.662
0.662
0.187002
0.198372
0.662
0.662
0.662
0.662
0.662
0.662
0.0169995
0.218378
0.662
0.500909
0.467083
0.0259538
0.662
0.662
0.662
0.095451
0.662
0.413081
0.662
0.662
0.662
0.662
0.662
0.102274
0.662
0.433053
0.143069
0.662
0.097388
0.662
0.662
0.246438
0.662
0.662
0.433188
0.662
0.662
0.448319
0.662
0.417678
0.662
0.662
0.219103
0.438762
0.662
0.662
0.662
0.43393
0.662
0.662
0.431384
0.662
0.662
0.662
0.409403
0.586234
0.37214
0.662
0.158232
0.279236
0.662
0.355409
0.21022
0.662
0.662
0.141009
0.0767902
0.195998
0.299698
0.435256
0.662
0.662
0.312686
0.662
0.662
0.484338
0.0429245
0.662
0.363506
0.0943568
0.280234
0.662
0.270932
0.662
0.662
0.662
0.662
0.662
0.0699946
0.662
0.662
0.647128
0.223445
0.662
0.662
0.662
0.185865
0.662
0.662
0.340446
0.662
0.0406287
0.119563
0.245403
0.109799
0.662
0.662
0.662
0.662
0.662
0.662
0.662
0.280423
0.321187
0.129055
0.423758
0.662
0.438457
0.378267
0.153213
0.662
0.662
0.303793
0.628287
0.662
0.662
0.411934
0.364662
0.179702
0.662
0.606826
0.476484
0.662
0.256927
0.486616
0.468915
0.662
0.133509
0.662
0.489139
0.662
0.34807
0.414742
0.662
0.662
0.296077
0.473819
0.662
0.325563
0.310101
0.375253
0.0137744
0.662
0.328088
0.0780993
0.662
0.017937
0.662
0.34412
0.554507
0.230765
0.349737
0.662
0.662
0.525161
0.208643
0.662
0.0127567
0.0746894
0.662
0.662
0.662
0.546739
0.367409
0.382148
0.662
0.41597
0.0746581
0.662
0.662
0.662
0.26503
0.0615794
0.23181
0.662
0.104229
0.440856
0.0716688
0.0950256
0.662
0.662
0.662
0.0555981
0.11851
0.662
0.662
0.390424
0.662
0.662
0.402765
0.362431
0.162086
0.228174
0.662
0.315386
0.662
0.120032
0.662
0.662
0.662
0.444723
0.288444
0.0350275
0.662
0.0380244
0.662
0.662
0.212706
0.448137
0.662
0.471913
0.662
0.146578
0.086806
0.449658
0.662
0.229486
0.662
0.443142
0.662
0.266667
0.590606
0.18784
0.419123
0.662
0.662
0.662
0.144498
0.345874
0.662
0.662
0.662
0.435724
0.662
0.441529
0.662
0.662
0.662
0.662
0.662
0.161405
0.662
0.662
0.662
0.408618
0.662
0.232878
0.42746
0.180887
0.0278772
0.662
0.0651226
0.662
0.303309
0.0834943
0.662
0.0318883
0.662
0.662
0.662
0.397884
0.225947
0.662
0.662
0.662
0.338511
0.52744
0.662
0.398663
0.662
0.662
0.662
0.662
0.199196
0.402471
0.662
0.186819
0.662
0.662
0.364015
0.662
0.1293
0.662
0.213216
0.0350707
0.388146
0.662
0.662
0.187445
0.662
0.342455
0.534337
0.662
0.500036
0.433331
0.662
0.662
0.662
0.662
0.136615
0.662
0.174024
0.378694
0.662
0.662
0.423025
0.662
0.662
0.385832
0.662
0.662
0.192735
0.662
0.0104566
0.662
0.662
0.662
0.212637
0.662
0.0157341
0.417878
0.324254
0.662
0.0168224
0.167857
0.662
0.312324
0.662
0.024201
0.662
0.0457662
0.142002
0.662
0.662
0.662
0.000884515
0.235318
0.662
0.218952
0.387603
0.662
0.662
0.567086
0.000988028
0.160724
0.662
0.662
0.662
0.662
0.460873
0.229861
0.123238
0.662
0.662
0.662
0.662
0.203158
0.662
0.16065
0.662
0.376799
0.499403
0.662
0.662
0.662
