0.129308
0.241023
0.662
0.308489
0.662
0.662
0.338556
0.662
0.662
0.0620924
0.662
0.662
0.338947
0.459829
0.598909
0.304692
0.337731
0.238405
0.662
0.225024
0.16058
0.187262
0.662
0.662
0.662
0.662
0.4204
0.662
0.662
0.662
0.662
0.662
0.662
0.318045
0.662
0.0109391
0.662
0.662
0.181263
0.419686
0.0769719
0.662
0.662
0.662
0.0188224
0.237119
0.0828057
0.239356
0.662
0.44028
0.662
0.662
0.662
0.304928
0.662
0.662
0.353257
0.231211
0.662
0.662
0.662
0.393946
0.33782
0.417475
0.22741
0.662
0.662
0.178653
0.662
0.662
0.327544
0.662
0.245277
0.662
0.160836
0.233042
0.662
0.0271618
0.662
0.534802
0.41793
0.662
0.219164
0.0822721
0.662
0.453489
0.397381
0.136996
0.662
0.662
0.352441
0.662
0.374764
0.662
0.347511
0.473637
0.662
0.662
0.368143
0.662
0.662
0.283531
0.159909
0.662
0.662
0.227392
0.060592
0.215181
0.662
0.662
0.662
0.662
0.265839
0.449883
0.662
0.662
0.662
0.123623
0.662
0.662
0.429171
0.158477
0.0310285
0.014596
0.662
0.662
0.662
0.476644
0.0916353
0.165605
0.215406
0.0363658
0.662
0.281965
0.368529
0.354604
0.20704
0.662
0.662
0.0865315
0.662
0.662
0.475585
0.662
0.662
0.662
0.662
0.662
0.662
0.248413
0.662
0.126656
0.662
0.591691
0.122569
0.63927
0.662
0.662
0.662
0.405864
0.0433918
0.065317
0.45052
0.0765815
0.112948
0.138441
0.662
0.662
0.662
0.662
0.1977
0.0640831
0.131989
0.488774
0.662
0.112822
0.662
0.662
0.346058
0.662
0.662
0.662
0.470163
0.243916
0.527672
0.335871
0.662
0.662
0.314893
0.31691
0.662
0.454862
0.163282
0.309706
0.408857
0.662
0.417214
0.051119
0.662
0.481021
0.398432
0.238601
0.451056
0.441554
0.662
0.57405
0.662
0.662
0.662
0.662
0.662
0.662
0.31085
0.662
0.303708
0.662
0.662
0.466211
0.18974
0.322957
0.460787
0.424658
0.391589
0.284592
0.299322
0.100161
0.340396
0.485933
0.662
0.662
0.662
0.662
0.168686
0.662
0.662
0.0452018
0.223336
0.662
0.0498784
0.662
0.662
0.33265
0.662
0.662
0.662
0.293414
0.414234
0.662
0.662
0.309864
0.662
0.266134
0.662
0.282392
0.662
0.662
0.662
0.662
0.34391
0.662
0.181206
0.00787886
0.515221
0.662
0.662
0.29102
0.662
0.662
0.172893
0.410354
0.662
0.662
0.0426696
0.662
0.459477
0.662
0.662
0.662
0.229093
0.662
0.662
0.662
0.662
0.662
0.662
0.662
0.142651
0.662
0.662
0.174336
0.456363
0.662
0.662
0.207729
0.662
0.662
0.448876
0.185243
0.0329397
0.395653
0.170881
0.662
0.662
0.662
0.63863
0.662
0.238907
0.662
0.662
0.662
0.184836
0.145058
0.629706
0.280652
0.35929
0.662
0.662
0.437993
0.662
0.662
0.262555
0.662
0.12119
0.0329965
0.275689
0.662
0.32803
0.533338
0.662
0.662
0.662
0.261797
0.244213
0.0512997
0.244717
0.274926
0.662
0.399141
0.434901
0.586649
0.146973
0.128718
0.662
0.662
0.662
0.662
0.629706
0.477491
0.311977
0.662
0.662
0.662
0.662
0.224222
0.109845
0.132239
0.181218
0.0718855
0.662
0.662
0.662
0.264008
0.306316
0.662
0.662
0.662
0.165957
0.662
0.475041
0.662
0.662
0.165185
0.456032
0.662
0.0936847
0.662
0.662
0.189614
0.412711
0.17432
0.164271
0.662
0.164
0.39027
0.662
0.662
0.387578
0.0595723
0.470389
0.134878
0.662
0.101869
0.662
0.307806
0.662
0.662
0.267486
0.662
0.662
0.662
0.369939
0.227377
0.368627
0.601211
0.316189
0.662
0.662
0.662
0.268264
0.662
0.662
0.465675
0.564045
0.662
0.233548
0.183554
0.388586
0.662
0.172196
0.662
0.125746
0.101913
0.103405
0.662
0.662
0.662
0.662
0.662
0.662
0.376856
0.483851
0.662
0.276301
0.662
0.460388
0.251764
0.141639
0.031119
0.662
0.256477
0.239033
0.2424
0.26699
0.0754691
0.662
0.662
0.662
0.0880949
0.144971
0.068731
0.662
0.226138
0.248544
0.662
0.349127
0.662
0.662
0.27134
0.662
0.291678
0.240967
0.662
0.463429
0.22756
0.662
0.442785
0.173877
0.339465
0.0559842
0.662
0.340519
0.272322
0.359229
0.662
0.662
0.662
0.195647
0.145706
0.142641
0.320258
0.662
0.198414
0.0519748
0.662
0.662
0.662
0.662
0.662
0.400891
0.662
0.428962
0.444863
0.165915
0.662
0.662
0.181707
0.490891
0.23762
0.662
0.301389
0.0594323
0.662
0.26574
0.662
0.662
0.662
0.662
0.0946243
0.662
0.662
0.662
0.270074
0.15364
0.662
0.662
0.662
0.662
0.379437
0.222025
0.389357
0.25402
0.450052
0.221696
0.198938
0.662
0.213078
0.662
0.662
0.662
0.662
0.662
0.411127
0.662
0.662
0.284157
0.662
0.662
0.662
0.662
0.430538
0.662
0.424367
0.662
0.662
0.662
0.662
0.662
0.0532457
0.662
0.347822
0.115709
0.0159273
0.325221
0.662
0.107149
0.662
0.662
0.442013
0.32753
0.662
0.283854
0.308948
0.662
0.662
0.260474
0.662
0.662
0.662
0.662
0.401313
0.171676
0.662
0.617587
0.662
0.662
0.447959
0.320157
0.662
0.662
0.662
0.195861
0.199341
0.210287
0.406361
0.662
0.606966
0.196573
0.662
0.251935
0.662
0.274001
0.361973
0.259731
0.265231
0.483961
0.39628
0.662
0.662
0.662
0.662
0.662
0.662
0.241474
0.662
0.662
0.406789
0.0763505
0.662
0.662
0.459382
0.662
0.185096
0.0772428
0.662
0.329676
0.23473
0.176089
0.662
0.662
0.662
0.176946
0.662
0.662
0.662
0.662
0.241518
0.662
0.23189
0.662
0.662
0.452168
0.275812
0.662
0.662
0.461816
0.126713
0.662
0.662
0.457614
0.662
0.465781
0.662
0.19383
0.662
0.662
0.628082
0.662
0.311072
0.662
0.662
0.0255136
0.662
0.0761536
0.221125
0.662
0.0108867
0.337258
0.662
0.662
0.662
0.662
0.662
0.158048
0.662
0.662
0.662
0.429082
0.0613747
0.662
0.13023
0.662
0.0202503
0.405937
0.662
0.662
0.300799
0.352358
0.662
0.662
0.662
0.223875
0.484408
0.662
0.282616
0.662
0.454937
0.662
0.576285
0.0512629
0.662
0.0856587
0.170275
0.431109
0.357494
0.662
0.506853
0.662
0.662
0.662
0.180411
0.662
0.662
0.40004
0.298234
0.00666613
0.662
0.31267
0.480601
0.1681
0.219269
0.481597
0.41852
0.384174
0.435554
0.0534641
0.662
0.662
0.662
0.294503
0.662
0.287525
0.662
0.374934
0.662
0.373012
0.360847
0.662
0.236672
0.662
0.481245
0.166831
0.184041
0.171448
0.662
0.662
0.0869079
0.662
0.662
0.662
0.662
0.189221
0.662
0.662
0.0841074
0.662
0.662
0.662
0.662
0.55918
0.0282533
0.662
0.662
0.662
0.662
0.662
0.22366
0.662
0.188455
0.662
0.219161
0.662
0.443015
0.158156
0.118274
0.240873
0.662
