0.0452856
0.0289759
0.236935
0.662
0.442683
0.41995
0.662
0.662
0.662
0.305991
0.662
0.402423
0.662
0.662
0.0431586
0.662
0.198711
0.662
0.662
0.407083
0.662
0.662
0.662
0.240104
0.155219
0.369479
0.662
0.662
0.0929829
0.473249
0.662
0.233871
0.350943
0.121021
0.662
0.662
0.662
0.662
0.0965608
0.662
0.224887
0.315942
0.662
0.662
0.662
0.313606
0.662
0.279735
0.662
0.335106
0.0462272
0.662
0.396768
0.662
0.662
0.662
0.402595
0.256598
0.662
0.662
0.662
0.662
0.0443761
0.662
0.36319
0.662
0.19965
0.439646
0.265659
0.425737
0.662
0.219318
0.09786
0.662
0.662
0.662
0.662
0.662
0.662
0.204959
0.0823235
0.662
0.306585
0.176977
0.662
0.345082
0.189918
0.100239
0.219973
0.00734661
0.662
0.662
0.269379
0.364341
0.288916
0.662
0.435784
0.46565
0.662
0.662
0.662
0.436015
0.350607
0.116906
0.662
0.662
0.0785609
0.124479
0.0844117
0.662
0.662
0.662
0.662
0.662
0.662
0.662
0.662
0.440001
0.19658
0.662
0.00836781
0.454862
0.662
0.662
0.662
0.0498445
0.167635
0.662
0.153301
0.245841
0.383977
0.662
0.162654
0.164126
0.491115
0.321997
0.26669
0.211219
0.662
0.662
0.662
0.0765543
0.0156213
0.662
0.662
0.662
0.662
0.662
0.662
0.662
0.662
0.662
0.662
0.662
0.662
0.380022
0.301319
0.424691
0.101787
0.117483
0.662
0.530826
0.662
0.134765
0.107817
0.436726
0.186938
0.662
0.662
0.662
0.144303
0.662
0.318094
0.662
0.406859
0.472817
0.662
0.0677841
0.171595
0.662
0.276402
0.0600955
0.385975
0.492086
0.409718
0.662
0.662
0.662
0.662
0.475067
0.662
0.429706
0.0638377
0.662
0.632245
0.662
0.662
0.317106
0.662
0.662
0.662
0.340621
0.662
0.0869844
0.0541115
0.662
0.235977
0.0209727
0.30875
0.662
0.662
0.662
0.190396
0.662
0.394306
0.662
0.0634952
0.662
0.662
0.662
0.0263742
0.361081
0.662
0.368072
0.662
0.32807
0.662
0.248412
0.662
0.662
0.392022
0.662
0.662
0.662
0.445367
0.283391
0.662
0.0468409
0.188967
0.0730677
0.662
0.662
0.662
0.662
0.662
0.0293286
0.382581
0.662
0.360539
0.662
0.662
0.228682
0.662
0.117985
0.467283
0.279938
0.128673
0.0359262
0.662
0.662
0.662
0.662
0.662
0.101913
0.662
0.662
0.330321
0.289772
0.220885
0.662
0.662
0.662
0.662
0.312486
0.429544
0.0945585
0.662
0.662
0.662
0.662
0.141457
0.191725
0.271089
0.123523
0.662
0.446014
0.0405082
0.662
0.662
0.662
0.662
0.429287
0.662
0.662
0.662
0.334576
0.322675
0.662
0.662
0.662
0.342772
0.662
0.270967
0.501585
0.459431
0.662
0.662
0.396141
0.662
0.662
0.662
0.662
0.662
0.662
0.202232
0.662
0.34283
0.662
0.094351
0.0513316
0.662
0.662
0.210398
0.445085
0.662
0.662
0.40123
0.662
0.662
0.662
0.261369
0.662
0.662
0.662
0.0366078
0.382773
0.0487399
0.662
0.662
0.224246
0.662
0.662
0.169803
0.662
0.662
0.662
0.662
0.662
0.447779
0.662
0.104551
0.662
0.406059
0.662
0.662
0.302792
0.49255
0.662
0.662
0.662
0.243707
0.662
0.0603029
0.292087
0.662
0.662
0.36849
0.662
0.662
0.192064
0.662
0.662
0.301743
0.299764
0.662
0.41126
0.199119
0.662
0.662
0.662
0.409926
0.662
0.662
0.662
0.662
0.662
0.662
0.0987461
0.662
0.0729799
0.00420246
0.267094
0.191543
0.625199
0.662
0.662
0.250239
0.662
0.662
0.35816
0.662
0.662
0.407958
0.662
0.662
0.429048
0.662
0.662
0.39019
0.662
0.307164
0.190726
0.3205
0.662
0.309484
0.662
0.593335
0.292564
0.662
0.662
0.662
0.662
0.152742
0.459977
0.662
0.662
0.662
0.662
0.662
0.662
0.495289
0.464905
0.302272
0.58947
0.662
0.372067
0.435671
0.480894
0.46973
0.341197
0.662
0.662
0.121089
0.662
0.662
0.662
0.662
0.662
0.662
0.662
0.662
0.0163263
0.336267
0.225284
0.662
0.475371
0.36061
0.662
0.479468
0.662
0.662
0.104821
0.241107
0.662
0.296081
0.662
0.662
0.662
0.40454
0.662
0.229055
0.282577
0.286582
0.662
0.662
0.292347
0.662
0.662
0.662
0.662
0.662
0.662
0.0200933
0.662
0.424238
0.662
0.662
0.352646
0.219722
0.157034
0.41726
0.63154
0.662
0.662
0.662
0.425509
0.629763
0.522743
0.0698461
0.288021
0.364962
0.662
0.662
0.662
0.662
0.662
0.442003
0.662
0.662
0.115125
0.662
0.662
0.303961
0.0264777
0.662
0.662
0.145885
0.0759691
0.270981
0.662
0.452688
0.662
0.136265
0.43315
0.00452295
0.0261711
0.662
0.286939
0.662
0.401918
0.13881
0.379145
0.414582
0.544146
0.128029
0.383702
0.662
0.662
0.662
0.662
0.242353
0.139715
0.368456
0.662
0.662
0.662
0.017838
0.31148
0.662
0.662
0.211461
0.662
0.662
0.464154
0.408112
0.130744
0.00853174
0.662
0.662
0.662
0.320461
0.662
0.0267095
0.662
0.662
0.0689374
0.352915
0.662
0.399673
0.431686
0.515107
0.461524
0.662
0.662
0.220548
0.662
0.214216
0.108037
0.662
0.187959
0.662
0.279888
0.662
0.662
0.662
0.662
0.662
0.40942
0.586754
0.662
0.16992
0.662
0.662
0.305221
0.662
0.155735
0.662
0.450172
0.373912
0.662
0.0747322
0.662
0.385041
0.662
0.662
0.376974
0.455007
0.0587569
0.00222938
0.662
0.0765584
0.662
0.581176
0.662
0.662
0.0398928
0.662
0.662
0.662
0.307792
0.45044
0.411924
0.662
0.184977
0.662
0.247501
0.662
0.662
0.662
0.238809
0.491396
0.394483
0.259071
0.0569301
0.662
0.662
0.395953
0.662
0.662
0.0894372
0.339491
0.229211
0.16537
0.19435
0.662
0.662
0.662
0.662
0.0799502
0.431577
0.375033
0.662
0.662
0.31565
0.609481
0.348295
0.662
0.216765
0.662
0.662
0.662
0.662
0.115323
0.662
0.662
0.662
0.662
0.536675
0.452922
0.662
0.662
0.662
0.662
0.0757167
0.662
0.289712
0.662
0.662
0.291338
0.662
0.662
0.306758
0.283096
0.662
0.662
0.662
0.662
0.662
0.117052
0.0918159
0.662
0.662
0.0980794
0.637288
0.107974
0.351329
0.662
0.0679583
0.662
0.662
0.408908
0.481685
0.340945
0.662
0.662
0.662
0.472317
0.662
0.662
0.182402
0.662
0.0196894
0.452944
0.662
0.245179
0.662
0.662
0.662
0.186795
0.0615666
0.538664
0.300233
0.27478
0.662
0.468476
0.662
0.346558
0.662
0.157871
0.0851851
0.662
0.300262
0.179448
0.662
0.662
0.662
0.662
0.662
0.662
0.268842
0.662
0.0371875
0.396693
0.211106
0.374197
0.662
0.184994
0.662
0.150994
0.224442
0.662
0.274543
0.662
0.662
0.207178
0.662
0.120764
0.461972
0.662
0.43154
0.662
0.442584
0.130056
0.662
0.662
0.662
0.122281
0.508035
0.124496
0.442953
0.662
0.662
0.0353481
0.662
0.662
0.662
0.662
0.662
0.662
0.409536
0.662
0.0913812
0.662
0.0392652
0.662
0.662
0.0204584
0.419775
0.662
0.211279
0.662
0.257523
0.318104
0.450826
0.662
0.447162
0.662
0.662
0.662
0.662
0.0726272
0.662
0.545784
0.662
0.407176
0.462378
0.662
0.662
0.0434927
0.64182
0.662
0.662
0.662
0.662
0.662
0.0998865
0.341809
0.662
0.505478
0.264329
0.662
0.08834
0.662
0.567095
0.0113776
0.662
0.526659
0.448054
0.662
0.662
0.354356
0.662
0.662
0.156669
0.315769
0.662
0.349529
0.662
0.662
0.662
0.413393
0.662
0.662
0.662
0.662
0.662
0.662
0.662
0.125535
0.539101
0.662
0.662
0.0826286
0.531917
0.662
0.662
0.469049
0.662
0.292713
0.358245
0.198043
0.662
0.536883
0.662
0.662
0.662
0.662
0.662
0.344498
0.662
0.662
0.662
0.00426477
0.662
0.0887285
0.355163
0.662
0.220965
0.361705
0.275771
0.294907
0.662
0.662
0.662
0.662
0.662
0.406254
0.381422
0.524679
0.662
0.662
0.360785
0.00459007
0.153406
0.662
0.190985
0.662
0.662
0.662
0.193422
0.399173
0.662
0.217015
0.320693
0.0340082
0.662
0.233443
0.662
0.0784145
0.138025
0.274072
0.243845
0.662
0.180184
0.662
0.662
0.428864
0.421293
0.458521
0.207624
0.662
0.662
0.36663
0.662
0.476942
0.400448
0.662
0.24156
0.360846
0.662
0.199818
0.662
0.13516
0.662
0.597578
0.662
0.662
0.626766
0.155803
0.662
0.662
0.527174
0.662
0.662
0.617556
0.662
0.662
0.662
0.225237
0.662
0.662
0.662
0.450718
0.662
0.421378
0.662
0.662
0.662
0.662
0.405867
0.662
0.199707
0.662
0.662
0.662
0.468763
0.662
0.662
0.662
0.482497
0.662
0.342144
0.246383
0.662
0.0858789
0.662
0.662
0.662
0.662
0.662
0.578097
0.662
0.160388
0.30402
0.204135
0.662
0.407983
0.384277
0.45272
0.662
0.24859
0.43102
0.662
0.662
0.662
0.6085
0.662
0.662
0.426056
0.662
0.662
0.187309
0.187265
0.065674
0.662
0.662
0.147289
0.0853962
0.490699
0.662
0.516531
0.459787
0.184281
0.662
0.662
0.156408
0.662
0.148133
0.447326
0.0885265
0.662
0.662
0.662
0.239047
0.662
0.662
0.304948
0.561068
0.295148
0.662
0.275826
0.662
0.662
0.207166
0.662
0.662
0.662
0.662
0.191896
0.662
0.0593262
0.662
0.455187
0.662
0.138101
0.662
0.588343
0.662
0.662
0.23052
0.351825
0.312075
0.662
0.662
0.662
0.662
0.662
0.273326
0.662
0.341295
0.445985
0.131714
0.662
0.662
0.662
0.315258
0.157123
0.662
0.662
0.662
0.662
0.662
0.662
0.235884
0.662
0.662
0.662
0.662
0.211267
0.355053
0.662
0.104555
0.251532
0.662
0.662
0.444404
0.359951
0.213836
0.662
0.209735
0.465549
0.662
0.187961
0.662
0.662
0.351135
0.662
0.662
0.662
0.418762
0.540771
0.662
0.222219
0.662
0.662
0.146341
0.662
0.469045
0.288031
0.662
0.352662
0.223245
0.198442
0.662
0.662
0.662
0.662
0.0432091
0.340719
0.662
0.194872
0.05663
0.662
0.662
0.0720647
0.662
0.662
0.127449
0.662
0.662
0.445085
0.470985
0.662
0.651358
0.0150526
0.00982919
0.119226
0.662
0.662
0.662
0.662
0.662
0.438321
0.477599
0.662
0.662
0.238159
0.594125
0.184187
0.662
0.418274
0.662
0.662
0.366579
0.0398443
0.302284
0.190553
0.0931761
0.207226
0.662
0.662
0.662
0.662
0.662
0.662
0.390143
0.285397
0.662
0.662
0.662
0.258714
0.479429
0.0207648
0.0843414
0.44241
0.171419
0.662
0.662
0.662
0.173198
0.662
0.662
0.287331
0.06241
0.662
0.662
0.349049
0.317309
0.547175
0.422208
0.662
0.333246
0.662
0.662
0.662
0.530874
0.662
0.662
0.261698
0.662
0.662
0.662
0.662
0.662
0.0217929
0.662
0.107142
0.662
0.188431
0.191676
0.662
0.662
0.662
0.530315
0.662
0.662
0.028588
0.662
0.538284
0.0697858
0.662
