0.662
0.662
0.662
0.392384
0.19183
0.662
0.662
0.347201
0.662
0.129139
0.662
0.662
0.405577
0.662
0.543274
0.662
0.220979
0.662
0.375452
0.662
0.24384
0.0424013
0.468882
0.662
0.662
0.662
0.358161
0.662
0.662
0.662
0.34798
0.662
0.662
0.662
0.662
0.15452
0.662
0.46044
0.253534
0.662
0.287107
0.662
0.363993
0.479193
0.177065
0.662
0.662
0.662
0.662
0.662
0.662
0.662
0.242818
0.345838
0.662
0.606314
0.19659
0.21036
0.662
0.662
0.662
0.455587
0.169036
0.662
0.662
0.484311
0.199045
0.662
0.662
0.662
0.662
0.184942
0.236865
0.662
0.662
0.662
0.662
0.303267
0.386613
0.662
0.662
0.662
0.662
0.0817884
0.0210544
0.307811
0.662
0.357842
0.277009
0.00709133
0.483823
0.662
0.662
0.662
0.334193
0.662
0.662
0.662
0.0469345
0.662
0.662
0.2827
0.282087
0.662
0.646968
0.662
0.662
0.189023
0.409812
0.225786
0.662
0.590651
0.207075
0.662
0.0506118
0.662
0.662
0.662
0.52944
0.662
0.283833
0.662
0.299324
0.662
0.122914
0.662
0.662
0.316892
0.25705
0.662
0.662
0.662
0.662
0.662
0.662
0.335954
0.662
0.635486
0.662
0.225394
0.662
0.662
0.41706
0.662
0.334362
0.662
0.0738781
0.662
0.662
0.419373
0.662
0.0192122
0.662
0.310866
0.662
0.662
0.662
0.355262
0.662
0.662
0.206797
0.240242
0.662
0.662
0.05766
0.662
0.160061
0.379279
0.464614
0.662
0.662
0.662
0.662
0.163223
0.662
0.662
0.662
0.100294
0.662
0.162984
0.662
0.164978
0.662
0.467202
0.456709
0.662
0.662
0.662
0.494187
0.662
0.662
0.185494
0.662
0.428141
0.372127
0.137252
0.662
0.326861
0.245791
0.094181
0.297602
0.662
0.0670337
0.662
0.195169
0.662
0.198325
0.662
0.662
0.349482
0.114189
0.534859
0.318256
0.662
0.563812
0.662
0.662
0.2187
0.400134
0.662
0.662
0.662
0.419563
0.662
0.662
0.662
0.662
0.662
0.662
0.662
0.662
0.422608
0.662
0.41004
0.662
0.165811
0.662
0.662
0.245896
0.662
0.662
0.152485
0.662
0.662
0.662
0.413305
0.209289
0.662
0.662
0.662
0.205906
0.442914
0.662
0.662
0.129261
0.662
0.662
0.130481
0.0184174
0.31106
0.662
0.662
0.662
0.662
0.662
0.212439
0.389123
0.662
0.605529
0.322877
0.662
0.662
0.662
0.531743
0.662
0.662
0.662
0.662
0.662
0.474368
0.662
0.662
0.662
0.215169
0.0312272
0.662
0.306955
0.662
0.662
0.278801
0.662
0.0418887
0.662
0.477914
0.662
0.192555
0.662
0.484754
0.447308
0.227681
0.662
0.662
0.662
0.469745
0.662
0.633391
0.662
0.379943
0.172743
0.662
0.662
0.662
0.132776
0.662
0.296678
0.38454
0.113812
0.662
0.518114
0.662
0.662
0.387214
0.140651
0.529602
0.662
0.662
0.101681
0.662
0.662
0.662
0.662
0.638302
0.143408
0.662
0.299755
0.662
0.399795
0.662
0.424143
0.662
0.662
0.662
0.460882
0.13991
0.662
0.662
0.250518
0.662
0.662
0.417757
0.109951
0.0421049
0.401551
0.114389
0.662
0.662
0.438876
0.662
0.662
0.662
0.662
0.662
0.662
0.662
0.358582
0.662
0.662
0.105184
0.570318
0.376903
0.662
0.0574095
0.158587
0.662
0.256846
0.662
0.445204
0.662
0.113249
0.189876
0.380861
0.276594
0.662
0.395248
0.331076
0.662
0.0967373
0.231972
0.662
0.269199
0.0874117
0.452119
0.662
0.662
0.101714
0.020564
0.662
0.662
0.662
0.662
0.594287
0.662
0.519086
0.341296
0.236792
0.662
0.62897
0.662
0.442909
0.662
0.662
0.2227
0.662
0.662
0.323267
0.662
0.240857
0.662
0.369128
0.505114
0.662
0.662
0.662
0.316718
0.366261
0.438864
0.662
0.662
0.525517
0.662
0.137407
0.44641
0.662
0.662
0.160861
0.40474
0.317953
0.0499303
0.474444
0.662
0.0599567
0.662
0.419687
0.305674
0.408114
0.104618
0.662
0.662
0.662
0.418585
0.662
0.662
0.0527526
0.662
0.662
0.295791
0.362464
0.234222
0.336865
0.0955726
0.662
0.662
0.662
0.662
0.474664
0.446508
0.110583
0.0353879
0.662
0.148945
0.346726
0.299104
0.215419
0.285815
0.662
0.662
0.662
0.662
0.289503
0.407544
0.0195191
0.330221
0.335824
0.662
0.123135
0.318277
0.119126
0.662
0.662
0.144331
0.427169
0.146664
0.405867
0.21934
0.118356
0.175835
0.662
0.662
0.231646
0.256769
0.169303
0.0937183
0.213528
0.662
0.491701
0.662
0.269947
0.277051
0.662
0.662
0.662
0.302986
0.662
0.44414
0.482667
0.662
0.662
0.304381
0.416664
0.425294
0.331656
0.662
0.206706
0.0739955
0.350982
0.662
0.0549851
0.288529
0.662
0.0766025
0.29762
0.249424
0.662
0.394972
0.485142
0.662
0.238805
0.662
0.285349
0.662
0.662
0.330198
0.662
0.182294
0.662
0.23049
0.476393
0.334027
0.185039
0.514283
0.662
0.662
0.34162
0.662
0.662
0.290442
0.662
0.662
0.662
0.222534
0.135909
0.191925
0.662
0.0263792
0.662
0.662
0.35526
0.662
0.662
0.441805
0.662
0.662
0.662
0.152487
0.0123357
0.330604
0.662
0.662
0.662
0.47101
0.662
0.662
0.335307
0.074591
0.662
0.0429758
0.313325
0.662
0.662
0.302748
0.662
0.265231
0.662
0.662
0.479137
0.0744172
0.662
0.475706
0.662
0.662
0.0833069
0.512943
0.662
0.662
0.2839
0.159439
0.662
0.350701
0.00389934
0.662
0.662
0.153201
0.0694382
0.662
0.451395
0.662
0.662
0.318977
0.662
0.182794
0.182628
0.271607
0.18913
0.137934
0.181602
0.662
0.662
0.662
0.239871
0.662
0.662
0.192878
0.662
0.304887
0.125382
0.662
0.22713
0.185947
0.662
0.438346
0.355526
0.567145
0.662
0.662
0.586258
0.295333
0.422076
0.225796
0.274555
0.453821
0.662
0.662
0.219021
0.0516705
0.510055
0.662
0.196015
0.559669
0.662
0.662
0.662
0.662
0.662
0.662
0.324221
0.231373
0.645544
0.662
0.051796
0.662
0.662
0.121624
0.662
0.662
0.0554022
0.662
0.0692034
0.352857
0.662
0.662
0.15443
0.662
0.662
0.662
0.662
0.662
0.662
0.662
0.0224344
0.662
0.470015
0.662
0.153303
0.050492
0.225713
0.0242407
0.28968
0.662
0.605675
0.662
0.662
0.662
0.460413
0.662
0.662
0.449282
0.662
0.662
0.384128
0.109899
0.448129
0.388567
0.662
0.456433
0.0703338
0.0567493
0.662
0.384378
0.662
0.302082
0.442482
0.477394
0.414015
0.0406137
0.388859
0.189926
0.239878
0.442815
0.222354
0.0748201
0.662
0.662
0.662
0.662
0.390383
0.544124
0.662
0.0265797
0.662
0.458771
0.33014
0.294098
0.543066
0.662
0.662
0.0739054
0.662
0.206996
0.349554
0.0736273
0.662
0.617533
0.336767
0.244386
0.662
0.304415
0.662
0.662
0.662
0.662
0.662
0.662
0.216565
0.451892
0.0248167
0.662
0.369821
0.480889
0.662
0.662
0.662
0.662
0.662
0.231374
0.305438
0.662
0.213868
0.381444
0.662
0.0938699
0.033713
0.662
0.662
0.3399
0.132496
0.0712712
0.662
0.662
0.439811
0.662
0.662
0.662
0.662
0.662
0.397679
0.211651
0.662
0.209673
0.437426
0.662
0.366589
0.529982
0.303204
0.662
0.662
0.662
0.0964774
0.662
0.633694
0.247952
0.292597
0.662
0.415971
0.301496
0.662
0.447549
0.0792283
0.382156
0.412696
0.314976
0.137563
0.571702
0.260748
0.334137
0.662
0.345609
0.571719
0.393871
0.662
0.305119
0.662
0.662
0.662
0.662
0.355197
0.662
0.0628679
0.462505
0.662
0.26743
0.662
0.662
0.156625
0.0186024
0.662
0.251886
0.662
0.662
0.542959
0.662
0.662
0.491785
0.662
0.213148
0.145363
0.662
0.435388
0.662
0.662
0.662
0.368421
0.471161
0.140624
0.662
0.355382
0.443431
0.614306
0.439051
0.662
0.662
0.662
0.400866
0.662
0.662
0.662
0.662
0.662
0.33872
0.662
0.483839
0.268647
0.377816
0.662
0.5948
0.662
0.206458
0.662
0.662
0.662
0.102641
0.206193
0.382253
0.662
0.662
0.662
0.662
0.456282
0.20268
0.138424
0.662
0.662
0.0114179
0.458004
0.662
0.337328
0.662
0.58853
0.352883
0.0283616
0.662
0.184687
0.662
0.143606
0.505411
0.662
0.662
0.662
0.543467
0.511918
0.662
0.573288
0.662
0.662
0.453535
0.662
0.662
0.325822
0.662
0.284493
0.271848
0.190112
0.662
0.662
0.662
0.468508
0.0791505
0.662
0.662
0.211054
0.662
0.662
0.00625822
0.662
0.662
0.662
0.662
0.293038
0.662
0.374832
0.662
0.662
0.453911
0.479285
0.662
0.662
0.662
0.662
0.662
0.662
0.36549
0.662
0.662
0.203811
0.194988
0.368445
0.294537
0.21481
0.662
0.662
0.662
0.0760254
0.391186
0.472984
0.248763
0.662
0.0239595
0.488963
0.662
0.423323
0.529058
0.2926
0.028306
0.401047
0.662
0.662
0.662
0.662
0.662
0.662
0.422533
0.235263
0.160625
0.662
0.662
0.662
0.435954
0.662
0.440571
0.464727
0.307075
0.662
0.398225
0.224569
0.662
0.662
0.0984412
0.662
0.324483
0.257238
0.662
0.662
0.440475
0.192053
0.662
0.0664662
0.662
0.473902
0.662
0.259281
0.139233
0.662
0.662
0.662
0.21356
0.662
0.345527
0.17232
0.662
0.14847
0.0804636
0.154745
0.268111
0.282745
0.662
0.662
0.109532
0.662
0.244122
0.165612
0.662
0.311399
0.232646
0.662
0.0713684
0.230723
0.412795
0.203416
0.433055
0.442071
0.0294106
0.368705
0.662
0.662
0.662
0.137693
0.662
0.385681
0.662
0.662
0.662
0.205001
0.662
0.280352
0.662
0.402446
0.181212
0.373689
0.662
0.662
0.662
0.662
0.662
0.294345
0.33758
0.662
0.662
0.209024
0.462074
0.662
0.662
0.287377
0.662
0.662
0.662
0.662
0.173967
0.0232105
0.00133134
0.662
0.662
0.662
0.662
0.438658
0.662
0.662
0.662
0.662
0.279986
0.662
0.662
0.580179
0.199433
0.662
0.334844
0.662
0.662
0.662
0.100077
0.662
0.233274
0.662
0.662
0.662
0.24966
0.662
0.662
0.662
0.662
0.662
0.662
0.662
0.167825
0.662
0.662
0.662
0.662
0.662
0.444874
0.126033
0.662
0.0673923
0.662
0.662
0.662
0.662
0.662
0.662
0.662
0.182653
0.356685
0.662
0.662
0.662
0.662
0.150692
0.662
0.43107
0.413995
0.662
0.454687
0.662
0.205772
0.00121954
0.0327477
0.152867
0.662
0.662
0.261527
0.662
0.244128
0.662
0.612161
0.347035
0.33214
0.431868
0.662
0.335829
0.05968
0.662
0.662
0.29185
0.0654274
0.662
0.00645272
0.385278
0.662
0.475581
0.482324
0.340852
0.230596
0.662
0.662
0.100626
0.662
0.662
0.136493
0.662
0.662
0.662
0.662
0.472655
0.470987
0.386672
0.263653
0.254503
0.662
0.662
0.662
0.662
0.662
0.662
0.322723
0.413666
