0.0104158
0.662
0.662
0.662
0.662
0.662
0.160998
0.662
0.354622
0.662
0.378267
0.0651226
0.662
0.3284
0.662
0.662
0.359575
0.349723
0.662
0.662
0.662
0.662
0.15005
0.172929
0.25877
0.388409
0.662
0.662
0.662
0.134539
0.662
0.420923
0.662
0.662
0.662
0.662
0.362367
0.662
0.452724
0.662
0.662
0.358969
0.662
0.662
0.322219
0.662
0.662
0.662
0.662
0.662
0.366468
0.187105
0.662
0.467083
0.0433199
0.00786352
0.351158
0.662
0.448419
0.662
0.662
0.0870879
0.662
0.662
0.421348
0.662
0.662
0.0199183
0.0286938
0.632976
0.662
0.346268
0.281415
0.447762
0.662
0.662
0.662
0.662
0.662
0.662
0.662
0.147105
0.662
0.338248
0.662
0.292382
0.662
0.662
0.662
0.662
0.12647
0.662
0.662
0.662
0.662
0.662
0.34807
0.467935
0.662
0.0671318
0.662
0.662
0.662
0.017937
0.114509
0.271454
0.662
0.316059
0.193864
0.662
0.0254466
0.00573222
0.662
0.554507
0.662
0.257826
0.662
0.45216
0.662
0.0846792
0.662
0.117659
0.662
0.662
0.461602
0.662
0.517702
0.0925644
0.0400479
0.267891
0.386291
0.662
0.662
0.18004
0.662
0.662
0.181375
0.662
0.662
0.662
0.662
0.662
0.662
0.662
0.319146
0.0716688
0.129664
0.251655
0.33896
0.662
0.662
0.206966
0.662
0.662
0.662
0.662
0.34412
0.662
0.606826
0.200393
0.249887
0.0834943
0.662
0.662
0.662
0.0916075
0.662
0.17624
0.120408
0.662
0.082834
0.662
0.662
0.662
0.662
0.256838
0.662
0.400544
0.662
0.662
0.662
0.662
0.662
0.417678
0.662
0.300843
0.253101
0.0418759
0.274061
0.662
0.662
0.625708
0.00518102
0.234127
0.662
0.662
0.13905
0.662
0.373402
0.662
0.628287
0.263051
0.407125
0.097388
0.257196
0.662
0.624787
0.662
0.482743
0.662
0.464682
0.662
0.299854
0.411114
0.662
0.0510032
0.662
0.662
0.662
0.662
0.662
0.662
0.213061
0.333287
0.662
0.662
0.662
0.0482063
0.662
0.662
0.662
0.440856
0.662
0.424202
0.280234
0.536851
0.209225
0.265394
0.369839
0.413365
0.662
0.220163
0.662
0.662
0.385355
0.377089
0.388328
0.662
0.662
0.662
0.0350275
0.415915
0.50546
0.086806
0.662
0.3425
0.404691
0.662
0.0429245
0.662
0.662
0.662
0.662
0.662
0.662
0.463811
0.662
0.476897
0.203158
0.662
0.662
0.169145
0.398663
0.18784
0.662
0.532615
0.0191531
0.184469
0.486914
0.244
0.662
0.295353
0.303286
0.662
0.662
0.662
0.662
0.473819
0.662
0.662
0.218038
0.662
0.662
0.37318
0.546293
0.662
0.178129
0.662
0.024201
0.662
0.662
0.662
0.280072
0.382896
0.662
0.662
0.662
0.662
0.362927
0.662
0.662
0.662
0.662
0.662
0.662
0.662
0.662
0.662
0.662
0.662
0.186183
0.464701
0.662
0.662
0.340446
0.662
0.662
0.191558
0.476983
0.662
0.662
0.662
0.383059
0.662
0.128285
0.662
0.430529
0.48417
0.662
0.26536
0.0746894
0.662
0.662
0.662
0.00485415
0.662
0.662
0.106545
0.662
0.0449566
0.662
0.19161
0.428593
0.662
0.662
0.662
0.662
0.662
0.662
0.208643
0.549716
0.0711471
0.337897
0.662
0.311498
0.662
0.456092
0.662
0.0372738
0.662
0.307931
0.662
0.16065
0.662
0.415562
0.662
0.368166
0.662
0.451931
0.561755
0.0970587
0.186819
0.0656824
0.032977
0.662
0.662
0.662
0.662
0.225947
0.662
0.254219
0.0278772
0.475714
0.238257
0.119563
0.441529
0.662
0.662
0.505422
0.662
0.662
0.449658
0.204451
0.662
0.662
0.296077
0.662
0.662
0.662
0.414331
0.662
0.0522834
0.000884515
0.544138
0.329048
0.662
0.662
0.662
0.647128
0.662
0.130046
0.662
0.662
0.662
0.662
0.230211
0.662
0.0174943
0.662
0.662
0.662
0.0343452
0.180887
0.662
0.612792
0.662
0.662
0.423766
0.662
0.26091
0.229861
0.662
0.0868299
0.662
0.662
0.275986
0.303793
0.172033
0.457696
0.192122
0.662
0.0406539
0.000988028
0.0158624
0.0307881
0.662
0.0668144
0.662
0.662
0.218161
0.420867
0.289313
0.662
0.0615794
0.396335
0.253408
0.662
0.332872
0.0874464
0.0251677
0.662
0.662
0.355592
0.00441827
0.662
0.662
0.500036
0.299007
0.361366
0.0694455
0.662
0.662
0.662
0.114175
0.662
0.342146
0.662
0.460588
0.266667
0.662
0.313286
0.26721
0.662
0.662
0.107399
0.157397
0.376799
0.296205
0.662
0.662
0.662
0.662
0.662
0.662
0.397559
0.414945
0.662
0.572996
0.308458
0.662
0.662
0.662
0.662
0.662
0.662
0.662
0.387603
0.500909
0.662
0.0318883
0.662
0.662
0.662
0.361594
0.0677644
0.264064
0.0186045
0.000686222
0.662
0.662
0.662
0.662
0.662
0.483133
0.662
0.447834
0.662
0.662
0.146578
0.362301
0.534337
0.472999
0.662
0.662
0.662
0.662
0.662
0.662
0.53609
0.662
0.662
0.338511
0.662
0.495
0.445935
0.567086
0.662
0.185865
0.662
0.0380672
0.662
0.662
0.00647047
0.662
0.662
0.189573
0.662
0.227582
0.662
0.435256
0.0566654
0.197411
0.662
0.662
0.482612
0.662
0.662
0.0157341
0.662
0.349737
0.312324
0.662
0.46035
0.35313
0.662
0.486848
0.168596
0.212897
0.662
0.662
0.333941
0.662
0.662
0.662
0.341927
0.0270865
0.662
0.462338
0.662
0.354219
0.662
0.662
0.662
0.117385
0.294923
0.662
0.645549
0.30698
0.303969
0.472422
0.468915
0.662
0.456695
0.433928
0.468348
0.196538
0.662
0.0161365
0.662
0.489819
0.0164424
0.662
0.273705
0.395736
0.662
0.662
0.662
0.0677799
0.662
0.419109
0.272438
0.42067
0.662
0.662
0.437558
0.662
0.115579
0.662
0.465887
0.662
0.662
0.662
0.662
0.405249
0.662
0.662
0.662
0.662
0.1853
0.662
0.128627
0.198362
0.662
0.662
0.662
0.662
0.662
0.662
0.662
0.662
0.340442
0.381545
0.053557
0.662
0.662
0.662
0.0259538
0.12239
0.60073
0.0997291
0.662
0.662
0.452279
0.192176
0.662
0.662
0.13371
0.130489
0.0705622
0.363789
0.662
0.457579
0.662
0.530791
0.313886
0.476484
0.0450535
0.364015
0.662
0.662
0.455279
0.367063
0.00699215
0.662
0.106334
0.448137
0.258593
0.662
0.662
0.42746
0.662
0.662
0.662
0.662
0.662
0.4559
0.449203
0.305279
0.662
0.122322
0.662
0.662
0.662
0.662
0.662
0.437045
0.662
0.223037
0.229486
0.662
0.402471
0.247957
0.438762
0.162082
0.662
0.486616
0.382148
0.0290243
0.011053
0.268722
0.295297
0.662
0.467138
0.184529
0.662
0.662
0.0165486
0.662
0.662
0.264355
0.662
0.662
0.38734
0.662
0.662
0.0988453
0.662
0.43393
0.662
0.292227
0.194946
0.662
0.662
0.185428
0.489139
0.662
0.662
0.388773
0.248409
0.439696
0.352746
0.489896
0.0867701
0.662
0.662
0.199196
0.207889
0.662
0.662
0.466201
0.662
0.662
0.299698
0.662
0.258616
0.259125
0.662
0.342905
0.662
0.0356909
0.0206776
0.662
0.259526
0.241929
0.662
0.662
0.514415
0.361161
0.662
0.662
0.662
0.662
0.308211
0.578833
0.235318
0.662
0.0882454
0.442014
0.662
0.0833179
0.662
0.0191272
0.0934539
0.662
0.662
0.662
0.00952693
0.662
0.662
0.248125
0.31263
0.271877
