0.662
0.662
0.062072
0.112757
0.662
0.336014
0.0445496
0.662
0.0481724
0.662
0.662
0.271451
0.662
0.662
0.662
0.662
0.0752946
0.662
0.662
0.662
0.290206
0.0656824
0.662
0.0217281
0.662
0.662
0.362431
0.168993
0.117715
0.315118
0.424884
0.440856
0.662
0.364672
0.113048
0.10839
0.662
0.633694
0.322528
0.370401
0.662
0.391143
0.492462
0.662
0.0504817
0.662
0.662
0.662
0.420923
0.662
0.662
0.662
0.662
0.338602
0.362927
0.477724
0.662
0.280812
0.303286
0.328088
0.321164
0.212897
0.433331
0.662
0.662
0.230765
0.375372
0.356184
0.185044
0.662
0.0457662
0.662
0.208643
0.0356909
0.662
0.196272
0.370226
0.662
0.172033
0.662
0.662
0.662
0.548969
0.242666
0.662
0.340446
0.00348371
0.430623
0.662
0.218229
0.417584
0.662
0.662
0.662
0.29079
0.662
0.662
0.662
0.142002
0.662
0.099639
0.662
0.608655
0.662
0.424202
0.37266
0.662
0.662
0.623064
0.662
0.391725
0.0767902
0.662
0.662
0.0971702
0.0875457
0.662
0.337636
0.407125
0.412884
0.411934
0.586234
0.0492922
0.244
0.662
0.662
0.239022
0.662
0.662
0.662
0.662
0.662
0.190471
0.100105
0.662
0.662
0.0213185
0.662
0.366586
0.426642
0.662
0.204394
0.662
0.398663
0.363069
0.662
0.165035
0.464682
0.662
0.662
0.402471
0.486616
0.662
0.662
0.662
0.0270865
0.662
0.662
0.432046
0.171975
0.484338
0.136615
0.662
0.48248
0.662
0.311493
0.53554
0.0350275
0.662
0.381468
0.525161
0.662
0.153213
0.305266
0.662
0.662
0.46035
0.0532531
0.324119
0.392609
0.405284
0.662
0.662
0.662
0.573693
0.662
0.320528
0.349737
0.662
0.662
0.662
0.662
0.172933
0.237747
0.662
0.0950256
0.662
0.310101
0.662
0.205744
0.143069
0.11851
0.567086
0.662
0.662
0.48417
0.24273
0.382148
0.0977988
0.489896
0.63339
0.388146
0.662
0.662
0.662
0.662
0.415284
0.486848
0.203158
0.662
0.662
0.662
0.0432063
0.352016
0.662
0.662
0.662
0.662
0.468915
0.662
0.441529
0.662
0.662
0.662
0.662
0.662
0.364198
0.381158
0.406469
0.662
0.662
0.662
0.662
0.662
0.0278772
0.364662
0.269366
0.285951
0.140606
0.662
0.662
0.662
0.662
0.662
0.662
0.662
0.423524
0.662
0.388409
0.662
0.35313
0.662
0.483477
0.200487
0.662
0.498567
0.12226
0.662
0.662
0.363954
0.317464
0.218952
0.662
0.130046
0.000686222
0.662
0.662
0.0507637
0.414581
0.312324
0.662
0.0137744
0.662
0.662
0.662
0.662
0.254219
0.662
0.57476
0.344472
0.472848
0.662
0.234107
0.662
0.662
0.475714
0.662
0.662
0.662
0.299854
0.42746
0.00199178
0.386914
0.662
0.662
0.662
0.254313
0.662
0.662
0.662
0.0406411
0.246438
0.216673
0.326635
0.3952
0.662
0.223022
0.662
0.662
0.303793
0.662
0.0378307
0.662
0.0468003
0.196495
0.185865
0.321187
0.365081
0.0254466
0.662
0.662
0.0828586
0.662
0.218378
0.0916766
4.6962e-05
0.322238
0.662
0.662
0.202049
0.268722
0.662
0.497442
0.662
0.191437
0.446946
0.398133
0.662
0.0429245
0.203697
0.662
0.0595119
0.662
0.662
0.662
0.0615665
0.662
0.304439
0.662
0.0624894
0.662
0.397884
0.662
0.662
0.662
0.491607
0.308807
0.0943568
0.474855
0.423473
0.277295
0.662
0.662
0.662
0.662
0.0366622
0.662
0.467138
0.0799829
0.633391
0.264855
0.26503
0.248333
0.314914
0.490702
0.662
0.270828
0.662
0.662
0.43393
0.662
0.606826
0.37214
0.662
0.662
0.662
0.229861
0.0406287
0.662
0.0746581
0.662
0.662
0.662
0.351357
0.16474
0.266667
0.259161
0.558538
0.177028
0.662
0.662
0.662
0.662
0.367635
0.662
0.213216
0.0337517
0.315992
0.662
0.146578
0.255323
0.662
0.414945
0.662
0.662
0.543428
0.249215
0.662
0.333414
0.564107
0.662
0.662
0.662
0.662
0.662
0.0293871
0.662
0.662
0.421231
0.473819
0.662
0.406904
0.0987967
0.662
0.0699946
0.662
0.251155
0.662
0.662
0.662
0.662
0.209968
0.329151
0.23181
0.0568137
0.662
0.662
0.662
0.662
0.350446
0.662
0.414841
0.408338
0.106416
0.066994
0.481443
0.199487
0.662
0.662
0.662
0.662
0.388773
0.292382
0.662
0.119296
0.662
0.662
0.31809
0.662
0.662
0.662
0.662
0.662
0.364015
0.114462
0.662
0.346268
0.609204
0.662
0.332487
0.662
0.363506
0.662
0.662
0.662
0.662
0.411354
0.662
0.259418
0.662
0.500909
0.342905
0.423758
0.662
0.662
0.394044
0.482743
0.0415141
0.662
0.662
0.662
0.662
0.121882
0.180817
0.54184
0.118703
0.662
0.451931
0.123364
0.662
0.662
0.662
0.427297
0.000988028
0.662
0.417878
0.662
0.355105
0.662
0.662
0.662
0.509862
0.662
0.662
0.662
0.170943
0.470754
0.472422
0.499789
0.662
0.662
0.101804
0.385832
0.02268
0.0259538
0.662
0.662
0.388295
0.662
0.662
0.662
0.662
0.662
0.0615794
0.662
0.662
0.662
0.662
0.662
0.438762
0.299698
0.275194
0.448137
0.662
0.140493
0.461602
0.662
0.320458
0.449767
0.212706
0.662
0.582306
0.662
0.34412
0.662
0.215471
0.662
0.662
0.160724
0.180887
0.0433199
0.662
0.3743
0.662
0.662
0.272571
0.662
0.0588397
0.662
0.662
0.662
0.662
0.0331262
0.662
0.662
0.662
0.662
0.0930063
0.662
0.0294193
0.662
0.662
0.45216
0.662
0.0104566
0.662
0.199341
0.0833568
0.662
0.662
0.00207069
0.662
0.662
0.662
0.489139
0.294923
0.402167
0.292227
0.662
0.147126
0.662
0.477325
0.534337
0.662
0.662
0.662
0.662
0.662
0.662
0.0442199
0.228507
0.662
0.162086
0.662
0.193983
0.123238
0.289313
0.662
0.662
0.0780993
0.662
0.662
0.662
0.662
0.0826838
0.229486
0.354511
0.662
0.544138
0.662
0.662
0.0271589
0.181375
0.662
0.662
0.662
0.662
0.662
0.321448
0.662
0.00793993
0.662
0.338511
0.662
0.273856
0.662
0.0660942
0.662
0.662
0.279236
0.662
0.662
0.662
0.394024
0.662
0.662
0.017937
0.590606
0.156634
0.437473
0.357306
0.123327
0.662
0.34807
0.0231739
0.274319
0.167499
0.662
0.662
0.467083
0.325563
0.662
0.662
0.276746
0.662
0.662
0.179702
0.246528
0.417678
0.662
0.0246586
0.662
0.115015
0.00723746
0.662
0.0196066
0.662
0.662
0.414742
0.662
0.662
0.662
0.662
0.479608
0.662
0.662
0.662
0.376799
0.33776
0.662
0.662
0.662
0.662
0.662
0.189194
0.225947
0.662
0.662
0.0716688
0.662
0.465887
0.662
0.000810074
0.390424
0.662
0.662
0.0258085
0.44876
0.16065
0.662
0.228174
0.207472
0.662
0.662
0.346934
0.662
0.503096
0.378694
0.662
0.662
0.662
