0.418711
0.662
0.464634
0.662
0.0270911
0.202578
0.662
0.662
0.415284
0.662
0.43041
0.061305
0.371475
0.212706
0.662
0.662
0.203978
0.34412
0.662
0.499288
0.662
0.453676
0.662
0.320528
0.207338
0.662
0.662
0.662
0.662
0.225947
0.662
0.411354
0.662
0.143069
0.633694
0.0156995
0.0548813
0.124393
0.586234
0.218952
0.153213
0.426661
0.121882
0.662
0.311493
0.373281
0.662
0.662
0.662
0.00699215
0.45058
0.662
0.662
0.662
0.662
0.188648
0.0869242
0.264855
0.662
0.662
0.662
0.662
0.662
0.00882047
0.205285
0.281796
0.321187
0.123238
0.0826838
0.662
0.0492922
0.662
0.365081
0.662
0.662
0.278029
0.662
0.662
0.405741
0.229636
0.662
0.662
0.280565
0.662
0.662
0.130046
0.662
0.662
0.534337
0.662
0.662
0.662
0.662
0.662
0.662
0.662
0.273349
0.157753
0.662
0.662
0.662
0.431026
0.662
0.21254
0.265747
0.662
0.662
0.662
0.662
0.662
0.278346
0.662
0.0715599
0.662
0.292227
0.394044
0.588142
0.421231
0.364672
0.105676
0.662
0.662
0.000988028
0.413648
0.662
0.292633
0.662
0.662
0.662
0.662
0.662
0.443419
0.662
0.251887
0.662
0.662
0.662
0.43393
0.000444489
0.558538
0.662
0.662
0.0350275
0.662
0.187521
0.428277
0.335356
0.31137
0.16065
0.062072
0.047853
0.662
0.0950256
0.601449
0.662
0.259659
0.662
0.308238
0.2042
0.662
0.662
0.449767
0.662
0.414841
0.662
0.662
0.662
0.662
0.662
0.662
0.519779
0.662
0.0372738
0.662
0.376799
0.362196
0.0746581
0.608655
0.266667
0.662
0.606826
0.662
0.309115
0.662
0.457846
0.406469
0.662
0.0890983
0.0479899
0.662
0.662
0.662
0.0716688
0.662
0.662
0.645496
0.662
0.423473
0.414945
0.292901
0.662
0.662
0.662
0.463902
0.443339
0.0489985
0.0136273
0.0971702
0.662
0.388295
0.333414
0.662
0.662
0.29048
0.662
0.472848
0.206813
0.662
0.662
0.0164509
0.662
0.246728
0.662
0.662
0.283005
0.593458
0.662
0.00786352
0.662
0.662
0.296194
0.662
0.27411
0.254612
0.662
0.544138
0.467138
0.662
0.625399
0.197349
0.662
0.662
0.0147822
0.119296
0.662
0.662
0.662
0.662
0.662
0.491607
0.23858
0.262019
0.411934
0.391725
0.662
0.662
0.478225
0.146578
0.662
0.662
0.662
0.662
0.209564
0.455613
0.3696
0.662
0.662
0.662
0.662
0.662
0.181375
0.662
0.662
0.662
0.662
0.662
0.223711
0.230685
0.633391
0.148403
0.662
0.662
0.662
0.662
0.662
0.294923
0.662
0.662
0.42289
0.662
0.3743
0.662
0.107537
0.490832
0.0780993
0.477325
0.662
0.590562
0.304398
0.352951
0.662
0.662
0.662
0.662
0.0427433
0.180887
0.662
0.417878
0.662
0.662
0.368438
0.286859
0.462655
0.370903
0.662
0.662
0.662
0.662
0.0254466
0.662
0.0615794
0.242666
0.662
0.259362
0.662
0.168993
0.662
0.662
0.185428
0.662
0.662
0.547339
0.662
0.397884
0.662
0.662
0.662
0.662
0.662
0.662
0.21649
0.662
0.311774
0.662
0.320162
0.662
0.117385
0.662
0.377276
0.662
0.249185
0.662
0.363506
0.378694
0.662
0.662
0.662
0.252321
0.114792
0.0259538
0.427132
0.662
0.662
0.662
0.662
0.662
0.662
0.265861
0.662
0.662
0.662
0.662
0.662
0.662
0.662
0.00199178
0.662
0.1592
0.662
0.662
0.662
0.356184
0.39191
0.138329
0.204394
0.48417
0.662
0.662
0.215471
0.323476
0.662
0.259161
0.33859
0.192956
0.106416
0.662
0.662
0.170943
0.662
0.662
0.31809
0.662
0.314914
0.139407
0.0573854
0.28922
0.662
0.2431
0.662
0.203158
0.662
0.662
0.662
0.662
0.509862
0.662
0.662
0.662
0.662
0.662
0.166824
0.142002
0.662
0.407425
0.477629
0.296313
0.662
0.662
0.292382
0.662
0.17015
0.0326258
0.52986
0.584329
0.0255596
0.662
0.140606
0.510254
0.662
0.662
0.662
0.099639
0.19544
0.413591
0.207128
0.307967
0.662
0.662
0.662
0.662
0.662
0.662
0.270026
0.3182
0.394024
0.662
0.269418
0.662
0.0139942
0.0226348
0.662
0.271451
0.662
0.179702
0.662
0.422258
0.662
0.662
0.662
0.334192
0.662
0.662
0.662
0.0276808
0.367533
0.662
0.20165
0.310101
0.662
0.662
0.662
0.290875
0.413329
0.402329
0.0456136
0.00633698
0.383871
0.662
0.235487
0.16474
0.662
0.251155
0.662
0.662
0.662
0.299698
0.662
0.662
0.662
0.352881
0.662
0.424884
0.354827
0.662
0.303793
0.662
0.662
0.224949
0.212758
0.138276
0.662
0.662
0.662
0.328915
0.662
0.298953
0.662
0.662
0.405284
0.662
0.662
0.34657
0.439433
0.662
0.466325
0.662
0.662
0.662
0.477724
0.662
0.297577
0.662
0.42746
0.662
0.662
0.164157
0.601007
0.511332
0.332487
0.662
0.662
0.662
0.662
0.662
0.662
0.662
0.463617
0.662
0.242295
0.0879837
0.211267
0.662
0.332663
0.34807
0.662
0.662
0.662
0.0341246
0.662
0.662
0.662
0.662
0.662
0.444452
0.662
0.662
0.662
4.6962e-05
0.0575847
0.244503
0.451115
0.662
0.662
0.662
0.662
0.432046
0.662
0.662
0.662
0.201566
0.662
0.350233
0.662
0.0507637
0.662
0.662
0.662
0.662
0.662
0.662
0.456955
0.662
0.662
0.662
0.662
0.662
0.202049
0.662
0.364662
0.269366
0.662
0.140917
0.564107
0.423478
0.662
0.445912
0.218378
0.662
0.662
0.662
0.662
0.662
0.662
0.662
0.0885295
0.351278
0.372841
0.320073
0.662
0.662
0.320458
0.662
0.0260608
0.381468
0.503396
0.474855
0.662
0.468875
0.662
0.0231739
0.156634
0.662
0.662
0.662
0.662
0.105736
0.662
0.376785
0.248333
0.662
0.662
0.139992
0.662
0.185823
0.662
0.0411647
0.662
0.362431
0.419056
0.00476547
0.35313
0.662
0.662
0.445775
0.594986
0.0943568
0.662
0.0767902
0.613084
0.107696
0.0977988
0.370226
0.662
0.0493949
0.127729
0.662
0.472422
0.101804
0.662
0.196495
0.230765
0.662
0.662
0.438762
0.0432063
0.662
0.662
0.662
0.662
0.198302
0.662
0.0226322
0.367276
0.662
0.35133
0.662
0.0659187
0.662
0.446428
0.662
0.662
0.489139
0.662
0.0278772
0.662
0.662
0.414742
0.288049
0.115405
0.0414907
0.0532531
0.662
0.13894
0.364198
0.351357
0.662
0.590606
0.0870879
0.662
0.662
0.337202
0.662
0.662
0.662
0.0206776
0.662
0.662
0.34134
