0.454628
0.662
0.440734
0.662
0.662
0.662
0.198576
0.662
0.662
0.320179
0.318957
0.0325853
0.00523837
0.597774
0.662
0.385645
0.198938
0.204254
0.0210651
0.23762
0.38977
0.662
0.662
0.481235
0.662
0.0251174
0.325869
0.472131
0.334681
0.460787
0.0490252
0.662
0.011795
0.662
0.662
0.238601
0.190202
0.141235
0.619437
0.463429
0.662
0.227392
0.662
0.662
0.662
0.662
0.662
0.0768766
0.662
0.460761
0.662
0.26574
0.309864
0.0405127
0.399141
0.662
0.270074
0.334453
0.662
0.662
0.23189
0.132239
0.320258
0.0995917
0.662
0.662
0.662
0.183554
0.662
0.662
0.662
0.000331683
0.662
0.13737
0.335871
0.23473
0.662
0.662
0.451056
0.084276
0.662
0.662
0.662
0.435554
0.463278
0.398432
0.662
0.0285004
0.662
0.142651
0.243554
0.662
0.0498784
0.662
0.0433918
0.46704
0.265231
0.399672
0.662
0.662
0.662
0.22756
0.39628
0.662
0.103047
0.311977
0.414266
0.185096
0.662
0.33265
0.662
0.662
0.260654
0.662
0.243916
0.396846
0.662
0.231211
0.662
0.662
0.662
0.195861
0.351398
0.398244
0.662
0.0558973
0.389357
0.662
0.321055
0.662
0.365944
0.411127
0.32753
0.662
0.662
0.00629969
0.222886
0.662
0.476644
0.662
0.114631
0.662
0.662
0.662
0.562341
0.662
0.662
0.662
0.282616
0.662
0.456712
0.158048
0.662
0.662
0.662
0.662
0.662
0.662
0.0119234
0.662
0.374764
0.146973
0.11355
0.219248
0.662
0.662
0.230084
0.662
0.662
0.662
0.662
0.662
0.187262
0.360069
0.662
0.409744
0.662
0.662
0.126656
0.248046
0.258181
0.662
0.048725
0.662
0.163282
0.17769
0.662
0.662
0.662
0.662
0.662
0.144052
0.662
0.662
0.414894
0.377875
0.326533
0.389382
0.662
0.262555
0.460135
0.45229
0.662
0.576285
0.662
0.662
0.117803
0.280844
0.662
0.150249
0.662
0.158964
0.662
0.662
0.662
0.662
0.220719
0.662
0.662
0.457614
0.43
0.662
0.463771
0.211055
0.22598
0.662
0.257353
0.662
0.183663
0.0255136
0.115318
0.662
0.40004
0.662
0.179506
0.662
0.662
0.465781
0.142663
0.662
0.222025
0.6086
0.342111
0.662
0.405053
0.662
0.132813
0.488177
0.662
0.0726027
0.487092
0.662
0.662
0.662
0.25402
0.662
0.051119
0.662
0.115709
0.405937
0.662
0.662
0.532497
0.662
0.662
0.401313
0.662
0.248437
0.069595
0.441554
0.662
0.662
0.452893
0.16302
0.662
0.662
0.169599
0.662
0.662
0.662
0.662
0.662
0.662
0.00832227
0.0936847
0.219161
0.194987
0.662
0.662
0.191047
0.662
0.443015
0.662
0.0769719
0.394303
0.662
0.11024
0.262755
0.125291
0.662
0.662
0.500284
0.662
0.662
0.662
0.662
0.662
0.050981
0.662
0.662
0.329676
0.0265106
0.337258
0.662
0.506853
0.662
0.505298
0.662
0.1434
0.177456
0.662
0.662
0.448876
0.662
0.662
0.0926358
0.0856587
0.662
0.662
0.397248
0.662
0.662
0.662
0.190764
0.184786
0.141639
0.662
0.662
0.662
0.495676
0.41852
0.314893
0.662
0.219269
0.347822
0.33581
0.662
0.245673
0.662
0.171448
0.204405
0.0805099
0.662
0.662
0.598909
0.212888
0.0689736
0.195101
0.300799
0.662
0.15941
0.165957
0.256163
0.0800168
0.316189
0.662
0.502811
0.199341
0.210287
0.260474
0.173877
0.112057
0.662
0.662
0.454862
0.36553
0.662
0.662
0.662
0.617587
0.126713
0.406535
0.481245
0.379437
0.328199
0.0452018
0.662
0.662
0.662
0.420291
0.142641
0.662
0.444863
0.662
0.662
0.308678
0.662
0.075177
0.662
0.662
0.662
0.662
0.662
0.219155
0.662
0.662
0.662
0.0307061
0.355445
0.0595723
0.470389
0.237119
0.321049
0.662
0.662
0.0329397
0.335569
0.269405
0.0532457
0.662
0.408857
0.176089
0.373821
0.184041
0.44028
0.662
0.060753
0.112822
0.192491
0.137733
0.662
0.384174
0.662
0.294564
0.662
0.00730677
0.662
0.398328
0.662
0.662
0.662
0.068731
0.20704
0.662
0.662
0.447365
0.662
0.662
0.662
0.662
0.662
0.662
0.662
0.662
0.662
0.22366
0.662
0.407487
0.429171
0.662
0.662
0.662
0.284592
0.15364
0.662
0.0841074
0.122781
0.662
0.414234
0.662
0.662
0.662
0.420479
0.662
0.268547
0.662
0.259731
0.45052
0.178653
0.662
0.291678
0.295685
0.662
0.662
0.328024
0.0519748
0.195647
0.662
0.662
0.374198
0.662
0.515221
0.259844
0.00812079
0.22741
0.662
0.662
0.204084
0.0271618
0.662
0.662
0.304928
0.662
0.662
0.412711
0.223498
0.662
0.662
0.662
0.662
0.662
0.662
0.662
0.662
0.662
0.204313
0.662
0.466016
0.391589
0.662
0.662
0.158156
0.475585
0.662
0.662
0.662
0.662
0.461816
0.586649
0.210766
0.215181
0.662
0.662
0.223336
0.662
0.0336981
0.662
0.662
0.662
0.412438
0.662
0.199878
0.662
0.308948
0.248544
0.0363658
0.118274
0.277134
0.274926
0.662
0.275812
0.662
0.176946
0.662
0.662
0.144971
0.662
0.662
0.101869
0.558403
0.662
0.225141
0.662
0.604799
0.307806
0.662
0.662
0.0640831
0.662
0.662
0.0159273
0.662
0.428962
0.662
0.144956
0.662
0.00633118
0.662
0.662
0.662
0.109845
0.662
0.662
0.025589
0.662
0.662
0.662
0.662
0.393946
0.0561126
0.662
0.662
0.662
0.662
0.345581
0.238907
0.662
0.662
0.662
0.662
0.273894
0.662
0.662
0.662
0.317511
0.0738076
0.0491954
0.0282533
0.542435
0.065317
0.124003
0.662
0.662
0.300602
0.188916
0.196161
0.294503
0.399717
0.606966
0.63863
0.438643
0.263782
0.376856
0.662
0.662
0.369939
0.221226
0.662
0.353993
0.235036
0.662
0.251935
0.342213
0.662
0.662
0.165185
0.239356
0.662
0.662
0.662
0.662
0.323752
0.662
0.662
0.0905404
0.662
0.662
0.210515
0.000626911
0.662
0.662
0.136996
0.244213
0.662
0.662
0.385661
0.662
0.662
0.662
0.483851
0.662
0.387578
0.662
0.308489
0.102438
0.662
0.662
0.346058
0.405053
0.142965
0.662
0.662
0.662
0.272322
0.662
0.074831
0.0867285
0.453489
0.459477
0.222868
0.212584
0.662
0.103405
0.662
0.534802
0.662
0.662
0.662
0.0763505
0.662
0.662
0.429082
0.662
0.0886639
0.662
0.145058
0.238276
0.662
0.662
0.662
0.662
0.662
0.662
0.26699
0.662
0.662
0.125746
0.493947
0.239033
0.662
0.171676
0.470163
0.0953534
0.662
0.290866
0.662
0.662
0.662
0.662
0.307354
0.241518
0.662
0.1681
0.0869079
0.662
0.662
0.662
0.241023
0.221125
0.662
0.662
0.219187
0.460388
0.662
0.662
0.245369
0.662
0.319369
0.622221
0.662
0.662
0.662
0.507568
0.164
0.662
0.662
0.279272
0.662
0.400628
0.662
0.564045
0.662
0.662
0.592261
0.129308
0.165915
0.662
0.662
