0.662
0.20228
0.662
0.14602
0.662
0.020564
0.0599567
0.369128
0.662
0.662
0.304415
0.255209
0.11611
0.512547
0.662
0.662
0.330604
0.34162
0.448129
0.662
0.662
0.428141
0.662
0.377722
0.662
0.485968
0.662
0.196015
0.662
0.662
0.193621
0.481787
0.662
0.662
0.422533
0.662
0.23049
0.0294106
0.0709156
0.449318
0.318277
0.382156
0.662
0.441805
0.169303
0.662
0.337328
0.662
0.662
0.428898
0.662
0.662
0.318256
0.662
0.371625
0.662
0.662
0.662
0.475581
0.662
0.456282
0.488963
0.662
0.662
0.129261
0.3399
0.662
0.662
0.662
0.662
0.662
0.41004
0.304381
0.662
0.299324
0.662
0.662
0.630295
0.596362
0.662
0.334362
0.662
0.346726
0.662
0.662
0.164744
0.662
0.617533
0.662
0.487391
0.662
0.662
0.662
0.662
0.662
0.248763
0.662
0.662
0.662
0.662
0.662
0.525517
0.451889
0.529982
0.177065
0.662
0.662
0.104039
0.0232105
0.115862
0.494187
0.662
0.119188
0.662
0.567145
0.33872
0.662
0.0263792
0.468508
0.203416
0.212374
0.0181435
0.259936
0.19659
0.662
0.662
0.266395
0.483839
0.477914
0.457757
0.662
0.662
0.529602
0.0473848
0.425371
0.201316
0.285815
0.162984
0.662
0.425294
0.662
0.29185
0.355526
0.132705
0.662
0.662
0.662
0.662
0.440475
0.662
0.662
0.326861
0.662
0.662
0.662
0.662
0.334786
0.662
0.429827
0.662
0.662
0.662
0.662
0.0739054
0.235263
0.0248167
0.514283
0.662
0.662
0.662
0.662
0.265231
0.352857
0.662
0.662
0.662
0.662
0.662
0.0964774
0.662
0.662
0.288937
0.662
0.342958
0.355262
0.662
0.662
0.662
0.314533
0.662
0.296678
0.0817884
0.662
0.662
0.662
0.662
0.662
0.380861
0.662
0.352883
0.256769
0.662
0.662
0.662
0.662
0.662
0.662
0.0210544
0.662
0.662
0.416029
0.26387
0.662
0.38454
0.662
0.662
0.469745
0.52944
0.40474
0.662
0.379279
0.662
0.397679
0.0123357
0.426598
0.662
0.662
0.662
0.404691
0.662
0.662
0.662
0.422076
0.225796
0.442815
0.662
0.662
0.662
0.0692034
0.300514
0.219021
0.662
0.353536
0.622766
0.423323
0.139443
0.439051
0.662
0.662
0.605529
0.0952701
0.109951
0.499133
0.0942277
0.125382
0.374832
0.662
0.384378
0.662
0.662
0.662
0.447308
0.372127
0.662
0.101681
0.284493
0.213986
0.662
0.376911
0.279986
0.460882
0.662
0.531743
0.662
0.0577041
0.662
0.662
0.527546
0.662
0.662
0.662
0.662
0.0736273
0.662
0.419687
0.152485
0.662
0.387214
0.662
0.299104
0.282151
0.662
0.0736599
0.403417
0.662
0.662
0.662
0.662
0.199045
0.331076
0.662
0.231646
0.393871
0.222534
0.305438
0.165612
0.141122
0.662
0.0748201
0.263653
0.662
0.662
0.662
0.662
0.118356
0.662
0.63339
0.208702
0.662
0.0760254
0.662
0.662
0.220979
0.0186024
0.287107
0.662
0.662
0.422608
0.662
0.447549
0.273986
0.323267
0.0967373
0.662
0.239871
0.662
0.662
0.293261
0.0327477
0.662
0.282745
0.662
0.51861
0.453911
0.366589
0.429222
0.662
0.185039
0.662
0.662
0.662
0.662
0.368705
0.143503
0.662
0.662
0.240596
0.662
0.0680676
0.662
0.324483
0.662
0.662
0.0516705
0.377816
0.257396
0.236865
0.662
0.662
0.340852
0.662
0.355197
0.291376
0.303204
0.129139
0.330221
0.275196
0.300883
0.05766
0.662
0.438864
0.225394
0.662
0.28968
0.662
0.324221
0.662
0.662
0.662
0.662
0.368445
0.662
0.293366
0.0499303
0.662
0.662
0.662
0.662
0.662
0.662
0.662
0.225713
0.2926
0.464614
0.00625822
0.662
0.662
0.119126
0.662
0.102641
0.182794
0.0670337
0.662
0.153303
0.662
0.662
0.662
0.662
0.662
0.662
0.662
0.662
0.662
0.662
0.339679
0.662
0.662
0.166687
0.287377
0.436484
0.662
0.216565
0.662
0.167825
0.348113
0.419318
0.0681568
0.662
0.662
0.662
0.662
0.415971
0.662
0.662
0.0628679
0.662
0.467202
0.132524
0.174262
0.662
0.662
0.662
0.662
0.662
0.662
0.662
0.662
0.137693
0.100626
0.268648
0.662
0.662
0.662
0.662
0.414015
0.2839
0.662
0.0695372
0.662
0.236792
0.662
0.662
0.126756
0.662
0.662
0.0993007
0.0792283
0.147672
0.662
0.109532
0.662
0.399795
0.137934
0.329776
0.662
0.2827
0.662
0.662
0.662
0.662
0.662
0.335829
0.662
0.662
0.662
0.551812
0.138424
0.244128
0.662
0.662
0.350982
0.472655
0.662
0.662
0.662
0.0811195
0.217981
0.033713
0.662
0.242818
0.62897
0.213729
0.152487
0.212383
0.41706
0.662
0.419563
0.293038
0.233274
0.662
0.662
0.205001
0.135909
0.184687
0.662
0.662
0.662
0.662
0.662
0.249424
0.662
0.662
0.662
0.662
0.218401
0.662
0.390383
0.470015
0.0114179
0.662
0.662
0.231972
0.276594
0.0938699
0.146422
0.662
0.662
0.662
0.662
0.662
0.474368
0.662
0.388859
0.662
0.662
0.662
0.662
0.662
0.126033
0.662
0.662
0.0734258
0.590651
0.182653
0.050492
0.662
0.662
0.662
0.662
0.431868
0.662
0.544124
0.662
0.662
0.662
0.662
0.662
0.286779
0.662
0.113812
0.662
0.662
0.662
0.440453
0.381444
0.662
0.114389
0.47101
0.662
0.662
0.662
0.662
0.662
0.662
0.150692
0.239587
0.662
0.453821
0.335954
0.662
0.662
0.662
0.209024
0.0673923
0.662
0.662
0.2187
0.662
0.662
0.662
0.662
0.0192122
0.662
0.662
0.662
0.400134
0.662
0.662
0.424143
0.299755
0.662
0.662
0.662
0.104618
0.662
0.662
0.662
0.662
0.0729701
0.225078
0.401551
0.373689
0.662
0.662
0.662
0.662
0.570318
0.376903
0.191925
0.662
0.662
0.662
0.356472
0.20268
0.345527
0.0984412
0.662
0.662
0.130481
0.368421
0.662
0.662
0.662
0.635486
0.662
0.662
0.00133134
0.662
0.662
0.662
0.619234
0.662
0.662
0.662
0.662
0.662
0.662
0.662
0.196411
0.402446
0.256273
0.662
0.662
0.662
0.662
0.662
0.662
0.0955726
0.160861
0.389399
0.0739955
0.239878
0.210849
0.662
0.358582
0.662
0.0744172
0.662
0.662
0.662
0.00121954
0.465546
0.662
0.662
0.662
0.24658
0.662
0.662
0.00389934
0.369305
0.662
0.156625
0.662
0.479285
0.662
0.662
0.413305
0.662
0.662
0.662
0.662
0.662
0.662
0.384128
0.143495
0.662
0.662
0.662
0.662
0.462074
0.191852
0.185494
0.662
0.662
0.662
0.662
0.543066
0.662
0.662
0.458771
0.662
0.405817
0.662
0.662
0.227681
0.662
0.351294
0.0594805
0.662
0.662
0.36959
0.662
0.662
0.662
0.322877
0.442914
0.662
0.662
0.662
0.662
0.662
0.491785
0.662
0.662
0.269199
0.662
0.077282
0.334193
0.662
0.662
0.230723
0.506865
0.215169
0.0703338
0.0131904
0.662
0.453535
0.662
0.662
0.662
0.0791505
0.662
0.392384
0.662
0.662
0.662
0.313325
0.662
0.113249
0.159439
0.662
0.662
0.662
0.662
0.662
0.362464
0.451395
0.100217
0.389123
0.662
0.290442
0.662
0.662
0.0224344
0.662
0.271362
0.662
0.417757
0.205772
0.662
0.662
0.379387
0.343107
0.662
0.169036
0.534859
0.482667
0.028306
0.25705
0.347035
0.662
0.662
0.33758
0.117528
0.382253
0.331656
0.253534
0.662
0.207075
0.479193
0.154871
0.662
0.468882
0.662
0.662
0.662
0.662
0.662
0.662
0.46044
0.662
0.662
0.139341
0.662
0.662
0.58853
0.143606
0.662
0.213148
0.662
0.0406137
0.388142
0.410878
0.662
0.0766025
0.306955
0.662
0.662
0.300955
0.300118
0.359703
0.662
0.662
0.662
0.662
0.662
0.144331
0.662
0.247952
0.662
0.662
0.191772
0.44641
0.662
0.448513
0.0725561
0.247749
0.662
0.251886
0.464698
0.662
0.662
0.31106
0.662
0.662
0.662
0.14491
0.662
0.662
0.354231
0.395248
0.232646
0.00186307
0.662
0.662
0.0874117
0.241367
0.662
0.662
0.662
0.261527
0.662
0.23058
0.662
0.438658
0.134155
0.662
0.288529
0.310866
0.316718
0.662
0.662
0.662
0.336767
0.435954
0.662
0.662
0.419373
0.662
0.34798
0.28297
0.153201
0.452119
0.662
0.662
0.662
0.662
0.662
0.662
0.453141
0.662
0.662
0.0738781
0.662
0.662
0.662
0.662
0.100294
0.30827
0.662
0.662
0.662
0.662
0.662
0.172743
0.244386
0.662
0.271607
0.662
0.662
0.662
0.662
0.662
0.374676
0.662
0.15443
0.662
0.415705
0.476393
0.437426
0.464727
0.269947
0.662
0.662
0.0429758
0.259913
0.662
0.662
0.662
0.198325
0.394972
0.0283616
0.662
0.442071
0.122914
0.662
0.662
0.662
0.662
0.222354
0.662
0.662
0.18913
0.662
0.662
0.24966
0.350701
0.662
0.662
0.231114
0.662
0.182628
0.662
0.662
0.435388
0.662
0.662
0.662
0.662
0.662
0.104261
0.662
0.175951
0.240242
0.638302
0.662
0.662
0.662
0.662
0.414819
0.662
0.270453
0.662
0.662
0.406769
0.259281
0.443431
0.442482
0.571702
0.662
0.211651
0.662
0.662
0.662
0.662
0.662
0.662
0.309002
0.480889
0.662
0.326257
0.662
0.662
0.0833069
0.143408
0.206458
0.662
0.662
0.474444
0.662
0.629706
0.29497
0.417424
0.163223
0.662
0.662
0.662
0.662
0.662
0.662
0.662
0.408114
0.412795
0.289503
0.662
0.662
0.213528
0.662
0.662
0.414949
0.105184
0.189876
0.34846
0.662
0.662
0.475706
0.662
0.662
0.662
0.132496
0.662
0.662
0.662
0.248263
0.0195191
0.15452
0.662
0.662
0.0771725
0.00637009
0.662
0.542959
0.349482
0.215419
0.662
0.662
0.411838
0.662
0.295791
0.543467
0.412696
0.30427
0.662
0.662
0.662
0.190112
0.662
0.221236
0.373833
0.10852
0.662
0.662
0.662
0.662
0.662
0.645544
0.458004
0.662
0.662
0.662
0.662
0.662
0.575473
0.263987
0.456433
0.449282
0.393176
0.662
0.662
0.662
0.662
0.409812
0.662
0.121624
0.662
0.662
0.0567493
0.189071
0.613368
0.662
0.662
0.334137
0.662
0.234222
0.345838
0.371861
0.0654274
0.213868
0.100077
0.662
0.511918
0.328488
0.230596
0.130159
0.662
0.662
0.181602
0.305674
0.662
0.546322
0.662
0.662
0.074591
0.591814
0.662
0.633694
0.330198
0.173967
0.413666
0.662
0.662
0.662
0.439811
0.374529
0.662
0.0527526
0.277051
0.301496
0.662
0.612161
0.662
0.662
0.211054
0.386672
0.0265797
0.0239595
0.405577
0.22713
0.427169
0.662
0.662
0.662
