0.662
0.14129
0.199516
0.662
0.662
0.0125706
0.175608
0.540952
0.662
0.662
0.662
0.109896
0.662
0.256053
0.662
0.0430202
0.0170709
0.662
0.130865
0.229878
0.662
0.375595
0.027385
0.38372
0.662
0.662
0.518249
0.574768
0.316024
0.662
0.662
0.0286653
0.302281
0.35078
0.662
0.32532
0.0459734
0.309234
0.662
0.662
0.425364
0.662
0.662
0.200682
0.473135
0.398443
0.0424896
0.14902
0.280391
0.662
0.662
0.662
0.662
0.423016
0.144262
0.464154
0.58521
0.479005
0.662
0.662
0.662
0.168055
0.468349
0.662
0.662
0.203331
0.662
0.662
0.662
0.662
0.567764
0.232032
0.25576
0.662
0.272384
0.662
0.138491
0.662
0.30508
0.662
0.662
0.662
0.662
0.662
0.100954
0.662
0.266182
0.176956
0.175073
0.662
0.662
0.378832
0.662
0.662
0.662
0.41922
0.662
0.137711
0.336638
0.223161
0.37148
0.662
0.662
0.345154
0.662
0.179457
0.662
0.662
0.662
0.246158
0.662
0.422155
0.662
0.662
0.369935
0.662
0.384788
0.632557
0.43138
0.0291163
0.662
0.662
0.662
0.126753
0.28613
0.199225
0.499043
0.662
0.662
0.662
0.425615
0.662
0.662
0.662
0.662
0.662
0.662
0.326677
0.662
0.662
0.0346132
0.154674
0.662
0.662
0.662
0.370106
0.662
0.662
0.662
0.662
0.289943
0.662
0.402612
0.189108
0.662
0.283615
0.0484611
0.194624
0.0733631
0.662
0.662
0.207678
0.242884
0.662
0.33921
0.662
0.502614
0.119686
0.662
0.662
0.662
0.662
0.662
0.405136
0.415589
0.0359434
0.662
0.407411
0.476004
0.662
0.218596
0.225968
0.0614048
0.662
0.662
0.0551942
0.662
0.662
0.227186
0.133378
0.662
0.662
0.662
0.662
0.662
0.611816
0.101205
0.0817135
0.112494
0.662
0.355617
0.662
0.196764
0.662
0.00568994
0.662
0.662
0.239449
0.38742
0.662
0.662
0.156574
0.217418
0.0448613
0.662
0.210092
0.662
0.662
0.274837
0.662
0.0513077
0.662
0.662
0.546367
0.662
0.612282
0.662
0.662
0.162689
0.429785
0.662
0.13662
0.662
0.229785
0.0500903
0.551134
0.457583
0.42549
0.662
0.379848
0.662
0.662
0.662
0.372522
0.662
0.435257
0.211182
0.228527
0.142924
0.314458
0.390328
0.216488
0.170864
0.442478
0.662
0.312529
0.205277
0.47184
0.281466
0.662
0.094723
0.662
0.408013
0.167848
0.662
0.662
0.138385
0.662
0.662
0.662
0.662
0.662
0.331783
0.0627016
0.0128461
0.139089
0.662
0.662
0.382949
0.662
0.219847
0.0593885
0.662
0.315328
0.21463
0.662
0.477582
0.139211
0.288994
0.225064
0.662
0.477502
0.662
0.662
0.112821
0.160172
0.592411
0.306212
0.662
0.662
0.39462
0.310579
0.465008
0.662
0.262386
0.662
0.448492
0.662
0.662
0.662
0.00464753
0.662
0.0204358
0.0164133
0.662
0.232764
0.662
0.251247
0.0545725
0.662
0.168974
0.662
0.0163336
0.273073
0.379883
0.662
0.0387822
0.662
0.662
0.662
0.0462746
0.662
0.0857809
0.662
0.322744
0.662
0.662
0.662
0.662
0.441721
0.662
0.662
0.346038
0.276011
0.0429975
0.662
0.662
0.662
0.662
0.662
0.662
0.662
0.662
0.300826
0.662
0.662
0.662
0.411749
0.662
0.0329076
0.662
0.0709411
0.662
0.0452877
0.348578
0.662
0.0897594
0.662
0.662
0.19696
0.662
0.662
0.250268
0.662
0.201568
0.417922
0.57335
0.11294
0.662
0.662
0.506802
0.096938
0.0745619
0.471047
0.532847
0.662
0.662
0.320328
0.450352
0.662
0.662
0.333342
0.662
0.662
0.662
0.662
0.349011
0.319602
0.409406
0.0785804
0.662
0.662
0.499277
0.662
0.662
0.662
0.662
0.279653
0.205683
0.662
0.662
0.584005
0.662
0.662
0.662
0.375902
0.51551
0.662
0.473995
0.662
0.409035
0.051298
0.662
0.120436
0.205697
0.662
0.320557
0.421404
0.167381
0.335154
0.662
0.256494
0.662
0.662
0.285411
0.440825
0.142041
0.46805
0.405473
0.394079
0.37167
0.414503
0.662
0.0199829
0.027462
0.662
0.662
0.662
0.662
0.465175
0.662
0.662
0.278781
0.00693954
0.251798
0.662
0.662
0.662
0.377969
0.325773
0.662
0.429498
0.21314
0.662
0.662
0.662
0.434117
0.662
0.662
0.662
0.662
0.662
0.662
0.148806
0.662
0.472623
0.662
0.662
0.465018
0.0741089
0.393026
0.00353118
0.106494
0.360769
0.662
0.662
0.0986618
0.662
0.662
0.355506
0.188246
0.43934
0.395265
0.109313
0.662
0.662
0.304997
0.662
0.0448398
0.662
0.42905
0.448964
0.179418
0.287311
0.411328
0.662
0.662
0.291761
0.177497
0.662
0.662
0.0430787
0.662
0.662
0.662
0.662
0.0129814
0.251386
0.0295924
0.662
0.662
0.303084
0.662
0.662
0.662
0.333818
0.662
0.428104
0.409844
0.295752
0.662
0.397562
0.662
0.662
0.662
0.662
0.662
0.662
0.431294
0.287605
0.227809
0.662
0.662
0.218353
0.662
0.388208
0.662
0.662
0.662
0.662
0.202581
0.00357825
0.662
0.662
0.150365
0.662
0.662
0.662
0.662
0.115691
0.375758
0.295811
0.368668
0.222814
0.662
0.309389
0.662
0.662
0.662
0.414305
0.662
0.0189425
0.0890128
0.417176
0.090249
0.662
0.254869
0.662
0.662
0.662
0.51676
0.662
0.662
0.191243
0.662
0.662
0.662
0.0925322
0.308836
0.662
0.662
0.224646
0.662
0.38689
0.047567
0.662
0.306369
0.197014
0.662
0.662
0.322958
0.662
0.662
0.662
0.662
0.662
0.662
0.662
0.0942194
0.662
0.662
0.29313
0.662
0.662
0.149269
0.662
0.662
0.0413111
0.662
0.013793
0.206484
0.054876
0.662
0.662
0.662
0.119361
0.662
0.00579905
0.527364
0.207836
0.577761
0.512371
0.662
0.0111556
0.263123
0.43039
0.414443
0.0589201
0.475399
0.662
0.662
0.221683
0.662
0.187452
0.662
0.662
0.462268
0.662
0.662
0.442617
0.662
0.443678
0.662
0.662
0.183753
0.202079
0.294971
0.343763
0.662
0.662
0.445115
0.46196
0.662
0.662
0.662
0.662
0.662
0.181342
0.471327
0.374492
0.662
0.282788
0.662
0.148696
0.662
0.662
0.662
0.0604183
0.0920515
0.662
0.281298
0.662
0.0203932
0.662
0.662
0.662
0.662
0.662
0.662
0.662
0.174643
0.662
0.662
0.662
0.662
0.662
0.662
0.37506
0.15052
0.662
0.662
0.278558
0.662
0.662
0.662
0.271245
0.0476896
0.269807
0.662
0.53263
0.662
0.131942
0.294857
0.662
0.662
0.662
0.0753603
0.662
0.245314
0.113063
0.186575
0.404432
0.662
0.662
0.662
0.262355
0.662
0.392449
0.662
0.305332
0.320471
0.346824
0.2338
0.662
0.37443
0.277504
0.136752
0.606825
0.117028
0.0217074
0.470045
0.458205
0.662
0.125677
0.544259
0.261362
0.662
0.662
0.49969
0.662
0.662
0.473596
0.662
0.662
0.445598
0.25338
0.662
0.213342
0.662
0.662
0.662
0.662
0.355084
0.662
0.662
0.662
0.111942
0.404632
0.662
0.662
0.662
0.445535
0.662
0.276316
0.124322
0.662
0.434571
0.662
0.662
0.23396
0.662
0.432047
0.330225
0.662
0.159633
0.662
0.259816
0.662
0.0530331
0.662
0.662
0.370027
0.662
0.662
0.376497
0.199136
0.662
0.449758
0.662
0.148664
0.440349
0.662
0.41506
0.322336
0.662
0.134562
0.381763
0.662
0.112222
0.308809
0.395028
0.20884
0.465227
0.662
0.662
0.310427
0.533833
0.333516
0.662
0.335133
0.662
0.373372
0.199232
0.662
0.662
0.662
0.209895
0.662
0.662
0.409619
0.662
0.00166247
0.662
0.662
0.662
0.525382
0.246388
0.130508
0.662
0.401581
0.662
0.108893
0.662
0.662
0.662
0.286938
0.662
0.662
0.662
0.662
0.221267
0.221837
0.467662
0.235818
0.18793
0.662
0.662
0.662
0.244293
0.249303
0.43104
0.662
0.662
0.662
0.662
0.574552
0.662
0.662
0.662
0.662
0.118039
0.662
0.662
0.662
0.346276
0.0325892
0.0227036
0.662
0.662
0.662
0.121457
0.662
0.354559
0.405434
0.207564
0.662
0.662
0.662
0.662
0.374118
0.160001
0.434956
0.224028
0.662
0.430606
0.662
0.368619
0.230712
0.0672169
0.662
0.631016
0.103665
0.377113
0.00189781
0.510423
0.38747
0.596034
