0.334132
0.36958
0.662
0.406475
0.662
0.146609
0.662
0.662
0.30861
0.662
0.662
0.662
0.662
0.662
0.225514
0.342625
0.662
0.00742533
0.662
0.12427
0.662
0.148193
0.400921
0.299998
0.662
0.662
0.226202
0.662
0.662
0.147834
0.266208
0.287346
0.356121
0.0898345
0.204204
0.396304
0.662
0.662
0.662
0.662
0.662
0.662
0.205183
0.368473
0.662
0.662
0.662
0.662
0.662
0.129902
0.342335
0.190087
0.113932
0.476277
0.662
0.662
0.193729
0.134302
0.0701048
0.281939
0.198802
0.662
0.662
0.662
0.662
0.662
0.205878
0.662
0.662
0.662
0.662
0.335477
0.662
0.409016
0.10117
0.662
0.448588
0.662
0.662
0.662
0.662
0.662
0.662
0.400027
0.0397964
0.662
0.0933667
0.223348
0.262942
0.662
0.662
0.118147
0.307167
0.662
0.662
0.290325
0.662
0.257406
0.662
0.662
0.662
0.345106
0.662
0.662
0.216599
0.385751
0.0336236
0.662
0.230547
0.662
0.246192
0.207267
0.486248
0.662
0.375014
0.662
0.662
0.0624849
0.662
0.0804086
0.230585
0.662
0.662
0.105833
0.662
0.662
0.0223975
0.662
0.279807
0.61648
0.662
0.662
0.431746
0.662
0.150333
0.437316
0.662
0.330258
0.385273
0.662
0.662
0.244853
0.249295
0.662
0.173862
0.190786
0.662
0.662
0.231326
0.662
0.662
0.662
0.662
0.662
0.662
0.423846
0.662
0.662
0.184378
0.662
0.662
0.459425
0.106921
0.0303694
0.662
0.0237329
0.219398
0.662
0.662
0.662
0.662
0.662
0.0404691
0.288584
0.662
0.463407
0.662
0.61786
0.662
0.0639843
0.662
0.164389
0.662
0.662
0.662
0.0247319
0.662
0.662
0.662
0.662
0.662
0.662
0.26086
0.662
0.363307
0.662
0.662
0.662
0.662
0.662
0.276737
0.662
0.662
0.662
0.662
0.662
0.662
0.438729
0.364521
0.662
0.662
0.406894
0.662
0.221859
0.592383
0.36927
0.255896
0.263569
0.5735
0.385985
0.0263933
0.23686
0.0532427
0.662
0.662
0.662
0.210125
0.00610624
0.396993
0.662
0.0616703
0.235259
0.0164902
0.662
0.318826
0.428875
0.132804
0.662
0.662
0.662
0.447844
0.662
0.662
0.454994
0.662
0.476903
0.15391
0.284382
0.662
0.156672
0.662
0.662
0.139082
0.662
0.0860633
0.662
0.662
0.662
0.419316
0.183696
0.0619685
0.662
0.662
0.662
0.407591
0.662
0.662
0.270531
0.35168
0.236709
0.477045
0.662
0.662
0.662
0.469226
0.662
0.204068
0.37827
0.662
0.328373
0.420349
0.215019
0.662
0.332689
0.140002
0.0507942
0.12014
0.662
0.662
0.530037
0.662
0.662
0.662
0.662
0.263613
0.368277
0.315867
0.662
0.0967676
0.418424
0.471314
0.308511
0.0497067
0.396678
0.231383
0.662
0.662
0.662
0.662
0.0290366
0.662
0.0158347
0.361244
0.193021
0.662
0.662
0.662
0.32287
0.662
0.662
0.577129
0.662
0.534352
0.662
0.662
0.272818
0.00689891
0.662
0.17184
0.128409
0.662
0.433715
0.662
0.662
0.662
0.662
0.662
0.546454
0.0130102
0.310954
0.170914
0.662
0.662
0.662
0.662
0.013831
0.662
0.379261
0.662
0.662
0.313138
0.434904
0.662
0.662
0.268709
0.662
0.219492
0.662
0.662
0.274404
0.122123
0.662
0.118853
0.407602
0.428239
0.662
0.226812
0.26162
0.0782939
0.662
0.662
0.286769
0.415255
0.662
0.662
0.446383
0.662
0.662
0.662
0.662
0.662
0.515968
0.662
0.369362
0.304509
0.0578672
0.392772
0.662
0.662
0.662
0.662
0.490924
0.0147054
0.662
0.0397611
0.662
0.662
0.662
0.148774
0.471532
0.662
0.432255
0.662
0.42092
0.662
0.662
0.662
0.662
0.662
0.662
0.419489
0.662
0.394198
0.662
0.0507286
0.446784
0.444339
0.24849
0.662
0.370105
0.0231837
0.184607
0.662
0.243532
0.446414
0.662
0.595832
0.662
0.662
0.662
0.662
0.662
0.327647
0.013119
0.431617
0.382656
0.662
0.205831
0.0965843
0.270228
0.662
0.662
0.0365339
0.662
0.662
0.662
0.0705631
0.266303
0.449264
0.662
0.662
0.662
0.470016
0.662
0.662
0.0267636
0.662
0.0232352
0.662
0.150104
0.264398
0.398873
0.45109
0.385263
0.362946
0.662
0.662
0.662
0.662
0.662
0.662
0.0411275
0.189216
0.26955
0.186553
0.273962
0.662
0.415807
0.662
0.573402
0.143562
0.662
0.328041
0.231029
0.662
0.065899
0.362761
0.0580276
0.438574
0.662
0.662
0.256215
0.428032
0.169501
0.0664926
0.662
0.662
0.662
0.296591
0.358927
0.00299674
0.662
0.00257625
0.662
0.662
0.378824
0.617087
0.662
0.662
0.662
0.662
0.18709
0.662
0.33677
0.469123
0.011951
0.662
0.278673
0.662
0.17886
0.662
0.409212
0.662
0.390013
0.662
0.421152
0.105241
0.662
0.662
0.662
0.662
0.662
0.0291603
0.662
0.662
0.33039
0.299447
0.240341
0.662
0.662
0.662
0.370073
0.662
0.12825
0.662
0.649874
0.662
0.662
0.489488
0.662
0.237774
0.286565
0.662
0.662
0.222283
0.272804
0.662
0.662
0.110245
0.662
0.662
0.392771
0.662
0.662
0.27304
0.0198735
0.587292
0.662
0.228788
0.662
0.116361
0.254486
0.334228
0.219988
0.310024
0.662
0.662
0.125522
0.662
0.0285213
0.662
0.662
0.662
0.662
0.218774
0.662
0.662
0.662
0.262457
0.0157803
0.662
0.213975
0.662
0.0325676
0.456454
0.461994
0.300675
0.227013
0.662
0.662
0.662
0.662
0.379014
0.662
0.134703
0.662
0.163435
0.662
0.662
0.662
0.450708
0.662
0.472328
0.662
0.662
0.662
0.662
0.662
0.431764
0.662
0.662
0.292921
0.169347
0.662
0.662
0.662
0.662
0.662
0.662
0.662
0.468228
0.662
0.292058
0.0991259
0.662
0.662
0.532482
0.662
0.451121
0.662
0.468581
0.258103
0.200866
0.300884
0.368828
0.662
0.662
0.662
0.662
0.662
0.662
0.432651
0.662
0.528709
0.662
0.662
0.192562
0.662
0.213157
0.151398
0.532713
0.662
0.662
0.17562
0.662
0.392717
0.662
0.270454
0.282851
0.278279
0.662
0.452657
0.451006
0.47916
0.0935272
0.662
0.354181
0.662
0.662
0.0905599
0.662
0.662
0.662
0.323932
0.662
0.126443
0.37368
0.141467
0.111502
0.662
0.662
0.662
0.303077
0.11233
0.662
0.441797
0.662
0.45678
0.662
0.0932024
0.662
0.662
0.104496
0.662
0.233039
0.467059
0.438527
0.662
0.349451
0.168218
0.485836
0.662
0.662
0.662
0.455347
0.0779385
0.283817
0.662
0.367457
0.0363829
0.662
0.662
0.358349
0.317522
0.466186
0.337636
0.662
0.662
0.276956
0.662
0.369576
0.0901174
0.633336
0.662
0.662
0.662
0.38057
0.662
0.116506
0.452457
0.0105461
0.0978439
0.662
0.0996342
0.662
0.660345
0.662
0.662
0.662
0.26555
0.662
0.662
0.432051
0.662
0.10316
0.411294
0.307335
0.253453
0.249407
0.209154
0.662
0.662
0.662
0.662
0.662
0.217543
0.344051
0.327428
0.187084
0.375066
0.662
0.63339
0.662
0.662
0.235459
0.292951
0.0521992
0.662
0.069934
0.348163
0.662
0.662
0.265686
0.662
0.18229
0.225302
0.662
0.399778
0.662
0.662
0.0983538
0.109699
0.104774
0.585937
0.274748
0.063841
0.662
0.477465
0.662
0.150608
0.662
0.662
0.662
0.662
0.662
0.662
0.0332838
0.662
0.353899
0.163606
0.662
0.324656
0.398574
0.662
0.246515
0.662
0.662
0.553612
0.289827
0.353942
0.662
0.662
0.275514
0.631338
0.662
0.662
0.658318
0.662
0.100141
0.662
0.126061
0.662
0.662
0.380877
0.418261
0.662
0.0909493
0.206685
0.174874
0.284031
0.662
0.662
0.662
0.662
0.662
0.662
0.107937
0.299492
0.662
0.662
0.662
0.662
0.662
0.380641
0.404094
0.662
0.396788
0.662
0.662
0.184193
0.662
0.662
0.662
0.662
0.118099
0.246989
0.0694607
0.417084
0.662
0.0867634
0.0532018
0.662
0.0789443
0.216685
0.0379237
0.0203941
0.662
0.662
0.662
0.434434
0.662
0.38006
0.662
0.181399
0.17449
0.0443166
0.475827
0.443222
0.446253
0.281872
0.376592
0.662
0.662
0.352732
0.429726
0.662
0.662
0.662
0.197275
0.0637874
0.396779
0.662
0.662
0.259569
0.249533
0.059201
0.662
0.662
0.119861
0.074739
0.662
0.229322
0.662
0.402323
0.662
0.208182
0.352363
0.369083
0.277978
0.662
0.662
0.662
0.39539
0.662
0.662
0.26744
0.271348
0.662
0.385166
0.662
0.0506824
0.662
0.662
0.662
0.662
0.662
0.662
0.662
0.407024
0.0615476
0.662
0.248268
0.46336
0.662
0.229318
0.379767
0.323041
0.662
0.662
0.316857
0.662
0.662
0.469927
0.662
0.352943
0.148396
0.271744
0.662
0.662
0.662
0.662
0.433872
0.662
0.662
0.396846
0.0968332
0.0425515
0.491592
0.662
0.189713
0.662
0.662
0.662
0.662
0.662
0.520889
0.228952
0.662
0.662
0.455784
0.662
0.0977158
0.662
0.275074
0.662
0.310372
0.28145
0.0257645
0.321023
0.125659
0.662
0.662
0.207585
0.662
0.662
0.662
0.662
0.662
0.662
0.473928
0.476086
0.465737
0.662
0.662
0.141133
0.662
0.310384
0.553055
0.662
0.527221
0.662
0.339493
0.662
0.662
0.662
0.662
0.662
0.662
0.662
0.662
0.662
0.41836
0.334307
0.25318
0.30301
0.114974
0.176451
0.0502639
0.355045
0.662
0.204296
0.662
0.662
0.02342
0.662
0.662
0.662
0.362151
0.0679665
0.314931
0.356602
0.182141
0.388187
0.662
0.178144
0.662
0.662
0.662
0.662
0.662
0.662
0.232838
0.662
0.310015
0.485644
0.115849
0.662
0.46638
0.03725
0.231488
0.662
0.662
0.662
0.662
0.0203109
0.562093
0.662
0.662
0.662
0.0841092
0.227775
0.0427091
0.662
0.169168
0.441445
0.22231
0.532227
0.327462
0.320744
0.309237
0.662
0.662
0.229033
0.662
0.167129
0.662
0.378345
0.104538
0.521667
0.409555
0.460425
0.164467
0.352654
0.429891
0.229794
0.417372
0.0853384
0.662
0.662
0.662
0.662
0.105838
0.0974085
0.462812
0.186699
0.662
0.662
0.358434
0.662
0.662
0.187259
0.582866
0.437879
0.662
0.208814
0.662
0.662
0.662
0.210172
0.0278722
0.662
0.662
0.662
0.31073
0.662
0.215355
0.223682
0.662
0.662
0.662
0.0798002
0.662
0.662
0.662
0.662
0.125895
0.662
0.662
0.662
0.662
0.662
0.662
0.186806
0.662
0.662
0.662
0.142223
0.662
0.197429
0.662
0.662
0.662
0.662
0.662
0.216284
0.662
0.393941
0.662
0.474459
0.662
0.662
0.0133158
0.662
0.199478
0.324388
0.459428
0.662
0.662
0.0771799
0.213347
0.662
0.317205
0.662
0.336233
0.194593
0.0971327
0.662
0.662
0.662
0.306922
0.662
0.34867
0.21715
0.354637
0.307754
0.662
0.662
0.232671
0.662
0.662
0.310713
0.662
0.662
0.266224
0.662
0.662
0.346212
0.228533
0.662
0.359471
0.0269383
0.469143
0.662
0.662
0.662
0.437175
0.23683
0.662
0.662
0.662
0.662
0.662
0.370224
0.662
0.164239
0.662
0.662
0.364522
0.122957
0.662
0.560002
0.0282613
0.662
0.451089
0.525573
0.662
0.662
0.239309
0.468415
0.326917
0.403439
0.662
0.662
0.210345
0.308393
0.162831
0.662
0.125262
0.662
0.662
0.662
0.150374
0.662
0.662
0.662
0.662
0.504651
0.188939
0.662
0.662
0.430269
0.662
0.662
0.43421
0.385036
0.470644
0.11669
0.252948
0.662
0.254398
0.662
0.405758
0.155737
0.662
0.662
0.662
0.662
0.662
0.662
0.662
0.662
0.197366
0.475867
0.662
0.291817
0.662
0.662
0.291734
0.662
0.140009
0.662
0.662
0.294355
0.662
0.662
0.662
0.662
0.662
0.212939
0.662
0.149124
0.662
0.154248
0.662
0.503152
0.089727
0.662
0.662
0.285558
0.370368
0.400244
0.447126
0.475528
0.662
0.30078
0.662
0.386275
0.662
0.662
0.662
0.234709
0.305329
0.152838
0.662
0.422084
0.26427
0.662
0.662
0.15394
0.662
0.181565
0.456398
0.662
0.0520774
0.662
0.359166
0.419134
0.415277
0.324258
0.662
0.662
0.662
0.662
0.230479
0.662
0.662
0.662
0.662
0.662
0.421791
0.257758
0.662
0.662
0.662
0.662
0.206193
0.158232
0.234732
0.0153708
0.662
0.360108
0.662
0.662
0.290458
0.401851
0.415498
0.642655
0.662
0.0495574
0.662
0.662
0.662
0.662
0.336916
0.662
0.229774
0.662
0.127191
0.0938796
0.662
0.0740954
0.662
0.194448
0.018077
0.283591
0.662
0.000945136
0.662
0.662
0.662
0.635485
0.662
0.251885
0.461958
0.662
0.406209
0.256886
0.47955
0.662
0.413873
0.0420111
0.271558
0.0497194
0.662
0.397504
0.155816
0.325367
0.662
0.662
0.447214
0.351214
0.65763
0.250971
0.359831
0.662
0.455761
0.280573
0.191243
0.239356
0.662
0.662
0.466168
0.41824
0.662
0.225862
0.662
0.662
0.662
0.662
0.662
0.356422
0.662
0.662
0.449846
0.662
0.662
0.181378
0.489539
0.344204
0.23243
0.662
0.453094
0.269664
0.25285
0.662
0.662
0.0640977
0.0955788
0.662
0.0514884
0.662
0.091734
0.262879
0.662
0.662
0.42617
0.370182
0.126068
0.662
0.00641225
0.662
0.662
0.381158
0.662
0.194955
0.662
0.0131952
0.146096
0.149863
0.386142
0.662
0.662
0.662
0.573736
0.0155686
0.467745
0.0476381
0.0814225
0.377453
0.424409
0.183083
0.440081
0.293619
0.662
0.244528
0.189607
0.662
0.662
0.167748
0.662
0.662
0.662
0.291651
0.0507939
0.662
0.438214
0.0756796
0.127505
0.354183
0.317333
0.293293
0.54926
0.213207
0.43288
0.196742
0.662
0.662
0.662
0.662
0.327976
0.168429
0.662
0.206296
0.662
0.662
0.662
0.662
0.662
0.316568
0.471956
0.662
0.473349
0.299332
0.662
0.242498
0.662
0.0419438
0.185243
0.662
0.662
0.662
0.662
0.662
0.154797
0.662
0.662
0.211873
0.512827
0.662
0.282664
0.526784
0.25142
0.662
0.662
0.209778
0.662
0.662
0.662
0.152734
0.249808
0.433855
0.477108
0.662
0.662
0.662
0.662
0.662
0.662
0.662
0.662
0.0697186
0.662
0.419592
0.330175
0.213001
0.662
0.662
0.321113
0.0576718
0.662
0.662
0.662
0.3225
0.662
0.364707
0.10267
0.662
0.662
0.634372
0.662
0.199525
0.0644633
0.662
0.380074
0.662
0.662
0.0593162
0.265825
0.0318283
0.33282
0.662
0.300104
0.0786267
0.448544
0.662
0.11412
0.662
0.249144
0.650351
0.662
0.662
0.27251
0.662
0.00134818
0.453282
0.0380531
0.662
0.662
0.211081
0.662
0.662
0.0244781
0.662
0.662
0.186633
0.662
0.262153
0.662
0.181104
0.477983
0.432308
0.308662
0.662
0.428309
0.193089
0.662
0.152835
0.662
0.29363
0.662
0.662
0.662
0.100137
0.280762
0.662
0.137186
0.662
0.662
0.186522
0.095863
0.662
0.662
0.0660865
0.44505
0.131992
0.58565
0.167985
0.288793
0.378553
0.333887
0.662
0.662
0.662
0.219126
0.662
0.662
0.186178
0.662
0.662
0.662
0.662
0.0556337
0.303152
0.434961
0.119859
0.662
0.662
0.577616
0.33378
0.662
0.247343
0.249346
0.0220633
0.279871
0.662
0.662
0.662
0.649666
0.424394
0.384443
0.662
0.392358
0.662
0.412667
0.100942
0.662
0.329641
0.0287964
0.113393
0.662
0.662
0.662
0.662
0.662
0.662
0.483055
0.662
0.662
0.662
0.662
0.353972
0.662
0.662
0.392275
0.0616003
0.226074
0.376483
0.164568
0.662
0.250443
0.391935
0.662
0.662
0.427672
0.0622591
0.092561
0.426045
0.662
0.0405641
0.662
0.662
0.0650969
0.629706
0.662
0.544712
0.662
0.662
0.322849
0.311631
0.662
0.662
0.662
0.0584496
0.131299
0.662
0.14771
0.662
0.40656
0.662
0.45025
0.662
0.2527
0.662
0.662
0.662
0.306935
0.662
0.303529
0.662
0.662
0.270543
0.48399
0.662
0.155336
0.662
0.298702
0.34687
0.045914
0.662
0.072913
0.453898
0.180554
0.371339
0.662
0.0605486
0.244627
0.397294
0.662
0.163729
0.416528
0.662
0.662
0.243586
0.662
0.662
0.385311
0.662
0.662
0.662
0.445665
0.662
0.10836
0.662
0.662
0.309223
0.15922
0.474243
0.0703124
0.147877
0.157233
0.188556
0.662
0.662
0.0584759
0.213013
0.662
0.0451265
0.662
0.662
0.131022
0.216761
0.662
0.662
0.662
0.662
0.0200357
0.419767
0.662
0.662
0.320804
0.662
0.662
0.662
0.477441
0.662
0.225182
0.662
0.662
0.662
0.211303
0.662
0.176319
0.662
0.662
0.662
0.0378381
0.662
0.662
0.46522
0.662
0.662
0.662
0.662
0.446724
0.448321
0.662
0.383881
0.449216
0.428733
0.112841
0.662
0.359992
0.00334097
0.662
0.263052
0.662
0.662
0.430266
0.105136
0.187174
0.662
0.662
0.384065
0.662
0.471659
0.550949
0.2837
0.312053
0.662
0.662
0.662
0.662
0.314237
0.33827
0.0312216
0.662
0.662
0.486859
0.662
0.662
0.662
0.662
0.662
0.109871
0.662
0.387498
0.662
0.662
0.662
0.662
0.662
0.662
0.662
0.662
0.662
0.00387882
0.201289
0.662
0.527046
0.361168
0.662
0.433324
0.0827943
0.236426
0.189833
0.662
0.173008
0.197926
0.467772
0.662
0.324243
0.662
0.662
0.662
0.662
0.662
0.662
0.662
0.153045
0.662
0.662
0.662
0.662
0.662
0.267071
0.584547
0.29977
0.502508
0.264994
0.225691
0.662
0.662
0.425405
0.0242917
0.43314
0.369169
0.0168752
0.322323
0.313109
0.401846
0.662
0.537897
0.519619
0.662
0.3159
0.420289
0.142055
0.595457
0.662
0.662
0.662
0.614823
0.333892
0.662
0.662
0.662
0.401062
0.662
0.662
0.211147
0.662
0.662
0.662
0.21568
0.256863
0.662
0.662
0.285451
0.662
0.528141
0.662
0.662
0.662
0.662
0.587275
0.662
0.662
0.662
0.662
0.384878
0.662
0.662
0.662
0.417133
0.662
0.662
0.451362
0.33581
0.210043
0.662
0.662
0.662
0.322916
0.189239
0.311708
0.662
0.662
0.258623
0.662
0.662
0.662
0.662
0.477179
0.662
0.662
0.662
0.255267
0.662
0.662
0.205007
0.662
0.300132
0.233073
0.662
0.662
0.662
0.662
0.662
0.662
0.366799
0.662
0.0542805
0.424585
0.662
0.342526
0.0627013
0.662
0.0677126
0.662
0.662
0.662
0.662
0.662
0.662
0.0373554
0.300847
0.394787
0.398347
0.662
0.216541
0.662
0.392365
0.662
0.662
0.662
0.170969
0.375108
0.0368522
0.171872
0.24558
0.662
0.662
0.662
0.662
0.498393
0.359087
0.108186
0.481489
0.662
0.662
0.662
0.662
0.190392
0.662
0.0167815
0.662
0.662
0.479839
0.428909
0.662
0.662
0.662
0.662
0.662
0.186141
0.100625
0.662
0.311148
0.662
0.252823
0.662
0.662
0.127425
0.662
0.662
0.416278
0.662
0.662
0.471927
0.0129292
0.0252187
0.332405
0.662
0.662
0.662
0.662
0.662
0.662
0.353346
0.662
0.25744
0.396292
0.265758
0.0417911
0.0466694
0.662
0.662
0.662
0.0363022
0.662
0.662
0.0102344
0.372183
0.662
0.662
0.662
0.00760169
0.504386
0.524005
0.662
0.662
0.662
0.471466
0.662
0.662
0.662
0.304999
0.428779
0.662
0.662
0.662
0.353639
0.63339
0.662
0.662
0.120174
0.662
0.0172027
0.286773
0.662
0.662
0.0450584
0.211557
0.363202
0.662
0.186856
0.662
0.104575
0.231017
0.307668
0.662
0.128662
0.227773
0.662
0.338748
0.662
0.662
0.0417845
0.425713
0.662
0.662
0.260694
0.662
0.444572
0.662
0.662
0.0119478
0.394943
0.662
0.662
0.662
0.147964
0.662
0.514568
0.662
0.389449
0.0990299
0.662
0.662
0.264005
0.662
0.662
0.662
0.662
0.0418097
0.616132
0.359856
0.662
0.210468
0.357666
0.662
0.0494606
0.151953
0.0969979
0.0518318
0.662
0.474416
0.662
0.662
0.446223
0.53814
0.662
0.662
0.662
0.33633
0.662
0.662
0.662
0.479257
0.662
0.0565586
0.125569
0.662
0.253878
0.653841
0.662
0.426999
0.306719
0.00502225
0.662
0.078466
0.481013
0.228338
0.463087
0.476752
0.662
0.662
0.423483
0.662
0.10913
0.662
0.270228
0.662
0.456966
0.42134
0.662
0.662
0.412298
0.145645
0.662
0.424571
0.662
0.190038
0.323995
0.526087
0.294063
0.662
0.199156
0.120876
0.420297
0.662
0.335503
0.662
0.662
0.662
0.662
0.162474
0.662
0.662
0.662
