0.662
0.662
0.278912
0.094723
0.662
0.279662
0.568355
0.662
0.43094
0.334036
0.492786
0.662
0.662
0.353134
0.662
0.0759579
0.662
0.662
0.662
0.0707151
0.662
0.662
0.418944
0.142464
0.662
0.115259
0.273778
0.42549
0.662
0.662
0.662
0.121665
0.118039
0.371646
0.662
0.251247
0.158323
0.662
0.662
0.662
0.662
0.662
0.662
0.662
0.424838
0.662
0.662
0.178969
0.662
0.662
0.662
0.662
0.352252
0.662
0.557946
0.0954614
0.662
0.662
0.554188
0.305937
0.662
0.662
0.662
0.212056
0.662
0.662
0.188246
0.662
0.662
0.367274
0.662
0.172211
0.662
0.662
0.662
0.662
0.662
0.201568
0.288085
0.662
0.0449655
0.662
0.517056
0.662
0.662
0.662
0.473341
0.0792803
0.662
0.662
0.0352315
0.117028
0.427787
0.662
0.216519
0.113556
0.662
0.662
0.662
0.662
0.662
0.662
0.354927
0.662
0.297915
0.662
0.662
0.662
0.662
0.417685
0.662
0.662
0.401977
0.0350183
0.596034
0.662
0.225942
0.129831
0.662
0.127832
0.0146334
0.385391
0.147983
0.0297254
0.662
0.362028
0.0558628
0.319796
0.662
0.0261103
0.306665
0.412268
0.662
0.247612
0.662
0.662
0.662
0.662
0.365085
0.662
0.423254
0.662
0.662
0.465825
0.425787
0.662
0.103038
0.662
0.662
0.227879
0.662
0.348029
0.160172
0.368458
0.259117
0.662
0.662
0.662
0.090249
0.662
0.662
0.0553601
0.662
0.662
0.233973
0.120364
0.138115
0.268829
0.096938
0.00131067
0.0734056
0.662
0.479005
0.662
0.662
0.283907
0.662
0.107917
0.662
0.662
0.662
0.170864
0.376497
0.662
0.662
0.662
0.662
0.662
0.662
0.305332
0.39014
0.229785
0.662
0.662
0.623869
0.662
0.366352
0.44961
0.167848
0.662
0.137775
0.662
0.662
0.662
0.235836
0.167381
0.283853
0.662
0.320471
0.38372
0.662
0.410899
0.14129
0.662
0.662
0.662
0.384582
0.662
0.662
0.662
0.264148
0.281073
0.662
0.662
0.662
0.179418
0.267922
0.662
0.662
0.662
0.212058
0.205889
0.662
0.52133
0.428756
0.0366972
0.237581
0.413087
0.662
0.662
0.662
0.662
0.662
0.362968
0.450817
0.662
0.375242
0.576661
0.662
0.662
0.236172
0.415884
0.662
0.124322
0.662
0.280793
0.662
0.0685297
0.256462
0.472514
0.662
0.110227
0.662
0.2833
0.457652
0.0439952
0.189558
0.422363
0.662
0.662
0.475044
0.47184
0.464449
0.317305
0.225461
0.108431
0.662
0.357232
0.305878
0.197519
0.115633
0.662
0.662
0.662
0.249747
0.662
0.662
0.662
0.662
0.331788
0.662
0.662
0.662
0.662
0.438426
0.298501
0.047567
0.0642036
0.25732
0.307587
0.466884
0.129395
0.662
0.662
0.662
0.0255941
0.261267
0.194716
0.662
0.662
0.662
0.547721
0.155495
0.441246
0.477522
0.662
0.662
0.276028
0.322336
0.031799
0.0494379
0.26569
0.662
0.33921
0.662
0.662
0.134562
0.662
0.425161
0.662
0.662
0.662
0.662
0.202169
0.199516
0.662
0.447186
0.335133
0.303664
0.315328
0.220521
0.43202
0.0961314
0.662
0.170154
0.237462
0.126925
0.247656
0.662
0.662
0.430551
0.326677
0.662
0.662
0.662
0.0625151
0.0843153
0.176192
0.335154
0.662
0.454998
0.662
0.225288
0.662
0.268514
0.662
0.662
0.662
0.662
0.662
0.441721
0.662
0.662
0.311022
0.662
0.662
0.662
0.431876
0.314253
0.662
0.139793
0.282457
0.148664
0.662
0.662
0.18504
0.355492
0.662
0.629706
0.662
0.076962
0.414262
0.333033
0.399806
0.218596
0.662
0.662
0.662
0.662
0.410069
0.375595
0.323232
0.00625657
0.501858
0.263074
0.256005
0.217031
0.662
0.662
0.116556
0.266212
0.33867
0.22032
0.662
0.335668
0.662
0.662
0.662
0.271003
0.662
0.474042
0.442134
0.662
0.662
0.662
0.662
0.246831
0.390671
0.476686
0.123382
0.662
0.00464753
0.662
0.534438
0.662
0.551997
0.0528178
0.662
0.662
0.322744
0.662
0.171608
0.662
0.457089
0.0462588
0.662
0.662
0.662
0.479613
0.662
0.662
0.662
0.299349
0.426699
0.662
0.0286653
0.662
0.662
0.662
0.148719
0.662
0.662
0.662
0.662
0.422737
0.662
0.186814
0.421404
0.14532
0.409844
0.662
0.662
0.434956
0.143117
0.662
0.662
0.662
0.242884
0.662
0.41486
0.662
0.662
0.402006
0.333759
0.662
0.662
0.199232
0.183747
0.662
0.662
0.558741
0.662
0.301594
0.662
0.53263
0.118159
0.662
0.0183831
0.662
0.662
0.229751
0.662
0.662
0.662
0.662
0.662
0.457266
0.662
0.454178
0.174255
0.0448398
0.0926326
0.05757
0.662
0.662
0.662
0.662
0.662
0.0806609
0.409856
0.662
0.662
0.0879125
0.229193
0.015244
0.662
0.488324
0.662
0.347019
0.662
0.413714
0.362833
0.445535
0.423016
0.544515
0.662
0.662
0.284339
0.662
0.567734
0.662
0.662
0.662
0.662
0.231597
0.353149
0.662
0.0189425
0.633694
0.662
0.242496
0.335
0.274837
0.662
0.662
0.408799
0.241383
0.662
0.662
0.0817135
0.662
0.0951524
0.662
0.662
0.312618
0.662
0.383442
0.169001
0.0642529
0.172844
0.415842
0.206372
0.211182
0.662
0.550066
0.662
0.141439
0.0512754
0.662
0.662
0.472325
0.662
0.221134
0.662
0.662
0.662
0.662
0.154377
0.465303
0.331632
0.662
0.662
0.662
0.196558
0.662
0.308574
0.662
0.166074
0.662
0.662
0.662
0.165442
0.174557
0.662
0.662
0.379968
0.189401
0.662
0.353213
0.194814
0.662
0.662
0.662
0.11294
0.382888
0.503739
0.662
0.407131
0.21314
0.363931
0.0775362
0.662
0.662
0.662
0.662
0.459464
0.37506
0.662
0.662
0.224028
0.435812
0.139211
0.662
0.246867
0.210092
0.012741
0.314594
0.0284976
0.0113044
0.205536
0.662
0.662
0.136752
0.161581
0.662
0.662
0.662
0.662
0.662
0.302281
0.519293
0.342235
0.662
0.0672169
0.645823
0.461322
0.662
0.662
0.452551
0.662
0.422437
0.662
0.486124
0.346038
0.662
0.133772
0.662
0.410456
0.662
0.662
0.148806
0.082011
0.0836152
0.662
0.425615
0.462268
0.662
0.604835
0.245314
0.662
0.662
0.224013
0.254807
0.250268
0.662
0.348289
0.662
0.0642328
0.208264
0.156863
0.662
0.239847
0.430966
0.662
0.163546
0.662
0.337898
0.662
0.662
0.662
0.662
0.355696
0.662
0.662
0.662
0.662
0.662
0.662
0.662
0.0452877
0.662
0.662
0.100909
0.662
0.662
0.662
0.658792
0.0996931
0.477502
0.475271
0.662
0.662
0.0105192
0.662
0.0609056
0.412051
0.0875278
0.201715
0.662
0.106158
0.662
0.662
0.662
0.474116
0.473135
0.662
0.662
0.662
0.662
0.662
0.662
