0.191404
0.662
0.662
0.423426
0.0733715
0.179524
0.662
0.19696
0.662
0.662
0.662
0.662
0.662
0.662
0.450206
0.662
0.662
0.662
0.662
0.191835
0.662
0.662
0.662
0.662
0.662
0.662
0.662
0.662
0.662
0.662
0.662
0.103622
0.476686
0.662
0.148785
0.662
0.662
0.662
0.440319
0.407131
0.348221
0.126999
0.662
0.308574
0.43674
0.662
0.163546
0.662
0.662
0.662
0.662
0.662
0.23383
0.399225
0.473135
0.174824
0.662
0.604835
0.662
0.100827
0.402526
0.0978216
0.421678
0.22032
0.662
0.367482
0.662
0.124265
0.283412
0.662
0.662
0.179587
0.662
0.662
0.633694
0.313844
0.662
0.380272
0.0654438
0.162334
0.380788
0.410899
0.441641
0.186565
0.249117
0.479005
0.662
0.662
0.662
0.662
0.662
0.633391
0.662
0.662
0.107428
0.240803
0.0874093
0.662
0.662
0.662
0.662
0.662
0.425976
0.305687
0.348289
0.662
0.662
0.473739
0.662
0.275983
0.431037
0.369531
0.205889
0.662
0.482192
0.662
0.0961314
0.662
0.662
0.662
0.662
0.662
0.662
0.194716
0.662
0.662
0.517081
0.141107
0.216519
0.225288
0.230882
0.298501
0.364239
0.338138
0.662
0.662
0.209485
0.662
0.031799
0.662
0.225021
0.225461
0.461448
0.662
0.294913
0.662
0.193577
0.368667
0.15499
0.662
0.368734
0.340045
0.550066
0.662
0.0926839
0.662
0.662
0.205536
0.499641
0.662
0.662
0.662
0.662
0.662
0.0352315
0.157157
0.662
0.662
0.662
0.662
0.662
0.662
0.110227
0.305062
0.662
0.490333
0.135929
0.662
0.414131
0.662
0.508409
0.472325
0.662
0.139089
0.662
0.662
0.662
0.133971
0.662
0.662
0.362968
0.662
0.662
0.115942
0.0941436
0.150014
0.0448398
0.350748
0.662
0.0740243
0.662
0.662
0.108826
0.662
0.662
0.662
0.146686
0.662
0.662
0.304906
0.313038
0.0556183
0.662
0.662
0.180154
0.662
0.662
0.662
0.662
0.662
0.0996931
0.662
0.0439952
0.285583
0.662
0.662
0.385278
0.662
0.409052
0.245588
0.235382
0.187851
0.662
0.662
0.419315
0.662
0.331467
0.158323
0.662
0.213708
0.662
0.137775
0.44961
0.356499
0.662
0.50041
0.278912
0.662
0.662
0.662
0.662
0.662
0.662
0.398352
0.200427
0.346369
0.662
0.662
0.120587
0.567734
0.662
0.0909868
0.175301
0.662
0.662
0.662
0.662
0.662
0.662
0.368767
0.662
0.662
0.662
0.303142
0.662
0.662
0.662
0.662
0.662
0.413351
0.662
0.662
0.662
0.213899
0.662
0.662
0.253173
0.281073
0.662
0.662
0.662
0.662
0.662
0.662
0.662
0.0670866
0.431876
0.662
0.662
0.602153
0.662
0.662
0.662
0.43104
0.662
0.662
0.365788
0.662
0.662
0.220545
0.662
0.256462
0.662
0.458549
0.662
0.662
0.662
0.0857837
0.21086
0.662
0.662
0.264692
0.662
0.206611
0.662
0.662
0.392393
0.662
0.662
0.662
0.212058
0.662
0.662
0.224646
0.462128
0.14902
0.448906
0.00131067
0.233973
0.0707054
0.662
0.662
0.662
0.0113044
0.354927
0.596034
0.282457
0.000673648
0.38467
0.662
0.325786
0.662
0.201715
0.662
0.462905
0.662
0.662
0.459464
0.0978751
0.662
0.662
0.662
0.662
0.2223
0.662
0.662
0.662
0.117697
0.662
0.0759579
0.362833
0.293542
0.47184
0.662
0.662
0.662
0.662
0.0474447
0.196512
0.662
0.623869
0.435812
0.662
0.382914
0.0562999
0.662
0.288174
0.422507
0.662
0.662
0.465825
0.38372
0.662
0.662
0.662
0.52133
0.199232
0.607263
0.662
0.662
0.219728
0.174557
0.416122
0.662
0.205142
0.144901
0.662
0.102707
0.225463
0.308751
0.196578
0.428122
0.244508
0.662
0.662
0.662
0.221194
0.662
0.41697
0.25732
0.662
0.662
0.0708458
0.662
0.662
0.662
0.637266
0.427637
0.662
0.275037
0.662
0.404873
0.191527
0.0642529
0.662
0.662
0.662
0.662
0.241797
0.548588
0.662
0.124209
0.0568865
0.662
0.662
0.21463
0.0181221
0.217567
0.041864
0.617556
0.662
0.662
0.662
0.662
0.662
0.241821
0.662
0.662
0.312618
0.294877
0.130336
0.387341
0.662
0.348029
0.662
0.662
0.662
0.662
0.236715
0.403885
0.662
0.662
0.275715
0.196096
0.0368435
0.662
0.662
0.508064
0.662
0.148719
0.375595
0.662
0.662
0.452085
0.662
0.662
0.0440514
0.662
0.662
0.662
0.160652
0.303074
0.291406
0.0734056
0.0184614
0.441596
0.249747
0.445535
0.311022
0.658792
0.662
0.662
0.662
0.662
0.0412012
0.280793
0.312928
0.662
0.662
0.662
0.42549
0.130196
0.11771
0.662
0.662
0.662
0.120364
0.662
0.271003
0.662
0.662
0.662
0.165021
0.662
0.662
0.167851
0.662
0.277645
0.0494142
0.662
0.662
0.662
0.662
0.103038
0.662
0.117028
0.309293
0.662
0.662
0.662
0.0119995
0.468367
0.338308
0.662
0.486124
0.662
0.416877
0.547561
0.662
0.662
0.107917
0.309254
0.662
0.662
0.662
0.662
0.115903
0.662
0.662
0.662
0.662
0.662
0.314594
0.662
0.424838
0.662
0.00613445
0.662
0.031367
0.662
0.662
0.353213
0.255908
0.40024
0.37443
0.441246
0.242884
0.662
0.662
0.311331
0.00464753
0.000768917
0.0155033
0.00144833
0.662
0.662
0.0211541
0.562632
0.277456
0.378531
0.382888
0.662
0.662
0.662
0.0293025
0.662
0.144238
0.56262
0.278523
0.662
0.662
0.662
0.471603
0.461932
0.662
0.096938
0.662
0.662
0.0308916
0.662
0.415884
0.662
0.662
0.101983
0.319796
0.253495
0.662
0.258159
0.528486
0.148806
0.332024
0.0370121
0.662
0.662
0.662
0.174942
0.662
0.662
0.331788
0.402006
0.662
0.662
0.662
0.662
0.662
0.662
0.204299
0.662
0.662
0.662
0.662
0.662
0.50191
0.347581
0.662
0.662
0.0845237
