0.150561
0.662
0.160172
0.662
0.662
0.662
0.662
0.367482
0.179587
0.171997
0.319796
0.662
0.662
0.348221
0.662
0.662
0.407131
0.662
0.312928
0.662
0.662
0.662
0.404432
0.662
0.662
0.662
0.308418
0.662
0.662
0.201552
0.255908
0.662
0.133772
0.381829
0.0494142
0.191802
0.662
0.0448398
0.256462
0.662
0.0773081
0.662
0.662
0.131299
0.662
0.167381
0.662
0.662
0.662
0.662
0.354927
0.662
0.662
0.662
0.385278
0.331467
0.662
0.471603
0.662
0.662
0.662
0.662
0.0734056
0.311331
0.662
0.179524
0.22032
0.00144833
0.662
0.124265
0.101983
0.662
0.120364
0.110227
0.662
0.42549
0.306453
0.662
0.320471
0.103622
0.187851
0.476686
0.662
0.662
0.334463
0.662
0.413087
0.501584
0.662
0.0293025
0.662
0.410899
0.219082
0.459329
0.280793
0.662
0.404873
0.662
0.167851
0.662
0.662
0.662
0.482192
0.275715
0.662
0.662
0.662
0.662
0.266212
0.282457
0.662
0.268514
0.346369
0.662
0.202595
0.662
0.662
0.38467
0.662
0.662
0.338138
0.662
0.199232
0.445535
0.637266
0.662
0.662
0.662
0.662
0.157546
0.662
0.201715
0.158323
0.410456
0.291603
0.662
0.21463
0.414628
0.308574
0.662
0.662
0.662
0.662
0.662
0.662
0.662
0.0984869
0.662
0.662
0.0941436
0.0350744
0.662
0.662
0.0642328
0.376135
0.662
0.662
0.662
0.566508
0.662
0.662
0.0996931
0.662
0.117697
0.662
0.662
0.201568
0.236715
0.662
0.52133
0.662
0.662
0.662
0.392393
0.115942
0.662
0.662
0.662
0.662
0.662
0.084722
0.00131067
0.662
0.662
0.662
0.356499
0.662
0.431037
0.662
0.14532
0.419315
0.415842
0.0670866
0.662
0.244508
0.662
0.662
0.096938
0.662
0.295344
0.277645
0.662
0.662
0.662
0.239478
0.662
0.662
0.148806
0.181124
0.662
0.662
0.662
0.662
0.18631
0.662
0.000673648
0.662
0.121158
0.662
0.662
0.249747
0.408799
0.662
0.662
0.662
0.168224
0.662
0.662
0.353213
0.662
0.139089
0.662
0.312618
0.148719
0.253495
0.291406
0.294913
0.623869
0.424838
0.221194
0.493579
0.662
0.63339
0.662
0.239591
0.107917
0.415884
0.205889
0.662
0.662
0.662
0.662
0.662
0.662
0.364239
0.0184614
0.156863
0.220545
0.311022
0.0125706
0.00464753
0.617556
0.0441335
0.662
0.662
0.47184
0.662
0.662
0.662
0.344386
0.662
0.662
0.662
0.0183831
0.604835
0.662
0.662
0.205536
0.662
0.369531
0.163546
0.0407495
0.44961
0.662
0.204033
0.267922
0.662
0.280033
0.662
0.662
0.662
0.662
0.662
0.662
0.662
0.662
0.662
0.499084
0.662
0.662
0.331788
0.662
0.662
0.303074
0.662
0.662
0.662
0.662
0.225288
0.293542
0.662
0.662
0.662
0.662
0.662
0.120587
0.114435
0.662
0.271003
0.278912
0.41697
0.662
0.662
0.662
0.662
0.194716
0.0018638
0.472325
0.662
0.662
0.662
0.662
0.662
0.662
0.148785
0.662
0.662
0.174557
0.662
0.662
0.327772
0.202306
0.50191
0.414306
0.309293
0.662
0.662
0.225461
0.662
0.662
0.258667
0.662
0.662
0.212691
0.662
0.0452877
0.305687
0.316395
0.0113044
0.662
0.662
0.0951524
0.012741
0.662
0.26569
0.662
0.662
0.150014
0.216519
0.165442
0.0725342
0.189877
0.146686
0.662
0.662
0.0352315
0.134562
0.662
0.115903
0.303455
0.662
0.662
0.662
0.298501
0.662
0.662
0.662
0.0439952
0.196578
0.662
0.567734
0.268829
0.662
0.237581
0.662
0.0440514
0.662
0.506283
0.662
0.195464
0.662
0.662
0.40024
0.332024
0.382888
0.137775
0.662
0.662
0.465825
0.662
0.662
0.465442
0.662
0.662
0.242884
0.486124
0.662
0.662
0.662
0.117028
0.338308
0.662
0.27017
0.662
0.528486
0.596034
0.548588
0.662
0.0740243
0.662
0.662
0.404514
0.00660619
0.108826
0.217567
0.662
0.662
0.348289
0.662
0.662
0.662
0.459464
0.209485
0.421678
0.662
0.662
0.662
0.662
0.362833
0.662
0.662
0.662
0.662
0.232831
0.662
0.436229
0.177514
0.662
0.662
0.179418
0.638339
0.304906
0.0412012
0.482739
0.662
0.662
0.662
0.523649
0.662
0.031799
0.662
0.662
0.423855
0.129831
0.662
0.441246
0.313038
0.662
0.38372
0.37443
0.445938
0.662
0.662
0.662
0.276011
0.662
0.662
0.662
0.461573
0.458549
0.452085
0.662
0.461932
0.0759579
0.402526
0.402006
0.22862
0.662
0.662
0.610725
0.662
0.662
0.390671
0.662
0.362968
0.662
0.423254
0.662
0.314594
0.11771
0.43674
0.0368548
0.290128
0.33867
0.662
0.662
0.662
0.473135
0.662
0.0845237
0.461448
0.662
0.662
0.662
0.508409
0.662
0.662
0.242496
0.0961314
0.196512
0.662
0.662
0.662
0.662
0.000768917
0.285583
0.464368
0.662
0.662
0.413714
0.662
0.05757
0.662
0.50041
0.662
0.245588
0.662
0.313844
0.662
0.662
0.662
0.662
0.662
0.662
0.662
0.662
0.517081
0.459188
0.45854
0.102707
0.662
0.264654
0.135929
0.145456
0.107428
0.662
0.103038
0.0857837
0.662
0.253173
0.174942
0.0976321
0.0708458
0.0654438
0.144238
0.130196
0.399225
0.662
0.303142
0.607263
0.662
0.212058
0.431876
0.662
0.662
0.662
0.662
0.261267
0.662
0.662
0.239847
0.277456
0.662
0.142464
0.186708
0.662
0.430551
0.662
0.662
0.35219
0.0874093
0.213899
0.662
0.662
0.436711
0.662
0.0957849
0.662
0.416877
0.165021
0.662
0.662
0.275037
0.144646
0.662
0.479005
0.662
0.662
0.662
0.115259
0.382914
0.367738
0.233973
0.658792
0.662
0.0685297
0.427637
0.662
0.279662
0.442965
0.662
0.348029
0.348573
0.662
0.662
0.662
0.186565
0.410793
0.442699
0.662
0.662
0.662
0.662
0.550066
0.662
0.283412
0.256005
0.527735
0.307052
0.14902
0.375595
0.196096
0.0368435
0.662
0.41967
0.281073
0.32532
0.381647
0.662
0.312023
0.662
0.662
0.662
0.0243413
0.662
0.19696
0.143117
0.120778
