0.662
0.196098
0.662
0.662
0.662
0.445535
0.662
0.358545
0.662
0.662
0.198173
0.662
0.662
0.662
0.662
0.347289
0.347961
0.662
0.662
0.662
0.546367
0.662
0.662
0.662
0.662
0.662
0.662
0.662
0.556689
0.662
0.662
0.0325892
0.414305
0.662
0.273339
0.627706
0.418436
0.312066
0.662
0.662
0.662
0.662
0.662
0.662
0.662
0.350695
0.662
0.232536
0.662
0.0102474
0.662
0.290047
0.662
0.266182
0.662
0.285399
0.662
0.662
0.345605
0.662
0.282506
0.662
0.325773
0.473596
0.405434
0.662
0.662
0.0998604
0.662
0.662
0.0217074
0.662
0.319602
0.662
0.662
0.662
0.458205
0.117174
0.228923
0.662
0.662
0.0925799
0.662
0.279653
0.574552
0.233795
0.662
0.662
0.32532
0.631016
0.422155
0.662
0.662
0.280391
0.606825
0.662
0.410797
0.662
0.22302
0.29415
0.662
0.30508
0.662
0.133378
0.662
0.186575
0.380805
0.00636735
0.662
0.662
0.0920515
0.0189425
0.662
0.441258
0.235818
0.662
0.662
0.662
0.408013
0.27778
0.0315306
0.417922
0.662
0.196764
0.662
0.415679
0.364941
0.662
0.662
0.160172
0.205775
0.180251
0.662
0.662
0.662
0.440349
0.512641
0.662
0.425615
0.0484611
0.662
0.662
0.662
0.662
0.662
0.662
0.662
0.662
0.426621
0.306369
0.283615
0.662
0.662
0.662
0.484827
0.662
0.062068
0.370594
0.662
0.434491
0.662
0.662
0.302281
0.320557
0.15052
0.023847
0.373372
0.662
0.662
0.662
0.210092
0.0255941
0.203146
0.662
0.378832
0.662
0.662
0.251265
0.662
0.662
0.228527
0.153231
0.20465
0.0310687
0.662
0.0430787
0.0942194
0.221267
0.221837
0.662
0.193523
0.662
0.633694
0.477502
0.316882
0.245388
0.662
0.370106
0.662
0.545593
0.662
0.413719
0.404632
0.662
0.0713431
0.224028
0.0932371
0.393026
0.662
0.0500903
0.662
0.427625
0.401581
0.662
0.662
0.662
0.174643
0.283718
0.662
0.662
0.217793
0.221683
0.662
0.662
0.0628434
0.0545725
0.662
0.168055
0.662
0.662
0.217418
0.199136
0.662
0.46768
0.662
0.0980424
0.662
0.429067
0.662
0.662
0.102215
0.0890128
0.662
0.0551942
0.0785804
0.662
0.662
0.662
0.662
0.662
0.124672
0.329984
0.662
0.257416
0.443791
0.662
0.150304
0.381763
0.662
0.124709
0.662
0.281466
0.662
0.243215
0.405473
0.662
0.662
0.184046
0.662
0.662
0.25135
0.0755073
0.662
0.662
0.222814
0.662
0.257019
0.14863
0.662
0.662
0.21314
0.662
0.662
0.157241
0.479005
0.305087
0.147552
0.450499
0.662
0.662
0.223498
0.310427
0.207564
0.517283
0.194814
0.21463
0.247372
0.662
0.662
0.662
0.662
0.33921
0.124322
0.442617
0.662
0.375902
0.662
0.315328
0.662
0.448437
0.160708
0.662
0.247656
0.662
0.662
0.0604183
0.662
0.662
0.662
0.359842
0.322744
0.0366972
0.662
0.662
0.662
0.0753603
0.0741089
0.662
0.42905
0.0757249
0.662
0.299954
0.662
0.112821
0.662
0.662
0.00464753
0.662
0.632548
0.662
0.662
0.289943
0.336638
0.662
0.662
0.480298
0.662
0.199232
0.662
0.43039
0.414443
0.0117425
0.662
0.188246
0.471047
0.465008
0.260052
0.0925322
0.411328
0.662
0.662
0.662
0.662
0.654249
0.662
0.309234
0.662
0.662
0.662
0.662
0.199516
0.192052
0.662
0.238263
0.662
0.251247
0.662
0.270898
0.662
0.662
0.154674
0.662
0.662
0.106939
0.133772
0.662
0.409844
0.662
0.662
0.0745619
0.662
0.662
0.449758
0.466216
0.662
0.662
0.662
0.462924
0.267983
0.662
0.177497
0.662
0.662
0.139211
0.662
0.662
0.662
0.662
0.0383087
0.195449
0.200682
0.0530331
0.662
0.245314
0.281964
0.662
0.662
0.223574
0.662
0.662
0.662
0.379883
0.203186
0.178536
0.309389
0.184348
0.334268
0.662
0.662
0.662
0.662
0.662
0.662
0.415589
0.662
0.662
0.662
0.662
0.662
0.662
0.662
0.662
0.346824
0.662
0.112494
0.662
0.119827
0.0817135
0.0203932
0.0627016
0.138491
0.148664
0.205316
0.0346132
0.095221
0.662
0.662
0.457583
0.130508
0.662
0.142924
0.430606
0.016713
0.0733631
0.246414
0.384788
0.100102
0.0182365
0.662
0.662
0.662
0.662
0.112222
0.577761
0.662
0.465227
0.662
0.662
0.316024
0.0727186
0.0625151
0.662
0.0170709
0.662
0.398602
0.662
0.337224
0.662
0.467662
0.662
0.662
0.271245
0.0614048
0.506802
0.662
0.333516
0.296554
0.445572
0.662
0.395265
0.662
0.662
0.101205
0.181333
0.662
0.584005
0.662
0.662
0.426198
0.00353118
0.276011
0.662
0.662
0.662
0.246388
0.662
0.152075
0.662
0.00189781
0.662
0.465018
0.662
0.662
0.662
0.431294
0.662
0.254418
0.662
0.662
0.0556881
0.229193
0.662
0.662
0.464154
0.258487
0.662
0.662
0.206484
0.328846
0.259749
0.662
0.176956
0.662
0.0163336
0.256494
0.389405
0.662
0.395028
0.662
0.662
0.662
0.392449
0.662
0.662
0.662
0.414388
0.662
0.551134
0.662
0.370027
0.414414
0.662
0.662
0.475399
0.12209
0.471202
0.662
0.662
0.662
0.202388
0.189071
0.161675
0.300267
0.662
0.662
0.356872
0.662
0.662
0.662
0.662
0.158844
0.662
0.00166247
0.380308
0.524867
0.662
0.194058
0.662
0.662
0.662
0.407011
0.136752
0.662
0.134562
0.0709411
0.662
0.051298
0.662
0.140934
0.465161
0.662
0.662
0.662
0.662
0.662
0.33338
0.662
0.429785
0.662
0.0719723
0.291761
0.662
0.320328
0.662
0.662
0.126753
0.473995
0.23191
0.322958
0.662
0.662
0.662
0.662
0.662
0.662
0.472623
0.207836
0.0232918
0.662
0.662
0.662
0.662
0.525382
0.662
0.662
0.662
0.194289
0.43138
0.0291163
0.662
0.662
0.662
0.563433
0.39462
0.294857
0.662
0.662
0.662
0.43104
0.300826
0.662
0.241996
0.225938
0.662
0.662
0.662
0.662
0.395582
0.662
0.0879672
0.662
0.662
0.662
0.499043
0.394495
0.662
0.662
0.662
0.662
0.662
0.125677
0.322336
0.662
0.00708785
0.409406
0.662
0.229878
0.312529
0.662
0.662
0.662
0.374492
0.435257
0.211182
0.662
0.421404
0.235961
0.662
0.662
0.662
0.126528
0.662
0.662
0.29313
0.096938
0.662
0.218596
0.331591
0.662
0.662
0.353675
0.662
0.245806
0.138385
0.0321942
0.345154
0.350032
0.129277
0.170864
0.180075
0.288994
0.37148
0.662
0.0452877
0.422356
0.213185
0.662
0.662
0.491254
0.662
0.41922
0.662
0.194362
0.047567
0.662
0.100954
0.662
0.662
0.108893
0.132396
0.662
0.428387
0.434956
0.662
0.662
0.412353
0.309546
0.476004
0.662
0.183753
0.344386
0.662
0.227809
0.662
0.662
0.294971
0.662
0.662
0.662
0.38372
0.662
0.662
0.0443628
0.662
0.662
0.662
0.38742
0.364771
0.0513077
0.662
0.274837
0.662
0.662
0.445115
0.441721
0.662
0.662
0.474381
0.46805
0.662
0.662
0.662
0.105542
0.662
0.662
0.662
0.662
0.0695897
0.662
0.131942
0.191243
0.662
0.662
0.662
0.0903261
0.343407
0.416697
0.127702
0.662
0.346276
0.662
0.611816
0.662
0.662
0.662
0.662
0.662
0.201889
0.00081955
0.391232
0.662
0.428104
0.53263
0.372522
0.662
0.662
0.662
0.662
0.662
0.662
0.139089
0.662
0.662
0.320605
0.662
0.46196
0.58521
0.333151
0.662
0.57335
0.469615
0.242848
0.662
0.662
0.662
0.334295
0.235344
0.512371
0.00568994
0.169558
0.310579
0.331783
0.139946
0.662
0.662
0.368668
0.160026
0.232032
0.463936
0.429498
0.662
0.137262
0.662
0.126961
0.662
0.662
0.662
0.262597
0.662
0.144932
0.250268
0.36876
0.090249
0.662
0.662
0.662
0.662
0.462268
0.662
0.662
0.0424896
0.257604
0.423875
0.662
0.662
0.392934
0.662
0.162689
0.662
0.335655
0.662
0.285605
0.662
0.662
0.368619
0.662
0.488939
0.662
0.662
0.662
0.662
0.662
0.662
0.0869795
0.194407
0.0129814
0.662
0.29819
0.0747413
0.662
0.662
0.662
0.662
0.662
0.662
0.377969
0.662
0.110344
0.662
0.229785
0.435857
0.662
0.592411
0.388621
0.287311
0.662
0.156666
0.662
0.662
0.662
0.662
0.22514
0.662
0.46473
0.353572
0.662
0.662
0.662
0.662
0.0930066
0.662
0.662
0.662
0.00346305
0.0954614
0.662
