0.662
0.199516
0.373372
0.446037
0.662
0.221267
0.221837
0.662
0.0392503
0.283615
0.512371
0.662
0.662
0.662
0.662
0.662
0.294857
0.288994
0.662
0.662
0.314458
0.0319499
0.662
0.662
0.0741089
0.662
0.471327
0.662
0.662
0.662
0.662
0.662
0.662
0.662
0.662
0.47184
0.662
0.662
0.0203932
0.662
0.392449
0.662
0.662
0.242496
0.662
0.159633
0.662
0.662
0.662
0.176956
0.662
0.37443
0.662
0.662
0.355617
0.662
0.662
0.58521
0.662
0.00568994
0.315207
0.662
0.0429975
0.138491
0.662
0.277504
0.429498
0.662
0.499277
0.112222
0.662
0.662
0.662
0.662
0.477502
0.662
0.662
0.662
0.189108
0.355084
0.472991
0.473596
0.662
0.662
0.662
0.662
0.662
0.662
0.219847
0.662
0.662
0.662
0.662
0.662
0.360769
0.662
0.402612
0.662
0.662
0.611816
0.662
0.662
0.662
0.662
0.00693954
0.662
0.14902
0.0843304
0.158242
0.662
0.662
0.662
0.222814
0.662
0.662
0.396103
0.662
0.131942
0.662
0.606825
0.596321
0.57335
0.445598
0.662
0.662
0.662
0.408013
0.662
0.662
0.662
0.662
0.438089
0.125677
0.249602
0.428104
0.224689
0.32532
0.662
0.31306
0.441721
0.0129814
0.662
0.662
0.345154
0.662
0.662
0.662
0.118159
0.375595
0.0204358
0.224288
0.662
0.369935
0.662
0.662
0.662
0.291761
0.662
0.662
0.662
0.662
0.662
0.398443
0.434571
0.662
0.282788
0.662
0.488324
0.662
0.196243
0.29313
0.14129
0.305332
0.196764
0.51676
0.662
0.662
0.0664156
0.0448613
0.502614
0.441246
0.662
0.154674
0.276316
0.0359434
0.148664
0.295752
0.473995
0.662
0.445115
0.662
0.528731
0.662
0.199232
0.662
0.662
0.385972
0.662
0.188246
0.256494
0.15052
0.21697
0.662
0.662
0.662
0.662
0.241821
0.207836
0.662
0.179418
0.662
0.662
0.662
0.662
0.662
0.434956
0.662
0.662
0.662
0.462374
0.1764
0.662
0.213191
0.662
0.662
0.423016
0.372522
0.300826
0.662
0.0925322
0.662
0.662
0.130633
0.662
0.404632
0.218353
0.167025
0.662
0.320471
0.662
0.662
0.662
0.101205
0.662
0.662
0.662
0.271245
0.662
0.0125706
0.662
0.0926326
0.662
0.378832
0.315328
0.335133
0.662
0.662
0.410735
0.121457
0.662
0.662
0.662
0.662
0.446957
0.662
0.450352
0.662
0.167848
0.662
0.662
0.209895
0.201914
0.111942
0.249303
0.00579905
0.0255941
0.662
0.662
0.470045
0.458205
0.662
0.662
0.662
0.375758
0.662
0.662
0.662
0.256053
0.440039
0.662
0.662
0.134562
0.662
0.662
0.662
0.662
0.662
0.662
0.130208
0.662
0.662
0.662
0.551134
0.662
0.287311
0.662
0.0227036
0.662
0.464154
0.46805
0.443678
0.662
0.662
0.510423
0.662
0.0310687
0.662
0.662
0.662
0.662
0.662
0.346038
0.662
0.662
0.0286653
0.662
0.250268
0.440349
0.394079
0.662
0.662
0.436395
0.662
0.662
0.662
0.0208409
0.662
0.459464
0.662
0.335154
0.662
0.475399
0.662
0.662
0.19696
0.662
0.662
0.662
0.374118
0.380133
0.0974687
0.662
0.662
0.170864
0.0753603
0.662
0.445535
0.425285
0.629706
0.662
0.662
0.138385
0.662
0.431294
0.662
0.662
0.246158
0.662
0.582172
0.404432
0.574768
0.662
0.525382
0.216488
0.662
0.096938
0.37167
0.662
0.662
0.236347
0.662
0.409406
0.309389
0.662
0.286788
0.0745619
0.662
0.662
0.662
0.52133
0.662
0.148806
0.294971
0.343763
0.662
0.250911
0.662
0.0111925
0.218596
0.662
0.0732263
0.136752
0.662
0.662
0.662
0.428756
0.662
0.662
0.0545725
0.499043
0.0164133
0.242884
0.662
0.422155
0.662
0.662
0.0111556
0.21463
0.662
0.333759
0.229785
0.374492
0.662
0.528878
0.662
0.440825
0.28613
0.133378
0.662
0.662
0.662
0.662
0.662
0.506802
0.662
0.662
0.662
0.182896
0.0604183
0.320968
0.662
0.662
0.00353118
0.662
0.662
0.546367
0.352187
0.662
0.41506
0.139211
0.296768
0.662
0.434034
0.480413
0.662
0.375902
0.175073
0.662
0.662
0.662
0.662
0.662
0.662
0.662
0.320557
0.212056
0.0817135
0.43039
0.401581
0.662
0.322336
0.0709411
0.054876
0.42549
0.174557
0.662
0.662
0.662
0.137711
0.274837
0.457583
0.662
0.662
0.288085
0.662
0.662
0.0325892
0.144262
0.354559
0.126753
0.662
0.108893
0.181228
0.662
0.662
0.187452
0.0448398
0.662
0.662
0.662
0.0189425
0.662
0.346276
0.228527
0.662
0.662
0.43934
0.662
0.662
0.662
0.53263
0.281298
0.662
0.262355
0.376497
0.662
0.662
0.662
0.662
0.124322
0.662
0.662
0.662
0.335668
0.360563
0.662
0.662
0.662
0.272384
0.38742
0.462268
0.238267
0.662
0.662
0.662
0.355506
0.465018
0.662
0.662
0.363989
0.596034
0.563882
0.541099
0.433847
0.662
0.662
0.662
0.662
0.00464753
0.662
0.662
0.662
0.662
0.090249
0.417922
0.662
0.662
0.278558
0.662
0.662
0.662
0.577761
0.662
0.662
0.662
0.527364
0.662
0.266409
0.200682
0.473135
0.662
0.662
0.239449
0.475035
0.662
0.165177
0.662
0.662
0.540475
0.662
0.662
0.430606
0.201568
0.662
0.662
0.662
0.217418
0.662
0.465008
0.662
0.662
0.662
0.224028
0.325773
0.662
0.0413111
0.662
0.0146544
0.382949
0.662
0.662
0.476004
0.39462
0.441553
0.662
0.662
0.244293
0.662
0.662
0.310427
0.207564
0.662
0.662
0.662
0.662
0.662
0.33921
0.102643
0.662
0.662
0.662
0.119361
0.00166247
0.662
0.662
0.0513077
0.431271
0.662
0.662
0.150365
0.662
0.662
0.662
0.143027
0.168974
0.410899
0.156672
0.179457
0.0346132
0.662
0.198014
0.662
0.662
0.662
0.0890128
0.662
0.432047
0.326677
0.276011
0.109313
0.0733631
0.662
0.662
0.662
0.467662
0.0057871
0.407411
0.662
0.662
0.662
0.662
0.322958
0.662
0.306369
0.0424896
0.425615
0.191035
0.130468
0.472623
0.370106
0.0589201
0.662
0.25338
0.118039
0.574552
0.662
0.319602
0.417176
0.662
0.662
0.662
0.115691
0.013793
0.662
0.662
0.662
0.187838
0.0685297
0.662
0.662
0.662
0.254869
0.100954
0.662
0.0462746
0.592411
0.00133406
0.662
0.142967
0.662
0.0170709
0.662
0.662
0.0295924
0.411749
0.662
0.662
0.245314
0.0452877
0.348578
0.421404
0.175608
0.00189781
0.662
0.662
0.662
0.11294
0.266182
0.309234
0.377969
0.662
0.662
0.117028
0.605065
0.662
0.662
0.662
0.0203932
0.662
0.557945
0.0163336
0.662
0.21314
0.662
0.662
0.304997
0.662
0.662
0.191243
0.662
0.662
0.662
0.435257
0.211182
0.047567
0.115259
0.662
0.662
0.662
0.160001
0.604835
0.210092
0.185049
0.316024
0.308464
0.232764
0.662
0.662
0.289943
0.225968
0.322744
0.0672169
0.662
0.662
0.662
0.662
0.320328
0.662
0.0128461
0.46196
0.0551942
0.662
0.662
0.662
0.662
0.662
0.662
0.662
0.662
0.662
0.414305
0.43138
0.0291163
0.246388
0.662
0.219128
0.662
0.662
0.174643
0.0575146
0.454788
0.662
0.368619
0.662
0.370027
0.181342
0.662
0.662
0.662
0.662
0.662
0.51551
0.512234
0.662
0.662
0.205683
0.662
0.139089
0.662
0.662
0.2338
0.0430787
0.409844
0.37148
0.662
0.194624
0.662
0.167381
0.285411
0.662
0.662
0.225064
0.662
0.162689
0.302281
0.662
0.662
0.479005
0.0484611
0.662
0.662
0.662
0.261362
0.0785804
0.438518
0.477582
0.202581
0.38372
0.662
0.411328
0.409619
0.662
0.662
0.662
0.662
0.384788
0.355492
0.259816
0.662
0.662
0.662
0.354927
0.186575
0.42905
0.251247
0.584005
0.405136
0.286938
0.205697
0.662
0.031367
0.368668
0.662
0.0217074
0.412623
0.662
0.395265
0.199136
0.662
0.662
0.0920515
0.43104
0.388208
0.235818
0.662
0.662
0.160172
0.662
0.662
0.662
0.295811
0.662
0.662
0.094723
0.168055
0.662
0.292429
0.662
0.027462
