0.662
0.331467
0.662
0.662
0.0845237
0.0352315
0.348221
0.662
0.0793612
0.662
0.662
0.662
0.662
0.0696847
0.662
0.147451
0.416877
0.662
0.422034
0.258159
0.662
0.662
0.662
0.662
0.662
0.100827
0.662
0.662
0.117697
0.662
0.662
0.662
0.22178
0.662
0.662
0.187164
0.311331
0.13709
0.385278
0.662
0.277092
0.356499
0.662
0.662
0.130599
0.462128
0.256462
0.22032
0.137775
0.617556
0.225288
0.662
0.404873
0.662
0.662
0.0740243
0.662
0.662
0.662
0.456292
0.224646
0.245586
0.662
0.0926839
0.135929
0.662
0.662
0.662
0.662
0.662
0.196507
0.424838
0.438325
0.367482
0.303074
0.233973
0.249117
0.662
0.294877
0.528486
0.662
0.662
0.662
0.0996931
0.662
0.338138
0.662
0.662
0.000673648
0.662
0.662
0.662
0.662
0.454998
0.0184614
0.37443
0.0670866
0.213708
0.662
0.194716
0.298501
0.662
0.596034
0.662
0.309293
0.117958
0.158323
0.662
0.0708458
0.662
0.14902
0.198214
0.101813
0.196096
0.516548
0.662
0.472325
0.375595
0.413351
0.662
0.662
0.631148
0.291406
0.294913
0.206611
0.662
0.662
0.419291
0.43898
0.402006
0.0448398
0.662
0.225461
0.410899
0.305518
0.348029
0.0119995
0.468367
0.662
0.662
0.662
0.0857837
0.662
0.347785
0.421678
0.126999
0.662
0.662
0.662
0.662
0.662
0.11771
0.196201
0.662
0.662
0.312928
0.662
0.208258
0.107917
0.662
0.662
0.662
0.662
0.203291
0.662
0.567734
0.662
0.205889
0.662
0.662
0.662
0.662
0.662
0.031799
0.548588
0.662
0.187851
0.303142
0.662
0.364239
0.314594
0.662
0.353213
0.662
0.275715
0.412268
0.662
0.0057676
0.489478
0.430966
0.662
0.662
0.351865
0.0155033
0.214821
0.275983
0.662
0.662
0.300278
0.662
0.255908
0.662
0.662
0.662
0.662
0.662
0.662
0.662
0.166691
0.662
0.662
0.662
0.662
0.662
0.43624
0.0941436
0.2223
0.662
0.662
0.662
0.201715
0.0308916
0.221859
0.445535
0.26591
0.247869
0.658075
0.662
0.662
0.662
0.662
0.662
0.662
0.662
0.662
0.378531
0.662
0.0146544
0.662
0.662
0.387055
0.662
0.662
0.662
0.214274
0.662
0.0586037
0.662
0.0016799
0.662
0.662
0.6595
0.244508
0.662
0.39014
0.43674
0.202595
0.662
0.130336
0.431876
0.0687275
0.303167
0.440319
0.451786
0.271003
0.662
0.403885
0.662
0.264692
0.539593
0.249747
0.21086
0.662
0.29642
0.462905
0.662
0.662
0.662
0.662
0.662
0.662
0.40024
0.25732
0.120587
0.278912
0.662
0.115903
0.662
0.662
0.662
0.662
0.41697
0.662
0.353486
0.23383
0.662
0.0516066
0.662
0.392393
0.662
0.662
0.44961
0.662
0.458549
0.662
0.662
0.662
0.399225
0.431037
0.463104
0.534325
0.174643
0.213798
0.662
0.293542
0.00131067
0.662
0.662
0.160652
0.662
0.662
0.662
0.000768917
0.352
0.662
0.662
0.662
0.662
0.282457
0.451219
0.229174
0.662
0.387341
0.662
0.102707
0.283412
0.662
0.21463
0.409052
0.253495
0.662
0.662
0.662
0.662
0.662
0.361823
0.382914
0.0654438
0.662
0.662
0.325786
0.662
0.204299
0.662
0.662
0.662
0.333
0.662
0.417549
0.124209
0.662
0.662
0.349432
0.662
0.0874093
0.662
0.482192
0.662
0.161581
0.124367
0.662
0.115942
0.607263
0.662
0.662
0.19696
0.146811
0.662
0.662
0.662
0.346369
0.662
0.662
0.341623
0.38372
0.662
0.662
0.220545
0.662
0.662
0.662
0.107428
0.398352
0.277456
0.447005
0.265191
0.508064
0.658792
0.340045
0.0707054
0.450206
0.662
0.0978751
0.0568865
0.662
0.0294172
0.210066
0.196454
0.662
0.372304
0.243864
0.503138
0.464903
0.662
0.662
0.130759
0.662
0.662
0.662
0.662
0.662
0.319796
0.662
0.350748
0.662
0.662
0.662
0.662
0.662
0.662
0.365788
0.50041
0.0412012
0.662
0.437731
0.662
0.101983
0.662
0.662
0.662
0.662
0.662
0.662
0.662
0.662
0.662
0.380788
0.662
0.662
0.662
0.0297254
0.662
0.662
0.369531
0.277815
0.662
0.662
0.662
0.0834844
0.662
0.179524
0.662
0.368767
0.0733715
0.241821
0.0943565
0.0953419
0.662
0.662
0.117028
0.321734
0.662
0.316642
0.662
0.662
0.437561
0.662
0.0580893
0.662
0.267508
0.662
0.148785
0.662
0.0177235
0.662
0.662
0.662
0.662
0.401335
0.662
0.282746
0.662
0.662
0.131424
0.662
0.662
0.662
0.291205
0.0726291
0.662
0.225463
0.0650701
0.662
0.662
0.662
0.452085
0.051399
0.362968
0.0113044
0.313844
0.146686
0.0759579
0.662
0.662
0.662
0.0961314
0.22336
0.435812
0.626913
0.0978216
0.662
0.0359434
0.662
0.662
0.305062
0.508409
0.318328
0.217567
0.662
0.662
0.47184
0.623869
0.194928
0.212058
0.253173
0.662
0.662
0.174557
0.662
0.662
0.662
0.662
0.662
0.385195
0.150014
0.662
0.422507
0.239845
0.662
0.160996
0.662
0.338308
0.441641
0.662
0.662
0.019155
0.38467
0.120364
0.662
0.0734056
0.662
0.216519
0.662
0.662
0.459464
0.662
0.662
0.662
0.210305
0.103622
0.662
0.662
0.662
0.348289
0.142762
0.163546
0.368965
0.662
0.662
0.441246
0.662
0.198637
0.662
0.662
0.280793
0.662
0.662
0.461932
0.125444
0.662
0.662
0.0267237
0.378594
0.213899
0.662
0.0843153
0.331788
0.662
0.662
0.191835
0.50191
0.205536
0.662
0.338308
0.662
0.662
0.199232
0.662
0.662
0.637266
0.662
0.662
0.662
0.0556183
0.662
0.662
0.662
0.662
0.662
0.33285
0.236715
0.662
0.662
0.285583
0.662
0.662
0.662
0.662
0.465825
0.299427
0.662
