0.18825
0.358234
0.447462
0.613683
0.662
0.662
0.38228
0.662
0.309235
0.662
0.51509
0.662
0.662
0.3979
0.662
0.362751
0.47413
0.450793
0.202249
0.145259
0.335981
0.175618
0.291655
0.389557
0.662
0.662
0.662
0.662
0.662
0.418134
0.448946
0.0330469
0.662
0.662
0.662
0.18553
0.302252
0.662
0.294529
0.662
0.0500814
0.383064
0.662
0.134709
0.395167
0.290777
0.0290712
0.11276
0.662
0.238254
0.662
0.150101
0.662
0.662
0.273298
0.662
0.662
0.662
0.101796
0.520184
0.662
0.662
0.329384
0.0470947
0.323816
0.248383
0.662
0.476754
0.428577
0.280422
0.412465
0.662
0.299039
0.116513
0.662
0.662
0.16058
0.24495
0.662
0.453233
0.662
0.0576751
0.55442
0.662
0.662
0.662
0.518294
0.662
0.662
0.15709
0.662
0.474891
0.537322
0.260797
0.118753
0.356442
0.228712
0.662
0.264448
0.124892
0.662
0.662
0.662
0.196247
0.662
0.314805
0.442571
0.30176
0.500062
0.536953
0.662
0.341427
0.082466
0.662
0.662
0.336724
0.662
0.176369
0.662
0.139636
0.0747232
0.662
0.662
0.304652
0.662
0.335347
0.662
0.662
0.0758123
0.0230144
0.0543383
0.662
0.662
0.662
0.377927
0.662
0.0391567
0.662
0.662
0.0770568
0.409062
0.662
0.662
0.416609
0.662
0.662
0.296892
0.662
0.662
0.0218877
0.47899
0.662
0.662
0.662
0.0360422
0.662
0.405573
0.662
0.662
0.662
0.0120352
0.662
0.408601
0.280069
0.456422
0.399952
0.462951
0.662
0.662
0.662
0.42252
0.431398
0.187078
0.662
0.662
0.370761
0.206437
0.662
0.662
0.457734
0.662
0.234133
0.662
0.662
0.662
0.26054
0.662
0.662
0.17792
0.662
0.662
0.343021
0.441949
0.134927
0.662
0.365158
0.351818
0.662
0.662
0.662
0.0403784
0.0489615
0.662
0.662
0.26414
0.662
0.347344
0.662
0.449748
0.662
0.0618715
0.609376
0.662
0.432583
0.117675
0.662
0.662
0.662
0.662
0.379028
0.662
0.662
0.662
0.138851
0.662
0.172921
0.662
0.662
0.374934
0.416156
0.662
0.662
0.662
0.125396
0.662
0.465018
0.662
0.216115
0.375189
0.4862
0.662
0.312292
0.662
0.662
0.281738
0.662
0.475788
0.662
0.432739
0.662
0.325354
0.662
0.662
0.0947489
0.550705
0.444028
0.259081
0.128531
0.662
0.662
0.337402
0.662
0.349219
0.662
0.662
0.662
0.662
0.462161
0.662
0.244879
0.295896
0.662
0.0592974
0.258965
0.662
0.182971
0.662
0.0571018
0.662
0.662
0.662
0.662
0.662
0.662
0.662
0.662
0.662
0.344392
0.662
0.0486291
0.662
0.348865
0.662
0.662
0.662
0.510732
0.662
0.662
0.419642
0.662
0.662
0.662
0.320083
0.201955
0.164455
0.662
0.349549
0.662
0.509797
0.662
0.402327
0.662
0.289721
0.662
0.662
0.662
0.662
0.272351
0.554595
0.195029
0.234435
0.662
0.662
0.662
0.218155
0.662
0.662
0.36074
8.71794e-05
0.662
0.662
0.48357
0.662
0.662
0.662
0.662
0.430271
0.285529
0.662
0.662
0.662
0.450047
0.662
0.662
0.210033
0.189757
0.429442
0.305245
0.265212
0.662
0.425746
0.662
0.662
0.662
0.662
0.474659
0.00459235
0.662
0.662
0.091456
0.432614
0.662
0.662
0.37275
0.662
0.309054
0.337439
0.662
0.662
0.24548
0.662
0.451336
0.662
0.662
0.36619
0.662
0.314729
0.175415
0.662
0.662
0.0848761
0.662
0.332678
0.311483
0.662
0.284603
0.467098
0.662
0.0821505
0.116641
0.662
0.662
0.318771
0.554397
0.52369
0.0396558
0.662
0.366186
0.148308
0.19961
0.662
0.188243
0.662
0.392128
0.446681
0.363432
0.00195506
0.662
0.0713782
0.145888
0.272509
0.31273
0.369487
0.662
0.220163
0.16675
0.662
0.662
0.662
0.662
0.662
0.662
0.199085
0.558607
0.662
0.662
0.662
0.662
0.662
0.0851448
0.037193
0.662
0.378936
0.662
0.662
0.662
0.481051
0.662
0.662
0.457627
0.662
0.467596
0.662
0.606655
0.417949
0.256421
0.662
0.662
0.543697
0.662
0.327803
0.662
0.289573
0.662
0.452563
0.421513
0.32435
0.145216
0.0999935
0.435165
0.222284
0.662
0.209465
0.662
0.662
0.370119
0.662
0.415003
0.662
0.0651781
0.435798
0.662
0.604976
0.449069
0.662
0.662
0.372791
0.662
0.0180887
0.38418
0.662
0.662
0.662
0.662
0.662
0.662
0.440892
0.662
0.662
0.662
0.662
0.0206042
0.435518
0.662
0.309668
0.219174
0.481682
0.662
0.472362
0.297054
0.662
0.468688
0.662
0.307159
0.386669
0.384391
0.662
0.371607
0.149826
0.662
0.202271
0.286721
0.662
0.461783
0.414392
0.456579
0.662
0.662
0.651557
0.407959
0.185076
0.0226077
0.401276
0.249026
0.662
0.176567
0.662
0.662
0.662
0.231309
0.662
0.662
0.662
0.348259
0.662
0.150309
0.662
0.332439
0.43185
0.662
0.662
0.143049
0.25057
0.662
0.662
0.662
0.205365
0.252557
0.662
0.662
0.189206
0.455217
0.662
0.662
0.662
0.405897
0.662
0.662
0.0331379
0.0858328
0.0430986
0.662
0.662
0.0292265
0.655441
0.162136
0.662
0.662
0.302565
0.662
0.256113
0.171762
0.33032
0.662
0.0332763
0.271445
0.328978
0.198092
0.044239
0.662
0.662
0.471356
0.0240461
0.0228917
0.228994
0.020141
0.176898
0.439042
0.662
0.374387
0.662
0.662
0.662
0.310683
0.662
0.662
0.108083
0.662
0.662
0.662
0.452333
0.662
0.662
0.662
0.252235
0.662
0.310247
0.411295
0.11507
0.280596
0.126625
0.332795
0.145233
0.270304
0.214676
0.258103
0.662
0.662
0.662
0.448878
0.180988
0.453789
0.662
0.245784
0.259872
0.662
0.662
0.662
0.662
0.352677
0.474151
0.172598
0.140968
0.422317
0.0875131
0.198924
0.662
0.332941
0.662
0.662
0.21191
0.416189
0.00142557
0.662
0.662
0.662
0.396864
0.662
0.364543
0.662
0.662
0.424404
0.133103
0.662
0.662
0.662
0.0980873
0.376647
0.477138
0.32901
0.424359
0.431156
0.445274
0.662
0.662
0.393338
0.662
0.107041
0.453664
0.662
0.662
0.662
0.0247817
0.120448
0.662
0.662
0.542281
0.662
0.27124
0.662
0.662
0.0488337
0.418214
0.0908109
0.662
0.662
0.140766
0.662
0.272133
0.662
0.0823041
0.662
0.517432
0.135432
0.188889
0.662
0.662
0.662
0.0654586
0.323842
0.662
0.393349
0.415541
0.662
0.662
0.662
0.167562
0.216235
0.662
0.335203
0.662
0.605886
0.662
0.662
0.459577
0.369706
0.224929
0.662
0.662
0.348554
0.358452
0.662
0.662
0.662
0.662
0.428974
0.143377
0.40585
0.263191
0.311816
0.439509
0.459525
0.427447
0.140974
0.443299
0.365571
0.662
0.662
0.662
0.0180112
0.328883
0.109816
0.662
0.449925
0.0202198
0.301725
0.059009
0.662
0.196983
0.443817
0.384964
0.662
0.282795
0.662
0.190246
0.477713
0.106239
0.46093
0.445811
0.0357128
0.266841
0.662
0.277666
0.39977
0.393809
0.243381
0.0136917
0.109401
0.662
0.634874
0.374402
0.662
0.13457
0.662
0.317854
0.295357
0.662
0.662
0.662
0.662
0.662
0.114973
0.662
0.662
0.662
0.331369
0.206426
0.662
0.341224
0.662
0.305549
0.33244
0.662
0.662
0.662
0.279906
0.662
0.662
0.148598
0.445371
0.424882
0.18578
0.662
0.633694
0.328681
0.662
0.662
0.641539
0.662
0.662
0.662
0.662
0.662
0.662
0.662
0.662
0.662
0.473955
0.318102
0.662
0.662
0.223795
0.285908
0.662
0.404804
0.662
0.662
0.39087
0.662
0.662
0.662
0.662
0.199395
0.662
0.0883065
0.662
0.412297
0.662
0.452434
0.253954
0.0901756
0.0957481
0.132214
0.662
0.279379
0.662
0.662
0.662
0.662
0.662
0.662
0.47794
0.662
0.662
0.662
0.662
0.18996
0.662
0.662
0.662
0.662
0.662
0.662
0.444585
0.662
0.444786
0.430664
0.662
0.34536
0.18778
0.313461
0.662
0.401616
0.662
0.112076
0.430747
0.280683
0.587581
0.662
0.405791
0.662
0.594846
0.662
0.0250048
0.64634
0.662
0.662
0.662
0.162752
0.418961
0.662
0.662
0.662
0.290875
0.122644
0.662
0.662
0.127019
0.408285
0.498623
0.375822
0.662
0.662
0.279729
0.239865
0.662
0.662
0.277409
0.418753
0.439246
0.662
0.335336
0.126812
0.374981
0.405536
0.662
0.662
0.0959544
0.662
0.629763
0.431116
0.127217
0.145162
0.662
0.391912
0.445638
0.228053
0.347877
0.662
0.662
0.439828
0.461975
0.364081
0.662
0.662
0.302754
0.21355
0.56816
0.662
0.662
0.10326
0.662
0.456587
0.662
0.28437
0.179141
0.662
0.662
0.132077
0.662
0.517946
0.41558
0.662
0.662
0.332174
0.114359
0.662
0.662
0.0873992
0.30247
0.662
0.34626
0.662
0.244211
0.451533
0.662
0.118191
0.662
0.153981
0.201777
0.306386
0.662
0.159918
0.662
0.260739
0.662
0.0564737
0.395421
0.662
0.354839
0.168524
0.662
0.662
0.662
0.662
0.662
0.662
0.662
0.471864
0.662
0.0777614
0.662
0.662
0.363201
0.439262
0.662
0.662
0.14019
0.662
0.472149
0.240483
0.662
0.0963732
0.212273
0.407526
0.0581546
0.662
0.662
0.662
0.0898229
0.662
0.0861666
0.662
0.344182
0.662
0.325495
0.00102676
0.583199
0.351033
0.662
0.300138
0.010551
0.662
0.662
0.662
0.662
0.356852
0.0677049
0.587673
0.662
0.00855968
0.662
0.241381
0.129474
0.662
0.194109
0.203129
0.177902
0.662
0.135139
0.490776
0.460225
0.662
0.467605
0.662
0.276089
0.662
0.662
0.212649
0.456642
0.117537
0.662
0.474211
0.433742
0.200782
0.317819
0.662
0.662
0.301464
0.450881
0.662
0.522577
0.28036
0.427753
0.362073
0.276674
0.0656197
0.662
0.299194
0.662
0.662
0.662
0.338702
0.662
0.57469
0.045696
0.394766
0.597126
0.662
0.662
0.0502965
0.266882
0.662
0.428171
0.662
0.295376
0.662
0.414248
0.662
0.662
0.476915
0.22061
0.398894
0.171936
0.662
0.0495532
0.662
0.51024
0.662
0.662
0.662
0.662
0.0986287
0.662
0.620697
0.252189
0.0743914
0.0738841
0.417491
0.146588
0.136236
0.629555
0.662
0.662
0.520226
0.444031
0.662
0.406025
0.203811
0.412508
0.413088
0.662
0.336093
0.662
0.662
0.662
0.662
0.290085
0.662
0.466833
0.662
0.662
0.662
0.662
0.662
0.362794
0.662
0.0735292
0.266352
0.268161
0.662
0.368518
0.161979
0.662
0.227801
0.662
0.662
0.662
0.626227
0.662
0.662
0.655783
0.307772
0.662
0.662
0.405935
0.662
0.662
0.0938036
0.355696
0.209618
0.662
0.662
0.662
0.662
0.662
0.0735933
0.662
0.662
0.443046
0.338489
0.662
0.662
0.662
0.131235
0.519705
0.662
0.662
0.662
0.662
0.662
0.662
0.662
0.414319
0.182457
0.51275
0.162207
0.432626
0.662
0.328088
0.0964864
0.662
0.662
0.3846
0.441562
0.237766
0.0378518
0.662
0.662
0.0222338
0.662
0.432094
0.662
0.662
0.64425
0.662
0.662
0.241549
0.662
0.515037
0.155626
0.422006
0.662
0.662
0.372046
0.158205
0.339643
0.273374
0.171357
0.662
0.662
0.662
0.662
0.431398
0.322037
0.0827319
0.398654
0.0505938
0.312676
0.662
0.662
0.662
0.662
0.0269584
0.662
0.662
0.662
0.662
0.139517
0.662
0.299461
0.662
0.355345
0.662
0.5218
0.662
0.23647
0.662
0.662
0.662
0.662
0.662
0.40641
0.662
0.662
0.468484
0.417524
0.159592
0.662
0.662
0.662
0.111854
0.543808
0.000390931
0.3809
0.183265
0.37277
0.662
0.662
0.662
0.633694
0.110002
0.378661
0.662
0.662
0.662
0.662
0.453555
0.662
0.170437
0.662
0.662
0.342988
0.662
0.662
0.213045
0.388529
0.233687
0.662
0.662
0.662
0.662
0.115726
0.275695
0.326151
0.13399
0.662
0.435105
0.662
0.662
0.662
0.662
0.662
0.291868
0.304488
0.357745
0.662
0.662
0.428015
0.389372
0.662
0.181272
0.43858
0.662
0.466669
0.662
0.662
0.0701233
0.446468
0.346847
0.233862
0.0577404
0.662
0.662
0.399343
0.254724
0.00517509
0.662
0.662
0.357446
0.633694
0.662
0.662
0.240547
0.265672
0.662
0.662
0.368906
0.34506
0.662
0.199642
0.00647476
0.662
0.662
0.662
0.417624
0.662
0.662
0.078844
0.662
0.662
0.214029
0.515297
0.453122
0.410315
0.662
0.273104
0.207503
0.655215
0.662
0.150562
0.662
0.382987
0.0822904
0.0211702
0.396312
0.0788812
0.202583
0.662
0.662
0.662
0.662
0.297684
0.36783
0.649794
0.662
0.0445602
0.448926
0.662
0.119466
0.662
0.662
0.662
0.325427
0.594834
0.662
0.662
0.662
0.662
0.214167
0.0448338
0.462561
0.0698568
0.0355603
0.662
0.273736
0.662
0.00916558
0.662
0.662
0.245624
0.444008
0.662
0.662
0.662
0.662
0.270493
0.662
0.662
0.662
0.127709
0.662
0.24507
0.240226
0.242876
0.326415
0.389643
0.662
0.662
0.662
0.367527
0.443272
0.662
0.166661
0.662
0.662
0.29606
0.662
0.662
0.405557
0.181718
0.203951
0.380726
0.662
0.662
0.662
0.093706
0.220787
0.00220999
0.442611
0.363582
0.662
0.662
0.311192
0.232771
0.662
0.662
0.0353662
0.061156
0.302792
0.345015
0.0675414
0.111174
0.473011
0.511821
0.162114
0.406072
0.662
0.662
0.662
0.395734
0.662
0.202429
0.156471
0.303247
0.176739
0.662
0.662
0.662
0.662
0.662
0.253824
0.662
0.662
0.662
0.662
0.477592
0.137635
0.146049
0.311013
0.662
0.335777
0.662
0.662
0.645764
0.165289
0.662
0.662
0.662
0.0118968
0.383348
0.391144
0.36213
0.0648706
0.428341
0.111368
0.662
0.363723
0.662
0.381019
0.662
0.444764
0.476158
0.662
0.662
0.167767
0.662
0.458744
0.662
0.662
0.662
0.188937
0.195239
0.191463
0.441685
0.0258577
0.277698
0.46345
0.216086
0.662
0.662
0.662
0.662
0.662
0.662
0.662
0.662
0.662
0.662
0.111827
0.662
0.662
0.197064
0.388302
0.345536
0.142769
0.510527
0.427426
0.209156
0.327391
0.400323
0.197695
0.0443633
0.423202
0.662
0.0888272
0.662
0.421386
0.662
0.406488
0.20973
0.662
0.150849
0.662
0.204812
0.662
0.120659
0.3071
0.662
0.217509
0.662
0.195829
0.197919
0.301237
0.662
0.662
0.662
0.244976
0.662
0.250624
0.209614
0.256654
0.662
0.662
0.662
0.535128
0.662
0.662
0.113182
0.662
0.00856488
0.0488883
0.662
0.431375
0.188066
0.662
0.662
0.204434
0.662
0.662
0.230299
0.342725
0.662
0.662
0.662
0.662
0.662
0.50022
0.662
0.00647669
0.345101
0.0416527
0.662
0.100455
0.0511357
0.662
0.0732424
0.662
0.662
0.246036
0.443737
0.662
0.662
0.662
0.0835624
0.662
0.662
0.068831
0.662
0.499282
0.662
0.431411
0.039636
0.662
0.0833386
0.662
0.412275
0.662
0.662
0.291952
0.662
0.221169
0.662
0.475239
0.640796
0.62897
0.0473124
0.662
0.256762
0.224254
0.662
0.457698
0.470611
0.30084
0.387653
0.662
0.270403
0.0327569
0.548266
0.474817
0.436502
0.220021
0.662
0.212871
0.508661
0.0588435
0.184722
0.370414
0.393866
0.662
0.662
0.662
0.662
0.662
0.662
0.364094
0.662
0.348016
0.662
0.343042
0.470855
0.662
0.310453
0.662
0.662
0.145402
0.0663087
0.662
0.00242996
0.662
0.662
0.364429
0.243582
0.0603252
0.288351
0.662
0.662
0.662
0.232212
0.662
0.331977
0.662
0.662
0.662
0.464511
0.222736
0.345716
0.470684
0.490601
0.38393
0.457566
0.280343
0.194956
0.662
0.144638
0.662
0.662
0.267655
0.662
0.488517
0.662
0.0735605
0.595833
0.662
0.220495
0.137188
0.662
0.662
0.112332
0.662
0.111793
0.662
0.484354
0.141649
0.662
0.662
0.662
0.399359
0.246268
0.122842
0.662
0.0301252
0.662
0.218307
0.209265
0.439438
0.662
0.24358
0.662
0.662
0.662
0.21561
0.662
0.299505
0.0783913
0.285485
0.662
0.392644
0.184673
0.171752
0.662
0.662
0.662
0.0954451
0.662
0.662
0.0756416
0.0671682
0.662
0.662
0.257828
0.423093
0.662
0.532883
0.662
0.103315
0.662
0.662
0.662
0.609319
