0.662
0.555118
0.662
0.377927
0.662
0.662
0.0571018
0.662
0.400232
0.234166
0.662
0.662
0.0576751
0.662
0.662
0.662
0.662
0.0968397
0.662
0.328138
0.0313069
0.429442
0.367598
0.338702
0.662
0.662
0.278791
0.662
0.148976
0.291655
0.184722
0.662
0.271833
0.662
0.180988
0.662
0.662
0.284603
0.662
0.662
0.662
0.498271
0.444585
0.13399
0.662
0.0341482
0.304488
0.662
0.662
0.31273
0.662
0.396312
0.662
0.662
0.662
0.477713
0.0735292
0.102136
0.662
0.662
0.314805
0.662
0.662
0.386669
0.662
0.362751
0.245784
0.142769
0.253824
0.383348
0.662
0.252189
0.662
0.662
0.543697
0.662
0.662
0.662
0.441685
0.225104
0.662
0.662
0.220495
0.410898
0.662
0.662
0.662
0.662
0.662
0.662
0.199085
0.00242996
0.662
0.662
0.145216
0.662
0.56816
0.662
0.0850084
0.27124
0.662
0.46035
0.662
0.0791706
0.662
0.488517
0.662
0.662
0.662
0.662
0.662
0.662
0.351033
0.662
0.662
0.0330469
0.662
0.662
0.359501
0.150309
0.542281
0.662
0.515037
0.0250048
0.662
0.662
0.280683
0.444031
0.662
0.662
0.662
0.662
0.662
0.662
0.662
0.166384
0.0773153
0.266841
0.220163
0.150782
0.662
0.0571223
0.662
0.662
0.249026
0.662
0.662
0.662
0.443272
0.662
0.0448338
0.317819
0.662
0.318771
0.662
0.662
0.0206042
0.474151
0.461975
0.490776
0.285908
0.378637
0.381019
0.356442
0.662
0.348352
0.00202608
0.0813648
0.662
0.662
0.662
0.291952
0.214676
0.245624
0.662
0.662
0.159918
0.335203
0.662
0.0579178
0.107058
0.345716
0.662
0.514848
0.662
0.182971
0.662
0.662
0.453233
0.254626
0.662
0.662
0.662
0.27108
0.662
0.490365
0.120659
0.129283
0.061733
0.0965226
0.662
0.187394
0.662
0.0118968
0.281732
0.117537
0.151152
0.464476
0.31557
0.203959
0.492971
0.389643
0.662
0.22882
0.662
0.220385
0.662
0.467368
0.662
0.311501
0.662
0.662
0.363582
0.662
0.412508
0.413088
0.196059
0.215962
0.40952
0.449925
0.662
0.662
0.188629
0.662
0.0918618
0.662
0.662
0.445638
0.410315
0.662
0.432094
0.265672
0.662
0.0378518
0.662
0.662
0.388529
0.662
0.442571
0.662
0.662
0.662
0.192642
0.4954
0.253954
0.662
0.524885
0.209465
0.662
0.368906
0.34506
0.662
0.662
0.30084
0.662
0.167474
0.662
0.470684
0.363432
0.195933
0.662
0.633694
0.64634
0.662
0.662
0.474817
0.662
0.295433
0.270304
0.34091
0.225047
0.41411
0.389372
0.662
0.0488337
0.180626
0.662
0.662
0.28437
0.387196
0.662
0.662
0.662
0.662
0.662
0.662
0.662
0.0416527
0.521541
0.662
0.662
0.224929
0.662
0.061156
0.490377
0.662
0.662
0.449069
0.202103
0.282795
0.662
0.159592
0.222284
0.662
0.343021
0.662
0.662
0.662
0.204812
0.132077
0.662
0.662
0.662
0.662
0.0713782
0.662
0.662
0.370761
0.431116
0.440892
0.0654487
0.276936
0.662
0.206437
0.662
0.141221
0.662
0.101796
0.662
0.22061
0.114359
0.279536
0.662
0.116641
0.179917
0.0302286
0.662
0.662
0.662
0.0269584
0.342728
0.662
0.662
0.205789
0.354839
0.300138
0.662
0.176898
0.36783
0.448422
0.662
0.662
0.279906
0.662
0.327391
0.465634
0.662
0.662
0.662
0.281687
0.662
0.662
0.662
0.662
0.662
0.0320138
0.662
0.662
0.448515
0.662
0.662
0.662
0.295896
0.662
0.0648706
0.662
0.0794741
0.662
0.453789
0.662
0.139636
0.0747232
0.662
0.243972
0.0671315
0.244879
0.473482
0.662
0.363723
0.662
0.176739
0.662
0.0327569
0.462951
0.662
0.662
0.415691
0.188889
0.379797
0.448926
0.662
0.662
0.662
0.47794
0.662
0.662
0.250421
0.662
0.044239
0.662
0.662
0.0654586
0.662
0.465018
0.449723
0.39977
0.662
0.662
0.645764
0.424404
0.217509
0.23053
0.197919
0.441949
0.477138
0.662
0.662
0.662
0.139826
0.116513
0.597126
0.408285
0.0650736
0.288062
0.662
0.0247817
0.662
0.662
0.405536
0.135696
0.470612
0.474211
0.0384101
0.443817
0.273339
0.662
0.662
0.662
0.164455
0.662
0.0758123
0.662
0.0595893
0.662
0.662
0.0331379
0.41428
0.662
0.209156
0.134927
0.536953
0.662
0.662
0.13457
0.408601
0.662
0.374402
0.662
0.332795
0.349219
0.0268838
0.594834
0.662
0.662
0.662
0.118753
0.662
0.432626
0.662
0.166113
0.662
0.252079
0.662
0.662
0.662
0.222324
0.662
0.158205
0.662
0.662
0.662
0.662
0.662
0.306248
0.662
0.662
0.662
0.662
0.662
0.598626
0.0631339
0.662
0.211711
0.0996414
0.469668
0.297054
0.662
0.18825
0.309235
0.662
0.662
0.662
0.662
0.662
0.662
0.662
0.389557
0.662
0.179993
0.662
0.363201
0.662
0.00142557
0.175415
0.662
0.662
0.662
0.662
0.155968
0.46538
0.0770568
0.111854
0.662
0.380726
0.0589955
0.662
0.662
0.662
0.662
0.662
0.474891
0.662
0.662
0.662
0.662
0.284361
0.662
0.476158
0.662
0.187497
0.662
0.662
0.344182
0.662
0.198579
0.662
0.662
0.143377
0.46953
0.662
0.438468
0.662
0.0236936
0.428316
0.322145
0.277483
0.662
0.662
0.313461
0.662
0.662
0.231063
0.662
0.444764
0.453555
0.662
0.662
0.0873992
0.662
0.122386
0.115726
0.662
0.662
0.662
0.272509
0.505097
0.662
0.372791
0.655441
0.662
0.662
0.406072
0.255157
0.246766
0.662
0.199642
0.492023
0.289573
0.0246815
0.662
0.273104
0.662
0.20669
0.078844
0.662
0.39087
0.543808
0.25057
0.364543
0.662
0.509797
0.413035
0.662
0.0436291
0.662
0.662
0.587581
0.662
0.662
0.464231
0.265212
0.662
0.662
0.349462
0.452333
0.0980873
0.662
0.662
0.40641
0.662
0.662
0.613683
0.662
0.416189
0.58619
0.662
0.218307
0.662
0.627026
0.111827
0.662
0.595833
0.355283
0.662
0.662
0.662
0.0735933
0.0663087
0.162752
0.302252
0.310453
0.415791
0.662
0.662
0.662
0.662
0.662
0.293501
0.369487
0.427426
0.662
0.156471
0.662
0.662
0.0190486
0.332439
0.662
0.0577404
0.662
0.412568
0.101708
0.0436251
0.168524
0.662
0.430747
0.662
0.662
0.662
0.662
0.109857
0.662
0.662
0.662
0.201777
0.257828
0.662
0.662
0.370039
0.202583
0.662
0.171357
0.662
0.107041
0.453664
0.0202198
0.662
0.472362
0.413813
0.662
0.662
0.0985097
0.662
0.662
0.662
0.135139
0.662
0.662
0.32435
0.662
0.662
0.0502965
0.662
0.609319
0.0788812
0.640796
0.662
0.662
0.662
0.0848761
0.374981
0.0677049
0.662
0.662
0.662
0.227807
0.57469
0.251905
0.115874
0.662
0.662
0.662
0.662
0.337653
0.402759
0.586783
0.0938036
0.662
0.145888
0.499282
0.443394
0.662
0.662
0.145402
0.281864
0.662
0.662
0.442611
0.516456
0.0809351
0.16058
0.399359
0.583199
0.384391
0.294529
0.421386
0.117675
0.50556
0.143049
0.221169
0.197064
0.662
0.126625
0.153235
0.662
0.662
0.662
0.662
0.662
0.662
0.662
0.374945
0.264448
0.188066
0.662
0.198092
0.662
0.662
0.662
0.662
0.662
0.662
0.452434
0.398894
0.662
0.357446
0.594846
0.662
0.662
0.662
0.662
0.241381
0.0292265
0.467605
0.662
0.662
0.15709
0.201955
0.224793
0.662
0.662
0.354443
0.662
0.347226
0.662
0.662
0.310761
0.662
0.662
0.662
0.189206
0.1816
0.662
0.108881
0.662
0.337439
0.227801
0.343042
0.290777
0.662
0.331369
0.251845
0.662
0.605519
0.662
0.468741
0.662
0.662
0.146049
0.662
0.662
0.0505938
0.662
0.662
0.662
0.124643
0.662
0.662
0.0230144
0.13103
0.662
0.249819
0.400323
0.662
0.662
0.662
0.0226077
0.405573
0.662
0.662
0.662
0.200456
0.662
0.381621
0.3302
0.195029
0.662
0.662
0.662
0.287772
0.662
0.137635
0.662
0.662
0.662
0.405935
0.295376
0.0500814
0.100304
0.662
0.641539
0.662
0.662
0.36936
0.445274
0.662
0.662
0.662
0.662
0.0403784
0.629555
0.662
0.662
0.655783
0.494324
0.524291
0.0768366
0.662
0.662
0.662
0.662
0.267655
0.662
0.662
0.662
0.662
0.145162
0.662
0.468688
0.662
0.662
0.633694
0.306897
0.0473124
0.662
0.662
0.662
0.400454
0.662
0.491212
0.662
0.134411
0.451936
0.196811
0.662
0.662
0.141448
0.183949
0.662
0.662
0.662
0.257303
0.212012
0.662
0.662
0.662
0.662
0.100968
0.3846
0.662
0.0210586
0.172861
0.662
0.662
0.129474
0.0228917
0.662
0.332174
0.662
0.662
0.662
0.662
0.414326
0.662
0.412275
0.662
0.179141
0.285284
0.662
0.423202
0.214029
0.40729
0.120448
0.662
0.662
0.222736
0.0645145
0.0766022
0.305739
0.196468
0.662
0.662
0.533038
0.462875
0.662
0.662
0.662
0.0822904
0.297684
0.0777614
0.662
0.314729
0.662
0.662
0.662
0.260099
0.662
0.447462
0.662
0.17792
0.662
0.662
0.511821
0.421513
0.037193
0.662
0.662
0.662
0.244211
0.082466
0.662
0.662
0.662
0.364901
0.19343
0.056901
0.55753
0.250624
0.662
0.281738
0.662
0.662
0.19961
0.662
0.662
0.662
0.0474538
0.417624
0.662
0.662
0.415336
0.0421482
0.662
0.662
0.662
0.662
0.313913
0.258146
0.662
0.428015
0.662
0.662
0.662
0.532883
0.206814
0.662
0.662
0.662
0.36213
0.662
0.237766
0.662
0.352294
0.162114
0.091456
0.181718
0.400864
0.662
0.246268
0.453122
0.662
0.435518
0.662
0.482221
0.662
0.662
0.662
0.045696
0.662
0.662
0.0756326
0.0986287
0.14019
0.480898
0.0180112
0.662
0.662
0.381935
0.662
0.313076
0.312676
0.187078
0.662
0.662
0.358452
0.202271
0.662
0.510527
0.47413
0.418753
0.395734
0.326357
0.662
0.444786
0.662
0.662
0.350361
0.348865
0.662
0.273681
0.171035
0.662
0.475239
0.0756416
0.662
0.662
0.662
0.359368
0.328482
0.662
0.662
0.0618715
0.662
0.0906183
0.19832
0.171936
0.182457
0.409062
0.662
0.469066
0.662
0.662
0.662
0.134661
0.291868
0.187495
0.215541
0.662
0.0258673
0.145259
0.232212
0.105432
0.149826
0.662
0.662
0.363469
0.163299
0.662
0.00666238
0.662
0.0957481
0.00220999
0.662
0.475788
0.262657
0.662
0.20658
0.23647
0.427447
0.662
0.662
0.662
0.662
0.589746
0.662
0.662
0.662
0.244867
0.662
0.0154438
0.662
0.145233
0.193572
0.109872
0.149899
0.431156
0.662
0.401616
0.375709
0.382987
0.662
0.0956222
0.166661
0.662
0.662
0.233687
0.662
0.662
0.133103
0.662
0.392128
0.0954451
0.634874
0.662
0.662
0.253111
0.312292
0.0858328
0.0823449
0.242876
0.462161
0.662
0.662
0.662
0.11276
0.223493
0.239865
0.662
0.41787
0.662
0.662
0.662
0.435165
0.141649
0.662
0.662
0.662
0.662
0.662
0.662
0.662
0.231446
0.662
0.322766
0.662
0.425746
0.662
0.020141
0.208515
0.354944
0.224251
0.662
0.260739
0.508661
0.662
0.0590835
0.375822
0.171752
0.662
0.290085
0.662
0.662
0.662
0.279379
0.662
0.449748
0.662
0.252187
0.662
0.309668
0.662
0.662
0.662
0.662
0.662
0.662
0.662
0.404804
0.662
0.414249
0.430265
0.0603252
0.662
0.662
0.609376
0.150562
0.662
0.187529
0.662
0.273374
0.212273
0.662
0.662
0.194241
0.662
0.38393
0.149987
0.662
0.0610019
0.662
0.662
0.662
0.662
0.303247
0.436502
0.662
0.399952
0.662
0.662
0.662
0.662
0.273736
0.469233
0.662
0.034708
0.293999
0.272706
0.370145
0.63339
0.450793
0.0986396
0.00517509
0.662
0.662
0.177676
0.662
0.46345
0.662
0.662
0.662
0.246008
0.662
0.368081
0.662
0.662
0.662
0.662
0.662
0.150101
0.477592
0.132002
0.662
0.662
0.16675
0.476754
0.457734
0.0883065
0.416979
0.662
0.328978
0.311437
0.587673
0.662
0.0120352
0.265477
0.393809
0.662
0.444652
0.662
0.662
0.662
0.140766
0.470855
0.068831
0.662
0.662
0.207503
0.662
0.300788
0.662
0.662
0.662
0.662
0.662
0.441253
0.476758
0.662
0.290875
0.162207
0.662
0.662
0.411295
0.662
0.662
0.662
0.662
0.299194
0.662
0.411997
0.662
0.662
0.662
0.0837119
0.473656
0.662
0.662
0.662
0.662
0.428653
0.000390931
0.443737
0.662
0.431398
0.00075188
0.337402
0.0278588
0.662
0.221091
0.21355
0.326415
0.397633
0.383064
0.398654
0.238155
0.662
0.662
0.188243
0.148546
0.243858
0.662
0.662
0.466833
0.662
0.662
0.415003
0.662
0.662
0.341224
0.662
0.119466
0.662
0.662
0.662
0.662
0.662
0.455287
0.662
0.662
0.170179
0.498623
0.473955
0.347344
0.311816
0.439509
0.662
0.662
0.662
0.127217
0.662
0.184673
0.662
0.662
0.662
0.471864
0.662
0.238254
0.195307
0.662
0.162332
0.662
0.662
0.662
0.535128
0.407959
0.662
0.662
0.662
0.188937
0.325064
0.110002
0.418886
0.345101
0.220136
0.45683
0.229352
0.412465
0.0543383
0.323798
0.662
0.662
0.662
0.515297
0.662
0.417524
0.662
0.37937
0.662
0.0699796
0.662
0.276089
0.335696
0.662
0.662
0.662
0.662
0.662
0.662
0.248652
0.407526
0.0581546
0.662
0.662
0.406488
0.550705
0.258953
0.00549127
0.662
0.431411
0.366186
0.194993
0.0258577
0.295357
0.662
0.662
0.662
0.153709
0.662
0.662
0.0646101
0.393349
0.662
0.662
0.662
0.463113
0.210689
0.662
0.256762
0.32901
0.537322
0.662
0.00159268
0.662
0.38228
0.323163
0.325495
0.36482
0.662
0.194109
0.357974
0.662
0.662
0.476979
0.662
0.436749
0.416596
0.457698
0.662
0.662
0.198924
0.216115
0.473418
0.651557
0.662
0.318237
0.662
0.662
0.130601
0.0765361
0.243381
0.233862
0.351318
0.662
0.0673811
0.662
0.662
0.278263
0.662
0.662
0.202249
0.662
0.662
0.662
0.382922
0.258103
0.284784
0.662
0.662
0.430664
0.662
0.301229
0.662
0.0360422
0.662
0.662
0.662
0.662
0.662
0.662
0.662
0.662
0.490575
0.662
0.662
0.662
0.662
0.662
0.177902
0.414319
0.662
0.662
0.662
0.662
0.456587
0.662
0.122924
0.662
0.144638
0.459619
0.200947
0.662
0.662
0.470611
0.662
0.662
0.454267
0.662
0.416609
0.662
0.455217
0.662
0.341127
0.662
0.662
0.662
0.662
0.662
0.620697
0.330484
0.662
0.662
0.345015
0.662
0.553946
0.199852
0.274816
0.662
0.272133
0.165289
0.248383
0.662
0.662
0.662
0.10326
0.662
0.342725
8.71794e-05
0.662
0.662
0.481717
0.662
0.662
0.323816
0.279729
0.320442
0.236062
0.292129
0.126012
0.662
0.662
0.256586
0.662
0.420738
0.662
0.662
0.662
0.352677
0.662
0.662
0.0701233
0.0463109
0.662
0.522751
0.662
0.497578
0.662
0.662
0.662
0.662
0.662
0.662
0.301464
0.212649
0.662
0.662
0.662
0.30176
0.309054
0.662
0.662
0.662
0.662
0.422927
0.459525
0.662
0.662
0.662
0.662
0.376647
0.517946
0.41558
0.662
0.40585
0.205365
0.38698
0.418134
0.662
0.662
0.662
0.238045
0.662
0.662
0.662
0.662
0.306494
0.4548
0.662
0.662
0.307772
0.662
0.472149
0.240483
0.0222338
0.414392
0.217513
0.662
0.0358184
0.662
0.00337008
0.48357
0.438835
0.662
0.417491
0.662
0.662
0.287598
0.662
0.226853
0.662
0.662
0.662
0.108083
0.662
0.662
0.662
0.435105
0.125442
0.662
0.254724
0.147235
0.662
0.662
0.662
0.362794
0.662
0.662
0.662
0.388302
0.62897
0.445371
0.424882
0.484354
0.662
0.0814652
0.160952
0.662
0.245579
0.409674
0.0941513
0.34536
0.212871
0.0675531
0.059009
0.662
0.354063
0.117769
0.167767
0.141831
0.277409
0.252235
0.34626
0.35391
0.662
0.662
0.412297
0.410203
0.662
0.662
0.662
0.662
0.662
0.662
0.662
0.662
0.191567
0.662
0.347877
0.662
0.662
