0.309389
0.662
0.662
0.662
0.662
0.227809
0.662
0.662
0.175608
0.0488035
0.662
0.662
0.471047
0.357406
0.397225
0.662
0.432047
0.662
0.417922
0.43934
0.662
0.662
0.662
0.440349
0.429785
0.181342
0.662
0.662
0.221683
0.0163336
0.316024
0.662
0.662
0.611816
0.662
0.0448398
0.662
0.345154
0.662
0.662
0.662
0.298286
0.0128461
0.662
0.417659
0.269807
0.280391
0.632557
0.662
0.662
0.475399
0.662
0.662
0.662
0.421404
0.662
0.662
0.0484611
0.467662
0.662
0.662
0.662
0.0604183
0.662
0.662
0.662
0.662
0.662
0.662
0.662
0.502614
0.00693954
0.462268
0.662
0.662
0.382949
0.662
0.251247
0.405186
0.162689
0.285411
0.662
0.41506
0.544259
0.662
0.662
0.662
0.662
0.214176
0.662
0.322744
0.276316
0.662
0.662
0.401548
0.662
0.443678
0.662
0.375758
0.662
0.662
0.662
0.199225
0.246388
0.662
0.322958
0.574552
0.205775
0.21314
0.662
0.266182
0.148664
0.430606
0.662
0.662
0.464154
0.51676
0.662
0.662
0.130865
0.662
0.136752
0.662
0.272384
0.662
0.662
0.662
0.0430787
0.662
0.662
0.425364
0.662
0.662
0.662
0.662
0.119686
0.210092
0.662
0.43715
0.245314
0.137711
0.662
0.662
0.0513077
0.662
0.139089
0.232764
0.662
0.408013
0.047567
0.205697
0.398602
0.662
0.374492
0.662
0.662
0.662
0.440825
0.662
0.398443
0.662
0.394079
0.662
0.199232
0.662
0.46805
0.662
0.179418
0.229878
0.23191
0.131942
0.567359
0.0998604
0.306212
0.461523
0.262355
0.662
0.662
0.662
0.662
0.294857
0.218596
0.142924
0.662
0.109313
0.662
0.376497
0.230712
0.662
0.108893
0.368619
0.662
0.662
0.225968
0.662
0.662
0.125677
0.194624
0.662
0.662
0.0359434
0.662
0.662
0.249303
0.289943
0.662
0.662
0.662
0.662
0.662
0.662
0.662
0.662
0.662
0.662
0.216488
0.0227036
0.244293
0.29819
0.0199829
0.662
0.0329076
0.662
0.0129814
0.0817135
0.662
0.124709
0.662
0.228527
0.662
0.291761
0.662
0.662
0.294971
0.343763
0.662
0.11294
0.662
0.662
0.090249
0.238633
0.277504
0.0217074
0.263123
0.0785804
0.662
0.109896
0.662
0.428104
0.393313
0.29313
0.662
0.662
0.662
0.142041
0.094723
0.574768
0.662
0.186575
0.662
0.662
0.229785
0.662
0.662
0.662
0.662
0.00464753
0.201568
0.101205
0.662
0.222814
0.662
0.30508
0.51551
0.662
0.27778
0.662
0.333818
0.662
0.662
0.662
0.0285107
0.457967
0.662
0.662
0.662
0.49818
0.662
0.662
0.0455823
0.662
0.218353
0.577761
0.411328
0.384788
0.0920515
0.287311
0.279674
0.379883
0.175884
0.662
0.399928
0.527364
0.662
0.662
0.662
0.320471
0.0170709
0.662
0.108431
0.062068
0.409619
0.507842
0.662
0.346276
0.401581
0.662
0.0551942
0.662
0.189108
0.662
0.662
0.662
0.300826
0.662
0.320328
0.662
0.662
0.662
0.662
0.662
0.662
0.219847
0.662
0.662
0.333516
0.525382
0.662
0.434956
0.662
0.662
0.662
0.662
0.662
0.662
0.662
0.662
0.0203932
0.662
0.662
0.662
0.662
0.662
0.412441
0.662
0.196764
0.662
0.377969
0.662
0.355617
0.39462
0.449758
0.662
0.662
0.369935
0.662
0.0462746
0.662
0.25338
0.662
0.0500903
0.0733631
0.117028
0.126753
0.662
0.133378
0.662
0.662
0.00579905
0.662
0.15052
0.662
0.662
0.662
0.662
0.662
0.0111556
0.662
0.662
0.662
0.662
0.662
0.592411
0.662
0.662
0.662
0.606825
0.662
0.224028
0.349011
0.662
0.283615
0.112821
0.662
0.096385
0.662
0.662
0.0189425
0.662
0.0833181
0.0869795
0.290496
0.662
0.476004
0.662
0.662
0.662
0.662
0.662
0.130508
0.662
0.415679
0.662
0.417176
0.32532
0.662
0.405473
0.662
0.355506
0.662
0.174643
0.295811
0.662
0.662
0.119361
0.405434
0.14863
0.160001
0.405136
0.499043
0.253607
0.404632
0.325773
0.662
0.411749
0.302281
0.662
0.499277
0.167848
0.662
0.477582
0.662
0.367168
0.662
0.662
0.662
0.662
0.662
0.662
0.662
0.170864
0.199136
0.242884
0.441721
0.662
0.176956
0.662
0.463936
0.662
0.473596
0.259816
0.662
0.662
0.296554
0.397562
0.473995
0.662
0.00357825
0.662
0.232032
0.662
0.662
0.158669
0.662
0.14902
0.662
0.662
0.662
0.138385
0.502365
0.662
0.134562
0.350391
0.662
0.413719
0.0925322
0.662
0.23396
0.662
0.662
0.662
0.0424896
0.42905
0.662
0.496055
0.662
0.370027
0.662
0.662
0.662
0.662
0.662
0.662
0.435257
0.211182
0.662
0.429498
0.392449
0.320557
0.0753603
0.550323
0.279653
0.227251
0.662
0.662
0.662
0.200682
0.114416
0.662
0.465008
0.545593
0.207836
0.662
0.662
0.0627016
0.188246
0.662
0.365978
0.327732
0.662
0.662
0.662
0.662
0.271245
0.662
0.41922
0.662
0.409844
0.662
0.662
0.409406
0.662
0.199516
0.662
0.662
0.662
0.205316
0.662
0.662
0.38742
0.121457
0.470045
0.458205
0.351357
0.217418
0.414503
0.331783
0.662
0.472623
0.310579
0.00353118
0.662
0.0164133
0.0890128
0.465018
0.154674
0.662
0.346824
0.256494
0.662
0.0530331
0.662
0.662
0.442617
0.662
0.370106
0.662
0.662
0.662
0.662
0.415589
0.662
0.516164
0.584005
0.0614048
0.662
0.662
0.00166247
0.276011
0.662
0.251386
0.395028
0.662
0.479005
0.0672169
0.662
0.662
0.662
0.662
0.662
0.662
0.13662
0.310427
0.662
0.322336
0.335154
0.0545725
0.662
0.662
0.662
0.662
0.662
0.662
0.0295924
0.662
0.662
0.0741089
0.285605
0.662
0.662
0.0398506
0.662
0.662
0.225064
0.159633
0.33467
0.662
0.148806
0.662
0.384476
0.662
0.051298
0.662
0.21463
0.247372
0.46196
0.662
0.662
0.662
0.352153
0.662
0.662
0.662
0.662
0.662
0.457583
0.510423
0.448691
0.662
0.662
0.128561
0.199471
0.662
0.662
0.0857809
0.662
0.662
0.662
0.662
0.148696
0.662
0.662
0.213342
0.390328
0.662
0.662
0.226143
0.662
0.239449
0.183753
0.662
0.00568994
0.250268
0.662
0.422155
0.662
0.662
0.246158
0.0476896
0.662
0.465175
0.281964
0.0448613
0.662
0.152113
0.106494
0.662
0.00189781
0.388208
0.662
0.662
0.662
0.168974
0.662
0.662
0.662
0.381763
0.662
0.168055
0.423016
0.191243
0.103665
0.346038
0.465227
0.662
0.662
0.115691
0.662
0.124322
0.375902
0.330225
0.232536
0.315328
0.434571
0.662
0.368668
0.374118
0.138491
0.662
0.112494
0.372522
0.662
0.139211
0.662
0.00905559
0.19696
0.662
0.662
0.0452877
0.662
0.336638
0.662
0.593287
0.177497
0.0412561
0.373372
0.57335
0.338637
0.167381
0.662
0.551134
0.662
0.662
0.312529
0.662
0.662
0.150656
0.662
0.662
0.662
0.209895
0.662
0.53263
0.0125706
0.217793
0.202581
0.306369
0.375595
0.235818
0.187452
0.662
0.662
0.662
0.662
0.492576
0.393026
0.00081955
0.662
0.43138
0.0291163
0.662
0.477502
0.662
0.662
0.0204358
0.0145034
0.546367
0.395265
0.414305
0.112222
0.662
0.662
0.662
0.274837
0.662
0.225288
0.450352
0.662
0.662
0.319602
0.160172
0.662
0.662
0.662
0.425615
0.404432
0.277773
0.662
0.662
0.662
0.14129
0.203331
0.100954
0.662
0.662
0.360769
0.0709411
0.662
0.662
0.662
0.662
0.662
0.662
0.506802
0.662
0.662
0.228744
0.37167
0.631016
0.445598
0.37443
0.288994
0.47184
0.662
0.662
0.662
0.662
0.662
0.662
0.0286653
0.662
0.206484
0.407411
0.662
0.0589201
0.096938
0.662
0.662
0.205683
0.58521
0.156574
0.221267
0.221837
0.662
0.662
0.662
0.431294
0.402612
0.207564
0.445115
0.662
0.662
0.662
0.662
0.662
0.662
0.512371
0.281466
0.662
0.662
0.662
0.287605
0.262597
0.0942194
0.116796
0.662
0.662
0.444151
0.43104
0.114083
0.0897594
0.335133
0.662
0.0325892
0.662
0.209345
0.662
0.445535
0.662
0.662
0.662
0.662
0.33921
0.448964
0.662
0.0346132
0.120436
0.175073
0.662
0.38372
0.43039
0.414443
0.662
0.662
0.662
0.0745619
0.223161
0.662
0.662
0.115742
0.662
0.304997
0.662
0.309234
0.662
0.662
0.378832
0.662
0.662
