0.662
0.662
0.0243462
0.595981
0.662
0.444666
0.375519
0.173544
0.199809
0.138505
0.504759
0.19567
0.262265
0.662
0.371465
0.662
0.662
0.628653
0.199038
0.28611
0.662
0.662
0.308296
0.345956
0.662
0.662
0.662
0.449427
0.662
0.662
0.662
0.461561
0.124672
0.662
0.662
0.662
0.662
0.662
0.193419
0.662
0.662
0.662
0.380908
0.662
0.460148
0.662
0.275749
0.0114952
0.322526
0.304357
0.416219
0.422906
0.236215
0.0451422
0.184046
0.158888
0.662
0.662
0.0852885
0.662
0.52187
0.662
0.662
0.662
0.662
0.662
0.662
0.662
0.662
0.476615
0.00489795
0.662
0.296554
0.445572
0.662
0.662
0.662
0.311042
0.662
0.0869345
0.662
0.358527
0.662
0.0918293
0.462757
0.0627016
0.559351
0.309189
0.453251
0.258594
0.662
0.43681
0.662
0.077075
0.662
0.662
0.662
0.662
0.0872947
0.662
0.361532
0.381067
0.662
0.373147
0.662
0.662
0.0275239
0.662
0.460993
0.662
0.662
0.0109876
0.662
0.662
0.662
0.124479
0.662
0.662
0.202388
0.662
0.662
0.0249683
0.662
0.37895
0.00189781
0.662
0.662
0.662
0.662
0.662
0.0449762
0.45139
0.051541
0.662
0.662
0.178264
0.349677
0.662
0.662
0.00967971
0.246066
0.224134
0.662
0.662
0.662
0.22453
0.382316
0.662
0.0230381
0.0287421
0.662
0.662
0.662
0.307441
0.662
0.034901
0.283671
0.0925766
0.662
0.460792
0.151509
0.341995
0.662
0.32101
0.662
0.662
0.333965
0.662
0.662
0.662
0.662
0.662
0.14743
0.662
0.662
0.470127
0.39312
0.662
0.093234
0.662
0.662
0.662
0.202489
0.662
0.662
0.210502
0.206334
0.662
0.451073
0.418108
0.662
0.662
0.446016
0.178064
0.662
0.0130221
0.254804
0.00845591
0.105671
0.662
0.662
0.205626
0.468385
0.297414
0.662
0.662
0.132791
0.662
0.0934602
0.598997
0.662
0.662
0.432018
0.125603
0.365186
0.356564
0.662
0.662
0.662
0.297496
0.662
0.662
0.228793
0.279478
0.310858
0.366746
0.286016
0.409001
0.662
0.414443
0.263372
0.662
0.323023
0.396412
0.652195
0.662
0.335486
0.662
0.434988
0.44527
0.216554
0.662
0.346247
0.662
0.662
0.194289
0.662
0.433717
0.662
0.662
0.219064
0.30175
0.172671
0.184298
0.662
0.465566
0.306531
0.662
0.662
0.200275
0.662
0.662
0.196579
0.04738
0.293889
0.275163
0.662
0.35153
0.208002
0.662
0.353744
0.193689
0.434687
0.47253
0.252884
0.133188
0.104152
0.662
0.130053
0.0056396
0.662
0.662
0.427083
0.167844
0.273288
0.215103
0.0416235
0.662
0.513389
0.470958
0.372451
0.662
0.194523
0.662
0.378686
0.662
0.662
0.45117
0.662
0.662
0.662
0.465765
0.170433
0.114682
0.582755
0.183022
0.169312
0.485884
0.662
0.662
0.662
0.272343
0.335659
0.430632
0.662
0.0298023
0.435207
0.0465466
0.361249
0.662
0.662
0.343635
0.228451
0.662
0.662
0.662
0.114176
0.141474
0.662
0.305451
0.0493285
0.13759
0.386263
0.662
0.440939
0.662
0.175177
0.662
0.662
0.662
0.0908578
0.662
0.662
0.288994
0.662
0.269509
0.633694
0.282969
0.662
0.662
0.662
0.662
0.3866
0.662
0.233596
0.391148
0.662
0.286037
0.662
0.00196989
0.662
0.381277
0.662
0.161993
0.662
0.00436027
0.662
0.662
0.248911
0.109419
0.662
0.662
0.662
0.304098
0.409408
0.131942
0.662
0.308723
0.237448
0.662
0.535842
0.0445805
0.309548
0.662
0.319178
0.283132
0.136702
0.662
0.102288
0.662
0.416117
0.248328
0.133301
0.312007
0.662
0.662
0.662
0.624985
0.193523
0.421423
0.662
0.014562
0.235063
0.460214
0.662
0.662
0.662
0.662
0.0057871
0.374312
0.238139
0.314594
0.078883
0.0328745
0.182643
0.283295
0.662
0.662
0.0254129
0.662
0.341395
0.662
0.405909
0.409267
0.476323
0.0479264
0.295185
0.391884
0.662
0.662
0.662
0.14661
0.34242
0.662
0.322326
0.425133
0.662
0.419405
0.18429
0.440574
0.662
0.662
0.257604
0.00480094
0.434491
0.374791
0.326796
0.662
0.662
0.332286
0.662
0.662
0.321726
0.662
0.662
0.42516
0.662
0.270956
0.662
0.398418
0.31937
0.49384
0.0720372
0.662
0.470419
0.662
0.0493239
0.662
0.662
0.662
0.662
0.278737
0.452503
0.357528
0.662
0.662
0.644901
0.662
0.662
0.662
0.662
0.662
0.662
0.662
0.662
0.662
0.662
0.233452
0.662
0.226969
0.662
0.5764
0.0618414
0.400511
0.662
0.376555
0.662
0.662
0.662
0.662
0.352932
0.28143
0.030859
0.662
0.662
0.662
0.555368
0.0806386
0.424433
0.662
0.163075
0.662
0.0157906
0.216947
0.085542
0.662
0.662
0.127702
0.662
0.260225
0.662
0.0275426
0.662
0.662
0.166844
0.137133
0.662
0.662
0.217733
0.188648
0.662
0.662
0.662
0.349306
0.435169
0.662
0.548203
0.662
0.662
0.259356
0.127124
0.662
0.662
0.662
0.662
0.314833
0.401453
0.163446
0.662
0.662
0.117809
0.195654
0.31266
0.314343
0.662
0.136296
0.220882
0.662
0.662
0.662
0.662
0.662
0.332727
0.511187
0.12497
0.662
0.247175
0.662
0.471943
0.662
0.230541
0.662
0.0373774
0.451418
0.0331629
0.187508
0.662
0.662
0.457469
0.421436
0.662
0.401455
0.0441274
0.193625
0.111379
0.36005
0.662
0.662
0.46839
0.0909396
0.662
0.355536
0.662
0.440932
0.395947
0.662
0.231286
0.662
0.662
0.662
0.455559
0.662
0.662
0.662
0.346739
0.417159
0.662
0.662
0.662
0.126946
0.662
0.662
0.305087
0.114688
0.662
0.662
0.662
0.662
0.4208
0.571608
0.662
0.426902
0.327994
0.662
0.662
0.338365
0.163159
0.662
0.377498
0.662
0.0103642
0.662
0.662
0.227425
0.662
0.662
0.662
0.0909937
0.662
0.358064
0.662
0.264783
0.662
0.662
0.662
0.662
0.502401
0.154358
0.662
0.217428
0.662
0.662
0.662
0.253068
0.662
0.662
0.235268
0.404602
0.305128
0.405854
0.662
0.280777
0.00826072
0.662
0.662
0.220028
0.455329
0.662
0.662
0.662
0.00392173
0.662
0.662
0.196098
0.662
0.662
0.662
0.662
0.662
0.662
0.662
0.662
0.662
0.373368
0.350289
0.0954055
0.463844
0.662
0.662
0.662
0.126537
0.662
0.0803827
0.342413
0.192687
0.662
0.662
0.635175
0.662
0.27685
0.662
0.662
0.662
0.381094
0.662
0.431194
0.010268
0.171614
0.106457
0.662
0.662
0.3866
0.662
0.136666
0.263186
0.372514
0.662
0.0707908
0.662
0.652507
0.662
0.662
0.343521
0.662
0.662
0.0461879
0.662
0.0836126
0.181152
0.662
0.662
0.662
0.165526
0.662
0.0291818
0.662
0.662
0.228006
0.662
0.395315
0.0671268
0.662
0.662
0.662
0.436516
0.662
0.662
0.662
0.395333
0.342822
0.28377
0.662
0.662
0.29656
0.662
0.662
0.0415223
0.662
0.30922
0.224654
0.421849
0.414121
0.662
0.194458
0.365075
0.401875
0.662
0.205843
0.662
0.391747
0.662
0.163455
0.0288998
0.662
0.662
0.37069
0.662
0.295064
0.464042
0.662
0.201165
0.393717
0.292755
0.662
0.662
0.466903
0.662
0.662
0.662
0.21873
0.391498
0.662
0.662
0.237432
0.251386
0.662
0.224182
0.662
0.662
0.662
0.23876
0.359248
0.662
0.662
0.134068
0.173624
0.662
0.662
0.662
0.413719
0.457942
0.662
0.335071
0.662
0.0716454
0.662
0.396265
0.00081955
0.662
0.0184933
0.241272
0.662
0.0799268
0.662
0.505956
0.633391
0.23837
0.056665
0.662
0.662
0.404584
0.350833
0.353375
0.466859
0.25428
0.364771
0.662
0.662
0.410994
0.662
0.127541
0.662
0.159663
0.401188
0.662
0.298802
0.358843
0.359181
0.662
0.0706787
0.134756
0.129225
0.662
0.281179
0.357626
0.120192
0.662
0.385129
0.662
0.662
0.662
0.662
0.448983
0.0569934
0.662
0.662
0.662
0.325589
0.662
0.142752
0.662
0.662
0.662
0.662
0.197854
0.152831
0.662
0.662
0.662
0.662
0.662
0.316083
0.662
0.43196
0.662
0.468737
0.662
0.459717
0.662
0.20622
0.662
0.662
0.274085
0.662
0.662
0.501191
0.662
0.662
0.662
0.662
0.662
0.550768
0.0846001
0.256282
0.244425
0.662
0.662
0.20398
0.468251
0.028451
0.662
0.337424
0.29845
0.310439
0.0619845
0.662
0.644893
0.403353
0.662
0.00773426
0.0181761
0.373254
0.574371
0.662
0.662
0.662
0.662
0.387516
0.662
0.662
0.372156
0.662
0.662
0.089895
0.480803
0.417074
0.0318441
0.0564784
0.662
0.231736
0.0297041
0.662
0.662
0.662
0.471658
0.662
0.372266
0.662
0.354886
0.662
0.394554
0.662
0.662
0.662
0.662
0.662
0.662
0.662
0.470971
0.131134
0.662
0.294599
0.0111715
0.662
0.662
0.250472
0.343126
0.561251
0.662
0.662
0.662
0.662
0.662
0.662
0.658721
0.662
0.662
0.662
0.184787
0.662
0.662
0.268022
0.390328
0.662
0.465131
0.662
0.456734
0.662
0.0961003
0.662
0.662
0.0135886
0.127985
0.662
0.662
0.662
0.00210668
0.229878
0.662
0.662
0.662
0.662
0.177555
0.662
0.662
0.662
0.349855
0.0500838
0.0944668
0.662
0.662
0.662
0.163434
0.662
0.483341
0.662
0.662
0.136417
0.662
0.662
0.355772
0.483224
0.662
0.662
0.110505
0.449308
0.662
0.662
0.662
0.259415
0.662
0.295571
0.0394171
0.662
0.662
0.0591626
0.662
0.205224
0.12806
0.131149
0.336742
0.662
0.662
0.662
0.662
0.220204
0.0906805
0.662
0.662
0.454002
0.662
0.281065
0.662
0.188642
0.662
0.662
0.662
0.662
0.662
0.00905559
0.487459
0.280059
0.662
0.662
0.0671469
0.453637
0.662
0.662
0.0552111
0.475058
0.662
0.114311
0.389123
0.662
0.332814
0.662
0.662
0.662
0.662
0.205149
0.662
0.192956
0.662
0.193462
0.662
0.662
0.430063
0.662
0.205717
0.0291886
0.662
0.174413
0.662
0.662
0.662
0.662
0.200178
0.0286777
0.662
0.426751
0.662
0.439948
0.498499
0.662
0.445535
0.662
0.662
0.0200248
0.662
0.662
0.662
0.662
0.662
0.44288
0.192768
0.123513
0.185782
0.662
0.205583
0.187874
0.490906
0.440604
0.0793469
0.213322
0.383544
0.662
0.662
0.662
0.232665
0.211636
0.662
0.662
0.0560352
0.662
0.662
0.662
0.254965
0.255544
0.250913
0.662
0.00593432
0.274107
0.472923
0.277991
0.0650012
0.270488
0.184466
0.252887
0.662
0.396247
0.423876
0.662
0.662
0.662
0.396698
0.582702
0.630616
0.54331
0.662
0.00207487
0.662
0.440354
0.180742
0.396101
0.210093
0.132215
0.121926
0.662
0.662
0.0615468
0.513385
0.346068
0.0262229
0.362902
0.0823522
0.149255
0.662
0.13345
0.662
0.662
0.662
0.662
0.0877708
0.662
0.229975
0.662
0.662
0.662
0.179197
0.662
0.662
0.471128
0.662
0.662
0.0321942
0.0410568
0.105544
0.0767965
0.450855
0.295827
0.046777
0.180578
0.110965
0.14039
0.662
0.128393
0.370553
0.662
0.387899
0.326252
0.662
0.0160647
0.0103322
0.334078
0.662
0.662
0.662
0.43503
0.0033736
0.427271
0.662
0.431205
0.148645
0.0939197
0.662
0.662
0.662
0.12815
0.662
0.662
0.381838
0.246159
0.662
0.662
0.336284
0.457176
0.344233
0.191519
0.662
0.662
0.662
0.161661
0.662
0.662
0.662
0.0977172
0.0237593
