0.662
0.214856
0.662
0.415443
0.662
0.501356
0.400514
0.662
0.662
0.662
0.0574381
0.662
0.226732
0.662
0.442017
0.662
0.150422
0.424708
0.648414
0.662
0.662
0.181818
0.253449
0.662
0.662
0.322799
0.0198715
0.662
0.662
0.662
0.662
0.401969
0.662
0.0128629
0.387129
0.10708
0.302115
0.283285
0.280215
0.662
0.0297984
0.266039
0.662
0.334753
0.662
0.133952
0.662
0.150508
0.662
0.0569684
0.286849
0.0102139
0.386183
0.222937
0.106101
0.662
0.103217
0.662
0.662
0.173332
0.662
0.662
0.662
0.480263
0.662
0.662
0.352696
0.251637
0.380042
0.662
0.662
0.504186
0.662
0.662
0.662
0.246873
0.662
0.424193
0.662
0.299008
0.526874
0.662
0.662
0.662
0.662
0.662
0.594595
0.662
0.198216
0.0124794
0.348229
0.363779
0.336402
0.662
0.441611
0.451733
0.662
0.662
0.662
0.662
0.241474
0.501721
0.159758
0.088386
0.395228
0.662
0.466888
0.0287035
0.447841
0.662
0.662
0.662
0.0250598
0.662
0.662
0.662
0.624623
0.127227
0.662
0.662
0.397584
0.0278852
0.0226927
0.475223
0.28804
0.161689
0.662
0.0987227
0.181072
0.662
0.662
0.0859045
0.376526
0.662
0.662
0.662
0.25862
0.662
0.662
0.157151
0.140288
0.128928
0.248073
0.662
0.662
0.558486
0.344406
0.662
0.223299
0.0198082
0.501356
0.162344
0.354081
0.42061
0.299475
0.662
0.662
0.662
0.19179
0.662
0.662
0.118044
0.0153665
0.662
0.199019
0.459862
0.662
0.155989
0.333896
0.662
0.38506
0.58535
0.33391
0.579408
0.662
0.468526
0.315005
0.662
0.475089
0.195998
0.662
0.0370165
0.662
0.662
0.116326
0.211911
0.662
0.662
0.164038
0.662
0.414338
0.662
0.662
0.0315592
0.662
0.381033
0.662
0.0190869
0.37211
0.261329
0.464056
0.662
0.662
0.662
0.21686
0.388904
0.391204
0.414777
0.662
0.173512
0.0211326
0.662
0.241928
0.662
0.662
0.442753
0.662
0.662
0.191677
0.43786
0.344381
0.662
0.212933
0.662
0.0210789
0.662
0.662
0.662
0.662
0.522211
0.662
0.662
0.662
0.662
0.662
0.281086
0.115731
0.662
0.17495
0.662
0.662
0.477612
0.662
0.662
0.662
0.662
0.438057
0.662
0.50042
0.0931809
0.0698443
0.0359715
0.0669344
0.662
0.245835
0.662
0.281552
0.163213
0.662
0.662
0.346466
0.662
0.662
0.662
0.662
0.385194
0.162547
0.224909
0.287859
0.446968
0.427457
0.662
0.300929
0.289943
0.662
0.662
0.662
0.662
0.662
0.662
0.662
0.662
0.146302
0.662
0.662
0.00811754
0.15891
0.662
0.0370654
0.26726
0.662
0.171808
0.662
0.421122
0.0976405
0.488879
0.408307
0.0423025
0.159141
0.0862588
0.405044
0.662
0.662
0.662
0.118661
0.479459
0.34002
0.119147
0.173609
0.270208
0.250619
0.662
0.221183
0.165261
0.470578
0.662
0.239823
0.662
0.662
0.662
0.662
0.28177
0.662
0.662
0.662
0.662
0.662
0.662
0.662
0.662
0.662
0.662
0.662
0.662
0.420388
0.0395143
0.662
0.662
0.662
0.662
0.662
0.258982
0.385116
0.662
0.662
0.662
0.125123
0.0956328
0.355013
0.112842
0.561949
0.662
0.662
0.110786
0.297374
0.662
0.456152
0.585344
0.662
0.0644798
0.0123209
0.0801224
0.662
0.330443
0.34484
0.662
0.662
0.466886
0.314023
0.349156
0.446894
0.662
0.662
0.40088
0.393998
0.307292
0.662
0.662
0.557058
0.0731535
0.662
0.662
0.20718
0.662
0.662
0.662
0.0324127
0.662
0.514424
0.47743
0.0353412
0.662
0.211219
0.299884
0.534908
0.247656
0.169852
0.104683
0.662
0.662
0.50001
0.371999
0.662
0.662
0.0372911
0.662
0.386423
0.330996
0.662
0.203316
0.237451
0.583299
0.662
0.662
0.568669
0.196045
0.170112
0.662
0.325898
0.662
0.481534
0.132568
0.662
0.662
0.662
0.662
0.662
0.662
0.662
0.662
0.45622
0.662
0.585792
0.460316
0.662
0.662
0.505769
0.474992
0.599666
0.662
0.467107
0.177172
0.662
0.229274
0.662
0.370075
0.210216
0.662
0.662
0.484763
0.662
0.662
0.662
0.662
0.662
0.187265
0.163548
0.0534237
0.204257
0.662
0.349637
0.662
0.154435
0.209875
0.248811
0.662
0.662
0.662
0.662
0.26478
0.662
0.662
0.662
0.662
0.180851
0.187005
0.367757
0.407877
0.662
0.289189
0.662
0.662
0.339236
0.556473
0.419644
0.643367
0.662
0.343605
0.455139
0.260553
0.0342852
0.662
0.662
0.364197
0.662
0.10176
0.417142
0.0620216
0.115296
0.662
0.662
0.662
0.662
0.662
0.662
0.0292094
0.378951
0.0996512
0.662
0.662
0.233806
0.275646
0.662
0.0760342
0.662
0.662
0.662
0.662
0.440505
0.160494
0.662
0.662
0.311294
0.152706
0.390668
0.555499
0.662
0.662
0.442052
0.662
0.662
0.662
0.662
0.154789
0.662
0.393194
0.0266473
0.0162131
0.0441417
0.470518
0.662
0.662
0.662
0.15225
0.26528
0.127658
0.295507
0.662
0.25497
0.385374
0.662
0.455834
0.144693
0.238528
0.146388
0.0159084
0.0116313
0.662
0.662
0.0662874
0.662
0.662
0.662
0.662
0.239206
0.662
0.662
0.662
0.368839
0.662
0.662
0.662
0.662
0.662
0.662
0.170906
0.662
0.662
0.25893
0.381239
0.395063
0.662
0.662
0.662
0.179487
0.662
0.662
0.662
0.662
0.662
0.426238
0.662
0.662
0.662
0.662
0.662
0.662
0.197296
0.319773
0.386407
0.662
0.0747306
0.0310502
0.662
0.662
0.662
0.334759
0.432647
0.0955153
0.662
0.662
0.422318
0.662
0.662
0.318499
0.662
0.662
0.662
0.0862685
0.662
0.662
0.0619783
0.662
0.662
0.662
0.096754
0.263206
0.446257
0.662
0.662
0.662
0.662
0.185203
0.662
0.0719108
0.662
0.662
0.209561
0.0608762
0.424765
0.236541
0.38057
0.662
0.662
0.465384
0.45407
0.662
0.662
0.460316
0.662
0.0869277
0.662
0.662
0.323809
0.662
0.662
0.662
0.333563
0.474569
0.662
0.662
0.471912
0.662
0.529094
0.662
0.662
0.18201
0.370748
0.130162
0.447288
0.662
0.273552
0.321633
0.662
0.662
0.662
0.594738
0.662
0.00736838
0.310564
0.662
0.662
0.662
0.662
0.662
0.056138
0.662
0.0145098
0.187494
0.134165
0.277383
0.313797
0.040738
0.662
0.662
0.662
0.662
0.662
0.248861
0.247355
0.662
0.662
0.662
0.23442
0.451587
0.662
0.506361
0.51553
0.347623
0.0255874
0.2621
0.662
0.662
0.662
0.330184
0.15989
0.474704
0.662
0.662
0.662
0.662
0.117417
0.662
0.662
0.142028
0.662
0.662
0.118971
0.662
0.662
0.303167
0.662
0.391686
0.127582
0.662
0.662
0.662
0.662
0.384357
0.473232
0.662
0.344468
0.662
0.0831059
0.662
0.662
0.662
0.662
0.662
0.407318
0.662
0.171933
0.662
0.0647943
0.286927
0.662
0.319237
0.662
0.662
0.133746
0.662
0.121433
0.312238
0.662
0.556314
0.662
0.133887
0.662
0.077848
0.458727
0.376025
0.662
0.662
0.117347
0.662
0.662
0.142162
0.662
0.204517
0.467161
0.355319
0.382031
0.662
0.377235
0.662
0.662
0.24222
0.662
0.662
0.662
0.662
0.0169614
0.662
0.128713
0.662
0.662
0.0455803
0.662
0.234997
0.662
0.662
0.662
0.280543
0.662
0.662
0.223443
0.450601
0.662
0.420822
0.662
0.662
0.662
0.662
0.662
0.662
0.662
0.662
0.662
0.237568
0.187043
0.284521
0.415156
0.455904
0.662
0.184456
0.00587853
0.245149
0.662
0.662
0.662
0.180096
0.662
0.156099
0.189771
0.0227345
0.17987
0.662
0.241883
0.104102
0.473725
0.188658
0.662
0.566034
0.662
0.662
0.662
0.376248
0.472213
0.0777663
0.451149
0.662
0.662
0.529251
0.662
0.662
0.662
0.0903357
0.163182
0.289583
0.288145
0.300214
0.191694
0.662
0.662
0.207817
0.662
0.662
0.291631
0.272836
0.274524
0.662
0.662
0.174994
0.253397
0.662
0.662
0.327131
0.662
0.419318
0.662
0.662
0.442744
0.662
0.662
0.124104
0.108403
0.0237094
0.662
0.662
0.662
0.444055
0.434777
0.662
0.191758
0.662
0.662
0.662
0.434564
0.662
0.662
0.662
0.491762
0.532209
0.662
0.662
0.315537
0.662
0.662
0.662
0.0219855
0.662
0.662
0.304113
0.210352
0.662
0.143365
0.662
0.00665837
0.214982
0.0752499
0.278466
0.505938
0.120061
0.355426
0.343038
0.326811
0.662
0.346017
0.662
0.160824
0.268817
0.662
0.336698
0.314564
0.662
0.456171
0.662
0.451112
0.351984
0.164723
0.662
0.121636
0.438281
0.662
0.0169594
0.193105
0.274991
0.662
0.363203
0.0716151
0.412604
0.285273
0.662
0.662
0.662
0.469487
0.185317
0.662
0.179436
0.457357
0.662
0.662
0.132484
0.662
0.25411
0.662
0.600076
0.662
0.476328
0.132357
0.662
0.662
0.662
0.258405
0.662
0.662
0.404941
0.662
0.662
0.662
0.376056
0.323072
0.662
0.662
0.359304
0.662
0.662
0.662
0.508046
0.662
0.300638
0.438782
0.662
0.425788
0.132949
0.662
0.662
0.140834
0.335371
0.30949
0.662
0.224587
0.305865
0.662
0.288548
0.290356
0.647278
0.662
0.662
0.662
0.0649164
0.662
0.662
0.0758116
0.0027024
0.293316
0.662
0.662
0.163693
0.123472
0.0546758
0.662
0.0397983
0.0160421
0.100862
0.302054
0.22426
0.662
0.284078
0.343256
0.542022
0.662
0.662
0.662
0.662
0.0140729
0.662
0.180602
0.662
0.662
0.662
0.662
0.662
0.662
0.47241
0.662
0.662
0.212572
0.662
0.662
0.274927
0.662
0.662
0.662
0.20332
0.0313438
0.593678
0.535878
0.662
0.0323741
0.662
0.456253
0.662
0.662
0.348973
0.662
0.662
0.662
0.662
0.340966
0.662
0.130349
0.253646
0.662
0.462802
0.509581
0.662
0.00826637
0.0345232
0.662
0.662
0.106086
0.662
0.662
0.662
0.00302545
0.662
0.662
0.662
0.446325
0.437975
0.238431
0.13435
0.662
0.662
0.662
0.662
0.497359
0.463394
0.662
0.168061
0.662
0.662
0.375202
0.662
0.100028
0.662
0.662
0.662
0.662
0.566255
0.378635
0.507197
0.0379257
0.662
0.662
0.345566
0.662
0.662
0.113637
0.423488
0.117011
0.292475
0.662
0.662
0.662
0.420053
0.662
0.283165
0.662
0.388337
0.171352
0.153918
0.662
0.415132
0.0406923
0.662
0.256967
0.412038
0.506941
0.662
0.662
0.662
0.388978
0.0823432
0.662
0.364317
0.662
0.356574
0.662
0.359038
0.662
0.296109
0.662
0.419133
0.44102
0.321895
0.432634
0.662
0.222171
0.354033
0.272788
0.192845
0.662
0.662
0.0308019
0.17181
0.662
0.104607
0.348485
0.662
0.403116
0.662
0.142791
0.356987
0.108375
0.662
0.662
0.475648
0.662
0.662
0.662
0.382648
0.236168
0.253356
0.662
0.662
0.449251
0.662
0.662
0.662
0.250913
0.0324691
0.0683045
0.179901
0.662
0.133284
0.662
0.0229991
0.662
0.662
0.662
0.662
0.662
0.662
0.283512
0.42987
0.470114
0.000751946
0.662
0.662
0.662
0.162321
0.23612
0.662
0.633694
0.662
0.662
0.662
0.383394
0.180785
0.151825
0.662
0.0411738
0.662
0.21508
0.662
0.662
0.662
0.662
0.662
0.662
0.662
0.662
0.662
0.662
0.623933
0.318335
0.0755023
0.178802
0.662
0.662
0.662
0.662
0.354721
0.662
0.662
0.662
0.662
0.189044
0.141658
0.662
0.662
0.662
0.432129
0.662
0.662
0.226937
0.435056
0.137055
0.293634
0.662
0.394607
0.662
0.662
0.662
0.662
0.662
0.662
0.50883
0.662
0.0331179
0.662
0.29551
0.176618
0.110403
0.222994
0.134955
0.662
0.662
0.662
0.662
0.662
0.352921
0.329335
0.662
0.107761
0.192274
0.192582
0.662
0.178097
0.662
0.27017
0.662
0.662
0.662
0.322592
0.662
0.662
0.546696
0.662
0.254517
0.662
0.319367
0.386781
0.662
0.662
0.662
0.662
0.17762
0.350499
0.662
0.115698
0.662
0.306541
0.662
0.349367
0.564964
0.662
0.328499
0.00865318
0.501184
0.187337
0.566705
0.662
0.662
0.662
0.662
0.170023
0.433728
0.662
0.662
0.662
0.414205
0.114211
0.0173903
0.662
0.662
0.662
0.662
0.2315
0.662
0.0425945
0.263565
0.368456
0.395757
0.11772
0.27599
0.662
0.423127
0.662
0.662
0.662
0.662
0.662
0.662
0.177306
0.662
0.662
0.362598
0.662
0.285807
0.0436597
0.662
0.332787
0.368762
0.388339
0.439111
0.413033
0.304724
0.0733052
0.662
0.229927
0.662
0.662
0.662
0.662
0.662
0.662
0.220905
0.662
0.144397
0.662
0.110667
0.662
0.375679
0.028625
0.662
0.662
0.433453
0.147104
0.662
0.662
0.662
0.302784
0.135331
0.0410936
0.662
0.662
0.00927726
0.0432501
0.301106
0.662
0.662
0.662
0.165111
0.0864143
0.662
0.476723
0.311988
0.205202
0.662
0.288648
0.339373
0.662
0.662
0.330428
0.0978355
0.25081
0.234785
0.454728
0.326292
0.455532
0.389164
0.222756
0.00209331
0.390557
0.662
0.662
0.119858
0.424798
0.662
0.446433
0.662
0.308798
0.662
0.662
0.06539
0.0272017
0.00458388
0.662
0.589364
0.662
0.662
0.356448
0.139676
0.303658
0.662
0.336768
0.100951
0.041584
0.168357
0.662
0.662
0.414208
0.313369
0.404862
0.182823
0.280856
0.277081
0.27138
0.0430792
0.380765
0.662
0.0826446
0.662
0.662
0.254197
0.306137
0.662
0.337876
0.662
0.662
0.662
0.662
0.662
0.194652
0.662
0.429013
0.351879
0.120831
0.112092
0.662
0.463664
0.140172
0.662
0.662
0.662
0.376522
0.662
0.360338
0.662
0.144353
0.662
0.662
0.662
0.177007
0.0684072
0.662
0.662
0.440813
0.662
0.143715
0.11623
0.662
0.322986
0.662
0.351163
0.662
0.0152304
0.351719
0.662
0.154168
0.662
0.662
0.308101
0.433894
0.320039
0.662
0.326801
0.662
0.662
0.662
0.662
0.662
0.280793
0.217971
0.662
0.662
0.662
0.422174
0.662
0.262186
0.662
0.662
0.662
0.168207
0.213565
0.151368
0.662
0.662
0.543709
0.279245
0.465182
0.467733
0.662
0.212929
0.662
0.0806003
0.35164
0.467729
0.662
0.662
0.384854
0.662
0.239809
0.662
0.267181
0.662
0.662
0.662
0.662
0.298971
0.00394671
0.435275
0.416149
0.29548
0.184722
0.453692
0.155066
0.220001
0.0656498
0.662
0.662
0.0246692
0.662
0.662
0.662
0.283857
0.107185
0.065786
0.662
0.662
0.633241
0.662
0.00562435
0.077151
0.0690466
0.199803
0.307004
0.460849
0.662
0.662
0.21863
0.341342
0.662
0.270675
0.0484892
0.0754355
0.662
0.311552
0.662
0.662
0.0434875
0.662
0.431472
0.662
0.662
0.662
0.662
0.662
0.577492
0.662
0.662
0.662
0.338298
0.459975
0.185336
0.173178
0.223091
0.662
0.662
0.662
0.662
0.419752
0.0645627
0.662
0.662
0.662
0.662
0.662
0.237259
0.662
0.308704
0.427232
0.446402
0.458315
0.336499
0.112465
0.662
0.662
0.662
0.662
0.662
0.662
0.263241
0.662
0.212229
0.137477
0.662
0.255341
0.0400569
0.213056
0.0913496
0.662
0.662
0.0661019
0.662
0.662
0.662
0.662
0.662
0.0510638
0.475298
0.662
0.662
0.662
0.662
0.662
0.662
0.474795
0.662
0.244177
0.12624
0.336305
0.662
0.662
0.662
0.0920235
0.662
0.662
0.340167
0.662
0.191498
0.36809
0.441781
0.251005
0.662
0.602914
0.662
0.662
0.662
0.345838
0.39578
0.662
0.662
0.419491
0.0649437
0.214616
0.662
0.662
0.662
0.662
0.662
0.662
0.429687
0.0201291
0.662
0.662
0.280437
0.439961
0.662
0.662
0.662
0.614743
0.662
0.662
0.368726
0.662
0.662
0.529157
0.0302144
0.0845732
0.662
0.14761
0.0523992
0.216817
0.662
0.302968
0.662
0.662
0.662
0.367109
0.662
0.662
0.306219
0.419484
0.443798
0.662
0.662
0.662
0.0057809
0.662
0.445971
0.662
0.662
0.662
0.29347
0.662
0.414433
0.662
0.662
0.206539
0.341699
0.662
0.662
0.662
0.0896484
0.662
0.662
0.262063
0.36424
0.662
0.662
0.416247
0.161279
0.662
0.601359
0.662
0.662
0.337994
0.662
0.176214
0.662
0.662
0.662
0.177054
0.159089
0.176552
0.39288
0.662
0.662
0.662
0.116513
0.193568
0.180407
0.0792782
0.121892
0.662
0.100998
0.662
0.662
0.335441
0.662
0.662
0.15
0.459364
0.294884
0.662
0.262933
0.435542
0.0927139
0.447566
0.662
0.332135
0.302289
0.662
0.662
0.36975
0.398401
0.662
0.260592
0.662
0.662
0.237448
0.662
0.662
0.364467
0.662
0.142194
0.662
0.662
0.662
0.662
0.662
0.662
0.282866
0.349014
0.662
0.205097
0.662
0.662
0.180539
0.662
0.119987
0.352948
0.183975
0.352816
0.662
0.267169
0.243372
0.662
0.343406
0.457366
0.662
0.662
0.662
0.0930822
0.662
0.662
0.431083
0.051436
0.662
0.213401
0.0348566
0.1925
0.245214
0.0900134
0.662
0.123696
0.662
0.172209
0.313616
0.0328183
0.0249875
0.662
0.442392
0.1738
0.662
0.662
0.451546
0.288964
0.464505
0.662
0.662
0.662
0.662
0.662
0.437088
0.369572
0.662
0.16625
0.662
0.300463
0.431488
0.147969
0.349139
0.662
0.221055
0.662
0.432022
0.520975
0.225549
0.662
0.662
0.662
0.433431
0.276726
0.0115434
0.642167
0.662
0.662
0.662
0.662
0.411836
0.662
0.421035
0.132151
0.662
0.466837
0.33077
0.662
0.0412438
0.662
0.39154
0.662
0.00926185
0.662
0.662
0.662
0.662
0.662
0.407946
0.662
0.662
0.662
0.188429
0.662
0.662
0.463488
0.662
0.662
0.0839371
0.481016
0.662
0.662
0.662
0.662
0.453656
0.662
0.484853
0.342944
0.534753
0.225116
0.637337
0.282415
0.199216
0.662
0.386399
0.662
0.426108
0.146724
0.662
0.662
0.662
0.662
0.662
0.320847
0.662
0.304287
0.662
0.662
0.662
0.662
0.662
0.662
0.378296
0.480314
0.00656763
0.662
0.168527
0.662
0.13332
0.662
0.662
0.103572
0.0103292
0.327999
0.662
0.344524
0.662
0.662
0.662
0.157143
0.662
0.662
0.662
0.363824
0.662
0.228804
0.242411
0.662
0.326005
0.662
0.662
0.0692647
0.662
0.662
0.284629
0.123359
0.662
0.370477
0.418796
0.662
0.405717
0.096098
0.0760419
0.366857
0.437589
0.148054
0.324321
0.549617
0.662
0.662
0.662
0.662
0.165183
0.134958
0.662
0.662
0.206345
0.662
0.662
0.426058
0.144103
0.662
0.230853
0.0706066
0.436123
0.0125614
0.0430802
0.662
0.152654
0.200392
0.44724
0.263353
0.473992
0.662
0.662
0.662
0.662
0.662
0.480832
0.662
0.385188
0.662
0.662
0.000662561
0.603472
0.662
0.662
0.0944365
0.432329
0.0233081
0.368734
0.662
0.662
0.171708
0.286879
0.36527
0.0333265
0.0496306
0.0958399
0.143012
0.454844
0.322057
0.662
0.662
0.662
0.662
0.662
0.288594
0.357488
0.662
0.0125117
0.300482
0.662
0.470263
0.0464861
0.437186
0.312381
0.662
0.28143
0.22634
0.399897
0.662
0.0178107
0.116305
0.10658
0.662
0.0866566
0.179701
0.391146
0.390038
0.363476
0.374978
0.662
0.0804184
0.270549
0.0990599
0.21109
0.0567742
0.466375
0.662
0.535073
0.662
0.262892
0.5282
0.662
0.356789
0.288327
0.662
0.662
0.662
0.390486
0.662
0.662
0.488197
0.117818
0.662
0.662
0.187342
0.662
0.19187
0.229118
0.0330389
0.662
0.35677
0.214294
0.0215531
0.662
0.289385
0.0452526
0.0280771
0.158483
0.662
0.662
0.662
0.3186
0.662
0.0374618
0.477096
0.662
0.129326
0.233212
0.29587
0.662
0.662
0.662
0.331931
0.0261099
0.324287
0.662
0.146159
0.662
0.278687
0.662
0.662
0.662
0.296906
0.662
0.400317
0.662
0.263656
0.662
0.662
0.395927
0.187481
0.196855
0.662
0.662
0.0847848
0.293769
0.662
0.574399
0.281064
0.428896
0.662
0.161225
0.662
0.37968
0.317024
0.0101375
0.662
0.399644
0.662
0.662
0.417178
0.662
0.662
0.343645
0.330265
0.662
0.381524
0.662
0.662
0.662
0.662
0.168835
0.662
0.291629
0.0577282
0.662
0.662
0.662
0.00565462
0.662
0.306679
0.130722
0.662
0.0854254
0.662
0.662
0.662
0.588462
0.362058
0.662
0.662
0.297893
0.662
0.289281
0.480844
0.662
0.662
0.662
0.662
0.662
0.662
0.175515
0.232944
0.290743
0.662
0.191681
0.0343011
0.662
0.178168
0.405696
0.06112
0.655038
0.318253
0.662
0.662
0.223636
0.420979
0.648245
0.426281
0.662
0.196427
0.481296
0.209081
0.244063
0.662
0.0538817
0.662
0.662
0.662
0.130402
0.236098
0.662
0.362879
0.244733
0.662
0.662
0.662
0.662
0.101745
0.662
0.556675
0.192675
0.662
0.381387
0.662
0.468918
0.662
0.662
0.662
0.662
0.662
0.0835823
0.467236
0.217214
0.662
0.662
0.662
0.662
0.662
0.288788
0.228723
0.41283
0.338888
0.662
0.233456
0.416022
0.662
0.662
0.208689
0.384842
0.199277
0.662
0.50516
0.217683
0.662
0.319644
0.411476
0.225227
0.662
0.662
0.662
0.0187175
0.464341
0.662
0.113796
0.662
0.0225433
0.0201937
0.207519
0.424688
0.662
0.266634
0.662
0.212152
0.662
0.662
0.662
0.662
0.662
0.0351289
0.662
0.662
0.662
0.662
0.194284
0.662
0.662
0.662
0.662
0.109254
0.400295
0.534507
0.261226
0.662
0.0904747
0.33993
0.18456
0.662
0.662
0.455636
0.662
0.135304
0.662
0.209792
0.662
0.0745523
0.124271
0.351614
0.183325
0.0956323
0.662
0.517554
0.313835
0.662
0.662
0.662
0.662
0.662
0.662
0.662
0.662
0.662
0.500509
0.343475
0.662
0.662
0.273406
0.118405
0.662
0.0391811
0.662
0.0358868
0.236121
0.35919
0.530772
0.258543
0.662
0.662
0.0600178
0.662
0.347793
0.662
0.662
0.662
0.381542
0.32499
0.662
0.662
0.409748
0.471143
0.418969
0.0423647
0.662
0.662
0.662
0.474435
0.662
0.48916
0.0249671
0.457467
0.662
0.662
0.234865
0.46133
0.662
0.474493
0.447513
0.472157
0.147502
0.389291
0.662
0.662
0.364536
0.481996
0.381632
0.662
0.662
0.662
0.345574
0.662
0.196026
0.218486
0.427007
0.662
0.662
0.0806991
0.0898026
0.162591
0.662
0.662
0.112905
0.662
0.180961
0.312011
0.0915517
0.250648
0.279627
0.662
0.354611
0.662
0.185996
0.43323
0.326019
0.662
0.215672
0.662
0.662
0.567306
0.662
0.662
0.662
0.0398173
0.662
0.105423
0.662
0.0896762
0.662
0.662
0.662
0.415853
0.223423
0.470454
0.662
0.0468295
0.461669
0.662
0.662
0.662
0.662
0.662
0.662
0.283171
0.662
0.395086
0.662
0.662
0.229282
0.313029
0.662
0.0386059
0.662
0.357992
0.662
0.662
0.662
0.662
0.662
0.662
0.662
0.111386
0.662
0.662
0.300438
0.477504
0.0557884
0.108776
0.181247
0.325234
0.662
0.355954
0.662
0.662
0.662
0.662
0.178715
0.662
0.368934
0.00997705
0.662
0.225325
0.45048
0.662
0.227846
0.662
