0.662
0.0890128
0.662
0.662
0.662
0.211182
0.662
0.662
0.121665
0.452551
0.662
0.52133
0.662
0.457652
0.63339
0.15052
0.662
0.481959
0.550066
0.662
0.662
0.235836
0.662
0.662
0.0759227
0.662
0.422737
0.103038
0.662
0.269968
0.662
0.413714
0.662
0.662
0.148806
0.662
0.662
0.662
0.662
0.335133
0.662
0.662
0.247612
0.662
0.297915
0.662
0.662
0.233973
0.366352
0.14532
0.662
0.662
0.475044
0.200148
0.42549
0.457156
0.215035
0.488324
0.662
0.662
0.0297254
0.662
0.662
0.353149
0.662
0.384582
0.662
0.047567
0.662
0.0183831
0.662
0.662
0.21408
0.374081
0.662
0.065797
0.662
0.271003
0.254807
0.217639
0.38742
0.082776
0.225461
0.662
0.662
0.335154
0.266542
0.322744
0.662
0.314253
0.0105192
0.0734056
0.227879
0.662
0.0366972
0.662
0.662
0.662
0.260326
0.662
0.123382
0.662
0.662
0.662
0.662
0.662
0.662
0.224028
0.0483519
0.167381
0.11294
0.662
0.385633
0.253987
0.326677
0.662
0.662
0.662
0.662
0.0543288
0.117028
0.346038
0.662
0.662
0.441721
0.662
0.662
0.322336
0.450817
0.158323
0.662
0.490381
0.662
0.375242
0.142464
0.662
0.662
0.0806609
0.114414
0.201568
0.474116
0.473135
0.662
0.662
0.190046
0.662
0.0236273
0.662
0.246682
0.0642328
0.562181
0.407081
0.354927
0.662
0.662
0.662
0.662
0.662
0.274521
0.662
0.22032
0.662
0.174255
0.662
0.212058
0.263074
0.662
0.662
0.662
0.340798
0.447368
0.199516
0.662
0.44961
0.662
0.662
0.662
0.662
0.662
0.430551
0.662
0.197861
0.435992
0.662
0.409844
0.662
0.191404
0.662
0.430966
0.418408
0.662
0.662
0.143117
0.662
0.033189
0.319796
0.662
0.662
0.662
0.220521
0.365085
0.662
0.163546
0.662
0.662
0.367274
0.331591
0.318899
0.314594
0.288085
0.662
0.662
0.662
0.225968
0.662
0.0996931
0.662
0.662
0.172844
0.148664
0.0129814
0.486124
0.662
0.410899
0.170154
0.477522
0.434956
0.598979
0.249747
0.662
0.421404
0.511817
0.188246
0.662
0.139211
0.662
0.127695
0.662
0.662
0.662
0.480267
0.342235
0.362028
0.662
0.115259
0.096938
0.352252
0.662
0.662
0.662
0.271628
0.662
0.26569
0.662
0.33921
0.662
0.662
0.662
0.0775362
0.662
0.662
0.595512
0.118039
0.445535
0.474042
0.442134
0.426229
0.415884
0.0259303
0.124322
0.662
0.662
0.147858
0.142815
0.0792803
0.225887
0.082011
0.662
0.662
0.115633
0.305332
0.100909
0.662
0.662
0.662
0.662
0.662
0.407131
0.256005
0.0352315
0.662
0.108431
0.375595
0.662
0.662
0.312618
0.662
0.662
0.43202
0.21697
0.662
0.662
0.382888
0.662
0.390671
0.568355
0.37506
0.161581
0.147983
0.486478
0.662
0.662
0.623869
0.662
0.483364
0.662
0.662
0.362968
0.107499
0.662
0.25732
0.429464
0.243253
0.584005
0.662
0.662
0.658792
0.183747
0.662
0.441246
0.662
0.462268
0.214161
0.662
0.662
0.169001
0.662
0.662
0.0759579
0.234385
0.170864
0.160172
0.662
0.662
0.199232
0.662
0.662
0.53183
0.662
0.633694
0.662
0.662
0.662
0.662
0.662
0.194716
0.179418
0.0642036
0.334036
0.662
0.267922
0.446957
0.662
0.348289
0.0286653
0.662
0.118159
0.662
0.662
0.331601
0.401977
0.662
0.662
0.476686
0.229193
0.662
0.126925
0.662
0.662
0.25421
0.465825
0.662
0.423016
0.662
0.48592
0.662
0.662
0.662
0.0817135
0.201715
0.662
0.662
0.475586
0.662
0.662
0.662
0.133772
0.662
0.662
0.662
0.662
0.662
0.0961314
0.412875
0.662
0.662
0.38949
0.662
0.662
0.167387
0.331632
0.425615
0.110227
0.662
0.59503
0.303142
0.662
0.662
0.662
0.662
0.315328
0.363931
0.662
0.662
0.662
0.662
0.301594
0.265314
0.256462
0.662
0.129831
0.662
0.297824
0.189401
0.662
0.283966
0.176275
0.662
0.662
0.662
0.662
0.662
0.148719
0.662
0.662
0.662
0.107917
0.662
0.39014
0.662
0.305878
0.662
0.662
0.662
0.229751
0.662
0.236172
0.662
0.662
0.662
0.662
0.662
0.662
0.662
0.662
0.416612
0.300421
0.408799
0.186814
0.662
0.662
0.662
0.662
0.479005
0.194415
0.662
0.180075
0.0127026
0.662
0.662
0.438288
0.662
0.0350183
0.53263
0.0707151
0.662
0.0113044
0.662
0.662
0.662
0.662
0.662
0.225942
0.662
0.662
0.662
0.604835
0.0926326
0.477502
0.0255941
0.662
0.184732
0.0685297
0.14129
0.662
0.422437
0.662
0.662
0.662
0.268514
0.662
0.0452877
0.41506
0.00464753
0.662
0.662
0.2833
0.662
0.662
0.662
0.454178
0.250268
0.662
0.136752
0.42162
0.662
0.388208
0.245314
0.0664883
0.662
0.662
0.247656
0.662
0.662
0.662
0.662
0.662
0.662
0.138385
0.662
0.662
0.662
0.0575146
0.217031
0.248034
0.120364
0.662
0.662
0.287311
0.259117
0.662
0.174557
0.333759
0.365165
0.662
0.141439
0.662
0.662
0.38372
0.662
0.662
0.21314
0.0189425
0.459464
0.662
0.662
0.662
0.662
0.353213
0.47184
0.662
0.391691
0.473242
0.662
0.205536
0.266212
0.229785
0.662
0.534438
0.23549
0.210092
0.662
0.662
0.662
0.662
0.662
0.431876
0.412268
0.662
0.356769
0.466884
0.662
0.214062
0.662
0.662
0.662
0.662
0.662
0.662
0.662
0.427787
0.662
0.662
0.645823
0.417685
0.242496
0.662
0.662
0.662
0.662
0.116556
0.662
0.225064
0.662
0.662
0.662
0.662
0.274837
0.519083
0.43094
0.280478
0.662
0.127832
0.662
0.21885
0.012741
0.547075
0.094723
0.662
0.662
0.284339
0.662
0.662
0.662
0.432384
0.662
0.662
0.311022
0.662
0.662
0.218596
0.662
0.156863
0.662
0.662
0.503739
0.355696
0.00131067
0.413087
0.662
0.0284976
0.234363
0.606825
0.279662
0.242884
0.176192
0.0843153
0.662
0.126171
0.662
0.446333
0.206372
0.662
0.662
0.662
0.302281
0.662
0.662
0.662
0.662
0.662
0.662
0.239608
0.662
0.303664
0.662
0.662
0.335668
0.0046993
0.278912
0.662
0.662
0.662
0.662
0.438426
0.467561
0.662
0.662
0.239847
0.662
0.402006
0.662
0.357065
0.241383
0.0672169
0.662
0.662
0.090249
0.0951524
0.662
0.237581
0.125677
0.662
0.662
0.662
0.167848
0.662
0.221134
0.662
0.0448398
0.49428
0.662
0.662
0.331788
0.347428
0.662
0.557946
0.662
0.662
0.320471
0.272384
0.662
0.097566
0.368458
0.308574
0.0439952
0.409856
0.662
0.662
0.134562
0.362833
0.251247
0.662
0.492786
0.662
0.662
0.305937
0.662
0.138115
0.662
0.662
0.662
0.662
0.321519
0.437212
0.662
0.662
0.282457
0.268829
0.662
0.0294516
0.662
0.662
0.205889
0.596034
0.662
0.662
0.348029
0.355492
0.551997
0.0528178
0.472325
0.212056
