0.456441
0.171352
0.439861
0.662
0.0974141
0.662
0.662
0.275964
0.183019
0.662
0.662
0.439073
0.662
0.25664
0.662
0.375233
0.310911
0.662
0.662
0.16823
0.662
0.662
0.493357
0.662
0.114434
0.662
0.662
0.0652346
0.158483
0.662
0.662
0.439243
0.115877
0.461971
0.662
0.662
0.662
0.662
0.662
0.393185
0.662
0.662
0.662
0.132364
0.0523414
0.662
0.662
0.662
0.662
0.662
0.662
0.453062
0.662
0.288962
0.662
0.201131
0.230032
0.221108
0.662
0.662
0.230245
0.285527
0.662
0.259842
0.662
0.13893
0.662
0.662
0.0812741
0.662
0.662
0.310814
0.597343
0.662
0.27233
0.662
0.662
0.662
0.0608149
0.662
0.416678
0.662
0.199291
0.571589
0.662
0.662
0.207826
0.662
0.662
0.470258
0.662
0.662
0.662
0.662
0.662
0.662
0.662
0.662
0.662
0.662
0.662
0.662
0.501425
0.662
0.662
0.266127
0.0250787
0.307828
0.662
0.0721013
0.662
0.662
0.662
0.403844
0.369818
0.662
0.662
0.662
0.662
0.662
0.45668
0.210155
0.295283
0.662
0.662
0.662
0.662
0.662
0.662
0.662
0.177325
0.662
0.205658
0.129663
0.662
0.643794
0.662
0.662
0.0900604
0.512118
0.215242
0.172209
0.333752
0.0505337
0.226581
0.231468
0.662
0.662
0.662
0.436743
0.662
0.662
0.00277038
0.234734
0.662
0.492577
0.662
0.662
0.407112
0.267137
0.662
0.662
0.0112086
0.662
0.662
0.662
0.662
0.273839
0.662
0.107164
0.662
0.0515403
0.662
0.662
0.662
0.662
0.239557
0.183975
0.662
0.39788
0.444947
0.662
0.0684874
0.662
0.388683
0.010938
0.32375
0.662
0.662
0.662
0.0777663
0.261523
0.662
0.401925
0.662
0.219382
0.186305
0.213099
0.290078
0.449004
0.662
0.222849
0.0926143
0.662
0.434805
0.301409
0.662
0.46679
0.0954556
0.662
0.662
0.131597
0.662
0.662
0.662
0.662
0.662
0.662
0.282972
0.662
0.662
0.0199832
0.286116
0.662
0.662
0.477637
0.0351177
0.662
0.474332
0.26489
0.1991
0.330298
0.662
0.405825
0.0781943
0.0189738
0.0515202
0.210722
0.662
0.662
0.249055
0.317048
0.662
0.662
0.662
0.662
0.651974
0.662
0.200993
0.662
0.662
0.215273
0.050631
0.142729
0.662
0.662
0.662
0.662
0.662
0.257617
0.0426402
0.281509
0.662
0.662
0.123699
0.662
0.662
0.662
0.662
0.00640481
0.662
0.458913
0.662
0.161148
0.328984
0.662
0.662
0.342666
0.662
0.196109
0.662
0.662
0.335568
0.0530485
0.662
0.662
0.189104
0.662
0.00922445
0.321537
0.662
0.662
0.110667
0.329237
0.662
0.250075
0.662
0.446321
0.662
0.306517
0.106169
0.241349
0.662
0.662
0.0423422
0.300508
0.662
0.662
0.662
0.0527161
0.193075
0.662
0.662
0.0423025
0.48228
0.662
0.662
0.662
0.662
0.662
0.662
0.662
0.662
0.662
0.662
0.662
0.148783
0.45047
0.662
0.662
0.156018
0.662
0.628611
0.225188
0.32608
0.286547
0.662
0.243048
0.171933
0.278466
0.662
0.291656
0.662
0.371582
0.662
0.662
0.0116385
0.262296
0.182857
0.662
0.662
0.313806
0.246221
0.662
0.662
0.662
0.270646
0.662
0.662
0.242133
0.117188
0.662
0.662
0.453236
0.375779
0.662
0.469397
0.0720051
0.662
0.398693
0.662
0.174912
0.662
0.0842498
0.0164834
0.662
0.662
0.662
0.103629
0.116929
0.140478
0.368496
0.351008
0.662
0.662
0.0290541
0.662
0.387346
0.409091
0.662
0.031193
0.662
0.412921
0.662
0.662
0.662
0.662
0.662
0.662
0.501896
0.441222
0.662
0.156554
0.0422121
0.662
0.124261
0.143425
0.662
0.394569
0.662
0.229438
0.00266627
0.112717
0.396131
0.662
0.420156
0.095488
0.662
0.662
0.662
0.00696191
0.662
0.662
0.662
0.132279
0.662
0.662
0.0877819
0.466861
0.662
0.315743
0.492939
0.662
0.662
0.662
0.662
0.662
0.662
0.662
0.662
0.662
0.271261
0.662
0.662
0.0429776
0.662
0.540745
0.180494
0.469544
0.662
0.662
0.612672
0.220993
0.0224874
0.467977
0.662
0.662
0.269959
0.662
0.662
0.323282
0.326118
0.448605
0.360338
0.0562779
0.662
0.347551
0.662
0.526606
0.662
0.662
0.444317
0.288467
0.0219967
0.662
0.244276
0.662
0.662
0.559774
0.259027
0.662
0.268796
0.428653
0.503402
0.662
0.662
0.662
0.662
0.662
0.017271
0.349684
0.146066
0.484051
0.0434635
0.662
0.662
0.15882
0.308663
0.662
0.589806
0.0573643
0.662
0.662
0.0250901
0.662
0.520697
0.662
0.662
0.0041972
0.662
0.0715563
0.662
0.101737
0.662
0.662
0.401575
0.662
0.204386
0.662
0.145361
0.00771257
0.466837
0.662
0.477612
0.419305
0.336698
0.662
0.416609
0.662
0.662
0.662
0.662
0.662
0.662
0.288321
0.067783
0.662
0.255945
0.662
0.152519
0.388242
0.302546
0.114625
0.662
0.662
0.487941
0.393157
0.662
0.662
0.380328
0.662
0.662
0.662
0.302063
0.662
0.197575
0.334488
0.662
0.0752499
0.662
0.133746
0.662
0.389542
0.0770207
0.0723038
0.143904
0.263491
0.167978
0.662
0.078123
0.209381
0.662
0.00302545
0.280225
0.206597
0.0927971
0.235827
0.165692
0.00254713
0.429544
0.254397
0.662
0.347063
0.662
0.662
0.197953
0.662
0.662
0.662
0.662
0.662
0.662
0.0455803
0.662
0.13131
0.347401
0.662
0.384839
0.33888
0.210778
0.426288
0.662
0.418159
0.294155
0.662
0.497784
0.662
0.662
0.662
0.242067
0.447352
0.662
0.662
0.182833
0.662
0.662
0.411373
0.465998
0.217128
0.260959
0.363823
0.662
0.662
0.662
0.24917
0.0129317
0.662
0.330688
0.0849132
0.474509
0.662
0.341101
0.662
0.662
0.455276
0.662
0.662
0.662
0.490171
0.662
0.469101
0.662
0.662
0.662
0.662
0.662
0.3718
0.662
0.242178
0.662
0.162412
0.150609
0.250528
0.662
0.607665
0.662
0.662
0.0687728
0.662
0.662
0.662
0.429795
0.662
0.0595832
0.296753
0.662
0.662
0.662
0.439429
0.149094
0.400048
0.662
0.662
0.662
0.662
0.662
0.00648961
0.331645
0.257948
0.319533
0.115163
0.463219
0.362051
0.0575119
0.284088
0.662
0.0250085
0.662
0.662
0.662
0.662
0.662
0.662
0.662
0.662
0.662
0.275658
0.662
0.662
0.292608
0.386584
0.130682
0.277841
0.662
0.416433
0.456462
0.423127
0.315138
0.00798041
0.662
0.662
0.465765
0.662
0.662
0.43871
0.662
0.662
0.662
0.183792
0.537576
0.662
0.409065
0.0211225
0.43834
0.662
0.463488
0.401215
0.662
0.662
0.195185
0.662
0.662
0.473995
0.662
0.662
0.270705
0.462608
0.398317
0.662
0.662
0.0266111
0.0199167
0.160714
0.203737
0.0508893
0.662
0.386591
0.106519
0.308145
0.37642
0.357935
0.361955
0.662
0.0892353
0.0133375
0.662
0.662
0.662
0.662
0.662
0.307061
0.662
0.662
0.662
0.662
0.662
0.164957
0.211148
0.662
0.662
0.662
0.203559
0.662
0.311309
0.662
0.330772
0.468207
0.120525
0.662
0.501749
0.438745
0.662
0.662
0.292276
0.412864
0.405926
0.662
0.225852
0.662
0.420526
0.396357
0.662
0.319699
0.138708
0.248861
0.394051
0.662
0.453289
0.0210866
0.31027
0.450917
0.662
0.662
0.339139
0.662
0.296678
0.253252
0.662
0.239623
0.370268
0.662
0.318461
0.396545
0.662
0.388024
0.662
0.00198809
0.662
0.24219
0.662
0.662
0.662
0.662
0.219166
0.662
0.662
0.451965
0.276621
0.662
0.662
0.282963
0.662
0.662
0.4011
0.662
0.236121
0.662
0.274991
0.454844
0.662
0.662
0.242793
0.292637
0.662
0.662
0.178074
0.207983
0.131714
0.203316
0.58743
0.662
0.435732
0.377359
0.412892
0.662
0.662
0.470662
0.417983
0.0406923
0.202545
0.662
0.662
0.662
0.232503
0.329599
0.662
0.309309
0.662
0.662
0.662
0.662
0.662
0.662
0.239395
0.454976
0.662
0.662
0.662
0.34949
0.662
0.662
0.172805
0.432647
0.662
0.273829
0.323039
0.662
0.662
0.662
0.0198975
0.662
0.662
0.662
0.420129
0.498307
0.140323
0.662
0.0224153
0.166111
0.231347
0.662
0.662
0.0728721
0.297893
0.293052
0.19541
0.662
0.662
0.406224
0.662
0.0633032
0.662
0.662
0.662
0.402746
0.662
0.662
0.0747049
0.121751
0.0532385
0.662
0.142454
0.662
0.662
0.662
0.662
0.119354
0.323174
0.192034
0.341802
0.662
0.213015
0.662
0.400389
0.662
0.662
0.206124
0.662
0.510094
0.466375
0.662
0.474547
0.662
0.0845732
0.662
0.662
0.324894
0.0737774
0.662
0.662
0.662
0.662
0.662
0.662
0.101774
0.662
0.662
0.0387323
0.271114
0.0538817
0.662
0.662
0.662
0.662
0.662
0.161536
0.662
0.628289
0.259518
0.662
0.662
0.662
0.199394
0.0452037
0.662
0.00658531
0.662
0.662
0.323056
0.662
0.614817
0.662
0.189422
0.15751
0.421996
0.662
0.161193
0.662
0.662
0.0792949
0.374573
0.662
0.662
0.662
0.662
0.662
0.662
0.258935
0.662
0.317463
0.343905
0.662
0.373477
0.662
0.662
0.428258
0.223477
0.662
0.297213
0.662
0.587406
0.662
0.662
0.662
0.662
0.00508695
0.662
0.141508
0.662
0.653727
0.434611
0.4639
0.662
0.0288409
0.392622
0.662
0.662
0.662
0.662
0.662
0.389194
0.490956
0.195239
0.662
0.662
0.374469
0.662
0.662
0.0351969
0.151211
0.275786
0.278706
0.662
0.662
0.0430802
0.662
0.662
0.662
0.662
0.261226
0.408985
0.421626
0.662
0.404751
0.354028
0.536961
0.662
0.162125
0.557795
0.662
0.662
0.158917
0.531826
0.160596
0.662
0.662
0.53384
0.662
0.131617
0.395771
0.662
0.662
0.483614
0.100407
0.629763
0.211729
0.662
0.33533
0.125013
0.471201
0.662
0.662
0.662
0.114485
0.662
0.662
0.662
0.662
0.356623
0.662
0.229856
0.31867
0.279627
0.430847
0.662
0.629763
0.534845
0.428845
0.662
0.0278237
0.662
0.451701
0.662
0.220536
0.662
0.0389356
0.293094
0.290204
0.184919
0.47556
0.0788868
0.662
0.662
0.128761
0.448653
0.0590288
0.196606
0.034251
0.662
0.662
0.662
0.204979
0.662
0.662
0.117234
0.359957
0.447356
0.662
0.449767
0.662
0.356306
0.662
0.662
0.480314
0.249489
0.273099
0.0612186
0.0629166
0.662
0.00944894
0.206937
0.662
0.662
0.0345508
0.662
0.662
0.662
0.662
0.662
0.45122
0.416304
0.662
0.16845
0.662
0.459065
0.662
0.662
0.374207
0.662
0.0540707
0.319654
0.662
0.255368
0.160069
0.662
0.662
0.440828
0.126277
0.0294794
0.251186
0.662
0.662
0.0281591
0.662
0.662
0.343112
0.0593941
0.342749
0.662
0.662
0.662
0.45025
0.348384
0.662
0.662
0.0600732
0.662
0.332393
0.662
0.662
0.662
0.662
0.662
0.37652
0.116637
0.662
0.662
0.143784
0.662
0.659884
0.265136
0.387986
0.662
0.662
0.662
0.392718
0.508861
0.662
0.390886
0.341861
0.468051
0.478339
0.662
0.393648
0.662
0.371995
0.385267
0.0140175
0.415138
0.662
0.249003
0.022644
0.0528872
0.299229
0.662
0.662
0.204881
0.662
0.343409
0.662
0.118394
0.403014
0.662
0.662
0.377017
0.662
0.662
0.124248
0.662
0.662
0.200379
0.662
0.411468
0.662
0.237222
0.662
0.662
0.662
0.662
0.184206
0.662
0.662
0.246069
0.662
0.292379
0.662
0.473345
0.662
0.662
0.662
0.398242
0.121892
0.466886
0.32486
0.662
0.200975
0.662
0.368552
0.00137021
0.662
0.662
0.662
0.413128
0.662
0.662
0.108781
0.662
0.276038
0.100056
0.0915027
0.662
0.662
0.63123
0.662
0.338757
0.662
0.260983
0.662
0.322013
0.108188
0.139554
0.242838
0.243026
0.219284
0.662
0.662
0.167981
0.662
0.662
0.159613
0.662
0.161788
0.662
0.419113
0.459569
0.662
0.194264
0.662
0.662
0.148167
0.662
0.045715
0.195088
0.0224993
0.286849
0.662
0.0358634
0.0173148
0.662
0.297237
0.460516
0.662
0.167688
0.662
0.662
0.320274
0.00512566
0.662
0.662
0.338546
0.662
0.662
0.111186
0.0630261
0.662
0.662
0.662
0.0423647
0.355526
0.27813
0.662
0.662
0.026629
0.662
0.662
0.662
0.662
0.662
0.300513
0.662
0.662
0.662
0.00317677
0.662
0.662
0.647738
0.662
0.662
0.662
0.282909
0.350609
0.662
0.00322178
0.063245
0.662
0.662
0.662
0.127404
0.0902257
0.329473
0.662
0.432877
0.662
0.358739
0.662
0.172806
0.662
0.478861
0.662
0.662
0.377398
0.662
0.662
0.662
0.662
0.662
0.38995
0.345847
0.662
0.08198
0.406223
0.107263
0.426042
0.662
0.662
0.662
0.346852
0.0370654
0.207792
0.186106
0.156419
0.175027
0.254297
0.662
0.459899
0.662
0.0801287
0.662
0.662
0.413454
0.662
0.662
0.662
0.662
0.292652
0.176954
0.162679
0.662
0.662
0.662
0.662
0.662
0.0427262
0.0420007
0.034158
0.308714
0.352161
0.43869
0.313818
0.322625
0.662
0.662
0.181862
0.662
0.27504
0.269733
0.662
0.662
0.662
0.662
0.662
0.154167
0.240103
0.455545
0.537993
0.662
0.662
0.346173
0.662
0.204971
0.19963
0.329638
0.220649
0.662
0.662
0.112746
0.662
0.310464
0.662
0.191171
0.324184
0.662
0.00189156
0.0854254
0.662
0.662
0.662
0.662
0.375863
0.422302
0.662
0.662
0.322462
0.662
0.35863
0.662
0.156376
0.662
0.398453
0.0523413
0.357457
0.317166
0.123188
0.399803
0.662
0.662
0.662
0.662
0.662
0.482285
0.662
0.662
0.0818343
0.662
0.137124
0.662
0.042235
0.119588
0.662
0.222443
0.364405
0.18608
0.662
0.289095
0.36447
0.449964
0.662
0.662
0.662
0.662
0.662
0.662
0.662
0.200834
0.662
0.609384
0.662
0.000193173
0.266404
0.662
0.662
0.193198
0.662
0.153087
0.662
0.633391
0.662
0.662
0.662
0.662
0.21686
0.662
0.285191
0.251484
0.662
0.662
0.572163
0.662
0.079198
0.662
0.662
0.417691
0.205678
0.0561255
0.662
0.232714
0.662
0.662
0.180407
0.662
0.662
0.0422269
0.662
0.0430932
0.153337
0.192972
0.662
0.380545
0.662
0.662
0.662
0.388594
0.662
0.415181
0.662
0.403335
0.662
0.662
0.585842
0.662
0.210851
0.662
0.662
0.662
0.662
0.662
0.662
0.662
0.390277
0.662
0.415866
0.416303
0.662
0.662
0.662
0.662
0.662
0.177808
0.662
0.176187
0.282903
0.0998794
0.662
0.051185
0.662
0.662
0.662
0.662
0.179983
0.415571
0.662
0.662
0.662
0.662
0.0567278
0.662
0.424621
0.662
0.662
0.139104
0.130137
0.186785
0.662
0.662
0.438284
0.662
0.662
0.206568
0.26207
0.662
0.662
0.0447567
0.414105
0.166156
0.236145
0.369247
0.662
0.174402
0.459617
0.237545
0.481109
0.356045
0.662
0.662
0.114562
0.662
0.662
0.234885
0.662
0.662
0.662
0.662
0.000296387
0.146302
0.662
0.662
0.100237
0.349156
0.304181
0.199803
0.456626
0.234316
0.662
0.662
0.461702
0.427396
0.0796613
0.662
0.137509
0.451771
0.662
0.0681102
0.374594
0.0302144
0.46967
0.662
0.662
0.662
0.662
0.31058
0.102013
0.662
0.339941
0.662
0.662
0.027638
0.662
0.662
0.662
0.662
0.662
0.0817979
0.357836
0.662
0.279847
0.662
0.581436
0.662
0.241947
0.662
0.451546
0.0381627
0.662
0.463664
0.662
0.662
0.662
0.662
0.662
0.398707
0.282911
0.662
0.36289
0.662
0.365464
0.232944
0.45507
0.662
0.662
0.0925983
0.662
0.662
0.356715
0.662
0.662
0.662
0.662
0.140879
0.662
0.662
0.662
0.283283
0.584868
0.0564945
0.112902
0.366437
0.403566
0.662
0.0544065
0.30705
0.232506
0.0609472
0.662
0.662
0.0649164
0.145869
0.662
0.114107
0.411086
0.662
0.662
0.662
0.662
0.234848
0.662
0.376522
0.662
0.275438
0.381698
0.0227345
0.0474868
0.0525649
0.662
0.662
0.662
0.662
0.662
0.438556
0.662
0.147496
0.662
0.223986
0.324532
0.662
0.662
0.244495
0.662
0.346599
0.357493
0.662
0.360087
0.662
0.194905
0.662
0.662
0.662
0.250724
0.084041
0.662
0.238574
0.245365
0.662
0.662
0.400528
0.662
0.662
0.400343
0.662
0.564545
0.24364
0.183588
0.662
0.457651
0.202783
0.662
0.662
0.662
0.662
0.295455
0.611947
0.26289
0.38936
0.662
0.124439
0.662
0.662
0.46111
0.371665
0.662
0.662
0.662
0.212656
0.662
0.430305
0.432396
0.662
0.662
0.662
0.256358
0.468587
0.458644
0.662
0.259417
0.0811981
0.429574
0.662
0.662
0.662
0.467055
0.0487324
0.361495
0.662
0.259334
0.370603
0.0402378
0.0494092
0.399745
0.662
0.662
0.662
0.417403
0.662
0.662
0.662
0.153142
0.662
0.107028
0.662
0.455964
0.662
0.2286
0.662
0.662
0.238169
0.556008
0.662
0.662
0.264203
0.402058
0.660552
0.136957
0.15582
0.662
0.0910455
0.662
0.366781
0.662
0.662
0.662
0.332572
0.662
0.662
0.662
0.435782
0.662
0.496743
0.439961
0.219611
0.360596
0.662
0.662
0.662
0.122377
0.662
0.662
0.662
0.662
0.662
0.301802
0.662
0.470084
0.307024
0.181072
0.13546
0.095032
0.217851
0.300143
0.049585
0.662
0.662
0.662
0.662
0.0816305
0.662
0.243963
0.662
0.440142
0.0160421
0.0615112
0.662
0.662
0.662
0.662
0.662
0.662
0.302271
0.289886
0.662
0.662
0.462139
0.370505
0.324029
0.662
0.662
0.662
0.662
0.662
0.0579222
0.088114
0.662
0.662
0.662
0.662
0.662
0.662
0.056138
0.662
0.662
0.662
0.118373
0.357864
0.34423
0.433676
0.662
0.662
0.186298
0.662
0.662
0.334273
0.294815
0.662
0.662
0.161689
0.156788
0.662
0.0937359
0.554704
0.344491
0.330912
0.202089
0.662
0.292024
0.662
0.322935
0.662
0.662
0.0122289
0.662
0.662
0.662
0.586715
0.662
0.235495
0.139034
0.112905
0.0904747
0.297917
0.662
0.662
0.662
0.662
0.401887
0.662
0.662
0.662
0.662
0.441142
0.470263
0.0883936
0.662
0.662
0.662
0.662
0.469701
0.321658
0.182301
0.662
0.662
0.0152304
0.132843
0.662
0.662
0.355373
0.0823077
0.0744627
0.146821
0.256168
0.46655
0.28012
0.662
0.29682
0.237916
0.662
0.662
0.662
0.435056
0.44216
0.461811
0.13724
0.0263486
0.194231
0.662
0.446161
0.452102
0.662
0.153055
0.662
0.662
0.662
0.565122
0.120139
0.218486
0.662
0.30297
0.662
0.0837832
0.163381
0.662
0.441546
0.281249
0.234952
0.662
0.191018
0.662
0.662
0.257554
0.320542
0.662
0.473233
0.662
0.349427
0.662
0.0419234
0.662
0.662
0.662
0.110091
0.662
0.662
0.662
0.662
0.378535
0.561895
0.662
0.662
0.436683
0.662
0.662
0.662
0.370821
0.397454
0.0995393
0.662
0.374669
0.662
0.662
0.662
0.184382
0.397696
0.443963
0.662
0.662
0.116151
0.398848
0.662
0.0874431
0.662
0.204968
0.662
0.662
0.662
0.386183
0.467109
0.348001
0.662
0.662
0.503026
0.213641
0.234679
0.204969
0.315698
0.547831
0.662
0.662
0.662
0.00561204
0.041777
0.662
0.662
0.662
0.662
0.136462
0.662
0.564594
0.662
0.160088
0.485699
0.190007
0.370639
0.203665
0.662
0.662
0.662
0.469185
0.0918539
0.333956
0.2219
0.662
0.230088
0.0311026
0.662
0.133453
0.662
0.346108
0.662
0.431107
0.662
0.224208
0.305621
0.662
0.662
0.358162
0.122893
0.662
0.245369
0.662
0.662
0.662
0.662
0.662
0.662
0.662
0.662
0.0266815
0.205097
0.156099
0.662
0.0907052
0.662
0.187554
0.473232
0.441627
0.662
0.662
0.397769
0.228733
0.662
0.662
0.662
0.108505
0.662
0.662
0.121354
0.0895596
0.662
0.662
0.162701
0.124773
0.400509
0.332418
0.662
0.141263
0.662
0.662
0.200631
0.662
0.356755
0.121277
0.434405
0.662
0.662
0.054728
0.152337
0.128828
0.662
0.0457579
0.208726
0.412771
0.349548
0.314564
0.123095
0.43718
0.0700153
0.200198
0.662
0.0412973
0.662
0.208475
0.25621
0.373746
0.352443
0.162762
0.662
0.662
0.0229341
0.662
0.00589879
0.297409
0.662
0.259116
0.0847887
0.0237094
0.0537805
0.662
0.662
0.315743
0.662
0.429299
0.662
0.00738378
0.662
0.662
0.519468
0.662
0.466678
0.662
0.662
0.114347
0.419565
0.662
0.662
0.662
0.662
0.662
0.662
0.662
0.662
0.000378987
0.544752
0.0784716
0.662
0.432625
0.383083
0.174903
0.662
0.662
0.662
0.0897809
0.662
0.136879
0.662
0.0860896
0.0792782
0.317224
0.168441
0.0121175
0.662
0.161333
0.662
0.662
0.662
0.662
0.662
0.544735
0.312633
0.662
0.662
0.662
0.0644515
0.662
0.395927
0.452104
0.0158547
0.662
0.407717
0.426071
0.0676594
0.328465
0.312368
0.662
0.662
0.662
0.142808
0.198195
0.662
0.662
0.662
0.455035
0.174433
0.662
0.662
0.662
0.0022835
0.662
0.185461
0.662
0.662
0.2996
0.662
0.56944
0.418051
0.235228
0.662
0.662
0.662
0.662
0.662
0.176676
0.662
0.324543
0.304696
0.0513765
0.662
0.662
0.662
0.662
0.207824
0.662
0.374121
0.0967152
0.191034
0.051078
0.336991
0.662
0.215121
0.354518
0.424187
0.662
0.136394
0.346527
0.0607785
0.374026
0.311668
0.140471
0.662
0.662
0.35264
0.662
0.662
0.343251
0.287072
0.662
0.662
0.662
0.662
0.662
0.1039
0.111625
0.662
0.662
0.42267
0.122207
0.169992
0.441611
0.662
0.662
0.601923
0.26011
0.406569
0.662
0.416323
0.421932
0.271749
0.48992
0.662
0.157008
0.662
0.662
0.662
0.513537
0.662
0.662
0.662
0.662
0.587138
0.0117039
0.662
0.033426
0.124737
0.201075
