0.662
0.662
0.662
0.662
0.326118
0.0638264
0.299351
0.662
0.219516
0.00099012
0.392109
0.203316
0.174099
0.662
0.0423422
0.662
0.662
0.208645
0.136879
0.662
0.662
0.159829
0.662
0.662
0.338899
0.662
0.301022
0.362051
0.662
0.662
0.662
0.293165
0.426203
0.226562
0.662
0.235228
0.017147
0.662
0.186785
0.662
0.416382
0.662
0.662
0.406704
0.350609
0.416323
0.662
0.662
0.185461
0.199861
0.662
0.662
0.662
0.662
0.662
0.662
0.662
0.662
0.269313
0.662
0.662
0.662
0.587138
0.131617
0.474583
0.38995
0.662
0.364283
0.246221
0.662
0.662
0.543867
0.662
0.662
0.388334
0.662
0.075199
0.373342
0.662
0.354028
0.662
0.662
0.393185
0.662
0.321537
0.662
0.0871808
0.662
0.662
0.662
0.662
0.662
0.415571
0.480737
0.436553
0.662
0.00189156
0.0796613
0.270036
0.0299772
0.662
0.662
0.282903
0.662
0.45668
0.662
0.107263
0.570411
0.662
0.662
0.662
0.234952
0.662
0.662
0.0944015
0.662
0.662
0.662
0.662
0.269395
0.398693
0.662
0.662
0.662
0.264856
0.662
0.174864
0.662
0.662
0.662
0.662
0.662
0.662
0.662
0.311668
0.0430932
0.296753
0.662
0.662
0.477637
0.403732
0.662
0.662
0.14921
0.242133
0.0860896
0.662
0.235827
0.421932
0.662
0.397454
0.284088
0.662
0.662
0.398757
0.396545
0.662
0.662
0.662
0.662
0.310901
0.412386
0.662
0.63339
0.231232
0.662
0.662
0.662
0.662
0.283283
0.662
0.48328
0.157456
0.662
0.662
0.662
0.301802
0.662
0.269217
0.662
0.662
0.662
0.662
0.662
0.662
0.451755
0.662
0.662
0.215121
0.662
0.662
0.662
0.662
0.662
0.306596
0.662
0.192034
0.662
0.662
0.662
0.662
0.662
0.662
0.453062
0.662
0.124773
0.261283
0.172651
0.662
0.0964253
0.306578
0.662
0.37654
0.662
0.20273
0.103526
0.501425
0.662
0.0892353
0.662
0.106169
0.633391
0.0900604
0.662
0.662
0.662
0.394051
0.424388
0.662
0.662
0.662
0.662
0.662
0.071163
0.662
0.432344
0.662
0.431013
0.662
0.218275
0.24917
0.662
0.11891
0.024917
0.662
0.662
0.46967
0.209381
0.662
0.0463789
0.662
0.270356
0.662
0.0998794
0.357044
0.635876
0.385267
0.662
0.662
0.623269
0.47377
0.662
0.662
0.662
0.414726
0.224222
0.662
0.662
0.181119
0.205482
0.466678
0.662
0.662
0.452249
0.662
0.662
0.537576
0.662
0.662
0.662
0.35863
0.167144
0.662
0.412864
0.662
0.391301
0.662
0.328791
0.572163
0.662
0.510798
0.374121
0.261693
0.662
0.662
0.114625
0.0895545
0.662
0.18469
0.25947
0.662
0.662
0.164929
0.662
0.585842
0.0266111
0.662
0.662
0.662
0.662
0.662
0.662
0.116929
0.662
0.15582
0.662
0.508188
0.662
0.149094
0.27504
0.0919114
0.662
0.287416
0.662
0.504782
0.419565
0.105924
0.662
0.40657
0.662
0.0567278
0.662
0.63339
0.283425
0.211148
0.462516
0.662
0.258935
0.662
0.662
0.662
0.662
0.662
0.067783
0.662
0.662
0.485699
0.662
0.195039
0.114562
0.662
0.117899
0.386667
0.605224
0.662
0.0465961
0.662
0.662
0.034158
0.662
0.662
0.662
0.193075
0.236425
0.662
0.519468
0.409029
0.662
0.213015
0.466861
0.662
0.662
0.33533
0.662
0.662
0.506912
0.2996
0.662
0.662
0.662
0.662
0.662
0.443167
0.662
0.286116
0.2263
0.662
0.435605
0.498731
0.662
0.46111
0.140872
0.329641
0.662
0.662
0.322401
0.395771
0.662
0.138032
0.662
0.120083
0.662
0.662
0.662
0.447352
0.0515403
0.662
0.662
0.662
0.415652
0.00147764
0.662
0.0966695
0.662
0.662
0.662
0.372127
0.181942
0.662
0.662
0.236257
0.662
0.461702
0.00219777
0.662
0.319777
0.0278651
0.45047
0.662
0.662
0.443886
0.406242
0.662
0.662
0.662
0.662
0.662
0.662
0.662
0.662
0.152007
0.662
0.662
0.0816305
0.662
0.662
0.662
0.540284
0.662
0.439504
0.662
0.662
0.439861
0.662
0.662
0.427396
0.662
0.662
0.662
0.422862
0.662
0.662
0.662
0.412157
0.662
0.662
0.490507
0.383138
0.41223
0.0965461
0.0250085
0.443418
0.662
0.662
0.662
0.455015
0.167978
0.405452
0.0408297
0.662
0.662
0.275896
0.243747
0.662
0.390886
0.278357
0.0344027
0.662
0.662
0.421545
0.0762767
0.242433
0.662
0.662
0.485567
0.0290541
0.160783
0.662
0.662
0.238574
0.121143
0.662
0.662
0.662
0.240296
0.662
0.247574
0.662
0.662
0.287072
0.662
0.477359
0.662
0.662
0.365434
0.662
0.158902
0.13678
0.662
0.0949501
0.662
0.662
0.662
0.662
0.382901
0.210331
0.297917
0.662
0.320224
0.216357
0.177014
0.662
0.317166
0.662
0.662
0.323291
0.662
0.662
0.662
0.662
0.0579222
0.662
0.662
0.170088
0.662
0.105336
0.662
0.662
0.522647
0.272233
0.662
0.366437
0.437422
0.662
0.662
0.340449
0.434611
0.387659
0.331645
0.112122
0.662
0.662
0.662
0.662
0.662
0.662
0.662
0.662
0.340735
0.662
0.662
0.662
0.660552
0.416819
0.357864
0.141406
0.662
0.662
0.662
0.445752
0.662
0.662
0.662
0.662
0.100407
0.0487226
0.662
0.662
0.662
0.662
0.662
0.219917
0.662
0.662
0.662
0.662
0.424621
0.662
0.662
0.197093
0.662
0.394353
0.0128579
0.662
0.00266627
0.662
0.662
0.662
0.662
0.662
0.662
0.279397
0.662
0.38936
0.079198
0.662
0.662
0.662
0.662
0.401168
0.415279
0.424187
0.662
0.355373
0.0823077
0.0457579
0.212361
0.0817979
0.662
0.662
0.662
0.662
0.662
0.662
0.360844
0.274905
0.662
0.662
0.662
0.0871311
0.456462
0.662
0.142808
0.662
0.318851
0.662
0.447869
0.174872
0.662
0.662
0.275355
0.0402378
0.662
0.662
0.206124
0.26499
0.383265
0.662
0.662
0.662
0.336646
0.662
0.27813
0.107164
0.0193857
0.629706
0.398848
0.220993
0.662
0.662
0.591687
0.356149
0.662
0.662
0.173504
0.662
0.292024
0.662
0.662
0.662
0.21609
0.123095
0.418132
0.0413653
0.0793444
0.662
0.422302
0.662
0.662
0.662
0.662
0.151211
0.662
0.39788
0.332572
0.131742
0.13037
0.662
0.271749
0.227374
0.142559
0.662
0.662
0.531889
0.0365131
0.662
0.662
0.329638
0.662
0.662
0.0903015
0.164113
0.440142
0.662
0.37311
0.662
0.289978
0.662
0.662
0.662
0.0229341
0.662
0.0473191
0.481109
0.662
0.385314
0.349684
0.662
0.283235
0.390277
0.662
0.662
0.662
0.346527
0.662
0.223626
0.049585
0.662
0.662
0.315698
0.662
0.662
0.299507
0.125994
0.218486
0.662
0.430305
0.662
0.662
0.662
0.0426594
0.662
0.344787
0.325616
0.333385
0.580879
0.662
0.662
0.662
0.377373
0.662
0.662
0.0427262
0.233962
0.662
0.662
0.31914
0.259575
0.662
0.526235
0.662
0.220996
0.662
0.662
0.662
0.130954
0.662
0.34829
0.0595832
0.662
0.277059
0.662
0.470662
0.584819
0.662
0.0925983
0.43763
0.339089
0.662
0.662
0.426071
0.662
0.662
0.662
0.429158
0.662
0.662
0.482285
0.369818
0.628611
0.662
0.20944
0.662
0.662
0.260959
0.0153071
0.662
0.334777
0.662
0.42199
0.0467707
0.662
0.022644
0.0528872
0.164783
0.662
0.662
0.256635
0.444027
0.662
0.248429
0.662
0.662
0.662
0.0664329
0.185049
0.455005
0.340838
0.131543
0.485823
0.662
0.662
0.344153
0.662
0.20646
0.216224
0.662
0.0131791
0.662
0.279832
0.167812
0.319767
0.129947
0.662
0.300108
0.662
0.174265
0.433901
0.662
0.662
0.00658531
0.23126
0.662
0.662
0.247659
0.662
0.10168
0.427761
0.368809
0.662
0.0890338
0.0219967
0.335725
0.662
0.402058
0.662
0.0862167
0.435782
0.662
0.434728
0.0523413
0.154848
0.662
0.32252
0.45122
0.356755
0.662
0.337951
0.130137
0.662
0.662
0.662
0.382762
0.364856
0.170662
0.662
0.662
0.302778
0.662
0.662
0.301409
0.246729
0.662
0.153055
0.46408
0.662
0.225852
0.409091
0.662
0.490283
0.428006
0.662
0.470084
0.286286
0.274702
0.313603
0.501896
0.662
0.469785
0.662
0.662
0.327964
0.0116308
0.244276
0.273829
0.662
0.662
0.662
0.237967
0.662
0.662
0.201131
0.345847
0.489066
0.00696191
0.289537
0.662
0.662
0.474509
0.662
0.458913
0.662
0.662
0.662
0.334653
0.662
0.111625
0.140879
0.662
0.662
0.662
0.473776
0.480846
0.662
0.306432
0.0591435
0.662
0.156112
0.174912
0.662
0.662
0.347551
0.662
0.164957
0.662
0.662
0.662
0.206138
0.662
0.237222
0.206568
0.238009
0.239998
0.662
0.243026
0.268228
0.0412973
0.662
0.662
0.137162
0.384913
0.308197
0.662
0.662
0.662
0.662
0.660074
0.112746
0.662
0.274991
0.662
0.257948
0.358717
0.21875
0.662
0.662
0.662
0.589806
0.662
0.375779
0.360087
0.233199
0.23063
0.010938
0.32375
0.389105
0.662
0.662
0.662
0.0872914
0.366781
0.662
0.662
0.166156
0.404692
0.662
0.44425
0.342749
0.662
0.271618
0.0618882
0.263528
0.662
0.149045
0.121751
0.662
0.293094
0.161148
0.662
0.662
0.358739
0.0575119
0.662
0.662
0.662
0.662
0.0447111
0.662
0.412771
0.275656
0.422932
0.207494
0.662
0.662
0.662
0.662
0.462575
0.662
0.662
0.662
0.407849
0.208821
0.375074
0.629763
0.662
0.395034
0.46152
0.182789
0.662
0.619718
0.218481
0.0131015
0.662
0.266404
0.662
0.142268
0.662
0.662
0.662
0.662
0.662
0.0530569
0.205508
0.662
0.662
0.662
0.662
0.0503798
0.455276
0.305879
0.662
0.308503
0.415774
0.662
0.381771
0.662
0.218439
0.61416
0.230088
0.374669
0.662
0.339454
0.662
0.662
0.175995
0.349256
0.662
0.398242
0.662
0.662
0.0607785
0.662
0.662
0.662
0.662
0.43025
0.662
0.259717
0.214566
0.432136
0.512118
0.107687
0.662
0.00309946
0.662
0.469701
0.0684874
0.285799
0.25292
0.0537805
0.662
0.141508
0.0274557
0.123411
0.111942
0.662
0.294583
0.662
0.306892
0.26489
0.111186
0.00137021
0.306828
0.662
0.0294929
0.662
0.324184
0.662
0.0958149
0.662
0.189323
0.460516
0.662
0.662
0.0532385
0.662
0.262296
0.421996
0.662
0.662
0.662
0.0976513
0.0189174
0.662
0.380545
0.450917
0.662
0.662
0.662
0.662
0.662
0.662
0.662
0.074713
0.339303
0.662
0.304696
0.662
0.42267
0.400389
0.662
0.662
0.500804
0.662
0.662
0.317463
0.662
0.191018
0.662
0.662
0.662
0.662
0.286228
0.183813
0.662
0.662
0.662
0.095488
0.346852
0.662
0.367484
0.315743
0.254378
0.662
0.662
0.662
0.00254713
0.132364
0.368999
0.383823
0.662
0.412921
0.662
0.662
0.275786
0.0210866
0.662
0.351409
0.662
0.0429776
0.195667
0.0142918
0.662
0.042235
0.662
0.355926
0.0426402
0.439346
0.662
0.413128
0.484126
0.360352
0.662
0.320368
0.662
0.662
0.0281591
0.662
0.282547
0.662
0.662
0.469185
0.168441
0.00589879
0.662
0.662
0.391466
0.259417
0.662
0.662
0.662
0.662
0.662
0.662
0.662
0.662
0.662
0.448271
0.662
0.149839
0.140471
0.662
0.196109
0.662
0.662
0.394569
0.455035
0.261383
0.534472
0.662
0.388683
0.662
0.662
0.662
0.124248
0.662
0.662
0.00512566
0.292652
0.662
0.662
0.0261017
0.0237636
0.662
0.339565
0.338917
0.662
0.217734
0.662
0.662
0.13546
0.662
0.472057
0.662
0.662
0.441971
0.117234
0.662
0.239395
0.326352
0.662
0.41728
0.662
0.662
0.662
0.662
0.00404112
0.225459
0.662
0.28175
0.662
0.405926
0.0596789
0.662
0.357205
0.633391
0.662
0.232506
0.662
0.459922
0.468051
0.662
0.662
0.662
0.233041
0.215729
0.662
0.662
0.206937
0.662
0.662
0.336201
0.417983
0.662
0.662
0.236011
0.237978
0.0173148
0.464525
0.662
0.662
0.45974
0.211089
0.189422
0.662
0.662
0.662
0.52504
0.662
0.534064
0.395533
0.662
0.662
0.511534
0.0568804
0.662
0.159233
0.662
0.397696
0.311309
0.462386
0.179372
0.216565
0.0590288
0.174903
0.116346
0.00152026
0.121271
0.662
0.662
0.662
0.662
0.484715
0.449767
0.662
0.359937
0.662
0.441022
0.662
0.238302
0.455055
0.274303
0.662
0.485872
0.441759
0.662
0.662
0.367648
0.662
0.662
0.145098
0.662
0.131597
0.662
0.161255
0.662
0.662
0.662
0.662
0.196606
0.662
0.662
0.279636
0.662
0.662
0.148167
0.662
0.662
0.662
0.662
0.662
0.375233
0.439835
0.662
0.662
0.662
0.184382
0.662
0.368816
0.662
0.126158
0.398267
0.662
0.0434635
0.259116
0.160069
0.662
0.337578
0.662
0.662
0.662
0.662
0.316647
0.373477
0.154042
0.598709
0.662
0.409637
0.317048
0.0740187
0.662
0.662
0.662
0.453236
0.662
0.662
0.464283
0.662
0.662
0.662
0.662
0.662
0.662
0.04927
0.662
0.44216
0.662
0.256889
0.0523414
0.407935
0.18494
0.662
0.643376
0.662
0.062624
0.662
0.662
0.0573643
0.306295
0.279573
0.473395
0.475539
0.000296387
0.662
0.592492
0.332418
0.031774
0.397547
0.10103
0.662
0.244713
0.662
0.450491
0.251186
0.117412
0.662
0.662
0.223478
0.662
0.662
0.662
0.662
0.662
0.662
0.662
0.662
0.662
0.275163
0.454976
0.133453
0.412892
0.662
0.217954
0.662
0.662
0.662
0.662
0.484837
0.165692
0.662
0.662
0.662
0.346667
0.659884
0.662
0.257554
0.662
0.662
0.662
0.36306
0.0731283
0.662
0.398585
0.662
0.662
0.662
0.662
0.662
0.662
0.0474868
0.281749
0.159628
0.662
0.662
0.370158
0.238787
0.120139
0.261847
0.213345
0.662
0.662
0.662
0.662
0.662
0.481204
0.430779
0.570761
0.101774
0.159788
0.662
0.662
0.283984
0.662
0.662
0.662
0.162304
0.253252
0.662
0.322864
0.662
0.381045
0.37274
0.662
0.0821979
0.662
0.169334
0.0412604
0.415327
0.118203
0.662
0.443375
0.200993
0.398453
0.662
0.662
0.431877
0.662
0.662
0.662
0.662
0.238878
0.662
0.662
0.662
0.662
0.0837832
0.354046
0.271114
0.662
0.662
0.662
0.662
0.303655
0.662
0.662
0.662
0.445383
0.662
0.662
0.662
0.293727
0.662
0.662
0.00891895
0.662
0.0541598
0.662
0.662
0.279982
0.662
0.469397
0.066658
0.0788868
0.662
0.071627
0.517717
0.344479
0.317479
0.389984
0.280709
0.3839
0.136394
0.194573
0.242838
0.0146181
0.381642
0.256358
0.0587123
0.399506
0.274382
0.371636
0.662
0.199924
0.302356
0.426288
0.0755479
0.662
0.662
0.189233
0.662
0.662
0.228259
0.662
0.0164834
0.124688
0.270646
0.662
0.662
0.662
0.22378
0.549087
0.363129
0.662
0.662
0.662
0.36447
0.115877
0.305621
0.662
0.662
0.370385
0.0574414
0.662
0.662
0.662
0.662
0.341039
0.0447025
0.662
0.230245
0.662
0.156818
0.37652
0.662
0.597343
0.662
0.150609
0.662
0.662
0.662
0.662
0.662
0.0957798
0.662
0.292276
0.662
0.662
0.662
0.0457921
0.662
0.662
0.0250901
0.662
0.520697
0.662
0.0897641
0.662
0.662
0.662
0.287344
0.662
0.141479
0.0737892
0.115876
0.202437
0.292379
0.304469
0.662
0.662
0.155236
0.281439
0.662
0.310293
0.317853
0.285191
0.417859
0.662
0.0593941
0.662
0.207983
0.626769
0.662
0.662
0.355965
0.204269
0.662
0.662
0.051185
0.359285
0.465998
0.406224
0.662
0.493912
0.662
0.662
0.149899
0.662
0.662
0.662
0.451701
0.256783
0.662
0.662
0.662
0.00335139
0.662
0.662
0.198702
0.503803
0.108781
0.115163
0.584868
0.0514477
0.178479
0.326378
0.35662
0.662
0.662
0.662
0.662
0.662
0.604986
0.212809
0.36289
0.662
0.662
0.410059
0.662
0.565122
0.414642
0.0883936
0.662
0.317224
0.095032
0.582692
0.662
0.208266
0.213049
0.662
0.409065
0.662
0.662
0.662
0.662
0.204881
0.662
0.662
0.662
0.662
0.0345508
0.662
0.662
0.662
0.662
0.662
0.295283
0.557795
0.0458132
0.455964
0.118441
0.662
0.662
0.662
0.0467362
0.662
0.594505
0.350656
0.662
0.662
0.662
0.662
0.268033
0.662
0.662
0.662
0.662
0.662
0.662
0.662
0.662
0.662
0.48228
0.662
0.662
0.2177
0.662
0.662
0.1991
0.423303
0.629817
0.250528
0.662
0.4639
0.209837
0.468449
0.0744627
0.662
0.662
0.114295
0.310814
0.221889
0.162557
0.662
0.453289
0.0224993
0.221047
0.662
0.662
0.662
0.1965
0.662
0.358572
0.503026
0.662
0.662
0.662
0.662
0.662
0.218235
0.662
0.47648
0.647529
0.28
0.456822
0.0505337
0.226581
0.4011
0.259027
0.00198809
0.662
0.662
0.0937359
0.379183
0.111089
0.178915
0.234679
0.662
0.662
0.662
0.662
0.608262
0.662
0.662
0.444317
0.0101135
0.662
0.662
0.662
0.662
0.662
0.207155
0.662
0.478063
0.163381
0.114107
0.0468029
0.662
0.662
0.662
0.662
0.662
0.210655
0.0874431
0.507223
0.27671
0.662
0.662
0.407386
0.324388
0.662
0.662
0.662
0.662
0.385405
0.213359
0.1106
0.662
0.662
0.662
0.662
0.355684
0.662
0.278706
0.662
0.662
0.0263039
0.172805
0.275964
0.662
0.22881
0.228733
0.662
0.148783
0.662
0.662
0.15882
0.00434698
0.662
0.662
0.339453
0.662
0.662
0.255643
0.342685
0.662
0.0862536
0.662
0.181862
0.662
0.242773
0.662
0.662
0.130682
0.662
0.324532
0.157008
0.507933
0.662
0.191047
0.331173
0.307631
0.662
0.000193173
0.662
0.662
0.448653
0.662
0.662
0.106853
0.441608
0.47556
0.429795
0.662
0.0199832
0.662
0.662
0.501248
0.662
0.0208804
0.432396
0.0859819
0.290204
0.662
0.343112
0.662
0.164277
0.662
0.662
0.108505
0.316246
0.662
0.662
0.263217
0.258422
0.239878
0.12247
0.662
0.186892
0.312736
0.662
0.662
0.224127
0.662
0.324752
0.219747
0.662
0.115169
0.662
0.662
0.0612186
0.228803
0.662
0.662
0.662
0.138682
0.420163
0.307603
0.662
0.174402
0.662
0.43718
0.13131
0.347401
0.662
0.401756
0.322266
0.259379
0.662
0.208405
0.538312
0.662
0.662
0.662
0.662
0.662
0.662
0.662
0.662
0.662
0.662
0.0985304
0.63339
0.472757
0.662
0.264288
0.662
0.662
0.662
0.65461
0.662
0.311011
0.662
0.662
0.662
0.662
0.0211225
0.222443
0.364405
0.662
0.18608
0.0256966
0.348774
0.340644
0.352924
0.662
0.349427
0.662
0.662
0.662
0.662
0.662
0.662
0.0557493
0.662
0.321966
0.202783
0.182301
0.343178
0.466194
0.662
0.662
0.662
0.141379
0.662
0.662
0.662
0.100056
0.662
0.0764092
0.662
0.662
0.0494092
0.662
0.0220836
0.662
0.0608149
0.662
0.0652346
0.647738
0.662
0.073432
0.485143
0.662
0.130386
0.662
0.163878
0.662
0.662
0.662
0.662
0.360573
0.662
0.662
0.662
0.662
0.662
0.118373
0.345106
0.377499
0.662
0.221913
0.139034
0.662
0.0561255
0.662
0.0224874
0.259518
0.0739146
0.249598
0.662
0.107905
0.662
0.299217
0.0672783
0.390942
0.379462
0.326387
0.0058162
0.374469
0.662
0.662
0.662
0.0515202
0.282212
0.517258
0.305174
0.662
0.145331
0.662
0.00945222
0.198195
0.0544065
0.662
0.119484
0.662
0.662
0.378879
0.215242
0.662
0.0422121
0.354765
0.662
0.35618
0.662
0.662
0.455264
0.662
0.15987
0.662
0.0902257
0.662
0.266819
0.662
0.435441
0.0419234
0.662
0.35264
0.662
0.178074
0.662
0.662
0.363467
0.00459606
0.00246557
0.261428
0.191171
0.0389356
0.159613
0.0720051
0.662
0.662
0.662
0.662
0.441142
0.0546404
0.662
0.662
0.662
0.0199167
0.662
0.278459
0.662
0.662
0.662
0.262517
0.26011
0.186403
0.662
0.29682
0.314199
0.407113
0.662
0.515361
0.194611
0.234316
0.319533
0.662
0.428333
0.662
0.662
0.662
0.662
0.447356
0.662
0.662
0.418072
0.662
0.651974
0.662
0.662
0.662
0.19974
0.0346933
0.662
0.143353
0.662
0.662
0.451965
0.662
0.662
0.662
0.662
0.379637
0.662
0.662
0.662
0.662
0.662
0.0659648
0.408647
0.662
0.404639
0.662
0.0789134
0.662
0.477264
0.662
0.245143
0.662
0.172715
0.141263
0.662
0.662
0.138137
0.224208
0.0644078
0.30705
0.662
0.416433
0.662
0.0781943
0.662
0.662
0.210737
0.324926
0.0507404
0.662
0.662
0.296647
0.216598
0.3876
0.662
0.662
0.662
0.358763
0.611947
0.662
0.662
0.571589
0.587406
0.662
0.409399
0.662
0.464378
0.411086
0.662
0.662
0.276255
0.200382
0.432126
0.628289
0.391273
0.662
0.662
0.662
0.070321
0.662
0.176424
0.271261
0.662
0.348542
0.662
0.397414
0.662
0.662
0.413777
0.662
0.164874
0.662
0.00317677
0.173113
0.152337
0.662
0.262601
0.662
0.559774
