0.662
0.662
0.662
0.662
0.178259
0.207905
0.460993
0.662
0.28611
0.0304764
0.0402995
0.662
0.662
0.0793469
0.00760096
0.24337
0.556658
0.662
0.662
0.662
0.356564
0.662
0.662
0.392471
0.20063
0.247011
0.421164
0.230486
0.195936
0.130053
0.0500838
0.662
0.662
0.662
0.662
0.201165
0.662
0.208292
0.662
0.119926
0.0102696
0.204035
0.662
0.0110913
0.00549127
0.468737
0.257172
0.33765
0.662
0.0461879
0.662
0.662
0.00814969
0.326108
0.00773426
0.662
0.662
0.349361
0.662
0.237065
0.117809
0.291976
0.662
0.662
0.662
0.421546
0.230541
0.662
0.246877
0.326628
0.662
0.662
0.662
0.662
0.662
0.336147
0.662
0.474878
0.39099
0.662
0.128393
0.662
0.662
0.662
0.109355
0.662
0.662
0.00159268
0.662
0.662
0.662
0.662
0.326613
0.662
0.662
0.0410568
0.0255121
0.526986
0.662
0.468251
0.662
0.461757
0.395746
0.284772
0.416117
0.662
0.0558699
0.298547
0.527267
0.455746
0.662
0.662
0.113605
0.662
0.662
0.268022
0.662
0.32189
0.662
0.424859
0.251441
0.0415223
0.326796
0.662
0.376028
0.662
0.662
0.386921
0.662
0.440939
0.662
0.400071
0.662
0.540272
0.458421
0.662
0.662
0.444758
0.662
0.662
0.0111461
0.26129
0.662
0.662
0.18463
0.0668493
0.662
0.662
0.445133
0.662
0.662
0.662
0.662
0.259839
0.662
0.3284
0.434988
0.488806
0.662
0.662
0.662
0.0328745
0.662
0.0842894
0.662
0.409001
0.389535
0.246638
0.662
0.662
0.309548
0.334659
0.662
0.402972
0.159663
0.500299
0.533368
0.342978
0.662
0.401875
0.662
0.662
0.333965
0.148645
0.231318
0.662
0.430632
0.0897041
0.089988
0.325589
0.101756
0.662
0.662
0.662
0.662
0.662
0.662
0.18417
0.445371
0.126213
0.14352
0.662
0.662
0.662
0.662
0.662
0.559351
0.662
0.253954
0.662
0.359888
0.151985
0.00967971
0.206826
0.387585
0.307117
0.336742
0.416995
0.662
0.662
0.613974
0.294802
0.0221379
0.0576751
0.662
0.662
0.662
0.662
0.662
0.662
0.423876
0.662
0.41427
0.662
0.662
0.440828
0.0720372
0.662
0.192768
0.155274
0.662
0.662
0.662
0.662
0.662
0.259935
0.662
0.654226
0.457482
0.662
0.445953
0.662
0.304098
0.631953
0.662
0.662
0.00273379
0.464476
0.662
0.662
0.662
0.259023
0.662
0.466042
0.29919
0.662
0.393195
0.316647
0.191906
0.136296
0.662
0.136417
0.662
0.662
0.269509
0.662
0.216995
0.378686
0.137095
0.0460587
0.662
0.662
0.0852885
0.662
0.662
0.662
0.662
0.0560352
0.106352
0.302012
0.662
0.129802
0.662
0.662
0.662
0.43681
0.237432
0.3725
0.45669
0.662
0.0836126
0.662
0.662
0.662
0.348846
0.662
0.662
0.251068
0.0706787
0.328588
0.662
0.662
0.662
0.662
0.662
0.362902
0.571608
0.662
0.662
0.226497
0.662
0.662
0.285241
0.386251
0.120134
0.421087
0.662
0.662
0.221237
0.662
0.662
0.49334
0.662
0.662
0.326252
0.662
0.194185
0.217476
0.46839
0.440404
0.662
0.662
0.0481381
0.351142
0.662
0.170863
0.395774
0.0530447
0.460792
0.662
0.662
0.662
0.662
0.494628
0.0394171
0.39528
0.662
0.662
0.374791
0.242088
0.662
0.662
0.198362
0.231199
0.239036
0.662
0.662
0.662
0.648015
0.49789
0.662
0.662
0.20165
0.662
0.662
0.089895
0.662
0.36843
0.0130221
0.662
0.662
0.662
0.490347
0.662
0.137064
0.0159605
0.662
0.662
0.662
0.662
0.662
0.265046
0.246035
0.662
0.662
0.355747
0.173305
0.372514
0.0165
0.0883507
0.0580398
0.3183
0.662
0.662
0.253938
0.0611834
0.662
0.453621
0.273219
0.662
0.662
0.369475
0.40718
0.662
0.662
0.323753
0.0982886
0.662
0.662
0.126946
0.471943
0.662
0.409674
0.295185
0.662
0.662
0.3866
0.662
0.662
0.560595
0.662
0.662
0.343126
0.132418
0.662
0.208002
0.371391
0.662
0.187599
0.110289
0.208291
0.224654
0.662
0.391044
0.662
0.662
0.662
0.229975
0.662
0.662
0.662
0.662
0.487155
0.662
0.662
0.0842464
0.0944668
0.459717
0.403706
0.377237
0.662
0.0190283
0.662
0.406584
0.376555
0.0686145
0.662
0.402842
0.662
0.662
0.662
0.44288
0.465566
0.662
0.361218
0.662
0.662
0.662
0.662
0.131149
0.662
0.110085
0.662
0.00538746
0.247073
0.389141
0.0561856
0.0452311
0.662
0.662
0.662
0.662
0.662
0.662
0.457607
0.662
0.662
0.662
0.208737
0.662
0.662
0.120559
0.12892
0.483224
0.662
0.00432106
0.286029
0.662
0.247452
0.00487196
0.662
0.662
0.205843
0.662
0.490238
0.364325
0.662
0.32676
0.447295
0.133416
0.0827908
0.662
0.662
0.221087
0.662
0.239712
0.662
0.662
0.305451
0.22453
0.497776
0.662
0.662
0.577565
0.381094
0.392062
0.193527
0.662
0.662
0.662
0.0416235
0.283858
0.662
0.662
0.662
0.662
0.662
0.383696
0.169263
0.322496
0.662
0.100526
0.662
0.662
0.662
0.523592
0.662
0.212871
0.662
0.301329
0.354538
0.604415
0.662
0.662
0.63339
0.662
0.20449
0.662
0.0512612
0.662
0.293857
0.662
0.662
0.451418
0.149549
0.662
0.152831
0.20398
0.662
0.19567
0.580776
0.0366283
0.466656
0.662
0.278531
0.259415
0.662
0.535842
0.662
0.0733138
0.662
0.296602
0.110965
0.662
0.662
0.346168
0.662
0.460214
0.233452
0.201798
0.420867
0.354886
0.0666035
0.302793
0.662
0.282969
0.662
0.281456
0.662
0.0645145
0.662
0.662
0.662
0.662
0.353903
0.662
0.662
0.23837
0.662
0.156612
0.311106
0.0649464
0.662
0.0383458
0.201659
0.662
0.662
0.662
0.662
0.662
0.274107
0.619227
0.063029
0.652507
0.133048
0.630616
0.662
0.662
0.662
0.0252931
0.662
0.662
0.662
0.662
0.662
0.305864
0.483842
0.662
0.662
0.662
0.37239
0.662
0.662
0.662
0.45798
0.366548
0.0114961
0.0591626
0.256282
0.383237
0.49825
0.662
0.200236
0.499803
0.662
0.662
0.662
0.235003
0.662
0.662
0.170874
0.407742
0.662
0.237323
0.662
0.662
0.0944046
0.662
0.093538
0.662
0.662
0.662
0.662
0.383898
0.662
0.312007
0.662
0.114688
0.376825
0.197164
0.662
0.662
0.662
0.662
0.662
0.373147
0.662
0.423475
0.662
0.662
0.662
0.125764
0.662
0.662
0.662
0.662
0.077075
0.662
0.0596461
0.184486
0.662
0.662
0.662
0.662
0.0732102
0.662
0.662
0.662
0.258793
0.04738
0.293889
0.292207
0.45117
0.662
0.432184
0.662
0.114635
0.662
0.662
0.294268
0.246328
0.662
0.203645
0.662
0.303802
0.662
0.429411
0.662
0.662
0.662
0.215749
0.0380736
0.662
0.662
0.209363
0.0909937
0.148546
0.0722084
0.464042
0.470124
0.662
0.381838
0.662
0.662
0.129805
0.662
0.662
0.662
0.662
0.662
0.147902
0.662
0.260225
0.270253
0.662
0.0037721
0.662
0.236236
0.662
0.662
0.456607
0.201336
0.0297041
0.286037
0.0145095
0.662
0.180578
0.204727
0.2412
0.380351
0.273288
0.552293
0.465765
0.432746
0.662
0.662
0.662
0.662
0.102271
0.0382145
0.360352
0.662
0.155116
0.0249683
0.396247
0.662
0.156343
0.175173
0.234612
0.662
0.662
0.662
0.662
0.316083
0.348249
0.662
0.662
0.662
0.410783
0.662
0.0710648
0.233696
0.101478
0.508244
0.406198
0.178167
0.662
0.662
0.662
0.662
0.125449
0.37204
0.662
0.240077
0.102646
0.345351
0.314833
0.662
0.662
0.662
0.662
0.662
0.45162
0.120656
0.193638
0.662
0.189305
0.662
0.00196989
0.27259
0.401188
0.265945
0.662
0.160105
0.662
0.662
0.202489
0.662
0.585594
0.283132
0.0330006
0.380908
0.662
0.0965226
0.107163
0.472289
0.135213
0.454634
0.662
0.662
0.45531
0.662
0.662
0.662
0.662
0.250296
0.0432843
0.662
0.662
0.662
0.298802
0.662
0.662
0.179696
0.662
0.302513
0.662
0.662
0.662
0.0490574
0.662
0.175177
0.106457
0.13759
0.350884
0.0165996
0.662
0.35281
0.0479264
0.662
0.662
0.662
0.662
0.227425
0.662
0.662
0.662
0.632225
0.662
0.662
0.662
0.0925766
0.662
0.193523
0.472923
0.223572
0.132791
0.662
0.215962
0.21873
0.311108
0.593253
0.662
0.279989
0.464491
0.244182
0.662
0.409143
0.662
0.28056
0.662
0.206622
0.235148
0.662
0.662
0.662
0.200636
0.0615468
0.472714
0.662
0.136702
0.662
0.662
0.662
0.437642
0.603268
0.662
0.662
0.0631339
0.335659
0.253962
0.662
0.662
0.662
0.662
0.42297
0.662
0.338365
0.662
0.435207
0.23876
0.662
0.180932
0.339774
0.279478
0.662
0.442963
0.662
0.662
0.454002
0.662
0.662
0.238459
0.434491
0.662
0.454271
0.662
0.0493239
0.662
0.662
0.367373
0.662
0.662
0.662
0.662
0.00763092
0.288626
0.0752058
0.662
0.0331629
0.662
0.662
0.662
0.662
0.662
0.662
0.378955
0.633391
0.662
0.34263
0.335432
0.174871
0.662
0.0288998
0.239106
0.219689
0.662
0.447563
0.662
0.391466
0.198063
0.662
0.662
0.662
0.662
0.293213
0.662
0.662
0.0646236
0.662
0.188434
0.228678
0.662
0.662
0.662
0.662
0.662
0.662
0.662
0.44803
0.451175
0.216947
0.662
0.146064
0.662
0.093234
0.423504
0.218371
0.350833
0.343521
0.662
0.189605
0.662
0.259553
0.109419
0.662
0.411124
0.450278
0.662
0.324919
0.327994
0.244926
0.362584
0.430063
0.662
0.568147
0.122483
0.217424
0.487325
0.662
0.254804
0.257108
0.662
0.662
0.218907
0.662
0.662
0.662
0.0685268
0.662
0.662
0.28377
0.662
0.565402
0.662
0.662
0.662
0.662
0.662
0.306595
0.662
0.381594
0.662
0.662
0.662
0.34242
0.662
0.0636535
0.662
0.0474037
0.662
0.393717
0.662
0.434687
0.47253
0.145321
0.662
0.662
0.505973
0.662
0.662
0.399542
0.662
0.662
0.160186
0.662
0.662
0.662
0.662
0.108296
0.220768
0.298102
0.662
0.444953
0.348282
0.662
0.00643764
0.662
0.662
0.662
0.391763
0.0135886
0.662
0.286872
0.133188
0.264642
0.365186
0.10975
0.662
0.662
0.662
0.144929
0.0445805
0.662
0.662
0.174541
0.662
0.263744
0.662
0.188648
0.662
0.0602879
0.662
0.181246
0.662
0.222622
0.423109
0.0606899
0.662
0.482677
0.662
0.391418
0.662
0.662
0.662
0.0232099
0.662
0.0262229
0.662
0.17126
0.226668
0.662
0.662
0.0977172
0.662
0.662
0.662
0.0792034
0.312002
0.662
0.237506
0.662
0.662
0.662
0.229453
0.0730125
0.0612036
0.662
0.275163
0.662
0.278737
0.287143
0.662
0.662
0.242828
0.28231
0.662
0.662
0.662
0.396584
0.230289
0.266581
0.662
0.332814
0.353484
0.662
0.114176
0.0056396
0.662
0.662
0.662
0.662
0.528998
0.40611
0.134411
0.32681
0.662
0.662
0.419405
0.0399284
0.14851
0.662
0.662
0.662
0.567035
0.662
0.211761
0.662
0.662
0.221904
0.197491
0.662
0.662
0.173624
0.662
0.0161854
0.662
0.662
0.00666238
0.662
0.662
0.662
0.229286
0.662
0.662
0.368723
0.618402
0.662
0.330736
0.191904
0.108202
0.0287421
0.186044
0.662
0.662
0.363963
0.348807
0.662
0.455762
0.662
0.246066
0.0139767
0.662
0.662
0.662
0.0866406
0.134864
0.662
0.0660728
0.00436027
0.662
0.156372
0.662
0.662
0.662
0.398805
0.0291818
0.222023
0.111385
0.433088
0.359379
0.662
0.296509
0.428633
0.662
0.662
0.662
0.662
0.662
0.662
0.244101
0.309664
0.138655
0.662
0.662
0.185162
0.0998846
0.662
0.297437
0.662
0.0363885
0.662
0.662
0.662
0.324055
0.238155
0.251929
0.662
0.662
0.33375
0.463844
0.662
0.662
0.662
0.662
0.437947
0.0891936
0.299863
0.297496
0.662
0.662
0.477541
0.662
0.367167
0.0311573
0.220087
0.0332795
0.662
0.000842665
0.36005
0.662
0.662
0.192687
0.662
0.662
0.289646
0.662
0.590434
0.220882
0.12673
0.662
0.244751
0.598997
0.29656
0.33355
0.662
0.382316
0.178064
0.130184
0.662
0.000903092
0.662
0.44527
0.662
0.349677
0.662
0.662
0.662
0.633391
0.246159
0.662
0.0979779
0.387696
0.492991
0.141221
0.662
0.662
0.259356
0.662
0.294764
0.662
0.662
0.658721
0.662
0.662
0.461472
0.662
0.127124
0.662
0.234194
0.662
0.662
0.662
0.662
0.662
0.662
0.193462
0.324138
0.662
0.652239
0.211528
0.063144
0.283671
0.662
0.0869345
0.162065
0.662
0.193419
0.662
0.662
0.311711
0.00314544
0.236568
0.139333
0.662
0.662
0.662
0.662
0.177469
0.662
0.662
0.662
0.662
