0.248532
0.32974
0.501216
0.106947
0.662
0.662
0.662
0.306718
0.0903423
0.662
0.300787
0.662
0.662
0.348826
0.318628
0.176135
0.662
0.156292
0.29243
0.662
0.662
0.620924
0.117934
0.662
0.662
0.662
0.0951991
0.243349
0.662
0.662
0.160804
0.545045
0.601271
0.662
0.413576
0.662
0.43416
0.510981
0.662
0.0182383
0.459882
0.407767
0.662
0.461407
0.441668
0.662
0.662
0.463864
0.662
0.198099
0.662
0.662
0.662
0.662
0.0205338
0.662
0.662
0.662
0.662
0.330651
0.662
0.662
0.361008
0.662
0.298098
0.662
0.402176
0.662
0.662
0.0712324
0.662
0.0503715
0.662
0.444304
0.47298
0.662
0.204873
0.0808322
0.15521
0.340923
0.471429
0.662
0.662
0.369144
0.358478
0.662
0.270592
0.452516
0.140778
0.662
0.15877
0.284987
0.000671813
0.210072
0.190852
0.662
0.0546678
0.0839889
0.365997
0.662
0.306546
0.521941
0.662
0.524159
0.292186
0.232737
0.0738915
0.288045
0.18749
0.552784
0.662
0.662
0.460633
0.0653727
0.662
0.142574
0.662
0.662
0.340961
0.45519
0.662
0.152495
0.662
0.662
0.662
0.282443
0.0133801
0.263357
0.662
0.6088
0.662
0.376423
0.662
0.519548
0.466983
0.662
0.115072
0.662
0.278557
0.662
0.246265
0.662
0.445309
0.387602
0.474826
0.662
0.320064
0.527971
0.662
0.467197
0.32176
0.280975
0.662
0.548785
0.662
0.0837491
0.215415
0.185882
0.199286
0.286351
0.598465
0.433915
0.662
0.662
0.662
0.662
0.103692
0.662
0.0910751
0.662
0.662
0.348926
0.395491
0.662
0.662
0.662
0.662
0.662
0.46549
0.662
0.395271
0.662
0.662
0.291486
0.662
0.662
0.0495502
0.662
0.0388756
0.449292
0.130999
0.662
0.662
0.279985
0.256403
0.662
0.662
0.239221
0.662
0.00292202
0.0360381
0.295317
0.329879
0.662
0.0195374
0.662
0.662
0.662
0.018512
0.0807298
0.662
0.662
0.662
0.452542
0.0100332
0.662
0.662
0.293113
0.181883
0.662
0.662
0.662
0.662
0.361719
0.662
0.159071
0.415525
0.138924
0.662
0.347081
0.662
0.208197
0.662
0.449763
0.662
0.210345
0.119637
0.169766
0.45328
0.662
0.662
0.662
0.662
0.662
0.40249
0.24913
0.662
0.662
0.662
0.406313
0.662
0.583684
0.662
0.662
0.662
0.662
0.445487
0.662
0.466081
0.364388
0.246053
0.662
0.216905
0.324393
0.0866124
0.336786
0.662
0.662
0.18042
0.136777
0.298012
0.662
0.195312
0.259902
0.662
0.662
0.222092
0.662
0.41922
0.662
0.0462205
0.662
0.338918
0.662
0.662
0.662
0.662
0.125552
0.104018
0.173489
0.662
0.359304
0.662
0.662
0.662
0.265432
0.662
0.662
0.662
0.277217
0.112284
0.362139
0.438035
0.482147
0.662
0.662
0.662
0.662
0.102326
0.662
0.155826
0.260369
0.489518
0.598352
0.261888
0.116525
0.662
0.662
0.397261
0.0127225
0.155938
0.662
0.130297
0.267018
0.00895877
0.212065
0.662
0.662
0.662
0.101418
0.0339285
0.212743
0.167403
0.428599
0.662
0.662
0.00171202
0.662
0.662
0.662
0.262895
0.662
0.662
0.662
0.662
0.662
0.366253
0.0501343
0.662
0.291639
0.613672
0.020446
0.0164166
0.662
0.158867
0.142833
0.662
0.662
0.662
0.662
0.124155
0.662
0.662
0.320819
0.662
0.662
0.662
0.662
0.466483
0.662
0.662
0.662
0.14321
0.237056
0.662
0.399664
0.180439
0.450055
0.311982
0.431903
0.0301174
0.662
0.432062
0.360471
0.662
0.115021
0.41396
0.662
0.662
0.662
0.261668
0.662
0.662
0.0990758
0.0241997
0.662
0.662
0.662
0.119934
0.662
0.463264
0.0676417
0.380146
0.662
0.662
0.662
0.662
0.277688
0.00551753
0.198933
0.662
0.662
0.553116
0.399322
0.190029
0.662
0.662
0.475252
0.223384
0.122758
0.662
0.303429
0.662
0.662
0.236302
0.662
0.46861
0.0744173
0.662
0.358743
0.662
0.662
0.0326815
0.200268
0.662
0.662
0.662
0.662
0.0828231
0.335777
0.0335394
0.662
0.158458
0.662
0.662
0.602499
0.185591
0.290343
0.259766
0.662
0.662
0.412775
0.321101
0.525769
0.483568
0.662
0.444644
0.662
0.313291
0.417728
0.662
0.401039
0.0612111
0.214418
0.662
0.442114
0.662
0.662
0.662
0.662
0.242855
0.662
0.0127432
0.662
0.356001
0.45837
0.46289
0.467143
0.230483
0.0117709
0.347451
0.468216
0.247179
0.662
0.662
0.189841
0.662
0.662
0.0791943
0.662
0.662
0.411334
0.0649436
0.457956
0.662
0.211528
0.325829
0.662
0.201706
0.662
0.404595
0.662
0.662
0.417971
0.14838
0.23773
0.431509
0.0781942
0.662
0.476706
0.662
0.662
0.662
0.302404
0.662
0.0854143
0.662
0.189651
0.662
0.168534
0.247182
0.226872
0.662
0.662
0.448267
0.662
0.662
0.241058
0.231542
0.662
0.662
0.662
0.662
0.662
0.0425292
0.662
0.588237
0.196989
0.662
0.662
0.662
0.662
0.662
0.201361
0.662
0.130664
0.662
0.662
0.662
0.0187238
0.635291
0.662
0.662
0.16624
0.338029
0.662
0.31543
0.141597
0.0102347
0.662
0.468289
0.662
0.479671
0.249976
0.662
0.662
0.662
0.439331
0.222819
0.0232398
0.662
0.662
0.129622
0.662
0.0878596
0.438673
0.00565505
0.662
0.2625
0.159388
0.418687
0.662
0.407301
0.662
0.395754
0.171011
0.662
0.617017
0.0897823
0.456364
0.662
0.662
0.22701
0.662
0.518532
0.401675
0.662
0.662
0.662
0.662
0.662
0.662
0.662
0.19653
0.662
0.662
0.662
0.662
0.223062
0.496096
0.0940174
0.662
0.387905
0.662
0.662
0.662
0.250871
0.662
0.662
0.190263
0.305475
0.662
0.347884
0.036778
0.359388
0.662
0.662
0.662
0.662
0.662
0.662
0.662
0.662
0.21157
0.662
0.062478
0.662
0.43238
0.662
0.523833
0.278831
0.662
0.662
0.662
0.139827
0.233376
0.662
0.662
0.662
0.425823
0.0774764
0.662
0.0692826
0.552586
0.662
0.662
0.231501
0.0786755
0.662
0.662
0.662
0.662
0.309412
0.662
0.662
0.662
0.662
0.662
0.662
0.662
0.253918
0.422896
0.364821
0.229699
0.662
0.662
0.0881414
0.0225722
0.662
0.050411
0.112461
0.662
0.662
0.391561
0.662
0.662
0.662
0.583932
0.247156
0.662
0.662
0.0935939
0.662
0.662
0.662
0.381225
0.0528057
0.159378
0.662
0.232912
0.662
0.662
0.662
0.2575
0.662
0.662
0.662
0.662
0.662
0.0401825
0.662
0.200578
0.45983
0.662
0.0925441
0.662
0.46684
0.183764
0.662
0.26942
0.662
0.272597
0.662
0.662
0.662
0.362869
0.421683
0.249717
0.440662
0.434712
0.287543
0.299453
0.662
0.662
0.152592
0.662
0.372675
0.662
0.662
0.294826
0.662
0.662
0.0429201
0.0676143
0.283039
0.058126
0.662
0.662
0.662
0.662
0.0880641
0.359894
0.662
0.662
0.662
0.221775
0.662
0.461448
0.662
0.289441
0.662
0.662
0.070614
0.288257
0.180291
0.397515
0.662
0.128168
0.662
0.662
0.662
0.662
0.0193574
0.662
0.662
0.662
0.662
0.147497
0.662
0.662
0.199764
0.18447
0.662
0.662
0.375065
0.662
0.254334
0.662
0.662
0.155536
0.662
0.143148
0.662
0.0837988
0.662
0.662
0.256561
0.662
0.216361
0.440699
0.444299
0.179162
0.555624
0.662
0.662
0.394401
0.0131365
0.218398
0.662
0.149198
0.36633
0.48815
0.0461364
0.458
0.662
0.392213
0.435967
0.200322
0.662
0.662
0.407876
0.662
0.42679
0.132197
0.662
0.454385
0.662
0.662
0.461054
0.662
0.662
0.662
0.662
0.662
0.295009
0.0519322
0.662
0.662
0.662
0.662
0.662
0.120236
0.662
0.343125
0.662
0.662
0.321046
0.662
0.0226174
0.662
0.0695379
0.662
0.662
0.662
0.0847106
0.662
0.662
0.234818
0.662
0.662
0.662
0.380414
0.662
0.138565
0.662
0.489602
0.0527401
0.662
0.17919
0.0644769
0.145315
0.662
0.662
0.662
0.662
0.662
0.454286
0.418184
0.010461
0.662
0.0551715
0.0452144
0.662
0.662
0.662
0.280601
0.662
0.662
0.272131
0.19893
0.0535909
0.662
0.277702
0.0160884
0.662
0.132114
0.233626
0.134172
0.662
0.434955
0.175378
0.662
0.332285
0.0827161
0.146364
0.662
0.122825
0.112442
0.662
0.662
0.190481
0.0116514
0.662
0.662
0.229824
0.662
0.662
0.477337
0.290785
0.662
0.179852
0.662
0.425013
0.307974
0.662
0.0196734
0.570582
0.662
0.662
0.662
0.662
0.398619
0.662
0.662
0.662
0.479852
0.504188
0.662
0.662
0.335028
0.662
0.662
0.29993
0.460874
0.662
0.371233
0.662
0.662
0.218192
0.407701
0.191171
0.662
0.662
0.662
0.217174
0.297609
0.466422
0.52208
0.378931
0.152648
0.662
0.179039
0.0500041
0.00326082
0.215685
0.306026
0.36408
0.339189
0.662
0.662
0.662
0.0694658
0.662
0.662
0.662
0.662
0.662
0.662
0.662
0.513876
0.104071
0.662
0.371203
0.19837
0.225129
0.446645
0.662
0.0479872
0.662
0.0813839
0.662
0.662
0.662
0.662
0.431594
0.1425
0.0786706
0.662
0.662
0.0233576
0.289992
0.290127
0.0749677
0.224507
0.228778
0.450977
0.146142
0.22436
0.366619
0.662
0.260713
0.662
0.281425
0.245716
0.468043
0.662
0.0858243
0.108271
0.662
0.0360933
0.662
0.662
0.161207
0.662
0.662
0.651878
0.343544
0.317378
0.662
0.248778
0.662
0.134787
0.202049
0.662
0.662
0.404814
0.662
0.137221
0.0655788
0.236841
0.662
0.662
0.359783
0.662
0.662
0.641891
0.662
0.662
0.553326
0.187916
0.473564
0.467933
0.662
0.105405
0.662
0.444022
0.447412
0.662
0.189633
0.0485892
0.662
0.632544
0.662
0.662
0.0926225
0.281395
0.662
0.662
0.0617135
0.662
0.196805
0.289166
0.662
0.433887
0.309523
0.662
0.662
0.662
0.662
0.12298
0.184285
0.0702923
0.662
0.662
0.190817
0.662
0.284262
0.249704
0.468466
0.34839
0.662
0.662
0.662
0.662
0.0296403
0.568284
0.598888
0.662
0.662
0.662
0.662
0.47376
0.662
0.488207
0.662
0.662
0.662
0.662
0.0391225
0.662
0.662
0.255845
0.391566
0.662
0.219839
0.453533
0.160577
0.455689
0.662
0.00645572
0.662
0.42896
0.662
0.0797356
0.263158
0.662
0.662
0.246574
0.425044
0.662
0.443688
0.662
0.662
0.662
0.662
0.478376
0.662
0.662
0.437911
0.662
0.662
0.469792
0.662
0.662
0.662
0.662
0.662
0.0787341
0.232614
0.662
0.662
0.615631
0.662
0.662
0.662
0.662
0.482557
0.662
0.662
0.324195
0.662
0.662
0.658442
0.662
0.662
0.662
0.226124
0.247393
0.662
0.662
0.0216563
0.0370689
0.0982928
0.0941918
0.109229
0.198489
0.401023
0.662
0.662
0.0876041
0.0986712
0.218851
0.662
0.203186
0.0783352
0.417071
0.597478
0.662
0.0863585
0.325552
0.043057
0.239821
0.662
0.662
0.662
0.157831
0.662
0.240129
0.662
0.356976
0.662
0.662
0.662
0.662
0.109863
0.662
0.662
0.662
0.263623
0.284401
0.662
0.344882
0.28376
0.662
0.482095
0.662
0.0559545
0.077343
0.662
0.172022
0.239663
0.662
0.545998
0.332498
0.286021
0.202147
0.662
0.148893
0.662
0.662
0.289806
0.662
0.253825
0.314821
0.662
0.662
0.662
0.662
0.662
0.108526
0.098755
0.662
0.662
0.662
0.121757
0.662
0.662
0.372292
0.662
0.662
0.433636
0.0871457
0.426319
0.309661
0.662
0.00776111
0.227941
0.243204
0.609102
0.662
0.050727
0.662
0.662
0.35918
0.293903
0.252353
0.662
0.0992268
0.375569
0.662
0.399996
0.121069
0.0860441
0.203743
0.411316
0.662
0.570273
0.646932
0.662
0.177134
0.662
0.662
0.662
0.399967
0.0621801
0.350555
0.662
0.183079
0.662
0.312665
0.411205
0.17214
0.662
0.662
0.662
0.249278
0.261055
0.0236718
0.465955
0.662
0.0135738
0.662
0.662
0.055
0.662
0.662
0.662
0.126667
0.662
0.571903
0.356686
0.434075
0.662
0.454596
0.446069
0.471088
0.662
0.662
0.0622576
0.662
0.0537433
0.662
0.370576
0.662
0.662
0.416457
0.30238
0.662
0.662
0.662
0.662
0.662
0.662
0.446219
0.662
0.662
0.0735082
0.662
0.0278772
0.662
0.662
0.662
0.662
0.00261283
0.185501
0.662
0.662
0.662
0.473704
0.662
0.653656
0.566899
0.198938
0.662
0.662
0.662
0.662
0.662
0.103912
0.662
0.662
0.662
0.547805
0.662
0.662
0.662
0.474012
0.586131
0.662
0.115773
0.406358
0.391112
0.364415
0.662
0.662
0.242911
0.662
0.662
0.662
0.1613
0.0501165
0.0140753
0.294521
0.662
0.425768
0.291302
0.662
0.662
0.40273
0.161138
0.662
0.0777257
0.662
0.188553
0.232477
0.662
0.662
0.383386
0.662
0.582973
0.662
0.491238
0.236122
0.662
0.662
0.237518
0.662
0.662
0.662
0.189074
0.117189
0.341426
0.0606218
0.662
0.553415
0.662
0.300072
0.662
0.662
0.662
0.662
0.662
0.662
0.413498
0.363814
0.319083
0.662
0.00860414
0.311444
0.114134
0.662
0.12519
0.662
0.662
0.218586
0.409581
0.629639
0.418198
0.23442
0.662
0.662
0.49474
0.368714
0.662
0.662
0.0456811
0.662
0.662
0.662
0.340651
0.406189
0.085823
0.0978299
0.662
0.662
0.662
0.162218
0.662
0.662
0.0698543
0.198819
0.662
0.662
0.662
0.662
0.213002
0.0885478
0.356757
0.0494676
0.662
0.662
0.662
0.662
0.662
0.484166
0.662
0.478831
0.624869
0.662
0.662
0.662
0.212473
0.662
0.471752
0.662
0.662
0.393081
0.45681
0.662
0.662
0.662
0.662
0.329024
0.662
0.662
0.662
0.169734
0.598933
0.662
0.662
0.173699
0.55918
0.157944
0.223371
0.29266
0.662
0.662
0.358032
0.111112
0.662
0.662
0.662
0.267533
0.662
0.371926
0.662
0.662
0.662
0.662
0.662
0.662
0.662
0.662
0.662
0.463757
0.662
0.662
0.662
0.326916
0.357482
0.662
0.154982
0.662
0.662
0.662
0.662
0.317937
0.0154805
0.662
0.662
0.662
0.0335424
0.168203
0.662
0.662
0.662
0.662
0.63339
0.662
0.417643
0.336428
0.662
0.46679
0.662
0.662
0.662
0.662
0.0766914
0.156432
0.257169
0.662
0.391004
0.662
0.184633
0.662
0.202833
0.443396
0.662
0.400704
0.662
0.662
0.0505456
0.0870947
0.662
0.506158
0.534296
0.074277
0.0699811
0.489676
0.461991
0.662
0.662
0.226497
0.662
0.179241
0.662
0.662
0.662
0.662
0.662
0.662
0.662
0.662
0.662
0.662
0.469738
0.196522
0.0491768
0.313446
0.17571
0.662
0.197284
0.0939649
0.662
0.36319
0.662
0.662
0.252546
0.662
0.0206115
0.349793
0.662
0.662
0.153123
0.583411
0.385944
0.662
0.00814235
0.662
0.662
0.23798
0.662
0.463589
0.662
0.662
0.229801
0.662
0.406166
0.662
0.662
0.662
0.462253
0.163964
0.630448
0.416747
0.662
0.230841
0.662
0.662
0.662
0.306243
0.662
0.141261
0.662
0.450131
0.662
0.662
0.181728
0.662
0.662
0.152792
0.237298
0.662
0.177332
0.307446
0.247635
0.323875
0.662
0.0007298
0.516901
0.662
0.662
0.476836
0.567259
0.0078085
0.662
0.662
0.41416
0.662
0.324573
0.662
0.433276
0.662
0.662
0.181235
0.662
0.267995
0.0982317
0.662
0.405083
0.662
0.477486
0.662
0.662
0.662
0.00323463
0.662
0.662
0.662
0.662
0.662
0.662
0.662
0.334852
0.00415845
0.662
0.662
0.662
0.28957
0.207035
0.662
0.568504
0.662
0.662
0.662
0.106802
0.184837
0.662
0.662
0.662
0.247882
0.662
0.662
0.662
0.662
0.16025
0.246989
0.194549
0.457456
0.662
0.662
0.408839
0.121656
0.358216
0.301985
0.662
0.662
0.00580741
0.315878
0.0292366
0.662
0.662
0.0379191
0.662
0.662
0.238858
0.487892
0.662
0.385727
0.662
0.266084
0.0291234
0.131431
0.327333
0.481029
0.662
0.662
0.140714
0.662
0.257669
0.126445
0.272903
0.662
0.662
0.277264
0.386808
0.662
0.633694
0.348665
0.662
0.662
0.662
0.662
0.405623
0.0657042
0.662
0.461379
0.662
0.662
0.0399713
0.662
0.662
0.662
0.0821698
0.662
0.381813
0.662
0.662
0.35049
0.315279
0.662
0.345097
0.662
0.662
0.662
0.404584
0.662
0.387501
0.0834322
0.662
0.662
0.276404
0.662
0.662
0.444542
0.662
0.439268
0.662
0.662
0.268023
0.662
0.11163
0.662
0.662
0.662
0.067374
0.0642021
0.327008
0.355826
0.0856838
0.662
0.662
0.289517
0.408757
0.662
0.662
0.662
0.352792
0.582292
0.274088
0.662
0.226439
0.662
0.662
0.662
0.280246
0.662
0.40722
0.10885
0.662
0.216442
0.235959
0.662
0.402549
0.662
0.662
0.182032
0.662
0.409871
0.662
0.143429
0.662
0.194184
0.662
0.328382
0.662
0.0838817
0.350679
0.17564
0.662
0.662
0.441728
0.662
0.662
0.123734
0.662
0.662
0.441251
0.662
0.662
0.0293703
0.662
0.662
0.662
0.40719
0.662
0.210086
0.662
0.662
