0.662
0.662
0.662
0.662
0.662
0.662
0.194362
0.160172
0.662
0.662
0.662
0.611816
0.0346132
0.662
0.372522
0.662
0.426198
0.0825146
0.262597
0.662
0.662
0.0235028
0.131942
0.662
0.251265
0.662
0.320328
0.0920515
0.662
0.245388
0.374492
0.42905
0.309389
0.662
0.662
0.404632
0.0366972
0.662
0.110344
0.662
0.662
0.346276
0.662
0.331783
0.193523
0.194289
0.662
0.158844
0.472623
0.331055
0.662
0.281964
0.641086
0.371347
0.662
0.662
0.662
0.662
0.662
0.055343
0.662
0.662
0.377969
0.662
0.462268
0.194814
0.662
0.176956
0.662
0.662
0.662
0.22514
0.134562
0.403664
0.344386
0.662
0.662
0.662
0.662
0.259749
0.662
0.429498
0.662
0.662
0.398602
0.00464753
0.662
0.662
0.662
0.46473
0.161675
0.662
0.662
0.662
0.443866
0.393026
0.662
0.490781
0.423875
0.205316
0.662
0.0255941
0.394495
0.662
0.112821
0.662
0.662
0.280391
0.181333
0.662
0.162689
0.370027
0.662
0.0164133
0.662
0.662
0.0719723
0.662
0.232536
0.662
0.464154
0.46805
0.662
0.662
0.192052
0.221683
0.662
0.431294
0.320605
0.662
0.662
0.662
0.0232918
0.662
0.100102
0.39462
0.662
0.662
0.662
0.169558
0.662
0.127702
0.235818
0.662
0.429067
0.662
0.662
0.662
0.133772
0.195449
0.662
0.662
0.381763
0.662
0.662
0.391232
0.662
0.662
0.369781
0.662
0.662
0.662
0.662
0.238263
0.414305
0.53263
0.0129814
0.662
0.520232
0.662
0.267983
0.662
0.662
0.0625151
0.606825
0.637418
0.662
0.662
0.201889
0.333151
0.662
0.662
0.662
0.662
0.662
0.409844
0.299954
0.0733631
0.662
0.662
0.662
0.662
0.662
0.662
0.662
0.227636
0.0727186
0.322744
0.662
0.662
0.662
0.662
0.463936
0.0310687
0.662
0.662
0.662
0.662
0.662
0.662
0.388621
0.00568994
0.051298
0.563433
0.662
0.0604183
0.662
0.119827
0.662
0.662
0.408013
0.441258
0.199516
0.662
0.662
0.435857
0.662
0.662
0.266182
0.662
0.331591
0.662
0.662
0.662
0.662
0.662
0.426621
0.480298
0.106547
0.016713
0.662
0.662
0.0998604
0.427271
0.662
0.0925322
0.334295
0.124322
0.246414
0.384788
0.0189425
0.662
0.662
0.662
0.139211
0.0753603
0.333516
0.662
0.662
0.662
0.428387
0.662
0.475399
0.662
0.662
0.662
0.662
0.662
0.476528
0.662
0.662
0.205775
0.309546
0.294971
0.662
0.0709411
0.0932371
0.662
0.217418
0.368668
0.662
0.229878
0.241996
0.662
0.306369
0.662
0.229785
0.479005
0.662
0.332852
0.469615
0.662
0.662
0.662
0.00166247
0.662
0.124672
0.0551942
0.662
0.33921
0.106939
0.662
0.662
0.662
0.662
0.302281
0.662
0.662
0.359842
0.130508
0.662
0.0530331
0.662
0.662
0.368619
0.095839
0.194407
0.662
0.662
0.662
0.0628434
0.662
0.662
0.662
0.136752
0.137262
0.662
0.662
0.252436
0.662
0.365904
0.27778
0.662
0.23191
0.337224
0.662
0.0556881
0.256494
0.662
0.177497
0.662
0.662
0.662
0.662
0.662
0.334268
0.662
0.33338
0.309234
0.525637
0.0155877
0.196764
0.662
0.0713431
0.662
0.662
0.312066
0.203186
0.662
0.662
0.138385
0.224028
0.12209
0.662
0.662
0.228527
0.662
0.662
0.289943
0.445115
0.662
0.662
0.662
0.662
0.41922
0.0452877
0.662
0.662
0.662
0.434956
0.335655
0.662
0.188246
0.662
0.180075
0.662
0.662
0.095221
0.662
0.662
0.484393
0.375902
0.322958
0.662
0.235344
0.133378
0.662
0.662
0.662
0.662
0.205149
0.152075
0.662
0.047567
0.258487
0.662
0.662
0.632548
0.662
0.421404
0.0890128
0.430673
0.287311
0.319602
0.662
0.448437
0.373372
0.416697
0.662
0.207836
0.662
0.442617
0.662
0.350032
0.662
0.170692
0.662
0.408675
0.43104
0.662
0.662
0.662
0.0954614
0.662
0.662
0.343407
0.662
0.662
0.662
0.662
0.662
0.662
0.662
0.662
0.662
0.662
0.0487857
0.203146
0.662
0.662
0.662
0.662
0.662
0.662
0.435257
0.211182
0.662
0.430606
0.43138
0.0291163
0.662
0.662
0.0117425
0.0757249
0.588049
0.662
0.662
0.662
0.545593
0.662
0.196098
0.662
0.662
0.316882
0.207564
0.662
0.310579
0.662
0.662
0.662
0.417922
0.0741089
0.00081955
0.662
0.0163336
0.662
0.273339
0.662
0.662
0.662
0.662
0.38372
0.662
0.662
0.506802
0.662
0.662
0.062068
0.577761
0.662
0.662
0.443791
0.662
0.662
0.662
0.101205
0.353675
0.662
0.662
0.139089
0.662
0.356872
0.662
0.662
0.662
0.662
0.662
0.662
0.662
0.662
0.662
0.662
0.662
0.662
0.662
0.662
0.0922105
0.662
0.662
0.662
0.574552
0.662
0.222814
0.465227
0.198173
0.662
0.465018
0.57335
0.300826
0.654249
0.428104
0.221939
0.283718
0.242848
0.662
0.379883
0.0424896
0.662
0.0925799
0.662
0.662
0.125677
0.662
0.662
0.662
0.0817135
0.132396
0.662
0.271245
0.232032
0.108893
0.00189781
0.662
0.662
0.117174
0.245806
0.662
0.425615
0.345154
0.29819
0.662
0.662
0.662
0.662
0.662
0.662
0.662
0.662
0.328846
0.631016
0.100954
0.662
0.662
0.584005
0.662
0.274837
0.662
0.662
0.662
0.662
0.139946
0.288994
0.358545
0.0747413
0.662
0.491254
0.160708
0.21314
0.310427
0.300267
0.662
0.662
0.662
0.137711
0.662
0.662
0.448385
0.434491
0.662
0.316024
0.353572
0.662
0.662
0.380308
0.662
0.346824
0.662
0.662
0.662
0.662
0.229193
0.221267
0.221837
0.662
0.413719
0.00346305
0.227809
0.126753
0.662
0.662
0.336638
0.0321942
0.41178
0.202388
0.662
0.662
0.662
0.449758
0.142924
0.0627016
0.243215
0.662
0.662
0.662
0.15052
0.294857
0.662
0.257604
0.0102474
0.29415
0.662
0.194844
0.191243
0.662
0.662
0.0545725
0.237162
0.126528
0.662
0.345605
0.662
0.662
0.150304
0.541719
0.662
0.662
0.662
0.411328
0.199902
0.440349
0.153231
0.305087
0.170864
0.662
0.662
0.662
0.662
0.46196
0.43992
0.662
0.662
0.662
0.662
0.445535
0.662
0.471047
0.662
0.662
0.0903261
0.662
0.405473
0.58521
0.662
0.662
0.189071
0.224603
0.0614048
0.662
0.662
0.126961
0.592411
0.662
0.662
0.662
0.662
0.662
0.00353118
0.202894
0.184348
0.662
0.662
0.250268
0.662
0.662
0.251247
0.0942194
0.398628
0.662
0.316649
0.662
0.525382
0.662
0.662
0.313302
0.409406
0.662
0.462924
0.0484611
0.662
0.415589
0.0930066
0.325773
0.662
0.662
0.662
0.662
0.395586
0.445572
0.246388
0.347289
0.32532
0.38742
0.245314
0.138491
0.662
0.283615
0.206484
0.662
0.662
0.662
0.546367
0.662
0.662
0.465008
0.457583
0.281466
0.662
0.0203932
0.662
0.662
0.526973
0.129831
0.129277
0.0745619
0.329773
0.466216
0.290047
0.096938
0.662
0.473596
0.662
0.662
0.662
0.184046
0.183753
0.662
0.0879672
0.662
0.0217074
0.556687
0.14863
0.662
0.662
0.662
0.401581
0.662
0.662
0.112222
0.662
0.662
0.225938
0.467662
0.662
0.251079
0.662
0.214517
0.662
0.662
0.662
0.178536
0.662
0.450499
0.662
0.230795
0.662
0.662
0.662
0.247656
0.0325892
0.223574
0.662
0.662
0.662
0.389405
0.473995
0.395582
0.199136
0.378832
0.662
0.0785804
0.395265
0.147552
0.662
0.662
0.662
0.662
0.662
0.21463
0.0101059
0.364771
0.662
0.441721
0.154674
0.662
0.662
0.662
0.662
0.0513077
0.662
0.662
0.30028
0.662
0.662
0.662
0.662
0.180251
0.124709
0.276011
0.0755073
0.662
0.662
0.556689
0.662
0.662
0.43039
0.414443
0.380805
0.662
0.0236367
0.186575
0.662
0.412353
0.662
0.662
0.512371
0.662
0.662
0.477502
0.662
0.662
0.662
0.662
0.662
0.662
0.662
0.662
0.107152
0.41489
0.194058
0.112494
0.29313
0.662
0.0315306
0.254418
0.00708785
0.662
0.662
0.662
0.662
0.662
0.090249
0.662
0.662
0.141647
0.662
0.662
0.499043
0.347961
0.422155
0.662
0.476004
0.312529
0.662
0.414414
0.488939
0.662
0.662
0.285399
0.662
0.662
0.023847
0.662
0.662
0.105542
0.662
0.484827
0.662
0.662
0.662
0.662
0.0170709
0.395028
0.0473969
0.662
0.217793
