0.662
0.662
0.0938036
0.662
0.0230381
0.662
0.251511
0.431059
0.36213
0.662
0.662
0.662
0.459717
0.662
0.662
0.662
0.662
0.662
0.662
0.217848
0.446889
0.662
0.662
0.371223
0.662
0.0159605
0.373925
0.477592
0.434687
0.662
0.662
0.662
0.398805
0.183748
0.662
0.662
0.139333
0.286029
0.662
0.2852
0.440939
0.0530447
0.0249356
0.107163
0.19584
0.662
0.357546
0.662
0.0555494
0.662
0.662
0.662
0.662
0.662
0.436113
0.662
0.662
0.662
0.662
0.662
0.662
0.662
0.662
0.101478
0.662
0.0239875
0.662
0.662
0.191844
0.571284
0.662
0.0715487
0.459551
0.394803
0.662
0.662
0.662
0.0918618
0.399231
0.471864
0.662
0.662
0.0745087
0.662
0.0765698
0.662
0.662
0.662
0.662
0.126625
0.662
0.662
0.477455
0.135696
0.662
0.267655
0.391389
0.369475
0.414373
0.662
0.662
0.398151
0.662
0.0410568
0.477541
0.662
0.662
0.662
0.662
0.662
0.298346
0.26086
0.662
0.149549
0.662
0.662
0.0866406
0.360218
0.662
0.518169
0.0783149
0.365186
0.662
0.537827
0.575833
0.662
0.0430289
0.431979
0.662
0.662
0.631953
0.662
0.633391
0.662
0.662
0.662
0.662
0.357626
0.0743302
0.662
0.662
0.662
0.662
0.26129
0.380908
0.307772
0.0476893
0.188243
0.662
0.662
0.58619
0.324055
0.28531
0.0598706
0.0666035
0.158205
0.175173
0.365293
0.662
0.252647
0.662
0.662
0.144917
0.125855
0.301329
0.197164
0.662
0.437947
0.662
0.662
0.662
0.662
0.662
0.0569934
0.43681
0.321306
0.0165996
0.662
0.662
0.414757
0.662
0.662
0.662
0.368723
0.373139
0.0237121
0.662
0.0468942
0.0165511
0.662
0.662
0.221091
0.089895
0.141831
0.662
0.423504
0.662
0.662
0.424693
0.662
0.662
0.662
0.662
0.662
0.662
0.314563
0.198934
0.0436291
0.662
0.662
0.662
0.0139767
0.662
0.237036
0.662
0.662
0.662
0.662
0.662
0.662
0.312676
0.255928
0.662
0.662
0.662
0.662
0.662
0.662
0.662
0.201105
0.662
0.662
0.662
0.455006
0.662
0.662
0.387893
0.133608
0.662
0.0909314
0.298336
0.662
0.162207
0.662
0.381988
0.662
0.322014
0.662
0.662
0.28056
0.662
0.662
0.662
0.662
0.662
0.662
0.455555
0.662
0.662
0.662
0.662
0.308621
0.17631
0.114682
0.176434
0.662
0.0215851
0.662
0.662
0.662
0.662
0.662
0.461472
0.223567
0.0432843
0.295012
0.540272
0.662
0.123752
0.662
0.662
0.662
0.348539
0.284728
0.34263
0.219473
0.356442
0.0107758
0.29108
0.662
0.458391
0.568147
0.411124
0.662
0.662
0.430632
0.36843
0.125449
0.662
0.662
0.201143
0.585467
0.662
0.662
0.662
0.662
0.662
0.662
0.662
0.662
0.298102
0.488806
0.156021
0.662
0.662
0.662
0.662
0.662
0.278737
0.662
0.662
0.662
0.662
0.662
0.463844
0.662
0.662
0.662
0.662
0.0561856
0.662
0.206308
0.126625
0.662
0.227074
0.662
0.629706
0.454271
0.662
0.662
0.252556
0.662
0.228552
0.363115
0.406237
0.662
0.662
0.41632
0.113723
0.662
0.141448
0.662
0.400247
0.662
0.00773426
0.492773
0.315817
0.153569
0.662
0.662
0.244101
0.662
0.398875
0.413698
0.662
0.662
0.594834
0.662
0.115306
0.514718
0.662
0.662
0.662
0.662
0.662
0.0766022
0.407664
0.0730125
0.662
0.662
0.662
0.0722084
0.428316
0.662
0.662
0.262745
0.251682
0.324641
0.409001
0.662
0.0982886
0.662
0.441873
0.662
0.662
0.662
0.473383
0.662
0.328238
0.46256
0.0758123
0.42516
0.132561
0.662
0.325068
0.662
0.535842
0.355484
0.125764
0.0382145
0.662
0.347109
0.662
0.371391
0.263296
0.406094
0.29376
0.662
0.662
0.359379
0.114884
0.662
0.662
0.662
0.228389
0.358187
0.192768
0.662
0.662
0.662
0.160942
0.421546
0.195304
0.662
0.662
0.434491
0.312002
0.433114
0.662
0.465479
0.341852
0.440692
0.662
0.171862
0.662
0.159776
0.662
0.0028669
0.662
0.662
0.157429
0.411831
0.221647
0.662
0.298547
0.662
0.236691
0.662
0.310053
0.0360422
0.662
0.0194291
0.350898
0.230967
0.662
0.185513
0.21873
0.535128
0.662
0.662
0.662
0.662
0.00202608
0.206826
0.402731
0.32681
0.18269
0.662
0.662
0.662
0.662
0.224495
0.662
0.662
0.035726
0.662
0.337863
0.139636
0.662
0.469668
0.432184
0.258793
0.0784544
0.662
0.662
0.5862
0.662
0.662
0.662
0.398654
0.662
0.662
0.311437
0.400933
0.662
0.0929638
0.662
0.659147
0.0135886
0.662
0.662
0.0332763
0.482677
0.662
0.662
0.337392
0.2115
0.662
0.450285
0.334659
0.662
0.445136
0.323163
0.662
0.0857149
0.135337
0.662
0.192148
0.218371
0.662
0.207509
0.0153563
0.662
0.105432
0.662
0.487325
0.662
0.662
0.253749
0.300596
0.662
0.662
0.662
0.662
0.662
0.399542
0.431411
0.662
0.662
0.662
0.330449
0.662
0.395865
0.0902489
0.662
0.662
0.662
0.633391
0.662
0.662
0.240028
0.662
0.000310553
0.28611
0.31316
0.662
0.240685
0.662
0.654128
0.0965226
0.662
0.662
0.0489859
0.461164
0.0403784
0.662
0.356296
0.662
0.662
0.662
0.662
0.662
0.662
0.357974
0.257108
0.0998846
0.0579178
0.662
0.0900829
0.0380736
0.662
0.662
0.662
0.662
0.662
0.264642
0.209146
0.363991
0.662
0.386921
0.662
0.464476
0.032144
0.474442
0.0379569
0.0591626
0.662
0.662
0.662
0.447295
0.662
0.662
0.662
0.323023
0.662
0.273104
0.46904
0.662
0.662
0.433404
0.366746
0.662
0.662
0.475287
0.318321
0.662
0.105127
0.662
0.662
0.41787
0.0544129
0.473126
0.662
0.662
0.662
0.176739
0.662
0.662
0.662
0.263822
0.494628
0.24337
0.662
0.173274
0.491212
0.0130221
0.662
0.662
0.662
0.412403
0.191611
0.393195
0.662
0.662
0.662
0.662
0.416095
0.116641
0.285241
0.179696
0.662
0.0283501
0.497134
0.560878
0.339355
0.253888
0.662
0.662
0.662
0.662
0.662
0.662
0.662
0.662
0.662
0.367176
0.12531
0.662
0.458421
0.662
0.376506
0.228281
0.662
0.433088
0.662
0.345351
0.662
0.662
0.662
0.662
0.290629
0.22882
0.105671
0.662
0.3846
0.188434
0.662
0.662
0.662
0.662
0.662
0.260724
0.307598
0.300439
0.406425
0.101547
0.154699
0.662
0.662
0.0571854
0.381935
0.231318
0.662
0.662
0.662
0.206814
0.429589
0.465989
0.662
0.662
0.248832
0.191906
0.420867
0.270527
0.662
0.662
0.187599
0.662
0.662
0.662
0.662
0.352932
0.662
0.265121
0.662
0.240316
0.218183
0.348249
0.662
0.0536737
0.372791
0.402161
0.662
0.425264
0.238155
0.328482
0.662
0.215962
0.632225
0.242088
0.662
0.187078
0.193749
0.662
0.662
0.662
0.461186
0.662
0.662
0.662
0.111305
0.662
0.662
0.662
0.247011
0.187514
0.244519
0.229286
0.246035
0.662
0.662
0.662
0.662
0.662
0.300858
0.0332795
0.176012
0.333872
0.145259
0.662
0.423475
0.662
0.662
0.357947
0.0320202
0.349361
0.662
0.662
0.662
0.662
0.662
0.380351
0.662
0.662
0.233862
0.195473
0.429442
0.662
0.662
0.662
0.662
0.662
0.662
0.662
0.662
0.13399
0.662
0.283483
0.662
0.266254
0.662
0.609376
0.0349636
0.662
0.560387
0.273237
0.662
0.662
0.662
0.200636
0.134411
0.571608
0.643482
0.388917
0.494278
0.383237
0.662
0.662
0.662
0.662
0.440828
0.329982
0.662
0.441253
0.662
0.662
0.642946
0.662
0.435771
0.662
0.401455
0.0979779
0.662
0.257448
0.177423
0.662
0.662
0.0506291
0.662
0.662
0.389535
0.662
0.022557
0.662
0.178516
0.662
0.662
0.662
0.218606
0.662
0.00538746
0.208292
0.254804
0.144163
0.448904
0.0391969
0.662
0.662
0.19423
0.149882
0.394365
0.662
0.3284
0.662
0.480578
0.414014
0.662
0.662
0.662
0.662
0.135014
0.662
0.417831
0.662
0.662
0.662
0.277295
0.662
0.094713
0.662
0.662
0.323555
0.169263
0.662
0.662
0.662
0.662
0.201798
0.019319
0.662
0.0733138
0.662
0.440767
0.662
0.662
0.462944
0.662
0.187117
0.662
0.359677
0.591739
0.662
0.128393
0.662
0.455762
0.662
0.662
0.662
0.662
0.428087
0.209299
0.662
0.662
0.335659
0.662
0.0234287
0.662
0.50383
0.662
0.662
0.150504
0.662
0.662
0.460522
0.108881
0.0649464
0.0235608
0.361607
0.662
0.62897
0.662
0.383696
0.662
0.419252
0.662
0.0727486
0.662
0.251052
0.662
0.0460971
0.662
0.662
0.470124
0.662
0.662
0.662
0.0710648
0.0690822
0.511298
0.662
0.662
0.598997
0.427264
0.353379
0.662
0.390821
0.391466
0.45683
0.0909372
0.662
0.444585
0.662
0.0331379
0.096271
0.17396
0.662
0.284098
0.662
0.337424
0.0791706
0.40718
0.662
0.367604
0.662
0.662
0.410898
0.453412
0.112929
0.662
0.662
0.662
0.662
0.662
0.356358
0.450572
0.49334
0.374791
0.167767
0.509159
0.303676
0.04738
0.293889
0.407747
0.662
0.222622
0.215776
0.662
0.662
0.662
0.662
0.662
0.0269584
0.085201
0.434988
0.662
0.33562
0.662
0.662
0.109419
0.200163
0.662
0.662
0.399952
0.611671
0.0836126
0.197215
0.455746
0.214032
0.662
0.305864
0.662
0.662
0.662
0.245579
0.185946
0.364589
0.218692
0.662
0.662
0.279633
0.480905
0.662
0.662
0.386539
0.136296
0.662
0.269509
0.288911
0.302793
0.102271
0.193013
0.13759
0.662
0.662
0.30947
0.662
0.662
0.220882
0.0670007
0.662
0.662
0.134864
0.397284
0.279013
0.662
0.662
0.431971
0.178259
0.37163
0.29919
0.662
0.662
0.662
0.662
0.212961
0.168489
0.200439
0.662
0.662
0.662
0.662
0.662
0.662
0.257762
0.662
0.662
0.334042
0.662
0.662
0.408929
0.0110913
0.206452
0.193175
0.483224
0.662
0.662
0.662
0.662
0.00647669
0.253079
0.0842464
0.662
0.662
0.662
0.662
0.662
0.432765
0.662
0.662
0.662
0.662
0.662
0.400737
0.662
0.43866
0.662
0.662
0.662
0.662
0.662
0.30062
0.360979
0.662
0.662
0.662
0.662
0.662
0.23876
0.0102696
0.662
0.438941
0.662
0.662
0.662
0.662
0.662
0.662
0.160186
0.165289
0.277286
0.662
0.172671
0.0909876
0.662
0.662
0.662
0.662
0.114458
0.662
0.420801
0.250223
0.662
0.662
0.593253
0.47964
0.662
0.350729
0.38924
0.501698
0.253327
0.147439
0.465566
0.662
0.498093
0.662
0.295896
0.46109
0.210299
0.132845
0.662
0.553343
0.28976
0.662
0.514851
0.557116
0.153488
0.510527
0.340897
0.662
0.662
0.0606899
0.662
0.364199
0.662
0.330829
0.662
0.126997
0.662
0.39351
0.662
0.662
0.662
0.409674
0.217371
0.0977172
0.662
0.326108
0.662
0.654226
0.662
0.662
0.662
0.662
0.439521
0.063144
0.662
0.293771
0.114688
0.49789
0.35391
0.276089
0.662
0.662
0.662
0.184486
0.662
0.208515
0.354944
0.662
0.662
0.109939
0.662
0.580776
0.662
0.200456
0.386251
0.406584
0.455481
0.109857
0.291443
0.213424
0.343391
0.662
0.0311573
0.662
0.662
0.662
0.369372
0.662
0.662
0.662
0.662
0.201165
0.326796
0.662
0.662
0.662
0.424225
0.662
0.113515
0.39346
0.14378
0.111256
0.662
0.662
0.662
0.662
0.11962
0.662
0.662
0.662
0.662
0.662
0.102128
0.0505021
0.0711249
0.172126
2.96019e-05
0.253103
0.138505
0.662
0.662
0.110085
0.662
0.193983
0.662
0.251929
0.662
0.662
0.662
0.662
0.662
0.430063
0.662
0.662
0.463612
0.354754
0.291855
0.662
0.662
0.662
0.662
0.662
0.193194
0.00529837
0.32435
0.3725
0.527267
0.662
0.466821
0.403706
0.662
0.662
0.662
0.0517341
0.662
0.658173
0.389772
0.662
0.662
0.662
0.662
0.662
0.662
0.662
0.450793
0.662
0.381094
0.215749
0.51365
0.662
0.132791
0.444225
0.450278
0.662
0.362584
0.662
0.662
0.151868
0.662
0.14096
0.310426
0.662
0.320307
0.662
0.662
0.244434
0.662
0.29439
0.662
0.259361
0.662
0.662
0.662
0.662
0.0220338
0.662
0.662
0.229453
0.140766
0.662
0.59307
0.361776
0.662
0.476615
0.662
0.662
0.216223
0.662
0.662
0.662
0.662
0.662
0.662
0.147902
0.662
0.280621
0.662
0.662
0.662
0.348976
0.662
0.662
0.662
0.662
0.107058
0.206646
0.326613
0.662
0.662
0.361532
0.662
0.159425
0.0705409
0.662
0.662
0.00487196
0.662
0.662
0.662
0.45542
0.662
0.221625
0.662
0.662
0.662
0.281456
0.662
0.662
0.0646236
0.662
0.662
0.662
0.0831458
0.0697078
0.662
0.0056396
0.29845
0.00549127
0.662
0.103548
0.0460587
0.215847
0.33355
0.662
0.33375
0.662
0.397571
0.662
0.662
0.14811
0.115874
0.662
0.378124
0.662
0.146115
0.662
0.0173015
0.662
0.662
0.662
0.662
0.323012
0.0892419
0.118086
0.45531
0.273308
0.662
0.662
0.4903
0.40286
0.343042
0.662
0.460214
0.662
0.662
0.407749
0.0493285
0.662
0.464336
0.662
0.155274
0.662
0.195936
0.662
0.662
0.662
0.116811
0.144752
0.162065
0.662
0.662
0.662
0.332305
0.379682
0.327314
0.662
0.0980173
0.147141
0.461757
0.226668
0.662
0.453196
0.185972
0.662
0.662
0.662
0.0618715
0.662
0.662
0.0927799
0.662
0.662
0.662
0.662
0.662
0.662
0.367818
0.0236936
0.662
0.662
0.38846
0.662
0.445657
0.662
0.272133
0.02323
0.44288
0.662
0.662
0.342385
0.662
0.0673811
0.662
0.0186676
0.220136
0.188909
0.407096
0.662
0.662
0.281065
0.662
0.0373774
0.324401
0.305451
0.662
0.662
0.662
0.152486
0.0752517
0.126213
0.00159268
0.662
0.237314
0.662
0.662
0.402842
