0.307772
0.476517
0.350875
0.662
0.662
0.0365954
0.662
0.433404
0.498173
0.0395643
0.662
0.662
0.662
0.40729
0.662
0.662
0.200439
0.0965226
0.133814
0.662
0.310426
0.662
0.662
0.662
0.101796
0.662
0.141649
0.147141
0.135014
0.18047
0.662
0.662
0.662
0.662
0.141448
0.662
0.662
0.162793
0.295903
0.579018
0.400737
0.386539
0.436113
0.662
0.441253
0.476758
0.187394
0.662
0.442508
0.662
0.111305
0.45683
0.193013
0.310053
0.662
0.461757
0.41787
0.031373
0.359379
0.662
0.662
0.662
0.0897041
0.662
0.662
0.238254
0.662
0.662
0.178388
0.662
0.662
0.0236936
0.634874
0.662
0.243767
0.662
0.662
0.662
0.662
0.370306
0.595833
0.662
0.0366906
0.662
0.662
0.273237
0.662
0.662
0.662
0.0687698
0.662
0.662
0.662
0.662
0.662
0.662
0.00679859
0.662
0.662
0.471739
0.662
0.620697
0.662
0.428316
0.399359
0.662
0.662
0.662
0.662
0.375822
0.0729214
0.348755
0.662
0.662
0.662
0.020141
0.662
0.662
0.11119
0.662
0.22882
0.463223
0.662
0.662
0.662
0.0659074
0.662
0.662
0.178516
0.0101308
0.662
0.40778
0.662
0.147085
0.135696
0.662
0.662
0.248383
0.662
0.0743302
0.662
0.0732424
0.33562
0.662
0.393809
0.662
0.0606899
0.364787
0.662
0.662
0.432709
0.125855
0.662
0.15
0.143993
0.662
0.124278
0.662
0.662
0.662
0.131845
0.449908
0.662
0.662
0.662
0.143708
0.662
0.662
0.504991
0.361607
0.662
0.662
0.662
0.662
0.357546
0.662
0.662
0.0237593
0.290875
0.131286
0.41558
0.46035
0.662
0.245051
0.264429
0.0949554
0.662
0.662
0.179506
0.275331
0.113515
0.662
0.0777614
0.391498
0.343871
0.180742
0.477592
0.662
0.662
0.427767
0.0482873
0.662
0.662
0.109816
0.189755
0.662
0.33872
0.662
0.662
0.311265
0.662
0.662
0.662
0.468428
0.662
0.320442
0.163311
0.236062
0.170391
0.0630043
0.156021
0.662
0.662
0.662
0.642946
0.369361
0.662
0.0331379
0.662
0.469066
0.662
0.662
0.662
0.662
0.227012
0.498623
0.168276
0.662
0.662
0.662
0.215962
0.056901
0.514848
0.662
0.662
0.0656597
0.662
0.116641
0.662
0.662
0.0476893
0.412465
0.0331655
0.432184
0.662
0.412508
0.662
0.662
0.662
0.1148
0.662
0.662
0.363432
0.662
0.220136
0.154699
0.662
0.237141
0.662
0.0906183
0.134864
0.662
0.662
0.457989
0.662
0.662
0.221091
0.662
0.00746122
0.396398
0.272133
0.362961
0.662
0.662
0.662
0.662
0.662
0.149882
0.365293
0.371614
0.662
0.164455
0.475287
0.066691
0.364565
0.662
0.406072
0.662
0.364854
0.52456
0.187575
0.662
0.662
0.662
0.662
0.655783
0.662
0.273681
0.613974
0.424807
0.329756
0.662
0.662
0.662
0.120434
0.218075
0.662
0.662
0.662
0.662
0.12192
0.222224
0.208515
0.212871
0.662
0.203664
0.662
0.662
0.654226
0.662
0.375484
0.271691
0.662
0.662
0.662
0.321726
0.159352
0.662
0.120659
0.414998
0.662
0.662
0.662
0.662
0.298396
0.662
0.290629
0.662
0.662
0.270527
0.662
0.662
0.449748
0.348976
0.218396
0.662
0.206883
0.662
0.662
0.662
0.035726
0.662
0.662
0.409987
0.49334
0.662
0.662
0.322014
0.662
0.662
0.0327569
0.159776
0.662
0.662
0.259361
0.662
0.232775
0.662
0.662
0.424693
0.400933
0.662
0.662
0.662
0.448926
0.662
0.262845
0.391466
0.195549
0.349855
0.662
0.662
0.0902489
0.662
0.662
0.662
0.662
0.662
0.29022
0.224918
0.222717
0.662
0.662
0.407249
0.662
0.337439
0.662
0.299811
0.662
0.392243
0.400247
0.0403784
0.662
0.0745087
0.0360422
0.662
0.462161
0.662
0.0579178
0.662
0.23223
0.172317
0.3725
0.662
0.662
0.662
0.662
0.17308
0.198579
0.113484
0.662
0.662
0.662
0.662
0.662
0.662
0.662
0.17792
0.144752
0.594834
0.583234
0.662
0.662
0.212649
0.328297
0.183949
0.662
0.662
0.662
0.662
0.159592
0.387325
0.662
0.662
0.46256
0.350915
0.126625
0.662
0.41632
0.266955
0.662
0.101478
0.662
0.29439
0.662
0.271212
0.662
0.44367
0.2541
0.125449
0.14811
0.160134
0.312002
0.175415
0.662
0.408601
0.662
0.662
0.662
0.662
0.662
0.332174
0.407749
0.451936
0.202271
0.662
0.410898
0.662
0.662
0.662
0.506106
0.196656
0.00814969
0.399542
0.116513
0.662
0.662
0.0194291
0.19377
0.307969
0.662
0.662
0.662
0.662
0.332439
0.662
0.662
0.394327
0.662
0.192148
0.662
0.662
0.189206
0.662
0.662
0.662
0.166384
0.142957
0.276007
0.311489
0.662
0.662
0.662
0.112929
0.662
0.662
0.02155
0.662
0.0596461
0.109872
0.662
0.0206042
0.662
0.662
0.509159
0.662
0.447295
0.662
0.122386
0.662
0.33355
0.318638
0.662
0.187117
0.662
0.359888
0.1816
0.662
0.62897
0.662
0.219374
0.662
0.662
0.662
0.296725
0.199892
0.662
0.0468433
0.280337
0.662
0.00517509
0.368906
0.34506
0.662
0.222958
0.488565
0.662
0.662
0.551368
0.662
0.434687
0.23647
0.335191
0.662
0.383237
0.126997
0.662
0.662
0.517243
0.662
0.662
0.662
0.425264
0.022375
0.662
0.32411
0.662
0.176369
0.643482
0.662
0.191906
0.204035
0.445947
0.0425764
0.662
0.662
0.662
0.662
0.662
0.662
0.662
0.0130221
0.1886
0.450652
0.38698
0.221396
0.662
0.0358184
0.18269
0.662
0.257448
0.662
0.662
0.165627
0.662
0.662
0.662
0.662
0.388302
0.662
0.487744
0.662
0.662
0.459717
0.662
0.662
0.215429
0.662
0.548407
0.662
0.662
0.662
0.662
0.662
0.662
0.129045
0.662
0.143377
0.662
0.08574
0.662
0.0391567
0.113723
0.662
0.662
0.662
0.118003
0.0536737
0.405536
0.0677049
0.27647
0.0697078
0.251905
0.0733138
0.662
0.0929638
0.0715487
0.662
0.48856
0.662
0.662
0.662
0.662
0.662
0.244252
0.273374
0.191611
0.318321
0.662
0.609376
0.662
0.662
0.662
0.398805
0.18783
0.662
0.318145
0.662
0.662
0.215749
0.548096
0.662
0.367775
0.662
0.662
0.333905
0.662
0.368818
0.662
0.662
0.662
0.222622
0.478239
0.662
0.11962
0.662
0.662
0.662
0.228281
0.629763
0.137064
0.445622
0.662
0.148724
0.400232
0.310453
0.227037
0.662
0.317235
0.662
0.662
0.662
0.25057
0.318964
0.353783
0.662
0.662
0.235148
0.320262
0.23053
0.662
0.662
0.164519
0.662
0.662
0.662
0.179141
0.662
0.353379
0.662
0.349605
0.00159268
0.662
0.311437
0.188296
0.662
0.411502
0.0281725
0.662
0.662
0.25483
0.662
0.662
0.224347
0.662
0.439521
0.240685
0.00524836
0.662
0.662
0.662
0.662
0.662
0.662
0.662
0.662
0.0918618
0.40952
0.195304
0.662
0.662
0.662
0.662
0.32611
0.662
0.662
0.662
0.662
0.662
0.662
0.662
0.662
0.662
0.463848
0.662
0.227191
0.662
0.181097
0.662
0.662
0.158205
0.300858
0.662
0.662
0.662
0.662
0.139435
0.19423
0.311733
0.0792206
0.107058
0.402349
0.662
0.183304
0.0269584
0.196454
0.633391
0.197164
0.339144
0.196059
0.662
0.662
0.662
0.662
0.46953
0.245579
0.356442
0.144895
0.490365
0.662
0.662
0.535128
0.662
0.662
0.662
0.103315
0.662
0.662
0.662
0.662
0.662
0.354443
0.310357
0.662
0.177469
0.220385
0.662
0.254804
0.662
0.246351
0.662
0.662
0.662
0.662
0.409674
0.662
0.662
0.242876
0.662
0.662
0.0503287
0.362636
0.157429
0.662
0.662
0.219473
0.290846
0.662
0.101352
0.220163
0.473482
0.662
0.662
0.178651
0.194791
0.469826
0.662
0.32901
0.360218
0.398659
0.662
0.0103055
0.662
0.238188
0.246268
0.139636
0.193875
0.363201
0.203568
0.357974
0.234235
0.114194
0.354967
0.662
0.267655
0.343042
0.662
0.662
0.202583
0.662
0.178259
0.203645
0.662
0.662
0.662
0.662
0.12531
0.0556787
0.194993
0.0710648
0.328482
0.0265757
0.662
0.662
0.662
0.662
0.313461
0.474891
0.662
0.501698
0.662
0.265588
0.52125
0.662
0.398151
0.350074
0.662
0.662
0.280511
0.662
0.662
0.441259
0.662
0.0673811
0.662
0.142769
0.0544129
0.662
0.662
0.224495
0.317215
0.470185
0.55807
0.662
0.26086
0.662
0.662
0.662
0.662
0.416189
0.58619
0.32435
0.160329
0.435587
0.32681
0.662
0.662
0.229453
0.162065
0.662
0.526229
0.645764
0.662
0.469668
0.466833
0.0410568
0.46109
0.194241
0.662
0.662
0.0554906
0.406584
0.662
0.0763217
0.662
0.153488
0.27124
0.662
0.32828
0.281065
0.662
0.662
0.662
0.662
0.290547
0.330449
0.591739
0.315763
0.662
0.662
0.0110913
0.662
0.662
0.662
0.662
0.662
0.662
0.662
0.662
0.662
0.139784
0.34222
0.0228917
0.662
0.662
0.477455
0.662
0.38393
0.31316
0.662
0.422375
0.662
0.122924
0.145162
0.410826
0.116753
0.140766
0.302793
0.444585
0.147439
0.254574
0.587581
0.662
0.507109
0.218307
0.380821
0.441894
0.164053
0.662
0.662
0.438389
0.434069
0.662
0.633694
0.404237
0.662
0.662
0.527267
0.36843
0.662
0.662
0.662
0.662
0.662
0.427214
0.207905
0.662
0.662
0.662
0.662
0.447434
0.662
0.662
0.662
0.0938036
0.347344
0.662
0.662
0.0230381
0.345716
0.662
0.473798
0.390203
0.662
0.662
0.662
0.662
0.153412
0.221647
0.0220898
0.662
0.0595893
0.662
0.662
0.428087
0.0332763
0.175383
0.662
0.662
0.654128
0.662
0.13759
0.662
0.662
0.416349
0.662
0.662
0.662
0.662
0.28976
0.30084
0.0727486
0.662
0.0581244
0.662
0.662
0.662
0.04738
0.662
0.472296
0.341386
0.36213
0.367604
0.330829
0.454267
0.491713
0.455762
0.455217
0.662
0.312676
0.438694
0.662
0.256732
0.662
0.662
0.423836
0.662
0.662
0.127185
0.415791
0.0433049
0.662
0.662
0.364901
0.162207
0.109939
0.662
0.662
0.662
0.358406
0.662
0.662
0.662
0.662
0.389772
0.662
0.108697
0.662
0.662
0.662
0.662
0.662
0.662
0.662
0.413043
0.402161
0.491212
0.662
0.108741
0.237766
0.662
0.034708
0.240483
0.373139
0.200456
0.662
0.0236071
0.662
0.388917
0.662
0.662
0.18616
0.219221
0.662
0.390581
0.547116
0.35391
0.222694
0.662
0.662
0.412788
0.662
0.210013
0.418134
0.367818
0.0561856
0.662
0.662
0.662
0.662
0.662
0.662
0.662
0.662
0.662
0.662
0.662
0.459551
0.662
0.0711249
0.662
0.662
0.662
0.431059
0.510527
0.213604
0.662
0.662
0.662
0.134411
0.438085
0.422022
0.435518
0.212273
0.414757
0.662
0.264642
0.662
0.00202608
0.662
0.416095
0.662
0.662
0.280539
0.324228
0.662
0.0429222
0.662
0.0359154
0.662
0.662
0.3846
0.662
0.662
0.662
0.0699796
0.662
0.662
0.662
0.662
0.662
0.662
0.150957
0.113622
0.662
0.662
0.188909
0.662
0.662
0.369706
0.662
0.0646236
0.662
0.662
0.662
0.662
0.662
0.466821
0.662
0.662
0.0752517
0.662
0.163299
0.301725
0.662
0.662
0.361776
0.141611
0.149255
0.662
0.662
0.251682
0.662
0.363104
0.662
0.662
0.00403728
0.662
0.335253
0.662
0.201955
0.222171
0.0159605
0.222284
0.662
0.662
0.553946
0.662
0.662
0.0308263
0.429442
0.662
0.662
0.662
0.50383
0.390821
0.662
0.662
0.662
0.0272123
0.382987
0.202423
0.00487196
0.398654
0.253888
0.662
0.17631
0.334029
0.662
0.265121
0.242242
0.662
0.123219
0.0448338
0.00538746
0.662
0.0382145
0.662
0.115874
0.102265
0.662
0.662
0.29683
0.241713
0.0308033
0.662
0.662
0.364467
0.662
0.187514
0.0118968
0.662
0.662
0.461472
0.662
0.662
0.368093
0.662
0.662
0.662
0.662
0.662
0.662
0.118086
0.662
0.662
0.662
0.42516
0.357446
0.354063
0.662
0.662
0.0316556
0.662
0.333451
0.662
0.335203
0.662
0.662
0.36657
0.662
0.662
0.662
0.325068
0.662
0.432094
0.662
0.474055
0.2688
0.662
0.662
0.662
0.662
0.662
0.0900829
0.662
0.0546491
0.129474
0.613683
0.057562
0.236691
0.417831
0.662
0.23896
0.662
0.662
0.195037
0.662
0.218371
0.662
0.188508
0.456591
0.662
0.662
0.662
0.662
0.037193
0.662
0.662
0.662
0.662
0.515297
0.640796
0.231199
0.248227
0.662
0.662
0.450793
0.30062
0.662
0.187599
0.662
0.662
0.662
0.662
0.273828
0.144917
0.347877
0.14378
0.662
0.662
0.223528
0.662
0.662
0.662
0.662
0.324401
0.445371
0.424882
0.361532
0.227679
0.440892
0.662
0.256392
0.659147
0.488806
0.337653
0.662
0.662
0.662
0.662
0.662
0.662
0.662
0.444875
0.662
0.662
0.250624
0.662
0.253824
0.366746
0.540272
0.126012
0.662
0.412275
0.662
0.215052
0.662
0.195554
0.662
0.584201
0.141831
0.357471
0.547921
0.199664
0.175151
0.662
0.467189
0.662
0.662
0.438941
0.662
0.662
0.0758123
0.662
0.279379
0.662
0.662
0.662
0.662
0.662
0.181494
0.662
0.193983
0.662
0.662
0.410203
0.662
0.662
0.317819
0.662
0.342226
0.505186
0.432872
0.662
0.13399
0.662
0.0341482
0.172498
0.00147233
0.0505206
0.378124
0.470124
0.0249356
0.0670007
0.662
0.00549127
0.257762
0.349361
0.632225
0.662
0.183785
0.295896
0.662
0.662
0.662
0.635312
0.366936
0.662
0.303676
0.0353553
0.0879284
0.662
0.244211
0.662
0.344477
0.399952
0.300596
0.662
0.662
0.662
0.662
0.662
0.662
0.662
0.108795
0.662
0.662
0.471864
0.105432
0.662
0.404845
0.292198
0.535872
0.165289
0.410315
0.662
0.372791
0.662
0.445657
0.0204391
0.396471
0.281852
0.188434
0.0816557
0.467781
0.111471
0.662
0.0471976
0.325064
0.275629
0.662
0.45862
0.201368
0.145259
0.555118
0.662
0.662
0.662
0.662
0.662
0.470684
0.0399774
0.662
0.159425
0.662
0.662
0.187078
0.329982
0.662
0.299194
0.105268
0.253079
0.662
0.662
0.431156
0.662
0.662
0.662
0.0494203
0.473955
0.227919
0.151868
0.662
0.662
0.662
0.662
0.399231
0.662
0.0754433
0.662
0.662
0.662
0.0836126
0.662
0.662
0.662
0.0436291
0.456121
0.182971
0.655649
0.662
0.402042
0.662
0.662
0.300536
0.662
0.662
0.476373
0.322041
0.662
0.662
0.662
0.662
0.461164
0.294161
0.273339
0.627026
0.662
0.662
0.188243
0.662
0.417624
0.662
0.0784544
0.24212
0.356387
0.662
0.247011
0.279906
0.46904
0.662
0.443991
0.662
0.192186
0.268362
0.445136
0.328138
0.389535
0.0506291
0.662
0.228389
0.662
0.252235
0.0968397
0.662
0.171752
0.662
0.464476
0.662
0.662
0.662
0.662
0.662
0.453789
0.662
0.109857
0.662
0.149372
0.167767
0.662
0.662
0.140429
0.437947
0.662
0.277295
0.347047
0.156735
0.461186
0.662
0.557757
0.431411
0.273104
