0.449307
0.634031
0.662
0.662
0.0871147
0.645475
0.662
0.125839
0.662
0.326651
0.662
0.144836
0.662
0.462782
0.475772
0.662
0.391563
0.662
0.662
0.662
0.662
0.126633
0.25487
0.342038
0.386092
0.662
0.465196
0.436139
0.325897
0.468963
0.662
0.199094
0.265796
0.262043
0.662
0.662
0.662
0.447948
0.662
0.0381687
0.662
0.662
0.0960578
0.4094
0.662
0.107417
0.662
0.662
0.233137
0.230634
0.442738
0.0250192
0.466976
0.662
0.0647195
0.662
0.662
0.662
0.662
0.418153
0.662
0.662
0.662
0.662
0.289845
0.662
0.662
0.662
0.662
0.461515
0.662
0.662
0.460558
0.662
0.662
0.662
0.189713
0.268473
0.373633
0.662
0.662
0.244277
0.662
0.662
0.662
0.662
0.426047
0.0970014
0.235569
0.662
0.662
0.421843
0.00572229
0.170014
0.425477
0.615105
0.662
0.662
0.662
0.662
0.662
0.385805
0.508338
0.662
0.21545
0.461344
0.662
0.461037
0.625687
0.354263
0.0433299
0.662
0.444702
0.0853859
0.128408
0.356949
0.662
0.662
0.0615357
0.391032
0.459068
0.662
0.359542
0.272982
0.662
0.662
0.476895
0.495462
0.662
0.662
0.662
0.335078
0.662
0.662
0.662
0.399363
0.662
0.118925
0.662
0.662
0.662
0.408325
0.662
0.0585614
0.662
0.455485
0.44278
0.662
0.116996
0.22189
0.662
0.662
0.593371
0.182194
0.295525
0.186179
0.662
0.662
0.265071
0.584234
0.662
0.662
0.662
0.662
0.662
0.180992
0.538865
0.394871
0.662
0.285478
0.3382
0.662
0.377853
0.294036
0.164551
0.662
0.12527
0.662
0.301869
0.662
0.239134
0.662
0.662
0.232489
0.0719642
0.257583
0.346785
0.662
0.662
0.146794
0.455569
0.154136
0.181293
0.662
0.195895
0.662
0.662
0.662
0.662
0.396093
0.662
0.457033
0.662
0.662
0.662
0.000945208
0.272336
0.286166
0.662
0.662
0.0607132
0.0877343
0.662
0.662
0.662
0.662
0.417563
0.662
0.388318
0.255902
0.662
0.662
0.435148
0.662
0.217279
0.662
0.662
0.404199
0.662
0.209211
0.126708
0.439985
0.294358
0.0865476
0.662
0.523365
0.662
0.47922
0.14889
0.662
0.662
0.662
0.641825
0.510125
0.319461
0.662
0.662
0.470117
0.662
0.0171905
0.274549
0.662
0.662
0.404599
0.597473
0.556687
0.662
0.453694
0.126842
0.662
0.435021
0.662
0.662
0.0504437
0.662
0.662
0.266329
0.662
0.662
0.662
0.310106
0.662
0.662
0.662
0.662
0.208252
0.182309
0.662
0.0582281
0.662
0.343385
0.271241
0.662
0.662
0.662
0.662
0.0305601
0.39538
0.662
0.25703
0.662
0.507084
0.662
0.662
0.662
0.662
0.335914
0.662
0.395062
0.662
0.662
0.662
0.662
0.380151
0.045207
0.0210233
0.431822
0.445573
0.403543
0.662
0.662
0.662
0.235644
0.234579
0.662
0.662
0.633693
0.662
0.0954543
0.0510761
0.417568
0.662
0.207795
0.662
0.662
0.330576
0.0858652
0.538142
0.0550423
0.662
0.205004
0.662
0.376956
0.423638
0.444356
0.352993
0.0416646
0.662
0.662
0.1134
0.00711662
0.220662
0.406272
0.309879
0.498879
0.152524
0.452444
0.199735
0.662
0.431981
0.17912
0.662
0.662
0.662
0.258284
0.662
0.662
0.205154
0.662
0.44049
0.437482
0.662
0.662
0.338678
0.662
0.662
0.662
0.662
0.253002
0.662
0.216965
0.662
0.226257
0.461722
0.662
0.143465
0.662
0.458368
0.662
0.662
0.662
0.11492
0.574587
0.00326998
0.249536
0.662
0.662
0.207619
0.404795
0.290677
0.662
0.662
0.241832
0.662
0.321667
0.245161
0.168697
0.359484
0.101991
0.342007
0.662
0.662
0.662
0.295044
0.662
0.46915
0.372822
0.662
0.662
0.662
0.662
0.252102
0.401266
0.406785
0.662
0.362048
0.662
0.662
0.0662354
0.662
0.662
0.662
0.662
0.662
0.229235
0.397769
0.662
0.547934
0.662
0.662
0.298235
0.224247
0.187388
0.203517
0.662
0.662
0.662
0.662
0.662
0.39743
0.402134
0.662
0.124474
0.662
0.595427
0.662
0.662
0.627016
0.17518
0.14839
0.287479
0.260382
0.169758
0.294658
0.662
0.662
0.662
0.662
0.412855
0.662
0.0255681
0.149756
0.2474
0.662
0.662
0.662
0.662
0.662
0.446569
0.662
0.174596
0.662
0.662
0.197164
0.662
0.662
0.0608227
0.662
0.662
0.662
0.662
0.0233192
0.0353525
0.0191485
0.245546
0.662
0.275718
0.662
0.662
0.662
0.662
0.181967
0.262653
0.194984
0.452239
0.662
0.430628
0.662
0.662
0.360409
0.662
0.662
0.662
0.0656603
0.142074
0.192181
0.614737
0.662
0.662
0.662
0.662
0.662
0.382159
0.172886
0.662
0.662
0.662
0.527374
0.662
0.662
0.662
0.264958
0.553316
0.662
0.662
0.662
0.662
0.662
0.662
0.662
0.2251
0.0535813
0.662
0.267743
0.367414
0.346458
0.662
0.0648979
0.662
0.662
0.662
0.662
0.662
0.662
0.177837
0.392644
0.0702808
0.501651
0.262474
0.150824
0.662
0.662
0.662
0.188018
0.064301
0.662
0.28079
0.662
0.662
0.662
0.409422
0.662
0.301308
0.662
0.662
0.662
0.01093
0.124872
0.0384942
0.0936357
0.466712
0.421975
0.0348407
0.229829
0.662
0.662
0.262981
0.662
0.662
0.662
0.662
0.466888
0.662
0.662
0.396216
0.662
0.662
0.662
0.0826486
0.662
0.662
0.385325
0.452889
0.662
0.148597
0.306184
0.662
0.117706
0.378014
0.420853
0.662
0.378467
0.662
0.439152
0.48416
0.191216
0.421766
0.313749
0.662
0.662
0.662
0.456938
0.662
0.662
0.269793
0.662
0.377569
0.350838
0.662
0.662
0.662
0.455146
0.408625
0.662
0.219991
0.662
0.662
0.662
0.662
0.394498
0.0864944
0.662
0.0849846
0.176462
0.662
0.662
0.0129687
0.662
0.356167
0.056842
0.46245
0.662
0.662
0.662
0.113505
0.0405973
0.14052
0.105453
0.235007
0.136117
0.662
0.339779
0.119723
0.662
0.662
0.297934
0.513708
0.158948
0.440876
0.342981
0.662
0.293287
0.662
0.662
0.303869
0.620415
0.662
0.662
0.662
0.359242
0.114118
0.360812
0.579256
0.662
0.662
0.662
0.332041
0.662
0.662
0.392036
0.662
0.54051
0.450425
0.512709
0.440604
0.509947
0.372248
0.662
0.662
0.293079
0.662
0.0653869
0.662
0.286967
0.662
0.344653
0.662
0.662
0.662
0.662
0.662
0.394212
0.662
0.662
0.662
0.436186
0.662
0.662
0.406165
0.0108812
0.602242
0.409324
0.662
0.662
0.662
0.662
0.662
0.662
0.171709
0.662
0.398105
0.558294
0.662
0.118876
0.662
0.662
0.424885
0.313833
0.662
0.039305
0.247616
0.662
0.662
0.662
0.103462
0.662
0.662
0.662
0.0389533
0.485281
0.662
0.0926918
0.299171
0.254491
0.662
0.662
0.662
0.662
0.303359
0.186048
0.662
0.662
0.662
0.149805
0.662
0.662
0.662
0.662
0.662
0.103524
0.541588
0.662
0.662
0.431199
0.00745947
0.662
0.284217
0.281147
0.662
0.0521934
0.662
0.662
0.662
0.45578
0.662
0.344643
0.662
0.208649
0.662
0.662
0.133383
0.662
0.662
0.662
0.0530502
0.0203878
0.441868
0.662
0.250862
0.662
0.662
0.0524499
0.662
0.0999398
0.662
0.662
0.0281224
0.158251
0.507667
0.45744
0.662
0.662
0.0256179
0.662
0.330697
0.00685421
0.0158043
0.0449423
0.070376
0.366757
0.662
0.389995
0.662
0.662
0.662
0.662
0.662
0.232853
0.0210589
0.37278
0.347299
0.353859
0.662
0.662
0.662
0.235108
0.662
0.662
0.662
0.662
0.00923326
0.662
0.662
0.662
0.33082
0.10242
0.257884
0.662
0.662
0.223619
0.662
0.109477
0.00867342
0.662
0.333066
0.662
0.451278
0.0203004
0.0684351
0.662
0.432578
0.111113
0.662
0.220199
0.662
0.662
0.041215
0.119639
0.662
0.358291
0.662
0.662
0.26453
0.662
0.662
0.0106195
0.633391
0.070588
0.476327
0.662
0.219919
0.662
0.467289
0.662
0.200715
0.662
0.662
0.435334
0.662
0.263687
0.235793
0.312955
0.457914
0.662
0.662
0.443318
0.345335
0.662
0.662
0.00816666
0.240118
0.662
0.662
0.0846329
0.0509491
0.662
0.662
0.662
0.662
0.177303
0.452381
0.27902
0.0508209
0.431478
0.59711
0.662
0.0052098
0.662
0.662
0.365566
0.662
0.0967895
0.0579183
0.397006
0.662
0.176516
0.662
0.662
0.42473
0.662
0.662
0.662
0.662
0.0619807
0.662
0.00490357
0.25888
0.133396
0.662
0.662
0.473362
0.662
0.662
0.0446019
0.27245
0.662
0.662
0.339014
0.194907
0.662
0.662
0.662
0.662
0.215043
0.662
0.149295
0.662
0.324792
0.324547
0.042498
0.115037
0.662
0.421476
0.662
0.0814289
0.0605542
0.662
0.137844
0.662
0.312567
0.454747
0.248035
0.259449
0.662
0.0843889
0.187699
0.474744
0.662
0.447611
0.662
0.0507045
0.190115
0.662
0.260619
0.662
0.662
0.0137861
0.662
0.662
0.662
0.662
0.662
0.26654
0.611234
0.152285
0.662
0.662
0.662
0.662
0.662
0.424552
0.00668294
0.0120053
0.662
0.662
0.662
0.0279219
0.662
0.0572645
0.393742
0.475782
0.662
0.662
0.365469
0.0497303
0.662
0.633694
0.377951
0.107036
0.662
0.252821
0.662
0.662
0.662
0.662
0.662
0.662
0.662
0.362065
0.662
0.662
0.662
0.647539
0.173121
0.662
0.662
0.0504194
0.662
0.0220398
0.662
0.662
0.662
0.662
0.185946
0.662
0.491469
0.662
0.662
0.662
0.662
0.00536895
0.441074
0.662
0.542594
0.239472
0.388827
0.265395
0.107323
0.340592
0.503044
0.662
0.28044
0.662
0.433445
0.662
0.662
0.662
0.172053
0.0520457
0.0701821
0.270286
0.662
0.324351
0.212895
0.662
0.662
0.662
0.662
0.662
0.662
0.662
0.662
0.0355438
0.339735
0.662
0.400555
0.662
0.662
0.271468
0.053106
0.28346
0.662
0.662
0.644506
0.662
0.662
0.0218508
0.662
0.358486
0.126585
0.662
0.662
0.133152
0.662
0.290948
0.0718714
0.662
0.662
0.162146
0.20587
0.413203
0.662
0.0873809
