0.441824
0.0530502
0.662
0.662
0.662
0.0215556
0.262474
0.459068
0.662
0.662
0.662
0.662
0.101991
0.617917
0.00632695
0.0967895
0.365469
0.42473
0.259449
0.452444
0.662
0.339014
0.662
0.662
0.0218508
0.364409
0.614737
0.662
0.0120053
0.662
0.662
0.532264
0.130352
0.662
0.405508
0.662
0.662
0.662
0.662
0.662
0.237824
0.662
0.662
0.662
0.662
0.595427
0.0608227
0.444702
0.126827
0.476327
0.0970014
0.0405973
0.662
0.662
0.0521934
0.662
0.0743084
0.662
0.662
0.662
0.662
0.243398
0.662
0.662
0.0192412
0.662
0.0684351
0.662
0.662
0.098654
0.662
0.180992
0.662
0.316434
0.417739
0.662
0.335914
0.662
0.473362
0.0507045
0.662
0.199094
0.662
0.662
0.372722
0.662
0.662
0.662
0.662
0.450659
0.662
0.662
0.373052
0.509947
0.662
0.475782
0.0389533
0.430628
0.435334
0.662
0.662
0.312567
0.662
0.662
0.0892688
0.662
0.435021
0.662
0.343385
0.432048
0.662
0.662
0.662
0.0504194
0.662
0.310106
0.662
0.662
0.423832
0.394498
0.0108812
0.662
0.662
0.662
0.00490357
0.0172709
0.662
0.662
0.292004
0.146794
0.354263
0.662
0.152524
0.662
0.662
0.662
0.211903
0.064301
0.172053
0.474744
0.662
0.662
0.124474
0.662
0.2275
0.662
0.662
0.347299
0.509566
0.662
0.645475
0.600227
0.207619
0.662
0.662
0.313749
0.662
0.662
0.452889
0.662
0.611234
0.367176
0.436139
0.662
0.662
0.662
0.224923
0.177007
0.0229443
0.662
0.431981
0.28346
0.662
0.342981
0.25703
0.0446019
0.32934
0.261507
0.662
0.662
0.662
0.158948
0.662
0.662
0.0849846
0.235793
0.662
0.662
0.391032
0.0516268
0.602242
0.107323
0.662
0.662
0.662
0.662
0.321667
0.662
0.289966
0.620415
0.0484016
0.662
0.216058
0.662
0.662
0.252821
0.662
0.662
0.662
0.0136638
0.662
0.662
0.332438
0.662
0.130772
0.662
0.662
0.14889
0.662
0.662
0.662
0.109477
0.662
0.662
0.440876
0.452381
0.662
0.662
0.0865476
0.662
0.662
0.513708
0.662
0.460558
0.397612
0.462782
0.603027
0.662
0.662
0.413037
0.662
0.662
0.0256179
0.662
0.662
0.302694
0.662
0.662
0.257583
0.21991
0.662
0.445573
0.463095
0.388827
0.662
0.662
0.662
0.662
0.394212
0.32754
0.0975911
0.662
0.294358
0.403543
0.527374
0.495462
0.662
0.44278
0.235007
0.136117
0.662
0.421392
0.238126
0.238245
0.426047
0.662
0.356574
0.662
0.662
0.662
0.662
0.0615357
0.133396
0.662
0.425477
0.421476
0.647539
0.0353525
0.324792
0.662
0.170014
0.662
0.662
0.195895
0.275691
0.662
0.0558371
0.662
0.662
0.172886
0.192612
0.662
0.662
0.662
0.13318
0.226188
0.662
0.662
0.303869
0.125839
0.0621222
0.406393
0.556687
0.388318
0.662
0.451278
0.512709
0.662
0.662
0.662
0.382159
0.466976
0.126749
0.662
0.662
0.469049
0.281147
0.662
0.662
0.662
0.662
0.45744
0.662
0.310664
0.662
0.662
0.662
0.241832
0.312955
0.153188
0.662
0.662
0.662
0.00711662
0.333066
0.193678
0.662
0.662
0.45613
0.662
0.185946
0.662
0.444356
0.662
0.662
0.662
0.662
0.662
0.662
0.14839
0.0356653
0.394991
0.461722
0.455146
0.0843889
0.053106
0.662
0.196086
0.198989
0.662
0.662
0.662
0.417568
0.662
0.662
0.662
0.0960578
0.662
0.662
0.0653869
0.346785
0.135713
0.662
0.662
0.14453
0.185914
0.662
0.0100621
0.649404
0.186048
0.662
0.290948
0.662
0.404199
0.662
0.662
0.662
0.662
0.0524499
0.217279
0.662
0.662
0.208998
0.662
0.0446348
0.0936991
0.662
0.662
0.662
0.662
0.662
0.662
0.662
0.520328
0.662
0.00867342
0.144836
0.406165
0.356742
0.413306
0.449307
0.662
0.152285
0.224873
0.070588
0.662
0.662
0.662
0.662
0.385325
0.662
0.489978
0.662
0.662
0.662
0.662
0.662
0.367414
0.00367335
0.662
0.215368
0.137844
0.662
0.662
0.110715
0.662
0.662
0.22189
0.662
0.349865
0.662
0.662
0.181293
0.662
0.465196
0.0709823
0.408325
0.222926
0.17534
0.662
0.662
0.662
0.662
0.662
0.662
0.226257
0.117706
0.338678
0.662
0.662
0.662
0.346458
0.662
0.556704
0.662
0.662
0.662
0.662
0.662
0.662
0.2474
0.662
0.149295
0.662
0.662
0.662
0.560312
0.229829
0.662
0.662
0.0530236
0.662
0.662
0.662
0.662
0.173121
0.649672
0.662
0.662
0.662
0.541588
0.318939
0.33082
0.0281224
0.662
0.408625
0.432578
0.498879
0.662
0.662
0.662
0.389995
0.662
0.155265
0.662
0.25487
0.342038
0.402722
0.070376
0.662
0.662
0.662
0.142074
0.662
0.662
0.344653
0.662
0.662
0.597473
0.662
0.662
0.662
0.274549
0.662
0.662
0.283093
0.139795
0.372248
0.662
0.662
0.662
0.662
0.134279
0.00774566
0.133152
0.662
0.32242
0.662
0.662
0.662
0.662
0.662
0.662
0.265071
0.0535813
0.662
0.662
0.453694
0.363607
0.662
0.20587
0.0210233
0.0873809
0.10242
0.662
0.662
0.662
0.149756
0.424685
0.192181
0.662
0.235644
0.662
0.662
0.662
0.0853859
0.442738
0.442832
0.633693
0.262653
0.283095
0.0438044
0.431822
0.194541
0.662
0.467289
0.301308
0.133383
0.662
0.332041
0.662
0.662
0.662
0.662
0.000945208
0.662
0.634031
0.376956
0.662
0.359242
0.662
0.662
0.662
0.662
0.365566
0.662
0.356167
0.662
0.405847
0.662
0.112365
0.285478
0.662
0.229235
0.662
0.662
0.662
0.348747
0.662
0.0662354
0.439152
0.286166
0.662
0.662
0.662
0.310803
0.662
0.00364733
0.257884
0.662
0.662
0.662
0.662
0.542383
0.662
0.662
0.662
0.662
0.440604
0.103524
0.662
0.168697
0.284217
0.249536
0.174596
0.454011
0.39538
0.662
0.293287
0.662
0.01093
0.662
0.662
0.662
0.0381687
0.662
0.377951
0.164551
0.662
0.421766
0.0698533
0.662
0.452239
0.662
0.0506659
0.128408
0.356949
0.492139
0.662
0.662
0.662
0.662
0.119639
0.339275
0.662
0.662
0.662
0.662
0.323231
0.662
0.662
0.290677
0.662
0.662
0.042498
0.63339
0.662
0.662
0.662
0.0158043
0.662
0.662
0.420221
0.339805
0.662
0.662
0.378014
0.662
0.662
0.177303
0.319461
0.662
0.039155
0.662
0.0605542
0.485281
0.00745947
0.662
0.662
0.662
0.358291
0.303359
0.270825
0.00536895
0.305763
0.662
0.0647195
0.662
0.105453
0.307561
0.662
0.0979964
0.0814289
0.662
0.662
0.388469
0.425335
0.53973
0.662
0.378467
0.203517
0.625687
0.362065
0.181967
0.662
0.380151
0.662
0.0846329
0.662
0.415595
0.0815697
0.446569
0.662
0.662
0.258836
0.662
0.662
0.662
0.662
0.420853
0.235064
0.662
0.37618
0.0977167
0.662
0.662
0.662
0.662
0.176516
0.662
0.662
0.662
0.219919
0.662
0.116996
0.273636
0.662
0.662
0.662
0.105835
0.662
0.662
0.389294
0.644506
0.373119
0.662
0.662
0.0305601
0.353859
0.662
0.171709
0.00464842
0.662
0.148597
0.194907
0.404599
0.662
0.662
0.662
0.173451
0.662
0.662
0.342007
0.662
0.041215
0.207199
0.3382
0.662
0.662
0.46245
0.662
0.130397
0.443318
0.662
0.162146
0.169076
0.118876
0.662
0.286967
0.441904
0.662
0.189078
0.0262487
0.662
0.662
0.662
0.662
0.662
0.0220174
0.662
0.662
0.28577
0.662
0.662
0.0353306
0.1038
0.574587
0.662
0.384888
0.110369
0.662
0.412855
0.467894
0.662
0.629706
0.461344
0.662
0.662
0.275248
0.662
0.450425
0.662
0.662
0.194104
0.503044
0.385455
0.187699
0.662
0.662
0.0510761
0.662
0.216965
0.662
0.662
0.295044
0.662
0.311735
0.662
0.662
0.0582281
0.662
0.21545
0.340592
0.662
0.039305
0.662
0.263687
0.662
0.421975
0.385366
0.662
0.662
0.149805
0.431357
0.364928
0.662
0.396843
0.126708
0.135622
0.299285
0.00816666
0.252102
0.190115
0.456381
0.662
0.406785
0.330576
0.662
0.662
0.662
0.355635
0.662
0.662
0.283382
0.388426
0.662
0.662
0.662
0.662
0.275718
0.662
0.188018
0.662
0.314838
0.662
0.662
0.0348407
0.662
0.662
0.662
0.662
0.386092
0.662
0.439179
0.11492
0.662
0.324351
0.44049
0.547934
0.662
0.662
0.235108
0.272982
0.184789
0.662
0.662
0.0566141
0.662
0.662
0.662
0.662
0.662
0.662
0.0702808
0.224247
0.662
0.0877343
0.0497303
0.662
0.633694
0.662
0.228049
0.27286
0.662
0.48416
0.360812
0.662
0.662
0.397006
0.255902
0.662
0.339735
0.662
0.468963
0.245546
0.223492
0.662
0.579644
0.250862
0.662
0.359542
0.662
0.126633
0.662
0.397769
0.431478
0.662
0.662
0.662
0.662
0.391563
0.393742
0.662
0.662
0.662
0.662
0.262043
0.0719642
0.165181
0.177837
0.0656603
0.398048
0.662
0.662
0.662
0.662
0.295525
0.113505
0.641825
0.0858652
0.662
0.662
0.662
0.662
0.662
0.662
0.662
0.491954
0.662
0.0826486
0.0764797
0.662
0.662
0.662
0.424885
0.662
0.662
0.25055
0.227175
0.662
0.458368
0.251329
0.262981
0.508338
0.0550261
0.662
0.0433299
0.662
0.271241
0.0106195
0.404795
0.662
0.662
0.662
0.0233192
0.662
0.662
0.662
0.662
0.466888
0.662
0.491469
0.662
0.392644
0.181212
0.662
0.662
0.444829
0.0384942
0.662
0.0432501
0.345335
0.662
0.662
0.662
0.662
0.0504437
0.662
0.275107
0.662
0.662
0.662
0.454549
0.662
0.208649
0.232853
0.54051
0.662
0.662
0.662
0.402134
0.662
0.662
0.392036
0.200715
0.241037
0.339779
0.662
0.239134
0.271468
0.662
0.176462
0.662
0.662
0.662
0.662
0.662
0.461515
0.662
0.662
0.662
0.359484
0.662
0.662
0.662
0.103462
0.662
0.433445
0.205154
0.247616
0.352993
0.662
0.662
0.662
0.662
0.662
0.0771917
0.662
0.458404
0.662
0.662
0.4534
0.662
0.438412
0.662
0.00326998
0.662
0.61082
0.367323
0.662
0.662
0.662
0.251786
0.421843
0.662
0.0279219
0.47922
0.662
0.662
0.435148
0.662
0.662
0.662
0.662
0.326057
0.406272
0.662
0.475772
0.662
0.323917
0.35835
0.662
0.294036
0.662
0.662
0.662
0.662
0.662
0.266329
0.534621
0.662
0.0926918
0.0689811
0.662
0.662
0.662
0.662
0.662
0.335078
0.1134
0.662
0.662
