0.353175
0.302052
0.662
0.409443
0.662
0.278279
0.611987
0.662
0.662
0.662
0.384167
0.662
0.662
0.662
0.662
0.195754
0.612938
0.662
0.419282
0.662
0.340959
0.662
0.39874
0.662
0.662
0.662
0.484564
0.662
0.44204
0.0502131
0.0586974
0.184674
0.662
0.662
0.132645
0.662
0.662
0.662
0.662
0.662
0.220734
0.662
0.662
0.662
0.662
0.662
0.0811376
0.297466
0.472219
0.487162
0.0696358
0.662
0.62023
0.116244
0.662
0.662
0.662
0.662
0.662
0.662
0.399079
0.2952
0.454849
0.0618524
0.235911
0.105608
0.14308
0.662
0.662
0.0046469
0.166877
0.186586
0.0659521
0.245077
0.662
0.462673
0.180427
0.0196987
0.662
0.377659
0.662
0.350621
0.264259
0.165193
0.662
0.662
0.662
0.0254604
0.662
0.662
0.151863
0.662
0.662
0.662
0.423826
0.662
0.12624
0.662
0.662
0.662
0.662
0.300444
0.140797
0.662
0.373145
0.662
0.662
0.662
0.662
0.662
0.662
0.0163423
0.662
0.662
0.662
0.461076
0.300974
0.662
0.662
0.662
0.662
0.662
0.439894
0.240289
0.466202
0.191308
0.662
0.662
0.662
0.662
0.651086
0.662
0.507098
0.136884
0.662
0.662
0.662
0.441448
0.662
0.198601
0.662
0.662
0.662
0.378826
0.662
0.662
0.65036
0.26683
0.039963
0.174212
0.662
0.106912
0.662
0.662
0.662
0.662
0.0965489
0.662
0.662
0.662
0.662
0.662
0.662
0.0241876
0.662
0.662
0.662
0.445411
0.662
0.662
0.662
0.662
0.662
0.662
0.662
0.662
0.662
0.662
0.259624
0.662
0.261066
0.3916
0.662
0.197479
0.662
0.662
0.490757
0.662
0.662
0.157287
0.662
0.662
0.0371426
0.0212928
0.662
0.662
0.389782
0.0837984
0.662
0.662
0.662
0.662
0.662
0.662
0.271344
0.662
0.662
0.662
0.662
0.0478892
0.662
0.662
0.0619296
0.662
0.662
0.662
0.662
0.662
0.662
0.662
0.0983415
0.662
0.662
0.662
0.343157
0.662
0.662
0.0319632
0.662
0.422802
0.250429
0.39584
0.662
0.662
0.662
0.450182
0.0684698
0.243699
0.265122
0.530298
0.662
0.662
0.637137
0.662
0.662
0.232927
0.662
0.662
0.662
0.0246719
0.170972
0.144543
0.42593
0.662
0.365059
0.403836
0.0330223
0.525207
0.37519
0.662
0.207088
0.131616
0.662
0.10939
0.435284
0.543502
0.256559
0.662
0.662
0.254888
0.662
0.662
0.662
0.63339
0.262536
0.662
0.174703
0.662
0.662
0.400492
0.662
0.662
0.662
0.645337
0.456411
0.662
0.662
0.247797
0.662
0.662
0.662
0.251362
0.662
0.662
0.662
0.662
0.662
0.662
0.297332
0.0519007
0.662
0.662
0.662
0.142967
0.30769
0.0300122
0.284598
0.231011
0.662
0.662
0.662
0.357307
0.662
0.0831048
0.359374
0.648899
0.275518
0.662
0.122704
0.662
0.310944
0.662
0.662
0.662
0.662
0.662
0.662
0.662
0.662
0.662
0.424481
0.662
0.662
0.0923513
0.662
0.393708
0.662
0.196352
0.470894
0.000815932
0.662
0.437257
0.662
0.662
0.0978406
0.120906
0.662
0.120042
0.629706
0.101755
0.662
0.374203
0.236901
0.374008
0.662
0.00758673
0.662
0.662
0.662
0.662
0.662
0.250118
0.426405
0.662
0.0910594
0.662
0.066086
0.662
0.662
0.662
0.662
0.662
0.662
0.355501
0.662
0.662
0.0245111
0.662
0.218662
0.481427
0.240591
0.662
0.159504
0.662
0.0455723
0.0472836
0.237591
0.662
0.662
0.282703
0.462343
0.44904
0.0765226
0.662
0.0179502
0.554203
0.472038
0.379813
0.0238637
0.00319324
0.296033
0.662
0.579271
0.662
0.377688
0.0240994
0.227868
0.662
0.662
0.162187
0.662
0.662
0.0797501
0.662
0.260229
0.662
0.662
0.662
0.310449
0.662
0.591616
0.338201
0.662
0.662
0.662
0.389925
0.662
0.662
0.662
0.662
0.662
0.662
0.408045
0.433984
0.326795
0.662
0.0849685
0.489191
0.384387
0.662
0.376761
0.217061
0.662
0.0853873
0.662
0.135504
0.426581
0.140886
0.662
0.274074
0.662
0.662
0.662
0.0660712
0.662
0.662
0.448062
0.427515
0.662
0.151361
0.345893
0.148624
0.662
0.633694
0.450439
0.662
0.662
0.248392
0.00960999
0.0070154
0.662
0.662
0.662
0.662
0.163203
0.577257
0.662
0.53091
0.662
0.662
0.662
0.412416
0.662
0.662
0.238616
0.444938
0.662
0.00896199
0.192583
0.340153
0.467265
0.662
0.377671
0.662
0.662
0.47595
0.662
0.326812
0.440214
0.662
0.662
0.537436
0.155841
0.440848
0.662
0.662
0.256104
0.225612
0.191464
0.662
0.18282
0.662
0.662
0.662
0.12611
0.369248
0.662
0.662
0.662
0.662
0.196108
0.662
0.662
0.662
0.423808
0.662
0.549078
0.0739834
0.205187
0.599467
0.662
0.662
0.662
0.662
0.451364
0.662
0.0990838
0.662
0.15545
0.43879
0.662
0.662
0.662
0.662
0.662
0.115275
0.662
0.662
0.219384
0.662
0.662
0.111341
0.662
0.662
0.662
0.662
0.662
0.401143
0.662
0.270473
0.086264
0.321307
0.662
0.383572
0.534849
0.662
0.0433965
0.372411
0.662
0.113221
0.456368
0.662
0.370107
0.662
0.131236
0.662
0.662
0.349608
0.662
0.662
0.662
0.429082
0.662
0.376585
0.0942076
0.662
0.662
0.662
0.662
0.662
0.220797
0.310875
0.250415
0.662
0.240543
0.662
0.332607
0.662
0.196596
0.375618
0.662
0.662
0.424397
0.662
0.0885743
0.0594323
0.11274
0.199419
0.662
0.662
0.198214
0.662
0.249474
0.662
0.662
0.662
0.469187
0.411467
0.662
0.662
0.464634
0.662
0.662
0.0539134
0.662
0.39295
0.662
0.533079
0.0903036
0.662
0.662
0.363158
0.360336
0.613297
0.662
0.662
0.153309
0.318602
0.662
0.662
0.439158
0.662
0.662
0.135793
0.3212
0.26279
0.186198
0.662
0.604569
0.662
0.662
0.0888615
0.662
0.484864
0.662
0.662
0.662
0.0748619
0.304709
0.662
0.662
0.114886
0.662
0.662
0.134371
0.662
0.272879
0.662
0.227339
0.662
0.14199
0.662
0.437911
0.662
0.551655
0.346554
0.662
0.316621
0.213097
0.662
0.259857
0.662
0.205019
0.467215
0.605069
0.357234
0.662
0.018097
0.662
0.662
0.662
0.662
0.662
0.205956
0.515952
0.640763
0.662
0.383298
0.662
0.0636074
0.662
0.662
0.0903311
0.0676032
0.662
0.662
0.662
0.487303
0.164578
0.662
0.386644
0.355033
0.662
0.26665
0.336146
0.0188026
0.662
0.369775
0.0880958
0.662
0.662
0.662
0.662
0.662
0.102886
0.662
0.662
0.256128
0.662
0.662
0.167343
0.662
0.662
0.160721
0.662
0.662
0.430292
0.662
0.662
0.588982
0.650787
0.662
0.00120138
0.112877
0.662
0.308765
0.0542596
0.100931
0.662
0.662
0.356096
0.362303
0.275596
0.152047
0.153548
0.662
0.270755
0.662
0.662
0.662
0.112296
0.662
0.650086
0.336479
0.297786
0.662
0.662
0.121096
0.193577
0.662
0.445251
0.662
0.662
0.434416
0.494903
0.194392
0.389859
0.662
0.446628
0.169065
0.662
0.0117219
0.337593
0.152201
0.236325
0.662
0.662
0.45027
0.432135
0.0228005
0.662
0.275283
0.662
0.598115
0.662
0.662
0.662
0.298326
0.662
0.0263792
0.662
0.662
0.662
0.122316
0.662
0.432006
0.662
0.432022
0.425992
0.662
0.662
0.662
0.264717
0.355503
0.270751
0.0860338
0.662
0.662
0.662
0.419907
0.14033
0.662
0.662
0.257131
0.0332323
0.292268
0.662
0.17459
0.662
0.662
0.662
0.662
0.422837
0.662
0.194397
0.00854131
0.662
0.662
0.662
0.300153
0.662
0.430314
0.0242434
0.662
0.662
0.412053
0.225679
0.662
0.243131
0.161635
0.359397
0.215227
0.353864
0.528313
0.662
0.662
0.446743
0.526296
0.00612175
0.662
0.304299
0.227041
0.662
0.662
0.662
0.662
0.662
0.662
0.453091
0.335875
0.0516197
0.662
0.662
0.0388591
0.169218
0.662
0.468833
0.539952
0.301933
0.0198116
0.177768
0.662
0.203881
0.662
0.514713
0.662
0.188262
0.279063
0.0547793
0.122519
0.380522
0.0084025
0.384387
0.355118
0.475501
0.455138
0.662
0.604878
0.662
0.662
0.662
0.199771
0.662
0.226127
0.26557
0.662
0.189073
0.38167
0.662
0.662
0.249091
0.070784
0.662
0.662
0.662
0.100917
0.0582973
0.0248268
0.662
0.662
0.662
0.662
0.662
0.662
0.662
0.440061
0.662
0.662
0.342499
0.320109
0.399652
0.662
0.662
0.662
0.662
0.246228
0.341055
0.383613
0.662
0.662
0.662
0.606737
0.662
0.550622
0.491926
0.556074
0.44955
0.286326
0.662
0.479723
0.662
0.602474
0.579864
0.352336
0.662
0.500524
0.292093
0.100254
0.143287
0.662
0.662
0.662
0.191492
0.662
0.0176626
0.662
0.490991
0.528291
0.36191
0.220817
0.0458411
0.662
0.211695
0.587362
0.169162
0.221903
0.409345
0.662
0.662
0.662
0.450561
0.386458
0.662
0.662
0.662
0.407493
0.662
0.662
0.662
0.662
0.266022
0.0870295
0.429496
0.662
0.189214
0.662
0.271968
0.365434
0.0155343
0.411552
0.662
0.258342
0.662
0.662
0.404797
0.310717
0.662
0.170401
0.20921
0.662
0.662
0.662
0.662
0.472293
0.662
0.662
0.662
0.662
0.616333
0.662
0.662
0.49477
0.662
0.662
0.10385
0.287035
0.413879
0.155328
0.662
0.662
0.662
0.193116
0.224247
0.451967
0.662
0.662
0.662
0.317493
0.279237
0.0369036
0.482932
0.469508
0.662
0.662
0.662
0.662
0.645295
0.662
0.662
0.184145
0.440911
0.662
0.662
0.662
0.662
0.662
0.248917
0.662
0.662
0.662
0.144738
0.40067
0.195589
0.33334
0.0899104
0.662
0.662
0.662
0.662
0.283307
0.315709
0.057584
0.440972
0.662
0.33162
0.362605
0.272276
0.662
0.662
0.662
0.544454
0.0739065
0.662
0.411939
0.662
0.662
0.662
0.662
0.662
0.0681867
0.11881
0.662
0.662
0.569628
0.411659
0.662
0.662
0.0417307
0.662
0.662
0.662
0.210724
0.662
0.662
0.490388
0.0352578
0.662
0.331645
0.397203
0.662
0.662
0.4795
0.610372
0.662
0.662
0.662
0.383606
0.146526
0.0952041
0.662
0.662
0.26913
0.355706
0.095866
0.662
0.137503
0.662
0.307324
0.595194
0.0565121
0.133832
0.662
0.662
0.262017
0.505086
0.215097
0.662
0.113279
0.662
0.662
0.451858
0.662
0.0622415
0.457153
0.662
0.662
0.662
0.452152
0.662
0.662
0.139536
0.172827
0.353435
0.300414
0.367887
0.429921
0.662
0.662
0.417534
0.662
0.477363
0.220024
0.301214
0.662
0.339771
0.662
0.662
0.662
0.662
0.318062
0.662
0.662
0.599841
0.662
0.662
0.303772
0.0135138
0.651773
0.179109
0.662
0.0178192
0.662
0.662
0.662
0.662
0.366398
0.662
0.662
0.662
0.351373
0.0243262
0.430361
0.43744
0.662
0.0954893
0.662
0.558794
0.662
0.662
0.553023
0.662
0.662
0.345052
0.255746
0.662
0.129155
0.662
0.662
0.662
0.467888
0.37563
0.416813
0.323783
0.662
0.453378
0.662
0.662
0.447112
0.662
0.456915
0.662
0.662
0.017301
0.662
0.662
0.662
0.662
0.078225
0.662
0.293024
0.111366
0.662
0.324406
0.413392
0.213008
0.24558
0.662
0.100273
0.384366
0.662
0.662
0.662
0.0772072
0.339593
0.662
0.220863
0.14252
0.231041
0.165623
0.662
0.244852
0.33189
0.662
0.233732
0.662
0.662
0.662
0.662
0.662
0.662
0.662
0.662
0.415831
0.208906
0.16413
0.557732
0.662
0.662
0.662
0.529133
0.662
0.217342
0.662
0.662
0.15675
0.14477
0.662
0.422393
0.662
0.400628
0.662
0.298318
0.307994
0.662
0.0611531
0.404021
0.00348889
0.324484
0.172645
0.528182
0.662
0.420273
0.275811
0.662
0.355617
0.662
0.314871
0.662
0.303674
0.662
0.111567
0.662
0.662
0.662
0.227316
0.0650886
0.662
0.0713636
0.00203888
0.662
0.0940198
0.329973
0.662
0.30634
0.103665
0.328668
0.662
0.159591
0.141606
0.662
0.662
0.0974475
0.41858
0.662
0.662
0.452091
0.662
0.333238
0.662
0.357064
0.0760712
0.458446
0.662
0.410531
0.662
0.662
0.662
0.497594
0.0405162
0.110969
0.44988
0.629706
0.662
0.326024
0.662
0.415414
0.662
0.662
0.184811
0.305128
0.662
0.662
0.399086
0.662
0.662
0.139747
0.662
0.026106
0.662
0.324831
0.662
0.662
0.662
0.662
0.0821361
0.351282
0.662
0.465783
0.285466
0.662
0.662
0.0268822
0.662
0.662
0.237332
0.662
0.246172
0.662
0.0423278
0.253075
0.662
0.662
0.662
0.662
0.244655
0.662
0.308175
0.335773
0.161388
0.433257
0.662
0.662
0.662
0.350728
0.116931
0.662
0.662
0.662
0.0551082
0.300613
0.0162832
0.404319
0.581484
0.374616
0.169557
0.578745
0.662
0.25038
0.315188
0.312167
0.267436
0.286182
0.662
0.370767
0.13122
0.662
0.0667125
0.662
0.662
0.662
0.300351
0.662
0.0261946
0.37633
0.434012
0.55311
0.394178
0.407984
0.344709
0.143312
0.662
0.662
0.0959163
0.662
0.662
0.662
0.258397
0.444818
0.662
0.662
0.662
0.662
0.340222
0.561932
0.142305
0.244932
0.662
0.107581
0.662
0.662
0.662
0.662
0.662
0.662
0.131774
0.662
0.231809
0.662
0.355784
0.456842
0.662
0.404697
0.418402
0.662
0.296636
0.0262186
0.662
0.372706
0.662
0.399399
0.0885937
0.662
0.662
0.662
0.293368
0.662
0.662
0.20476
0.50377
0.662
0.13722
0.216713
0.168886
0.213873
0.340169
0.0316898
0.265536
0.662
0.662
0.662
0.662
0.662
0.662
0.411291
0.662
0.662
0.662
0.662
0.238769
0.431965
0.662
0.023532
0.662
0.662
0.662
0.348223
0.274917
0.470192
0.662
0.307291
0.546483
0.662
0.196698
0.396193
0.662
0.356996
0.00472092
0.662
0.662
0.399666
0.662
0.662
0.322669
0.662
0.112993
0.202812
0.142031
0.662
0.662
0.662
0.178805
0.210446
0.452296
0.183634
0.662
0.442927
0.662
0.16135
0.662
0.662
0.204309
0.662
0.163485
0.662
0.0906159
0.181441
0.662
0.400902
0.310099
0.63339
0.662
0.486314
0.180836
0.662
0.662
0.336462
0.349422
0.212983
0.662
0.662
0.662
0.662
0.662
0.114271
0.205452
0.662
0.662
0.21733
0.662
0.258586
0.448624
0.336613
0.662
0.418377
0.323766
0.662
0.341244
0.662
0.356704
0.140123
0.35089
0.662
0.662
0.124498
0.36129
0.449291
0.662
0.0191599
0.662
0.259148
0.662
0.195204
0.356675
0.389382
0.0780012
0.533626
0.279695
0.601251
0.662
0.27961
0.662
0.430698
0.0302011
0.662
0.662
0.662
0.662
0.422104
0.27129
0.112247
0.316034
0.322474
0.374021
0.235653
0.662
0.662
0.529464
0.662
0.662
0.13269
0.662
0.176633
0.662
0.144389
0.662
0.0172319
0.477481
0.122304
0.417481
0.629706
0.420388
0.00452383
0.313984
0.662
0.473676
0.347417
0.367466
0.662
0.357122
0.662
0.199578
0.249577
0.24775
0.00328284
0.662
0.662
0.21997
0.662
0.662
0.662
0.0889628
0.049569
0.662
0.0419095
0.186264
0.0948459
0.662
0.662
0.230337
0.662
0.662
0.148676
0.662
0.662
0.662
0.0774335
0.0236104
0.662
0.662
0.0890359
0.662
0.231357
0.662
0.662
0.662
0.662
0.662
0.431311
0.662
0.339474
0.662
0.662
0.662
0.163867
0.662
0.214448
0.423026
0.662
0.131159
0.358902
0.649857
0.662
0.400717
0.662
0.662
0.308406
0.226232
0.316429
0.662
0.662
0.414876
0.21157
0.408598
0.231208
0.662
0.662
0.662
0.662
0.430749
0.546577
0.24429
0.662
0.120255
0.662
0.553014
0.0929761
0.534754
0.430015
0.662
0.662
0.662
0.434855
0.247341
0.662
0.275669
0.0287838
0.0938935
0.191026
0.662
0.0451106
0.662
0.192184
0.051429
0.24738
0.662
0.662
0.662
0.662
0.105005
0.0928518
0.26695
0.149566
0.576557
0.662
0.662
0.321963
0.662
0.662
0.432771
0.662
0.170374
0.00547061
0.269316
0.336968
0.131299
0.662
0.268954
0.662
0.662
0.130609
0.43859
0.662
0.343163
0.662
0.215538
0.662
0.662
0.419636
0.163852
0.230185
0.662
0.197622
0.254345
0.662
0.464265
0.662
0.584981
0.662
0.412321
0.662
0.662
0.662
0.461376
0.380529
0.662
0.405008
0.662
0.482205
0.662
0.0886136
0.131241
0.648192
0.662
0.596135
0.102525
0.662
0.662
0.46997
0.581604
0.662
0.0409685
0.662
0.52059
0.380056
0.662
0.252554
0.0206606
0.181109
0.119678
0.446481
0.662
0.192035
0.134878
0.662
0.662
0.621957
0.265273
0.662
0.662
0.47245
0.198679
0.242833
0.662
0.662
0.13881
0.00411689
0.361506
0.422834
0.38347
0.338271
0.358389
0.36532
0.662
0.180345
0.407924
0.390092
0.662
0.662
0.413568
0.469198
0.662
0.00721579
0.662
0.662
0.250717
0.662
0.183635
0.0378712
0.662
0.662
0.417825
0.191871
0.662
0.662
0.394021
0.215476
0.662
0.662
0.39475
0.662
0.662
0.230779
0.662
0.246051
0.382752
0.303441
0.662
0.487284
0.662
0.662
0.308355
0.591898
0.185823
0.278446
0.662
0.356543
0.662
0.147989
0.613256
0.0109759
0.662
0.662
0.662
0.415085
0.122643
0.662
0.662
0.662
0.662
0.413907
0.448616
0.104871
0.217754
0.662
0.355942
0.112286
0.662
0.17376
0.662
0.107926
0.662
0.662
0.239898
0.662
0.662
0.662
0.339665
0.662
0.662
0.309795
0.662
0.662
0.400965
0.299104
0.662
0.400206
0.20997
0.662
0.10558
0.185117
0.377237
0.108671
0.662
0.662
0.227856
0.0430289
0.35301
0.662
0.430835
0.662
0.319455
0.164095
0.320419
0.557227
0.36434
0.662
0.105683
0.662
0.662
0.0518733
0.662
0.232661
0.102468
0.662
0.251611
0.408548
0.662
0.415605
0.662
0.427083
0.330635
0.457142
0.172048
0.143452
0.350276
0.267654
0.279337
0.662
0.0091337
0.662
0.662
0.49888
0.662
0.662
0.662
0.662
0.662
0.662
0.0930432
0.413136
0.120066
0.662
0.662
0.237608
0.662
0.471452
0.45166
0.662
0.35163
0.662
0.149664
0.662
0.662
0.0866651
0.361895
0.28445
0.398801
0.662
0.416224
0.427974
0.0514611
0.662
0.293019
0.341805
0.662
0.662
0.0334658
0.662
0.188456
0.306411
0.662
0.662
0.186959
0.204949
0.0547127
0.472872
0.475742
0.662
0.662
0.318823
0.662
0.314892
0.662
0.662
0.662
0.662
0.449435
0.0852423
0.662
0.662
0.134635
0.662
0.662
0.662
0.0483114
0.40109
0.455947
0.0799587
0.662
0.662
0.0439302
0.662
0.635416
0.215602
0.662
0.280899
0.420194
0.662
0.211738
0.662
0.146977
0.0255646
0.435186
0.662
0.462561
0.022992
0.109319
0.662
0.0532016
0.0308918
0.0348927
0.662
0.662
0.431423
0.662
0.173841
0.662
0.662
0.239177
0.412499
0.335379
0.662
0.447995
0.662
0.215516
0.256248
0.662
0.662
0.662
0.328124
0.662
0.662
0.662
0.0292989
0.662
0.662
0.185833
0.439556
0.377328
0.430639
0.662
0.426952
0.316313
0.662
0.20581
0.662
0.662
0.662
0.662
0.463444
0.319488
0.425975
0.662
0.662
0.0758978
0.662
0.335861
0.662
0.662
0.281236
0.409892
0.326542
0.393937
0.662
0.662
0.335471
0.0963005
0.36137
0.662
0.0720252
0.272472
0.291949
0.662
0.662
0.662
0.0908042
