0.087409
0.0668465
0.24764
0.662
0.130639
0.662
0.232691
0.662
0.474157
0.321104
0.662
0.662
0.662
0.662
0.662
0.662
0.0820937
0.662
0.119451
0.287843
0.662
0.177687
0.662
0.662
0.266714
0.435188
0.28595
0.318154
0.415777
0.662
0.662
0.662
0.211479
0.662
0.662
0.375479
0.270459
0.13908
0.662
0.662
0.662
0.438858
0.662
0.662
0.662
0.662
0.188215
0.39645
0.0644323
0.276594
0.294425
0.662
0.662
0.0984461
0.662
0.662
0.0454015
0.376393
0.484491
0.662
0.115229
0.372994
0.493986
0.159081
0.662
0.195867
0.662
0.265909
0.180541
0.0291854
0.320771
0.0458679
0.662
0.662
0.662
0.292588
0.662
0.42769
0.419113
0.662
0.468766
0.662
0.191483
0.387905
0.662
0.247744
0.662
0.662
0.458813
0.662
0.19132
0.662
0.219624
0.662
0.192441
0.456899
0.194992
0.235946
0.584659
0.350022
0.662
0.338954
0.662
0.662
0.662
0.30158
0.414478
0.361132
0.288251
0.662
0.662
0.662
0.662
0.404693
0.662
0.0663729
0.276539
0.662
0.662
0.662
0.662
0.466369
0.662
0.100461
0.434107
0.662
0.662
0.662
0.188096
0.076945
0.2404
0.662
0.371252
0.662
0.662
0.294621
0.662
0.662
0.662
0.662
0.662
0.662
0.27619
0.00163396
0.105587
0.662
0.0324236
0.662
0.662
0.456358
0.662
0.662
0.467936
0.161715
0.13531
0.662
0.662
0.662
0.368196
0.267123
0.200597
0.330273
0.662
0.0322701
0.205291
0.662
0.662
0.169746
0.0287441
0.112794
0.428733
0.662
0.174789
0.30749
0.0961724
0.662
0.662
0.662
0.662
0.662
0.662
0.662
0.34367
0.0993099
0.525787
0.31355
0.314321
0.449162
0.662
0.662
0.188872
0.662
0.0312938
0.0127793
0.662
0.662
0.102932
0.662
0.187256
0.662
0.174178
0.0681233
0.406752
0.662
0.249336
0.662
0.37129
0.662
0.343209
0.375729
0.452318
0.662
0.00985578
0.117457
0.288822
0.662
0.0861919
0.662
0.377498
0.662
0.662
0.231635
0.115103
0.662
0.662
0.464277
0.662
0.662
0.146334
0.662
0.272692
0.243253
0.465037
0.662
0.623175
0.662
0.662
0.265517
0.151322
0.246715
0.662
0.662
0.399362
0.662
0.662
0.416079
0.470012
0.491554
0.0358749
0.149621
0.403332
0.181539
0.662
0.662
0.455735
0.272055
0.317014
0.662
0.662
0.662
0.416764
0.662
0.518695
0.662
0.662
0.34776
0.125025
0.662
0.662
0.662
0.662
0.662
0.29543
0.662
0.310903
0.662
0.101752
0.370176
0.662
0.182181
0.662
0.0205522
0.474626
0.662
0.662
0.662
0.662
0.0340748
0.662
0.662
0.662
0.662
0.339742
0.662
0.59291
0.42926
0.662
0.0209267
0.662
0.662
0.0450376
0.662
0.413475
0.662
0.662
0.218878
0.444065
0.662
0.662
0.662
0.662
0.259591
0.662
0.0962074
0.366737
0.038775
0.486451
0.451823
0.440941
0.662
0.662
0.194346
0.460522
0.280314
0.147335
0.662
0.3861
0.461617
0.362768
0.662
0.338106
0.662
0.662
0.326504
0.662
0.118127
0.650816
0.271642
0.476061
0.0304153
0.405492
0.0784584
0.662
0.662
0.30364
0.662
0.662
0.325624
0.662
0.0988914
0.662
0.227228
0.662
0.311117
0.121427
0.0542881
0.662
0.420363
0.224631
0.662
0.662
0.317703
0.662
0.50183
0.242159
0.662
0.662
0.196873
0.662
0.0326747
0.477367
0.662
0.232925
0.662
0.662
0.241998
0.372615
0.0121844
0.421185
0.662
0.202103
0.20402
0.246948
0.11617
0.333493
0.0691226
0.662
0.662
0.662
0.478267
0.662
0.229568
0.112124
0.662
0.0222275
0.400684
0.662
0.662
0.662
0.00258356
0.662
0.662
0.125198
0.662
0.408633
0.356211
0.662
0.662
0.662
0.662
0.662
0.662
0.662
0.390583
0.662
0.214497
0.311989
0.430574
0.662
0.353676
0.401612
0.662
0.662
0.662
0.662
0.0641629
0.662
0.376495
0.662
0.0673651
0.0780485
0.662
0.662
0.662
0.377231
0.327872
0.662
0.302801
0.662
0.662
0.662
0.39781
0.436978
0.253852
0.662
0.662
0.662
0.321757
0.11358
0.662
0.00111577
0.662
0.433533
0.662
0.662
0.149267
0.662
0.662
0.298366
0.249963
0.662
0.662
0.662
0.662
0.34563
0.179436
0.662
0.223531
0.0883054
0.662
0.662
0.480066
0.229792
0.44202
0.271816
0.662
0.00612299
0.243352
0.33244
0.335394
0.365423
0.662
0.662
0.662
0.157113
0.662
0.662
0.662
0.662
0.0432173
0.662
0.662
0.0424213
0.662
0.662
0.0836357
0.662
0.662
0.462392
0.662
0.662
0.662
0.662
0.061309
0.662
0.210867
0.244017
0.0810677
0.662
0.662
0.662
0.114316
0.662
0.508433
0.307624
0.662
0.202814
0.662
0.459118
0.400492
0.362818
0.662
0.662
0.662
0.566887
0.662
0.033975
0.662
0.662
0.0499329
0.00718538
0.662
0.662
0.41223
0.662
0.347447
0.416061
0.241478
0.662
0.662
0.0601601
0.662
0.662
0.420021
0.385355
0.662
0.0698598
0.401874
0.455703
0.204729
0.662
0.273163
0.662
0.394019
0.469306
0.662
0.662
0.222072
0.662
0.428768
0.662
0.662
0.662
0.255236
0.170825
0.662
0.360267
0.166405
0.236382
0.662
0.393291
0.497715
0.662
0.662
0.662
0.662
0.218955
0.662
0.662
0.0776435
0.662
0.662
0.662
0.662
0.662
0.662
0.39901
0.179452
0.662
0.445089
0.662
0.662
0.662
0.662
0.366236
0.459273
0.662
0.662
0.662
0.662
0.294413
0.486618
0.380779
0.152809
0.662
0.662
0.208041
0.233409
0.662
0.134985
0.474352
0.662
0.247454
0.662
0.662
0.662
0.000687858
0.662
0.662
0.662
0.474349
0.662
0.662
0.333203
0.0191067
0.662
0.473253
0.223188
0.662
0.332561
0.461573
0.458535
0.458701
0.662
0.253351
0.662
0.402972
0.304687
0.662
0.342593
0.662
0.145943
0.662
0.635185
0.662
0.324684
0.446437
0.662
0.470622
0.662
0.662
0.662
0.194086
0.391604
0.0202659
0.583954
0.266107
0.217329
0.662
0.0656662
0.662
0.662
0.662
0.443498
0.353489
0.415628
0.131809
0.662
0.662
0.0899975
0.315776
0.154623
0.197985
0.662
0.662
0.390606
0.170556
0.447441
0.662
0.626028
0.138812
0.0606773
0.662
0.29622
0.585409
0.0521599
0.364597
0.328609
0.19873
0.662
0.662
0.662
0.41252
0.662
0.0216628
0.662
0.207648
0.662
0.470517
0.303012
0.662
0.662
0.662
0.662
0.662
0.409891
0.662
0.394582
0.205785
0.662
0.207599
0.101532
0.133621
0.157711
0.662
0.662
0.155395
0.662
0.118359
0.432802
0.57851
0.662
0.463727
0.662
0.354432
0.662
0.372766
0.662
0.208794
0.662
0.662
0.662
0.662
0.662
0.662
0.454741
0.460834
0.572981
0.662
0.349918
0.443441
0.662
0.662
0.662
0.662
0.662
0.662
0.485073
0.362546
0.469792
0.662
0.662
0.187749
0.363861
0.662
0.00643083
0.662
0.662
0.169339
0.473734
0.367903
0.0364895
0.662
0.122588
0.662
0.419658
0.51265
0.234223
0.662
0.662
0.662
0.244063
0.267047
0.662
0.662
0.327699
0.0877212
0.446062
0.662
0.652127
0.662
0.0418813
0.410762
0.662
0.33801
0.662
0.662
0.181908
0.662
0.662
0.662
0.662
0.0545015
0.203299
0.0544931
0.47048
0.63339
0.198385
0.662
0.0986362
0.662
0.662
0.306441
0.662
0.662
0.426581
0.662
0.662
0.662
0.220394
0.662
0.161406
0.333292
0.0944584
0.101439
0.649926
0.474116
0.475653
0.352169
0.103814
0.278826
0.662
0.662
0.662
0.662
0.189303
0.662
0.0498146
0.662
0.662
0.091969
0.399148
0.662
0.608313
0.377903
0.268789
0.662
0.425887
0.0631085
0.409103
0.0944935
0.662
0.662
0.662
0.662
0.235751
0.662
0.662
0.662
0.291231
0.0751258
0.12777
0.0698386
0.210362
0.662
0.298998
0.0803008
0.662
0.38047
0.662
0.662
0.662
0.44901
0.207052
0.662
0.662
0.662
0.219268
0.46245
0.440085
0.467058
0.662
0.336165
0.662
0.662
0.662
0.662
0.662
0.350547
0.441989
0.662
0.00107189
0.662
0.662
0.310751
0.239477
0.21903
0.662
0.28683
0.662
0.0221851
0.348866
0.0965014
0.397988
0.662
0.323347
0.0632073
0.456068
0.471553
0.197011
0.434331
0.662
0.662
0.0563432
0.662
0.662
0.662
0.0567937
0.662
0.278682
0.662
0.486756
0.662
0.662
0.244067
0.662
0.662
0.662
0.464945
0.392011
0.28032
0.662
0.643061
0.662
0.522476
0.202461
0.194761
0.662
0.662
0.662
0.662
0.662
0.3078
0.298444
0.193652
0.662
0.662
0.662
0.662
0.662
0.416483
0.157764
0.662
0.260801
0.370852
0.169909
0.662
0.222458
0.448209
0.662
0.359708
0.662
0.203808
0.224987
0.662
0.662
0.219652
0.446386
0.418338
0.662
0.662
0.662
0.662
0.662
0.662
0.0854479
0.662
0.122111
0.451291
0.0819772
0.170159
0.0596239
0.390264
0.662
0.263773
0.325506
0.662
0.662
0.662
0.178736
0.662
0.662
0.662
0.662
0.478951
0.136211
0.228476
0.662
0.459972
0.662
0.662
0.662
0.662
0.141024
0.456266
0.292555
0.180185
0.100097
0.662
0.662
0.10774
0.10061
0.382628
0.662
0.662
0.662
0.662
0.662
0.662
0.0422973
0.662
0.570044
0.433142
0.662
0.662
0.0383148
0.0355312
0.420254
0.662
0.134727
0.662
0.662
0.662
0.662
0.323403
0.615738
0.662
0.553652
0.21805
0.662
0.662
0.0300945
0.112385
0.662
0.16642
0.662
0.662
0.402521
0.662
0.0726431
0.662
0.662
0.473013
0.370536
0.0902162
0.00153592
0.662
0.349474
0.240066
0.314044
0.0203715
0.365582
0.662
0.662
0.662
0.424564
0.662
0.662
0.662
0.662
0.662
0.422254
0.40548
0.0257267
0.381818
0.0738426
0.662
0.662
0.490284
0.117756
0.662
0.112201
0.662
0.266809
0.441596
0.662
0.0293166
0.186929
0.290412
0.662
0.457707
0.662
0.448626
0.270539
0.662
0.662
0.662
0.662
0.187805
0.662
0.662
0.662
0.662
0.0322041
0.662
0.617226
0.10141
0.662
0.662
0.662
0.662
0.447231
0.3541
0.453677
0.662
0.662
0.0200305
0.662
0.0989693
0.662
0.662
0.662
0.279678
0.369435
0.0666017
0.382131
0.243775
0.297892
0.354372
0.662
0.662
0.662
0.662
0.662
0.439605
0.662
0.291592
0.446658
0.662
0.34125
0.0987982
0.0559541
0.183768
0.413675
0.662
0.110853
0.209186
0.662
0.0914068
0.662
0.662
0.2641
0.662
0.477332
0.662
0.593713
0.662
0.662
0.452388
0.110049
0.121286
0.383294
0.196408
0.0946545
0.0783018
0.662
0.662
0.0232158
0.303146
0.662
0.662
0.224348
0.662
0.662
0.662
0.662
0.662
0.0945305
0.454872
0.662
0.115545
0.662
0.17916
0.369595
0.662
0.17789
0.467062
0.452557
0.0202113
0.662
0.565143
0.662
0.0822678
0.662
0.662
0.358666
0.113128
0.451039
0.662
0.662
0.633677
0.662
0.662
0.360467
0.662
0.300743
0.662
0.280141
0.416613
0.459724
0.264284
0.662
0.662
0.327779
0.308579
0.662
0.662
0.662
0.662
0.164261
0.0260154
0.167092
0.662
0.662
0.130212
0.662
0.160916
0.662
0.662
0.662
0.662
0.264641
0.662
0.307582
0.662
0.19865
0.271839
0.662
0.367131
0.662
0.334695
0.662
0.330645
0.218149
0.662
0.463739
0.662
0.662
0.662
0.363119
0.662
0.196075
0.662
0.213761
0.662
0.662
0.662
0.436688
0.0037196
0.433437
0.270788
0.662
0.151319
0.320243
0.0835156
0.0212063
0.596469
0.587368
0.662
0.155233
0.147859
0.228038
0.662
0.662
0.662
0.662
0.662
0.662
0.662
0.662
0.662
0.293322
0.662
0.294568
0.286035
0.118032
0.142636
0.662
0.662
0.662
0.662
0.237639
0.470334
0.662
0.662
0.662
0.662
0.172769
0.378231
0.662
0.246037
0.662
0.662
0.39557
0.662
0.293417
0.662
0.434884
0.662
0.358552
0.662
0.662
0.203853
0.662
0.662
0.662
0.408044
0.282139
0.436038
0.662
0.228922
0.451006
0.662
0.662
0.445149
0.288206
0.268523
0.662
0.182151
0.662
0.233719
0.289652
0.129109
0.662
0.461455
0.662
0.184687
0.662
0.662
0.662
0.0637306
0.312886
0.228071
0.537646
0.662
0.133207
0.662
0.662
0.405673
0.662
0.0298718
0.216406
0.662
0.662
0.152745
0.662
0.662
0.257077
0.662
0.662
0.662
0.662
0.662
0.662
0.662
0.171314
0.176174
0.662
0.202757
0.662
0.0976902
0.212383
0.662
0.0163016
0.662
0.662
0.0895095
0.401917
0.662
0.662
0.299686
0.0726608
0.662
0.662
0.415972
0.662
0.662
0.662
0.662
0.63339
0.662
0.662
0.31392
0.662
0.662
0.085558
0.662
0.662
0.662
0.511248
0.662
0.662
0.662
0.662
0.662
0.339974
0.457081
0.259634
0.294382
0.633694
0.662
0.207587
0.662
0.191014
0.361439
0.325372
0.30138
0.662
0.07944
0.530837
0.0605653
0.314523
0.662
0.662
0.662
0.662
0.662
0.0273611
0.183519
0.662
0.0780369
0.662
0.417821
0.358117
0.120412
0.280535
0.662
0.662
0.200707
0.662
0.00589161
0.0464411
0.662
0.662
0.169494
0.662
0.662
0.662
0.662
0.305319
0.662
0.662
0.344313
0.662
0.662
0.662
0.421044
0.138494
0.662
0.662
0.662
0.301454
0.662
0.38122
0.0594688
0.466059
0.662
0.662
0.662
0.662
0.54467
0.662
0.439852
0.477075
0.662
0.0269611
0.662
0.138062
0.326227
0.662
0.325356
0.135906
0.314866
0.475357
0.460349
0.662
0.0617169
0.269623
0.662
0.662
0.0233472
0.662
0.662
0.662
0.187541
0.36581
0.157324
0.0417797
0.0623799
0.662
0.662
0.00828178
0.662
0.244962
0.377209
0.191639
0.423714
0.662
0.662
0.467276
0.662
0.662
0.662
0.662
0.279499
0.115624
0.359057
0.662
0.662
0.206393
0.662
0.662
0.554381
0.662
0.662
0.45157
0.662
0.295957
0.662
0.56339
0.0365662
0.662
0.47604
0.36547
0.662
0.203094
0.662
0.172536
0.432887
0.620482
0.314441
0.287346
0.662
0.123353
0.662
0.136998
0.662
0.357884
0.064021
0.364427
0.662
0.662
0.336362
0.662
0.479975
0.662
0.662
0.662
0.662
0.501094
0.662
0.662
0.162673
0.662
0.00765421
0.662
0.662
0.662
0.662
0.662
0.26498
0.662
0.662
0.394805
0.437577
0.662
0.662
0.662
0.662
0.662
0.475901
0.662
0.662
0.662
0.662
0.0578299
0.243202
0.0160786
0.662
0.662
0.104959
0.501265
0.265436
0.662
0.313582
0.662
0.265985
0.274144
0.272578
0.260615
0.108229
0.441258
0.155986
0.101362
0.662
0.160735
0.400296
0.662
0.439102
0.662
0.443885
0.662
0.662
0.0106887
0.283895
0.414148
0.662
0.390277
0.662
0.662
0.662
0.379138
0.662
0.662
0.246936
0.662
0.662
0.0298548
0.216207
0.662
0.662
0.348501
0.46599
0.662
0.18628
0.662
0.197511
0.662
0.325693
0.662
0.662
0.662
0.662
0.427011
0.662
0.233283
0.233892
0.662
0.662
0.662
0.326665
0.368493
0.403202
0.662
0.662
0.0574127
0.662
0.310984
0.662
0.662
0.380064
0.662
0.18304
0.407858
0.417509
0.113102
0.0937665
0.029806
0.389942
0.662
0.662
0.380152
0.662
0.339853
0.0120415
0.662
0.446639
0.662
0.475714
0.662
0.662
0.0252547
0.108291
0.2669
0.215913
0.662
0.230834
0.662
0.420592
0.524047
0.662
0.372982
0.662
0.662
0.662
0.00661953
0.421278
0.245485
0.662
0.662
0.0665399
0.129721
0.662
0.662
0.262635
0.173693
0.45101
0.662
0.662
0.216733
0.215538
0.662
0.44791
0.24877
0.662
0.662
0.662
0.662
0.294247
0.433436
0.662
0.662
0.188252
0.311955
0.662
0.345162
0.662
0.0306277
0.150124
0.312597
0.662
0.662
0.333284
0.251861
0.266693
0.2588
0.422948
0.662
0.662
0.155206
0.662
0.662
0.662
0.662
0.218288
0.226904
0.291525
0.367167
0.662
0.662
0.107158
0.171239
0.365801
0.221646
0.662
0.40733
0.458176
0.662
0.22866
0.192222
0.662
0.662
0.662
0.38712
0.333207
0.325199
0.188394
0.662
0.662
0.662
0.122628
0.662
0.662
0.662
0.426541
0.00630626
0.662
0.124263
0.373958
0.662
0.068834
0.662
0.662
0.662
0.662
0.160814
0.0189047
0.662
0.523385
0.506287
0.662
0.662
0.662
0.662
0.344193
0.662
0.346176
0.662
0.662
0.401701
0.115503
0.36871
0.101823
0.662
0.662
0.0492164
0.0595225
0.626003
0.408657
0.462259
0.239839
0.662
0.662
0.437316
0.0106308
0.662
0.658014
0.0219931
0.662
0.295793
0.662
0.662
0.662
0.662
0.662
0.0802515
0.662
0.662
0.662
0.662
0.426132
0.411623
0.0260114
0.662
0.662
0.662
0.662
0.662
0.662
0.662
0.662
0.222995
0.330454
0.110769
0.662
0.414286
0.0318246
0.662
0.662
0.662
0.270272
0.45191
0.386169
0.0681557
0.232228
0.662
0.662
0.662
0.2797
0.317854
0.662
0.662
0.662
0.662
0.201084
0.162165
0.662
0.136764
0.18866
0.0341596
0.557867
0.170592
0.173605
0.252419
0.662
0.662
0.662
0.576381
0.662
0.662
0.662
0.662
0.105251
0.329897
0.662
0.662
0.662
0.662
0.662
0.430146
0.25109
0.471017
0.662
0.0226921
0.215289
0.497422
0.662
0.662
0.152095
0.662
0.422282
0.471557
0.208571
0.471746
0.662
0.662
0.628354
0.213104
0.662
0.662
0.662
0.662
0.0405381
0.291882
0.545445
0.662
0.662
0.662
0.662
0.662
0.388973
0.496339
0.662
0.219569
0.12219
0.662
0.662
0.363962
0.662
0.281416
0.662
0.114316
0.662
0.662
0.393896
0.331532
0.662
0.662
0.662
0.662
0.389879
0.662
0.317521
0.662
0.0984647
0.176482
0.662
0.662
0.0518738
0.0154881
0.325258
0.662
0.288339
0.662
0.662
0.187542
0.662
0.14527
0.292249
0.074586
0.268849
0.662
0.0132998
0.662
0.257905
0.662
0.662
0.16447
0.0135067
0.662
0.0418021
0.0537896
0.385719
0.662
0.662
0.0292039
0.662
0.662
0.662
0.662
0.401372
0.0304455
0.0345595
0.662
0.662
0.662
0.299302
0.662
0.662
0.599189
0.662
0.366797
0.662
0.662
0.662
0.662
0.662
0.115924
0.386225
0.662
0.662
0.347419
0.442242
0.345631
0.662
0.0169333
0.228494
0.436253
0.662
0.662
0.378682
0.298254
0.449991
0.453075
0.314009
0.662
0.31053
0.662
0.270618
0.222413
0.318633
0.662
0.189888
0.662
0.429814
0.662
0.662
0.379288
0.313929
0.662
0.662
0.508831
0.662
0.0777407
0.0792273
0.114377
0.195013
0.0189218
0.662
0.662
0.662
0.366371
0.662
0.662
0.394962
0.333045
0.662
0.429073
0.662
0.662
0.0160033
0.662
0.160972
0.415464
0.309995
0.662
0.416858
0.246274
0.662
0.355526
0.662
0.662
0.662
0.662
0.662
0.228486
0.662
0.662
0.662
0.662
0.383386
0.117351
0.236144
0.601697
0.662
0.662
0.161364
0.102159
0.105032
0.196081
0.404794
0.39945
0.662
0.248625
0.662
0.662
0.173298
0.0026879
0.662
0.662
0.662
0.397409
0.394511
0.662
0.280738
0.662
0.0706171
0.252971
0.342913
0.384046
0.662
0.12107
0.0183297
0.105394
0.662
0.662
0.662
0.112513
0.404035
0.662
0.191405
0.662
0.109485
0.662
0.223231
0.186466
0.662
0.662
0.662
0.0520264
0.633391
0.662
0.216145
0.424229
0.0283268
0.222906
0.0467788
0.662
0.205649
0.662
0.0667762
0.508429
0.0989806
0.662
0.303291
0.662
0.115615
0.662
0.423257
0.183302
0.662
0.662
0.662
0.525918
0.662
0.475254
0.662
0.0903834
0.181871
0.465912
0.274338
0.188061
0.102045
0.397524
0.662
0.662
0.662
0.193922
0.164766
0.662
0.662
0.0231027
0.662
0.662
0.0644784
0.102195
0.476439
0.0619509
0.0499581
0.662
0.144381
0.662
0.0539644
0.361236
0.662
0.662
0.476115
0.662
0.662
0.662
0.308091
0.662
0.0517227
0.662
0.662
0.662
0.42974
0.201372
0.662
0.662
0.00389063
0.394581
0.359992
0.213307
0.662
0.662
0.662
0.662
0.294008
0.35851
0.118222
0.156711
0.425895
0.662
0.319311
0.436525
0.662
0.207955
0.0295716
0.436766
0.662
0.662
0.662
0.388889
0.662
0.486252
0.459129
0.261402
0.662
0.662
0.662
0.662
0.204227
0.662
0.0511386
0.082114
0.443762
0.0964083
0.387057
0.298792
0.662
0.662
0.374685
0.0509833
0.662
0.662
0.0995378
0.403189
0.662
0.276851
0.409935
0.63339
0.210177
0.136625
0.662
0.141492
0.662
0.662
0.662
0.662
0.662
0.662
0.662
0.283139
0.662
0.0568754
0.662
0.662
0.662
0.662
0.662
0.287011
0.662
0.302915
0.119109
0.0547643
0.662
0.662
0.662
0.341426
0.662
0.0738233
0.377718
0.607308
0.0612934
0.662
0.31657
0.261826
0.662
0.662
0.170028
0.662
0.662
0.375965
0.662
0.662
0.662
0.662
0.227511
0.662
0.109079
0.662
0.0180018
0.662
0.662
0.662
0.454579
0.662
0.662
0.662
0.662
0.662
0.311657
0.662
0.662
0.662
0.066439
0.0948431
0.662
0.662
0.662
0.662
0.662
0.375601
0.662
0.662
0.486352
0.395915
0.282989
0.315089
0.662
0.479651
0.460185
0.476282
0.662
0.41717
0.0336102
0.173818
0.429104
0.000181536
0.662
0.662
0.662
0.662
0.662
0.662
0.436578
0.662
0.323887
0.0358015
0.662
0.662
0.662
0.662
0.365046
0.474962
0.479742
0.662
0.662
0.121445
0.364602
0.454933
0.662
0.0640554
0.185441
0.662
0.472112
0.662
0.662
0.40684
0.662
0.434256
0.222194
0.662
0.662
0.42511
0.662
0.615997
0.237104
0.123759
0.662
0.41457
0.430102
0.662
0.078983
0.528097
0.19721
0.409575
0.662
0.662
0.662
0.276453
0.182316
0.376687
0.662
0.662
0.662
0.293544
0.662
0.0208239
0.662
0.426606
0.491177
0.662
0.117907
0.662
0.428912
0.019082
0.340983
0.662
0.662
0.662
0.297392
0.341684
0.445436
0.662
0.172714
0.662
0.662
0.662
0.662
0.662
0.0666085
0.407975
0.427409
0.0630371
0.249325
0.662
0.270114
0.235728
0.196999
0.0127102
0.662
0.159538
0.662
0.0985472
0.364614
0.432088
0.310988
0.131356
0.283992
0.351415
0.041012
0.178892
0.466826
0.40589
0.662
0.281994
0.662
0.662
0.511863
0.43193
0.662
0.662
0.270898
0.662
0.408213
0.662
0.662
0.662
0.441122
0.662
0.155036
0.102733
0.269856
0.180421
0.384484
0.249646
0.662
0.662
0.21261
0.0544492
0.45624
0.662
0.0997665
0.662
0.662
0.358569
0.662
0.662
0.396555
