0.45191
0.534074
0.117555
0.662
0.121248
0.344763
0.260329
0.662
0.501912
0.333045
0.662
0.488252
0.192215
0.632585
0.662
0.662
0.662
0.662
0.416558
0.0135389
0.662
0.407975
0.662
0.662
0.662
0.662
0.032511
0.662
0.662
0.662
0.0436375
0.0757021
0.0681557
0.0614538
0.420363
0.0216391
0.45624
0.138494
0.23611
0.662
0.662
0.662
0.250762
0.223929
0.405746
0.662
0.289318
0.228902
0.662
0.662
0.662
0.487938
0.662
0.47732
0.662
0.662
0.0726079
0.662
0.160158
0.662
0.662
0.231687
0.329439
0.0212063
0.25178
0.662
0.662
0.381053
0.662
0.662
0.662
0.662
0.0539618
0.0961195
0.522679
0.662
0.454743
0.662
0.0389935
0.220952
0.662
0.455524
0.579623
0.439598
0.662
0.216733
0.307135
0.662
0.216508
0.662
0.55187
0.0595225
0.163152
0.662
0.662
0.662
0.454741
0.662
0.273917
0.662
0.311806
0.383556
0.402429
0.623487
0.383065
0.662
0.662
0.662
0.0566889
0.662
0.552846
0.662
0.662
0.569656
0.662
0.296385
0.662
0.45458
0.0765402
0.662
0.315118
0.662
0.45816
0.662
0.662
0.458656
0.662
0.450355
0.449428
0.662
0.364024
0.662
0.662
0.193956
0.17282
0.44231
0.662
0.662
0.662
0.0218044
0.662
0.662
0.451442
0.662
0.38871
0.0127793
0.415063
0.265841
0.662
0.316652
0.240387
0.374952
0.315776
0.261714
0.662
0.662
0.662
0.662
0.126691
0.662
0.662
0.662
0.662
0.402892
0.662
0.662
0.0264207
0.662
0.662
0.662
0.233892
0.662
0.3393
0.662
0.377209
0.0837793
0.662
0.0499855
0.662
0.0669133
0.334551
0.324826
0.303395
0.662
0.662
0.662
0.662
0.0334316
0.228244
0.187915
0.662
0.662
0.662
0.662
0.662
0.325199
0.460349
0.662
0.0451709
0.326584
0.433005
0.232567
0.662
0.131252
0.126364
0.662
0.662
0.662
0.00141415
0.662
0.662
0.662
0.662
0.662
0.434752
0.662
0.0521599
0.662
0.437918
0.662
0.662
0.662
0.662
0.000687858
0.662
0.662
0.662
0.662
0.269567
0.662
0.662
0.662
0.662
0.0162133
0.662
0.662
0.0216628
0.147747
0.662
0.662
0.662
0.468244
0.274682
0.0801816
0.224044
0.662
0.472237
0.208626
0.415835
0.662
0.662
0.115142
0.662
0.662
0.556191
0.228038
0.279501
0.396912
0.342686
0.488438
0.171145
0.662
0.235751
0.662
0.662
0.662
0.662
0.198986
0.0476677
0.481928
0.00984394
0.120791
0.662
0.257172
0.162673
0.662
0.00568104
0.662
0.662
0.662
0.662
0.662
0.662
0.0252707
0.377948
0.453577
0.662
0.302826
0.275021
0.662
0.183302
0.488459
0.384928
0.189929
0.196081
0.662
0.0309035
0.662
0.662
0.662
0.662
0.148273
0.662
0.662
0.467693
0.662
0.32329
0.662
0.230537
0.441495
0.255584
0.333436
0.184878
0.158815
0.662
0.32698
0.662
0.662
0.662
0.662
0.156696
0.662
0.190675
0.224885
0.0342756
0.337135
0.456533
0.201511
0.662
0.662
0.662
0.380449
0.662
0.662
0.0640554
0.379978
0.662
0.18337
0.434107
0.0204188
0.662
0.28595
0.636928
0.117663
0.370976
0.662
0.662
0.211809
0.662
0.0163324
0.596278
0.662
0.391427
0.448626
0.662
0.662
0.662
0.662
0.232761
0.662
0.662
0.468034
0.662
0.662
0.609113
0.662
0.662
0.662
0.291026
0.662
0.159616
0.232934
0.662
0.0288193
0.0389083
0.662
0.662
0.320254
0.662
0.662
0.0744542
0.662
0.451543
0.416483
0.22197
0.662
0.662
0.662
0.662
0.662
0.662
0.662
0.382263
0.397988
0.370366
0.662
0.662
0.662
0.0907647
0.662
0.248035
0.271549
0.0183258
0.429105
0.662
0.662
0.662
0.662
0.662
0.662
0.662
0.662
0.662
0.0988914
0.662
0.662
0.629286
0.489223
0.662
0.514794
0.662
0.0405951
0.662
0.662
0.191769
0.118067
0.662
0.0226921
0.662
0.266714
0.662
0.177906
0.215484
0.662
0.0791223
0.268996
0.516747
0.662
0.0498149
0.662
0.662
0.171827
0.0782478
0.240716
0.216028
0.662
0.662
0.662
0.210946
0.318644
0.239249
0.662
0.358677
0.662
0.662
0.342593
0.188486
0.632763
0.292907
0.662
0.662
0.662
0.0560426
0.662
0.370269
0.401384
0.16906
0.276803
0.436313
0.151673
0.472112
0.0640773
0.662
0.175754
0.662
0.310247
0.662
0.228842
0.0461345
0.279792
0.662
0.662
0.616759
0.662
0.662
0.662
0.662
0.440085
0.183188
0.662
0.662
0.662
0.662
0.0236168
0.116629
0.0226837
0.662
0.662
0.662
0.360282
0.447006
0.0932106
0.256407
0.662
0.219792
0.0163997
0.42173
0.662
0.295887
0.48775
0.662
0.662
0.662
0.662
0.237375
0.20608
0.28934
0.662
0.313806
0.438323
0.627144
0.19504
0.662
0.0463222
0.53976
0.662
0.111265
0.662
0.662
0.662
0.376687
0.662
0.662
0.662
0.662
0.0170404
0.662
0.662
0.662
0.662
0.662
0.662
0.00765421
0.662
0.662
0.0653309
0.169009
0.662
0.662
0.662
0.374225
0.662
0.662
0.662
0.0207437
0.408104
0.662
0.662
0.404051
0.662
0.500959
0.257401
0.214909
0.451601
0.662
0.662
0.662
0.662
0.662
0.322821
0.662
0.459865
0.662
0.662
0.662
0.173518
0.0478653
0.662
0.36727
0.236352
0.662
0.662
0.432267
0.057204
0.662
0.38047
0.0416436
0.662
0.303803
0.230402
0.349385
0.400297
0.662
0.662
0.662
0.18117
0.662
0.662
0.594871
0.662
0.662
0.662
0.662
0.662
0.0780369
0.662
0.662
0.662
0.662
0.662
0.662
0.662
0.662
0.662
0.662
0.443885
0.662
0.662
0.196802
0.662
0.472995
0.662
0.066559
0.662
0.00315307
0.367407
0.0123641
0.662
0.662
0.418269
0.662
0.662
0.452318
0.486947
0.061309
0.662
0.159234
0.243775
0.0697125
0.662
0.466572
0.662
0.188737
0.299075
0.662
0.623175
0.662
0.662
0.662
0.443321
0.280314
0.662
0.131483
0.0901392
0.4716
0.662
0.302438
0.662
0.418505
0.662
0.1832
0.257905
0.662
0.246477
0.662
0.662
0.662
0.662
0.103196
0.0298042
0.30265
0.662
0.662
0.662
0.278359
0.662
0.662
0.00828178
0.662
0.662
0.39787
0.662
0.662
0.662
0.40634
0.662
0.0521204
0.662
0.662
0.281994
0.662
0.662
0.349843
0.662
0.296262
0.489514
0.211702
0.225041
0.0213904
0.0873175
0.662
0.662
0.426806
0.662
0.138563
0.662
0.662
0.47253
0.662
0.662
0.137792
0.662
0.662
0.23212
0.662
0.662
0.355344
0.662
0.508794
0.662
0.662
0.662
0.662
0.0730868
0.146084
0.269911
0.662
0.189303
0.662
0.662
0.662
0.662
0.662
0.662
0.326866
0.298291
0.662
0.662
0.0440872
0.662
0.662
0.162777
0.168863
0.662
0.662
0.662
0.662
0.662
0.353303
0.429359
0.662
0.662
0.662
0.374449
0.0631085
0.0738584
0.286149
0.662
0.447591
0.226881
0.142973
0.44991
0.184687
0.136469
0.662
0.662
0.662
0.662
0.662
0.662
0.662
0.395244
0.477264
0.662
0.197985
0.285082
0.662
0.662
0.0930393
0.662
0.233446
0.662
0.433217
0.662
0.662
0.662
0.662
0.337259
0.662
0.332173
0.662
0.444817
0.662
0.156711
0.662
0.662
0.662
0.403332
0.42625
0.662
0.397486
0.151642
0.400548
0.29543
0.424564
0.35746
0.441397
0.228969
0.662
0.662
0.484312
0.662
0.662
0.662
0.17716
0.34434
0.499967
0.662
0.408217
0.662
0.662
0.662
0.0715193
0.662
0.662
0.662
0.207145
0.276647
0.470351
0.662
0.394953
0.270184
0.662
0.164914
0.458288
0.662
0.662
0.341345
0.0606773
0.194863
0.662
0.662
0.172585
0.0536826
0.662
0.662
0.390607
0.217672
0.662
0.623327
0.662
0.662
0.662
0.662
0.181837
0.662
0.330933
0.662
0.662
0.662
0.662
0.662
0.166708
0.0775864
0.662
0.662
0.662
0.662
0.335942
0.662
0.498747
0.662
0.266342
0.282994
0.280141
0.662
0.662
0.34956
0.662
0.110744
0.662
0.200417
0.662
0.662
0.662
0.122588
0.662
0.662
0.338993
0.021152
0.662
0.662
0.662
0.323018
0.662
0.662
0.662
0.323843
0.316156
0.0145918
0.0863967
0.0694894
0.262834
0.662
0.662
0.266616
0.215253
0.142871
0.0521056
0.559175
0.0418448
0.662
0.662
0.662
0.662
0.662
0.272055
0.662
0.662
0.662
0.277148
0.202828
0.662
0.243739
0.662
0.662
0.0558527
0.662
0.662
0.662
0.347715
0.662
0.662
0.060966
0.662
0.662
0.662
0.662
0.662
0.382628
0.633677
0.662
0.662
0.662
0.662
0.34125
0.662
0.0269611
0.16276
0.662
0.33845
0.515142
0.475289
0.662
0.662
0.662
0.0344402
0.0197704
0.438858
0.662
0.361355
0.24877
0.277808
0.112513
0.247712
0.048104
0.662
0.662
0.662
0.662
0.534094
0.459011
0.152873
0.662
0.662
0.662
0.0600711
0.380452
0.274951
0.388003
0.662
0.662
0.098709
0.285767
0.204231
0.662
0.662
0.662
0.662
0.445454
0.291231
0.325779
0.662
0.29781
0.662
0.662
0.146854
0.662
0.662
0.14717
0.0340748
0.662
0.301871
0.51182
0.47045
0.235728
0.662
0.000679859
0.418767
0.662
0.0263939
0.327779
0.122195
0.160675
0.0488439
0.0458679
0.358359
0.452557
0.13816
0.450975
0.662
0.662
0.662
0.662
0.662
0.111396
0.117457
0.332844
0.378231
0.662
0.500888
0.662
0.355037
0.248724
0.662
0.662
0.662
0.662
0.496844
0.662
0.364301
0.0295716
0.662
0.662
0.537553
0.643061
0.160686
0.420166
0.363479
0.662
0.662
0.662
0.25782
0.662
0.331047
0.446408
0.417509
0.392011
0.456755
0.313606
0.662
0.662
0.662
0.323152
0.662
0.662
0.0119653
0.662
0.247375
0.662
0.662
0.133977
0.651987
0.124996
0.338599
0.530708
0.296521
0.23159
0.325624
0.662
0.306615
0.201536
0.123791
0.662
0.662
0.185529
0.170561
0.662
0.662
0.662
0.466826
0.33242
0.662
0.662
0.283087
0.306138
0.662
0.0624321
0.662
0.662
0.662
0.0211726
0.662
0.662
0.662
0.662
0.662
0.662
0.181986
0.662
0.623302
0.662
0.379641
0.33489
0.662
0.662
0.290653
0.363773
0.662
0.276245
0.358552
0.662
0.224631
0.662
0.662
0.209417
0.0393468
0.662
0.662
0.662
0.0895313
0.416613
0.662
0.662
0.415783
0.50288
0.662
0.662
0.662
0.156166
0.344533
0.662
0.38692
0.317075
0.662
0.662
0.335017
0.662
0.244349
0.662
0.136185
0.662
0.275147
0.662
0.0172265
0.662
0.0378459
0.0648029
0.467276
0.662
0.662
0.662
0.0367726
0.192101
0.662
0.662
0.554777
0.662
0.436688
0.310881
0.149621
0.243714
0.662
0.662
0.392751
0.662
0.662
0.0936275
0.662
0.0269574
0.341438
0.662
0.458813
0.128469
0.222993
0.257176
0.662
0.355157
0.662
0.662
0.464907
0.252971
0.662
0.662
0.436221
0.504746
0.0819772
0.34382
0.112385
0.662
0.235862
0.136984
0.662
0.662
0.107733
0.00386671
0.396871
0.155782
0.181189
0.662
0.662
0.461982
0.662
0.432797
0.662
0.570044
0.291625
0.51265
0.662
0.237424
0.662
0.662
0.662
0.131125
0.351837
0.662
0.662
0.662
0.662
0.662
0.662
0.662
0.00153592
0.662
0.662
0.662
0.464188
0.662
0.0499088
0.291594
0.241826
0.252543
0.662
0.662
0.662
0.662
0.597884
0.662
0.44069
0.0389517
0.662
0.662
0.37379
0.662
0.0259732
0.271736
0.182472
0.662
0.101439
0.409105
0.051966
0.662
0.662
0.153842
0.662
0.662
0.662
0.433956
0.144139
0.319425
0.455219
0.432204
0.066593
0.662
0.662
0.256203
0.420692
0.403922
0.27533
0.132241
0.0492164
0.396407
0.125172
0.193005
0.0552702
0.238951
0.0484029
0.662
0.662
0.662
0.662
0.163314
0.662
0.206513
0.343209
0.150124
0.399222
0.075462
0.128979
0.662
0.321252
0.662
0.302071
0.662
0.597161
0.146301
0.239212
0.231474
0.0279362
0.662
0.662
0.662
0.453782
0.194761
0.238588
0.662
0.662
0.160972
0.479948
0.662
0.662
0.662
0.328658
0.662
0.216513
0.662
0.662
0.514663
0.112216
0.201703
0.366248
0.255474
0.662
0.662
0.662
0.662
0.662
0.253597
0.166635
0.436329
0.0348437
0.445922
0.401043
0.0102094
0.0902153
0.560678
0.662
0.662
0.538064
0.662
0.163819
0.0625405
0.103283
0.0206706
0.452281
0.102932
0.0794064
0.298366
0.662
0.662
0.0420124
0.0284189
0.662
0.662
0.0537002
0.378404
0.150615
0.305024
0.153066
0.194346
0.441028
0.662
0.662
0.662
0.19645
0.662
0.662
0.662
0.662
0.149409
0.161046
0.141129
0.662
0.146066
0.662
0.140585
0.415972
0.662
0.441258
0.662
0.662
0.421634
0.662
0.196214
0.662
0.662
0.462725
0.513604
0.452154
0.662
0.662
0.662
0.662
0.662
0.193057
0.249496
0.662
0.662
0.662
0.491554
0.110126
0.662
0.662
0.260588
0.662
0.231212
0.662
0.315109
0.662
0.227239
0.204527
0.508429
0.662
0.460512
0.662
0.662
0.0183297
0.662
0.662
0.078225
0.559091
0.0422973
0.662
0.241657
0.662
0.662
0.662
0.662
0.496182
0.474832
0.662
0.079381
0.662
0.662
0.662
0.289061
0.662
0.393695
0.366425
0.0292039
0.662
0.19959
0.662
0.464524
0.662
0.662
0.662
0.662
0.662
0.662
0.662
0.662
0.662
0.662
0.662
0.662
0.145339
0.662
0.37694
0.662
0.662
0.395114
0.662
0.662
0.662
0.662
0.662
0.470732
0.276851
0.0581131
0.662
0.662
0.182319
0.662
0.662
0.662
0.366284
0.662
0.21073
0.662
0.662
0.662
0.379155
0.0607395
0.662
0.662
0.662
0.282059
0.475901
0.407311
0.241611
0.662
0.662
0.662
0.662
0.564569
0.34325
0.662
0.125025
0.662
0.0709713
0.426909
0.662
0.662
0.662
0.662
0.662
0.448472
0.091827
0.0673651
0.662
0.0837389
0.662
0.542675
0.662
0.309768
0.662
0.0432173
0.232966
0.662
0.662
0.428946
0.443147
0.662
0.271816
0.662
0.662
0.0438649
0.662
0.158864
0.0369142
0.333813
0.662
0.662
0.570981
0.662
0.193652
0.662
0.662
0.662
0.124981
0.662
0.461616
0.662
0.662
0.141397
0.662
0.662
0.074586
0.662
0.662
0.248285
0.36547
0.218018
0.662
0.662
0.27723
0.216145
0.662
0.662
0.662
0.662
0.662
0.662
0.275083
0.180185
0.662
0.211126
0.389114
0.460358
0.185191
0.662
0.103657
0.370536
0.662
0.662
0.0767715
0.662
0.662
0.347413
0.662
0.662
0.662
0.0278477
0.188384
0.0461577
0.662
0.31392
0.391158
0.186602
0.533799
0.372044
0.662
0.662
0.282107
0.662
0.662
0.662
0.0963121
0.295993
0.200052
0.433089
0.662
0.662
0.0507053
0.662
0.464525
0.433533
0.391695
0.662
0.15007
0.662
0.117868
0.380549
0.181693
0.0243474
0.662
0.446386
0.662
0.275059
0.386647
0.662
0.432972
0.662
0.662
0.662
0.662
0.662
0.253957
0.662
0.662
0.467091
0.156049
0.662
0.662
0.662
0.662
0.424321
0.662
0.662
0.337237
0.662
0.662
0.425095
0.662
0.662
0.662
0.245
0.0436144
0.260465
0.662
0.00131586
0.662
0.662
0.662
0.662
0.539534
0.110318
0.20888
0.662
0.662
0.514371
0.580762
0.0898998
0.662
0.662
0.662
0.310114
0.617622
0.662
0.341515
0.219699
0.662
0.662
0.298792
0.525918
0.267204
0.127291
0.662
0.662
0.662
0.109897
0.310231
0.662
0.662
0.662
0.662
0.662
0.662
0.367167
0.662
0.096794
0.662
0.662
0.0632073
0.232129
0.262444
0.191014
0.662
0.662
0.0603171
0.662
0.270579
0.409204
0.662
0.381156
0.662
0.54069
0.183181
0.258797
0.63339
0.00543808
0.335737
0.222863
0.662
0.103463
0.171975
0.662
0.662
0.662
0.662
0.34103
0.662
0.662
0.3839
0.662
0.662
0.442805
0.118359
0.0871423
0.662
0.235861
0.662
0.662
0.662
0.10089
0.662
0.662
0.662
0.662
0.662
0.510533
0.293417
0.370872
0.662
0.662
0.662
0.205259
0.140939
0.190748
0.662
0.662
0.0108603
0.42421
0.662
0.244302
0.610321
0.0634411
0.662
0.662
0.662
0.662
0.662
0.662
0.662
0.662
0.662
0.662
0.662
0.191083
0.207008
0.0656662
0.503539
0.662
0.309212
0.0462572
0.662
0.43059
0.483465
0.662
0.278965
0.662
0.403056
0.662
0.0927049
0.662
0.0181029
0.238724
0.584659
0.662
0.185181
0.476602
0.247965
0.662
0.662
0.466369
0.662
0.459648
0.662
0.662
0.662
0.662
0.662
0.662
0.662
0.49223
0.662
0.662
0.662
0.662
0.662
0.446658
0.662
0.161871
0.241118
0.368327
0.153184
0.354147
0.205035
0.662
0.662
0.159544
0.662
0.662
0.201029
0.662
0.402031
0.662
0.409103
0.662
0.662
0.116295
0.662
0.167212
0.323043
0.662
0.662
0.486075
0.662
0.0370583
0.662
0.100262
0.662
0.372766
0.662
0.644876
0.169559
0.100066
0.662
0.456266
0.557115
0.662
0.191303
0.662
0.662
0.371955
0.662
0.662
0.662
0.662
0.332955
0.455364
0.20363
0.662
0.257975
0.367197
0.109579
0.388419
0.0496588
0.302611
0.662
0.0964083
0.362818
0.358117
0.662
0.662
0.0322041
0.144852
0.221286
0.662
0.362167
0.662
0.662
0.300511
0.662
0.662
0.296632
0.662
0.0636906
0.416316
0.166073
0.175928
0.379723
0.52807
0.662
0.300631
0.239397
0.0478748
0.0205522
0.152531
0.0562202
0.133593
0.662
0.662
0.662
0.00258356
0.233814
0.662
0.662
0.239448
0.0466047
0.662
0.662
0.323631
0.662
0.662
0.662
0.662
0.662
0.662
0.0948431
0.662
0.662
0.466089
0.662
0.662
0.662
0.430146
0.136588
0.662
0.281848
0.662
0.335466
0.0926392
0.662
0.662
0.662
0.662
0.231652
0.0736886
0.662
0.662
0.282946
0.662
0.639466
0.092869
0.180421
0.662
0.380568
0.662
0.662
0.379288
0.463973
0.662
0.662
0.662
0.662
0.662
0.662
0.312626
0.0385974
0.662
0.513931
0.662
0.0733259
0.0403639
0.228783
0.662
0.319945
0.662
0.662
0.662
0.662
0.182768
0.407983
0.445054
0.662
0.662
0.471557
0.372994
0.170159
0.246504
0.133207
0.662
0.366185
0.662
0.662
0.662
0.461417
0.662
0.353612
0.00698764
0.406569
0.0300187
0.242919
0.662
0.231159
0.548812
0.662
0.446175
0.662
0.442078
0.662
0.237588
0.662
0.662
0.036972
0.477423
0.662
0.662
0.662
0.312223
0.662
0.241731
0.198337
0.662
0.307264
0.24398
0.662
0.119246
0.472573
0.662
0.10937
0.228543
0.0274429
0.662
0.434125
0.0670914
0.662
0.0623441
0.23038
0.272304
0.296602
0.368113
0.662
0.125198
0.662
0.662
0.662
0.217872
0.662
0.662
0.325461
0.259591
0.662
0.662
0.662
0.376111
0.0698386
0.47626
0.266107
0.662
0.265174
0.662
0.662
0.432956
0.422948
0.662
0.312152
0.423762
0.380863
0.662
0.662
0.662
0.395514
0.662
0.350547
0.475343
0.662
0.662
0.662
0.0538087
0.0163348
0.662
0.662
0.662
0.410506
0.662
0.203094
0.467835
0.662
0.432098
0.0539644
0.662
0.416915
0.662
0.0449865
0.416858
0.199739
0.387057
0.662
0.662
0.235376
0.0166136
0.662
0.662
0.474764
0.465832
0.662
0.138316
0.252726
0.662
0.662
0.662
0.662
0.662
0.393855
0.317014
0.662
0.662
0.662
0.662
0.457134
0.355526
0.662
0.662
0.16208
0.662
0.112491
0.662
0.643621
0.234637
0.662
0.662
0.460103
0.203988
0.363555
0.662
0.0380712
0.662
0.662
0.662
0.041959
0.46491
0.662
0.140236
0.662
0.662
0.662
0.662
0.20196
0.442443
0.662
0.662
0.282267
0.270457
0.662
0.498404
0.407714
0.0487343
0.375967
0.662
0.33497
0.662
0.662
0.255818
0.662
0.662
0.662
0.206738
0.662
0.662
0.0926169
0.0793776
0.662
0.296083
0.0354726
0.662
0.662
0.662
0.662
0.662
0.662
0.123191
0.662
0.662
0.190736
0.662
0.219652
0.47092
0.124263
0.662
0.662
0.433155
0.662
0.662
0.335816
0.662
0.662
0.662
0.662
0.662
0.662
0.662
0.362175
0.57851
0.339961
0.662
0.662
0.217329
0.00756415
0.662
0.31467
0.00296672
0.662
0.381125
0.662
0.357704
0.662
0.434946
0.662
0.662
0.662
0.662
0.662
0.662
0.662
0.662
0.662
0.561395
0.335256
0.436113
0.662
0.662
0.126669
0.480675
0.662
0.662
0.0100996
0.662
0.0914068
0.228071
0.528097
0.662
0.662
0.47235
0.0641641
0.380768
0.350475
0.173983
0.503401
0.662
0.662
0.63339
0.195283
0.128229
0.105251
0.537337
0.662
0.662
0.0243271
0.316441
0.662
0.662
0.662
0.0771454
0.0643306
0.370492
0.662
0.213685
0.662
0.662
0.245483
0.662
0.662
0.662
0.431495
0.662
0.34715
0.662
0.313929
0.662
0.331535
0.218851
0.662
0.0781194
0.460533
0.662
0.662
0.662
0.382581
0.662
0.0213691
0.662
0.396491
0.662
0.0742172
0.207359
0.0123615
0.207648
0.265353
0.473939
0.469078
0.217842
0.662
0.394894
0.662
0.439463
0.662
0.385607
0.311443
0.662
0.123294
0.393291
0.0961724
0.467098
0.400296
0.662
0.0203531
0.662
0.16042
0.281406
0.632838
0.493451
0.447961
0.662
0.576828
0.347401
0.662
0.0870248
0.335526
0.662
0.662
0.369984
0.323087
0.331574
0.213996
0.662
0.119109
0.662
0.293931
0.662
0.662
0.470281
0.33338
0.0976902
0.228028
0.228486
0.662
0.662
0.214804
0.175651
0.662
0.662
0.629706
0.403493
0.259428
0.662
0.00971531
0.662
0.662
0.0116953
0.662
0.0345595
0.208587
0.00411899
0.662
0.360912
0.662
0.662
0.662
0.662
0.662
0.662
0.662
0.662
0.662
0.206976
0.662
0.218312
0.334224
0.109485
0.0624207
0.331094
0.662
0.662
0.662
0.662
0.662
0.0636206
0.662
0.361989
0.662
0.342372
0.662
0.365658
0.47985
0.137968
0.662
0.259783
0.662
0.240895
0.395626
0.140717
0.662
0.468458
0.512015
0.662
0.662
0.662
0.662
0.178254
0.662
0.662
0.662
0.662
0.662
0.662
0.314123
0.426057
0.662
0.187147
0.662
0.662
0.662
0.662
0.428197
0.449439
0.662
0.0931738
0.45637
0.662
0.662
0.201447
0.662
0.662
0.243895
0.28194
0.177042
0.662
0.487954
0.108874
0.662
0.662
0.662
0.119927
0.277602
0.662
0.662
0.19289
0.394437
0.662
0.662
0.629355
0.419537
0.164683
0.204227
0.662
0.662
0.281175
0.162046
0.662
0.662
0.314523
0.662
0.662
0.479635
0.662
0.290667
0.314874
0.250423
0.0849127
0.662
0.496295
0.662
0.375601
0.662
0.662
0.662
0.555727
0.385162
0.662
0.662
0.0495953
0.22791
0.0127102
0.662
0.193922
0.662
0.662
0.471134
0.662
0.662
0.662
0.662
0.185581
0.355195
0.662
0.662
0.296304
0.472253
0.662
0.16007
0.662
0.46493
0.662
0.662
0.219672
0.248573
0.662
0.196873
0.662
0.662
0.662
0.288339
0.662
0.662
0.459391
0.348501
0.454872
0.662
0.662
0.662
0.37874
0.662
0.662
0.662
0.662
0.501742
0.206674
0.662
0.0748462
