0.313319
0.35574
0.662
0.444205
0.116583
0.662
0.554859
0.265562
0.255016
0.32624
0.662
0.662
0.0156016
0.662
0.662
0.662
0.4349
0.662
0.662
0.467863
0.315289
0.0910099
0.662
0.0920119
0.662
0.662
0.662
0.662
0.662
0.0731785
0.0849518
0.347783
0.0658761
0.662
0.662
0.662
0.114028
0.662
0.662
0.662
0.357693
0.662
0.662
0.662
0.466453
0.662
0.662
0.356294
0.213362
0.662
0.662
0.662
0.662
0.662
0.662
0.397127
0.0349845
0.314332
0.662
0.662
0.278606
0.115679
0.662
0.296042
0.662
0.662
0.336722
0.22602
0.0563133
0.351471
0.662
0.0344683
0.662
0.515384
0.198359
0.198075
0.662
0.180962
0.360143
0.569455
0.662
0.662
0.662
0.662
0.662
0.445079
0.114077
0.223839
0.662
0.114494
0.000532356
0.623744
0.662
0.662
0.662
0.662
0.662
0.662
0.662
0.299071
0.0181427
0.662
0.662
0.292101
0.662
0.662
0.662
0.247984
0.662
0.662
0.662
0.662
0.155298
0.285771
0.662
0.237849
0.662
0.662
0.0525592
0.470775
0.430931
0.430098
0.135248
0.662
0.662
0.662
0.662
0.467287
0.662
0.662
0.662
0.662
0.662
0.662
0.662
0.662
0.111856
0.662
0.242095
0.372913
0.662
0.461307
0.221869
0.662
0.464402
0.431733
0.439426
0.271716
0.044733
0.519952
0.242988
0.327022
0.0329946
0.662
0.292988
0.662
0.452896
0.00555132
0.334504
0.662
0.662
0.662
0.662
0.662
0.662
0.246839
0.491589
0.0494776
0.424661
0.662
0.434884
0.477217
0.0418177
0.662
0.147964
0.360242
0.206849
0.662
0.207737
0.662
0.662
0.662
0.100688
0.464102
0.140412
0.354019
0.363147
0.662
0.379214
0.662
0.243942
0.662
0.662
0.0222154
0.662
0.374725
0.290263
0.662
0.494861
0.662
0.662
0.662
0.494246
0.00280782
0.662
0.662
0.662
0.181585
0.436479
0.662
0.440001
0.292738
0.554683
0.316078
0.662
0.454529
0.00565435
0.662
0.662
0.308614
0.662
0.662
0.240758
0.00109355
0.448106
0.59926
0.190602
0.662
0.662
0.662
0.662
0.662
0.662
0.662
0.662
0.0666258
0.662
0.662
0.187611
0.268812
0.662
0.277101
0.662
0.662
0.662
0.662
0.662
0.426336
0.662
0.662
0.662
0.662
0.662
0.662
0.662
0.390486
0.662
0.185993
0.662
0.662
0.100844
0.662
0.662
0.336878
0.216465
0.662
0.662
0.466655
0.662
0.662
0.438107
0.662
0.187433
0.0924205
0.662
0.662
0.280585
0.165272
0.287841
0.662
0.488143
0.662
0.662
0.372518
0.548903
0.394469
0.109215
0.540938
0.662
0.575828
0.32359
0.662
0.131538
0.360483
0.215545
0.662
0.662
0.0915576
0.662
0.662
0.127116
0.662
0.349065
0.662
0.662
0.0881729
0.662
0.662
0.487311
0.662
0.104003
0.176057
0.662
0.325087
0.00505563
0.647119
0.299517
0.422363
0.662
0.185984
0.662
0.662
0.662
0.662
0.662
0.0495673
0.662
0.662
0.347701
0.662
0.468548
0.662
0.149965
0.662
0.662
0.412129
0.662
0.390181
0.517092
0.662
0.380163
0.0792166
0.386034
0.662
0.662
0.662
0.301384
0.662
0.227256
0.662
0.662
0.662
0.662
0.662
0.662
0.662
0.662
0.662
0.247041
0.168439
0.662
0.354055
0.152137
0.0972942
0.329435
0.662
0.0694903
0.662
0.662
0.662
0.15289
0.0774505
0.662
0.246631
0.517108
0.308761
0.532084
0.662
0.390557
0.189442
0.662
0.662
0.473016
0.00764009
0.476855
0.662
0.662
0.662
0.421074
0.662
0.662
0.662
0.662
0.662
0.346772
0.662
0.662
0.662
0.415597
0.029759
0.662
0.662
0.243052
0.0824756
0.506983
0.662
0.662
0.128661
0.429487
0.662
0.662
0.079585
0.662
0.186875
0.322692
0.662
0.185637
0.181898
0.238619
0.662
0.662
0.0746075
0.1059
0.662
0.662
0.662
0.210941
0.0372805
0.662
0.42577
0.662
0.662
0.662
0.566462
0.662
0.010814
0.662
0.662
0.662
0.662
0.435064
0.662
0.662
0.662
0.272586
0.0344616
0.662
0.347165
0.527993
0.632053
0.662
0.662
0.662
0.662
0.12011
0.662
0.227131
0.662
0.0428387
0.662
0.195836
0.662
0.662
0.662
0.381003
0.662
0.452124
0.662
0.466193
0.662
0.349753
0.662
0.187222
0.298666
0.360937
0.628595
0.662
0.662
0.662
0.662
0.0152356
0.662
0.0375064
0.205079
0.662
0.256816
0.188519
0.45582
0.253867
0.662
0.346638
0.460782
0.662
0.662
0.662
0.253221
0.386394
0.662
0.662
0.662
0.0535117
0.662
0.662
0.367804
0.0948981
0.212219
0.415185
0.0103384
0.662
0.662
0.662
0.0590968
0.0173626
0.452275
0.662
0.0900043
0.662
0.662
0.376369
0.349839
0.344798
0.144989
0.662
0.163304
0.662
0.662
0.662
0.662
0.57168
0.323916
0.218662
0.662
0.344532
0.662
0.662
0.0323541
0.302248
0.662
0.0591367
0.178119
0.662
0.662
0.0461952
0.609391
0.662
0.458575
0.435281
0.662
0.353885
0.662
0.144668
0.0603688
0.317861
0.662
0.662
0.662
0.662
0.662
0.168495
0.662
0.0896608
0.112892
0.662
0.662
0.662
0.00913554
0.390826
0.662
0.243978
0.662
0.662
0.0535329
0.266906
0.662
0.0195015
0.662
0.30972
0.082338
0.662
0.662
0.662
0.662
0.662
0.662
0.662
0.357704
0.251255
0.662
0.662
0.662
0.355395
0.662
0.162862
0.662
0.662
0.662
0.368699
0.662
0.0413795
0.565184
0.0300361
0.662
0.662
0.273834
0.662
0.662
0.174725
0.662
0.662
0.662
0.662
0.36054
0.662
0.0651266
0.161073
0.662
0.397141
0.344036
0.662
0.662
0.662
0.662
0.229444
0.662
0.662
0.440468
0.662
0.662
0.662
0.300728
0.273618
0.456603
0.662
0.662
0.662
0.662
0.303979
0.0650622
0.641456
0.398828
0.662
0.274874
0.662
0.662
0.485364
0.662
0.272066
0.224302
0.361086
0.452608
0.0766116
0.662
0.662
0.662
0.662
0.662
0.662
0.662
0.662
0.662
0.160796
0.107749
0.471679
0.662
0.0555462
0.39096
0.662
0.412929
0.662
0.0436562
0.268216
0.662
0.45666
0.225932
0.311792
0.245471
0.662
0.193553
0.662
0.0386913
0.662
0.662
0.662
0.662
0.662
0.662
0.130224
0.662
0.662
0.662
0.662
0.244863
0.662
0.267053
0.260075
0.170903
0.00859676
0.662
0.430242
0.662
0.662
0.662
0.662
0.662
0.373674
0.662
0.305971
0.662
0.125116
0.170607
0.662
0.662
0.662
0.662
0.550368
0.662
0.192633
0.0717814
0.386675
0.662
0.662
0.662
0.662
0.35719
0.035202
0.662
0.349066
0.303913
0.447866
0.322559
0.662
0.662
0.235923
0.662
0.662
0.132245
0.662
0.0110816
0.0274511
0.116524
0.662
0.662
0.385002
0.662
0.0199439
0.386601
0.454509
0.662
0.662
0.424237
0.172626
0.361129
0.662
0.441485
0.348282
0.328249
0.662
0.662
0.347577
0.662
0.662
0.0151136
0.00861328
0.0185271
0.0689439
0.00114005
0.292697
0.662
0.662
0.662
0.257116
0.387369
0.662
0.0394202
0.662
0.662
0.662
0.470569
0.109075
0.662
0.662
0.0324264
0.662
0.662
0.469477
0.0359515
0.45183
0.108922
0.662
0.133774
0.662
0.356446
0.614505
0.431274
0.119243
0.662
0.389897
0.194925
0.338497
0.256809
0.420442
0.00775179
0.662
0.662
0.662
0.201746
0.0605552
0.662
0.662
0.1531
0.662
0.662
0.173466
0.267722
0.662
0.470378
0.184724
0.662
0.662
0.279921
0.662
0.662
0.662
0.662
0.00081305
0.662
0.662
0.662
0.662
0.662
0.662
0.662
0.352701
0.662
0.231087
0.662
0.305489
0.662
0.662
0.0862973
0.662
0.662
0.0493855
0.0404485
0.400617
0.118858
0.0704433
0.475673
0.662
0.662
0.0709628
0.481022
0.301091
0.662
0.662
0.662
0.662
0.662
0.436196
0.662
0.662
0.127485
0.662
0.662
0.662
0.408216
0.0495469
0.0593541
0.00853962
0.274082
0.662
0.662
0.662
0.662
0.106732
0.178263
0.186677
0.481804
0.662
0.662
0.344489
0.662
0.662
0.662
0.662
0.434309
0.662
0.662
0.517279
0.381622
0.313198
0.662
0.0462948
0.103515
0.0613655
0.662
0.662
0.0453024
0.14327
0.236387
0.662
0.430154
0.398498
0.245832
0.316081
0.662
0.0977353
0.35339
0.165749
0.0967113
0.662
0.407739
0.569649
0.662
0.662
0.662
0.662
0.354922
0.291584
0.662
0.388961
0.450548
0.662
0.271107
0.662
0.662
0.0327244
0.662
0.263577
0.414202
0.662
0.258381
0.662
0.662
0.662
0.445861
0.450991
0.662
0.662
0.662
0.662
0.662
0.496776
0.662
0.160002
0.502583
0.662
0.662
0.00495052
0.313379
0.161377
0.43261
0.406736
0.662
0.166319
0.17582
0.326393
0.662
0.662
0.662
0.662
0.0824415
0.662
0.662
0.0172421
0.662
0.662
0.390691
0.20982
0.662
0.662
0.25286
0.471023
0.379409
0.662
0.662
0.662
0.262068
0.662
0.662
0.662
0.147378
0.228682
0.662
0.662
0.662
0.662
0.662
0.206717
0.662
0.529124
0.176865
0.0278004
0.621305
0.581983
0.61464
0.662
0.662
0.0280725
0.171854
0.662
0.662
0.370254
0.135944
0.662
0.662
0.662
0.662
0.662
0.662
0.143259
0.662
0.37563
0.385434
0.662
0.309287
0.232851
0.336343
0.662
0.662
0.662
0.662
0.662
0.662
0.365511
0.397937
0.194291
0.662
0.143302
0.662
0.142047
0.662
0.211436
0.662
0.662
0.448409
0.662
0.255494
0.597051
0.662
0.662
0.662
0.224901
0.662
0.341088
0.471667
0.0707945
0.662
0.662
0.353524
0.662
0.662
0.0246164
0.662
0.404161
0.662
0.662
0.662
0.662
0.382177
0.662
0.662
0.00782239
0.662
0.390894
0.121498
0.662
0.0324806
0.662
0.417876
0.662
0.662
0.205076
0.322071
0.662
0.418153
0.218915
0.390829
0.396952
0.57102
0.662
0.0430617
0.190484
0.145461
0.138046
0.0584727
0.662
0.662
0.450679
0.662
0.662
0.435697
0.662
0.45647
0.375002
0.436984
0.0469434
0.662
0.116879
0.662
0.303946
0.662
0.280766
0.662
0.662
0.365181
0.662
0.662
0.662
0.059657
0.416787
0.662
0.662
0.187594
0.662
0.372893
0.662
0.662
0.404712
0.662
0.269269
0.662
0.662
0.662
0.662
0.662
0.662
0.466095
0.662
0.662
0.366969
0.662
0.180174
0.662
0.662
0.297231
0.0617068
0.185293
0.662
0.662
0.398378
0.238947
0.662
0.453294
0.118439
0.662
0.662
0.209171
0.450614
0.662
0.662
0.662
0.357745
0.164492
0.662
0.124617
0.662
0.418564
0.4298
0.440096
0.284924
0.662
0.0522094
0.157589
0.539348
0.662
0.525402
0.275413
0.426432
0.16906
0.662
0.182062
0.047184
0.662
0.473935
0.662
0.461065
0.481012
0.662
0.140178
0.152375
0.662
0.662
0.662
0.662
0.662
0.662
0.18233
0.662
0.447843
0.662
0.662
0.662
0.662
0.662
0.392566
0.281427
0.662
0.662
0.662
0.662
0.662
0.662
0.662
0.662
0.443646
0.662
0.356817
0.310449
0.0367066
0.662
0.401894
0.662
0.254377
0.405849
0.123526
0.662
0.0929948
0.386911
0.0971916
0.662
0.662
0.662
0.0270472
0.297143
0.43668
0.662
0.662
0.662
0.662
0.662
0.662
0.662
0.378493
0.662
0.522892
0.662
0.151107
0.662
0.364573
0.662
0.114335
0.153187
0.662
0.662
0.662
0.141698
0.11968
0.135572
0.662
0.430268
0.0163577
0.233339
0.289632
0.662
0.662
0.662
0.662
0.325168
0.662
0.662
0.397581
0.662
0.662
0.217003
0.330478
0.662
0.662
0.322387
0.256704
0.662
0.662
0.0858609
0.469985
0.662
0.662
0.474864
0.394013
0.199345
0.662
0.193118
0.347486
0.411993
0.662
0.512756
0.591342
0.421854
0.286027
0.348753
0.662
0.662
0.250298
0.257405
0.620913
0.662
0.215303
0.254013
0.662
0.346086
0.373612
0.662
0.397766
0.662
0.177116
0.358557
0.662
0.662
0.0414227
0.332007
0.322698
0.662
0.00573762
0.50038
0.662
0.662
0.246264
0.662
0.662
0.662
0.662
0.662
0.662
0.662
0.503217
0.414308
0.662
0.662
0.662
0.0868423
0.662
0.662
0.662
0.278828
0.662
0.662
0.28099
0.662
0.0751367
0.662
0.195225
0.662
0.662
0.0592893
0.662
0.662
0.450994
0.390091
0.662
0.28577
0.662
0.17392
0.00291125
0.0967649
0.184358
0.662
0.662
0.351736
0.662
0.662
0.662
0.120929
0.662
0.37511
0.0153564
0.410355
0.662
0.00301689
0.662
0.662
0.256857
0.662
0.662
0.550629
0.228414
0.473694
0.662
0.662
0.418641
0.662
0.662
0.662
0.127855
0.662
0.205076
0.214425
0.662
0.31782
0.662
0.0217831
0.662
0.662
0.662
0.143264
0.662
0.107373
0.213769
0.245255
0.508438
0.662
0.662
0.662
0.662
0.662
0.452266
0.662
0.302267
0.662
0.575724
0.662
0.662
0.480377
0.662
0.662
0.357522
0.122505
0.662
0.212958
0.662
0.662
0.0431185
0.662
0.312549
0.662
0.662
0.662
0.662
0.662
0.323354
0.104565
0.0343766
0.662
0.172284
0.458335
0.662
0.662
0.662
0.662
0.662
0.662
0.662
0.236642
0.207428
0.243219
0.262718
0.662
0.30943
0.311191
0.0201734
0.662
0.143993
0.294356
0.662
0.476579
0.662
0.662
0.268772
0.25038
0.662
0.396675
0.662
0.662
0.457047
0.300115
0.387591
0.436413
0.0971869
0.662
0.662
0.662
0.012006
0.467199
0.121755
0.531326
0.662
0.329669
0.662
0.204833
0.39331
0.127327
0.0682118
0.182698
0.662
0.662
0.0540675
0.662
0.662
0.662
0.662
0.191542
0.662
0.0421201
0.662
0.231216
0.662
0.662
0.662
0.662
0.602844
0.336011
0.125067
0.662
0.425093
0.662
0.469028
0.662
0.662
0.397555
0.0892656
0.662
0.398351
0.662
0.0964603
0.662
0.662
0.393632
0.662
0.662
0.19121
0.662
0.662
0.662
0.13865
0.0578422
0.086798
0.662
0.0408914
0.662
0.26682
0.20174
0.662
0.359408
0.662
0.662
0.0816899
0.662
0.662
0.662
0.662
0.350941
0.346329
0.12944
0.410759
0.24687
0.428963
0.302404
0.662
0.180307
0.662
0.662
0.559121
0.46673
0.270225
0.469028
0.662
0.301116
0.47615
0.00274747
0.254564
0.662
0.662
0.347794
0.662
0.197037
0.414712
0.662
0.662
0.408553
0.228912
0.391738
0.662
0.662
0.038715
0.662
0.662
0.231687
0.662
0.662
0.441775
0.245387
0.616296
0.662
0.662
0.298661
0.0635129
0.662
0.428924
0.662
0.662
0.662
0.192584
0.162678
0.662
0.495876
0.662
0.409039
0.237465
0.254539
0.465214
0.19067
0.662
0.662
0.662
0.637825
0.38976
0.662
0.662
0.662
0.662
0.443795
0.662
0.662
0.662
0.662
0.662
0.23585
0.662
0.662
0.364127
0.662
0.662
0.662
0.662
0.662
0.662
0.662
0.0454069
0.195387
0.396203
0.662
0.173443
0.311221
0.300045
0.228747
0.662
0.447561
0.662
0.32449
0.189863
0.662
0.424919
0.662
0.37058
0.662
0.662
0.662
