0.662
0.434124
0.388682
0.52963
0.662
0.447255
0.252152
0.662
0.318382
0.662
0.13424
0.00963712
0.662
0.629383
0.662
0.00353376
0.367723
0.457703
0.116465
0.0357884
0.662
0.633128
0.250201
0.16608
0.421531
0.662
0.342273
0.539345
0.0171769
0.638822
0.0772523
0.662
0.662
0.0587606
0.662
0.662
0.190361
0.15099
0.288834
0.492067
0.391697
0.662
0.662
0.662
0.458898
0.65852
0.0344579
0.354829
0.234247
0.662
0.662
0.662
0.478483
0.259714
0.455764
0.419529
0.487897
0.249957
0.662
0.421614
0.662
0.440971
0.662
0.333453
0.0485431
0.14561
0.376851
0.353675
0.662
0.31379
0.20978
0.381232
0.662
0.442511
0.130101
0.662
0.662
0.551361
0.328261
0.662
0.00290817
0.662
0.24246
0.00824829
0.382529
0.662
0.662
0.662
0.172926
0.276002
0.00835514
0.128941
0.662
0.459062
0.269997
0.662
0.662
0.662
0.662
0.662
0.662
0.662
0.399609
0.662
0.662
0.0687074
0.29015
0.0894359
0.662
0.0180584
0.42201
0.0502723
0.662
0.662
0.0974399
0.0789653
0.329185
0.329264
0.410907
0.662
0.662
0.662
0.662
0.662
0.426439
0.426829
0.662
0.662
0.319385
0.662
0.476008
0.662
0.662
0.662
0.662
0.662
0.556552
0.662
0.323138
0.662
0.18493
0.343911
0.115062
0.662
0.45311
0.662
0.662
0.662
0.471094
0.0983498
0.662
0.662
0.662
0.0549724
0.270235
0.123571
0.662
0.662
0.449536
0.483581
0.311969
0.662
0.662
0.314388
0.0982038
0.662
0.0356108
0.662
0.0920201
0.662
0.662
0.662
0.662
0.662
0.662
0.429937
0.173133
0.00696491
0.662
0.0628283
0.418054
0.662
0.662
0.662
0.019679
0.662
0.424119
0.662
0.00843287
0.662
0.662
0.662
0.662
0.662
0.662
0.662
0.230889
0.662
0.662
0.662
0.457843
0.0453046
0.662
0.662
0.662
0.662
0.662
0.662
0.422723
0.340088
0.662
0.662
0.253731
0.0566246
0.525856
0.662
0.251687
0.662
0.662
0.662
0.662
0.662
0.221807
0.662
0.16752
0.39957
0.186279
0.662
0.15468
0.0192296
0.662
0.400783
0.172134
0.662
0.662
0.272196
0.662
0.123962
0.662
0.662
0.1043
0.221834
0.662
0.0542685
0.662
0.662
0.12704
0.151597
0.662
0.662
0.355165
0.261046
0.109085
0.462653
0.662
0.216513
0.662
0.239896
0.662
0.302183
0.112596
0.267305
0.662
0.352362
0.384788
0.0336913
0.662
0.18437
0.662
0.662
0.662
0.662
0.662
0.121782
0.24794
0.662
0.662
0.662
0.662
0.390234
0.662
0.10182
0.662
0.0769294
0.258741
0.662
0.662
0.662
0.662
0.0695368
0.662
0.662
0.131844
0.662
0.302822
0.662
0.324691
0.346502
0.662
0.662
0.662
0.148775
0.475987
0.415632
0.212606
0.662
0.114898
0.320168
0.050815
0.296124
0.662
0.302365
0.662
0.662
0.0112074
0.329228
0.017827
0.077643
0.252141
0.589708
0.249671
0.34933
0.662
0.345363
0.662
0.662
0.294801
0.137171
0.662
0.315696
0.598316
0.633694
0.662
0.662
0.0591922
0.174045
0.0318684
0.662
0.405135
0.436918
0.662
0.662
0.662
0.662
0.662
0.662
0.662
0.662
0.035557
0.662
0.662
0.662
0.391237
0.0209405
0.0758385
0.473829
0.662
0.662
0.662
0.662
0.662
0.357628
0.662
0.205874
0.662
0.662
0.662
0.287502
0.662
0.024509
0.662
0.662
0.232151
0.662
0.245626
0.662
0.458269
0.660314
0.662
0.662
0.239404
0.662
0.662
0.170866
0.30074
0.662
0.662
0.102809
0.511131
0.505903
0.633391
0.662
0.662
0.662
0.327014
0.28448
0.662
0.662
0.662
0.461489
0.662
0.358194
0.47315
0.662
0.285801
0.662
0.662
0.123087
0.662
0.662
0.662
0.174115
0.338812
0.0198662
0.0137374
0.662
0.662
0.662
0.472026
0.0422911
0.662
0.662
0.662
0.474094
0.662
0.662
0.662
0.662
0.662
0.0459107
0.662
0.662
0.662
0.433592
0.662
0.124109
0.662
0.295505
0.0504787
0.662
0.15612
0.662
0.662
0.404816
0.503852
0.3001
0.662
0.662
0.498152
0.662
0.662
0.662
0.662
0.0632634
0.143081
0.662
0.270608
0.159054
0.662
0.50292
0.423639
0.662
0.124042
0.662
0.662
0.24716
0.140822
0.314696
0.267839
0.301653
0.0414649
0.662
0.662
0.173718
0.662
0.0290621
0.516296
0.0962037
0.422793
0.345101
0.662
0.662
0.662
0.662
0.44321
0.662
0.106583
0.662
0.201015
0.10512
0.124232
0.347621
0.281767
0.662
0.662
0.499173
0.662
0.429025
0.662
0.27507
0.363804
0.0687972
0.662
0.160161
0.43719
0.662
0.662
0.434048
0.662
0.662
0.584706
0.240259
0.662
0.266233
0.662
0.662
0.662
0.0452286
0.438284
0.662
0.382652
0.662
0.662
0.467982
0.662
0.148286
0.0964033
0.662
0.039913
0.397952
0.471148
0.662
0.217696
0.662
0.662
0.151379
0.217811
0.083845
0.662
0.241147
0.249978
0.401837
0.662
0.662
0.336858
0.662
0.662
0.211275
0.0565339
0.200325
0.662
0.0192081
0.41684
0.537285
0.662
0.662
0.00540375
0.644995
0.662
0.662
0.433279
0.662
0.318529
0.649146
0.662
0.662
0.662
0.365481
0.662
0.363202
0.662
0.460642
0.662
0.397622
0.662
0.261234
0.662
0.662
0.662
0.30132
0.451804
0.275212
0.662
0.662
0.662
0.662
0.662
0.468021
0.307401
0.473929
0.662
0.662
0.662
0.191269
0.662
0.028773
0.0294288
0.227901
0.662
0.440757
0.140375
0.662
0.308361
0.251583
0.444655
0.0905135
0.662
0.0942804
0.662
0.191013
0.38861
0.662
0.662
0.662
0.430061
0.0153619
0.662
0.662
0.267752
0.145105
0.662
0.199161
0.662
0.45787
0.662
0.662
0.662
0.0558467
0.662
0.386354
0.292928
0.130599
0.352063
0.662
0.662
0.0402334
0.219713
0.0479419
0.466791
0.662
0.662
0.662
0.662
0.126949
0.0275808
0.662
0.210782
0.662
0.415185
0.662
0.044983
0.182769
0.44854
0.662
0.662
0.320988
0.348279
0.0790348
0.662
0.662
0.449509
0.144009
0.662
0.662
0.662
0.647651
0.214613
0.662
0.662
0.662
0.662
0.662
0.132136
0.359677
0.662
0.662
0.606747
0.291851
0.3412
0.382296
0.662
0.662
0.662
0.142697
0.403972
0.662
0.662
0.662
0.662
0.662
0.662
0.417278
0.351981
0.662
0.375707
0.295572
0.662
0.662
0.662
0.364073
0.012257
0.532334
0.662
0.489845
0.275505
0.315333
0.285052
0.662
0.662
0.662
0.538544
0.662
0.662
0.220298
0.662
0.662
0.662
0.662
0.428152
0.662
0.540259
0.0282517
0.361882
0.311899
0.662
0.195035
0.662
0.662
0.366688
0.360387
0.232375
0.662
0.225233
0.260367
0.000801294
0.389671
0.662
0.662
0.662
0.662
0.0291849
0.469193
0.662
0.662
0.58479
0.662
0.0868608
0.20959
0.240807
0.662
0.0907019
0.389677
0.513417
0.662
0.662
0.662
0.662
0.662
0.662
0.0434954
0.177973
0.662
0.662
0.383075
0.662
0.0474738
0.662
0.133554
0.662
0.074804
0.662
0.662
0.662
0.662
0.662
0.0618826
0.662
0.662
0.06289
0.662
0.0459357
0.662
0.662
0.301694
0.662
0.28656
0.662
0.192783
0.47645
0.662
0.662
0.662
0.662
0.415088
0.662
0.662
0.662
0.24389
0.396804
0.213485
0.164026
0.135479
0.330444
0.359477
0.662
0.662
0.662
0.189339
0.662
0.211207
0.212192
0.662
0.278171
0.662
0.662
0.662
0.662
0.436154
0.662
0.313962
0.105629
0.662
0.662
0.108883
0.662
0.0460513
0.662
0.426642
0.662
0.00517862
0.662
0.222758
0.662
0.222963
0.135967
0.455628
0.226608
0.662
0.662
0.589736
0.662
0.662
0.662
0.393448
0.662
0.662
0.662
0.662
0.662
0.662
0.0202906
0.662
0.662
0.662
0.662
0.00628294
0.0779939
0.318971
0.662
0.662
0.662
0.662
0.662
0.130411
0.0231977
0.535476
0.662
0.444964
0.662
0.662
0.41969
0.662
0.662
0.662
0.662
0.662
0.662
0.441002
0.285341
0.662
0.00653821
0.662
0.270683
0.662
0.662
0.662
0.662
0.662
0.662
0.662
0.318639
0.662
0.662
0.662
0.662
0.662
0.662
0.662
0.163518
0.662
0.0559895
0.662
0.173592
0.662
0.00062179
0.662
0.392485
0.629478
0.662
0.473046
0.662
0.573945
0.662
0.662
0.306868
0.311575
0.181147
0.484114
0.322161
0.662
0.662
0.662
0.662
0.13769
0.199647
0.662
0.263109
0.662
0.662
0.20093
0.662
0.662
0.662
0.662
0.662
0.204579
0.662
0.662
0.662
0.662
0.0451312
0.275043
0.662
0.662
0.662
0.0573733
0.662
0.435652
0.662
0.286527
0.662
0.382113
0.183159
0.0703316
0.475744
0.662
0.662
0.56916
0.662
0.239446
0.662
0.662
0.155504
0.662
0.511801
0.523876
0.662
0.398794
0.371181
0.662
0.662
0.417418
0.10365
0.324062
0.662
0.662
0.457964
0.406069
0.437746
0.662
0.662
0.062352
0.662
0.253018
0.662
0.276556
0.319493
0.662
0.662
0.109796
0.662
0.415029
0.4468
0.662
0.390192
0.662
0.662
0.662
0.662
0.352639
0.662
0.392831
0.291658
0.662
0.662
0.204687
0.662
0.662
0.201892
0.278723
0.0328017
0.101846
0.217178
0.37872
0.662
0.662
0.282206
0.0315359
0.662
0.414072
0.662
0.662
0.662
0.161536
0.525554
0.662
0.455385
0.662
0.662
0.0288813
0.662
0.0302403
0.138054
0.40533
0.103513
0.662
0.662
0.334304
0.448151
0.506285
0.662
0.239474
0.662
0.317974
0.662
0.662
0.662
0.662
0.222311
0.257208
0.662
0.135165
0.662
0.662
0.662
0.633391
0.330605
0.00706225
0.165019
0.467703
0.501027
0.662
0.662
0.116881
0.662
0.374108
0.013341
0.406499
0.0270579
0.662
0.464152
0.446052
0.662
0.662
0.460313
0.531843
0.662
0.662
0.662
0.662
0.101155
0.662
0.662
0.662
0.0370542
0.662
0.43421
0.29303
0.662
0.00712966
0.413975
0.662
0.547237
0.662
0.152215
0.662
0.0862198
0.662
0.029402
0.662
0.662
0.662
0.662
0.406937
0.520413
0.662
0.288113
0.581978
0.662
0.662
0.335845
0.662
0.389935
0.157824
0.662
0.662
0.662
0.662
0.662
0.338531
0.662
0.369235
0.118165
0.662
0.23172
0.662
0.662
0.662
0.488706
0.39545
0.662
0.662
0.0225657
0.376879
0.0218014
0.662
0.662
0.383258
0.369529
0.662
0.160113
0.662
0.422853
0.662
0.662
0.177216
0.662
0.145701
0.662
0.491332
0.470286
0.662
0.662
0.186005
0.662
0.662
0.0641313
0.662
0.248448
0.662
0.662
0.662
0.252005
0.662
0.136482
0.485375
0.662
0.662
0.658818
0.662
0.662
0.662
0.662
0.129186
0.662
0.662
0.0243266
0.201674
0.580837
0.662
0.662
0.662
0.662
0.662
0.662
0.197128
0.662
0.662
0.662
0.662
0.472777
0.662
0.662
0.662
0.662
0.662
0.662
0.24933
0.16407
0.170327
0.12995
0.0216155
0.455414
0.153152
0.487918
0.0607911
0.396629
0.662
0.0413698
0.662
0.399677
0.662
0.662
0.662
0.662
0.662
0.662
0.662
0.662
0.156847
0.519726
0.199679
0.662
0.27382
0.138402
0.662
0.174024
0.662
0.662
0.658051
0.662
0.662
0.662
0.662
0.368075
0.662
0.662
0.360841
0.662
0.182152
0.0570974
0.57884
0.125442
0.662
0.146819
0.321799
0.334694
0.114757
0.662
0.49785
0.662
0.554079
0.391843
0.456898
0.662
0.662
0.296548
0.531324
0.41874
0.319639
0.662
0.662
0.662
0.404277
0.188877
0.446113
0.662
0.662
0.662
0.662
0.662
0.278812
0.662
0.662
0.0200314
0.614615
0.662
0.337572
0.464091
0.082977
0.207975
0.662
0.0499629
0.662
0.219061
0.662
0.633694
0.107986
0.445224
0.171791
0.548057
0.662
0.04705
0.662
0.662
0.662
0.662
0.184345
0.662
0.662
0.662
0.537382
0.571013
0.662
0.662
0.662
0.166382
0.662
0.147188
0.454215
0.662
0.662
0.433138
0.662
0.662
0.368458
0.662
0.662
0.662
0.662
0.37932
0.662
0.662
0.131113
0.662
0.291173
0.194965
0.0610622
0.662
0.662
0.00523567
0.256076
0.662
0.662
0.662
0.662
0.662
0.662
0.662
0.449079
0.662
0.662
0.662
0.662
0.662
0.0334736
0.19492
0.3415
0.662
0.33068
0.662
0.459695
0.662
0.41017
0.662
0.662
0.662
0.409258
0.15085
0.662
0.219443
0.275011
0.662
0.111272
0.486739
0.662
0.192467
0.662
0.662
0.662
0.581353
0.662
0.662
0.534043
0.0368466
0.662
0.308831
0.662
0.662
0.625062
0.354357
0.662
0.252566
0.662
0.59876
0.320087
0.27298
0.0143868
0.0276346
0.662
0.662
0.662
0.426177
0.35326
0.662
0.662
0.662
0.398992
0.662
0.662
0.662
0.662
0.662
0.662
0.251998
0.0765674
0.130824
0.169151
0.560349
0.662
0.662
0.331628
0.662
0.0909602
0.252976
0.16698
0.662
0.0090106
0.480074
0.662
0.218809
0.662
0.206388
0.0219895
0.662
0.662
0.469047
0.662
0.662
0.662
0.228545
0.136496
0.185815
0.662
0.369676
0.662
0.662
0.313062
0.355506
0.662
0.662
0.662
0.0132619
0.662
0.331609
0.662
0.662
0.662
0.39303
0.49741
0.165106
3.89087e-06
0.42843
0.662
0.662
0.490173
0.662
0.124171
0.272089
0.662
0.662
0.662
0.662
0.114893
0.662
0.341281
0.662
0.662
0.662
0.662
0.37793
0.662
0.662
0.662
0.662
0.662
0.662
0.662
0.0981521
0.513137
0.662
0.287902
0.662
0.376961
0.526687
0.662
0.662
0.227104
0.486001
0.367696
0.246941
0.651616
0.662
0.662
0.662
0.662
0.662
0.662
0.662
0.662
0.662
0.187927
0.662
0.467309
0.413475
0.0778406
0.07631
0.662
0.613981
0.662
0.662
0.0483107
0.662
0.480673
0.662
0.662
0.662
0.662
0.662
0.251243
0.210427
0.0772755
0.662
0.242062
0.515215
0.662
0.394917
0.662
0.662
0.548586
0.113018
0.249859
0.35389
0.435586
0.662
0.662
0.401149
0.662
0.662
0.662
0.352405
0.662
0.662
0.662
0.662
0.144481
0.156711
0.662
0.662
0.662
0.662
0.662
0.278831
0.0625064
0.309456
0.662
0.201929
0.206129
0.662
0.422524
0.662
0.662
0.57139
0.417239
0.662
0.184314
0.308981
0.43554
0.0588343
0.662
0.00722799
0.662
0.298226
0.662
0.662
0.425545
0.315671
0.513888
0.449377
0.327322
0.381886
0.662
0.662
0.662
0.132435
0.662
0.662
0.662
0.662
0.662
0.458269
0.662
0.662
0.196542
0.662
0.662
0.350837
0.246369
0.203746
0.662
0.662
0.662
0.0921911
0.662
0.662
0.337204
0.662
0.662
0.445427
0.662
0.662
0.124129
0.117015
0.662
0.326182
0.253367
0.415912
0.51705
0.403343
0.662
0.437477
0.440648
0.378265
0.662
0.247471
0.40322
0.135336
0.0974897
0.336786
0.662
0.662
0.156713
0.662
0.662
0.170698
0.389192
0.581915
0.662
0.102562
0.611379
0.12234
0.662
0.552353
0.662
0.46278
0.396377
0.302112
0.100049
0.435793
0.0803683
0.209923
0.662
0.662
0.662
0.178234
0.16064
0.419986
0.297168
0.257167
0.411831
0.662
0.662
0.261129
0.662
0.278534
0.662
0.216249
0.414575
0.662
0.237899
0.465043
0.245473
0.14398
0.662
0.662
0.662
0.662
0.257175
0.124849
0.662
0.662
0.662
0.662
0.662
0.662
0.00583765
0.0322081
0.0847383
0.168703
0.0974501
0.212518
0.0283119
0.413852
0.662
0.479924
0.40197
0.662
0.662
0.662
0.662
0.0126231
0.0342415
0.662
0.0664319
0.662
0.662
0.364274
0.49038
0.237854
0.662
0.594829
0.207188
0.662
0.662
0.138509
0.00346415
0.466259
0.27106
0.397733
0.662
0.246543
0.609745
0.500435
0.256901
0.662
0.662
0.662
0.662
0.662
0.662
0.378906
0.662
0.662
0.444259
0.177861
0.662
0.662
0.343361
0.662
0.662
0.662
0.495318
0.662
0.662
0.662
0.200149
0.662
0.0982641
0.662
0.358966
0.574171
0.662
0.662
0.662
0.281372
0.662
0.662
0.442125
0.662
0.662
0.433975
0.0863885
0.556692
0.662
0.129674
0.30747
0.662
0.20201
0.662
0.662
0.662
0.662
0.662
0.407127
0.662
0.662
0.422598
0.292743
0.200164
0.662
0.549642
0.389989
0.437984
0.141714
0.662
0.170463
0.662
0.0564861
0.662
0.0666739
0.194157
0.662
0.209815
0.327861
0.662
0.662
0.662
0.662
0.50325
0.22073
0.109317
0.326402
0.662
0.0565279
0.502804
0.662
0.179381
0.662
0.137431
0.166257
0.662
0.662
0.00593221
0.662
0.662
0.109991
0.264804
0.457138
0.154945
0.417981
0.654926
0.662
0.170485
0.634684
0.662
0.662
0.146728
0.297192
0.325109
0.662
0.662
0.339332
0.306161
0.112158
0.662
0.662
0.662
0.662
0.662
0.490195
0.0759861
0.342265
0.249838
0.173199
0.229178
0.162866
0.662
0.327482
0.337398
0.526708
0.662
0.00536986
0.37656
0.272395
0.662
0.418793
0.249777
0.662
0.662
0.362509
0.275458
0.085844
0.662
0.662
0.662
0.662
0.662
0.278751
0.662
0.662
0.662
0.1302
0.662
0.662
0.662
0.662
0.662
0.287316
0.662
0.662
0.662
0.365242
0.179988
0.451624
0.662
0.135443
0.356002
0.101213
0.429816
0.662
0.196789
0.354888
0.662
0.347592
0.567107
0.662
0.432418
0.390693
0.662
0.662
0.662
0.662
0.00124529
0.262958
0.0935938
0.173351
0.662
0.662
0.662
0.662
0.662
0.216989
0.662
0.662
0.662
0.662
0.492235
0.0617498
0.524096
0.445069
0.662
0.372714
0.662
0.309777
0.662
0.662
0.365299
0.662
0.000590723
0.55362
0.662
0.662
0.662
0.662
0.662
0.349771
0.253999
0.453622
0.528621
0.261497
0.440416
0.662
0.253547
0.130306
0.662
0.662
0.197971
0.662
0.246478
0.662
0.381355
0.662
0.0770977
0.662
0.0288706
0.662
0.262989
0.662
0.662
0.662
0.662
0.342712
0.662
0.0597177
0.381184
0.227146
0.662
0.386843
0.662
0.662
0.662
0.662
0.0957336
0.662
0.662
0.662
0.662
0.499578
0.662
0.662
0.02035
0.662
0.662
0.329059
0.0570277
0.662
0.662
0.662
0.270691
0.171418
0.414511
