0.347429
0.401327
0.0772625
0.662
0.397689
0.662
0.662
0.662
0.331889
0.257452
0.662
0.662
0.662
0.334343
0.662
0.129211
0.662
0.433448
0.662
0.341988
0.662
0.269803
0.662
0.0144372
0.662
0.0412074
0.0818565
0.662
0.662
0.662
0.4102
0.662
0.206157
0.662
0.353581
0.662
0.248697
0.63339
0.223537
0.339737
0.662
0.662
0.458719
0.662
0.662
0.662
0.34092
0.02484
0.662
0.662
0.662
0.461913
0.662
0.662
0.662
0.479386
0.356053
0.452362
0.39369
0.662
0.202912
0.662
0.438346
0.196679
0.662
0.662
0.0694671
0.410602
0.141074
0.662
0.0837007
0.662
0.21979
0.426804
0.494551
0.20577
0.327235
0.481851
0.662
0.662
0.662
0.499062
0.662
0.662
0.240634
0.662
0.363819
0.448004
0.662
0.236787
0.361481
0.662
0.662
0.201114
0.662
0.136295
0.341493
0.662
0.460099
0.229469
0.662
0.457135
0.662
0.662
0.662
0.662
0.662
0.380316
0.421872
0.662
0.662
0.662
0.518635
0.448842
0.662
0.152279
0.0756664
0.202248
0.0819846
0.300521
0.00768733
0.426334
0.398705
0.662
0.531904
0.662
0.662
0.413811
0.662
0.344032
0.662
0.338848
0.662
0.475911
0.662
0.167686
0.00627065
0.119662
0.113882
0.662
0.662
0.21233
0.220103
0.662
0.0977388
0.662
0.464073
0.662
0.662
0.342054
0.662
0.662
0.662
0.100679
0.662
0.0882758
0.20915
0.662
0.377575
0.574547
0.662
0.376468
0.662
0.662
0.662
0.662
0.346499
0.352414
0.662
0.476002
0.662
0.662
0.52906
0.147644
0.662
0.662
0.0292797
0.662
0.662
0.178511
0.662
0.662
0.319345
0.362711
0.662
0.258086
0.662
0.662
0.458905
0.662
0.46638
0.662
0.662
0.337009
0.188004
0.662
0.322508
0.662
0.261372
0.212007
0.320562
0.662
0.662
0.662
0.662
0.662
0.341309
0.662
0.474647
0.662
0.101292
0.287542
0.662
0.662
0.662
0.285035
0.662
0.468512
0.662
0.662
0.0906739
0.28128
0.662
0.449171
0.170687
0.417916
0.662
0.283425
0.385061
0.466235
0.662
0.596593
0.40511
0.325513
0.662
0.435421
0.662
0.662
0.432537
0.423499
0.662
0.662
0.662
0.404422
0.482037
0.237804
0.289482
0.662
0.662
0.662
0.322101
0.170045
0.662
0.662
0.451088
0.126908
0.40714
0.662
0.662
0.331899
0.0377842
0.406998
0.31423
0.662
0.408296
0.198504
0.0537044
0.662
0.593722
0.280194
0.662
0.662
0.113827
0.662
0.0692748
0.363375
0.0665005
0.662
0.662
0.436065
0.662
0.662
0.662
0.662
0.662
0.662
0.662
0.662
0.353314
0.447391
0.662
0.230996
0.662
0.662
0.662
0.173722
0.187921
0.662
0.396435
0.662
0.662
0.416715
0.338897
0.662
0.662
0.277592
0.221623
0.0590036
0.662
0.339741
0.662
0.662
0.285127
0.662
0.662
0.662
0.662
0.304995
0.283142
0.209801
0.413801
0.283508
0.662
0.0904366
0.662
0.371809
0.662
0.0892733
0.29985
0.662
0.662
0.662
0.63339
0.662
0.0305359
0.473965
0.508269
0.662
0.23142
0.662
0.662
0.168799
0.662
0.0783711
0.319519
0.662
0.0917987
0.352576
0.157248
0.21229
0.159607
0.662
0.234084
0.662
0.662
0.662
0.429476
0.662
0.531998
0.240314
0.356344
0.662
0.642449
0.0642895
0.662
0.493262
0.662
0.662
0.662
0.662
0.662
0.0741488
0.133977
0.131516
0.662
0.662
0.662
0.313126
0.179074
0.662
0.392705
0.198252
0.41921
0.662
0.425166
0.265535
0.662
0.0873033
0.662
0.662
0.662
0.662
0.662
0.0618832
0.0496862
0.662
0.643202
0.662
0.0774939
0.459571
0.662
0.0837532
0.287911
0.662
0.662
0.304244
0.662
0.187288
0.662
0.471324
0.236554
0.195679
0.311031
0.662
0.048009
0.662
0.662
0.662
0.662
0.243865
0.220743
0.283659
0.322314
0.179603
0.0399708
0.662
0.662
0.662
0.0483901
0.662
0.349395
0.262759
0.662
0.662
0.662
0.344123
0.662
0.277083
0.223975
0.216198
0.443814
0.662
0.662
0.662
0.662
0.066593
0.293542
0.0919406
0.662
0.192952
0.662
0.662
0.662
0.662
0.662
0.662
0.662
0.225078
0.662
0.662
0.662
0.146492
0.324229
0.0538762
0.662
0.457714
0.662
0.662
0.276325
0.662
0.662
0.187147
0.662
0.235222
0.325274
0.662
0.662
0.484457
0.313195
0.662
0.662
0.662
0.229323
0.161417
0.186917
0.662
0.662
0.374867
0.425791
0.304205
0.259414
0.15309
0.475036
0.662
0.0448226
0.662
0.662
0.257161
0.340746
0.662
0.662
0.662
0.0769543
0.123167
0.399951
0.662
0.370153
0.462948
0.14646
0.662
0.662
0.0640431
0.662
0.325155
0.662
0.0334316
0.339947
0.22187
0.181986
0.147337
0.662
0.662
0.662
0.0601272
0.0177358
0.193881
0.662
0.420646
0.662
0.482358
0.662
0.662
0.230722
0.662
0.483972
0.250886
0.250421
0.303782
0.202898
0.662
0.662
0.0744457
0.168335
0.662
0.0891686
0.1766
0.662
0.662
0.453611
0.158942
0.662
0.662
0.662
0.662
0.662
0.357381
0.662
0.596705
0.446398
0.518103
0.169184
0.662
0.233606
0.378857
0.41813
0.662
0.662
0.416538
0.662
0.45128
0.497866
0.224767
0.312158
0.662
0.662
0.662
0.662
0.380052
0.662
0.446039
0.662
0.662
0.0521754
0.40045
0.662
0.587843
0.5166
0.662
0.662
0.662
0.662
0.498014
0.662
0.524883
0.238348
0.662
0.662
0.0573698
0.335623
0.407736
0.00082357
0.662
0.662
0.261954
0.662
0.212253
0.33672
0.386731
0.662
0.322359
0.0814619
0.462078
0.0384361
0.418134
0.662
0.523437
0.662
0.662
0.000767752
0.0752201
0.293287
0.662
0.524897
0.662
0.256886
0.662
0.256994
0.375091
0.662
0.662
0.434791
0.126518
0.185171
0.662
0.121689
0.662
0.471219
0.0330231
0.662
0.210792
0.222828
0.662
0.662
0.662
0.661104
0.662
0.662
0.662
0.662
0.472241
0.0983496
0.662
0.377611
0.662
0.207805
0.174223
0.163522
0.155415
0.662
0.374676
0.662
0.117493
0.000159205
0.0383855
0.662
0.662
0.159
0.662
0.344707
0.662
0.662
0.662
0.257284
0.419921
0.134843
0.650982
0.662
0.662
0.496608
0.116256
0.0103481
0.400273
0.554925
0.662
0.208423
0.629706
0.662
0.421545
0.272461
0.662
0.662
0.320155
0.419706
0.662
0.12447
0.662
0.662
0.662
0.662
0.279707
0.662
0.215599
0.143947
0.307279
0.662
0.662
0.662
0.662
0.17975
0.447062
0.662
0.662
0.662
0.0293241
0.503129
0.662
0.662
0.190478
0.662
0.662
0.662
0.437543
0.662
0.662
0.39464
0.662
0.0398432
0.341064
0.121966
0.662
0.20251
0.662
0.662
0.0406002
0.273573
0.662
0.662
0.144186
0.435176
0.662
0.662
0.273489
0.0287642
0.160034
0.267401
0.193328
0.662
0.662
0.0530805
0.385372
0.386689
0.662
0.662
0.662
0.455118
0.662
0.662
0.211087
0.652151
0.181712
0.415195
0.0764686
0.362028
0.662
0.458883
0.523713
0.3683
0.148333
0.318992
0.47637
0.662
0.662
0.0651016
0.0977374
0.662
0.662
0.403799
0.202636
0.662
0.662
0.251041
0.255273
0.304415
0.662
0.662
0.662
0.389565
0.110777
0.344878
0.151002
0.662
0.662
0.662
0.662
0.662
0.510251
0.662
0.419531
0.132923
0.314745
0.156173
0.662
0.152085
0.662
0.387937
0.662
0.10934
0.662
0.629763
0.662
0.662
0.662
0.662
0.0568706
0.662
0.662
0.191421
0.662
0.662
0.278763
0.662
0.0717859
0.662
0.662
0.662
0.662
0.662
0.207004
0.662
0.662
0.662
0.662
0.0776736
0.467645
0.427566
0.662
0.662
0.662
0.662
0.517959
0.662
0.662
0.662
0.0265527
0.662
0.662
0.662
0.662
0.237682
0.662
0.315938
0.662
0.209772
0.0433904
0.662
0.392154
0.662
0.423825
0.0815132
0.369119
0.662
0.662
0.474905
0.484448
0.356736
0.662
0.662
0.662
0.313187
0.440762
0.662
0.662
0.662
0.662
0.323007
0.0119987
0.0234213
0.480848
0.662
0.04415
0.662
0.177259
0.0815408
0.662
0.143931
0.405482
0.662
0.662
0.662
0.662
0.056558
0.629867
0.662
0.254896
0.23326
0.107975
0.0197854
0.523636
0.199885
0.291994
0.662
0.662
0.662
0.210166
0.396572
0.662
0.160457
0.662
0.0727033
0.15671
0.21007
0.190039
0.381696
0.662
0.339785
0.662
0.662
0.0243474
0.662
0.457994
0.192714
0.0241048
0.198337
0.214589
0.662
0.210258
0.388664
0.662
0.662
0.241827
0.662
0.662
0.342016
0.410651
0.662
0.435465
0.0421606
0.662
0.0959831
0.662
0.662
0.662
0.662
0.279371
0.662
0.662
0.662
0.662
0.306449
0.662
0.662
0.662
0.476652
0.662
0.320733
0.234175
0.662
0.436313
0.662
0.662
0.662
0.0581961
0.662
0.662
0.43668
0.28395
0.662
0.662
0.251163
0.396333
0.662
0.662
0.493589
0.662
0.662
0.662
0.046079
0.283114
0.224646
0.662
0.662
0.193898
0.123836
0.662
0.662
0.654845
0.164337
0.662
0.0546518
0.232966
0.409966
0.662
0.662
0.455887
0.662
0.662
0.277603
0.030924
0.340438
0.662
0.662
0.131032
0.662
0.662
0.0046172
0.633694
0.662
0.662
0.662
0.336221
0.662
0.662
0.191107
0.662
0.0489735
0.662
0.0169822
0.662
0.246655
0.392762
0.0584821
0.662
0.662
0.127953
0.226901
0.0898442
0.0259886
0.662
0.662
0.469557
0.662
0.0930254
0.284781
0.662
0.662
0.662
0.445385
0.211759
0.171353
0.662
0.662
0.369269
0.285009
0.662
0.240756
0.20154
0.662
0.474015
0.662
0.0641994
0.662
0.662
0.238174
0.662
0.440389
0.372924
0.662
0.34461
0.421803
0.0218044
0.148754
0.662
0.441724
0.42076
0.0203998
0.163892
0.662
0.662
0.0778832
0.181196
0.388835
0.175564
0.364227
0.103915
0.466658
0.662
0.662
0.277648
0.450544
0.662
0.0254464
0.0619809
0.443527
0.228548
0.17498
0.459726
0.244349
0.662
0.234121
0.662
0.662
0.662
0.45153
0.662
0.292991
0.662
0.662
0.662
0.351771
0.244987
0.106817
0.662
0.662
0.662
0.662
0.662
0.662
0.662
0.662
0.662
0.000810447
0.183334
0.227542
0.180317
0.662
0.292827
0.345734
0.15526
0.0134863
0.0948927
0.662
0.662
0.0739887
0.476039
0.313527
0.131684
0.662
0.386481
0.662
0.662
0.352791
0.662
0.453181
0.662
0.662
0.0734189
0.208046
0.662
0.662
0.188206
0.662
0.0399009
0.316283
0.42059
0.662
0.662
0.427473
0.245865
0.126743
0.213451
0.472071
0.662
0.662
0.662
0.662
0.40409
0.662
0.363034
0.662
0.662
0.00838265
0.662
0.137449
0.662
0.662
0.662
0.662
0.662
0.662
0.169404
0.336267
0.351907
0.011844
0.390561
0.366788
0.662
0.662
0.202882
0.662
0.240716
0.662
0.320294
0.337983
0.662
0.662
0.662
0.662
0.140708
0.662
0.282316
0.662
0.662
0.249028
0.662
0.222309
0.662
0.662
0.292675
0.662
0.662
0.272773
0.458539
0.464104
0.662
0.662
0.662
0.36998
0.00102375
0.662
0.436167
0.662
0.662
0.454814
0.194737
0.221498
0.0678797
0.0877817
0.662
0.662
0.662
0.662
0.662
0.436315
0.296629
0.662
0.172311
0.662
0.457962
0.662
0.662
0.415063
0.662
0.662
0.662
0.454722
0.239104
0.346472
0.652861
0.142818
0.100526
0.0321706
0.662
0.662
0.662
0.297484
0.400426
0.662
0.1148
0.316659
0.662
0.662
0.662
0.662
0.180681
0.662
0.0716559
0.662
0.662
0.662
0.662
0.406498
0.207652
0.0050464
0.358648
0.662
0.662
0.0195483
0.662
0.662
0.662
0.11808
0.662
0.324523
0.662
0.662
0.565845
0.662
0.00312225
0.662
0.662
0.00623066
0.397398
0.662
0.00395971
0.662
0.00667739
0.399855
0.662
0.401945
0.313124
0.242696
0.305493
0.433883
0.297275
0.662
0.442107
0.583696
0.662
0.275741
0.00133228
0.662
0.232793
0.662
0.662
0.458614
0.662
0.00469121
0.662
0.541751
0.662
0.4489
0.410291
0.329191
0.662
0.298214
0.475005
0.662
0.662
0.282197
0.459164
0.433252
0.245176
0.235484
0.662
0.114099
0.236935
0.662
0.0640081
0.231263
0.662
0.662
0.662
0.17568
0.390949
0.234922
0.662
0.662
0.662
0.662
0.662
0.662
0.662
0.662
0.140697
0.170504
0.392111
0.63339
0.662
0.300734
0.0482125
0.275707
0.471071
0.298593
0.662
0.424839
0.384728
0.473783
0.210547
0.662
0.662
0.662
0.0111384
0.308765
0.0046884
0.662
0.662
0.116922
0.662
0.421631
0.662
0.662
0.487425
0.319478
0.463217
0.1725
0.662
0.198653
0.662
0.662
0.255745
0.662
0.204001
0.182932
0.251256
0.253222
0.45815
0.662
0.662
0.120676
0.662
0.662
0.662
0.122992
0.662
0.662
0.662
0.662
0.17726
0.662
0.662
0.476353
0.662
0.662
0.662
0.662
0.662
0.451177
0.363754
0.29543
0.401864
0.386899
0.662
0.240026
0.0643524
0.324173
0.372142
0.473419
0.662
0.662
0.662
0.365333
0.662
0.662
0.416218
0.662
0.148747
0.390233
0.662
0.662
0.381204
0.641819
0.258696
0.662
0.662
0.360826
0.662
0.662
0.591327
0.662
0.299103
0.662
0.662
0.347916
0.400044
0.0936275
0.662
0.662
0.20589
0.459865
0.662
0.104325
0.228033
0.662
0.436863
0.0517547
0.662
0.662
0.304574
0.662
0.662
0.662
0.331305
0.662
0.343045
0.239787
0.662
0.662
0.662
0.0273844
0.457037
0.662
0.662
0.662
0.107238
0.626705
0.662
0.662
0.662
0.169011
0.0625557
0.662
0.0691838
0.662
0.272059
0.477363
0.223424
0.662
0.197238
0.662
0.031439
0.662
0.0032293
0.662
0.44994
0.362072
0.0941629
0.0380127
0.662
0.662
0.662
0.076697
0.408699
0.466694
0.662
0.179442
0.253665
0.00662039
0.598141
0.383724
0.0543383
0.0410522
0.662
0.252445
0.662
0.662
0.371657
0.422881
0.662
0.662
0.662
0.384259
0.280005
0.508482
0.448053
0.662
0.558332
0.662
0.662
0.662
0.662
0.201266
0.472044
0.465457
0.662
0.21407
0.0434857
0.662
0.662
0.370477
0.150551
0.662
0.662
0.662
0.140175
0.329776
0.662
0.0450697
0.662
0.555942
0.662
0.662
0.662
0.358399
0.662
0.662
0.354249
0.662
0.0711786
0.140778
0.31634
0.599498
0.185191
0.662
0.0487036
0.662
0.662
0.662
0.662
0.662
0.118502
0.137337
0.662
0.166489
0.647616
0.13983
0.285583
0.662
0.662
0.662
0.662
0.219074
0.367435
0.662
0.284755
0.662
0.269679
0.662
0.662
0.662
0.662
0.487846
0.662
0.662
0.662
0.575662
0.659033
0.662
0.291978
0.0501561
0.344279
0.126528
0.472392
0.662
0.662
0.118378
0.662
0.238558
0.509216
0.662
0.662
0.662
0.275522
0.662
0.662
0.0128887
0.662
0.662
0.0627414
0.662
0.662
0.63096
0.662
0.662
0.281028
0.662
0.662
0.408081
0.662
0.571149
0.0372843
0.46821
0.662
0.203814
0.312146
0.662
0.102904
0.662
0.0960093
0.288722
0.662
0.264992
0.662
0.154741
0.354488
0.261739
0.662
0.526057
0.0707394
0.154908
0.662
0.0907457
0.429881
0.493224
0.305147
0.0233959
0.662
0.0779903
0.181473
0.253892
0.45859
0.0601548
0.662
0.662
0.662
0.411807
0.235883
0.662
0.662
0.0484079
0.662
0.436317
0.34417
0.662
0.662
0.662
0.662
0.455515
0.662
0.662
0.662
0.662
0.662
0.662
0.662
0.662
0.392395
0.0975589
0.662
0.662
0.662
0.471181
0.341936
0.662
0.39983
0.662
0.662
0.662
0.662
0.0838384
0.451787
0.662
0.00088454
0.0761957
0.662
0.662
0.0898998
0.0274868
0.202284
0.662
0.662
0.380601
0.662
0.0832402
0.662
0.454279
0.662
0.662
0.482011
0.357731
0.662
0.426649
0.499655
0.662
0.344818
0.385874
0.662
0.136984
0.0892292
0.662
0.662
0.662
0.140493
0.286042
0.662
0.0144687
0.357391
0.00360919
0.662
0.465588
0.662
0.662
0.236693
0.074419
0.662
0.226038
0.173516
0.662
0.204529
0.662
0.258007
0.00616884
0.410996
0.24669
0.662
0.244025
0.662
0.662
0.662
0.662
0.662
0.662
0.662
0.588233
0.131474
0.0384915
0.265113
0.662
0.662
0.662
0.662
0.00650734
0.662
0.460481
0.662
0.662
0.22257
0.434566
0.163606
0.150222
0.662
0.662
0.662
0.649247
0.662
0.436067
0.358586
0.348763
0.662
0.662
0.662
0.662
0.662
0.215695
0.074676
0.236164
0.662
0.662
0.0751028
0.662
0.662
0.327609
0.204252
0.662
0.348537
0.662
0.273531
0.310197
0.662
0.422394
0.272127
0.662
0.0736135
0.662
0.662
0.662
0.404816
0.662
0.39214
0.662
0.662
0.662
0.662
0.0449097
0.662
0.251867
0.662
0.413411
0.662
0.368523
0.662
0.662
0.662
0.662
0.214502
0.224911
0.662
0.662
0.662
0.662
0.662
0.472023
0.0181941
0.393677
0.164843
0.662
0.476169
0.662
0.662
0.662
0.383727
0.401771
0.662
0.201511
0.662
0.662
0.429826
0.662
0.662
0.662
0.662
0.0328607
0.239506
0.662
0.190326
0.662
0.662
0.662
0.088292
0.198554
0.662
0.361358
0.436418
0.01499
0.662
0.390483
0.662
0.209787
0.367601
0.662
0.456505
0.503717
0.355907
0.400597
0.119086
0.662
0.315055
0.662
0.579472
0.105872
0.0857002
0.662
0.383011
0.662
0.369866
0.662
0.381061
0.409487
0.662
0.192674
0.662
0.662
0.662
0.327566
0.439334
0.305574
0.477231
0.662
0.303608
0.300295
0.0496815
0.662
0.662
0.38833
0.252632
0.662
0.662
0.662
0.135754
0.186446
0.662
0.46839
0.662
0.662
0.662
0.438773
0.662
0.662
0.510497
0.662
0.29299
0.160192
0.0992138
0.0358757
0.216873
0.388067
0.375766
0.662
0.0166136
0.662
0.662
0.662
0.37775
0.662
0.662
0.662
0.395557
0.662
0.270783
0.114775
0.336279
0.25731
0.662
0.650241
0.662
0.0468238
0.160931
0.0573621
0.662
0.662
0.0881013
0.243961
0.662
0.662
0.662
0.662
0.662
0.441982
0.184125
0.16499
0.467523
0.34103
0.662
0.662
0.300211
0.662
0.662
0.0219661
0.662
0.662
0.265088
0.495514
0.662
0.243216
0.497792
0.409745
0.662
0.662
0.662
0.662
0.00171658
0.214103
0.662
0.240814
0.662
0.662
0.662
0.662
0.386673
0.528766
0.063619
0.662
0.0484215
0.662
0.300474
0.662
0.238008
0.662
0.243192
0.662
0.662
0.395746
0.662
0.662
0.662
0.662
0.662
0.127518
0.246521
0.503845
0.662
0.662
0.662
0.198877
0.662
0.662
0.662
0.662
0.513321
0.199749
0.662
0.0270815
0.662
0.129936
0.202207
0.662
0.256971
0.0823496
0.662
0.170772
0.658011
0.203313
0.209636
0.0315819
0.577327
0.0391507
0.193956
0.364089
0.662
0.122038
0.435883
0.33646
0.353949
0.36117
0.662
0.662
0.238478
0.662
0.400383
0.662
0.662
0.55443
0.662
0.467607
0.662
0.420828
0.0276655
0.662
0.662
0.662
0.662
0.662
0.474187
0.662
0.439431
0.662
0.662
0.662
0.662
0.662
0.662
0.662
0.662
0.390677
0.295049
0.662
0.662
0.662
0.0412149
0.662
0.639978
0.146698
0.0278279
0.662
0.174269
0.662
0.518309
0.203287
0.662
0.399677
0.392565
0.404511
0.095028
0.181497
0.662
0.662
0.662
0.363709
0.662
0.662
0.662
0.662
0.662
0.566463
0.354977
0.000222661
0.393879
0.662
0.662
0.40558
0.662
0.060641
0.278895
0.662
0.469776
0.577853
0.272613
0.486107
0.662
0.662
0.277539
0.662
0.662
0.662
0.662
0.662
0.662
0.662
0.24006
0.392372
0.662
0.132314
0.426044
0.662
0.331082
0.26077
0.449844
0.256061
0.158791
0.150793
0.0392074
0.662
0.662
0.242338
0.662
0.122219
0.403281
0.145155
0.662
0.463936
0.662
0.323459
0.662
0.0770778
0.662
0.662
0.662
0.662
0.662
0.162387
0.0387145
0.662
0.662
0.662
0.401195
0.662
0.662
0.455755
0.500612
0.137066
0.662
0.399657
0.0797947
0.662
0.662
0.392422
0.662
0.662
0.115325
0.354335
0.429871
0.662
0.662
0.662
0.0736403
0.662
0.662
0.662
0.662
0.662
0.662
0.20646
0.662
0.0667443
0.0315751
0.31404
0.662
0.662
0.356861
0.00501188
0.662
0.662
0.304685
0.427354
0.662
0.662
0.662
0.662
0.0463066
0.662
0.218312
0.12224
0.391115
0.662
0.662
0.0675557
0.33675
0.662
0.0324905
0.389697
0.662
0.119246
0.115327
0.662
0.662
0.121333
0.662
0.168739
0.0711708
0.662
0.30477
0.13596
0.662
0.662
0.662
0.662
0.662
0.0526185
0.662
0.325961
0.225798
0.260257
0.324329
0.662
0.00846165
0.662
0.424415
0.274443
0.40631
0.281845
0.662
0.662
0.662
0.662
0.662
0.288332
0.662
0.662
0.0236405
0.662
0.662
0.662
0.662
0.311733
0.603671
0.662
0.662
0.662
0.0482647
0.662
0.413703
0.322767
0.384734
0.662
0.662
0.662
0.208322
0.662
0.290732
0.094479
0.662
0.160465
0.479019
0.0432737
0.101675
0.251129
0.662
0.662
0.382794
0.410153
0.662
0.662
0.304186
0.662
0.212472
0.662
0.0686671
0.662
0.662
0.662
0.662
0.662
0.662
0.512666
0.662
0.0953127
0.662
0.662
0.150382
0.662
0.021315
0.258982
0.475341
0.321667
0.662
0.662
0.662
0.662
0.430513
0.00639962
0.165004
0.647772
0.637864
0.0133193
0.662
0.662
0.263678
0.460164
0.152627
0.662
0.662
0.613626
0.0370645
0.662
0.0606723
0.190371
0.662
0.1409
0.419987
0.38912
0.662
0.264104
0.662
0.662
0.501314
0.662
0.662
0.662
0.662
0.662
0.00333079
0.662
0.148202
0.662
0.662
0.2307
0.331197
0.30873
0.00307815
0.662
0.662
0.327931
0.662
0.0490083
0.308475
0.662
0.520158
0.662
0.662
0.662
0.248993
0.299926
0.662
0.662
0.273328
0.313537
0.0100888
0.662
0.662
0.205962
0.662
0.662
0.662
0.439891
0.662
0.183218
0.662
0.662
0.662
0.513246
0.662
0.662
0.0385012
0.0941271
0.662
0.662
0.0768533
0.229703
0.289189
0.662
0.139093
0.662
0.662
0.662
0.662
0.437765
0.27069
0.662
0.0457937
0.0795777
0.316548
0.662
0.173149
0.208381
0.0632953
0.446727
0.662
0.662
0.482621
0.662
0.662
0.465528
0.662
0.662
0.429346
0.662
0.662
0.439071
0.23362
0.662
0.413595
0.662
0.662
0.194936
0.331566
0.662
0.116126
0.662
0.00843776
0.286557
0.445735
0.211844
0.662
0.09152
0.143585
0.662
0.452883
0.662
0.662
0.370152
0.368727
0.0156729
0.662
0.114366
0.662
0.387585
0.387636
0.02078
0.662
0.419767
0.662
0.662
0.420705
0.662
0.0397845
0.108702
0.357511
0.662
0.397208
0.662
0.289861
0.369499
0.662
0.249936
0.294929
0.52262
0.355105
0.662
0.346936
0.227439
0.662
0.247951
0.662
0.0817651
0.662
0.271573
0.405019
