0.662
0.468833
0.258397
0.662
0.18282
0.599467
0.662
0.220919
0.317905
0.662
0.63339
0.662
0.662
0.0739065
0.235008
0.24738
0.350716
0.662
0.359374
0.296883
0.193146
0.662
0.2732
0.662
0.298757
0.490047
0.662
0.212983
0.231357
0.0720598
0.108671
0.201844
0.606737
0.662
0.662
0.450287
0.662
0.122316
0.02628
0.662
0.662
0.499266
0.662
0.175406
0.662
0.662
0.239898
0.662
0.662
0.662
0.422802
0.662
0.619385
0.0859301
0.662
0.662
0.0439302
0.439321
0.662
0.662
0.662
0.353864
0.321622
0.662
0.285466
0.662
0.196352
0.662
0.257131
0.417481
0.343157
0.662
0.662
0.197622
0.662
0.662
0.662
0.150498
0.662
0.220284
0.363181
0.184145
0.432771
0.402681
0.662
0.35163
0.662
0.251841
0.662
0.662
0.662
0.0636074
0.662
0.0483114
0.662
0.325675
0.0286822
0.662
0.408439
0.451858
0.445411
0.662
0.357064
0.662
0.36129
0.491926
0.662
0.315792
0.00985583
0.611987
0.35089
0.415831
0.662
0.662
0.422104
0.27129
0.662
0.662
0.662
0.662
0.662
0.144765
0.2492
0.0643501
0.662
0.662
0.33334
0.432135
0.662
0.297618
0.349608
0.0656706
0.528291
0.0163423
0.662
0.0451106
0.662
0.662
0.662
0.0647903
0.237332
0.210446
0.662
0.662
0.226127
0.37892
0.662
0.662
0.662
0.357168
0.662
0.662
0.662
0.662
0.662
0.645295
0.662
0.662
0.103665
0.662
0.178805
0.662
0.505086
0.662
0.265512
0.662
0.456411
0.662
0.662
0.112993
0.452091
0.502215
0.256208
0.662
0.231809
0.662
0.482932
0.456915
0.239295
0.120927
0.662
0.662
0.662
0.487162
0.160206
0.662
0.662
0.317493
0.662
0.31898
0.409345
0.662
0.11274
0.219808
0.662
0.662
0.227856
0.662
0.383525
0.207328
0.316621
0.0348927
0.114886
0.0622415
0.662
0.196698
0.137503
0.105999
0.355503
0.662
0.447065
0.662
0.662
0.662
0.146878
0.406377
0.662
0.255584
0.662
0.0178192
0.662
0.662
0.458281
0.422742
0.415605
0.250527
0.292631
0.538626
0.662
0.662
0.662
0.303441
0.34443
0.662
0.662
0.662
0.651086
0.49477
0.25359
0.254345
0.662
0.550622
0.662
0.592134
0.662
0.662
0.662
0.662
0.662
0.662
0.662
0.0117219
0.31811
0.0831048
0.662
0.128145
0.394178
0.596135
0.334333
0.662
0.662
0.259148
0.386458
0.662
0.662
0.196108
0.662
0.662
0.662
0.662
0.205054
0.662
0.260937
0.662
0.662
0.226478
0.305128
0.662
0.430314
0.442923
0.662
0.307994
0.411552
0.662
0.662
0.355063
0.412416
0.662
0.662
0.0308918
0.0851251
0.0626425
0.662
0.662
0.0615768
0.218662
0.356996
0.662
0.662
0.0371426
0.662
0.551655
0.265536
0.153548
0.662
0.160721
0.662
0.078225
0.662
0.15675
0.303772
0.19015
0.662
0.499975
0.0261946
0.384282
0.662
0.373072
0.662
0.422604
0.256056
0.183722
0.662
0.662
0.3916
0.39295
0.286182
0.231041
0.662
0.336479
0.345996
0.341244
0.380522
0.662
0.662
0.129764
0.662
0.662
0.612419
0.662
0.662
0.662
0.308355
0.0188026
0.662
0.662
0.662
0.662
0.62509
0.662
0.662
0.662
0.284598
0.347378
0.662
0.298326
0.537436
0.662
0.296636
0.662
0.124912
0.662
0.662
0.0774335
0.662
0.392445
0.420506
0.187688
0.662
0.544454
0.662
0.662
0.662
0.445167
0.398026
0.244932
0.662
0.662
0.662
0.462561
0.662
0.662
0.662
0.251252
0.662
0.0228005
0.314871
0.662
0.0954075
0.356096
0.301214
0.269316
0.404021
0.403836
0.0880958
0.0852423
0.335875
0.120906
0.601251
0.191871
0.14308
0.662
0.662
0.662
0.343094
0.3874
0.662
0.0353317
0.0541111
0.181441
0.461376
0.112247
0.662
0.662
0.662
0.662
0.317731
0.662
0.662
0.259857
0.13604
0.0176626
0.0330223
0.525207
0.000815932
0.662
0.662
0.0263792
0.662
0.662
0.102525
0.662
0.662
0.662
0.662
0.142305
0.662
0.557227
0.0433965
0.662
0.398757
0.34831
0.662
0.662
0.662
0.240289
0.662
0.425975
0.662
0.662
0.24471
0.0091337
0.0670138
0.207088
0.662
0.662
0.0196987
0.662
0.0237658
0.662
0.662
0.662
0.662
0.662
0.225679
0.662
0.662
0.149566
0.662
0.662
0.248917
0.662
0.43497
0.0577391
0.323783
0.662
0.662
0.194504
0.662
0.662
0.446717
0.138633
0.65036
0.131299
0.662
0.662
0.328052
0.261252
0.662
0.233732
0.662
0.418377
0.662
0.224247
0.201019
0.267703
0.0478892
0.432022
0.0490245
0.471452
0.380529
0.662
0.662
0.662
0.662
0.662
0.662
0.662
0.662
0.662
0.662
0.662
0.662
0.13722
0.595194
0.299891
0.0131269
0.662
0.662
0.662
0.662
0.662
0.662
0.300613
0.439894
0.0265767
0.662
0.183634
0.662
0.0539134
0.588982
0.15046
0.0585066
0.662
0.662
0.662
0.662
0.47595
0.662
0.662
0.662
0.604569
0.186264
0.662
0.662
0.408598
0.410888
0.662
0.225063
0.0236104
0.662
0.131616
0.17376
0.0502131
0.0586974
0.662
0.662
0.662
0.662
0.244452
0.399399
0.356543
0.0748619
0.50892
0.662
0.251362
0.662
0.256104
0.439556
0.0799587
0.0484729
0.420194
0.206192
0.437067
0.662
0.383606
0.662
0.662
0.662
0.231911
0.662
0.662
0.662
0.662
0.336146
0.662
0.662
0.250762
0.0903311
0.350728
0.116931
0.662
0.662
0.193756
0.662
0.129795
0.490388
0.340153
0.265273
0.662
0.0423278
0.662
0.267436
0.323792
0.219938
0.247797
0.662
0.24775
0.662
0.662
0.546577
0.206529
0.451092
0.351373
0.662
0.148676
0.398801
0.534254
0.0559054
0.662
0.153309
0.399086
0.464634
0.0772072
0.0906159
0.662
0.662
0.662
0.0667125
0.355942
0.137529
0.226767
0.662
0.662
0.662
0.662
0.662
0.662
0.662
0.298863
0.662
0.0611531
0.662
0.662
0.662
0.326795
0.662
0.662
0.0739834
0.347417
0.662
0.662
0.189913
0.140886
0.662
0.159591
0.662
0.662
0.662
0.662
0.176439
0.357234
0.286326
0.662
0.662
0.248746
0.662
0.662
0.113221
0.647253
0.0409685
0.662
0.662
0.220295
0.444938
0.194609
0.134498
0.662
0.415085
0.0804387
0.120066
0.243131
0.37519
0.0248268
0.332607
0.662
0.662
0.662
0.231011
0.662
0.487284
0.422837
0.662
0.662
0.662
0.662
0.662
0.662
0.662
0.662
0.0569777
0.429418
0.275518
0.111804
0.662
0.0758978
0.662
0.662
0.445133
0.662
0.662
0.662
0.662
0.129243
0.662
0.662
0.357026
0.0811376
0.662
0.662
0.310875
0.275669
0.662
0.21157
0.662
0.662
0.662
0.662
0.44204
0.205956
0.319455
0.115275
0.250429
0.092189
0.0930432
0.662
0.447995
0.662
0.163203
0.0846292
0.56174
0.324163
0.662
0.314518
0.662
0.472872
0.135504
0.139747
0.204949
0.662
0.662
0.662
0.662
0.215516
0.662
0.238769
0.662
0.662
0.662
0.298318
0.279695
0.0109759
0.598115
0.662
0.00960999
0.246228
0.0158
0.2952
0.662
0.159504
0.662
0.326024
0.662
0.662
0.662
0.662
0.377671
0.662
0.0118714
0.662
0.292093
0.662
0.144543
0.462343
0.0673864
0.662
0.662
0.662
0.633694
0.0547127
0.192184
0.662
0.157287
0.131774
0.662
0.394021
0.215476
0.662
0.662
0.662
0.662
0.662
0.662
0.662
0.199327
0.662
0.307899
0.275811
0.662
0.389925
0.662
0.412499
0.662
0.662
0.662
0.44904
0.0238637
0.166877
0.662
0.0713636
0.662
0.17882
0.186198
0.662
0.662
0.345052
0.662
0.662
0.300185
0.204309
0.662
0.662
0.662
0.651773
0.435186
0.662
0.431269
0.436968
0.198601
0.662
0.662
0.427974
0.0514611
0.662
0.0720252
0.417825
0.662
0.52059
0.640277
0.16413
0.662
0.170523
0.177768
0.662
0.203881
0.216713
0.168886
0.10558
0.0565121
0.185117
0.561932
0.256128
0.493678
0.662
0.662
0.264259
0.662
0.662
0.662
0.374203
0.0990838
0.662
0.662
0.662
0.662
0.662
0.662
0.662
0.16211
0.662
0.417079
0.343163
0.366689
0.112301
0.30404
0.662
0.662
0.253075
0.372411
0.662
0.662
0.325467
0.270756
0.318823
0.328124
0.662
0.605069
0.662
0.161463
0.242833
0.0816141
0.662
0.662
0.420388
0.430292
0.308175
0.475742
0.128558
0.662
0.662
0.433257
0.356704
0.662
0.662
0.662
0.662
0.374021
0.662
0.662
0.662
0.0870295
0.662
0.411659
0.662
0.202609
0.662
0.662
0.662
0.662
0.662
0.662
0.241162
0.300414
0.0929761
0.662
0.0594323
0.662
0.662
0.662
0.302721
0.662
0.662
0.662
0.662
0.112286
0.662
0.232019
0.389859
0.602973
0.662
0.662
0.662
0.328744
0.279337
0.662
0.244655
0.266868
0.662
0.662
0.662
0.662
0.662
0.378826
0.662
0.227316
0.429046
0.292268
0.163989
0.662
0.662
0.489191
0.345893
0.40243
0.662
0.219384
0.462823
0.215227
0.0369036
0.662
0.662
0.129387
0.662
0.662
0.262017
0.662
0.662
0.662
0.662
0.662
0.662
0.147815
0.464265
0.0212928
0.662
0.662
0.662
0.662
0.662
0.662
0.662
0.662
0.662
0.352821
0.0619296
0.256248
0.140041
0.662
0.358902
0.662
0.0373164
0.662
0.185823
0.662
0.265122
0.662
0.46997
0.409892
0.0105662
0.430361
0.140123
0.662
0.557961
0.226232
0.429149
0.662
0.287035
0.662
0.00717204
0.662
0.662
0.662
0.203662
0.26913
0.662
0.662
0.279237
0.412871
0.320198
0.662
0.404548
0.383653
0.452296
0.161635
0.662
0.195204
0.305724
0.0684698
0.662
0.24558
0.662
0.353175
0.662
0.662
0.662
0.648899
0.192583
0.662
0.662
0.111341
0.662
0.252554
0.170972
0.662
0.662
0.662
0.607366
0.430698
0.609527
0.662
0.662
0.205019
0.0430289
0.333238
0.662
0.662
0.487027
0.170374
0.662
0.662
0.274753
0.121724
0.662
0.174703
0.662
0.582373
0.366721
0.662
0.00547061
0.191492
0.662
0.662
0.662
0.232927
0.662
0.662
0.662
0.662
0.236325
0.662
0.0594855
0.1735
0.662
0.190961
0.662
0.662
0.245077
0.662
0.662
0.662
0.0309753
0.662
0.662
0.185938
0.662
0.662
0.662
0.32788
0.662
0.251611
0.39584
0.362303
0.662
0.662
0.449435
0.662
0.662
0.662
0.662
0.395784
0.429082
0.662
0.662
0.662
0.662
0.662
0.469322
0.662
0.662
0.461076
0.0821361
0.662
0.662
0.36191
0.662
0.427083
0.330635
0.324831
0.662
0.662
0.662
0.662
0.662
0.45166
0.422445
0.662
0.662
0.0242434
0.293368
0.662
0.140232
0.662
0.390092
0.662
0.199771
0.662
0.477139
0.374309
0.662
0.383572
0.184811
0.662
0.472293
0.662
0.662
0.662
0.102886
0.384387
0.662
0.662
0.253219
0.662
0.662
0.662
0.434012
0.165193
0.306411
0.662
0.416145
0.662
0.236901
0.527116
0.662
0.662
0.416224
0.662
0.523332
0.152201
0.662
0.579864
0.352336
0.0316898
0.591616
0.662
0.161388
0.424481
0.501763
0.662
0.662
0.220863
0.191308
0.662
0.662
0.662
0.662
0.438822
0.0519007
0.400492
0.662
0.594998
0.662
0.662
0.662
0.142967
0.107926
0.0404163
0.662
0.662
0.662
0.662
0.662
0.258342
0.365434
0.256559
0.338933
0.0263815
0.662
0.200724
0.662
0.163852
0.662
0.169218
0.0417307
0.0380896
0.13269
0.483708
0.662
0.431628
0.662
0.662
0.662
0.662
0.662
0.62023
0.662
0.180451
0.662
0.458446
0.212152
0.209331
0.0467186
0.662
0.282703
0.662
0.317959
0.411467
0.662
0.662
0.467162
0.369248
0.662
0.0419095
0.662
0.0886294
0.662
0.662
0.0760712
0.152047
0.662
0.662
0.0963005
0.111567
0.662
0.33189
0.344709
0.143312
0.662
0.31681
0.105608
0.429775
0.440972
0.662
0.662
0.662
0.662
0.662
0.662
0.194247
0.662
0.662
0.662
0.662
0.662
0.453091
0.662
0.143452
0.146526
0.662
0.662
0.662
0.662
0.662
0.662
0.662
0.662
0.318062
0.13122
0.662
0.26557
0.475501
0.407924
0.662
0.662
0.662
0.369775
0.662
0.400206
0.662
0.118162
0.662
0.147989
0.662
0.127762
0.662
0.662
0.662
0.304709
0.662
0.237608
0.662
0.662
0.662
0.662
0.270213
0.616333
0.662
0.662
0.662
0.662
0.662
0.37633
0.662
0.142615
0.662
0.18762
0.579271
0.662
0.164802
0.339593
0.662
0.465783
0.662
0.662
0.662
0.662
0.662
0.446628
0.662
0.662
0.494903
0.396314
0.662
0.450561
0.026106
0.662
0.374616
0.188262
0.323455
0.42593
0.662
0.662
0.662
0.662
0.662
0.250717
0.186586
0.180687
0.0942076
0.051429
0.0903036
0.469198
0.270751
0.350621
0.61793
0.442076
0.0948459
0.401143
0.243228
0.662
0.662
0.662
0.431055
0.379583
0.662
0.662
0.662
0.662
0.662
0.442047
0.662
0.662
0.662
0.451055
0.662
0.650086
0.662
0.259624
0.213008
0.662
0.662
0.662
0.310449
0.662
0.40589
0.0885937
0.0518733
0.528182
0.450439
0.662
0.129155
0.437339
0.662
0.272276
0.311365
0.213804
0.662
0.310717
0.662
0.662
0.662
0.186228
0.340728
0.202812
0.662
0.101755
0.0245111
0.662
0.662
0.280155
0.0542596
0.662
0.662
0.662
0.662
0.262536
0.662
0.662
0.312167
0.217061
0.431423
0.662
0.662
0.0191599
0.662
0.11442
0.662
0.662
0.328634
0.662
0.426952
0.662
0.437257
0.219442
0.662
0.662
0.662
0.662
0.00896199
0.662
0.662
0.662
0.662
0.662
0.336968
0.662
0.28445
0.268954
0.662
0.662
0.313568
0.430749
0.662
0.662
0.0969924
0.662
0.10385
0.321963
0.0770763
0.662
0.662
0.662
0.0198116
0.662
0.477363
0.355706
0.662
0.335773
0.20921
0.662
0.326542
0.578745
0.662
0.543502
0.192483
0.662
0.423026
0.25865
0.515952
0.174212
0.523538
0.662
0.662
0.662
0.662
0.662
0.662
0.264717
0.635416
0.484864
0.533079
0.662
0.304299
0.481427
0.662
0.635642
0.0866651
0.473676
0.017301
0.662
0.662
0.431965
0.444586
0.0157876
0.331645
0.397203
0.411291
0.662
0.662
0.662
0.662
0.662
0.449291
0.320109
0.662
0.662
0.662
0.448624
0.529464
0.662
0.662
0.662
0.662
0.409234
0.102468
0.662
0.662
0.412321
0.14477
0.662
0.662
0.662
0.120042
0.139536
0.662
0.230779
0.362818
0.662
0.662
0.662
0.321749
0.662
0.323766
0.662
0.446481
0.358389
0.426405
0.407493
0.2143
0.456368
0.662
0.133832
0.193577
0.662
0.662
0.662
0.466202
0.662
0.662
0.662
0.662
0.662
0.581604
0.662
0.472219
0.340597
0.0302011
0.249577
0.454849
0.039963
0.662
0.662
0.143287
0.662
0.662
0.376653
0.373145
0.234846
0.662
0.662
0.662
0.662
0.662
0.399079
0.419636
0.662
0.335379
0.0773082
0.384324
0.430639
0.662
0.662
0.0516197
0.662
0.662
0.662
0.383298
0.414443
0.301933
0.662
0.416813
0.156607
0.662
0.435284
0.0429541
0.345269
0.146081
0.662
0.280379
0.662
0.0206606
0.0185491
0.322669
0.662
0.662
0.384387
0.445575
0.662
0.42805
0.0940198
0.662
0.662
0.114105
0.215097
0.14033
0.662
0.662
0.381002
0.380056
0.445251
0.0532148
0.662
0.325549
0.250415
0.598533
0.0824889
0.662
0.26695
0.662
0.290755
0.295835
0.662
0.00319324
0.662
0.0888615
0.662
0.662
0.662
0.662
0.662
0.662
0.529527
0.662
0.419907
0.0849685
0.662
0.340222
0.0455723
0.467265
0.346554
0.662
0.114271
0.070784
0.662
0.451967
0.4629
0.662
0.662
0.463518
0.662
0.367887
0.429921
0.662
0.662
0.662
0.662
0.662
0.662
0.662
0.180836
0.662
0.433534
0.662
0.662
0.213873
0.662
0.662
0.662
0.662
0.149664
0.195589
0.662
0.662
0.662
0.662
0.662
0.146977
0.0255646
0.136884
0.662
0.662
0.662
0.662
0.36434
0.662
0.662
0.662
0.100254
0.131236
0.0901385
0.662
0.662
0.336613
0.662
0.662
0.662
0.662
0.0262186
0.263412
0.662
0.662
0.649857
0.662
0.662
0.357122
0.370107
0.662
0.662
0.0485226
0.131441
0.662
0.662
0.662
0.220184
0.213097
0.009994
0.662
0.472142
0.172645
0.100931
0.169065
0.662
0.662
0.662
0.134889
0.662
0.445361
0.662
0.355501
0.379097
0.662
0.0959163
0.0391785
0.420273
0.448062
0.662
0.662
0.662
0.534849
0.198679
0.102849
0.326812
0.662
0.662
0.662
0.414224
0.00612175
0.662
0.662
0.569628
0.431311
0.662
0.189357
0.383613
0.662
0.662
0.648192
0.662
0.662
0.662
0.356675
0.0978406
0.662
0.662
0.340169
0.0910024
0.662
0.450182
0.662
0.553014
0.13881
0.398747
0.662
0.662
0.662
0.662
0.662
0.662
0.434416
0.662
0.440214
0.662
0.0305158
0.400628
0.662
0.400965
0.194397
0.100273
0.662
0.293024
0.100917
0.275331
0.662
0.662
0.662
0.299104
0.662
0.391305
0.0547793
0.163485
0.183227
0.662
0.662
0.662
0.662
0.662
0.662
0.662
0.662
0.662
0.662
0.662
0.370676
0.662
0.662
0.662
0.662
0.662
0.662
0.45892
0.12624
0.662
0.215317
0.344045
0.0592945
0.662
0.662
0.662
0.662
0.194392
0.662
0.662
0.470396
0.0952041
0.415116
0.384167
0.662
0.662
0.0164196
0.37563
0.342037
0.662
0.662
0.604878
0.272879
0.662
0.662
0.662
0.662
0.36802
0.427515
0.662
0.322474
0.320419
0.367466
0.662
0.662
0.417748
0.662
0.176633
0.396213
0.272472
0.140797
0.265951
0.362605
0.229887
0.662
0.22971
0.662
0.479723
0.662
0.662
0.662
0.662
0.0292989
0.276784
0.282834
0.662
0.149462
0.662
0.662
0.307324
0.095866
0.662
0.662
0.0507661
0.185833
0.063866
0.310944
0.610372
0.39874
0.662
0.662
0.662
0.411939
0.662
0.662
0.662
0.662
0.3212
0.662
0.662
0.662
0.662
0.587362
0.418402
0.10939
0.0298527
0.662
0.0241876
0.662
0.440911
0.0321968
0.662
0.662
0.662
0.49888
0.662
0.434855
0.0418618
0.662
0.41858
0.662
0.662
0.662
0.193116
0.392003
0.300351
0.662
0.662
0.556074
0.662
0.508481
0.662
0.662
0.221087
0.255746
0.247526
0.662
0.662
0.662
0.192035
0.0853873
0.0885743
0.307291
0.349043
0.662
0.662
0.382752
0.113279
0.0951719
0.662
0.404797
0.38347
0.338271
0.662
0.662
0.396193
0.662
0.121096
0.662
0.662
0.662
0.662
0.662
0.497594
0.00348889
0.662
0.105005
0.15911
0.346396
0.662
0.00203888
0.122704
0.220024
0.018097
0.662
0.249262
0.662
0.662
0.662
0.526168
0.40067
0.662
0.131241
0.393708
0.662
0.662
0.291949
0.133163
0.0162832
0.662
0.267654
0.377627
0.17459
0.423826
0.662
0.184993
0.662
0.662
0.662
0.374008
0.205452
0.662
0.662
0.355784
0.456842
0.340959
0.662
0.662
0.246051
0.247341
0.662
0.662
0.437317
0.424397
0.662
0.457142
0.558794
0.28299
0.413236
0.24429
0.0659521
0.662
0.662
0.109319
0.662
0.315709
0.377328
0.472038
0.130609
0.662
0.148624
0.662
0.612938
0.235653
0.232661
0.662
0.662
0.370767
0.162844
0.662
0.662
0.39475
0.26683
0.613297
0.662
0.0388591
0.440061
0.328668
0.662
0.662
0.662
0.662
0.662
0.662
0.662
0.310099
0.0954893
0.467574
0.662
0.482205
0.105683
0.268843
0.215602
0.662
0.227339
0.662
0.662
0.363158
0.360336
0.662
0.662
0.120029
0.0889628
0.207074
0.18259
0.363272
0.662
0.377734
0.382671
0.141954
