0.103524
0.662
0.222311
0.662
0.662
0.662
0.0422911
0.662
0.219443
0.662
0.662
0.421531
0.662
0.662
0.662
0.382919
0.662
0.40197
0.662
0.085844
0.083845
0.662
0.376879
0.662
0.662
0.662
0.26993
0.662
0.662
0.662
0.662
0.662
0.662
0.662
0.18437
0.457703
0.662
0.253731
0.662
0.662
0.662
0.221834
0.662
0.012257
0.211275
0.662
0.662
0.662
0.662
0.662
0.588262
0.662
0.43554
0.185815
0.0624309
0.279421
0.0694376
0.269997
0.662
0.662
0.308981
0.662
0.324691
0.225233
0.62474
0.662
0.662
0.662
0.662
0.662
0.166303
0.37656
0.49987
0.662
0.662
0.662
0.391697
0.271839
0.662
0.0451312
0.662
0.27061
0.132039
0.662
0.320988
0.28722
0.662
0.531324
0.41874
0.662
0.662
0.337398
0.109085
0.0770977
0.662
0.44321
0.34926
0.401149
0.0675181
0.662
0.23172
0.662
0.662
0.662
0.135165
0.662
0.0143868
0.0488314
0.662
0.662
0.382258
0.662
0.662
0.395271
0.247644
0.662
0.428715
0.629763
0.437746
0.662
0.252152
0.662
0.080218
0.662
0.039913
0.662
0.662
0.189788
0.07631
0.662
0.662
0.220298
0.662
0.662
0.662
0.172134
0.662
0.662
0.662
0.662
0.35043
0.662
0.0957336
0.662
0.662
0.446052
0.0765756
0.662
0.356466
0.662
0.662
0.662
0.475744
0.200325
0.662
0.662
0.321332
0.119785
0.45541
0.662
0.662
0.662
0.187194
0.444077
0.174045
0.318971
0.662
0.537382
0.662
0.117608
0.400789
0.171791
0.662
0.662
0.662
0.662
0.136482
0.490195
0.485375
0.662
0.662
0.662
0.108883
0.662
0.511801
0.523876
0.662
0.662
0.662
0.662
0.345363
0.662
0.662
0.662
0.662
0.0414649
0.0132619
0.662
0.291118
0.581353
0.662
0.662
0.662
0.0935938
0.295082
0.662
0.662
0.662
0.114781
0.662
0.662
0.363804
0.27298
0.662
0.200164
0.662
0.662
0.662
0.151597
0.662
0.362501
0.662
0.197552
0.201929
0.206129
0.662
0.123087
0.662
0.186279
0.662
0.24794
0.252566
0.289942
0.492235
0.00712966
0.433279
0.0275808
0.336439
0.633694
0.662
0.662
0.662
0.458269
0.662
0.148406
0.662
0.434441
0.435793
0.0803683
0.662
0.662
0.662
0.662
0.662
0.662
0.397733
0.662
0.662
0.473829
0.662
0.331278
0.662
0.448151
0.249978
0.528621
0.662
0.381113
0.20093
0.662
0.0499629
0.662
0.35754
0.358411
0.50325
0.662
0.662
0.0100735
0.662
0.389671
0.479924
0.0413698
0.662
0.365765
0.406497
0.662
0.662
0.662
0.662
0.662
0.662
0.278171
0.270539
0.662
0.401964
0.662
0.662
0.415838
0.257175
0.178234
0.662
0.167992
0.662
0.662
0.662
0.31983
0.662
0.144481
0.662
0.662
0.662
0.662
0.662
0.662
0.662
0.662
0.662
0.662
0.16407
0.662
0.662
0.486739
0.662
0.0566246
0.662
0.0200314
0.275043
0.662
0.327013
0.455156
0.662
0.662
0.662
0.459062
0.662
0.662
0.662
0.361882
0.662
0.174396
0.662
0.662
0.662
0.662
0.662
0.662
0.0430035
0.401477
0.375707
0.662
0.130992
0.662
0.662
0.662
0.342367
0.15612
0.341924
0.119205
0.662
0.058013
0.100767
0.662
0.662
0.285112
0.662
0.662
0.212917
0.302822
0.662
0.662
0.662
0.194965
0.662
0.358966
0.662
0.589708
0.662
0.137171
0.381355
0.286527
0.662
0.662
0.161536
0.114898
0.0270656
0.429968
0.662
0.42021
0.454215
0.662
0.520413
0.162866
0.662
0.417239
0.662
0.354829
0.15468
0.662
0.357628
0.662
0.662
0.124171
0.521897
0.259714
0.14398
0.662
0.662
0.0920201
0.662
0.662
0.662
0.253999
0.102194
0.662
0.662
0.0112074
0.662
0.16064
0.662
0.662
0.662
0.662
0.662
0.662
0.024509
0.662
0.662
0.662
0.358961
0.625062
0.376196
0.00434284
0.350837
0.662
0.417981
0.0759861
0.138509
0.0486916
0.177861
0.662
0.662
0.662
0.662
0.662
0.662
0.217696
0.662
0.186373
0.662
0.314331
0.662
0.662
0.662
0.28448
0.321799
0.662
0.662
0.0570277
0.166382
0.662
0.384788
0.433774
0.337204
3.89087e-06
0.662
0.422793
0.662
0.662
0.369483
0.662
0.662
0.181252
0.0180584
0.372362
0.662
0.662
0.0588343
0.0610622
0.285747
0.662
0.662
0.212192
0.30074
0.342229
0.662
0.0453046
0.260794
0.662
0.662
0.465043
0.469193
0.662
0.662
0.662
0.230889
0.354985
0.662
0.0921911
0.320168
0.662
0.435652
0.662
0.662
0.662
0.662
0.275011
0.383258
0.35936
0.486001
0.662
0.434124
0.104928
0.662
0.662
0.662
0.662
0.662
0.662
0.662
0.039682
0.267839
0.611379
0.350464
0.259944
0.662
0.199647
0.414575
0.662
0.662
0.662
0.204579
0.662
0.662
0.251687
0.662
0.662
0.662
0.662
0.301694
0.662
0.319107
0.237899
0.662
0.415029
0.314388
0.211244
0.662
0.15099
0.506681
0.662
0.311575
0.566115
0.221927
0.633128
0.27382
0.138402
0.662
0.313062
0.662
0.662
0.662
0.117015
0.662
0.455628
0.662
0.421614
0.662
0.35389
0.0131541
0.288883
0.451853
0.257208
0.438284
0.662
0.114757
0.416786
0.662
0.401837
0.251243
0.288064
0.662
0.662
0.262989
0.339332
0.307437
0.662
0.662
0.662
0.633693
0.662
0.172505
0.662
0.662
0.375692
0.662
0.181147
0.00824829
0.662
0.367723
0.662
0.662
0.662
0.288834
0.662
0.0885321
0.658818
0.34933
0.662
0.0982641
0.662
0.662
0.270532
0.662
0.183159
0.467963
0.471967
0.662
0.634684
0.662
0.0866066
0.3974
0.207188
0.662
0.124232
0.662
0.197128
0.662
0.361104
0.22073
0.662
0.662
0.474113
0.0568303
0.662
0.662
0.0452286
0.662
0.579786
0.406069
0.403825
0.662
0.662
0.531843
0.662
0.19375
0.662
0.662
0.261046
0.662
0.181892
0.140822
0.457964
0.250201
0.662
0.662
0.360387
0.589736
0.662
0.0225657
0.662
0.59876
0.662
0.370069
0.662
0.124109
0.491332
0.539345
0.4468
0.662
0.662
0.437984
0.141714
0.662
0.296434
0.23046
0.662
0.662
0.662
0.662
0.662
0.0962037
0.312921
0.424808
0.662
0.329043
0.104056
0.163656
0.662
0.662
0.192379
0.0137374
0.662
0.594829
0.0389587
0.336196
0.662
0.662
0.0697305
0.662
0.330191
0.410883
0.47315
0.0905135
0.662
0.228545
0.400329
0.662
0.461578
0.210427
0.662
0.405836
0.662
0.662
0.662
0.662
0.256901
0.662
0.662
0.415651
0.186225
0.662
0.662
0.471148
0.662
0.662
0.662
0.662
0.155504
0.662
0.662
0.662
0.164995
0.662
0.662
0.0136308
0.0574762
0.12285
0.406075
0.662
0.662
0.403377
0.0277664
0.662
0.662
0.662
0.373976
0.638822
0.39957
0.57884
0.662
0.46278
0.662
0.662
0.662
0.253547
0.440757
0.375444
0.662
0.613981
0.410907
0.240259
0.435521
0.662
0.662
0.662
0.662
0.37872
0.178859
0.662
0.662
0.368458
0.662
0.662
0.302365
0.662
0.173133
0.662
0.662
0.325943
0.662
0.662
0.662
0.461489
0.662
0.262958
0.662
0.322851
0.662
0.662
0.0435389
0.662
0.662
0.499173
0.662
0.662
0.3001
0.662
0.0974897
0.411831
0.54934
0.0328017
0.333507
0.433975
0.411396
0.662
0.373956
0.320731
0.662
0.662
0.00706225
0.270235
0.228801
0.662
0.152111
0.662
0.488706
0.57139
0.662
0.662
0.102075
0.662
0.662
0.662
0.390016
0.200391
0.487918
0.662
0.662
0.170698
0.662
0.297168
0.506715
0.662
0.662
0.278723
0.0687074
0.662
0.319639
0.662
0.0829493
0.662
0.662
0.662
0.355833
0.662
0.662
0.123463
0.662
0.662
0.662
0.386354
0.292928
0.267752
0.662
0.00349873
0.662
0.662
0.46382
0.662
0.662
0.422317
0.662
0.662
0.662
0.41684
0.422524
0.662
0.662
0.662
0.460615
0.584706
0.469442
0.662
0.662
0.282206
0.191724
0.662
0.662
0.662
0.662
0.376961
0.0216155
0.199679
0.662
0.662
0.215115
0.662
0.0231146
0.662
0.00124529
0.662
0.662
0.11096
0.662
0.662
0.560416
0.662
0.501027
0.472264
0.132136
0.386068
0.476008
0.662
0.303495
0.346502
0.662
0.662
0.470286
0.414072
0.151379
0.662
0.426642
0.440727
0.662
0.662
0.321093
0.662
0.662
0.413975
0.654926
0.00696491
0.662
0.662
0.157859
0.662
0.19492
0.662
0.662
0.517008
0.662
0.317974
0.662
0.662
0.662
0.42843
0.662
0.662
0.239404
0.662
0.662
0.126949
0.662
0.662
0.143351
0.00290817
0.662
0.382113
0.662
0.662
0.369529
0.662
0.0869808
0.252005
0.662
0.0666739
0.0479419
0.328261
0.662
0.662
0.662
0.662
0.0090106
0.662
0.40322
0.278812
0.662
0.662
0.352063
0.662
0.662
0.662
0.662
0.165019
0.467703
0.0402334
0.209815
0.662
0.0597177
0.662
0.169877
0.400783
0.386843
0.662
0.259017
0.662
0.662
0.49741
0.346612
0.146819
0.662
0.662
0.152215
0.297128
0.662
0.662
0.662
0.662
0.662
0.264804
0.662
0.662
0.169151
0.194157
0.649146
0.216989
0.662
0.662
0.364073
0.662
0.662
0.0765674
0.662
0.24246
0.662
0.662
0.662
0.0868608
0.0968087
0.662
0.662
0.017276
0.173664
0.348934
0.662
0.662
0.397752
0.0743915
0.370372
0.662
0.239896
0.662
0.466791
0.314696
0.662
0.629706
0.662
0.475116
0.407127
0.415088
0.662
0.346325
0.662
0.662
0.662
0.662
0.662
0.0981521
0.662
0.00517862
0.662
0.662
0.472026
0.662
0.329264
0.662
0.562903
0.336786
0.662
0.460313
0.0625971
0.441002
0.662
0.465252
0.390693
0.222963
0.662
0.662
0.396629
0.388469
0.0442125
0.164026
0.662
0.662
0.662
0.662
0.662
0.352605
0.442511
0.662
0.148775
0.559746
0.662
0.0803505
0.365299
0.662
0.426439
0.662
0.662
0.358194
0.662
0.0450444
0.383853
0.475987
0.662
0.662
0.288113
0.165106
0.662
0.662
0.474458
0.662
0.662
0.337572
0.662
0.662
0.501507
0.662
0.29411
0.662
0.662
0.415912
0.452082
0.662
0.662
0.662
0.109991
0.426858
0.662
0.48543
0.662
0.134126
0.00540375
0.348279
0.662
0.662
0.662
0.170704
0.662
0.230309
0.560349
0.140375
0.0270579
0.377591
0.662
0.662
0.0974501
0.192783
0.0897778
0.662
0.662
0.429793
0.660314
0.662
0.207975
0.311899
0.242546
0.662
0.582454
0.662
0.323793
0.662
0.662
0.662
0.662
0.662
0.662
0.662
0.246543
0.662
0.050815
0.662
0.581915
0.291173
0.662
0.662
0.662
0.662
0.478524
0.662
0.662
0.278831
0.662
0.256257
0.662
0.662
0.313962
0.252141
0.662
0.662
0.662
0.662
0.45787
0.662
0.662
0.662
0.580837
0.353675
0.662
0.200149
0.554079
0.662
0.662
0.191013
0.609997
0.39545
0.662
0.662
0.662
0.662
0.394968
0.251024
0.212283
0.662
0.662
0.369676
0.285801
0.388903
0.02035
0.24389
0.114893
0.325609
0.662
0.662
0.662
0.372022
0.662
0.651616
0.309456
0.662
0.270691
0.662
0.662
0.662
0.662
0.662
0.0752829
0.143081
0.662
0.453893
0.662
0.662
0.285341
0.261497
0.219061
0.00523567
0.398794
0.662
0.416539
0.369229
0.662
0.300749
0.662
0.121333
0.662
0.347621
0.662
0.662
0.662
0.201514
0.313033
0.381886
0.662
0.662
0.662
0.662
0.173718
0.378359
0.662
0.124129
0.123352
0.532334
0.662
0.452756
0.312785
0.167433
0.662
0.662
0.389192
0.662
0.124042
0.662
0.662
0.103513
0.662
0.662
0.662
0.662
0.0664319
0.103106
0.662
0.662
0.662
0.662
0.662
0.333453
0.662
0.662
0.662
0.278534
0.189339
0.662
0.662
0.662
0.326182
0.291658
0.662
0.354357
0.0628283
0.662
0.662
0.662
0.205874
0.522898
0.190772
0.662
0.489845
0.201377
0.662
0.662
0.398501
0.662
0.662
0.290671
0.662
0.132736
0.475074
0.662
0.662
0.662
0.364077
0.662
0.401712
0.263109
0.662
0.629763
0.662
0.662
0.131113
0.662
0.662
0.662
0.142834
0.475076
0.264858
0.662
0.662
0.0428083
0.106583
0.249859
0.12234
0.334794
0.662
0.0298009
0.662
0.132157
0.662
0.123182
0.552353
0.662
0.662
0.508602
0.398992
0.662
0.274878
0.170866
0.547237
0.662
0.662
0.410696
0.275199
0.662
0.662
0.662
0.115524
0.292126
0.369565
0.662
0.662
0.044983
0.0832077
0.662
0.0134327
0.0281127
0.0583943
0.662
0.662
0.662
0.308733
0.391843
0.662
0.662
0.164618
0.662
0.662
0.33068
0.301653
0.10182
0.0153619
0.406937
0.422598
0.662
0.437876
0.0286592
0.0802759
0.174024
0.662
0.662
0.662
0.662
0.662
0.662
0.474094
0.662
0.662
0.289706
0.322161
0.662
0.662
0.662
0.662
0.662
0.662
0.662
0.47654
0.662
0.159054
0.0288706
0.662
0.0561644
0.662
0.662
0.662
0.354122
0.597103
0.237102
0.662
0.662
0.662
0.662
0.227552
0.662
0.662
0.662
0.662
0.662
0.299744
0.662
0.662
0.334304
0.260708
0.662
0.376851
0.47645
0.662
0.169689
0.662
0.662
0.662
0.662
0.662
0.662
0.43719
0.662
0.662
0.316238
0.201892
0.212606
0.662
0.662
0.662
0.662
0.662
0.421099
0.296548
0.451314
0.451804
0.662
0.609745
0.147188
0.440648
0.262953
0.662
0.19927
0.0389882
0.00062179
0.392485
0.0687972
0.275016
0.128941
0.662
0.662
0.662
0.662
0.662
0.662
0.574241
0.382296
0.662
0.295505
0.38861
0.662
0.662
0.662
0.662
0.0223095
0.416125
0.249777
0.356002
0.00843287
0.662
0.662
0.662
0.503852
0.662
0.19649
0.0641313
0.662
0.41017
0.0625064
0.16608
0.662
0.308361
0.662
0.662
0.662
0.455764
0.221463
0.220957
0.166257
0.662
0.662
0.276556
0.662
0.662
0.25178
0.21116
0.470706
0.0455393
0.662
0.0502723
0.662
0.662
0.473929
0.249838
0.662
0.662
0.662
0.117881
0.226233
0.662
0.662
0.662
0.170463
0.662
0.0483107
0.447255
0.043481
0.662
0.583349
0.436918
0.662
0.00628294
0.662
0.304279
0.37932
0.184314
0.662
0.112596
0.403934
0.662
0.229116
0.662
0.0942804
0.309777
0.433138
0.107986
0.662
0.177216
0.487897
0.021439
0.662
0.662
0.662
0.662
0.662
0.662
0.299388
0.013341
0.435586
0.662
0.662
0.662
0.662
0.130231
0.0243013
0.662
0.662
0.422369
0.662
0.457138
0.426177
0.662
0.662
0.156711
0.145105
0.029402
0.251583
0.474114
0.662
0.662
0.29015
0.34347
0.274477
0.0736687
0.444964
0.662
0.00583765
0.662
0.171418
0.662
0.522686
0.662
0.662
0.662
0.662
0.0549724
0.390234
0.662
0.222758
0.295572
0.662
0.662
0.662
0.0376437
0.662
0.662
0.404816
0.0815154
0.662
0.0907019
0.267305
0.0769294
0.662
0.407651
0.662
0.662
0.662
0.440971
0.662
0.662
0.260367
0.389677
0.102427
0.389366
0.320087
0.662
0.662
0.289136
0.662
0.662
0.358308
0.203647
0.434048
0.662
0.381232
0.0198662
0.210051
0.662
0.662
0.315696
0.40533
0.662
0.16698
0.346717
0.662
0.662
0.662
0.241147
0.272089
0.239668
0.662
0.662
0.417418
0.257167
0.662
0.662
0.662
0.480673
0.0231977
0.428152
0.662
0.0779939
0.403343
0.0368466
0.372463
0.526687
0.662
0.662
0.662
0.662
0.662
0.662
0.662
0.0177476
0.031908
0.563013
0.112158
0.662
0.662
0.662
0.662
0.262865
0.403407
0.662
0.662
0.662
0.662
0.338812
0.383075
0.238715
0.265314
0.662
0.199161
0.662
0.662
0.662
0.44919
0.662
0.00561568
0.405545
0.662
0.662
0.0504787
0.662
0.192761
0.662
0.224364
0.113668
0.662
0.187927
0.662
0.662
0.662
0.662
0.662
0.606747
0.455414
0.662
0.662
0.662
0.0283119
0.335845
0.442125
0.662
0.662
0.330605
0.360841
0.247963
0.662
0.662
0.424119
0.662
0.662
0.318639
0.433592
0.415185
0.413622
0.279582
0.662
0.662
0.662
0.662
0.662
0.662
0.133979
0.662
0.662
0.258741
0.662
0.662
0.37793
0.246941
0.662
0.29303
0.662
0.662
0.662
0.662
0.662
0.662
0.662
0.662
0.662
0.00835514
0.662
0.662
0.0336913
0.391237
0.270608
0.662
0.662
0.195035
0.662
0.63339
0.662
0.662
0.0485431
0.374515
0.0751914
0.444655
0.396833
0.019679
0.662
0.662
0.270683
0.0862198
0.135479
0.580388
0.662
0.419529
0.662
0.339651
0.170327
0.662
0.226068
0.0357884
0.367696
0.662
0.297192
0.400436
0.662
0.662
0.028773
0.206093
0.0470125
0.662
0.662
0.319033
0.456091
0.662
0.662
0.662
0.662
0.0820107
0.453622
0.27507
0.207407
0.227104
0.0732369
0.662
0.662
0.200816
0.662
0.662
0.175732
0.329185
0.0654027
0.662
0.662
0.148007
0.315333
0.662
0.662
0.662
0.662
0.216513
0.662
0.571013
0.662
0.0652119
0.330444
0.662
0.662
0.662
0.662
0.467982
0.662
0.662
0.662
0.0334736
0.363202
0.662
0.441166
0.450301
0.662
0.00119831
0.662
0.662
0.182769
0.662
0.546032
0.662
0.662
0.662
0.662
0.662
0.249718
0.567178
0.662
0.662
0.502173
0.485656
0.662
0.157043
0.662
0.662
0.662
0.662
0.320845
0.258126
0.662
0.397813
0.662
0.0171769
0.662
0.662
0.662
0.662
0.261234
0.445224
0.04705
0.662
0.662
0.548057
0.275212
0.662
0.436365
0.662
0.662
0.0411746
0.662
0.662
0.662
0.077643
0.467892
