0.343385
0.662
0.662
0.662
0.662
0.255347
0.662
0.662
0.463003
0.0433299
0.662
0.0600275
0.330576
0.662
0.662
0.662
0.0608227
0.662
0.662
0.662
0.662
0.406123
0.662
0.662
0.662
0.380773
0.662
0.134693
0.0355438
0.662
0.168692
0.662
0.662
0.662
0.662
0.662
0.662
0.136498
0.149396
0.662
0.533908
0.15378
0.662
0.662
0.183631
0.0737178
0.36575
0.662
0.0944574
0.444356
0.170014
0.662
0.0647195
0.634031
0.208649
0.662
0.662
0.248035
0.662
0.115037
0.662
0.662
0.662
0.662
0.356776
0.144836
0.662
0.26022
0.662
0.042498
0.662
0.237943
0.294036
0.338678
0.662
0.662
0.662
0.647539
0.662
0.339142
0.662
0.662
0.504462
0.662
0.280543
0.662
0.281723
0.292505
0.424552
0.453694
0.313749
0.662
0.662
0.00816666
0.481511
0.662
0.662
0.324351
0.662
0.143896
0.511188
0.662
0.373633
0.194175
0.662
0.141352
0.662
0.186048
0.662
0.185946
0.21521
0.662
0.189213
0.662
0.456938
0.358486
0.662
0.0986098
0.334031
0.662
0.46245
0.198844
0.112528
0.662
0.359484
0.662
0.662
0.662
0.662
0.0915197
0.19817
0.446569
0.662
0.662
0.454747
0.662
0.662
0.662
0.227395
0.139033
0.114851
0.662
0.662
0.662
0.440876
0.662
0.210197
0.235793
0.662
0.152978
0.662
0.662
0.662
0.662
0.346458
0.662
0.06214
0.291211
0.421843
0.119639
0.662
0.216233
0.406577
0.0459167
0.0936357
0.0799595
0.475772
0.424885
0.0943482
0.662
0.662
0.457565
0.662
0.259607
0.0843889
0.662
0.662
0.662
0.16428
0.662
0.662
0.627879
0.662
0.286923
0.662
0.276378
0.662
0.452889
0.316282
0.304359
0.662
0.599105
0.662
0.045207
0.394871
0.301335
0.662
0.662
0.339779
0.400624
0.648916
0.662
0.662
0.039305
0.0121794
0.401597
0.662
0.262404
0.662
0.485986
0.407274
0.508338
0.662
0.455709
0.662
0.39272
0.662
0.662
0.662
0.190357
0.11492
0.662
0.662
0.662
0.662
0.662
0.662
0.406272
0.662
0.662
0.028667
0.662
0.109259
0.662
0.662
0.28079
0.662
0.33082
0.141341
0.662
0.662
0.662
0.449591
0.103928
0.662
0.28346
0.0790399
0.22189
0.400073
0.562036
0.174457
0.662
0.0957985
0.365469
0.395131
0.270985
0.662
0.662
0.662
0.662
0.662
0.662
0.662
0.662
0.662
0.388827
0.431981
0.39441
0.662
0.662
0.662
0.662
0.662
0.356981
0.0507045
0.662
0.330697
0.00782038
0.662
0.476327
0.383351
0.662
0.662
0.662
0.662
0.662
0.333334
0.662
0.435021
0.446776
0.209714
0.662
0.0999398
0.206927
0.662
0.662
0.662
0.662
0.662
0.436595
0.662
0.380151
0.662
0.662
0.662
0.662
0.662
0.359106
0.14839
0.662
0.662
0.254858
0.662
0.349526
0.451639
0.0233192
0.049974
0.662
0.377691
0.458368
0.662
0.662
0.342496
0.662
0.289942
0.188018
0.662
0.662
0.662
0.662
0.10729
0.662
0.391582
0.41465
0.629706
0.662
0.662
0.662
0.235644
0.662
0.662
0.516126
0.0743529
0.181836
0.662
0.149805
0.662
0.662
0.662
0.0826486
0.452174
0.662
0.662
0.311725
0.192034
0.662
0.070376
0.662
0.392036
0.263137
0.257996
0.172053
0.119315
0.662
0.662
0.662
0.662
0.662
0.087365
0.42473
0.662
0.293279
0.0524499
0.662
0.662
0.50123
0.662
0.432578
0.662
0.662
0.0532978
0.662
0.662
0.662
0.662
0.633694
0.662
0.662
0.253766
0.0510761
0.109201
0.662
0.212824
0.403543
0.662
0.0106195
0.662
0.124801
0.046808
0.662
0.261107
0.588495
0.324098
0.298863
0.662
0.395062
0.0305601
0.495462
0.133048
0.211708
0.662
0.338099
0.662
0.474744
0.118876
0.524742
0.289537
0.378596
0.662
0.0203878
0.662
0.662
0.662
0.662
0.662
0.662
0.662
0.662
0.662
0.268825
0.312955
0.662
0.662
0.20587
0.662
0.662
0.488429
0.662
0.662
0.228034
0.662
0.199447
0.662
0.662
0.0508209
0.330548
0.27831
0.0116253
0.356557
0.158948
0.662
0.448944
0.662
0.662
0.662
0.290739
0.662
0.431357
0.614337
0.662
0.0158043
0.33504
0.245546
0.425477
0.662
0.289205
0.662
0.662
0.0073316
0.662
0.662
0.662
0.385034
0.662
0.0389533
0.465196
0.234579
0.662
0.372248
0.293287
0.662
0.662
0.133454
0.633391
0.662
0.662
0.662
0.538874
0.229235
0.662
0.662
0.438498
0.662
0.662
0.0607132
0.662
0.173762
0.262653
0.0849846
0.662
0.337416
0.406288
0.662
0.662
0.662
0.662
0.526813
0.0656603
0.662
0.662
0.662
0.00752856
0.662
0.662
0.510125
0.662
0.662
0.513708
0.662
0.429602
0.411089
0.662
0.589712
0.662
0.662
0.662
0.119723
0.662
0.662
0.0493338
0.662
0.662
0.662
0.662
0.0218508
0.275718
0.662
0.197152
0.662
0.662
0.662
0.625687
0.252177
0.662
0.107563
0.662
0.389995
0.662
0.0673548
0.385002
0.202963
0.143823
0.312567
0.662
0.662
0.595427
0.662
0.0846329
0.662
0.116362
0.662
0.438325
0.339014
0.111113
0.662
0.122323
0.662
0.386917
0.200715
0.219919
0.662
0.187699
0.146794
0.662
0.259626
0.146326
0.257884
0.662
0.662
0.662
0.401505
0.662
0.662
0.662
0.662
0.662
0.0120053
0.662
0.270968
0.13904
0.436186
0.195895
0.491469
0.25487
0.25206
0.633694
0.224114
0.4733
0.662
0.662
0.3382
0.034855
0.270286
0.278983
0.105453
0.662
0.400555
0.662
0.181967
0.662
0.452239
0.662
0.358216
0.662
0.662
0.180992
0.283669
0.662
0.662
0.662
0.427047
0.662
0.662
0.662
0.281466
0.209815
0.662
0.427969
0.184874
0.662
0.662
0.16792
0.662
0.3973
0.619138
0.122713
0.662
0.510238
0.662
0.662
0.291537
0.102467
0.477432
0.270004
0.290396
0.338511
0.662
0.662
0.662
0.662
0.306773
0.662
0.662
0.0521934
0.379203
0.0111965
0.662
0.662
0.662
0.252821
0.662
0.662
0.662
0.662
0.461037
0.461722
0.662
0.662
0.615559
0.662
0.143465
0.662
0.466888
0.01093
0.662
0.438919
0.662
0.152524
0.662
0.662
0.431478
0.293079
0.272982
0.662
0.662
0.662
0.662
0.645475
0.0281224
0.396216
0.662
0.662
0.662
0.662
0.408325
0.228555
0.662
0.662
0.662
0.280418
0.662
0.485281
0.662
0.662
0.266329
0.662
0.662
0.335382
0.662
0.383283
0.662
0.662
0.662
0.439152
0.662
0.47922
0.53436
0.662
0.332041
0.662
0.270798
0.662
0.412313
0.662
0.0610615
0.0865476
0.250862
0.435334
0.114118
0.662
0.452381
0.0877343
0.662
0.142074
0.662
0.0203004
0.460558
0.662
0.150987
0.662
0.662
0.662
0.404199
0.272192
0.662
0.300238
0.662
0.403253
0.662
0.662
0.662
0.662
0.662
0.426387
0.219991
0.0533334
0.662
0.356949
0.181293
0.335627
0.662
0.662
0.460845
0.057041
0.662
0.452444
0.662
0.662
0.257348
0.37459
0.271141
0.662
0.256474
0.662
0.149756
0.124872
0.662
0.263687
0.662
0.662
0.25
0.0535813
0.662
0.301308
0.284027
0.662
0.340592
0.174596
0.308153
0.130397
0.228049
0.421975
0.662
0.216209
0.662
0.662
0.662
0.662
0.150225
0.662
0.0446019
0.662
0.176437
0.439515
0.662
0.339735
0.662
0.199262
0.662
0.0348407
0.00186427
0.662
0.662
0.44278
0.352462
0.218294
0.462782
0.351267
0.662
0.455064
0.662
0.662
0.662
0.662
0.662
0.662
0.662
0.662
0.419743
0.662
0.298197
0.662
0.199094
0.177837
0.662
0.662
0.34186
0.478052
0.662
0.414666
0.103524
0.662
0.662
0.662
0.662
0.662
0.662
0.662
0.662
0.442738
0.0358067
0.662
0.662
0.382159
0.5564
0.662
0.662
0.662
0.662
0.662
0.662
0.662
0.272652
0.662
0.412638
0.662
0.436139
0.662
0.0209029
0.197735
0.115383
0.662
0.240118
0.195514
0.662
0.662
0.54623
0.380066
0.348543
0.0446348
0.662
0.292431
0.471595
0.316059
0.0191485
0.662
0.296079
0.662
0.662
0.13497
0.662
0.662
0.106372
0.662
0.662
0.662
0.227584
0.220505
0.0530236
0.310783
0.662
0.662
0.662
0.141175
0.112365
0.397863
0.172286
0.187291
0.185527
0.214013
0.662
0.342014
0.662
0.0814289
0.662
0.402134
0.342128
0.662
0.404121
0.662
0.662
0.662
0.365566
0.662
0.662
0.417456
0.662
0.0384942
0.662
0.662
0.0974139
0.0701821
0.662
0.662
0.239134
0.0935423
0.348879
0.459068
0.662
0.662
0.662
0.2474
0.662
0.662
0.417563
0.662
0.662
0.662
0.131245
0.490122
0.662
0.662
0.662
0.324823
0.472634
0.662
0.160255
0.302992
0.191912
0.333066
0.176516
0.574587
0.404795
0.467289
0.205683
0.662
0.662
0.662
0.662
0.662
0.662
0.662
0.177004
0.662
0.629706
0.662
0.662
0.662
0.662
0.362048
0.662
0.662
0.662
0.662
0.662
0.662
0.275336
0.125839
0.662
0.375437
0.662
0.662
0.149295
0.367963
0.662
0.662
0.662
0.662
0.264264
0.205539
0.444543
0.662
0.662
0.347506
0.662
0.662
0.266143
0.43292
0.662
0.43174
0.662
0.662
0.662
0.023991
0.662
0.539394
0.662
0.662
0.662
0.461515
0.662
0.662
0.199735
0.393873
0.662
0.0726754
0.662
0.218371
0.662
0.473362
0.662
0.662
0.0702808
0.644506
0.185523
0.662
0.662
0.662
0.662
0.662
0.662
0.662
0.662
0.662
0.662
0.439689
0.662
0.662
0.457139
0.393292
0.223619
0.354263
0.662
0.611234
0.662
0.662
0.116996
0.662
0.662
0.662
0.662
0.12527
0.367042
0.662
0.224873
0.00799461
0.203006
0.662
0.205154
0.662
0.200482
0.136117
0.358045
