0.662
0.662
0.40983
0.662
0.662
0.412932
0.425001
0.273834
0.662
0.662
0.662
0.0647195
0.195177
0.662
0.0975047
0.662
0.364066
0.0760704
0.662
0.306195
0.662
0.409471
0.662
0.193378
0.28709
0.10617
0.398614
0.662
0.194865
0.662
0.662
0.662
0.662
0.077112
0.662
0.181956
0.325417
0.0615592
0.065151
0.662
0.662
0.595492
0.449307
0.46861
0.662
0.662
0.32242
0.296387
0.0130898
0.662
0.662
0.662
0.662
0.0972942
0.662
0.431346
0.0874443
0.662
0.443414
0.22652
0.334592
0.662
0.519024
0.662
0.463422
0.46027
0.662
0.168442
0.662
0.368489
0.662
0.662
0.302662
0.204957
0.662
0.662
0.662
0.662
0.45744
0.102691
0.662
0.286858
0.662
0.662
0.611563
0.662
0.662
0.662
0.0441011
0.662
0.662
0.662
0.0527446
0.662
0.290677
0.264703
0.662
0.384359
0.00745947
0.662
0.343464
0.474688
0.662
0.662
0.662
0.0709823
0.351245
0.662
0.662
0.662
0.662
0.662
0.662
0.662
0.555923
0.662
0.205534
0.662
0.16097
0.662
0.662
0.350994
0.662
0.132992
0.0868239
0.268368
0.13497
0.662
0.662
0.221116
0.169797
0.367414
0.662
0.662
0.662
0.662
0.10986
0.662
0.662
0.662
0.662
0.662
0.427991
0.390446
0.306865
0.662
0.662
0.00707704
0.5228
0.662
0.144677
0.274817
0.662
0.662
0.218302
0.0262487
0.205154
0.0853859
0.662
0.662
0.421821
0.662
0.276623
0.263358
0.662
0.0158043
0.662
0.232952
0.40312
0.662
0.662
0.0142354
0.662
0.153188
0.152285
0.662
0.662
0.248116
0.439368
0.662
0.662
0.662
0.662
0.0495186
0.662
0.408625
0.34302
0.662
0.662
0.438412
0.662
0.662
0.662
0.662
0.662
0.344547
0.0300361
0.662
0.330576
0.662
0.662
0.662
0.26864
0.662
0.662
0.662
0.662
0.662
0.662
0.662
0.662
0.191807
0.645475
0.213938
0.662
0.122342
0.662
0.317616
0.662
0.252289
0.662
0.662
0.662
0.07048
0.662
0.662
0.662
0.662
0.662
0.662
0.465196
0.662
0.662
0.436807
0.662
0.115249
0.662
0.423118
0.353112
0.662
0.057966
0.00799602
0.662
0.662
0.158724
0.662
0.662
0.476327
0.662
0.662
0.0583398
0.534748
0.374768
0.354975
0.345335
0.662
0.417739
0.0184573
0.195974
0.662
0.109477
0.312696
0.00894654
0.600227
0.662
0.662
0.473821
0.405907
0.431357
0.662
0.662
0.662
0.214439
0.662
0.175067
0.455146
0.662
0.662
0.662
0.662
0.662
0.263358
0.390157
0.662
0.294036
0.442986
0.0167184
0.662
0.095202
0.662
0.662
0.56498
0.187699
0.662
0.247646
0.662
0.319986
0.662
0.662
0.510126
0.442804
0.662
0.21199
0.662
0.662
0.619138
0.395387
0.305004
0.13366
0.662
0.105927
0.662
0.496789
0.662
0.0516268
0.662
0.254858
0.662
0.312955
0.662
0.662
0.0405973
0.379146
0.156607
0.662
0.662
0.662
0.662
0.662
0.662
0.126827
0.477955
0.662
0.363204
0.662
0.662
0.32799
0.662
0.662
0.00911559
0.402134
0.662
0.662
0.378663
0.426889
0.380116
0.178357
0.662
0.662
0.427877
0.662
0.655311
0.0719721
0.131232
0.63339
0.662
0.127383
0.452444
0.662
0.662
0.662
0.0487175
0.0615357
0.175156
0.315403
0.1134
0.343731
0.662
0.662
0.662
0.662
0.00842068
0.450679
0.12603
0.662
0.107648
0.662
0.662
0.662
0.662
0.662
0.662
0.662
0.662
0.133396
0.514104
0.176462
0.365566
0.0137048
0.662
0.662
0.461344
0.0322734
0.662
0.20222
0.662
0.560312
0.218551
0.218074
0.662
0.139201
0.662
0.282748
0.267129
0.662
0.00536895
0.296275
0.662
0.0791661
0.228747
0.118876
0.243398
0.662
0.233855
0.662
0.662
0.662
0.662
0.662
0.662
0.662
0.662
0.23899
0.273108
0.662
0.263994
0.662
0.177837
0.662
0.458368
0.0139791
0.318155
0.662
0.244274
0.662
0.103018
0.662
0.453355
0.393268
0.361158
0.47386
0.0585133
0.292988
0.229188
0.662
0.517538
0.459477
0.204829
0.0237721
0.219761
0.416516
0.662
0.662
0.1526
0.662
0.662
0.2587
0.122325
0.287438
0.662
0.0972602
0.662
0.662
0.662
0.662
0.0232508
0.662
0.662
0.0173524
0.662
0.662
0.662
0.662
0.0414676
0.27286
0.662
0.0497303
0.662
0.406028
0.662
0.333066
0.147722
0.662
0.662
0.286967
0.662
0.662
0.662
0.432763
0.159304
0.662
0.190845
0.662
0.662
0.662
0.373119
0.0990622
0.662
0.662
0.662
0.662
0.662
0.662
0.192294
0.662
0.662
0.245688
0.662
0.644506
0.406785
0.0262028
0.285478
0.592594
0.0818199
0.662
0.266393
0.662
0.662
0.543524
0.398667
0.471662
0.662
0.641915
0.662
0.662
0.254871
0.467311
0.134693
0.662
0.242429
0.662
0.662
0.235486
0.098684
0.477004
0.662
0.132284
0.235318
0.662
0.662
0.453471
0.647539
0.263687
0.662
0.133383
0.662
0.233126
0.222896
0.662
0.00398532
0.322387
0.0983065
0.662
0.662
0.662
0.662
0.136807
0.239199
0.662
0.662
0.652905
0.662
0.662
0.371406
0.238245
0.354263
0.151709
0.662
0.662
0.662
0.662
0.662
0.662
0.662
0.662
0.662
0.633391
0.662
0.656692
0.662
0.391032
0.346234
0.495462
0.662
0.0274511
0.662
0.462978
0.087225
0.432578
0.181967
0.227027
0.645903
0.0174379
0.662
0.662
0.662
0.500537
0.662
0.428312
0.240899
0.662
0.355292
0.191886
0.662
0.662
0.509854
0.275248
0.281029
0.365174
0.662
0.662
0.10325
0.181377
0.662
0.141698
0.662
0.662
0.374867
0.662
0.662
0.0967895
0.3764
0.37434
0.662
0.662
0.107323
0.662
0.431618
0.0588758
0.0336579
0.662
0.662
0.662
0.662
0.181898
0.662
0.224873
0.153975
0.0936991
0.369369
0.346785
0.31779
0.662
0.228291
0.0433299
0.662
0.662
0.288665
0.0977117
0.57523
0.662
0.662
0.662
0.246056
0.354731
0.14878
0.00291125
0.300473
0.397006
0.271241
0.404712
0.662
0.404199
0.662
0.00518899
0.111346
0.662
0.662
0.422646
0.368431
0.662
0.662
0.662
0.289966
0.142047
0.662
0.662
0.662
0.662
0.662
0.662
0.284334
0.172077
0.662
0.337889
0.260132
0.436232
0.10481
0.662
0.662
0.662
0.2801
0.662
0.466976
0.662
0.149281
0.558958
0.662
0.662
0.226149
0.393742
0.662
0.662
0.662
0.171709
0.662
0.289012
0.387847
0.662
0.662
0.662
0.662
0.328892
0.662
0.422344
0.662
0.0411652
0.419884
0.662
0.0684351
0.662
0.0892688
0.345846
0.662
0.421843
0.662
0.662
0.662
0.556687
0.326728
0.662
0.194907
0.0524499
0.662
0.662
0.322559
0.130397
0.620875
0.37696
0.662
0.662
0.345868
0.406272
0.0620763
0.431822
0.662
0.324163
0.319828
0.662
0.662
0.0120053
0.662
0.0208063
0.00316197
0.0833014
0.239082
0.662
0.579644
0.662
0.662
0.286755
0.0712567
0.662
0.662
0.421476
0.342602
0.662
0.662
0.039305
0.263116
0.325036
0.0379234
0.662
0.246814
0.430043
0.405021
0.662
0.0305601
0.13686
0.662
0.662
0.662
0.161377
0.229042
0.259414
0.662
0.354996
0.662
0.328654
0.633693
0.662
0.230599
0.261507
0.0247767
0.662
0.662
0.260368
0.662
0.662
0.662
0.44278
0.0102646
0.662
0.662
0.662
0.143908
0.193753
0.662
0.503356
0.10242
0.222926
0.409797
0.0119892
0.662
0.323464
0.662
0.455568
0.662
0.205923
0.662
0.662
0.458657
0.662
0.26551
0.662
0.662
0.662
0.245195
0.247266
0.662
0.662
0.662
0.662
0.291211
0.0778813
0.274549
0.662
0.172789
0.597956
0.485217
0.373052
0.662
0.556704
0.129438
0.298014
0.345238
0.275165
0.662
0.662
0.2868
0.468612
0.173237
0.0558139
0.662
0.662
0.24597
0.371993
0.662
0.662
0.662
0.662
0.662
0.662
0.662
0.662
0.304419
0.662
0.662
0.200047
0.662
0.204833
0.300323
0.662
0.662
0.365455
0.662
0.662
0.662
0.662
0.662
0.662
0.618267
0.662
0.194678
0.437888
0.342663
0.662
0.662
0.438475
0.662
0.231541
0.662
0.662
0.662
0.337913
0.662
0.662
0.662
0.662
0.368569
0.662
0.257288
0.662
0.625687
0.376956
0.491469
0.0192412
0.662
0.417522
0.662
0.662
0.245164
0.47628
0.662
0.662
0.662
0.662
0.0527898
0.252102
0.224086
0.662
0.471679
0.13968
0.662
0.662
0.475143
0.662
0.369154
0.0539403
0.662
0.662
0.303296
0.662
0.662
0.662
0.109135
0.662
0.662
0.0858652
0.662
0.662
0.454011
0.309758
0.270573
0.177116
0.283482
0.662
0.662
0.662
0.318596
0.357013
0.185914
0.662
0.259449
0.0944574
0.662
0.0384942
0.662
0.662
0.662
0.0653869
0.662
0.662
0.100631
0.468963
0.361589
0.310661
0.415467
0.143816
0.13318
0.662
0.662
0.293811
0.406165
0.0411505
0.0188795
0.662
0.662
0.0679996
0.662
0.662
0.662
0.141103
0.662
0.23723
0.662
0.662
0.297741
0.662
0.0814933
0.102706
0.0781727
0.283718
0.0281224
0.662
0.662
0.662
0.458002
0.332115
0.662
0.123474
0.662
0.662
0.125779
0.662
0.629706
0.662
0.662
0.662
0.662
0.441493
0.662
0.662
0.662
0.662
0.662
0.289845
0.420959
0.323917
0.662
0.662
0.221552
0.662
0.36688
0.662
0.662
0.662
0.662
0.662
0.662
0.209354
0.361577
0.0540063
0.662
0.662
0.662
0.662
0.200482
0.136117
0.53973
0.662
0.282457
0.356215
0.344653
0.324351
0.595559
0.129433
0.662
0.117196
0.662
0.297242
0.244028
0.380869
0.377951
0.662
0.662
0.0320524
0.662
0.269476
0.0279219
0.0243298
0.229829
0.662
0.662
0.0136638
0.285796
0.175966
0.434336
0.662
0.662
0.212678
0.193651
0.347783
0.662
0.377569
0.473701
0.213481
0.325955
0.662
0.662
0.662
0.462825
0.662
0.265164
0.160988
0.152524
0.348888
0.662
0.662
0.424885
0.397769
0.662
0.662
0.470898
0.0446019
0.277501
0.313667
0.0917414
0.302039
0.2456
0.662
0.414499
0.662
0.0766508
0.377388
0.235176
0.374026
0.662
0.662
0.332041
0.126912
0.294358
0.1038
0.662
0.303869
0.0970014
0.273309
0.662
0.391563
0.413548
0.662
0.662
0.662
0.662
0.662
0.662
0.662
0.0381687
0.662
0.662
0.662
0.394745
0.127561
0.356574
0.303946
0.339275
0.662
0.413306
0.272175
0.662
0.662
0.154357
0.662
0.662
0.662
0.14889
0.155799
0.662
0.662
0.662
0.358186
0.662
0.662
0.662
0.662
0.0204641
0.662
0.662
0.662
0.662
0.662
0.440876
0.32787
0.662
0.662
0.392644
0.450147
0.662
0.0761841
0.15197
0.662
0.468581
0.662
0.357568
0.662
0.662
0.0220174
0.47754
0.662
0.662
0.662
0.662
0.662
0.0125917
0.662
0.662
0.35113
0.662
0.293723
0.325726
0.662
0.311073
0.0749219
0.464351
0.357457
0.157897
0.186174
0.662
0.662
0.662
0.662
0.130299
0.374704
0.378905
0.662
0.662
0.662
0.662
0.0215954
0.662
0.662
0.0343157
0.0746162
0.662
0.662
0.0400916
0.387615
0.662
0.420221
0.662
0.380069
0.43974
0.207199
0.63339
0.310106
0.662
0.662
0.101621
0.662
0.209237
0.662
0.47111
0.478278
0.0868423
0.662
0.662
0.662
0.662
0.662
0.0997909
0.0530502
0.662
0.662
0.346501
0.662
0.597646
0.662
0.662
0.532885
0.0861676
0.3937
0.662
0.662
0.111425
0.00816666
0.479942
0.662
0.662
0.503044
0.171572
0.662
0.662
0.273636
0.413037
0.25046
0.378467
0.173121
0.0029628
0.0255137
0.512709
0.0507613
0.662
0.00197943
0.257583
0.662
0.0706309
0.662
0.464571
0.662
0.662
0.333687
0.662
0.662
0.0922235
0.662
0.230633
0.662
0.557332
0.662
0.662
0.662
0.662
0.561091
0.662
0.186656
0.662
0.662
0.662
0.662
