0.662
0.662
0.662
0.662
0.662
0.662
0.0479193
0.219327
0.3505
0.390881
0.662
0.662
0.0124293
0.424905
0.662
0.662
0.662
0.662
0.662
0.368092
0.662
0.304279
0.662
0.102303
0.662
0.662
0.337383
0.2963
0.662
0.662
0.379127
0.662
0.662
0.662
0.260851
0.439604
0.662
0.662
0.662
0.432946
0.344456
0.662
0.0248995
0.259624
0.662
0.662
0.306269
0.662
0.120634
0.0531715
0.662
0.662
0.662
0.662
0.662
0.662
0.662
0.444971
0.662
0.0287354
0.537212
0.053111
0.662
0.662
0.662
0.485769
0.662
0.282582
0.662
0.662
0.388325
0.148629
0.662
0.182769
0.317237
0.372339
0.662
0.472125
0.662
0.662
0.446044
0.219362
0.662
0.662
0.662
0.662
0.182367
0.662
0.662
0.662
0.127619
0.662
0.662
0.662
0.443256
0.381449
0.662
0.662
0.278534
0.662
0.0533408
0.301789
0.235561
0.222806
0.662
0.313903
0.662
0.662
0.357924
0.662
0.662
0.662
0.662
0.662
0.0945888
0.662
0.662
0.189373
0.662
0.42835
0.00123567
0.662
0.662
0.407964
0.40624
0.484043
0.222181
0.662
0.662
0.662
0.662
0.662
0.662
0.0134327
0.389066
0.662
0.366649
0.662
0.116401
0.00913811
0.281117
0.662
0.376726
0.662
0.662
0.662
0.218706
0.662
0.207952
0.662
0.370757
0.194036
0.36317
0.419732
0.662
0.662
0.62897
0.49741
0.662
0.662
0.254577
0.468649
0.39956
0.662
0.662
0.18929
0.662
0.662
0.0315359
0.662
0.446709
0.561793
0.374842
0.662
0.0264091
0.138926
0.662
0.662
0.385491
0.251354
0.166344
0.610318
0.662
0.0131591
0.662
0.662
0.221817
0.353757
0.662
0.480367
0.662
0.662
0.201377
0.251941
0.662
0.662
0.662
0.197442
0.662
0.662
0.662
0.662
0.580388
0.662
0.662
0.662
0.255302
0.662
0.119475
0.662
0.662
0.478189
0.662
0.662
0.307679
0.047082
0.662
0.258104
0.662
0.662
0.0673986
0.439292
0.355945
0.662
0.662
0.0342969
0.251915
0.269681
0.662
0.662
0.533891
0.662
0.17291
0.662
0.358735
0.530088
0.662
0.520257
0.662
0.662
0.662
0.662
0.662
0.662
0.662
0.330459
0.662
0.662
0.662
0.662
0.106961
0.662
0.662
0.314689
0.662
0.662
0.305128
0.662
0.464319
0.662
0.662
0.662
0.662
0.662
0.662
0.269947
0.662
0.284183
0.415371
0.662
0.196675
0.204373
0.201541
0.662
0.381808
0.333746
0.662
0.181529
0.36123
0.427484
0.662
0.232427
0.343347
0.662
0.662
0.662
0.203995
0.662
0.201975
0.607493
0.662
0.0777104
0.0470305
0.427205
0.393996
0.192547
0.662
0.248524
0.177381
0.0104567
0.662
0.662
0.270622
0.190016
0.662
0.306037
0.662
0.478672
0.662
0.662
0.662
0.322623
0.662
0.0423287
0.153856
0.662
0.662
0.662
0.662
0.662
0.132001
0.0570277
0.288178
0.414197
0.662
0.662
0.241483
0.662
0.662
0.045791
0.662
0.12197
0.177502
0.32224
0.662
0.39094
0.342269
0.662
0.662
0.662
0.662
0.182579
0.39471
0.264518
0.662
0.302746
0.380631
0.662
0.662
0.662
0.3279
0.387284
0.662
0.662
0.0576914
0.37314
0.662
0.662
0.387264
0.177861
0.662
0.662
0.362134
0.259179
0.662
0.662
0.465258
0.0616552
0.194641
0.662
0.662
0.662
0.375425
0.662
0.662
0.662
0.223986
0.662
0.662
0.0173264
0.662
0.662
0.662
0.662
0.662
0.662
0.419069
0.0600948
0.362128
0.662
0.184901
0.193732
0.211049
0.124962
0.0406403
0.404439
0.662
0.409361
0.662
0.662
0.662
0.662
0.662
0.232375
0.662
0.504586
0.085844
0.662
0.304146
0.451334
0.349298
0.224147
0.662
0.355839
0.403166
0.662
0.174571
0.428546
0.0208516
0.662
0.662
0.662
0.662
0.288163
0.662
0.180023
0.144507
0.662
0.662
0.662
0.662
0.662
0.273909
0.0210576
0.194157
0.662
0.369229
0.111098
0.662
0.219753
0.662
0.662
0.381355
0.662
0.461489
0.403874
0.662
0.662
0.662
0.327952
0.662
0.662
0.662
0.662
0.662
0.204325
0.662
0.662
0.390732
0.662
0.0658797
0.662
0.314832
0.662
0.662
0.35754
0.0574762
0.505233
0.662
0.193626
0.662
0.662
0.662
0.324445
0.0196591
0.662
0.662
0.662
0.662
0.454771
0.367749
0.224379
0.141569
0.185325
0.417583
0.327144
0.634684
0.662
0.662
0.662
0.662
0.407628
0.662
0.0478854
0.662
0.484155
0.662
0.662
0.323458
0.00751225
0.662
0.662
0.22685
0.337888
0.569426
0.662
0.418454
0.387314
0.662
0.114953
0.031908
0.176559
0.662
0.662
0.662
0.662
0.662
0.662
0.662
0.662
0.122921
0.207597
0.169796
0.662
0.662
0.323092
0.662
0.662
0.134066
0.223942
0.411211
0.662
0.437819
0.662
0.662
0.593721
0.662
0.662
0.529205
0.662
0.662
0.441112
0.330614
0.662
0.249253
0.247026
0.662
0.359178
0.662
0.662
0.0387987
0.662
0.662
0.662
0.662
0.662
0.362501
0.423859
0.235935
0.662
0.498587
0.367365
0.155044
0.276655
0.662
0.662
0.662
0.270776
0.0402565
0.271748
0.245002
0.338221
0.434325
0.662
0.00635322
0.662
0.257138
0.662
0.662
0.662
0.662
0.662
0.0551499
0.00561568
0.662
0.662
0.662
0.662
0.193139
0.662
0.662
0.662
0.662
0.662
0.662
0.662
0.136219
0.0442174
0.662
0.662
0.662
0.662
0.231475
0.0519125
0.394861
0.263163
0.481625
0.662
0.0955227
0.127475
0.662
0.662
0.100183
0.662
0.662
0.0962037
0.662
0.662
0.50311
0.437876
0.662
0.0789653
0.423329
0.36239
0.217395
0.662
0.190772
0.662
0.169403
0.0627922
0.662
0.662
0.245501
0.662
0.662
0.491761
0.144558
0.49474
0.662
0.662
0.662
0.662
0.556923
0.662
0.378118
0.381823
0.662
0.364865
0.132774
0.662
0.662
0.399116
0.125353
0.662
0.662
0.662
0.662
0.662
0.129645
0.37191
0.119737
0.372003
0.662
0.431261
0.492597
0.662
0.662
0.0625971
0.048365
0.393545
0.662
0.529347
0.662
0.662
0.662
0.662
0.468216
0.185403
0.516469
0.456965
0.132248
0.132969
0.662
0.662
0.426309
0.662
0.662
0.450993
0.484389
0.662
0.662
0.662
0.662
0.662
0.393554
0.0217929
0.662
0.452637
0.187928
0.369622
0.662
0.662
0.129417
0.662
0.662
0.662
0.662
0.662
0.662
0.206093
0.662
0.467937
0.662
0.292635
0.662
0.0515121
0.353982
0.662
0.30715
0.662
0.662
0.458806
0.161272
0.662
0.268396
0.662
0.662
0.0850757
0.457944
0.662
0.104392
0.662
0.662
0.415058
0.385556
0.662
0.34469
0.662
0.662
0.662
0.255623
0.235093
0.162692
0.662
0.271943
0.096833
0.662
0.332993
0.442754
0.185894
0.00362282
0.369104
0.662
0.317648
0.369744
0.0592725
0.662
0.161129
0.662
0.662
0.221954
0.349421
0.401396
0.259966
0.662
0.662
0.662
0.662
0.662
0.662
0.227713
0.662
0.662
0.0455393
0.662
0.142173
0.50936
0.662
0.0686464
0.45337
0.172505
0.662
0.662
0.320829
0.153343
0.662
0.0481324
0.608067
0.469118
0.662
0.662
0.0664042
0.0208228
0.414319
0.662
0.662
0.153457
0.662
0.571786
0.662
0.662
0.0879388
0.662
0.239404
0.132039
0.000608773
0.0166243
0.662
0.273533
0.453616
0.0109416
0.662
0.662
0.662
0.201558
0.662
0.00731597
0.318613
0.662
0.279268
0.662
0.423006
0.662
0.4235
0.662
0.190565
0.611211
0.119991
0.662
0.166682
0.31861
0.0155219
0.212703
0.662
0.239198
0.428728
0.366172
0.662
0.662
0.662
0.662
0.662
0.662
0.211999
0.0131025
0.662
0.662
0.471967
0.662
0.267916
0.145376
0.662
0.662
0.662
0.662
0.0641378
0.370755
0.609993
0.662
0.662
0.413244
0.159488
0.662
0.662
0.0872279
0.35366
0.468483
0.60691
0.415332
0.121333
0.0120073
0.662
0.203998
0.662
0.662
0.662
0.142697
0.427688
0.203839
0.662
0.291799
0.164304
0.662
0.096699
0.445709
0.272666
0.662
0.379343
0.56209
0.0785536
0.662
0.662
0.662
0.659414
0.388885
0.413618
0.101446
0.258905
0.662
0.0880554
0.342631
0.662
0.662
0.662
0.400822
0.431811
0.311512
0.662
0.662
0.662
0.352862
0.031857
0.662
0.662
0.2315
0.662
0.369699
0.662
0.0627743
0.176688
0.662
0.0981663
0.134126
0.662
0.205896
0.662
0.0326059
0.662
0.662
0.321577
0.662
0.662
0.662
0.662
0.662
0.662
0.662
0.662
0.296757
0.287513
0.374103
0.662
0.662
0.662
0.201796
0.581985
0.575317
0.662
0.473643
0.132807
0.0652119
0.29611
0.0376319
0.200269
0.662
0.662
0.662
0.662
0.662
0.662
0.662
0.662
0.662
0.662
0.0708761
0.442604
0.662
0.403655
0.24795
0.662
0.343148
0.142834
0.662
0.662
0.498188
0.0940193
0.662
0.662
0.662
0.467475
0.0698733
0.440073
0.0770215
0.403825
0.377587
0.662
0.31034
0.0789762
0.662
0.399433
0.482326
0.662
0.662
0.0647414
0.0494859
0.38139
0.217306
0.662
0.367723
0.237052
0.206397
0.126844
0.0766444
0.662
0.662
0.413935
0.235218
0.213849
0.0182522
0.662
0.0243013
0.662
0.115521
0.662
0.662
0.662
0.153616
0.252727
0.116381
0.0610521
0.222918
0.284286
0.662
0.18437
0.152111
0.422425
0.34347
0.085464
0.304926
0.662
0.278723
0.539122
0.474094
0.662
0.155321
0.662
0.464191
0.662
0.419379
0.662
0.34849
0.662
0.459288
0.145626
0.142275
0.662
0.42259
0.662
0.662
0.662
0.234884
0.517297
0.20426
0.662
0.5992
0.0633353
0.662
0.662
0.354951
0.398118
0.662
0.457909
0.226001
0.662
0.662
0.662
0.662
0.0983253
0.245189
0.594153
0.662
0.662
0.662
0.109826
0.662
0.317146
0.359078
0.00801422
0.0112914
0.662
0.350464
0.212743
0.459093
0.662
0.343843
0.662
0.138934
0.453509
0.430171
0.662
0.662
0.133379
0.662
0.662
0.662
0.662
0.662
0.662
0.101584
0.662
0.662
0.0348932
0.327152
0.662
0.662
0.384762
0.333507
0.662
0.00191984
0.599474
0.404333
0.259912
0.393579
0.662
0.662
0.662
0.421865
0.662
0.662
0.126836
0.662
0.662
0.662
0.126773
0.238026
0.662
0.662
0.219394
0.452798
0.586975
0.0364009
0.662
0.23615
0.339987
0.198873
0.662
0.662
0.662
0.158896
0.662
0.253999
0.662
0.662
0.662
0.662
0.364072
0.335994
0.662
0.426631
0.220255
0.662
0.662
0.00853873
0.457125
0.136368
0.322463
0.320986
0.662
0.662
0.240615
0.160626
0.357386
0.105038
0.183501
0.137667
0.662
0.160113
0.662
0.662
0.662
0.662
0.662
0.395976
0.662
0.0279873
0.662
0.0328593
0.25082
0.458003
0.662
0.260317
0.662
0.662
0.662
0.29386
0.662
0.662
0.662
0.662
0.662
0.662
0.662
0.662
0.662
0.662
0.361597
0.662
0.314176
0.662
0.417635
0.10479
0.662
0.0385658
0.662
0.410403
0.662
0.137741
0.662
0.421278
0.662
0.0694356
0.109081
0.566965
0.662
0.483784
0.662
0.662
0.4213
0.662
0.662
0.662
0.662
0.662
0.662
0.662
0.662
0.234907
0.0866279
0.662
0.190978
0.662
0.662
0.662
0.662
0.662
0.0318938
0.662
0.163333
0.41868
0.281542
0.386662
0.392825
0.594067
0.662
0.0475232
0.662
0.0421366
0.221364
0.00852983
0.200274
0.662
0.662
0.476045
0.252152
0.662
0.662
0.218775
0.297192
0.662
0.493022
0.662
0.406132
0.662
0.662
0.662
0.381297
0.453196
0.662
0.662
0.191588
0.662
0.222895
0.662
0.469885
0.433859
0.662
0.662
0.662
0.662
0.269165
0.0739842
0.0502723
0.286358
0.185815
0.426647
0.662
0.387251
0.100619
0.662
0.662
0.662
0.438488
0.662
0.433421
0.662
0.28918
0.662
0.440699
0.662
0.662
0.396023
0.662
0.123463
0.662
0.121901
0.267305
0.336959
0.498392
0.0600288
0.180745
0.204199
0.662
0.662
0.302073
0.292844
0.33211
0.662
0.662
0.223903
0.126633
0.662
0.264996
0.662
0.662
0.384829
0.662
0.662
0.662
0.275015
0.18164
0.335762
0.62184
0.599011
0.662
0.335665
0.662
0.152032
0.0144809
0.127982
0.382869
0.475074
0.662
0.662
0.662
0.228531
0.389323
0.370069
0.298232
0.110265
0.662
0.457575
0.662
0.473814
0.518956
0.662
0.662
0.334549
0.662
0.0987614
0.662
0.0713308
0.662
0.44714
0.0218202
0.401395
0.43851
0.662
0.662
0.104913
0.533727
0.391423
0.230668
0.198229
0.368848
0.662
0.448817
0.662
0.662
0.303495
0.0504965
0.662
0.0903164
0.544171
0.315675
0.134515
0.195384
0.662
0.126347
0.662
0.662
0.549155
0.662
0.107375
0.662
0.662
0.221037
0.342813
0.662
0.313324
0.662
0.355046
0.02035
0.304111
0.260463
0.662
0.662
0.662
0.140037
0.662
0.0871775
0.662
0.662
0.411554
0.451536
0.662
0.262089
0.662
0.59641
0.341257
0.662
0.196543
0.662
0.101367
0.19308
0.309769
0.0536806
0.0344189
0.662
0.433222
0.280632
0.47938
0.662
0.476046
0.662
0.467963
0.662
0.662
0.412741
0.468513
0.662
0.103419
0.1352
0.662
0.662
0.252363
0.102897
0.662
0.662
0.253695
0.662
0.575191
0.662
0.662
0.47092
0.662
0.276111
0.662
0.251696
0.662
0.662
0.662
0.662
0.662
0.662
0.662
0.417433
0.662
0.38648
0.662
0.473918
0.126617
0.340837
0.662
0.662
0.662
0.662
0.662
0.662
0.662
0.0252189
0.662
0.447789
0.0946656
0.351378
0.662
0.662
0.662
0.662
0.662
0.662
0.662
0.322851
0.261284
0.418669
0.435041
0.662
0.479924
0.459657
0.318179
0.00573247
0.662
0.662
0.239123
0.450457
0.467801
0.0968087
0.662
0.0348207
0.662
0.34626
0.514308
0.662
0.662
0.639392
0.662
0.662
0.170016
0.662
0.662
0.662
0.173388
0.662
0.444159
0.662
0.0671616
0.255847
0.0477534
0.0826901
0.175295
0.662
0.142143
0.224486
0.662
0.0963226
0.431559
0.662
0.311461
0.662
0.662
0.308963
0.662
0.662
0.662
0.271163
0.0485431
0.468931
0.346105
0.0219895
0.662
0.418125
0.204632
0.189829
0.559081
0.0365942
0.537324
0.662
0.610281
0.119659
0.662
0.0610355
0.662
0.662
0.662
0.662
0.662
0.289103
0.662
0.153224
0.409805
0.172034
0.486113
0.662
0.662
0.662
0.662
0.225795
0.662
0.662
0.662
0.00020034
0.113199
0.364838
0.580503
0.525475
0.662
0.428722
0.662
0.662
0.463679
0.177055
0.662
0.114255
0.209525
0.122285
0.122692
0.662
0.662
0.662
0.662
0.0159836
0.662
0.662
0.662
0.403531
0.662
0.662
0.0952522
0.0593231
0.263024
0.190653
0.662
0.662
0.651069
0.0698994
0.581135
0.662
0.245989
0.662
0.276057
0.662
0.48764
0.662
0.662
0.662
0.662
0.304846
0.662
0.169624
0.337136
0.662
0.662
0.124042
