0.662
0.185874
0.662
0.122185
0.0929948
0.662
0.662
0.423732
0.662
0.450548
0.662
0.0349845
0.282739
0.662
0.662
0.407263
0.243942
0.368373
0.488058
0.662
0.662
0.662
0.463111
0.269476
0.662
0.662
0.0527446
0.0189687
0.318804
0.38101
0.333427
0.662
0.104565
0.459099
0.384359
0.476855
0.662
0.385533
0.662
0.260807
0.662
0.32449
0.662
0.235217
0.404306
0.662
0.0552589
0.0613655
0.206811
0.662
0.662
0.662
0.662
0.109477
0.147964
0.168495
0.662
0.662
0.00874591
0.662
0.662
0.662
0.467287
0.409039
0.662
0.662
0.662
0.662
0.662
0.222896
0.440852
0.662
0.662
0.0615592
0.662
0.662
0.662
0.662
0.662
0.662
0.393652
0.184358
0.518047
0.662
0.662
0.662
0.161383
0.662
0.0394202
0.662
0.662
0.374704
0.662
0.662
0.242403
0.662
0.186875
0.250074
0.101909
0.375241
0.662
0.632053
0.112069
0.662
0.0372805
0.0591625
0.445861
0.662
0.662
0.498532
0.0497303
0.365837
0.252733
0.131538
0.662
0.0329946
0.138566
0.655806
0.662
0.0844427
0.231541
0.662
0.0917414
0.254564
0.0719721
0.662
0.292988
0.662
0.437888
0.662
0.662
0.436232
0.184032
0.247736
0.127383
0.0716011
0.662
0.270608
0.145461
0.097054
0.0833183
0.662
0.662
0.0712567
0.192584
0.662
0.662
0.18233
0.346086
0.662
0.662
0.45666
0.301004
0.0137048
0.085854
0.475673
0.662
0.155011
0.662
0.467232
0.457047
0.0442114
0.662
0.214259
0.0899691
0.662
0.662
0.293811
0.316619
0.194952
0.662
0.662
0.294355
0.18491
0.662
0.662
0.308545
0.0167184
0.662
0.662
0.662
0.252784
0.662
0.463576
0.0981793
0.662
0.662
0.300949
0.662
0.572747
0.208226
0.662
0.662
0.662
0.662
0.530109
0.0972942
0.0964603
0.0864944
0.28861
0.34774
0.662
0.662
0.662
0.229423
0.662
0.198846
0.474851
0.662
0.662
0.662
0.662
0.25286
0.390181
0.420959
0.447843
0.662
0.259414
0.662
0.662
0.0200054
0.662
0.662
0.616296
0.662
0.10202
0.0725459
0.0590487
0.662
0.63535
0.455568
0.662
0.182322
0.662
0.300115
0.662
0.662
0.662
0.662
0.0899134
0.476579
0.662
0.662
0.662
0.662
0.662
0.662
0.508438
0.129771
0.662
0.0669229
0.135701
0.0103384
0.0767577
0.662
0.662
0.513278
0.662
0.662
0.662
0.208924
0.329966
0.662
0.662
0.662
0.225608
0.662
0.149365
0.407588
0.662
0.0418177
0.662
0.662
0.436984
0.662
0.662
0.662
0.240126
0.662
0.275107
0.238638
0.662
0.121507
0.145
0.662
0.349092
0.662
0.102126
0.22602
0.387358
0.662
0.0850943
0.662
0.0920119
0.0975047
0.662
0.662
0.662
0.308614
0.0367581
0.0681389
0.0518841
0.301992
0.662
0.662
0.662
0.662
0.198365
0.326393
0.662
0.662
0.614505
0.13008
0.662
0.299114
0.226838
0.662
0.151696
0.0495186
0.207428
0.247776
0.115369
0.662
0.662
0.662
0.263358
0.662
0.336957
0.662
0.207737
0.662
0.225807
0.662
0.662
0.562879
0.0614806
0.115222
0.662
0.662
0.662
0.662
0.279176
0.662
0.662
0.49001
0.080796
0.662
0.662
0.662
0.122457
0.662
0.662
0.315289
0.662
0.662
0.662
0.662
0.556916
0.102337
0.191807
0.662
0.662
0.0831452
0.055903
0.662
0.662
0.184277
0.316216
0.662
0.662
0.662
0.662
0.220096
0.662
0.662
0.156151
0.185753
0.662
0.662
0.662
0.100446
0.378905
0.415196
0.662
0.662
0.662
0.255544
0.0115388
0.038715
0.303497
0.430043
0.662
0.662
0.662
0.194925
0.662
0.133774
0.292519
0.597956
0.662
0.125803
0.0134095
0.0542747
0.349753
0.166319
0.662
0.505657
0.0487525
0.416929
0.662
0.662
0.662
0.662
0.380789
0.517766
0.27028
0.181377
0.238846
0.410355
0.398708
0.444347
0.185914
0.428674
0.662
0.314332
0.662
0.662
0.24383
0.436196
0.662
0.246256
0.25741
0.159332
0.14327
0.0965272
0.0411505
0.662
0.662
0.171683
0.459307
0.304608
0.257774
0.662
0.18969
0.662
0.662
0.354731
0.460782
0.303946
0.662
0.662
0.162865
0.662
0.149295
0.662
0.437886
0.662
0.662
0.468091
0.509472
0.0818728
0.662
0.662
0.662
0.0829741
0.662
0.662
0.662
0.350994
0.662
0.277597
0.662
0.662
0.423118
0.32799
0.662
0.318596
0.152227
0.380869
0.0638612
0.00894654
0.662
0.662
0.662
0.662
0.293759
0.662
0.662
0.662
0.319041
0.0083397
0.662
0.662
0.662
0.12651
0.662
0.399277
0.647273
0.127561
0.662
0.662
0.662
0.662
0.662
0.153188
0.662
0.662
0.662
0.0642566
0.35188
0.394326
0.662
0.151107
0.430707
0.0511855
0.367997
0.456518
0.446957
0.662
0.385746
0.662
0.662
0.498295
0.00291125
0.662
0.289964
0.662
0.317301
0.161377
0.662
0.439315
0.662
0.662
0.313586
0.662
0.224926
0.662
0.662
0.662
0.31657
0.130801
0.662
0.0831973
0.0707945
0.45582
0.0430617
0.0818199
0.0137861
0.662
0.662
0.508389
0.662
0.461065
0.662
0.599493
0.383494
0.0636944
0.662
0.662
0.662
0.100398
0.662
0.662
0.662
0.662
0.662
0.662
0.662
0.662
0.0125917
0.281029
0.662
0.182598
0.662
0.662
0.26056
0.234303
0.662
0.0311596
0.280766
0.662
0.471932
0.461307
0.662
0.662
0.206853
0.662
0.662
0.662
0.130033
0.662
0.204425
0.662
0.0868423
0.368431
0.0791661
0.662
0.662
0.662
0.509854
0.263452
0.215236
0.662
0.662
0.662
0.438294
0.662
0.662
0.662
0.662
0.314557
0.310661
0.662
0.337302
0.662
0.404161
0.241155
0.0356653
0.253668
0.662
0.1134
0.160293
0.662
0.314299
0.633694
0.0639018
0.662
0.662
0.662
0.602844
0.00745217
0.325955
0.0255137
0.662
0.456002
0.662
0.268216
0.662
0.204833
0.589794
0.469305
0.662
0.662
0.662
0.422275
0.662
0.161927
0.662
0.470775
0.662
0.20134
0.662
0.662
0.390826
0.662
0.662
0.0215975
0.662
0.662
0.0535117
0.662
0.662
0.662
0.418641
0.662
0.0823537
0.233137
0.662
0.228421
0.662
0.662
0.662
0.0530502
0.382732
0.180897
0.662
0.662
0.662
0.662
0.662
0.662
0.446771
0.662
0.662
0.662
0.597911
0.662
0.662
0.0114207
0.0766116
0.662
0.268943
0.662
0.662
0.662
0.662
0.662
0.235923
0.662
0.4349
0.347577
0.662
0.662
0.347885
0.474752
0.662
0.662
0.140655
0.662
0.267237
0.662
0.662
0.662
0.140397
0.337913
0.662
0.263649
0.235425
0.275165
0.662
0.662
0.396896
0.427669
0.662
0.662
0.135944
0.662
0.32754
0.662
0.662
0.0291154
0.662
0.47615
0.0560983
0.0441011
0.294093
0.0936991
0.662
0.662
0.662
0.502896
0.171854
0.15019
0.336752
0.165258
0.662
0.662
0.662
0.662
0.662
0.107373
0.471662
0.00132958
0.466401
0.662
0.662
0.662
0.662
0.0955973
0.662
0.662
0.662
0.662
0.248049
0.187956
0.435581
0.662
0.470569
0.00809659
0.662
0.487628
0.428928
0.662
0.662
0.452607
0.392803
0.662
0.175077
0.662
0.662
0.353026
0.0585138
0.0826265
0.360812
0.662
0.101174
0.662
0.662
0.662
0.662
0.662
0.662
0.280585
0.348282
0.111432
0.476477
0.662
0.177116
0.662
0.337945
0.662
0.662
0.662
0.102691
0.662
0.607226
0.634894
0.0301237
0.662
0.662
0.662
0.452266
0.662
0.662
0.124168
0.0336778
0.268812
0.662
0.609391
0.662
0.0192412
0.228747
0.595492
0.454011
0.381299
0.464571
0.10986
0.662
0.662
0.662
0.213973
0.662
0.662
0.662
0.662
0.662
0.412266
0.330357
0.662
0.305971
0.662
0.00297452
0.199345
0.161942
0.115249
0.276566
0.152932
0.662
0.178119
0.328892
0.662
0.334592
0.172056
0.662
0.313319
0.662
0.662
0.257335
0.662
0.662
0.662
0.242073
0.109215
0.662
0.662
0.087225
0.280607
0.123474
0.633391
0.0191129
0.662
0.662
0.662
0.475508
0.662
0.662
0.662
0.662
0.0842178
0.517279
0.0237721
0.662
0.459477
0.662
0.175156
0.092681
0.174704
0.46027
0.662
0.662
0.662
0.57102
0.662
0.405149
0.662
0.662
0.312545
0.662
0.662
0.127675
0.662
0.460353
0.130891
0.0560437
0.662
0.662
0.662
0.0124025
0.662
0.662
0.662
0.662
0.662
0.662
0.662
0.0139791
0.30524
0.662
0.52084
0.277547
0.0204641
0.116146
0.334947
0.13318
0.449193
0.473016
0.218662
0.662
0.662
0.662
0.662
0.0261554
0.342663
0.454509
0.436479
0.204992
0.0360724
0.662
0.662
0.33931
0.662
0.662
0.662
0.233339
0.122135
0.662
0.46487
0.662
0.662
0.370671
0.209814
0.662
0.662
0.117999
0.477152
0.662
0.662
0.662
0.407739
0.662
0.316611
0.476163
0.662
0.06297
0.190835
0.662
0.662
0.546674
0.474864
0.450194
0.404712
0.0188795
0.662
0.00398532
0.188299
0.447561
0.425307
0.183115
0.187433
0.63339
0.662
0.346234
0.662
0.0262574
0.650761
0.662
0.662
0.158297
0.662
0.271716
0.465992
0.662
0.662
0.662
0.372565
0.662
0.281901
0.662
0.130772
0.110075
0.662
0.16315
0.450679
0.198081
0.122579
0.662
0.435697
0.109431
0.398984
0.662
0.407099
0.662
0.662
0.370983
0.662
0.662
0.17651
0.662
0.662
0.662
0.322559
0.228291
0.411412
0.257405
0.519622
0.662
0.286858
0.0427927
0.662
0.662
0.420591
0.662
0.267822
0.437938
0.384835
0.662
0.243236
0.662
0.662
0.662
0.662
0.385464
0.662
0.662
0.367328
0.161073
0.299517
0.662
0.193379
0.149343
0.662
0.662
0.182698
0.662
0.40312
0.0173162
0.662
0.343898
0.662
0.306195
0.43668
0.662
0.662
0.291889
0.662
0.247266
0.0855208
0.662
0.662
0.662
0.662
0.662
0.12944
0.297555
0.0689439
0.662
0.662
0.662
0.0658761
0.662
0.662
0.183007
0.662
0.662
0.662
0.662
0.25046
0.479665
0.168239
0.414202
0.662
0.662
0.232851
0.00255676
0.365131
0.143259
0.662
0.662
0.662
0.117432
0.662
0.436413
0.662
0.662
0.662
0.662
0.662
0.0344683
0.662
0.662
0.0882652
0.662
0.662
0.662
0.494861
0.468881
0.662
0.579681
0.205005
0.172284
0.178755
0.662
0.662
0.0428387
0.0473659
0.161929
0.662
0.662
0.662
0.287846
0.662
0.233855
0.0620763
0.428963
0.662
0.0698533
0.662
0.470378
0.662
0.662
0.099553
0.662
0.662
0.662
0.662
0.662
0.435064
0.281427
0.662
0.502583
0.662
0.662
0.662
0.662
0.17246
0.662
0.662
0.310584
0.044733
0.220556
0.218236
0.339367
0.662
0.464351
0.662
0.662
0.408553
0.212678
0.270225
0.662
0.130232
0.354055
0.662
0.365772
0.24645
0.47754
0.662
0.662
0.317861
0.346772
0.662
0.662
0.272586
0.662
0.662
0.662
0.662
0.662
0.662
0.258381
0.492397
0.662
0.113249
0.662
0.0407297
0.662
0.0563133
0.662
0.662
0.662
0.0172421
0.662
0.319556
0.662
0.225304
0.662
0.12886
0.169075
0.390486
0.662
0.50629
0.422667
0.0751367
0.662
0.662
0.662
0.379409
0.66146
0.662
0.462206
0.218593
0.471679
0.662
0.662
0.662
0.662
0.0216594
0.662
0.0808817
0.662
0.0579103
0.161855
0.572839
0.0273422
0.260075
0.383037
0.662
0.411678
0.662
0.128668
0.662
0.162536
0.662
0.662
0.662
0.662
0.662
0.274222
0.662
0.232643
0.0749219
0.0525104
0.179923
0.662
0.662
0.0783467
0.423782
0.287273
0.185258
0.662
0.00764009
0.662
0.429558
0.469828
0.385954
0.662
0.662
0.662
0.0381687
0.0508661
0.436191
0.409797
0.038943
0.662
0.0337546
0.148185
0.662
0.662
0.662
0.662
0.149281
0.662
0.343338
0.662
0.363728
0.662
0.470694
0.662
0.662
0.662
0.662
0.662
0.662
0.662
0.323901
0.662
0.00801668
0.662
0.662
0.662
0.388961
0.21611
0.662
0.070946
0.662
0.347783
0.36069
0.662
0.662
0.662
0.291683
0.662
0.00695333
0.662
0.26551
0.346638
0.362317
0.24597
0.324079
0.662
0.192612
0.646833
0.662
0.344806
0.454351
0.397127
0.457779
0.617392
0.662
0.442804
0.21046
0.0603475
0.162663
0.662
0.166961
0.311093
0.365455
0.268772
0.462855
0.662
0.57706
0.390413
0.232952
0.662
0.662
0.0308905
0.275982
0.102706
0.400504
0.449117
0.191595
0.297242
0.184713
0.264234
0.457556
0.432476
0.266906
0.0465725
0.506094
0.0546313
0.296429
0.662
0.662
0.662
0.662
0.281622
0.0227893
0.662
0.662
0.662
0.438107
0.662
0.662
0.406846
0.662
0.662
0.0900043
0.271773
0.0348284
0.662
0.475085
0.108991
0.662
0.272175
0.380116
0.662
0.662
0.662
0.414959
0.157979
0.662
0.662
0.367993
0.662
0.662
0.662
0.662
0.662
0.464772
0.461344
0.0985162
0.311792
0.662
0.662
0.517964
0.662
0.504989
0.412932
0.662
0.662
0.647055
0.53855
0.662
0.580916
0.662
0.35719
0.662
0.662
0.495876
0.662
0.0217831
0.662
0.345566
0.248465
0.637825
0.424661
0.662
0.662
0.662
0.662
0.455628
0.662
0.14644
0.441042
0.414712
0.375069
0.250104
0.662
0.662
0.662
0.187594
0.662
0.465214
0.662
0.656692
0.47628
0.210941
0.662
0.662
0.662
0.17138
0.662
0.195974
0.662
0.662
0.662
0.662
0.399352
0.106707
0.662
0.662
0.662
0.662
0.662
0.662
0.662
0.662
0.662
0.662
0.286855
0.662
0.177877
0.662
0.454529
0.124958
0.662
0.662
0.662
0.662
0.481022
0.171572
0.662
0.662
0.662
0.662
0.218348
0.377432
0.147722
0.662
0.127855
