0.281354
0.386238
0.662
0.662
0.662
0.662
0.218398
0.349421
0.662
0.662
0.662
0.662
0.239404
0.662
0.662
0.0363999
0.340084
0.0883713
0.662
0.662
0.662
0.662
0.662
0.238349
0.662
0.662
0.662
0.429913
0.194542
0.662
0.662
0.662
0.207975
0.0678883
0.293422
0.662
0.0481324
0.028773
0.662
0.662
0.662
0.132136
0.662
0.662
0.494125
0.0817744
0.662
0.662
0.662
0.373773
0.483095
0.181813
0.662
0.662
0.367499
0.662
0.662
0.662
0.320829
0.45579
0.146819
0.0625971
0.662
0.662
0.662
0.662
0.452174
0.277639
0.56385
0.662
0.0198662
0.153616
0.662
0.662
0.441002
0.474094
0.662
0.662
0.268167
0.093651
0.435586
0.662
0.662
0.662
0.228236
0.662
0.662
0.480673
0.662
0.662
0.662
0.662
0.455764
0.133554
0.159488
0.146408
0.0655366
0.662
0.106583
0.236522
0.662
0.156686
0.429892
0.432268
0.662
0.662
0.0897778
0.662
0.662
0.662
0.0703779
0.413975
0.132774
0.0389587
0.662
0.221817
0.0358279
0.192379
0.130691
0.662
0.39956
0.662
0.662
0.662
0.0574762
0.218093
0.22168
0.452724
0.662
0.169452
0.266452
0.138509
0.662
0.662
0.02099
0.467703
0.662
0.662
0.662
0.288846
0.662
0.148392
0.662
0.662
0.662
0.387481
0.662
0.662
0.662
0.662
0.503737
0.0276939
0.662
0.113418
0.662
0.288184
0.212873
0.351443
0.662
0.662
0.662
0.662
0.0288275
0.662
0.662
0.662
0.42599
0.163895
0.662
0.0243838
0.662
0.662
0.662
0.662
0.358745
0.117861
0.662
0.470706
0.443476
0.242356
0.308163
0.662
0.135479
0.662
0.379286
0.662
0.137529
0.32975
0.662
0.662
0.248315
0.662
0.206953
0.374103
0.112158
0.162786
0.662
0.447255
0.288064
0.117118
0.662
0.662
0.258179
0.119659
0.662
0.485656
0.662
0.662
0.662
0.346238
0.662
0.367723
0.662
0.662
0.662
0.662
0.662
0.162231
0.314255
0.607299
0.466791
0.662
0.662
0.346853
0.376879
0.0189639
0.475744
0.249447
0.33068
0.279421
0.662
0.129943
0.662
0.414249
0.194641
0.662
0.0300768
0.662
0.662
0.662
0.215075
0.662
0.662
0.662
0.662
0.662
0.662
0.662
0.662
0.394213
0.662
0.662
0.0765674
0.247057
0.212243
0.662
0.662
0.662
0.108883
0.0477534
0.659414
0.662
0.662
0.662
0.662
0.662
0.662
0.662
0.662
0.295572
0.662
0.00961675
0.173664
0.0695225
0.662
0.277335
0.441166
0.662
0.662
0.662
0.662
0.166257
0.22685
0.246368
0.662
0.285801
0.459062
0.662
0.662
0.662
0.662
0.662
0.330444
0.426631
0.662
0.190361
0.0256456
0.388743
0.187954
0.224147
0.662
0.0471655
0.662
0.662
0.662
0.662
0.173718
0.135665
0.222758
0.262089
0.189829
0.609745
0.318179
0.662
0.526552
0.00712966
0.662
0.103913
0.155717
0.516469
0.662
0.662
0.662
0.662
0.088799
0.453622
0.662
0.441112
0.42663
0.0159877
0.0932094
0.216513
0.154424
0.662
0.662
0.413244
0.662
0.662
0.662
0.200816
0.662
0.246941
0.662
0.662
0.119991
0.662
0.662
0.662
0.326182
0.541386
0.579185
0.662
0.662
0.00824829
0.241483
0.336196
0.416158
0.200897
0.322851
0.662
0.662
0.475074
0.251354
0.662
0.0257896
0.182769
0.327013
0.0136308
0.662
0.662
0.662
0.479924
0.662
0.662
0.257387
0.662
0.613981
0.662
0.662
0.514788
0.662
0.662
0.414762
0.350464
0.334794
0.662
0.662
0.304846
0.662
0.662
0.662
0.200609
0.662
0.0920201
0.662
0.293423
0.662
0.21453
0.662
0.262068
0.0697305
0.662
0.662
0.360387
0.662
0.475224
0.0803267
0.27382
0.021439
0.24074
0.662
0.662
0.322939
0.347706
0.662
0.662
0.174024
0.469193
0.0276346
0.431559
0.662
0.012257
0.662
0.662
0.662
0.406132
0.189535
0.662
0.662
0.662
0.333771
0.114351
0.662
0.662
0.0479419
0.662
0.662
0.662
0.662
0.369229
0.662
0.662
0.362501
0.0225657
0.200325
0.662
0.339332
0.662
0.662
0.662
0.649146
0.662
0.60691
0.662
0.662
0.662
0.467801
0.662
0.134547
0.662
0.292675
0.423006
0.662
0.662
0.2626
0.227522
0.662
0.662
0.383833
0.662
0.662
0.228338
0.0791452
0.303792
0.0293287
0.662
0.219061
0.662
0.662
0.662
0.326748
0.662
0.208838
0.124232
0.274736
0.662
0.0336913
0.662
0.403268
0.389192
0.662
0.662
0.245989
0.261284
0.662
0.662
0.662
0.662
0.126222
0.634684
0.662
0.415912
0.662
0.358194
0.443559
0.662
0.662
0.662
0.662
0.662
0.313033
0.662
0.364073
0.662
0.151354
0.00405623
0.662
0.662
0.273186
0.317548
0.662
0.662
0.0764363
0.662
0.157859
0.206093
0.495221
0.114591
0.662
0.662
0.662
0.662
0.662
0.592077
0.662
0.662
0.662
0.15468
0.662
0.662
0.662
0.492794
0.662
0.662
0.376196
0.662
0.257208
0.662
0.402821
0.422561
0.139675
0.489807
0.662
0.368643
0.292928
0.583647
0.662
0.119785
0.662
0.662
0.428152
0.662
0.428925
0.662
0.662
0.662
0.662
0.662
0.662
0.444971
0.662
0.221834
0.662
0.063038
0.662
0.662
0.0566246
0.662
0.662
0.301213
0.16615
0.0288706
0.662
0.662
0.662
0.662
0.662
0.662
0.170753
0.662
0.0239937
0.345363
0.662
0.29411
0.405513
0.662
0.453893
0.662
0.504585
0.375208
0.251915
0.662
0.252152
0.662
0.662
0.662
0.662
0.662
0.662
0.270608
0.434387
0.662
0.630078
0.211049
0.662
0.662
0.452756
0.662
0.254514
0.317146
0.662
0.103603
0.662
0.662
0.429793
0.34933
0.401149
0.662
0.662
0.173133
0.354094
0.662
0.434048
0.662
0.662
0.143081
0.415005
0.222635
0.662
0.0903928
0.472947
0.662
0.25219
0.215115
0.662
0.46293
0.0858153
0.662
0.467963
0.298767
0.662
0.302365
0.24389
0.662
0.662
0.662
0.385889
0.105415
0.288113
0.662
0.662
0.662
0.320182
0.662
0.396629
0.460459
0.331477
0.662
0.124042
0.662
0.0835281
0.448939
0.472223
0.190772
0.662
0.145626
0.465356
0.414575
0.296556
0.662
0.35829
0.298572
0.662
0.380607
0.662
0.0241226
0.662
0.25828
0.400125
0.662
0.515638
0.662
0.410907
0.134126
0.662
0.123352
0.662
0.130599
0.400268
0.662
0.662
0.662
0.402809
0.662
0.468649
0.194019
0.662
0.662
0.662
0.662
0.461578
0.341275
0.662
0.662
0.401712
0.343148
0.387575
0.662
0.0871775
0.662
0.247568
0.253177
0.361343
0.0852775
0.0780069
0.662
0.433279
0.662
0.662
0.662
0.368751
0.44919
0.662
0.310685
0.662
0.378359
0.188003
0.0706727
0.662
0.123495
0.271748
0.52339
0.485375
0.63339
0.314176
0.394861
0.662
0.662
0.270532
0.455156
0.29386
0.662
0.278266
0.440971
0.662
0.393545
0.253999
0.344301
0.662
0.398506
0.662
0.348725
0.383075
0.0394057
0.662
0.662
0.083845
0.662
0.662
0.232459
0.662
0.230723
0.396736
0.251041
0.662
0.662
0.662
0.662
0.392999
0.63339
0.662
0.128237
0.201633
0.381355
0.662
0.662
0.662
0.662
0.662
0.421016
0.329264
0.662
0.455691
0.662
0.0334736
0.148406
0.662
0.1302
0.662
0.144129
0.662
0.525843
0.0307538
0.662
0.662
0.394259
0.662
0.662
0.348814
0.547237
0.0483673
0.662
0.662
0.662
0.662
0.662
0.662
0.662
0.662
0.662
0.289814
0.662
0.662
0.662
0.359568
0.35776
0.662
0.662
0.662
0.662
0.662
0.275011
0.662
0.348279
0.211999
0.662
0.662
0.0113404
0.662
0.32157
0.662
0.453222
0.124129
0.662
0.380551
0.662
0.0455393
0.387596
0.0893298
0.662
0.576457
0.662
0.662
0.662
0.180023
0.278534
0.285341
0.227771
0.457703
0.243157
0.662
0.225083
0.662
0.439604
0.662
0.460282
0.662
0.301336
0.662
0.662
0.662
0.088892
0.409361
0.662
0.662
0.581098
0.309456
0.662
0.397642
0.0633353
0.662
0.662
0.662
0.662
0.264976
0.662
0.0199455
0.240259
0.662
0.662
0.0829493
0.662
0.363465
0.0132619
0.662
0.3505
0.426177
0.662
0.662
0.662
0.139492
0.50311
0.662
0.18493
0.19927
0.662
0.662
0.198833
0.0934848
0.0326059
0.662
0.398708
0.662
0.662
0.662
0.398501
0.465167
0.662
0.662
0.662
0.662
0.426088
0.662
0.662
0.170327
0.355977
0.230889
0.142834
0.662
0.662
0.375274
0.0624309
0.662
0.45373
0.390693
0.662
0.33952
0.662
0.662
0.100076
0.447836
0.662
0.386463
0.662
0.319768
0.531238
0.0153535
0.662
0.662
0.255454
0.123714
0.0328135
0.662
0.662
0.662
0.205398
0.662
0.662
0.517063
0.638822
0.20789
0.25764
0.662
0.00062179
0.00124529
0.662
0.27061
0.662
0.382338
0.662
0.132807
0.662
0.662
0.662
0.662
0.0652119
0.0820107
0.0751914
0.210427
0.0402334
0.380403
0.318843
0.471967
0.662
0.451804
0.437876
0.662
0.662
0.662
0.224076
0.662
0.304279
0.662
0.662
0.403407
0.662
0.662
0.662
0.433975
0.662
0.0231977
0.344631
0.662
0.662
0.662
0.662
0.435793
0.662
0.662
0.410883
0.28918
0.662
0.296548
0.0803412
0.310723
0.662
0.662
0.662
0.662
0.662
0.662
0.662
0.0276436
0.662
0.282582
0.222963
0.662
0.662
0.162987
0.662
0.662
0.455383
0.662
0.26426
0.0906618
0.662
0.293008
0.662
0.662
0.240239
0.292048
0.443453
0.33743
0.662
0.662
0.372237
0.19492
0.194157
0.662
0.353139
0.00815557
0.633128
0.298956
0.662
0.178439
0.662
0.662
0.662
0.662
0.662
0.662
0.662
0.264858
0.662
0.662
0.584706
0.300468
0.0864073
0.662
0.662
0.662
0.662
0.662
0.662
0.662
0.662
0.137107
0.324428
0.662
0.39306
0.662
0.662
0.506715
0.0905135
0.370783
0.024509
0.662
0.00829915
0.0237559
0.360035
0.335146
0.662
0.662
0.662
0.149744
0.137171
0.662
0.662
0.662
0.232859
0.662
0.662
0.662
0.662
0.23046
0.3001
0.303685
0.0610622
0.311837
0.335994
0.662
0.662
0.662
0.662
0.470375
0.249777
0.540928
0.440648
0.662
0.662
0.662
0.662
0.340837
0.343347
0.662
0.493644
0.662
0.662
0.398794
0.0625064
0.348056
0.662
0.261497
0.662
0.662
0.329064
0.353982
0.662
0.197809
0.662
0.421865
0.662
0.25721
0.352289
0.114121
0.662
0.662
0.662
0.662
0.662
0.291658
0.662
0.662
0.662
0.662
0.126124
0.662
0.662
0.662
0.662
0.457417
0.137741
0.0180584
0.662
0.651616
0.662
0.510781
0.662
0.526474
0.662
0.370069
0.662
0.662
0.284286
0.377587
0.37752
0.662
0.662
0.662
0.662
0.00357792
0.662
0.662
0.662
0.662
0.662
0.662
0.0168898
0.41874
0.662
0.346717
0.434441
0.137914
0.662
0.662
0.662
0.662
0.662
0.662
0.662
0.662
0.662
0.662
0.596842
0.498392
0.499226
0.559965
0.388055
0.406069
0.662
0.662
0.662
0.662
0.662
0.317723
0.662
0.662
0.662
0.389366
0.662
0.176688
0.493022
0.662
0.374515
0.662
0.662
0.662
0.249859
0.662
0.662
0.662
0.662
0.662
0.342505
0.662
0.403825
0.48764
0.633391
0.421747
0.320168
0.162866
0.662
0.662
0.662
0.662
0.120618
0.30074
0.662
0.662
0.327144
0.143351
0.396354
0.662
0.662
0.145881
0.23389
0.662
0.662
0.662
0.183583
0.468513
0.0705737
0.384017
0.109991
0.239668
0.662
0.167388
0.201377
0.662
0.662
0.662
0.662
0.134302
0.662
0.314331
0.0833593
0.662
0.662
0.662
0.662
0.662
0.371648
0.662
0.63688
0.18188
0.122224
0.662
0.662
0.075362
0.662
0.662
0.662
0.425846
0.662
0.662
0.193235
0.261046
0.0283119
0.20148
0.0970022
0.191545
0.662
0.339679
0.487897
0.383258
0.288994
0.662
0.0731857
0.531843
0.357891
0.285112
0.214942
0.662
0.662
0.662
0.043481
0.302822
0.0473681
0.195441
0.662
0.077643
0.369483
0.662
0.662
0.376979
0.662
0.662
0.33669
0.662
0.662
0.321799
0.115206
0.472934
0.242568
0.662
0.662
0.662
0.156711
0.307997
0.662
0.278171
0.126123
0.356571
0.662
0.662
0.152111
0.270539
0.147188
0.662
0.662
0.213784
0.662
0.662
0.662
0.378545
0.257138
0.459101
0.662
0.0307339
0.101213
0.368848
0.662
0.662
0.662
0.235019
0.562903
0.662
0.662
0.662
0.633694
0.662
0.464801
0.308981
0.577701
0.457909
0.662
0.662
0.267305
0.662
0.662
0.0528019
0.0771782
0.316152
0.331967
0.159054
0.662
0.433774
0.662
0.24794
0.437984
0.662
0.00913811
0.261217
0.391697
0.662
0.205524
0.662
0.662
0.291173
0.162287
0.01283
0.166382
0.662
0.662
0.662
0.662
0.406174
0.187447
0.662
0.49741
0.148784
0.662
0.662
0.406763
0.471051
0.662
0.662
0.662
0.662
0.497085
0.0549724
0.427391
0.662
0.662
0.662
0.30311
0.169233
0.437143
0.662
0.136482
0.662
0.28722
0.30132
0.662
0.662
0.281914
0.662
0.662
0.177216
0.662
0.662
0.662
0.189788
0.662
0.55316
0.662
0.662
0.63339
0.227901
0.662
0.662
0.662
0.0435389
0.662
0.662
0.662
0.662
0.662
0.662
0.662
0.0511824
0.0317439
0.662
0.0169333
0.662
0.662
0.662
0.331609
0.662
0.265581
0.662
0.373956
0.662
0.662
0.4468
0.662
0.25892
0.662
0.662
0.662
0.171418
0.662
0.662
0.662
0.300571
0.521964
0.662
0.415185
0.662
0.472125
0.206386
0.24754
0.031908
0.662
0.662
0.662
0.662
0.662
0.219394
0.599005
0.226826
0.304131
0.662
0.662
0.0570277
0.662
0.662
0.662
0.367339
0.222465
0.662
0.662
0.503852
0.419529
0.662
0.662
0.152032
0.43719
0.164618
0.662
0.662
0.295206
0.662
0.662
0.662
0.662
0.382919
0.394731
0.662
0.662
0.662
0.662
0.662
0.662
0.226233
0.24246
0.662
0.0371815
0.34626
0.662
0.662
0.662
0.360729
0.662
0.662
0.662
0.662
0.560349
0.492235
0.662
0.662
0.662
0.662
0.662
0.358966
0.662
0.473829
0.662
0.662
0.04705
0.662
0.662
0.662
0.662
0.162968
0.245153
0.662
0.662
0.662
0.662
0.662
0.414086
0.662
0.299388
0.662
0.662
0.662
0.274546
0.434467
0.199679
0.662
0.0281127
0.662
0.19308
0.0502723
0.169689
0.0765756
0.662
0.32224
0.398098
0.426439
0.460692
0.276727
0.662
0.662
0.123087
0.662
0.462103
0.53123
0.0519125
0.362148
0.662
0.339987
0.662
0.189317
0.172505
0.662
0.662
0.472923
0.132039
0.572409
0.0974501
0.346416
0.662
0.198873
0.662
0.385445
0.214085
0.662
0.662
0.321765
0.451549
0.336959
0.662
0.498188
0.662
0.263109
0.195384
0.294635
0.261234
0.662
0.662
0.662
0.219327
0.662
0.662
0.662
0.662
0.662
0.662
0.238715
0.662
0.662
0.137667
0.662
0.662
0.30648
0.0962037
0.230262
0.0589818
0.662
0.662
0.427875
0.662
0.252634
0.49474
0.662
0.0328549
0.662
0.102814
0.00900392
0.306556
0.442125
0.458003
0.662
0.662
0.662
0.662
0.437108
0.662
0.662
0.662
0.060492
0.662
0.126773
0.225233
0.662
0.662
0.662
0.213151
0.662
0.103513
0.0543245
0.662
0.41107
0.662
0.0216155
0.662
0.272666
0.662
0.662
0.257175
0.475987
0.662
0.662
0.276582
0.662
0.662
0.255198
0.0974897
0.662
0.192556
0.662
0.0968087
0.662
0.59876
0.662
0.287709
0.662
0.662
0.662
0.662
0.662
0.662
0.662
0.662
0.0368466
0.662
0.662
0.382258
0.662
0.662
0.662
0.662
0.144493
0.662
0.662
0.662
0.129417
0.5837
0.298547
0.322246
0.0664319
0.178859
0.662
0.662
0.662
0.662
0.0779939
0.662
0.662
0.662
0.284604
0.662
0.290803
0.662
0.02035
0.408444
0.00328543
0.662
0.354357
0.662
0.163656
0.662
0.297192
0.35043
0.157742
0.662
0.662
0.0935938
0.662
0.00434284
0.0512638
0.662
0.662
0.165834
0.662
0.249838
0.217769
0.0974279
0.221927
0.260218
0.299744
0.430913
0.448151
0.662
0.107986
0.662
0.381808
0.662
0.662
0.37872
0.662
0.662
0.401637
0.50936
0.662
0.417981
0.333507
0.662
0.49207
0.410521
0.501062
0.662
0.662
0.216989
0.0832077
0.662
0.0712532
0.00853997
0.662
0.662
0.662
0.278827
0.662
0.547831
0.662
0.251583
0.181529
0.421531
0.360559
0.148775
0.0100735
0.415838
0.662
0.0878158
0.496284
0.662
