0.662
0.662
0.662
0.219968
0.662
0.623505
0.662
0.426889
0.662
0.662
0.662
0.662
0.662
0.142388
0.491332
0.662
0.0233099
0.246065
0.422203
0.147503
0.662
0.662
0.369529
0.662
0.132243
0.662
0.412817
0.326895
0.0763949
0.468268
0.0206656
0.211097
0.662
0.575506
0.245314
0.0954682
0.662
0.212541
0.662
0.307387
0.35489
0.316238
0.662
0.382557
0.0137374
0.147188
0.149989
0.278764
0.662
0.662
0.662
0.662
0.0940108
0.422524
0.662
0.471166
0.510432
0.662
0.273897
0.662
0.182585
0.476669
0.269997
0.388469
0.378377
0.662
0.581978
0.662
0.662
0.662
0.662
0.662
0.662
0.37793
0.662
0.250421
0.662
0.270931
0.397392
0.596004
0.662
0.425733
0.219289
0.181804
0.0355216
0.662
0.662
0.397426
0.662
0.444544
0.662
0.662
0.662
0.172049
0.662
0.508059
0.662
0.0502285
0.662
0.0295182
0.662
0.551358
0.272395
0.0687972
0.0565279
0.662
0.662
0.270242
0.285923
0.377857
0.33464
0.409004
0.249718
0.088569
0.662
0.624433
0.662
0.662
0.662
0.662
0.662
0.130101
0.662
0.332251
0.662
0.662
0.249978
0.662
0.662
0.662
0.662
0.449865
0.0135931
0.662
0.662
0.662
0.662
0.662
0.662
0.662
0.321326
0.662
0.662
0.152889
0.662
0.662
0.41232
0.135314
0.662
0.662
0.628798
0.0778768
0.260514
0.436464
0.662
0.662
0.662
0.568896
0.240237
0.662
0.662
0.662
0.160688
0.0410801
0.662
0.170704
0.119516
0.452775
0.0628607
0.183287
0.148286
0.662
0.662
0.398992
0.425892
0.471094
0.662
0.662
0.662
0.316218
0.0794154
0.662
0.662
0.662
0.662
0.469302
0.662
0.372584
0.112951
0.662
0.662
0.662
0.566099
0.234658
0.452642
0.662
0.0304719
0.662
0.662
0.435342
0.662
0.662
0.471446
0.036255
0.318472
0.662
0.266353
0.662
0.41684
0.662
0.278452
0.662
0.662
0.662
0.409258
0.00845912
0.501612
0.662
0.331859
0.32539
0.193316
0.469575
0.662
0.058201
0.229401
0.0728398
0.662
0.662
0.662
0.455262
0.261319
0.662
0.191516
0.187624
0.662
0.12904
0.127356
0.418811
0.531324
0.129153
0.662
0.385273
0.475955
0.543607
0.662
0.0277664
0.0272222
0.196946
0.0772755
0.662
0.662
0.322459
0.662
0.662
0.162096
0.366378
0.589786
0.0996915
0.662
0.0699046
0.194396
0.254877
0.305162
0.151411
0.662
0.158068
0.662
0.336873
0.373647
0.662
0.153152
0.662
0.662
0.662
0.662
0.662
0.662
0.196172
0.662
0.130411
0.382483
0.659792
0.662
0.360632
0.662
0.243307
0.0629283
0.662
0.662
0.662
0.662
0.662
0.662
0.662
0.306865
0.334772
0.0597712
0.0728231
0.662
0.662
0.443964
0.00414326
0.662
0.662
0.217182
0.662
0.150386
0.662
0.662
0.662
0.0122105
0.662
0.662
0.0320342
0.662
0.118834
0.662
0.662
0.662
0.662
0.186534
0.0374483
0.662
0.662
0.662
0.287856
0.662
0.662
0.398007
0.136458
0.392288
0.662
0.662
0.394572
0.662
0.662
0.662
0.662
0.204437
0.662
0.662
0.662
0.269322
0.442047
0.662
0.662
0.284222
0.376966
0.294814
0.662
0.662
0.662
0.662
0.035557
0.396873
0.662
0.473929
0.662
0.662
0.662
0.662
0.536643
0.662
0.0754325
0.594872
0.291073
0.662
0.662
0.662
0.662
0.662
0.662
0.422984
0.662
0.662
0.662
0.387166
0.145352
0.135349
0.662
0.662
0.662
0.662
0.0857743
0.426625
0.662
0.215044
0.662
0.0241736
0.142571
0.0116397
0.0450444
0.662
0.662
0.227049
0.662
0.260523
0.443119
0.197578
0.662
0.662
0.459415
0.0810766
0.662
0.662
0.662
0.194395
0.662
0.434508
0.662
0.662
0.571013
0.373541
0.662
0.662
0.662
0.662
0.603059
0.662
0.140907
0.662
0.315255
0.662
0.338964
0.581353
0.662
0.134091
0.388488
0.377407
0.662
0.662
0.662
0.662
0.662
0.124406
0.469893
0.211943
0.662
0.29097
0.184859
0.662
0.472419
0.350816
0.346686
0.662
0.662
0.267752
0.662
0.447055
0.662
0.662
0.36264
0.662
0.662
0.662
0.662
0.662
0.157313
0.418793
0.207546
0.273575
0.662
0.662
0.662
0.662
0.412369
0.662
0.662
0.334678
0.0958471
0.662
0.662
0.101846
0.0626363
0.268355
0.533538
0.662
0.662
0.35791
0.662
0.662
0.662
0.316944
0.017945
0.473939
0.146689
0.662
0.466636
0.0198162
0.33034
0.662
0.290026
0.434266
0.662
0.662
0.662
0.324886
0.662
0.662
0.0735215
0.337572
0.662
0.662
0.662
0.218825
0.2102
0.47002
0.662
0.662
0.150391
0.662
0.224156
0.662
0.662
0.277384
0.662
0.280149
0.384552
0.662
0.458921
0.662
0.0685023
0.662
0.662
0.0102172
0.662
0.662
0.662
0.662
0.136092
0.415662
0.19633
0.662
0.662
0.227867
0.662
0.215457
0.174564
0.123203
0.662
0.662
0.134615
0.662
0.168229
0.662
0.465204
0.662
0.455168
0.662
0.662
0.662
0.662
0.662
0.662
0.662
0.662
0.328876
0.662
0.376961
0.28124
0.662
0.189165
0.455127
0.154969
0.257388
0.662
0.662
0.662
0.662
0.662
0.159315
0.421877
0.662
0.100418
0.662
0.662
0.126533
0.662
0.438812
0.193705
0.340538
0.105467
0.662
0.662
0.662
0.200149
0.662
0.662
0.662
0.662
0.133503
0.662
0.0546139
0.662
0.28656
0.662
0.124426
0.410802
0.171265
0.474774
0.662
0.23332
0.662
0.662
0.662
0.662
0.662
0.401206
0.453615
0.662
0.662
0.268294
0.373998
0.662
0.662
0.0731453
0.128099
0.662
0.662
0.0589721
0.0736813
0.499884
0.662
0.200998
0.662
0.662
0.662
0.662
0.316228
0.662
0.0047756
0.127902
0.0482964
0.662
0.662
0.391368
0.66155
0.662
0.432727
0.324636
0.152991
0.205602
0.662
0.420424
0.662
0.00576654
0.139159
0.662
0.662
0.662
0.662
0.662
0.282485
0.662
0.662
0.662
0.662
0.429037
0.0506871
0.662
0.224419
0.259464
0.452695
0.403343
0.488881
0.132539
0.134838
0.375245
0.662
0.0799462
0.386664
0.662
0.662
0.45538
0.307011
0.389229
0.662
0.662
0.662
0.142345
0.662
0.662
0.662
0.400848
0.662
0.327968
0.455414
0.662
0.662
0.662
0.662
0.662
0.662
0.662
0.154897
0.662
0.376656
0.179286
0.62026
0.662
0.163571
0.296434
0.662
0.411733
0.662
0.366345
0.429561
0.662
0.662
0.662
0.662
0.113745
0.662
0.662
0.662
0.466485
0.102012
0.0789098
0.249018
0.662
0.662
0.662
0.662
0.662
0.662
0.0786003
0.321778
0.662
0.394414
0.662
0.662
0.662
0.662
0.662
0.0688876
0.3412
0.275049
0.662
0.390439
0.662
0.662
0.662
0.205512
0.0459357
0.662
0.585708
0.410645
0.385147
0.400352
0.0318684
0.662
0.188528
0.662
0.0741792
0.662
0.140308
0.662
0.662
0.157103
0.662
0.0251197
0.200498
0.662
0.257319
0.662
0.0512488
0.0443275
0.34504
0.0242515
0.662
0.662
0.662
0.476742
0.662
0.662
0.00967907
0.421133
0.662
0.662
0.662
0.472313
0.662
0.662
0.109397
0.662
0.328178
0.0865169
0.303895
0.251362
0.146785
0.561186
0.662
0.662
0.662
0.662
0.662
0.662
0.662
0.662
0.662
0.662
0.662
0.662
0.662
0.662
0.586755
0.328217
0.662
0.662
0.548983
0.126433
0.47376
0.538544
0.662
0.662
0.662
0.662
0.28448
0.21326
0.354404
0.662
0.405604
0.662
0.662
0.662
0.31012
0.102634
0.296657
0.662
0.433003
0.00653821
0.662
0.253583
0.662
0.160196
0.662
0.662
0.0228478
0.151796
0.304378
0.662
0.662
0.503638
0.328261
0.662
0.124862
0.314388
0.294681
0.249767
0.28214
0.662
0.662
0.399573
0.662
0.588201
0.662
0.24433
0.662
0.662
0.270311
0.662
0.662
0.290975
0.144228
0.662
0.0975702
0.662
0.294947
0.662
0.662
0.662
0.662
0.662
0.662
0.662
0.0441715
0.662
0.298535
0.259612
0.662
0.618808
0.662
0.662
0.431644
0.662
0.350314
0.121521
0.451111
0.662
0.0559481
0.662
0.338913
0.662
0.472777
0.662
0.662
0.203092
0.350837
0.662
0.662
0.662
0.662
0.662
0.662
0.662
0.533141
0.249924
0.662
0.134211
0.292066
0.415797
0.143819
0.662
0.426851
0.360976
0.0294052
0.174761
0.633391
0.166065
0.191296
0.373331
0.233771
0.0745176
0.471148
0.125708
0.422369
0.379674
0.397482
0.662
0.662
0.662
0.514164
0.662
0.662
0.662
0.441232
0.662
0.662
0.662
0.0471987
0.119848
0.119466
0.35947
0.662
0.662
0.662
0.662
0.662
0.662
0.662
0.574798
0.662
0.288883
0.662
0.46995
0.662
0.332721
0.662
0.662
0.662
0.662
0.662
0.198752
0.373245
0.434483
0.662
0.662
0.391843
0.429025
0.260517
0.285864
0.662
0.371074
0.662
0.662
0.662
0.662
0.0218014
0.662
0.030911
0.184519
0.337731
0.204687
0.662
0.662
0.662
0.106204
0.633694
0.506285
0.204074
0.662
0.426365
0.017827
0.662
0.662
0.403662
0.662
0.662
0.23172
0.187927
0.662
0.365027
0.440757
0.157381
0.662
0.441654
0.377544
0.662
0.662
0.298584
0.662
0.245344
0.662
0.662
0.455088
0.662
0.485098
0.365019
0.29242
0.662
0.662
0.662
0.662
0.662
0.0983498
0.662
0.662
0.54934
0.425312
0.662
0.146848
0.662
0.00658634
0.662
0.11919
0.662
0.662
0.662
0.662
0.662
0.064115
0.662
0.662
0.129299
0.662
0.662
0.662
0.429973
0.662
0.136259
0.662
0.0346061
0.662
0.209815
0.662
0.662
0.45781
0.657006
0.662
0.525554
0.212648
0.662
0.662
0.199875
0.289638
0.662
0.429847
0.662
0.292677
0.232507
0.0893862
0.637127
0.074804
0.662
0.662
0.406099
0.390693
0.662
0.0700152
0.662
0.662
0.662
0.662
0.156746
0.241199
0.662
0.43988
0.144481
0.662
0.257563
0.498152
0.662
0.662
0.197675
0.662
0.662
0.662
0.444259
0.379478
0.662
0.221807
0.23932
0.583411
0.662
0.272854
0.662
0.370274
0.662
0.662
0.662
0.662
0.512404
0.249263
0.662
0.0738825
0.662
0.427728
0.123485
0.240807
0.662
0.520413
0.662
0.0617142
0.252808
0.332018
0.0783534
0.662
0.0960114
0.662
0.167934
0.662
0.478621
0.662
0.0099445
0.0915532
0.00547445
0.186529
0.451546
0.442717
0.662
0.0769294
0.662
0.140069
0.0569597
0.414845
0.662
0.662
0.473844
0.185773
0.662
0.662
0.662
0.662
0.0370931
0.400099
0.345492
0.437912
0.662
0.662
0.375447
0.662
0.662
0.662
0.662
0.123231
0.0298009
0.616348
0.0532783
0.662
0.377307
0.662
0.662
0.0509459
0.353058
0.144695
0.662
0.485726
0.662
0.662
0.476597
0.662
0.000986133
0.303589
0.0957005
0.662
0.662
0.662
0.662
0.211045
0.662
0.306815
0.662
0.00483691
0.662
0.662
0.201595
0.00998623
0.662
0.662
0.662
0.051333
0.417898
0.662
0.662
0.38553
0.303255
0.343233
0.417984
0.305671
0.662
0.398825
0.395052
0.584771
0.460313
0.662
0.220298
0.662
0.662
0.390491
0.301108
0.405558
0.662
0.662
0.662
0.662
0.662
0.308712
0.352639
0.000142611
0.662
0.1542
0.540385
0.173774
0.662
0.662
0.662
0.46074
0.662
0.662
0.662
0.662
0.411831
0.170866
0.461858
0.662
0.0144735
0.662
0.474058
0.662
0.379128
0.425022
0.223317
0.400261
0.662
0.662
0.662
0.662
0.662
0.662
0.662
0.662
0.0806771
0.662
0.252025
0.662
0.399758
0.662
0.662
0.473775
0.662
0.308289
0.662
0.0886784
0.662
0.617283
0.248628
0.180297
0.662
0.1482
0.402045
0.662
0.334378
0.0748692
0.444937
0.662
0.255387
0.662
0.198702
0.662
0.662
0.662
0.662
0.662
0.23243
0.475147
0.662
0.579654
0.408311
0.100389
0.662
0.662
0.662
0.45003
0.622497
0.443944
0.318382
0.02099
0.662
0.662
0.662
0.662
0.662
0.662
0.662
0.662
0.662
0.662
0.457847
0.662
0.0300319
0.662
0.210769
0.662
0.662
0.305594
0.662
0.662
0.662
0.151778
0.662
0.433917
0.639852
0.203746
0.391317
0.422144
0.474438
0.662
0.662
0.662
0.662
0.662
0.10094
0.0221342
0.662
0.0120348
0.662
0.449536
0.215721
0.662
0.214726
0.662
0.662
0.662
0.359903
0.662
0.662
0.662
0.662
0.662
0.594829
0.662
0.171215
0.431738
0.662
0.598316
0.275082
0.455198
0.662
0.31565
0.662
0.662
0.662
0.303896
0.662
0.320901
0.538655
0.662
0.219982
0.662
0.662
0.662
0.662
0.428869
0.145858
0.662
0.662
0.489282
0.662
0.28328
0.662
0.430913
0.425265
0.662
0.441691
0.662
0.662
0.662
0.381232
0.302945
0.662
0.508304
0.43279
0.662
0.662
0.662
0.662
0.040516
0.662
0.250101
0.662
0.361398
0.132974
0.118142
0.439738
0.316278
0.145086
0.662
0.198647
0.214643
0.430773
0.32925
0.262058
0.18675
0.270235
0.662
0.662
0.662
0.240549
0.210241
0.247084
0.662
0.662
0.662
0.351901
0.438397
0.662
0.300103
0.208119
0.662
0.197159
0.662
0.494227
0.662
0.363239
0.662
0.217772
0.662
0.237899
0.217178
0.30383
0.662
0.662
0.662
0.662
0.301825
0.662
0.436082
0.662
0.353805
0.449591
0.662
0.19492
0.279824
0.262534
0.430928
0.662
0.410905
0.662
0.662
0.400783
0.662
0.662
0.00583765
0.160161
0.662
0.662
0.662
0.662
0.383726
0.075422
0.662
0.0619645
0.0264247
0.662
0.662
0.266233
0.0458759
0.463123
0.662
0.662
0.0823241
0.662
0.563177
0.662
0.489281
0.441919
0.658114
0.662
0.662
0.1043
0.470877
0.662
0.076492
0.662
0.662
0.0980681
0.662
0.662
0.662
0.662
0.489585
0.662
0.662
0.241568
0.440416
0.662
0.662
0.662
0.0264137
0.243744
0.662
0.140801
0.662
0.662
0.662
0.662
0.231511
0.305792
0.110046
0.416555
0.445069
0.662
0.223198
0.662
0.431061
0.327014
0.249671
0.175023
0.207555
0.411863
0.0254381
0.662
0.662
0.662
0.662
0.633391
0.662
0.662
0.394837
0.293931
0.662
0.662
0.662
0.662
0.662
0.438284
0.662
0.662
0.0584096
0.662
0.00910379
0.662
0.662
0.280795
0.44984
0.00904959
0.662
0.166587
0.271423
0.256901
0.662
0.18114
0.662
0.662
0.180218
0.662
0.662
0.0916099
0.259363
0.192355
0.459552
0.662
0.187615
0.662
0.0617498
0.0242702
0.662
0.662
0.662
0.45787
0.662
0.308673
0.662
0.203683
0.211275
0.20093
0.662
0.662
0.662
0.228931
0.662
0.662
0.428862
0.662
0.270737
0.644823
0.662
0.101511
0.662
0.662
0.16022
0.377827
0.450759
0.372714
0.662
0.662
0.226517
0.662
0.191013
0.0113404
0.135569
0.662
0.662
0.662
0.581632
0.553878
0.238752
0.436777
0.662
0.162361
0.662
0.662
0.662
0.484956
0.662
0.662
0.662
0.662
0.274356
0.662
0.361169
0.35349
0.317369
0.662
0.662
0.662
0.662
0.662
0.505089
0.662
0.662
0.257387
0.662
0.0540972
0.300637
0.557097
0.266234
0.662
0.662
0.126273
0.662
0.662
0.662
0.662
0.662
0.402095
0.343838
0.27897
0.538796
0.662
0.54
0.337724
0.662
0.662
0.662
0.419627
0.363192
0.662
0.140408
0.343905
0.662
0.662
0.662
0.429504
0.249997
0.221582
0.195908
0.467982
0.662
0.511801
0.219713
0.0504787
0.662
0.196341
0.662
0.0938118
0.433585
0.662
0.660933
0.267795
0.150857
0.662
0.662
0.275792
0.662
0.662
0.662
0.662
0.110621
0.3572
0.662
0.0359051
0.662
0.662
0.0631374
0.662
0.273313
0.662
0.662
0.662
0.312786
0.450632
0.537739
0.662
0.662
0.465397
0.662
0.100247
0.662
0.121685
0.662
0.662
0.662
0.358951
0.662
0.662
0.662
0.662
0.662
0.138345
0.588689
0.662
0.662
0.399691
0.662
0.314591
0.226835
0.662
0.368818
0.662
0.452942
0.114496
0.410207
0.662
0.127966
0.662
0.463652
0.662
0.622105
0.662
0.470895
0.498954
0.244653
0.662
0.662
0.662
0.662
0.662
0.662
0.458898
0.195155
0.662
0.662
0.662
0.662
0.307401
0.662
0.662
0.662
0.662
0.398342
0.33379
0.65544
0.662
0.662
0.662
0.662
0.662
0.214016
0.184653
0.409188
0.662
0.258172
0.662
0.310504
0.461198
0.662
0.139397
0.475359
0.310258
0.662
0.476002
0.662
0.0299714
0.662
0.134308
0.322645
0.371581
0.662
0.662
0.662
0.0572672
0.318034
0.662
0.662
0.341946
0.662
0.0375677
0.325806
0.662
0.662
0.662
0.135018
0.662
0.662
0.322668
0.225917
0.662
0.239474
0.662
0.662
0.662
0.662
0.249158
0.158165
0.584535
0.662
0.146028
0.662
0.0414649
0.442929
0.662
0.441773
0.662
0.662
0.662
0.188541
0.421977
0.437688
0.662
0.662
0.316569
0.662
0.0819647
0.428258
0.244429
0.36195
0.662
0.45411
0.662
0.662
0.190782
0.571594
0.016393
0.0220162
0.662
0.133979
0.435183
0.662
0.436248
0.662
0.662
0.287595
0.477994
0.662
0.272566
0.0372576
0.582472
0.566762
0.662
0.662
0.0041599
0.494298
0.426755
0.0661414
0.662
0.662
0.440575
0.662
0.662
0.223286
0.662
0.662
0.163518
0.662
0.662
0.662
0.0440161
0.662
0.285149
0.662
0.444157
0.373298
0.662
0.662
0.662
0.11989
0.662
0.58202
0.662
0.662
0.0580485
0.662
0.136568
0.343498
0.340088
0.662
0.662
0.662
0.662
0.662
0.662
0.662
0.0622278
0.662
0.662
0.662
0.311575
0.224861
0.662
0.662
0.662
0.464495
0.662
0.349478
0.662
0.512978
0.662
0.662
0.662
0.662
0.662
0.662
0.219564
0.662
0.07201
0.00986623
0.0950156
0.432264
0.662
0.154746
0.287316
0.662
0.447434
0.662
0.464091
0.131113
0.662
0.662
0.662
0.117551
0.247639
0.236443
0.662
0.662
0.383921
0.0753333
0.662
0.122468
0.662
0.662
0.662
0.114757
0.25763
0.662
0.347621
0.662
0.662
0.662
0.0188128
0.662
0.662
0.0138043
0.256504
0.388543
0.662
0.176403
0.662
0.662
0.0245777
0.0125143
0.662
0.662
0.484719
0.662
0.0618096
0.662
0.662
0.662
0.207521
0.662
0.662
0.109102
0.0678883
0.662
0.291081
0.662
0.662
0.662
0.662
0.662
0.45831
0.00835514
0.245098
0.252976
0.478483
0.229738
0.362665
0.662
0.168749
0.662
0.662
0.392523
0.477316
0.662
0.468312
0.662
0.513137
0.662
0.662
0.662
0.662
0.378646
0.662
0.662
0.662
0.662
0.191132
0.662
0.662
0.25802
0.662
0.662
0.308989
0.205409
0.662
0.0194256
0.355036
0.662
0.186503
0.473139
0.029402
0.662
0.11737
0.662
0.662
0.662
0.662
0.404277
0.168471
0.662
0.426618
0.662
0.020793
0.366844
0.662
0.662
0.261784
0.0854268
0.662
0.662
0.662
0.662
0.662
0.478435
0.662
0.208792
0.0562776
0.407103
0.0451312
0.662
0.174024
0.0284279
0.662
0.662
0.403934
0.450532
0.662
0.228545
0.662
0.070504
0.377204
0.662
0.146932
0.263498
0.216249
0.662
0.281664
0.662
0.662
0.662
0.662
0.63339
0.18855
0.335105
0.0825509
0.662
0.662
0.303021
0.157329
0.244039
0.662
0.662
0.00341203
0.537285
0.662
0.662
0.662
0.662
0.662
0.662
0.135806
0.662
0.662
0.662
0.662
0.662
0.0371981
0.662
0.662
0.662
0.662
0.662
0.173592
0.319493
0.34926
0.200146
0.662
0.173065
0.662
0.662
0.662
0.436645
0.1513
0.662
0.3456
0.662
0.327395
0.662
0.0344456
0.227108
0.662
0.0692906
0.186445
0.172926
0.110499
0.662
0.0707811
0.0803683
0.044931
0.662
0.0909602
0.265596
0.644995
0.662
0.485654
0.432767
0.056726
0.662
0.662
0.662
0.662
0.662
0.113668
0.662
0.662
0.662
0.0106002
0.662
0.662
0.662
0.662
0.571998
0.662
0.486974
0.0286417
0.537382
0.662
0.0274626
0.263109
0.662
0.171135
0.404816
0.662
0.584925
0.464137
