0.662
0.662
0.662
0.662
0.662
0.662
0.662
0.662
0.662
0.42835
0.662
0.662
0.121333
0.662
0.195384
0.266898
0.662
0.0365942
0.662
0.662
0.662
0.662
0.201432
0.662
0.662
0.662
0.0459107
0.276358
0.0208516
0.662
0.662
0.333746
0.662
0.662
0.662
0.0980162
0.633693
0.451536
0.302746
0.260317
0.662
0.0243013
0.662
0.662
0.278521
0.491761
0.662
0.132039
0.662
0.662
0.662
0.662
0.662
0.393554
0.625294
0.0208228
0.476668
0.464191
0.413166
0.337888
0.468931
0.0883713
0.662
0.491515
0.215173
0.258736
0.662
0.369744
0.662
0.431559
0.662
0.473028
0.132248
0.223986
0.662
0.314689
0.662
0.662
0.662
0.662
0.662
0.662
0.662
0.662
0.662
0.662
0.428722
0.00952408
0.318786
0.467801
0.0664042
0.662
0.396273
0.57699
0.662
0.662
0.290933
0.662
0.21853
0.444159
0.418669
0.662
0.476045
0.662
0.0963226
0.662
0.0344189
0.182579
0.0716493
0.292285
0.662
0.662
0.39956
0.662
0.438488
0.662
0.662
0.215185
0.335665
0.196543
0.00751225
0.662
0.662
0.0941163
0.111098
0.662
0.44268
0.662
0.662
0.662
0.1691
0.244739
0.610281
0.662
0.537324
0.662
0.662
0.662
0.47654
0.388885
0.662
0.662
0.085844
0.118035
0.662
0.048365
0.0124195
0.321577
0.320986
0.662
0.662
0.662
0.335994
0.176559
0.310081
0.662
0.41868
0.662
0.662
0.104197
0.662
0.662
0.0339175
0.346272
0.0465749
0.459093
0.0518724
0.662
0.662
0.109081
0.662
0.0406403
0.370069
0.662
0.662
0.662
0.409361
0.0182522
0.662
0.403825
0.433222
0.132774
0.301789
0.662
0.662
0.662
0.198873
0.194036
0.662
0.662
0.419732
0.428728
0.209525
0.662
0.662
0.324593
0.662
0.662
0.662
0.187589
0.471967
0.478524
0.529347
0.427484
0.396588
0.662
0.339987
0.28107
0.189975
0.428425
0.201558
0.102897
0.197997
0.662
0.268381
0.662
0.467475
0.0671616
0.662
0.662
0.662
0.662
0.338974
0.333053
0.662
0.662
0.0112914
0.662
0.662
0.33211
0.403655
0.473918
0.662
0.662
0.153457
0.662
0.364865
0.662
0.48764
0.403166
0.0957473
0.662
0.435831
0.662
0.29386
0.340837
0.662
0.662
0.662
0.662
0.662
0.38606
0.662
0.0403237
0.453196
0.00801422
0.28918
0.662
0.662
0.662
0.134066
0.42126
0.19308
0.662
0.306231
0.369455
0.122921
0.187928
0.0134327
0.389066
0.426647
0.662
0.235019
0.662
0.39094
0.315675
0.662
0.662
0.0385658
0.323092
0.662
0.662
0.662
0.232508
0.662
0.320829
0.359078
0.662
0.662
0.662
0.204632
0.219142
0.662
0.5992
0.288163
0.662
0.662
0.662
0.662
0.662
0.662
0.662
0.519286
0.153343
0.110265
0.662
0.268396
0.662
0.302073
0.662
0.662
0.0581989
0.662
0.662
0.662
0.662
0.662
0.662
0.0870428
0.662
0.271748
0.245002
0.358735
0.662
0.377219
0.662
0.662
0.662
0.662
0.183501
0.137667
0.662
0.599474
0.497505
0.662
0.366172
0.273533
0.662
0.379343
0.662
0.235935
0.662
0.217395
0.662
0.0127828
0.153856
0.662
0.101367
0.398501
0.662
0.662
0.662
0.230668
0.662
0.364838
0.412741
0.662
0.258104
0.662
0.166682
0.662
0.662
0.0163674
0.219362
0.662
0.662
0.662
0.174571
0.426631
0.306269
0.0195265
0.662
0.357386
0.0652119
0.662
0.662
0.485769
0.267305
0.0872279
0.35366
0.00191984
0.434325
0.662
0.410403
0.452637
0.180745
0.662
0.096699
0.0600948
0.270803
0.529205
0.181529
0.140037
0.662
0.36317
0.662
0.348541
0.10479
0.662
0.0387987
0.662
0.662
0.193626
0.662
0.142697
0.662
0.252152
0.42259
0.662
0.00731597
0.145376
0.18188
0.662
0.317237
0.372339
0.203995
0.662
0.662
0.662
0.127619
0.662
0.144558
0.662
0.0210576
0.662
0.155321
0.102965
0.662
0.36912
0.662
0.336959
0.662
0.662
0.115521
0.0946656
0.0490908
0.662
0.662
0.0903164
0.662
0.662
0.662
0.0850757
0.324239
0.427688
0.415058
0.478672
0.0610355
0.662
0.662
0.662
0.662
0.443787
0.232427
0.259624
0.662
0.662
0.662
0.0625971
0.0279873
0.0190834
0.27675
0.1352
0.662
0.279348
0.662
0.662
0.101446
0.662
0.662
0.662
0.662
0.662
0.404333
0.662
0.340892
0.662
0.662
0.222181
0.662
0.473643
0.126617
0.0955227
0.438247
0.662
0.662
0.662
0.013236
0.0871775
0.662
0.662
0.0551499
0.240615
0.662
0.198074
0.211999
0.0131025
0.257138
0.662
0.284286
0.422627
0.662
0.662
0.447789
0.392825
0.662
0.662
0.0680392
0.662
0.34626
0.662
0.662
0.256454
0.119475
0.439367
0.662
0.662
0.662
0.662
0.368092
0.662
0.662
0.390881
0.662
0.160626
0.284409
0.204373
0.4235
0.662
0.0708761
0.325141
0.662
0.418125
0.662
0.662
0.364072
0.212743
0.662
0.50311
0.662
0.0536806
0.282582
0.45337
0.0787342
0.662
0.28722
0.662
0.280632
0.239198
0.516469
0.607493
0.450993
0.662
0.662
0.662
0.662
0.662
0.0878158
0.280733
0.274758
0.662
0.520257
0.662
0.662
0.662
0.662
0.223942
0.610318
0.662
0.343148
0.388325
0.662
0.104336
0.662
0.662
0.662
0.281117
0.662
0.662
0.662
0.166344
0.662
0.224486
0.355391
0.662
0.662
0.431814
0.0376319
0.662
0.255847
0.385556
0.0694356
0.0531715
0.0928286
0.459657
0.662
0.662
0.662
0.126347
0.662
0.662
0.468649
0.100619
0.0789653
0.338221
0.662
0.662
0.278723
0.662
0.305128
0.662
0.381808
0.381823
0.139771
0.662
0.662
0.662
0.662
0.662
0.152111
0.479924
0.662
0.662
0.431369
0.662
0.662
0.633391
0.662
0.662
0.0342969
0.662
0.662
0.253336
0.144801
0.662
0.0214134
0.304146
0.662
0.662
0.662
0.492597
0.191202
0.30676
0.201975
0.413935
0.662
0.185894
0.662
0.129417
0.662
0.662
0.662
0.354908
0.161129
0.156117
0.423859
0.662
0.31034
0.662
0.662
0.322851
0.437819
0.0326059
0.311512
0.662
0.662
0.662
0.651069
0.662
0.662
0.662
0.662
0.0576914
0.534201
0.100183
0.662
0.662
0.662
0.662
0.662
0.662
0.085028
0.662
0.0455393
0.662
0.386662
0.251374
0.662
0.662
0.662
0.662
0.662
0.662
0.366649
0.245712
0.473814
0.194641
0.662
0.202858
0.18437
0.662
0.224379
0.02035
0.662
0.662
0.234884
0.113972
0.662
0.662
0.0567387
0.662
0.34469
0.662
0.20426
0.472125
0.307679
0.662
0.29611
0.662
0.662
0.00119422
0.662
0.662
0.662
0.662
0.662
0.662
0.238236
0.367749
0.225887
0.662
0.253999
0.662
0.662
0.266732
0.662
0.662
0.517297
0.662
0.662
0.662
0.662
0.662
0.662
0.662
0.163333
0.662
0.609993
0.662
0.662
0.286308
0.250996
0.468513
0.172034
0.662
0.474094
0.662
0.0674731
0.451334
0.662
0.662
0.393996
0.662
0.662
0.403874
0.662
0.662
0.349298
0.662
0.662
0.662
0.264518
0.237052
0.662
0.662
0.662
0.190016
0.662
0.445709
0.142173
0.662
0.662
0.0120073
0.0971454
0.662
0.317146
0.418454
0.264996
0.317867
0.346105
0.662
0.662
0.662
0.662
0.413618
0.599011
0.662
0.662
0.407628
0.369595
0.00913811
0.318396
0.662
0.662
0.575191
0.0159836
0.662
0.484155
0.287513
0.662
0.662
0.272666
0.662
0.662
0.662
0.53261
0.162508
0.662
0.662
0.0104567
0.390732
0.662
0.381449
0.662
0.662
0.662
0.375256
0.394861
0.251354
0.662
0.439604
0.662
0.296128
0.662
0.662
0.662
0.662
0.662
0.662
0.662
0.662
0.662
0.662
0.313903
0.267916
0.662
0.662
0.238026
0.0485431
0.184756
0.409896
0.662
0.322463
0.662
0.662
0.393579
0.423006
0.355945
0.662
0.662
0.314832
0.468483
0.60691
0.0879388
0.662
0.662
0.404439
0.436462
0.47092
0.662
0.662
0.203998
0.291799
0.662
0.662
0.662
0.59641
0.662
0.662
0.662
0.662
0.662
0.662
0.662
0.662
0.662
0.266772
0.330694
0.0641378
0.662
0.0206066
0.662
0.38648
0.662
0.190772
0.662
0.662
0.662
0.439292
0.440699
0.662
0.662
0.662
0.662
0.141569
0.662
0.662
0.396023
0.18164
0.662
0.25082
0.0475232
0.215106
0.08803
0.486113
0.309098
0.2315
0.662
0.158784
0.662
0.662
0.0166243
0.662
0.662
0.662
0.662
0.292844
0.258905
0.662
0.251696
0.319511
0.222918
0.662
0.00725486
0.418834
0.549155
0.0611496
0.662
0.278534
0.662
0.104913
0.662
0.442754
0.662
0.662
0.0962037
0.662
0.662
0.662
0.662
0.662
0.37191
0.119737
0.104901
0.0318938
0.313721
0.224147
0.177381
0.662
0.279268
0.662
0.200269
0.380631
0.0240765
0.417635
0.378118
0.353757
0.662
0.662
0.352862
0.662
0.136219
0.130185
0.398756
0.155044
0.662
0.662
0.271163
0.662
0.0402565
0.484389
0.368848
0.662
0.182769
0.391423
0.355424
0.662
0.662
0.0144809
0.662
0.417583
0.245189
0.662
0.662
0.662
0.370757
0.324445
0.213849
0.662
0.415332
0.198229
0.662
0.0173264
0.662
0.200274
0.381355
0.662
0.085464
0.634684
0.245583
0.421865
0.420169
0.0515121
0.630495
0.662
0.0940193
0.0348932
0.662
0.662
0.10974
0.662
0.389323
0.662
0.444971
0.662
0.662
0.662
0.662
0.138934
0.662
0.662
0.662
0.466094
0.220218
0.395976
0.662
0.276655
0.0570277
0.288178
0.662
0.662
0.662
0.662
0.467641
0.662
0.662
0.662
0.662
0.114953
0.662
0.446044
0.114255
0.662
0.334549
0.276057
0.662
0.662
0.431261
0.131786
0.662
0.662
0.662
0.662
0.402449
0.198288
0.487853
0.662
0.220255
0.662
0.662
0.662
0.662
0.403531
0.54812
0.662
0.294645
0.637839
0.217306
0.380356
0.662
0.0442174
0.662
0.662
0.381297
0.662
0.369104
0.662
0.662
0.3505
0.662
0.148513
0.662
0.662
0.662
0.662
0.662
0.385491
0.126773
0.662
0.201541
0.662
0.285647
0.351378
0.169624
0.384829
0.117015
0.662
0.662
0.304926
0.662
0.662
0.662
0.662
0.662
0.556923
0.399116
0.662
0.662
0.662
0.226424
0.335498
0.188574
0.123463
0.662
0.662
0.393545
0.00387324
0.453509
0.662
0.662
0.662
0.662
0.327056
0.337383
0.662
0.662
0.662
0.662
0.00852983
0.662
0.662
0.458806
0.272796
0.299126
0.662
0.431856
0.285112
0.662
0.296545
0.250866
0.0470305
0.427205
0.112681
0.304111
0.662
0.387284
0.662
0.221069
0.662
0.0759108
0.0654745
0.662
0.662
0.0248995
0.401395
0.379725
0.407964
0.132001
0.662
0.662
0.508611
0.662
0.196411
0.135361
0.569426
0.498587
0.162866
0.662
0.662
0.662
0.662
0.662
0.662
0.594067
0.662
0.662
0.150973
0.662
0.662
0.662
0.662
0.662
0.566965
0.0675181
0.177861
0.662
0.225763
0.411554
0.662
0.433574
0.662
0.662
0.457575
0.426309
0.662
0.662
0.662
0.662
0.318179
0.0520599
0.662
0.662
0.662
0.219327
0.662
0.662
0.662
0.235646
0.662
0.204199
0.0698994
0.228531
0.662
0.414319
0.662
0.662
0.662
0.197136
0.662
0.219394
0.662
0.000608773
0.00853873
0.09868
0.662
0.120963
0.662
0.377587
0.662
0.254577
0.231475
0.0616552
0.662
0.662
0.662
0.354951
0.662
0.289103
0.662
0.0952522
0.0593231
0.201796
0.122528
0.662
0.662
0.662
0.437876
0.662
0.662
0.328913
0.173388
0.662
0.464319
0.581985
0.662
0.0521945
0.203839
0.148629
0.00108611
0.662
0.662
0.662
0.662
0.662
0.391062
0.662
0.362128
0.220587
0.662
0.662
0.662
0.662
0.662
0.662
0.662
0.561793
0.134126
0.212703
0.662
0.662
0.662
0.245989
0.39471
0.245501
0.3279
0.416929
0.177502
0.32224
0.662
0.662
0.336139
0.662
0.247026
0.662
0.0546333
0.662
0.662
0.662
0.662
0.662
0.0328593
0.662
0.0789762
0.662
0.662
0.662
0.306037
0.662
0.22685
0.265006
0.00916211
0.662
0.662
0.244838
0.0131591
0.662
0.236713
0.222806
0.662
0.419379
0.662
0.122692
0.169796
0.662
0.332993
0.342631
0.662
0.498188
0.662
0.369229
0.221364
0.662
0.662
0.0252189
0.662
0.662
0.662
0.662
0.662
0.327144
0.662
0.493022
0.662
0.662
0.662
0.387251
0.662
0.106961
0.662
0.662
0.662
0.362134
0.189373
0.160113
0.0968087
0.206397
0.662
0.327152
0.662
0.0519125
0.376726
0.190978
0.00900792
0.457125
0.221037
0.662
0.144507
0.119659
0.0504965
0.662
0.370046
0.36373
0.662
0.662
0.355839
0.454771
0.412813
0.138926
0.172729
0.662
0.662
0.662
0.662
0.662
0.662
0.22276
0.436552
0.662
0.662
0.0155219
0.662
0.257112
0.662
0.172505
0.261284
0.387264
0.162692
0.207597
0.662
0.662
0.047082
0.0423287
0.662
0.0569235
0.397976
0.539122
0.0633353
0.275015
0.662
0.129645
0.210051
0.662
0.662
0.662
0.662
0.207952
0.662
0.0574762
0.0494859
0.662
0.662
0.248524
0.662
0.662
0.662
0.662
0.468216
0.457909
0.662
0.662
0.136368
0.662
0.662
0.662
0.662
0.662
0.227422
0.00635322
0.318613
0.662
0.662
0.662
0.662
0.269681
0.594153
0.662
0.275547
0.159488
0.367656
0.431811
0.662
0.349421
0.662
0.662
0.662
0.662
0.662
0.662
0.317648
0.263024
0.662
0.662
0.152032
0.252727
0.662
0.662
0.2963
0.662
0.662
0.0348207
0.177898
0.418529
0.662
0.662
0.662
0.662
0.662
0.662
0.122285
0.298232
0.185325
0.053111
0.458003
0.27154
0.662
0.662
0.107375
0.662
0.662
0.466044
0.469118
0.0287354
0.62184
0.580503
0.662
0.662
0.273909
0.662
0.662
0.0739842
0.433421
0.474971
0.662
0.158896
0.193732
0.118528
0.0698733
0.662
0.0945888
0.662
0.583798
0.426806
0.121038
0.35795
0.662
0.662
0.662
0.132969
0.252363
0.662
0.662
0.662
0.183302
0.662
0.662
0.116401
0.662
0.248315
0.662
0.662
0.270776
0.367723
0.639392
0.662
0.662
0.662
0.422425
0.400822
0.192547
0.18929
0.662
0.662
0.183567
0.145626
0.662
0.201377
0.662
0.350464
0.313133
0.662
0.662
0.477642
0.211049
0.00593221
0.662
0.662
0.662
0.662
0.361597
0.00573247
0.662
0.0939842
0.221817
0.126844
0.662
0.36123
0.662
0.662
0.182367
0.38896
0.277292
0.662
0.443256
0.192558
0.662
0.662
0.223903
0.161272
0.137659
0.662
0.662
0.662
0.454828
0.662
0.121901
0.251915
0.153224
0.662
0.12197
0.662
0.662
0.662
0.662
0.662
0.292635
0.375425
0.662
0.467937
0.662
0.484043
0.24795
0.127982
0.467963
0.219753
0.662
0.525699
0.662
0.0352443
0.194461
0.00020034
0.113199
0.662
0.662
0.322349
0.659414
0.662
0.662
0.045791
0.662
0.662
0.662
0.662
0.347469
0.662
0.662
