0.662
0.662
0.662
0.408384
0.662
0.272666
0.475586
0.430233
0.662
0.421278
0.0215454
0.662
0.615618
0.451804
0.406132
0.262068
0.413618
0.662
0.124042
0.662
0.662
0.189788
0.217887
0.445731
0.662
0.31285
0.119991
0.0328549
0.662
0.662
0.362128
0.662
0.142193
0.662
0.467475
0.198074
0.211999
0.0131025
0.662
0.435793
0.662
0.0502723
0.662
0.662
0.662
0.0321304
0.493287
0.662
0.157411
0.434467
0.640587
0.662
0.662
0.662
0.662
0.230054
0.662
0.662
0.132435
0.200269
0.267305
0.662
0.662
0.662
0.662
0.662
0.387284
0.369622
0.0131591
0.659414
0.307879
0.662
0.662
0.662
0.232375
0.284183
0.153305
0.336959
0.167138
0.103419
0.107488
0.662
0.427484
0.503737
0.662
0.662
0.353506
0.662
0.160525
0.662
0.662
0.662
0.662
0.662
0.0326059
0.662
0.180812
0.501379
0.402384
0.662
0.158896
0.662
0.662
0.0455393
0.662
0.662
0.607493
0.50311
0.327144
0.412741
0.662
0.662
0.662
0.662
0.662
0.182367
0.662
0.290728
0.417981
0.312687
0.662
0.662
0.662
0.662
0.662
0.662
0.662
0.662
0.662
0.662
0.415371
0.50936
0.662
0.0328135
0.662
0.662
0.227754
0.662
0.0498351
0.662
0.468513
0.662
0.662
0.0368466
0.662
0.634684
0.25828
0.662
0.439604
0.662
0.662
0.0318938
0.662
0.0650781
0.450457
0.194157
0.662
0.229282
0.662
0.44919
0.662
0.662
0.464191
0.662
0.344034
0.662
0.662
0.295427
0.00362282
0.662
0.190565
0.662
0.0779939
0.268396
0.188974
0.343148
0.662
0.662
0.662
0.19927
0.662
0.343347
0.662
0.662
0.293422
0.327542
0.662
0.662
0.662
0.662
0.662
0.366145
0.662
0.662
0.498392
0.662
0.662
0.662
0.183567
0.662
0.662
0.662
0.42835
0.302746
0.662
0.359568
0.662
0.662
0.270622
0.562903
0.662
0.41467
0.662
0.456965
0.662
0.145287
0.301446
0.143081
0.299513
0.0966004
0.0895922
0.662
0.662
0.201377
0.662
0.207597
0.389366
0.662
0.279421
0.662
0.662
0.119474
0.125594
0.662
0.0741139
0.031857
0.311532
0.088746
0.187928
0.372903
0.26426
0.459062
0.358576
0.199742
0.662
0.662
0.662
0.187829
0.662
0.662
0.0281127
0.392999
0.204437
0.662
0.370069
0.0276436
0.662
0.169233
0.662
0.662
0.662
0.662
0.662
0.207323
0.662
0.662
0.662
0.662
0.662
0.662
0.662
0.251915
0.372003
0.662
0.662
0.350464
0.334794
0.11367
0.387264
0.429793
0.472223
0.662
0.662
0.470324
0.151354
0.662
0.34626
0.268167
0.431559
0.662
0.416998
0.222181
0.662
0.332813
0.662
0.42663
0.662
0.37071
0.662
0.662
0.60573
0.316511
0.418454
0.662
0.662
0.32975
0.662
0.662
0.662
0.122692
0.163656
0.662
0.25301
0.662
0.662
0.662
0.198833
0.219327
0.132248
0.381449
0.662
0.476592
0.063038
0.57997
0.662
0.662
0.662
0.662
0.185815
0.0542709
0.662
0.662
0.662
0.662
0.469885
0.211049
0.662
0.348056
0.00477514
0.476852
0.307997
0.100076
0.27364
0.203015
0.662
0.175383
0.662
0.427814
0.0151236
0.150585
0.662
0.662
0.2963
0.232427
0.304131
0.209918
0.0610622
0.221817
0.175862
0.662
0.0766444
0.132774
0.263163
0.662
0.662
0.662
0.662
0.417433
0.662
0.662
0.662
0.662
0.662
0.142834
0.662
0.498188
0.452637
0.662
0.547831
0.0765756
0.414197
0.366181
0.662
0.337042
0.209185
0.662
0.662
0.662
0.249582
0.318179
0.662
0.662
0.210164
0.662
0.116401
0.520828
0.662
0.109527
0.662
0.662
0.662
0.201796
0.271938
0.662
0.0595967
0.662
0.572663
0.662
0.304279
0.662
0.156984
0.662
0.662
0.662
0.21858
0.599011
0.662
0.25906
0.662
0.662
0.662
0.662
0.0670929
0.662
0.111098
0.662
0.181608
0.662
0.195384
0.662
0.662
0.662
0.662
0.10143
0.238214
0.662
0.0641378
0.662
0.662
0.0176869
0.662
0.0236313
0.662
0.278534
0.662
0.222806
0.662
0.662
0.475074
0.28918
0.444765
0.210427
0.346717
0.662
0.141985
0.398906
0.662
0.662
0.662
0.662
0.410059
0.0155219
0.484043
0.662
0.454541
0.0134327
0.391697
0.273835
0.0364009
0.245153
0.662
0.353982
0.162786
0.662
0.662
0.662
0.662
0.662
0.662
0.662
0.662
0.662
0.1352
0.0880554
0.377993
0.662
0.239123
0.314176
0.119737
0.239404
0.662
0.372237
0.343312
0.662
0.662
0.662
0.662
0.192556
0.338913
0.395718
0.662
0.662
0.662
0.465356
0.367167
0.662
0.662
0.453622
0.182769
0.662
0.24246
0.383258
0.280632
0.234942
0.4235
0.662
0.662
0.454566
0.662
0.206893
0.662
0.662
0.662
0.444971
0.463157
0.302232
0.440699
0.514315
0.662
0.662
0.662
0.662
0.409805
0.228426
0.0878158
0.662
0.325049
0.662
0.587426
0.503351
0.190296
0.662
0.0829493
0.0968087
0.662
0.662
0.662
0.662
0.662
0.662
0.662
0.662
0.0469823
0.662
0.662
0.348134
0.662
0.173664
0.238026
0.662
0.662
0.662
0.662
0.185894
0.00751225
0.662
0.0283119
0.45579
0.662
0.368848
0.0898529
0.151687
0.662
0.400822
0.662
0.162073
0.662
0.662
0.662
0.662
0.662
0.662
0.374583
0.662
0.662
0.662
0.662
0.662
0.44131
0.39956
0.475417
0.662
0.662
0.126844
0.402821
0.662
0.662
0.413021
0.662
0.415912
0.457909
0.369744
0.662
0.662
0.301336
0.330614
0.182089
0.325783
0.159054
0.24794
0.662
0.662
0.393554
0.662
0.662
0.237618
0.455691
0.0252189
0.000590723
0.662
0.310723
0.662
0.077643
0.169792
0.376196
0.533424
0.662
0.662
0.137741
0.175732
0.662
0.662
0.403825
0.225413
0.662
0.346114
0.335317
0.662
0.662
0.3505
0.401149
0.386025
0.662
0.0506829
0.101367
0.387481
0.662
0.0371815
0.662
0.662
0.662
0.662
0.662
0.419529
0.0485431
0.662
0.662
0.253177
0.662
0.455764
0.662
0.662
0.662
0.522596
0.0208228
0.0932094
0.335014
0.00573247
0.388055
0.662
0.610281
0.662
0.662
0.324743
0.662
0.662
0.134126
0.662
0.129417
0.224147
0.662
0.0796436
0.662
0.662
0.662
0.370757
0.0647414
0.224076
0.662
0.662
0.662
0.408444
0.220255
0.0168898
0.0940193
0.130526
0.662
0.0111799
0.431143
0.662
0.662
0.662
0.662
0.408988
0.35043
0.662
0.662
0.555337
0.344301
0.662
0.184757
0.215865
0.353757
0.547237
0.662
0.19779
0.662
0.369229
0.394861
0.141569
0.327221
0.0789762
0.662
0.662
0.662
0.181505
0.395546
0.662
0.468649
0.662
0.662
0.662
0.474094
0.153616
0.0770215
0.662
0.366172
0.662
0.377587
0.421531
0.662
0.662
0.662
0.254577
0.662
0.339987
0.0865661
0.662
0.299388
0.662
0.633391
0.662
0.221364
0.5881
0.113972
0.0413698
0.662
0.276108
0.257208
0.428546
0.662
0.662
0.662
0.662
0.662
0.662
0.267731
0.180023
0.250579
0.662
0.662
0.629706
0.662
0.662
0.186451
0.149586
0.662
0.662
0.662
0.453196
0.662
0.285112
0.662
0.467963
0.662
0.63339
0.662
0.662
0.662
0.386777
0.268673
0.403166
0.662
0.662
0.662
0.417017
0.662
0.662
0.662
0.662
0.0981801
0.0441569
0.579676
0.162968
0.012257
0.0279873
0.662
0.662
0.662
0.662
0.145881
0.516469
0.662
0.609993
0.500513
0.662
0.167454
0.362761
0.662
0.662
0.662
0.662
0.662
0.662
0.662
0.426177
0.662
0.662
0.662
0.0903164
0.662
0.662
0.662
0.662
0.662
0.0803351
0.204199
0.522278
0.217395
0.386238
0.298232
0.358194
0.0410915
0.662
0.333507
0.662
0.174571
0.381048
0.35776
0.662
0.534412
0.520257
0.0813544
0.662
0.184526
0.662
0.410521
0.662
0.42259
0.662
0.109991
0.226826
0.338164
0.662
0.662
0.206093
0.662
0.255623
0.662
0.662
0.340837
0.662
0.49741
0.467703
0.468931
0.662
0.209525
0.279268
0.662
0.662
0.662
0.662
0.100619
0.296555
0.662
0.662
0.662
0.0739842
0.662
0.464801
0.318843
0.662
0.26243
0.662
0.29386
0.264285
0.662
0.226233
0.0482389
0.662
0.472636
0.662
0.662
0.0751914
0.44297
0.445427
0.662
0.662
0.662
0.662
0.662
0.193139
0.662
0.662
0.403874
0.662
0.662
0.0287354
0.662
0.662
0.298569
0.0566246
0.662
0.662
0.662
0.662
0.662
0.662
0.662
0.662
0.662
0.127619
0.277335
0.662
0.413935
0.459288
0.0376319
0.662
0.0658797
0.354608
0.662
0.25764
0.662
0.662
0.662
0.248186
0.435765
0.662
0.190772
0.142697
0.662
0.662
0.313033
0.131046
0.662
0.161272
0.662
0.491761
0.662
0.381808
0.457125
0.662
0.437876
0.662
0.662
0.662
0.662
0.248315
0.194641
0.182579
0.662
0.349715
0.662
0.484748
0.662
0.662
0.426647
0.662
0.313426
0.662
0.662
0.0974897
0.662
0.404439
0.662
0.0309939
0.662
0.311512
0.245989
0.306556
0.662
0.146499
0.0551499
0.326748
0.662
0.129082
0.364073
0.30311
0.348814
0.662
0.662
0.662
0.662
0.662
0.662
0.380607
0.458003
0.662
0.662
0.189373
0.318639
0.662
0.662
0.662
0.662
0.245189
0.199679
0.662
0.148768
0.662
0.104392
0.662
0.381355
0.662
0.662
0.282002
0.662
0.402327
0.662
0.662
0.375591
0.662
0.662
0.410403
0.662
0.305344
0.662
0.662
0.335994
0.349886
0.3279
0.198873
0.662
0.514187
0.219753
0.437819
0.662
0.662
0.321799
0.19308
0.418669
0.230791
0.662
0.151645
0.320182
0.337888
0.662
0.662
0.662
0.0409929
0.129943
0.630433
0.169796
0.662
0.506715
0.662
0.274452
0.662
0.662
0.178106
0.662
0.156791
0.297192
0.651069
0.23615
0.288846
0.662
0.148392
0.662
0.662
0.331477
0.662
0.662
0.662
0.662
0.105038
0.662
0.172505
0.181529
0.662
0.262089
0.662
0.662
0.662
0.0317439
0.29908
0.662
0.075362
0.189829
0.526474
0.662
0.231475
0.423006
0.419732
0.662
0.155321
0.662
0.00961675
0.662
0.273909
0.403407
0.31167
0.662
0.662
0.662
0.0257896
0.662
0.319727
0.662
0.662
0.662
0.662
0.470706
0.662
0.196543
0.152032
0.662
0.662
0.662
0.50801
0.494386
0.371648
0.324043
0.662
0.662
0.326182
0.255198
0.662
0.367723
0.662
0.662
0.662
0.662
0.662
0.662
0.662
0.662
0.662
0.187803
0.662
0.662
0.662
0.662
0.457417
0.264518
0.336318
0.662
0.662
0.00635322
0.629763
0.116381
0.662
0.662
0.443684
0.311706
0.284286
0.662
0.199845
0.662
0.0144809
0.662
0.662
0.662
0.229582
0.145626
0.662
0.662
0.662
0.193732
0.454771
0.228338
0.0570277
0.288178
0.662
0.160113
0.662
0.00306769
0.175295
0.662
0.0708761
0.662
0.473746
0.662
0.662
0.279582
0.194108
0.662
0.662
0.00824829
0.662
0.662
0.247568
0.280795
0.219394
0.561793
0.236945
0.662
0.00465434
0.59641
0.662
0.353504
0.662
0.57402
0.662
0.36183
0.190085
0.377993
0.0664042
0.662
0.662
0.662
0.662
0.132039
0.0600948
0.662
0.662
0.662
0.662
0.611211
0.0144631
0.662
0.270608
0.662
0.662
0.415058
0.0997657
0.113418
0.662
0.0574762
0.242447
0.662
0.662
0.377273
0.662
0.662
0.132807
0.662
0.662
0.0664319
0.662
0.233999
0.145376
0.662
0.662
0.662
0.199726
0.662
0.662
0.277623
0.362104
0.662
0.662
0.662
0.662
0.662
0.60691
0.137171
0.053111
0.346358
0.119785
0.110328
0.320829
0.662
0.29411
0.000525478
0.662
0.662
0.275985
0.662
0.662
0.0866279
0.153457
0.121901
0.662
0.413244
0.662
0.662
0.662
0.105981
0.662
0.662
0.662
0.662
0.662
0.135479
0.493022
0.00192927
0.662
0.662
0.662
0.662
0.373956
0.0675808
0.000608773
0.401712
0.166302
0.662
0.662
0.662
0.378545
0.662
0.662
0.662
0.270776
0.662
0.662
0.662
0.662
0.0858153
0.662
0.461489
0.458806
0.137914
0.662
0.300885
0.0625971
0.662
0.662
0.662
0.662
0.662
0.662
0.497612
0.213151
0.662
0.303351
0.662
0.412043
0.183501
0.223715
0.662
0.00434284
0.662
0.211623
0.662
0.376979
0.651616
0.398708
0.394219
0.191256
0.0264091
0.138926
0.372551
0.163895
0.662
0.401396
0.367339
0.662
0.662
0.662
0.629706
0.443559
0.405445
0.662
0.662
0.34761
0.662
0.0914802
0.360873
0.255454
0.286527
0.63339
0.114121
0.391701
0.0803267
0.662
0.136216
0.6616
0.662
0.544171
0.440648
0.662
0.110317
0.389401
0.662
0.662
0.662
0.662
0.662
0.0116783
0.307679
0.0712934
0.662
0.662
0.662
0.271703
0.662
0.412902
0.662
0.159488
0.236431
0.662
0.467801
0.273543
0.479924
0.406233
0.212243
0.662
0.662
0.266704
0.662
0.662
0.393545
0.662
0.662
0.122285
0.662
0.258905
0.662
0.662
0.662
0.662
0.374103
0.251583
0.479581
0.662
0.471967
0.34347
0.209123
0.662
0.0168661
0.205418
0.38274
0.662
0.662
0.662
0.662
0.662
0.0477534
0.662
0.257138
0.218352
0.0549724
0.0652119
0.662
0.362134
0.375448
0.662
0.662
0.367365
0.662
0.0833331
0.662
0.397642
0.662
0.662
0.0840067
0.662
0.222758
0.200325
0.175869
0.261284
0.36123
0.0962037
0.445709
0.417717
0.662
0.346429
0.492235
0.662
0.201417
0.662
0.230723
0.302365
0.662
0.662
0.114781
0.662
0.421865
0.418125
0.662
0.662
0.662
0.662
0.22685
0.662
0.454523
0.27382
0.662
0.662
0.362501
0.662
0.662
0.662
0.178439
0.662
0.662
0.662
0.108436
0.662
0.662
0.662
0.662
0.662
0.662
0.662
0.452756
0.662
0.248601
0.662
0.338221
0.662
0.662
0.0854725
0.662
0.662
0.662
0.662
0.422425
0.136826
0.662
0.409361
0.662
0.293008
0.662
0.662
0.662
0.0440437
0.662
0.176559
0.218093
0.662
0.224379
0.662
0.418387
0.662
0.662
0.662
0.662
0.361597
0.166402
0.52339
0.662
0.575093
0.662
0.00124529
0.662
0.0841487
0.163172
0.0633966
0.662
0.252363
0.145102
0.662
0.662
0.33068
0.446044
0.376877
0.662
0.434441
0.662
0.662
0.425846
0.594153
0.177502
0.32224
0.398098
0.662
0.662
0.353488
0.304111
0.662
0.240654
0.517297
0.662
0.48764
0.662
0.239207
0.126773
0.18493
0.662
0.433774
0.475036
0.365513
0.662
0.662
0.217769
0.662
0.662
0.0935938
0.662
0.662
0.662
0.0842782
0.261497
0.662
0.662
0.662
0.233848
0.2626
0.662
0.556563
0.662
0.662
0.190978
0.222963
0.31034
0.135967
0.662
0.469118
0.662
0.484389
0.662
0.662
0.119659
0.423499
0.662
0.662
0.662
0.662
0.662
0.662
0.662
0.382258
0.000549998
0.662
0.662
0.662
0.662
0.411211
0.0173264
0.303792
0.662
0.0606532
0.662
0.421747
0.0231918
0.30074
0.18929
0.662
0.662
0.662
0.662
0.662
0.163417
0.662
0.662
0.0864073
0.322851
0.662
0.471271
0.662
0.662
0.662
0.088892
0.662
0.403268
0.662
0.23389
0.428722
0.662
0.662
0.366086
0.349421
0.62184
0.332968
0.662
0.662
0.0282566
0.38648
0.662
0.662
0.662
0.441112
0.472125
0.609745
0.662
0.662
0.662
0.0976778
0.247379
0.662
0.662
0.459093
0.662
0.662
0.0879388
0.662
0.662
0.662
0.148406
0.219061
0.662
0.251354
0.335036
0.662
0.662
0.662
0.662
0.047082
0.299744
0.662
0.662
0.486113
0.442125
0.662
0.662
0.0974501
0.662
0.0855056
0.662
0.201558
0.580503
0.198377
0.662
0.048365
0.633391
0.317146
0.662
0.0298495
0.401434
0.662
0.0118947
0.662
0.662
0.662
0.662
0.262353
0.662
0.247397
0.439292
0.662
0.434387
0.662
0.0946656
0.662
0.662
0.662
0.662
0.662
0.153856
0.662
0.662
0.485769
