0.0531715
0.662
0.397023
0.634846
0.662
0.662
0.662
0.662
0.356744
0.354816
0.662
0.662
0.662
0.0313671
0.662
0.0930823
0.662
0.662
0.662
0.257409
0.662
0.662
0.662
0.0508543
0.662
0.18437
0.188929
0.0643122
0.152774
0.662
0.455356
0.123738
0.0163674
0.0315668
0.0535338
0.467937
0.0624499
0.0385658
0.662
0.662
0.662
0.0228931
0.662
0.662
0.662
0.662
0.662
0.443826
0.0189299
0.662
0.304928
0.0442174
0.662
0.029076
0.55789
0.662
0.662
0.215106
0.662
0.295056
0.389066
0.639392
0.662
0.662
0.63339
0.662
0.561422
0.662
0.662
0.0887671
0.662
0.0282566
0.10814
0.662
0.0178466
0.443256
0.0144809
0.662
0.662
0.662
0.662
0.0464444
0.662
0.662
0.662
0.24365
0.662
0.662
0.662
0.142017
0.662
0.421584
0.662
0.139815
0.662
0.662
0.662
0.662
0.662
0.612901
0.662
0.443828
0.444441
0.662
0.662
0.662
0.40125
0.662
0.0988164
0.662
0.662
0.662
0.662
0.662
0.386904
0.662
0.662
0.45729
0.662
0.212638
0.662
0.198229
0.31677
0.662
0.662
0.204604
0.662
0.662
0.662
0.338959
0.662
0.662
0.342376
0.662
0.25721
0.166344
0.0143933
0.662
0.662
0.240615
0.0235971
0.662
0.209525
0.245581
0.38463
0.662
0.174765
0.496374
0.417635
0.325141
0.378748
0.662
0.662
0.662
0.662
0.662
0.662
0.0339195
0.662
0.386609
0.0330743
0.662
0.10479
0.662
0.662
0.662
0.662
0.662
0.662
0.196776
0.651069
0.417583
0.300468
0.662
0.442264
0.0156856
0.662
0.662
0.662
0.662
0.0195265
0.173771
0.0308616
0.662
0.662
0.662
0.662
0.198873
0.662
0.369622
0.662
0.662
0.662
0.57568
0.662
0.201558
0.662
0.662
0.662
0.030189
0.183648
0.662
0.662
0.662
0.482836
0.239158
0.662
0.249401
0.237483
0.662
0.0339175
0.506658
0.662
0.662
0.109786
0.662
0.0338951
0.662
0.662
0.0906021
0.238773
0.662
0.662
0.662
0.238005
0.204867
0.220758
0.662
0.662
0.662
0.662
0.662
0.529347
0.44268
0.517952
0.0202187
0.662
0.109668
0.0816831
0.662
0.58203
0.662
0.662
0.232077
0.662
0.631982
0.662
0.662
0.662
0.105815
0.075108
0.662
0.662
0.191903
0.337383
0.662
0.662
0.662
0.662
0.318786
0.19209
0.31451
0.00697631
0.295888
0.662
0.354908
0.18685
0.662
0.662
0.47092
0.662
0.0990385
0.303104
0.662
0.662
0.662
0.443787
0.492597
0.10426
0.410713
0.662
0.662
0.662
0.662
0.579801
0.293623
0.662
0.034458
0.662
0.662
0.662
0.482124
0.662
0.662
0.0608145
0.662
0.0231549
0.662
0.662
0.259924
0.662
0.401163
0.409788
0.240465
0.0959158
0.662
0.585746
0.662
0.222623
0.398151
0.662
0.425847
0.368092
0.662
0.662
0.0649795
0.662
0.662
0.185876
0.244283
0.662
0.412244
0.109645
0.362149
0.662
0.0616552
0.318217
0.662
0.545319
0.281484
0.662
0.662
0.662
0.368097
0.662
0.662
0.470038
0.199774
0.156023
0.342185
0.662
0.18316
0.0990586
0.221016
0.402868
0.662
0.464986
0.289103
0.662
0.189285
0.189627
0.013236
0.662
0.662
0.662
0.662
0.662
0.460299
0.662
0.511393
0.662
0.281612
0.388325
0.306055
0.662
0.129141
0.662
0.338918
0.662
0.334254
0.662
0.215274
0.22276
0.662
0.430233
0.662
0.185225
0.662
0.334432
0.662
0.662
0.26744
0.662
0.191384
0.233755
0.662
0.662
0.453509
0.20951
0.358735
0.12197
0.435484
0.537324
0.278807
0.355807
0.30987
0.393579
0.662
0.00180024
0.381497
0.662
0.662
0.662
0.662
0.339747
0.662
0.662
0.662
0.662
0.276108
0.662
0.305006
0.0280568
0.468194
0.662
0.662
0.484924
0.662
0.0112914
0.324958
0.662
0.284174
0.213021
0.662
0.662
0.662
0.60201
0.335991
0.566965
0.662
0.662
0.662
0.662
0.662
0.662
0.662
0.662
0.662
0.662
0.336588
0.0928286
0.456282
0.258538
0.392349
0.662
0.662
0.662
0.333146
0.662
0.662
0.662
0.55475
0.310334
0.662
0.662
0.124525
0.101032
0.662
0.460377
0.662
0.662
0.662
0.662
0.114895
0.0600948
0.662
0.105663
0.255674
0.662
0.409966
0.141569
0.662
0.662
0.161129
0.662
0.3056
0.662
0.662
0.662
0.662
0.276053
0.662
0.321073
0.38297
0.662
0.396736
0.662
0.130798
0.662
0.390224
0.274428
0.367057
0.426727
0.252272
0.0203205
0.0659692
0.662
0.662
0.245635
0.273533
0.250996
0.413995
0.205813
0.662
0.0760108
0.662
0.662
0.45402
0.19971
0.662
0.194559
0.662
0.662
0.662
0.662
0.280632
0.662
0.457125
0.148121
0.662
0.662
0.239684
0.251429
0.662
0.476668
0.102767
0.119475
0.662
0.662
0.202491
0.662
0.662
0.602982
0.477118
0.662
0.18277
0.294645
0.662
0.492375
0.662
0.662
0.662
0.662
0.263281
0.0244912
0.325498
0.330776
0.118035
0.662
0.662
0.400198
0.0623273
0.662
0.134066
0.662
0.073507
0.15628
0.652841
0.662
0.662
0.28847
0.218296
0.662
0.465348
0.269253
0.594067
0.412624
0.662
0.364072
0.662
0.662
0.662
0.019007
0.499342
0.662
0.427889
0.306037
0.662
0.662
0.662
0.0219462
0.662
0.443999
0.460766
0.219768
0.662
0.169403
0.662
0.355691
0.662
0.662
0.662
0.662
0.12505
0.351378
0.313324
0.318115
0.662
0.0348932
0.191101
0.662
0.333974
0.662
0.0879388
0.662
0.662
0.109826
0.662
0.344358
0.662
0.662
0.131399
0.662
0.662
0.662
0.662
0.662
0.383674
0.00020034
0.662
0.351061
0.662
0.469414
0.374883
0.148513
0.150585
0.662
0.662
0.662
0.0610355
0.662
0.662
0.662
0.662
0.39037
0.20682
0.0122977
0.0905601
0.195582
0.3788
0.347356
0.371441
0.662
0.435805
0.184763
0.464213
0.662
0.144507
0.662
0.662
0.662
0.662
0.211568
0.662
0.662
0.662
0.662
0.299535
0.662
0.662
0.505414
0.662
0.291366
0.662
0.426193
0.662
0.230455
0.662
0.0780736
0.125594
0.40446
0.662
0.375425
0.662
0.0206066
0.0713964
0.449455
0.20161
0.0677077
0.662
0.662
0.662
0.0171079
0.203888
0.662
0.41868
0.662
0.662
0.470386
0.662
0.662
0.326491
0.104092
0.662
0.441124
0.274569
0.662
0.662
0.469612
0.431143
0.41912
0.662
0.662
0.0673754
0.662
0.265296
0.662
0.662
0.662
0.662
0.279869
0.662
0.193696
0.662
0.437622
0.134007
0.224789
0.140505
0.662
0.327952
0.662
0.662
0.662
0.662
0.458839
0.662
0.197786
0.316931
0.43373
0.440016
0.360211
0.662
0.343148
0.514891
0.662
0.344252
0.662
0.303495
0.237972
0.662
0.186823
0.662
0.662
0.0584006
0.662
0.662
0.136978
0.149807
0.269074
0.662
0.144937
0.662
0.662
0.0797666
0.401395
0.462097
0.662
0.662
0.25912
0.345554
0.00853873
0.662
0.197
0.662
0.662
0.395976
0.662
0.662
0.185741
0.662
0.120006
0.28739
0.233428
0.662
0.662
0.662
0.18928
0.662
0.26405
0.208857
0.413429
0.662
0.0674731
0.662
0.662
0.396588
0.662
0.662
0.662
0.662
0.0789762
0.662
0.450734
0.460173
0.662
0.0264091
0.174953
0.287123
0.662
0.134593
0.662
0.482226
0.662
0.286472
0.268455
0.431732
0.662
0.662
0.662
0.662
0.265006
0.209185
0.376748
0.352276
0.662
0.662
0.662
0.662
0.314832
0.570072
0.662
0.445709
0.212086
0.650656
0.478672
0.385336
0.22742
0.459629
0.372339
0.534488
0.199996
0.23779
0.662
0.662
0.107606
0.271473
0.370686
0.14651
0.252055
0.250789
0.662
0.662
0.662
0.177911
0.359998
0.245583
0.0536806
0.407628
0.253132
0.662
0.662
0.662
0.662
0.302566
0.662
0.0760341
0.662
0.160621
0.555101
0.596192
0.20426
0.662
0.662
0.662
0.191048
0.662
0.101603
0.221897
0.662
0.127395
0.204632
0.662
0.241768
0.662
0.662
0.662
0.165834
0.662
0.662
0.300702
0.0852401
0.190673
0.350043
0.662
0.404439
0.662
0.0635259
0.108636
0.133897
0.662
0.662
0.662
0.110265
0.662
0.201796
0.662
0.662
0.662
0.431814
0.662
0.226453
0.662
0.0576806
0.662
0.502368
0.662
0.662
0.342927
0.418228
0.662
0.662
0.662
0.135442
0.662
0.662
0.290533
0.662
0.0966004
0.0514775
0.429141
0.215757
0.662
0.662
0.662
0.662
0.662
0.437958
0.662
0.662
0.662
0.223279
0.211275
0.0162544
0.189251
0.662
0.662
0.662
0.443917
0.662
0.662
0.662
0.662
0.278534
0.243832
0.239063
0.450797
0.662
0.376726
0.1472
0.662
0.662
0.0483618
0.662
0.0469539
0.439474
0.662
0.0116897
0.662
0.240015
0.372794
0.662
0.662
0.177381
0.602012
0.662
0.662
0.0999855
0.0142181
0.662
0.662
0.662
0.662
0.662
0.662
0.662
0.556285
0.258519
0.662
0.230935
0.35354
0.184941
0.111911
0.14742
0.465302
0.299979
0.154317
0.443561
0.662
0.245931
0.662
0.223986
0.367749
0.662
0.21396
0.101367
0.662
0.662
0.662
0.662
0.199949
0.150217
0.460381
0.103076
0.353561
0.662
0.445
0.662
0.662
0.121371
0.662
0.662
0.181875
0.0206464
0.662
0.274804
0.438348
0.662
0.280584
0.662
0.662
0.662
0.662
0.662
0.3402
0.662
0.662
0.662
0.662
0.410988
0.484389
0.198221
0.36317
0.662
0.662
0.488733
0.662
0.662
0.313142
0.288263
0.453854
0.662
0.662
0.662
0.662
0.205336
0.0625888
0.389403
0.662
0.662
0.662
0.476406
0.195572
0.398246
0.662
0.36587
0.662
0.662
0.457245
0.662
0.138893
0.662
0.453274
0.662
0.12563
0.662
0.662
0.188418
0.662
0.662
0.662
0.662
0.662
0.36063
0.0442439
0.461148
0.371706
0.662
0.381892
0.403993
0.00952408
0.604248
0.662
0.662
0.169796
0.662
0.662
0.537815
0.314689
0.662
0.662
0.0608607
0.662
0.315825
0.662
0.40899
0.662
0.197475
0.609993
0.163282
0.662
0.662
0.0222917
0.014212
0.662
0.662
0.395991
0.284492
0.662
0.0969896
0.662
0.662
0.271163
0.106246
0.108436
0.662
0.662
0.0903164
0.470273
0.662
0.662
0.102204
0.662
0.228531
0.319018
0.662
0.662
0.320013
0.662
0.19313
0.662
0.662
0.306269
0.662
0.662
0.662
0.662
0.610685
0.662
0.58889
0.662
0.662
0.472874
0.662
0.201411
0.300133
0.662
0.662
0.662
0.662
0.662
0.26087
0.327558
0.662
0.662
0.24247
0.377219
0.662
0.662
0.662
0.27154
0.662
0.662
0.347843
0.662
0.662
0.324216
0.662
0.482101
0.248021
0.295364
0.662
0.662
0.124763
0.0814928
0.662
0.662
0.662
0.662
0.662
0.662
0.662
0.0124195
0.132248
0.382548
0.662
0.11352
0.475097
0.18929
0.305128
0.150973
0.662
0.465699
0.662
0.451536
0.187428
0.442346
0.662
0.662
0.662
0.224486
0.1054
0.662
0.662
0.397269
0.200256
0.662
0.000221706
0.413935
0.264552
0.662
0.145384
0.662
0.263024
0.662
0.390861
0.662
0.368354
0.579529
0.662
0.662
0.467018
0.662
0.376959
0.559465
0.662
0.444159
0.662
0.349298
0.662
0.47092
0.380242
0.241216
0.662
0.154106
0.662
0.662
0.30309
0.255078
0.466044
0.620239
0.662
0.156759
0.35795
0.662
0.471283
0.662
0.330665
0.292285
0.387251
0.662
0.662
0.662
0.662
0.662
0.00318833
0.662
0.0386867
0.662
0.0708761
0.662
0.155321
0.272122
0.662
0.0146075
0.140037
0.156327
0.662
0.559295
0.662
0.168346
0.365433
0.662
0.0663897
0.0166243
0.47152
0.0825257
0.662
0.405559
0.662
0.662
0.662
0.662
0.662
0.442881
0.19453
0.662
0.662
0.0137799
0.556923
0.662
0.0422933
0.0773807
0.662
0.662
0.00404788
0.662
0.201444
0.662
0.0307342
0.662
0.516197
0.00191984
0.662
0.473777
0.385556
0.45857
0.433421
0.662
0.662
0.662
0.662
0.15963
0.226117
0.1091
0.662
0.129943
0.662
0.662
0.0482976
0.153491
0.346298
0.17761
0.662
0.435831
0.662
0.403062
0.244739
0.260375
0.662
0.390174
0.454771
0.662
0.466718
0.282616
0.662
0.467529
0.662
0.135536
0.662
0.175603
0.452037
0.473918
0.662
0.662
0.662
0.662
0.317002
0.662
0.184918
0.662
0.662
0.482083
0.0313999
0.455548
0.662
0.662
0.662
0.662
0.109404
0.0190834
0.662
0.662
0.662
0.277467
0.419379
0.153457
0.662
0.310081
0.349421
0.331543
0.662
0.662
0.427888
0.187803
0.662
0.589738
0.139771
0.335498
0.662
0.662
0.294527
0.0770215
0.662
0.520257
0.662
0.662
0.532267
0.404238
0.22621
0.268973
0.662
0.251354
0.0376247
0.662
0.662
0.662
0.662
0.662
0.662
0.662
0.134428
0.662
0.0698733
0.662
0.662
0.23511
0.662
0.662
0.662
0.662
0.662
0.2963
0.662
0.477642
0.662
0.662
0.451463
0.61938
0.0293287
0.342924
0.33991
0.662
0.662
0.171498
0.662
0.237221
0.662
0.662
0.662
0.444242
0.662
0.148629
0.0589818
0.662
0.662
0.189102
0.0746503
0.196051
0.594696
