0.0755297
0.662
0.207397
0.582822
0.0244554
0.662
0.214138
0.195411
0.0768186
0.350222
0.0942786
0.662
0.662
0.662
0.662
0.406364
0.662
0.337169
0.029637
0.35534
0.662
0.662
0.662
0.662
0.662
0.218841
0.22681
0.151669
0.662
0.662
0.662
0.662
0.662
0.443496
0.300842
0.162795
0.662
0.0462161
0.433173
0.260326
0.662
0.201855
0.214456
0.662
0.144866
0.662
0.662
0.445288
0.662
0.662
0.234056
0.662
0.101816
0.662
0.662
0.337537
0.662
0.215968
0.662
0.307165
0.662
0.341657
0.662
0.394357
0.662
0.343071
0.662
0.63339
0.386562
0.442272
0.0958473
0.0771022
0.421224
0.473659
0.215178
0.662
0.482508
0.662
0.190019
0.151652
0.116525
0.0168904
0.208468
0.273515
0.436986
0.662
0.662
0.0314197
0.662
0.662
0.662
0.394073
0.0846906
0.43456
0.662
0.662
0.662
0.228782
0.662
0.662
0.163278
0.0645357
0.662
0.662
0.662
0.662
0.00490357
0.662
0.662
0.237815
0.662
0.243574
0.610558
0.662
0.662
0.662
0.662
0.662
0.662
0.662
0.662
0.138193
0.662
0.662
0.662
0.662
0.0847773
0.662
0.662
0.443422
0.662
0.0845291
0.662
0.662
0.662
0.467585
0.0443356
0.647355
0.662
0.13867
0.662
0.662
0.662
0.296611
0.662
0.662
0.662
0.662
0.662
0.393376
0.259906
0.405944
0.662
0.662
0.662
0.662
0.662
0.662
0.662
0.467957
0.234973
0.662
0.269836
0.0959178
0.149283
0.662
0.374801
0.0655616
0.662
0.662
0.144601
0.662
0.662
0.662
0.404058
0.316713
0.149018
0.272463
0.662
0.662
0.23984
0.151354
0.0604653
0.662
0.662
0.291129
0.132512
0.534792
0.662
0.662
0.662
0.662
0.662
0.662
0.662
0.662
0.451973
0.662
0.662
0.370402
0.0245817
0.375775
0.291959
0.554814
0.662
0.415591
0.662
0.0848395
0.445431
0.404327
0.328253
0.0206073
0.0469113
0.662
0.0604481
0.284632
0.662
0.662
0.0760102
0.15211
0.28637
0.308152
0.283622
0.662
0.295162
0.41074
0.364495
0.662
0.662
0.446625
0.054882
0.0840893
0.662
0.662
0.215507
0.0489933
0.0631498
0.662
0.662
0.662
0.662
0.662
0.662
0.662
0.662
0.662
0.662
0.214721
0.328171
0.376233
0.662
0.180745
0.662
0.367733
0.279045
0.662
0.260874
0.220837
0.662
0.376895
0.293317
0.662
0.370434
0.0960542
0.662
0.662
0.662
0.662
0.0963037
0.274596
0.662
0.31867
0.0201333
0.662
0.662
0.0451711
0.662
0.662
0.662
0.662
0.662
0.662
0.196296
0.406385
0.662
0.662
0.662
0.662
0.662
0.556274
0.662
0.662
0.662
0.662
0.167959
0.662
0.662
0.662
0.352701
0.662
0.0701541
0.122353
0.255909
0.19443
0.404875
0.662
0.662
0.299113
0.376223
0.662
0.574391
0.370943
0.662
0.662
0.662
0.662
0.662
0.662
0.0861069
0.246663
0.662
0.662
0.211792
0.662
0.662
0.0649493
0.662
0.662
0.372451
0.662
0.662
0.662
0.195926
0.104751
0.662
0.154675
0.662
0.37105
0.662
0.452948
0.662
0.662
0.411648
0.662
0.662
0.252564
0.662
0.141453
0.377652
0.366049
0.276186
0.662
0.319051
0.441073
0.662
0.365932
0.662
0.662
0.662
0.662
0.22499
0.662
0.662
0.662
0.191624
0.662
0.456948
0.522709
0.163521
0.0946078
0.662
0.662
0.662
0.662
0.662
0.450656
0.131654
0.26575
0.662
0.303007
0.662
0.267476
0.662
0.232444
0.662
0.662
0.662
0.185905
0.250777
0.662
0.662
0.269565
0.662
0.358423
0.662
0.662
0.130573
0.662
0.330465
0.0650424
0.662
0.662
0.662
0.662
0.662
0.662
0.111264
0.662
0.662
0.662
0.353366
0.662
0.662
0.662
0.241138
0.367011
0.442315
0.624024
0.293211
0.414026
0.412936
0.662
0.662
0.662
0.291291
0.662
0.278734
0.333614
0.334435
0.288306
0.266319
0.425612
0.27555
0.662
0.159552
0.662
0.662
0.662
0.565705
0.286112
0.311047
0.662
0.106623
0.662
0.418284
0.281603
0.662
0.662
0.386736
0.662
0.348734
0.0787726
0.662
0.135204
0.126398
0.380291
0.662
0.662
0.662
0.0891412
0.437437
0.185988
0.0460936
0.662
0.662
0.298086
0.662
0.369397
0.662
0.482779
0.153364
0.662
0.662
0.662
0.662
0.233473
0.414844
0.662
0.662
0.662
0.662
0.414934
0.392406
0.469462
0.458112
0.662
0.662
0.261049
0.662
0.662
0.662
0.662
0.465115
0.227384
0.119032
0.662
0.662
0.0503513
0.662
0.31704
0.651387
0.214461
0.662
0.662
0.0530619
0.662
0.662
0.662
0.348678
0.466621
0.465479
0.662
0.662
0.662
0.0401286
0.662
0.401136
0.351347
0.288298
0.0379418
0.662
0.662
0.662
0.16807
0.319398
0.662
0.312466
0.128127
0.662
0.389119
0.662
0.23681
0.662
0.206874
0.151403
0.662
0.21255
0.662
0.662
0.276949
0.662
0.3849
0.662
0.662
0.662
0.662
0.662
0.662
0.333145
0.324907
0.662
0.662
0.212576
0.310183
0.224288
0.662
0.662
0.437097
0.462779
0.662
0.371586
0.272073
0.473834
0.14967
0.491094
0.662
0.409922
0.359796
0.279293
0.662
0.662
0.662
0.662
0.662
0.662
0.184516
0.662
0.662
0.662
0.662
0.408757
0.662
0.662
0.662
0.662
0.662
0.662
0.662
0.662
0.662
0.226972
0.455834
0.455791
0.662
0.662
0.662
0.185874
0.662
0.448464
0.662
0.13547
0.390337
0.662
0.662
0.346262
0.255643
0.499453
0.662
0.662
0.23953
0.662
0.662
0.278228
0.662
0.393558
0.368027
0.662
0.255889
0.662
0.291294
0.662
0.130442
0.662
0.507697
0.662
0.662
0.662
0.662
0.662
0.142278
0.390732
0.662
0.424564
0.662
0.662
0.662
0.459225
0.38383
0.662
0.633391
0.662
0.539293
0.662
0.147273
0.420847
0.162065
0.203143
0.662
0.662
0.662
0.662
0.346618
0.662
0.662
0.648756
0.662
0.248793
0.15173
0.248244
0.467026
