0.280236
0.236855
0.23946
0.14218
0.271315
0.0942741
0.104871
0.157752
0.220952
0.662
0.662
0.0804839
0.280518
0.662
0.430133
0.122428
0.161727
0.161613
0.317152
0.662
0.239074
0.662
0.271263
0.662
0.486878
0.314119
0.275859
0.232356
0.662
0.662
0.662
0.662
0.296312
0.272713
0.662
0.662
0.662
0.19102
0.662
0.662
0.662
0.34871
0.12671
0.202389
0.232605
0.662
0.662
0.662
0.662
0.662
0.520993
0.259728
0.217203
0.662
0.0337761
0.662
0.662
0.202831
0.662
0.2062
0.662
0.662
0.21472
0.35492
0.662
0.2146
0.313658
0.385822
0.205736
0.114882
0.31269
0.0245053
0.662
0.662
0.662
0.662
0.150614
0.287523
0.0699101
0.349084
0.294872
0.375863
0.662
0.263433
0.662
0.662
0.662
0.662
0.197007
0.0761945
0.662
0.662
0.662
0.662
0.430016
0.271181
0.370461
0.47018
0.662
0.364573
0.26216
0.662
0.465158
0.662
0.467373
0.662
0.662
0.320501
0.662
0.0697441
0.194415
0.662
0.662
0.377467
0.193037
0.26795
0.187093
0.197002
0.662
0.662
0.489649
0.662
0.662
0.662
0.662
0.356434
0.249424
0.662
0.662
0.662
0.662
0.298647
0.662
0.662
0.662
0.341292
0.662
0.662
0.662
0.662
0.662
0.662
0.662
0.662
0.368371
0.662
0.376171
0.277086
0.432653
0.662
0.662
0.1415
0.662
0.662
0.662
0.662
0.662
0.131922
0.662
0.662
0.662
0.173334
0.293121
0.662
0.0738716
0.151952
0.662
0.482119
0.662
0.434587
0.662
0.294
0.438878
0.0728397
0.662
0.334284
0.662
0.662
0.183064
0.130914
0.300614
0.662
0.170319
0.662
0.662
0.662
0.338893
0.662
0.662
0.404711
0.662
0.662
0.662
0.662
0.43345
0.115823
0.662
0.00797526
0.662
0.038419
0.422651
0.439162
0.151734
0.662
0.0933912
0.460363
0.446547
0.176993
0.0147216
0.662
0.662
0.662
0.068996
0.662
0.662
0.345099
0.132448
0.30636
0.662
0.647419
0.350986
0.662
0.662
0.368042
0.662
0.278737
0.662
0.0660964
0.365559
0.0883843
0.0153772
0.427004
0.331523
0.662
0.662
0.662
0.662
0.662
0.573647
0.662
0.30577
0.0983714
0.662
0.366432
0.662
0.435272
0.662
0.662
0.662
0.662
0.662
0.662
0.294956
0.662
0.662
0.662
0.502295
0.662
0.662
0.662
0.662
0.235608
0.269705
0.0587295
0.324115
0.662
0.0952016
0.662
0.200561
0.662
0.122368
0.662
0.662
0.0130342
0.187927
0.162786
0.33231
0.425322
0.662
0.0359143
0.170425
0.399835
0.396421
0.129114
0.655351
0.662
0.404845
0.662
0.662
0.354346
0.457261
0.153317
0.125881
0.662
0.662
0.662
0.662
0.640868
0.662
0.662
0.662
0.662
0.662
0.662
0.662
0.662
0.0980453
0.0982927
0.662
0.662
0.662
0.662
0.157601
0.446257
0.662
0.662
0.255455
0.662
0.342713
0.261545
0.662
0.662
0.662
0.13911
0.367981
0.662
0.662
0.662
0.321439
0.42707
0.662
0.662
0.472242
0.662
0.421593
0.183309
0.662
0.0977673
0.662
0.63339
0.662
0.662
0.390712
0.662
0.154946
0.662
0.172025
0.265519
0.662
0.322165
0.662
0.662
0.329291
0.285481
0.662
0.662
0.45044
0.208727
0.333658
0.662
0.368966
0.321313
0.566815
0.455886
0.0303813
0.222287
0.662
0.377771
0.662
0.662
0.404074
0.249761
0.662
0.0577966
0.409939
0.662
0.662
0.662
0.662
0.575861
0.566122
0.662
0.326347
0.353462
0.206821
0.662
0.662
0.662
0.662
0.662
0.361712
0.481915
0.662
0.200529
0.453368
0.662
0.158655
0.12819
0.662
0.662
0.347149
0.502926
0.150386
0.222149
0.398324
0.662
0.368413
0.662
0.662
0.0920771
0.332048
0.662
0.205306
0.449267
0.65796
0.550499
0.0849164
0.662
0.56063
0.662
0.180621
0.662
0.332843
0.662
0.662
0.662
0.662
0.23099
0.314492
0.60586
0.662
0.104245
0.298
0.168225
0.662
0.662
0.662
0.192735
0.662
0.662
0.407916
0.662
0.415497
0.40233
0.053771
0.662
0.662
0.662
0.191045
0.662
0.424671
0.350284
0.662
0.662
0.413143
0.286826
0.662
0.662
0.662
0.662
0.662
0.662
0.197326
0.0153994
0.662
0.437836
0.662
0.428106
0.662
0.221611
0.662
0.342626
0.662
0.136269
0.226408
0.0255954
0.662
0.662
0.211135
0.602846
0.107684
0.662
0.662
0.662
0.0267418
0.662
0.441361
0.662
0.662
0.662
0.122701
0.662
0.131107
0.394972
0.662
0.662
0.0151336
0.0340324
0.075306
0.379743
0.109189
0.662
0.662
0.217447
0.662
0.236749
0.662
0.207784
0.662
0.662
0.662
0.444129
0.662
0.662
0.662
0.0849956
0.662
0.218159
0.662
0.662
0.439571
0.662
0.662
0.662
0.662
0.662
0.376775
0.662
0.662
0.662
0.662
0.662
0.400284
0.373961
0.662
0.662
0.662
0.662
0.279802
0.662
0.153051
0.0210458
0.662
0.0057334
0.662
0.662
0.662
0.462695
0.662
0.58198
0.41514
0.662
0.662
0.662
0.662
0.353466
0.283901
0.373454
0.0157528
0.662
0.662
0.662
0.662
0.662
0.662
0.662
0.0670892
0.662
0.662
0.662
0.662
0.662
0.357479
0.662
0.662
0.381059
0.662
0.662
0.226585
0.662
0.662
0.662
0.662
0.662
0.258837
0.0715628
0.39253
0.442309
0.280732
0.313983
0.235024
0.442577
0.0496216
0.662
0.627474
0.445502
0.662
0.403345
0.359506
0.0250655
0.477176
0.662
0.662
0.662
0.662
0.662
0.382485
0.194758
0.662
0.441748
0.662
0.153513
0.298109
0.39692
0.355648
0.662
0.637538
0.0554187
0.662
0.662
0.379941
0.662
0.219003
0.0442862
0.0537317
0.662
0.403998
0.378163
0.662
0.439267
0.459838
0.662
0.463181
0.344513
0.223168
0.310026
0.662
0.662
0.662
0.662
0.208167
0.662
0.662
0.662
0.361773
0.662
0.100775
0.248542
0.662
0.662
0.505438
0.662
0.137066
0.662
0.39678
0.100555
