0.662
0.662
0.175216
0.196175
0.662
0.24474
0.662
0.474558
0.313573
0.299603
0.153211
0.662
0.662
0.662
0.640461
0.41324
0.439288
0.662
0.662
0.423256
0.662
0.393551
0.077811
0.288443
0.662
0.369696
0.561295
0.662
0.662
0.662
0.662
0.291766
0.662
0.473334
0.662
0.427375
0.662
0.662
0.662
0.662
0.437835
0.662
0.662
0.662
0.0933414
0.662
0.404869
0.326019
0.662
0.662
0.305272
0.662
0.27915
0.662
0.116077
0.662
0.105692
0.662
0.292606
0.662
0.34799
0.231414
0.662
0.662
0.662
0.662
0.662
0.469979
0.662
0.238395
0.450431
0.0992228
0.662
0.662
0.662
0.138288
0.466297
0.00525755
0.662
0.0421194
0.420312
0.662
0.662
0.427512
0.662
0.662
0.185332
0.662
0.662
0.662
0.662
0.4395
0.662
0.170666
0.0108226
0.242909
0.0155062
0.328742
0.399132
0.136404
0.662
0.186009
0.434337
0.662
0.662
0.252003
0.662
0.490057
0.123321
0.662
0.493037
0.249393
0.412036
0.662
0.662
0.662
0.214456
0.311557
0.662
0.366556
0.662
0.347802
0.423484
0.178749
0.455705
0.662
0.299101
0.662
0.580117
0.662
0.662
0.44628
0.662
0.0554598
0.465923
0.358442
0.456936
0.662
0.105518
0.0404416
0.0537226
0.662
0.126773
0.662
0.662
0.559583
0.0299731
0.320563
0.0806237
0.175122
0.662
0.662
0.662
0.662
0.203133
0.662
0.662
0.209642
0.662
0.662
0.662
0.413854
0.546291
0.441898
0.662
0.447178
0.662
0.443798
0.0322486
0.520993
0.662
0.662
0.338926
0.392802
0.17018
0.097599
0.662
0.662
0.15186
0.662
0.250403
0.662
0.23204
0.15606
0.370508
0.662
0.151576
0.662
0.662
0.662
0.487962
0.582086
0.59042
0.662
0.289277
0.662
0.662
0.662
0.343078
0.0904434
0.353748
0.662
0.38033
0.662
0.662
0.254682
0.0319479
0.468364
0.223072
0.407839
0.662
0.662
0.117783
0.662
0.662
0.662
0.662
0.0230485
0.210232
0.0750181
0.101164
0.183973
0.196463
0.256853
0.662
0.417054
0.314839
0.662
0.662
0.662
0.662
0.662
0.662
0.422206
0.662
0.662
0.0480732
0.662
0.208205
0.163983
0.226138
0.662
0.0599836
0.458426
0.24722
0.0589443
0.662
0.662
0.662
0.662
0.662
0.662
0.662
0.662
0.662
0.662
0.295167
0.662
0.662
0.662
0.662
0.662
0.117455
0.662
0.662
0.256126
0.473418
0.662
0.295254
0.662
0.662
0.0519058
0.662
0.0891744
0.126365
0.371529
0.225131
0.0373112
0.24505
0.662
0.662
0.662
0.662
0.117225
0.662
0.405948
0.662
0.221671
0.334563
0.400339
0.662
0.662
0.662
0.263386
0.270205
0.0979572
0.662
0.34193
0.662
0.234226
0.662
0.662
0.000283025
0.359077
0.662
0.240217
0.221788
0.662
0.459789
0.662
0.272911
0.189618
0.356691
0.662
0.0781932
0.189587
0.662
0.662
0.662
0.393205
0.19707
0.662
0.307995
0.662
0.442666
0.662
0.116884
0.469953
0.662
0.373821
0.662
0.662
0.374453
0.662
0.352749
0.662
0.662
0.662
0.391751
0.219657
0.158804
0.662
0.662
0.662
0.214981
0.277045
0.662
0.316315
0.442755
0.662
0.249516
0.662
0.662
0.662
0.662
0.662
0.662
0.436303
0.662
0.418198
0.662
0.662
0.662
0.0394185
0.346733
0.183228
0.662
0.662
0.662
0.662
0.0235925
0.120078
0.662
0.416583
0.260175
0.209206
0.662
0.662
0.509048
0.0764481
0.471203
0.052383
0.487871
0.662
0.662
0.662
0.239338
0.200367
0.0200265
0.191324
0.662
0.662
0.662
0.662
0.402045
0.662
0.225748
0.253846
0.471994
0.258714
0.662
0.662
0.662
0.147649
0.488636
0.115308
0.177448
0.0940862
0.662
0.0648746
0.253353
0.662
0.662
0.289985
0.662
0.662
0.662
0.662
0.445772
0.662
0.662
0.662
0.662
0.662
0.662
0.186789
0.113437
0.662
0.385639
0.662
0.0824997
0.208612
0.0653879
0.662
0.408967
0.296222
0.662
0.168591
0.368406
0.376027
0.46042
0.128656
0.050845
0.662
0.0604822
0.662
0.134919
0.662
0.662
0.0203257
0.234174
0.662
0.178531
0.0958361
0.0455404
0.662
0.662
0.662
0.662
0.0238138
0.662
0.0871437
0.662
0.662
0.152073
0.171821
0.128917
0.662
0.36992
0.662
0.662
0.0310597
0.146848
0.662
0.662
0.662
0.533836
0.018707
0.515402
0.338127
0.662
0.662
0.662
0.467655
0.451629
0.662
0.662
0.11654
0.333283
0.417453
0.662
0.263885
0.662
0.662
0.662
0.662
0.394293
0.662
0.243448
0.662
0.472719
0.269683
0.662
0.283524
0.395419
0.662
0.662
0.662
0.463372
0.448721
0.489107
0.662
0.217728
0.662
0.111752
