0.662
0.662
0.662
0.150392
0.662
0.662
0.662
0.299232
0.125354
0.662
0.469127
0.662
0.662
0.0242552
0.225562
0.662
0.402539
0.192161
0.317558
0.000684317
0.662
0.315687
0.409106
0.662
0.662
0.662
0.0182476
0.662
0.662
0.226302
0.322778
0.662
0.662
0.43419
0.150292
0.662
0.662
0.662
0.662
0.421365
0.662
0.662
0.0225385
0.621918
0.662
0.389787
0.662
0.633391
0.662
0.560286
0.0111191
0.662
0.662
0.662
0.273097
0.662
0.440494
0.662
0.662
0.662
0.398838
0.662
0.431239
0.662
0.175273
0.662
0.662
0.662
0.662
0.289948
0.662
0.241867
0.662
0.662
0.662
0.112994
0.662
0.662
0.364995
0.445491
0.389277
0.0934201
0.349981
0.317981
0.662
0.36287
0.662
0.449935
0.509161
0.258527
0.662
0.0701044
0.0155688
0.238542
0.662
0.662
0.662
0.325804
0.554048
0.446217
0.0800832
0.662
0.336749
0.662
0.662
0.662
0.662
0.662
0.662
0.662
0.1906
0.662
0.662
0.4594
0.640381
0.662
0.662
0.233961
0.662
0.662
0.662
0.309116
0.146174
0.662
0.306713
0.35696
0.662
0.662
0.200057
0.662
0.424818
0.662
0.0592287
0.188081
0.662
0.375217
0.662
0.02291
0.304453
0.416871
0.662
0.662
0.38688
0.662
0.199697
0.141445
0.325451
0.662
0.109572
0.662
0.254554
0.662
0.662
0.201656
0.207182
0.0460264
0.178113
0.0313546
0.0608757
0.662
0.662
0.0413173
0.662
0.261064
0.662
0.307644
0.0817567
0.662
0.278234
0.0763894
0.662
0.417903
0.341213
0.662
0.297203
0.662
0.662
0.662
0.662
0.202346
0.662
0.219381
0.662
0.31916
0.662
0.662
0.126488
0.117337
0.283506
0.503499
0.662
0.285394
0.662
0.127116
0.662
0.194519
0.662
0.375162
0.662
0.662
0.662
0.662
0.240961
0.15952
0.662
0.662
0.198189
0.662
0.662
0.662
0.662
0.390983
0.0800343
0.230073
0.0997687
0.662
0.587984
0.662
0.313099
0.261776
0.662
0.375787
0.294378
0.199726
0.662
0.662
0.662
0.662
0.662
0.282262
0.577766
0.181466
0.458205
0.662
0.431409
0.23871
0.342135
0.662
0.662
0.662
0.592571
0.301182
0.178905
0.0547362
0.662
0.662
0.662
0.0156536
0.252164
0.025398
0.662
0.205585
0.662
0.0292545
0.456224
0.10439
0.118518
0.662
0.371325
0.118194
0.662
0.475582
0.516166
0.383783
0.662
0.662
0.662
0.4305
0.0509072
0.165027
0.662
0.662
0.57779
0.662
0.662
0.662
0.466456
0.0357178
0.662
0.40782
0.662
0.162114
0.128359
0.652254
0.662
0.269009
0.427365
0.364558
0.434642
0.205561
0.354225
0.662
0.568031
0.0496236
0.662
0.220393
0.662
0.470306
0.22766
0.662
0.312427
0.662
0.0169614
0.662
0.662
0.662
0.457557
0.662
0.662
0.233547
0.450007
0.401487
0.662
0.662
0.662
0.362372
0.454808
0.418554
0.662
0.160184
0.238479
0.662
0.662
0.466785
0.662
0.662
0.662
0.662
0.662
0.342097
0.451375
0.662
0.00933951
0.662
0.662
0.662
0.39497
0.662
0.662
0.0452293
0.662
0.132071
0.312371
0.662
0.0328357
0.222153
0.662
0.162779
0.291243
0.662
0.0622373
0.662
0.662
0.662
0.662
0.344554
0.662
0.0681316
0.026217
0.662
0.662
0.468613
0.662
0.237849
0.662
0.027823
0.0331184
0.662
0.200299
0.662
0.662
0.662
0.662
0.662
0.0144217
0.662
0.662
0.196285
0.45043
0.222581
0.662
0.0781934
0.662
0.116424
0.662
0.662
0.210106
0.662
0.519408
0.662
0.662
