0.662
0.662
0.132071
0.662
0.662
0.0622373
0.413954
0.0188538
0.0871369
0.150392
0.325451
0.662
0.662
0.662
0.0182476
0.354225
0.662
0.662
0.662
0.662
0.509161
0.312234
0.126488
0.233547
0.0763894
0.416871
0.270258
0.662
0.207182
0.445491
0.662
0.469127
0.662
0.662
0.662
0.662
0.0357178
0.112994
0.662
0.662
0.662
0.662
0.662
0.344554
0.307644
0.662
0.424818
0.02291
0.0681316
0.662
0.0313546
0.662
0.662
0.662
0.662
0.224113
0.389661
0.662
0.409106
0.662
0.43419
0.662
0.662
0.0860987
0.178113
0.0169614
0.0879743
0.309116
0.371325
0.662
0.4594
0.116424
0.233045
0.662
0.316779
0.237849
0.380029
0.662
0.662
0.446217
0.662
0.662
0.463694
0.312548
0.00933951
0.662
0.662
0.662
0.662
0.662
0.662
0.662
0.662
0.662
0.662
0.393751
0.662
0.662
0.662
0.0496236
0.662
0.662
0.34334
0.299232
0.662
0.662
0.662
0.662
0.375162
0.456224
0.662
0.662
0.662
0.662
0.662
0.154186
0.0701044
0.662
0.15952
0.662
0.662
0.0331184
0.662
0.662
0.587984
0.0934201
0.289948
0.662
0.662
0.662
0.181466
0.662
0.162779
0.592571
0.0242552
0.26165
0.349981
0.662
0.662
0.662
0.662
0.341213
0.662
0.387281
0.158645
0.662
0.312427
0.662
0.662
0.0155688
0.45043
0.662
0.662
0.662
0.662
0.662
0.662
0.200057
0.109572
0.431409
0.662
0.662
0.62995
0.21198
0.1906
0.317558
0.662
0.22766
0.662
0.0225385
0.662
0.662
0.662
0.466456
0.301182
0.662
0.662
0.383783
0.445826
0.4305
0.662
0.662
0.662
0.662
0.025398
0.662
0.662
0.662
0.0800343
0.662
0.662
0.470306
0.519408
0.662
0.662
0.188599
0.662
0.457557
0.662
0.662
0.418554
0.662
0.366114
0.662
0.662
0.125354
0.662
0.0547362
0.662
0.468613
0.662
0.662
0.160184
0.486284
0.662
0.662
0.252164
0.640381
0.225562
0.141445
0.662
0.331572
0.357889
0.0111191
0.336749
0.662
0.662
0.662
0.23871
0.417903
0.662
0.662
0.0592287
0.315687
0.662
0.440494
0.662
0.662
0.662
0.287527
0.246607
0.0413173
0.279317
0.409761
0.662
0.18365
0.662
0.662
0.241867
0.662
0.364558
0.662
0.662
0.662
0.662
0.454808
0.662
0.662
0.662
0.503499
0.117337
0.466785
0.240961
0.169829
0.662
0.662
0.662
0.662
0.40669
0.63339
0.0452293
0.662
0.254554
0.662
0.027823
0.454489
0.662
0.662
0.31916
0.621918
0.662
0.662
0.662
0.0671477
0.207372
0.468021
0.662
0.238542
0.00368485
0.304453
0.662
0.662
0.0837032
0.662
0.35696
0.662
0.054438
0.0214088
0.0817567
0.0723673
0.662
0.662
0.662
0.662
0.662
0.127116
0.468874
0.291243
0.10439
0.568031
0.662
0.627075
0.175273
0.662
0.662
0.662
0.39497
0.662
0.273074
0.150292
0.401607
0.437928
0.662
0.577766
0.201656
0.219381
0.662
0.449935
0.314778
0.662
0.662
0.475582
0.342097
0.662
0.662
0.662
0.364995
0.662
0.431239
0.202346
0.354423
0.662
0.554048
0.662
0.128359
0.662
0.196285
0.0156536
0.662
0.458205
0.0958109
0.662
0.200299
0.662
0.662
0.662
0.662
0.375787
0.662
0.662
0.450007
0.662
0.178905
0.0352573
0.662
0.273097
0.662
0.662
0.662
0.662
0.421365
0.662
0.662
0.317981
0.258527
0.662
0.662
0.662
0.662
0.269009
0.375217
0.238479
0.401487
0.205585
0.662
0.662
0.662
0.662
0.282262
0.652254
0.434642
0.662
0.43611
0.662
0.662
0.662
0.222581
0.471243
0.0781934
0.662
0.0105091
