0.00409614
0.487307
0.340716
0.443098
0.248569
0.24505
0.662
0.662
0.474558
0.662
0.662
0.292505
0.329733
0.662
0.234226
0.662
0.0599836
0.662
0.662
0.662
0.662
0.143778
0.662
0.219657
0.662
0.662
0.458426
0.662
0.662
0.313614
0.523155
0.662
0.190131
0.443578
0.662
0.662
0.662
0.662
0.272084
0.662
0.0814661
0.662
0.662
0.662
0.662
0.267782
0.634492
0.153211
0.662
0.662
0.662
0.662
0.662
0.662
0.662
0.662
0.446141
0.662
0.443798
0.185332
0.662
0.662
0.662
0.662
0.662
0.0854337
0.335445
0.662
0.393293
0.526761
0.662
0.662
0.662
0.331962
0.393802
0.662
0.456936
0.189187
0.282227
0.662
0.662
0.662
0.307359
0.662
0.193569
0.662
0.662
0.662
0.662
0.662
0.662
0.520243
0.662
0.458699
0.417453
0.0640281
0.447783
0.662
0.399132
0.137276
0.662
0.16195
0.662
0.500831
0.662
0.662
0.175848
0.662
0.278142
0.484783
0.379889
0.352749
0.662
0.474301
0.662
0.662
0.239286
0.0992228
0.662
0.0810179
0.219808
0.0942372
0.662
0.241689
0.662
0.662
0.186789
0.662
0.186781
0.662
0.662
0.662
0.662
0.559583
0.662
0.662
0.358442
0.463372
0.191324
0.662
0.662
0.516019
0.104473
0.250066
0.662
0.247347
0.311435
0.472719
0.662
0.457665
0.608
0.234174
0.151224
0.662
0.304676
0.19159
0.22647
0.662
0.662
0.662
0.279135
0.662
0.242338
0.383368
0.0230485
0.662
0.258613
0.460081
0.0698485
0.662
0.662
0.662
0.0736777
0.580117
0.436303
0.662
0.469953
0.437626
0.125487
0.662
0.164466
0.284942
0.434337
0.662
0.296153
0.135411
0.244274
0.327071
0.662
0.36786
0.662
0.662
0.429975
0.662
0.662
0.487962
0.662
0.662
0.662
0.662
0.0823766
0.233684
0.662
0.60313
0.662
0.289277
0.662
0.662
0.662
0.662
0.17048
0.662
0.662
0.541158
0.662
0.662
0.408791
0.662
0.662
0.0403529
0.662
0.423484
0.202104
0.662
0.312532
0.662
0.250403
0.662
0.367785
0.662
0.662
0.11654
0.259687
0.303251
0.662
0.210232
0.662
0.662
0.662
0.0108226
0.242909
0.315529
0.662
0.647119
0.119725
0.454669
0.662
0.321008
0.164336
0.314839
0.662
0.662
0.0104661
0.662
0.662
0.662
0.0278765
0.662
0.107272
0.177131
0.662
0.662
0.662
0.332417
0.662
0.0190847
0.455705
0.348002
0.662
0.193301
0.662
0.418198
0.105518
0.092722
0.662
0.662
0.279954
0.662
0.344542
0.662
0.662
0.662
0.662
0.662
0.311064
0.645564
0.662
0.662
0.662
0.0394185
0.662
0.484553
0.662
0.311557
0.107126
0.662
0.662
0.421783
0.124345
0.662
0.662
0.0281173
0.662
0.00918905
0.163983
0.407839
0.662
0.0153648
0.662
0.662
0.443297
0.0871868
0.662
0.662
0.662
0.156469
0.662
0.0537226
0.662
0.289985
0.662
0.260784
0.139172
0.662
0.0378514
0.373662
0.374453
0.384164
0.662
0.212623
0.210487
0.662
0.395419
0.112306
0.662
0.370426
0.253038
0.0604822
0.0540209
0.662
0.662
0.662
0.662
0.662
0.0973302
0.662
0.249883
0.662
0.662
0.411103
0.110358
0.492212
0.662
0.464676
0.343319
0.347282
0.0675821
0.263386
0.561964
0.662
0.662
0.662
0.662
0.662
0.196911
0.451724
0.0903987
0.0322486
0.662
0.662
0.442505
0.662
0.662
0.662
0.356691
0.319124
0.419726
0.332893
0.621968
0.662
0.231414
0.662
0.662
0.105692
0.113437
0.138018
0.662
0.662
0.423937
0.052383
0.662
0.269683
0.662
0.196175
0.662
0.662
0.662
0.662
0.662
0.41324
0.662
0.439453
0.662
0.662
0.378718
0.473569
0.331218
0.376027
0.662
0.662
0.00525755
0.662
0.662
0.058671
0.123099
0.662
0.662
0.237467
0.662
0.451629
0.662
0.662
0.108333
0.662
0.662
0.662
0.416583
0.197602
0.662
0.662
0.662
0.662
0.662
0.662
0.662
0.3618
0.662
0.225592
0.662
0.344405
0.237929
0.662
0.662
0.287174
0.0904197
0.317924
0.480498
0.111752
0.0971163
0.195192
0.662
0.662
0.662
0.662
0.662
0.112531
0.662
0.662
0.662
0.103099
0.243448
0.662
0.662
0.313864
0.662
0.148136
0.662
0.116077
0.662
0.662
0.183087
0.188666
0.0411435
0.195114
0.321384
0.662
0.662
0.662
0.662
0.206638
0.662
0.287426
