0.464934
0.662
0.662
0.108268
0.662
0.662
0.662
0.662
0.126858
0.662
0.662
0.662
0.110034
0.662
0.363641
0.662
0.365517
0.662
0.445463
0.662
0.228497
0.662
0.662
0.662
0.662
0.161793
0.662
0.662
0.662
0.662
0.662
0.0533849
0.443838
0.34904
0.662
0.662
0.662
0.55938
0.662
0.189463
0.662
0.339381
0.0971538
0.662
0.163749
0.465773
0.662
0.415317
0.230834
0.136725
0.132581
0.662
0.662
0.662
0.409735
0.662
0.339528
0.467277
0.352089
0.662
0.159869
0.457775
0.662
0.379754
0.662
0.449067
0.662
0.24142
0.662
0.662
0.662
0.306119
0.274089
0.191868
0.431903
0.662
0.278712
0.662
0.388024
0.206605
0.662
0.662
0.283393
0.662
0.0730192
0.662
0.3703
0.662
0.122705
0.594781
0.662
0.162092
0.408222
0.374973
0.0101999
0.662
0.469222
0.662
0.662
0.284956
0.662
0.662
0.00197869
0.269397
0.219149
0.345422
0.142932
0.335008
0.266065
0.471461
0.420357
0.662
0.662
0.229675
0.662
0.662
0.662
0.662
0.662
0.30607
0.51109
0.662
0.255878
0.662
0.165027
0.662
0.427242
0.662
0.662
0.662
0.193276
0.248167
0.662
0.245128
0.662
0.00963307
0.142832
0.662
0.436597
0.662
0.210088
0.662
0.276525
0.662
0.107115
0.349879
0.0780959
0.662
0.322763
0.662
0.662
0.0394503
0.662
0.662
0.662
0.408748
0.662
0.420987
0.400651
0.368282
0.210186
0.662
0.00969024
0.297664
0.662
0.662
0.198061
0.0942406
0.32043
0.0868469
0.612535
0.440959
0.662
0.662
0.662
0.662
0.047388
0.19453
0.0327699
0.662
0.165191
0.662
0.117712
0.28367
0.314309
0.538439
0.103754
0.662
0.662
0.246463
0.662
0.662
0.453745
0.662
0.662
0.464178
0.662
0.265716
0.347688
0.208855
0.662
0.662
0.662
0.662
0.662
0.154901
0.662
0.662
0.662
0.0182453
0.662
0.662
0.662
0.583797
0.662
0.189394
0.662
0.662
0.662
0.0912744
0.215785
0.662
0.662
0.285411
0.662
0.157695
0.662
0.314928
0.278771
0.476456
0.662
0.662
0.0348842
0.224293
0.0400411
0.662
0.662
0.63339
0.662
0.221647
0.662
0.222294
0.332222
0.0934203
0.662
0.328697
0.662
0.470159
0.104402
0.213949
0.662
0.0414814
0.254367
0.166598
0.191254
0.353476
0.662
0.366095
0.662
0.662
0.315036
0.0566216
0.662
0.662
0.46906
0.156707
0.560534
0.662
0.241099
0.662
0.286725
0.662
0.662
0.662
0.662
0.426235
0.662
0.662
0.662
0.360205
0.0479162
0.662
0.662
0.662
0.662
0.0597958
0.662
0.662
0.0399797
0.662
0.107955
0.662
0.169872
0.188532
0.395863
0.662
0.662
0.426209
0.223987
0.662
0.662
0.662
0.662
0.662
0.557002
0.662
0.156339
0.464286
0.662
0.381769
0.662
0.662
0.36179
0.349567
0.662
0.662
0.475983
0.662
0.662
0.22112
0.424746
0.662
0.662
0.662
0.662
0.662
0.370472
0.662
0.407283
0.662
0.373588
0.662
0.662
0.120818
0.22354
0.477525
0.662
0.232563
0.662
0.398138
0.228893
0.249533
0.625601
0.205967
0.0805771
0.662
0.185598
0.0790691
0.662
0.662
0.437682
0.662
0.662
0.662
0.0828411
0.662
0.501401
0.369098
0.662
0.424751
0.0110189
0.441344
0.662
0.163454
0.0264617
0.559024
0.0446783
0.380105
0.349327
0.209354
0.662
0.168592
0.662
0.662
0.662
0.662
0.662
0.249773
0.355951
0.272835
0.662
0.395005
0.402159
0.662
0.141013
0.662
0.235005
0.0189042
0.662
0.662
0.240962
0.297947
0.195233
0.662
0.662
0.310593
0.662
0.662
0.449285
0.13481
0.662
0.662
0.662
0.662
0.0998608
0.662
0.662
0.662
0.0164323
0.399589
0.662
0.662
0.378018
0.662
0.0122291
0.0482927
0.0204522
0.124231
0.662
0.0880276
0.662
0.662
0.000222415
0.662
0.119414
0.357616
0.0190815
0.662
0.402237
0.0872707
0.26115
0.474999
0.662
0.355389
0.662
0.217646
0.334202
0.662
0.662
0.662
0.517471
0.37147
0.340872
0.662
0.662
0.460951
0.484465
0.662
0.449344
0.360953
0.662
0.662
0.662
0.662
0.662
0.662
0.118823
0.662
0.662
0.662
0.662
0.46598
0.662
0.314546
0.662
0.613813
0.662
0.662
0.662
0.480244
0.662
0.441356
0.520123
0.207855
0.662
0.662
0.488031
0.168581
0.248985
0.172391
0.367068
0.662
0.662
0.2024
0.358814
0.477591
0.662
0.662
0.0893835
0.342212
0.182365
0.0647992
0.162694
0.662
0.367756
0.662
0.662
0.470927
0.440278
0.662
0.662
0.287336
0.662
0.194208
0.662
0.24374
0.662
0.263107
0.662
0.152881
0.662
0.662
0.373024
0.0938457
0.319559
0.457676
0.28372
0.0448968
0.391202
0.314682
0.662
0.424239
0.39744
0.434037
0.662
0.662
0.397693
0.662
0.249063
0.662
0.23654
0.662
0.662
0.271029
0.241528
0.200312
0.662
0.662
0.662
0.261126
0.438568
0.662
0.662
0.662
0.190965
0.662
0.662
0.662
0.662
0.662
0.662
0.662
0.662
0.433506
0.216103
0.400113
0.12089
0.362206
0.662
0.307274
0.662
0.662
0.0249369
0.0696045
0.662
0.662
0.662
0.662
0.662
0.662
0.662
0.44695
0.662
0.0180022
0.446312
0.389479
0.662
0.156593
0.286977
0.662
0.29631
0.662
0.109845
0.336573
0.141236
0.662
0.54832
0.495826
0.662
0.429928
0.323705
0.662
0.0534752
0.662
0.662
0.662
0.220245
0.221077
0.662
0.494193
0.662
0.491876
0.662
0.32727
0.662
0.662
0.137642
0.46976
0.662
0.261586
0.275047
0.458242
0.662
0.662
0.278442
0.662
0.662
0.220712
0.662
0.228526
0.585761
0.662
