0.662
0.662
0.319501
0.662
0.662
0.49929
0.662
0.450007
0.662
0.225562
0.662
0.364995
0.504153
0.161602
0.286332
0.662
0.662
0.662
0.662
0.662
0.662
0.662
0.662
0.240961
0.662
0.662
0.662
0.662
0.464013
0.662
0.662
0.662
0.0352573
0.43611
0.0763894
0.393997
0.662
0.662
0.0479637
0.178909
0.662
0.180024
0.662
0.662
0.207372
0.114684
0.30828
0.662
0.662
0.662
0.0630451
0.662
0.662
0.224414
0.304974
0.486284
0.187663
0.48249
0.127581
0.662
0.662
0.125354
0.662
0.258195
0.317981
0.136404
0.102582
0.662
0.662
0.662
0.299628
0.0538257
0.0413173
0.165027
0.662
0.662
0.662
0.621918
0.662
0.662
0.237685
0.0896793
0.445491
0.0109907
0.662
0.19614
0.314877
0.662
0.0781934
0.454038
0.246607
0.394257
0.201656
0.314778
0.662
0.00933951
0.445429
0.334851
0.662
0.662
0.662
0.299232
0.251756
0.662
0.312427
0.466785
0.518867
0.114394
0.662
0.662
0.317558
0.662
0.104719
0.662
0.662
0.158645
0.1699
0.662
0.241867
0.662
0.662
0.662
0.000626911
0.662
0.356864
0.662
0.077811
0.662
0.312548
0.662
0.662
0.0357178
0.318875
0.371325
0.152688
0.414702
0.216217
0.233027
0.162779
0.193217
0.662
0.224061
0.662
0.445826
0.0179637
0.662
0.131887
0.42082
0.662
0.0957421
0.662
0.231462
0.662
0.44421
0.170341
0.34713
0.662
0.662
0.0287222
0.0581199
0.662
0.199544
0.591707
0.554048
0.662
0.238542
0.662
0.224453
0.182708
0.0990812
0.662
0.304515
0.662
0.363414
0.211118
0.382713
0.662
0.662
0.662
0.662
0.0958714
0.662
0.0577959
0.0147306
0.662
0.662
0.662
0.186516
0.662
0.0155688
0.212459
0.662
0.116424
0.662
0.662
0.452893
0.422665
0.662
0.132071
0.222581
0.662
0.662
0.662
0.0973875
0.475582
0.662
0.217416
0.662
0.468874
0.662
0.3167
0.0923046
0.662
0.579452
0.662
0.29129
0.218748
0.662
0.662
0.662
0.662
0.271783
0.458205
0.662
0.662
0.662
0.4594
0.662
0.662
0.662
0.662
0.662
0.188038
0.357889
0.11809
0.0222564
0.662
0.154407
0.107421
0.662
0.662
0.662
0.662
0.466456
0.662
0.0188538
0.662
0.431409
0.233547
0.0382317
0.662
0.662
0.662
0.194072
0.662
0.129033
0.227899
0.0800168
0.662
0.662
0.468613
0.197095
0.662
0.662
0.418446
0.340051
0.198425
0.159655
0.662
0.662
0.662
0.509161
0.662
0.0174632
0.31303
0.662
0.662
0.662
0.39497
0.662
0.418716
0.662
0.293809
0.0561126
0.662
0.315687
0.0547362
0.401487
0.549801
0.125378
0.662
0.662
0.662
0.463694
0.309364
0.662
0.662
0.169829
0.24522
0.378178
0.662
0.662
0.662
0.662
0.662
0.294411
0.662
0.412047
0.662
0.16676
0.429463
0.662
0.238252
0.309116
0.5186
0.662
0.662
0.662
0.276339
0.338605
0.662
0.309157
0.662
0.143365
0.662
0.502906
0.662
0.662
0.662
0.662
0.662
0.284101
0.662
0.431239
0.662
0.323655
0.306799
0.662
0.364558
0.662
0.662
0.434642
0.662
0.236248
0.409761
0.194093
0.662
0.662
0.197351
0.662
0.662
0.662
0.662
0.269842
0.662
0.662
0.662
0.662
0.662
0.662
0.0242552
0.267846
0.186118
0.662
0.662
0.0406736
0.662
0.557929
0.662
0.662
0.662
0.487239
0.0538684
0.0934201
0.191807
0.336749
0.563942
0.548372
0.150292
0.662
0.0592287
0.662
0.0208667
0.0325494
0.418554
0.169499
0.419086
0.662
0.662
0.662
0.662
0.662
0.662
0.662
0.35562
0.0802861
0.662
0.455654
0.662
0.469127
0.654841
0.097658
0.662
0.405114
0.417903
0.662
0.662
0.0257657
0.662
0.662
0.662
0.662
0.47173
0.0666787
0.380029
0.196285
