0.662
0.0788694
0.47715
0.0539626
0.330331
0.662
0.662
0.662
0.0290196
0.662
0.662
0.662
0.662
0.345099
0.662
0.662
0.662
0.662
0.662
0.662
0.662
0.662
0.279672
0.662
0.277036
0.520128
0.277034
0.662
0.662
0.662
0.662
0.662
0.662
0.662
0.346147
0.212428
0.132118
0.662
0.662
0.662
0.662
0.155089
0.326327
0.33128
0.662
0.662
0.161889
0.662
0.662
0.662
0.662
0.473628
0.662
0.662
0.166678
0.191326
0.662
0.21032
0.662
0.662
0.662
0.662
0.662
0.554945
0.662
0.531356
0.42734
0.662
0.545859
0.466266
0.662
0.662
0.662
0.317517
0.0322167
0.662
0.662
0.662
0.662
0.441722
0.662
0.396507
0.09072
0.662
0.662
0.662
0.662
0.216276
0.662
0.416784
0.662
0.34938
0.28333
0.662
0.274487
0.44119
0.662
0.662
0.30206
0.662
0.173692
0.181835
0.662
0.662
0.28306
0.662
0.161133
0.662
0.662
0.122624
0.222258
0.330929
0.409251
0.662
0.662
0.661216
0.662
0.662
0.662
0.662
0.187369
0.0964238
0.662
0.662
0.662
0.662
0.662
0.662
0.662
0.662
0.662
0.259941
0.662
0.193037
0.241973
0.662
0.157118
0.148679
0.662
0.290543
0.662
0.662
0.662
0.662
0.53641
0.135759
0.662
0.588384
0.662
0.662
0.0772894
0.662
0.0861596
0.662
0.662
0.662
0.662
0.472897
0.662
0.0169139
0.662
0.115223
0.0590609
0.0284975
0.662
0.662
0.403465
0.662
0.662
0.397327
0.0835553
0.662
0.662
0.662
0.474558
0.104266
0.00202277
0.468008
0.662
0.36894
0.662
0.273806
0.662
0.153513
0.169304
0.288107
0.0650885
0.396243
0.439316
0.347262
0.390213
0.662
0.662
0.442309
0.662
0.470946
0.662
0.662
0.0566782
0.662
0.662
0.662
0.28081
0.411963
0.662
0.662
0.662
0.662
0.662
0.662
0.662
0.203745
0.160016
0.662
0.400652
0.121781
0.662
0.662
0.149614
0.178034
0.662
0.0360528
0.662
0.662
0.662
0.0667683
0.459992
0.246362
0.391246
0.662
0.331502
0.662
0.662
0.662
0.662
0.662
0.662
0.662
0.662
0.662
0.371286
0.662
0.34731
0.662
0.315712
0.224192
0.662
0.662
0.337885
0.662
0.662
0.662
0.0152549
0.662
0.190462
0.662
0.662
0.662
0.662
0.662
0.048993
0.0761214
0.140875
0.410599
0.373763
0.231408
0.462353
0.662
0.662
0.662
0.17597
0.662
0.220592
0.662
0.358713
0.662
0.338302
0.242005
0.662
0.46983
0.662
0.0199965
0.662
0.662
0.403407
0.441697
0.662
0.662
0.411806
0.187656
0.224403
0.662
0.319835
0.662
0.662
0.400396
0.662
0.662
0.662
0.63339
0.662
0.563858
0.662
0.297777
0.662
0.662
0.662
0.662
0.302549
0.36828
0.381917
0.662
0.662
0.589685
0.662
0.439349
0.662
0.105901
0.662
0.387993
0.662
0.662
0.481575
0.634631
0.594475
0.662
0.337933
0.464137
0.662
0.413422
0.041623
0.0294522
0.414278
0.122533
0.046867
0.662
0.100449
0.662
0.662
0.209576
0.662
0.662
0.662
0.662
0.662
0.662
0.662
0.662
0.662
0.416451
0.662
0.565535
0.156938
0.662
0.662
0.662
0.421481
0.414477
0.662
0.662
0.298069
0.662
0.662
0.662
0.482801
0.383368
0.345355
0.195526
0.335553
0.418536
0.662
0.662
0.268779
0.662
0.662
0.169455
0.318528
0.662
0.042977
0.206979
0.662
0.662
0.363535
0.0870202
0.662
0.662
0.662
0.662
0.662
0.662
0.358717
0.662
0.662
0.662
0.662
0.662
0.42119
0.0580271
0.662
0.662
0.662
0.38958
0.246199
0.662
0.662
0.662
0.662
0.662
0.0395659
0.0279275
0.188901
0.15877
0.0401269
0.662
0.662
0.662
0.437318
0.662
0.303701
0.497477
0.369423
0.308903
0.365167
0.662
0.379331
0.153928
0.176846
0.294947
0.0329709
0.174784
0.482102
0.662
0.662
0.662
0.481145
0.662
0.662
0.662
0.302746
0.179688
0.662
0.377916
0.662
0.361984
0.662
0.0494764
0.662
0.374742
0.662
0.298329
0.662
0.662
0.116402
0.635078
0.662
0.662
0.245811
0.662
0.455886
0.662
0.662
0.397229
0.662
0.662
0.662
0.662
0.00869347
0.322247
0.00039678
0.662
0.487262
0.662
0.662
0.662
0.662
0.662
0.0934665
0.662
0.0635774
0.439928
0.532886
0.237834
0.395882
0.0634896
0.662
0.449855
0.662
0.31487
0.662
0.662
0.662
0.662
0.147495
0.662
0.662
0.349528
0.633694
0.112692
0.263441
0.662
0.662
0.662
0.415171
0.15219
0.118378
0.637063
0.662
0.453285
0.662
0.662
0.260609
0.662
0.157322
0.384245
0.382789
0.166121
0.662
0.27271
0.409916
0.184927
0.662
0.662
0.219007
0.392283
0.662
0.662
0.407918
0.662
0.662
0.332807
0.484654
0.368288
0.131461
0.319101
0.662
0.229123
0.662
0.00378475
0.662
0.662
0.662
0.662
0.325816
0.351753
0.662
0.268623
0.662
0.358997
0.662
0.222838
0.662
0.440333
0.00374953
0.662
0.662
0.349951
0.662
0.260051
0.662
0.204848
0.571139
0.662
0.12819
0.662
0.189704
0.662
0.662
0.00697609
0.662
0.662
0.662
0.198258
0.403869
0.23089
0.254146
0.401631
0.662
0.662
0.662
0.199306
0.20804
0.305423
0.381228
0.662
0.662
0.662
0.40419
0.662
0.662
0.662
0.662
0.662
0.413295
0.662
0.167765
0.662
0.0774226
0.662
