0.470306
0.109293
0.662
0.662
0.662
0.285382
0.662
0.662
0.662
0.662
0.366093
0.349981
0.662
0.662
0.662
0.307644
0.0331184
0.662
0.662
0.662
0.662
0.389787
0.418604
0.386281
0.662
0.400094
0.662
0.662
0.662
0.23871
0.299232
0.662
0.0552522
0.027823
0.175273
0.533818
0.662
0.304453
0.494495
0.662
0.431239
0.450007
0.00482775
0.252634
0.662
0.559609
0.295555
0.662
0.662
0.662
0.201656
0.621918
0.662
0.332301
0.102918
0.662
0.662
0.662
0.449935
0.146548
0.227427
0.662
0.662
0.662
0.661283
0.662
0.417903
0.662
0.453753
0.662
0.307656
0.662
0.335827
0.451094
0.662
0.662
0.662
0.662
0.662
0.662
0.63339
0.0448266
0.424818
0.662
0.437197
0.662
0.662
0.662
0.662
0.652254
0.662
0.662
0.662
0.457764
0.662
0.662
0.662
0.253493
0.662
0.662
0.049817
0.430606
0.454489
0.662
0.21198
0.662
0.662
0.459675
0.0325494
0.289948
0.0631514
0.115683
0.662
0.662
0.165909
0.662
0.381453
0.662
0.158286
0.662
0.278234
0.222581
0.0338398
0.284964
0.220393
0.662
0.662
0.321722
0.662
0.325451
0.662
0.662
0.662
0.162779
0.662
0.662
0.503499
0.662
0.195255
0.662
0.662
0.454808
0.662
0.128926
0.34946
0.662
0.662
0.118738
0.662
0.662
0.0634207
0.662
0.498412
0.418554
0.662
0.406797
0.0717025
0.121355
0.662
0.662
0.00603061
0.375162
0.427236
0.662
0.662
0.662
0.375787
0.662
0.192161
0.458205
0.291243
0.277384
0.308796
0.662
0.662
0.309116
0.662
0.43419
0.1502
0.662
0.662
0.662
0.0928503
0.0541668
0.147546
0.477249
0.662
0.0155688
0.662
0.10439
0.509161
0.662
0.202346
0.662
0.0800832
0.662
0.352444
0.662
0.662
0.662
0.662
0.662
0.662
0.662
0.662
0.662
0.662
0.401487
0.157015
0.662
0.662
0.662
0.0854985
0.0387601
0.662
0.662
0.662
0.43554
0.375217
0.662
0.662
0.200686
0.662
0.662
0.301182
0.392872
0.403054
0.026217
0.0551037
0.0466167
0.662
0.160184
0.0101167
0.250999
0.662
0.662
0.132071
0.662
0.0862638
0.662
0.0174632
0.587984
0.662
0.662
0.662
0.662
0.116424
0.38688
0.662
0.662
0.662
0.251317
0.662
0.662
0.662
0.662
0.662
0.662
0.466785
0.662
0.127116
0.662
0.198189
0.640381
0.0111191
0.457716
0.662
0.662
0.662
0.662
0.086411
0.662
0.662
0.261925
0.198938
0.377913
0.172199
0.662
0.39443
0.662
0.383783
0.662
0.200299
0.179675
0.114402
0.662
0.0169614
0.51302
0.662
0.662
0.461335
0.662
0.0348093
0.628
0.275761
0.662
0.0452293
0.0225385
0.662
0.662
0.117337
0.251452
0.662
0.325815
0.283137
0.341236
0.662
0.662
0.662
0.662
0.662
0.469127
0.662
0.367622
0.446217
0.0817567
0.475414
0.141445
0.312427
0.662
0.113686
0.662
0.239066
0.360211
0.662
0.662
0.0242552
0.31673
0.662
0.466081
0.26298
0.0800343
0.357333
0.662
0.450864
0.662
0.315113
0.662
0.662
0.662
0.662
0.397354
0.662
0.186118
0.331684
0.312935
0.662
0.307464
0.662
0.662
0.112542
0.662
0.403548
