0.662
0.662
0.300427
0.662
0.662
0.164589
0.662
0.394536
0.119195
0.364122
0.383461
0.662
0.662
0.662
0.662
0.183293
0.662
0.477089
0.00277115
0.662
0.420242
0.329843
0.662
0.662
0.291722
0.179801
0.662
0.128685
0.473773
0.195321
0.242138
0.662
0.223524
0.230314
0.491914
0.662
0.662
0.44415
0.662
0.445942
0.253699
0.336221
0.252969
0.662
0.376074
0.242959
0.662
0.494864
0.484373
0.0105874
0.662
0.662
0.662
0.155735
0.469539
0.662
0.662
0.662
0.662
0.662
0.662
0.662
0.342447
0.104713
0.662
0.103144
0.662
0.550248
0.162816
0.662
0.0574193
0.157375
0.342202
0.289877
0.662
0.306757
0.0259945
0.662
0.662
0.662
0.106038
0.269294
0.662
0.662
0.662
0.655261
0.585009
0.198669
0.198469
0.0533789
0.662
0.361727
0.662
0.662
0.662
0.662
0.662
0.252947
0.662
0.091006
0.662
0.662
0.662
0.662
0.662
0.662
0.662
0.0703599
0.662
0.389609
0.662
0.366761
0.235097
0.662
0.662
0.26528
0.662
0.662
0.493514
0.662
0.533627
0.662
0.662
0.26828
0.662
0.662
0.0144021
0.662
0.662
0.662
0.662
0.662
0.662
0.432601
0.0116493
0.662
0.369013
0.277676
0.662
0.231113
0.662
0.476371
0.00104452
0.662
0.214895
0.318451
0.662
0.662
0.662
0.662
0.356567
0.353302
0.662
0.277733
0.662
0.662
0.662
0.662
0.54284
0.425444
0.662
0.662
0.293183
0.111653
0.662
0.191145
0.662
0.662
0.662
0.662
0.576012
0.662
0.107655
0.340734
0.228502
0.662
0.0965914
0.322675
0.662
0.30428
0.662
0.0272787
0.0605805
0.546905
0.662
0.662
0.662
0.662
0.662
0.343242
0.547955
0.594768
0.662
0.662
0.662
0.174423
0.221282
0.426231
0.662
0.662
0.443416
0.662
0.199944
0.662
0.207812
0.662
0.00222938
0.453978
0.345717
0.662
0.387444
0.662
0.427076
0.662
0.662
0.662
0.470949
0.361395
0.0194617
0.397468
0.662
0.662
0.662
0.662
0.25135
0.662
0.662
0.662
0.259319
0.662
0.662
0.48796
0.299111
0.662
0.289362
0.0387516
0.662
0.168596
0.0635273
0.248383
0.662
0.490003
0.662
0.662
0.662
0.44917
0.662
0.41796
0.035485
0.662
0.662
0.289083
0.270544
0.0961949
0.662
0.662
0.0241713
0.662
0.424642
0.419167
0.223423
0.662
0.662
0.662
0.662
0.662
0.0546932
0.662
0.662
0.341242
0.475067
0.662
0.00782251
0.130004
0.0771979
0.662
0.662
0.662
0.0253899
0.662
0.421296
0.662
0.248961
0.662
0.391499
0.457153
0.141931
0.10062
0.662
0.0801143
0.662
0.399672
0.662
0.662
0.0073267
0.29548
0.385244
0.662
0.662
0.312151
0.2711
0.662
0.662
0.139715
0.662
0.662
0.136879
0.662
0.662
0.662
0.662
0.145885
0.662
0.662
0.662
0.662
0.0491233
0.0309398
0.00356897
0.662
0.662
0.662
0.662
0.411428
0.662
0.289335
0.286798
0.662
0.662
0.662
0.662
0.662
0.662
0.357042
0.662
0.128193
0.294333
0.368566
0.432935
0.662
0.662
0.662
0.662
0.662
0.662
0.236491
0.179834
0.662
0.0340775
0.662
0.662
0.516563
0.662
0.117307
0.210548
0.662
0.662
0.662
0.662
0.662
0.662
0.662
0.662
0.662
0.662
0.462972
0.662
0.0600196
0.662
0.662
0.662
0.662
0.662
0.0617764
0.662
0.662
0.63934
0.184256
0.237992
0.417586
0.217445
0.662
0.662
0.462638
0.662
0.662
0.208419
0.0394461
0.0812846
0.188123
0.0864318
0.662
0.46292
0.662
0.662
0.662
0.203275
0.183107
0.216476
0.113586
0.662
0.662
0.662
0.248841
0.662
0.0623453
0.662
0.309094
0.312146
0.0434585
0.267207
0.451999
0.662
0.118665
0.281818
0.41623
0.662
0.281482
0.662
0.377396
0.662
0.662
0.662
0.662
0.662
0.662
0.662
0.662
0.283679
0.317233
0.452862
0.662
0.0195401
0.662
0.214399
0.411904
0.662
0.662
0.28738
0.294957
0.598159
0.662
0.0752456
0.662
0.0679583
0.397986
0.334729
0.254114
0.179295
0.662
0.662
0.30405
0.662
0.662
0.340246
0.662
0.662
0.662
0.205861
0.426934
0.414263
0.662
0.137493
0.495321
0.547961
0.445102
0.662
0.476709
0.662
0.662
0.662
0.662
0.662
0.101824
0.662
0.662
0.0101137
0.00365647
0.662
0.107661
0.662
0.662
0.662
0.662
0.287623
0.662
0.662
0.29486
0.662
0.662
0.204399
0.662
0.257464
0.183113
0.662
0.377248
0.662
0.662
0.662
0.662
0.662
0.662
0.227759
0.662
0.662
0.118888
0.662
0.662
0.241551
0.662
0.662
0.492071
0.662
0.662
0.232257
0.662
0.662
0.15578
0.116855
0.0398443
0.0908542
0.376277
0.662
0.662
0.418891
0.662
0.662
0.662
0.163003
0.173954
0.226273
0.662
0.662
0.378542
0.449975
0.662
0.363033
0.248655
0.662
0.662
0.224836
0.662
0.662
0.102195
0.662
0.307164
0.0136432
0.281574
0.662
0.357321
0.374089
0.469606
0.067764
0.451418
0.662
0.0697551
0.662
0.251562
0.586442
0.662
0.263479
0.662
0.274244
0.662
0.0473288
0.108114
0.662
0.0509328
0.662
0.662
0.398289
0.662
0.276602
0.662
0.662
0.339643
0.662
0.344614
0.229038
0.662
0.662
0.662
0.622024
0.662
0.179044
0.662
0.473193
0.143388
0.162654
0.163749
0.305777
0.662
0.331298
0.481325
0.662
0.662
0.662
0.0608131
0.0895105
0.662
0.438835
0.662
0.268074
0.51076
0.151061
0.473273
0.384584
0.662
0.662
0.662
0.662
0.662
0.127976
0.662
0.0266634
0.662
0.37537
0.534925
0.662
0.662
0.383144
0.662
0.38493
0.662
0.662
0.398292
0.137841
0.662
0.0597221
0.199803
0.662
0.662
0.0677359
0.317661
0.662
0.662
0.662
0.662
0.662
0.662
0.662
0.0317548
0.257778
0.0908595
0.662
0.322799
0.662
0.333038
0.662
0.43011
0.662
0.662
0.662
0.0496985
0.662
0.662
0.662
0.662
0.184269
0.662
0.19907
0.662
0.662
0.0117725
0.662
0.662
0.662
0.0543886
0.331611
0.662
0.0966402
0.128887
0.662
0.0778189
0.662
0.0695976
0.662
0.0379699
0.662
0.662
0.467696
0.225488
