0.585496
0.299101
0.662
0.662
0.131887
0.662
0.284101
0.662
0.662
0.315965
0.188939
0.662
0.632027
0.0666787
0.252074
0.509048
0.320563
0.43611
0.189587
0.662
0.433515
0.662
0.662
0.662
0.662
0.662
0.177448
0.0005483
0.662
0.662
0.264911
0.407839
0.662
0.662
0.662
0.349241
0.662
0.474558
0.238542
0.161076
0.00907462
0.0653879
0.662
0.58434
0.582086
0.662
0.662
0.662
0.662
0.662
0.0204531
0.399016
0.32976
0.662
0.258255
0.662
0.468874
0.662
0.662
0.662
0.662
0.184913
0.662
0.662
0.38033
0.31303
0.662
0.387669
0.662
0.22114
0.22798
0.153765
0.662
0.662
0.177817
0.662
0.385392
0.662
0.484783
0.662
0.191368
0.388716
0.480088
0.662
0.662
0.662
0.662
0.120574
0.150292
0.419086
0.662
0.0971084
0.206181
0.159747
0.0479637
0.228672
0.662
0.662
0.662
0.455705
0.662
0.385639
0.171821
0.662
0.299628
0.662
0.662
0.294411
0.392922
0.189187
0.662
0.662
0.473016
0.662
0.662
0.439549
0.1164
0.294448
0.0796146
0.43875
0.431409
0.438454
0.0547362
0.165027
0.662
0.662
0.252819
0.662
0.35562
0.662
0.47173
0.662
0.568123
0.662
0.662
0.662
0.0622373
0.662
0.662
0.662
0.196285
0.662
0.116884
0.662
0.421044
0.158804
0.662
0.662
0.404869
0.113878
0.422665
0.662
0.662
0.662
0.0577959
0.662
0.662
0.662
0.662
0.662
0.018707
0.376775
0.662
0.355993
0.0493086
0.424111
0.270205
0.396414
0.405523
0.404618
0.662
0.0751293
0.662
0.662
0.38687
0.189273
0.662
0.418572
0.662
0.107421
0.662
0.662
0.662
0.662
0.662
0.434223
0.285113
0.28229
0.610565
0.625745
0.662
0.429463
0.468073
0.662
0.303761
0.0835677
0.156985
0.662
0.662
0.662
0.662
0.164336
0.559237
0.410501
0.662
0.662
0.662
0.0837484
0.272677
0.307995
0.662
0.138288
0.662
0.20943
0.39497
0.394435
0.349949
0.436806
0.464013
0.662
0.211821
0.325709
0.293926
0.662
0.516475
0.219334
0.382713
0.662
0.662
0.299582
0.662
0.231462
0.474735
0.662
0.662
0.468613
0.377548
0.323044
0.464556
0.662
0.385286
0.662
0.662
0.473418
0.128656
0.662
0.390222
0.662
0.662
0.662
0.662
0.662
0.0724398
0.0337749
0.171171
0.120776
0.0671534
0.418716
0.662
0.662
0.42082
0.649589
0.662
0.662
0.662
0.446686
0.662
0.662
0.662
0.662
0.662
0.563942
0.662
0.223072
0.662
0.662
0.662
0.662
0.662
0.637153
0.44421
0.0701044
0.662
0.662
0.355224
0.393751
0.662
0.662
0.662
0.662
0.662
0.662
0.606933
0.662
0.0179637
0.662
0.457857
0.423256
0.265492
0.662
0.662
0.662
0.662
0.662
0.662
0.662
0.662
0.561295
0.662
0.198358
0.662
0.662
0.0806237
0.300004
0.662
0.662
0.472195
0.662
0.662
0.662
0.662
0.393997
0.415821
0.0200265
0.662
0.246211
0.662
0.662
0.112198
0.662
0.662
0.662
0.0143793
0.210232
0.308225
0.662
0.0426696
0.316779
0.170341
0.662
0.662
0.437984
0.0185533
0.662
0.077811
0.662
0.662
0.0475206
0.182831
0.662
0.0319479
0.662
0.662
0.662
0.0171591
0.461135
0.662
0.47145
0.662
0.662
0.11809
0.662
0.662
0.353858
0.469979
0.662
0.0579565
0.662
0.255342
0.46042
0.662
0.445491
0.662
0.662
0.662
0.3618
0.662
0.312548
0.662
0.0808389
0.662
0.662
0.288796
0.183469
0.150392
0.662
0.143778
0.662
0.662
0.662
0.662
0.662
0.662
0.269683
0.0879236
0.662
0.662
0.355851
0.662
0.662
0.330595
0.283506
0.662
0.662
0.662
0.662
0.662
0.177587
0.662
0.662
0.662
0.662
0.662
0.662
0.662
0.0455979
0.662
0.294852
0.199066
0.662
0.662
0.662
0.662
0.662
0.662
0.499749
0.662
0.662
0.281818
0.662
0.0911047
0.308402
0.662
0.662
0.343214
0.662
0.662
0.256597
0.378639
0.662
0.662
0.460207
0.256126
0.662
0.662
0.662
0.0321984
0.662
0.662
0.662
0.584327
0.662
0.364039
0.662
0.0764481
0.640461
0.077167
0.0434916
0.662
0.063843
0.662
0.374276
0.662
0.0538257
0.0413173
0.208205
0.662
0.136404
0.211118
0.662
0.662
0.391438
0.662
0.662
0.662
0.662
0.662
