0.662
0.319124
0.174464
0.662
0.107552
0.274317
0.662
0.662
0.0488495
0.332229
0.332838
0.143138
0.662
0.217028
0.428296
0.441911
0.13504
0.411365
0.662
0.662
0.662
0.662
0.0529793
0.0345794
0.662
0.662
0.324372
0.32373
0.662
0.2966
0.662
0.662
0.662
0.662
0.662
0.193874
0.662
0.662
0.420932
0.381439
0.0015613
0.662
0.313735
0.135094
0.34522
0.5589
0.662
0.277728
0.350398
0.00390467
0.662
0.1782
0.662
0.442495
0.662
0.662
0.662
0.662
0.662
0.662
0.270087
0.662
0.662
0.424634
0.662
0.180819
0.662
0.636988
0.176138
0.662
0.639086
0.500113
0.302572
0.662
0.198113
0.662
0.24898
0.662
0.469085
0.662
0.662
0.108415
0.662
0.662
0.103099
0.662
0.205607
0.662
0.662
0.662
0.662
0.662
0.662
0.12733
0.0281173
0.250368
0.0704539
0.662
0.662
0.229799
0.662
0.662
0.662
0.107445
0.21257
0.16737
0.15664
0.662
0.662
0.662
0.662
0.504448
0.662
0.381752
0.662
0.662
0.662
0.662
0.436696
0.263467
0.47712
0.662
0.608802
0.662
0.662
0.380095
0.662
0.662
0.662
0.24011
0.662
0.662
0.662
0.0378472
0.662
0.0613595
0.662
0.662
0.662
0.523247
0.662
0.0591544
0.662
0.662
0.662
0.662
0.662
0.662
0.662
0.292377
0.662
0.0839501
0.662
0.662
0.0909975
0.174192
0.662
0.662
0.614035
0.591772
0.161994
0.662
0.662
0.662
0.662
0.662
0.648869
0.616203
0.662
0.662
0.662
0.662
0.0221668
0.662
0.0879504
0.153395
0.357341
0.108318
0.662
0.201922
0.00348133
0.662
0.662
0.662
0.00597971
0.425691
0.662
0.662
0.662
0.662
0.662
0.00317537
0.662
0.448393
0.151184
0.662
0.662
0.421521
0.386939
0.180903
0.0671431
0.662
0.399583
0.662
0.0912448
0.53234
0.662
0.662
0.662
0.662
0.662
0.0464778
0.662
0.662
0.380707
0.164589
0.332039
0.662
0.662
0.02283
0.662
0.239476
0.662
0.662
0.662
0.072313
0.416374
0.662
0.662
0.662
0.662
0.387712
0.221761
0.662
0.662
0.131233
0.123813
0.402687
0.0499265
0.211906
0.662
0.0791927
0.662
0.662
0.662
0.662
0.486152
0.421034
0.662
0.662
0.662
0.230097
0.662
0.22719
0.101295
0.0556586
0.662
0.662
0.662
0.662
0.662
0.662
0.226052
0.067845
0.104134
0.247274
0.662
0.151584
0.662
0.662
0.544778
0.662
0.312367
0.385612
0.177818
0.662
0.574402
0.2324
0.432993
0.662
0.311081
0.379236
0.435222
0.662
0.662
0.15796
0.662
0.662
0.324734
0.190866
0.662
0.662
0.662
0.662
0.662
0.32965
0.662
0.662
0.523093
0.0215019
0.662
0.200681
0.160591
0.662
0.405962
0.662
0.662
0.662
0.614825
0.662
0.417257
0.662
0.328356
0.0869183
0.423075
0.662
0.662
0.662
0.662
0.237485
0.454669
0.117771
0.279667
0.199135
0.662
0.662
0.223403
0.587131
0.662
0.662
0.662
0.662
0.0644661
0.662
0.662
0.228465
0.379763
0.3075
0.662
0.336705
0.476315
0.297168
0.662
0.662
0.00327239
0.662
0.662
0.594203
0.662
0.662
0.662
0.208941
0.662
0.303744
0.662
0.0899151
0.552153
0.662
0.662
0.576596
0.0832881
0.212111
0.662
0.432139
0.662
0.662
0.454202
0.662
0.662
0.662
0.662
0.662
0.662
0.662
0.556689
0.662
0.223532
0.369966
0.662
0.455734
0.662
0.662
0.662
0.662
0.662
0.385255
0.103223
0.662
0.662
0.662
0.507803
0.662
0.280482
0.382749
0.662
0.662
0.505639
0.662
0.126881
0.246276
0.662
0.517053
0.38971
0.313953
0.655856
0.662
0.16076
0.128747
0.662
0.662
0.571963
0.246795
0.477785
0.662
0.495442
0.401157
0.336855
0.299081
0.182813
0.480077
0.286779
0.662
0.0979955
0.277061
0.662
0.235929
0.662
0.662
0.662
0.662
0.662
0.662
0.0161778
0.133438
0.662
0.315506
0.0520738
0.276034
0.662
0.662
0.662
0.332522
0.662
0.432486
0.662
0.662
0.000678498
0.662
0.662
0.662
0.531927
0.662
0.662
0.662
0.662
0.456823
0.171
0.327347
0.0815641
0.662
0.662
0.662
0.156738
0.308202
0.662
0.662
0.662
0.0264399
0.155171
0.662
0.325774
0.195276
0.662
0.0864258
0.662
0.662
0.623376
0.231165
0.370647
0.662
0.0542633
0.662
0.0416863
0.662
0.0570534
0.194967
0.662
0.662
0.662
0.434555
0.662
0.15047
0.183341
0.353508
0.312007
0.662
0.662
0.662
0.437566
0.662
0.19587
0.662
0.662
0.662
0.389378
0.662
0.662
0.662
0.662
0.662
0.662
0.347881
0.275212
0.466574
0.282783
0.434605
0.236392
0.662
0.662
0.404109
0.209505
0.0690996
0.292108
0.230009
0.477163
0.662
0.240726
0.662
0.662
0.662
0.662
0.0877554
0.662
0.441923
0.0768889
0.63612
0.662
0.662
0.662
0.071966
0.304122
0.466475
0.662
0.374276
0.230892
