0.600456
0.662
0.662
0.662
0.662
0.662
0.662
0.662
0.0378472
0.662
0.137486
0.364696
0.368966
0.197062
0.169033
0.375603
0.0120519
0.0664629
0.344412
0.619811
0.497879
0.466131
0.662
0.404843
0.662
0.32763
0.662
0.154917
0.662
0.662
0.197709
0.662
0.662
0.662
0.662
0.146051
0.34871
0.662
0.399276
0.662
0.662
0.662
0.662
0.640868
0.662
0.662
0.662
0.662
0.333658
0.308202
0.0160423
0.300944
0.662
0.662
0.443199
0.367156
0.268233
0.662
0.0149331
0.470225
0.041005
0.662
0.378889
0.662
0.502926
0.345837
0.662
0.662
0.471103
0.662
0.662
0.0252437
0.662
0.334186
0.38708
0.662
0.662
0.0484379
0.662
0.662
0.344917
0.538401
0.662
0.662
0.662
0.662
0.662
0.662
0.374276
0.18677
0.37758
0.0100669
0.00664934
0.385822
0.477176
0.494897
0.40233
0.100775
0.14218
0.662
0.157325
0.662
0.534
0.131554
0.662
0.454264
0.0672938
0.662
0.232988
0.662
0.662
0.0130342
0.224117
0.434983
0.662
0.662
0.218094
0.662
0.330718
0.662
0.531927
0.662
0.0766499
0.662
0.662
0.655667
0.662
0.662
0.662
0.662
0.449267
0.662
0.47887
0.353872
0.662
0.216576
0.662
0.536399
0.229799
0.0923914
0.00797526
0.463806
0.451831
0.0671431
0.662
0.662
0.662
0.662
0.0832881
0.662
0.232605
0.662
0.662
0.113725
0.368904
0.245575
0.662
0.662
0.662
0.30636
0.662
0.662
0.170774
0.271181
0.428296
0.26799
0.298418
0.662
0.662
0.662
0.293121
0.44151
0.662
0.151584
0.662
0.662
0.662
0.26795
0.662
0.662
0.662
0.0916195
0.662
0.205736
0.662
0.662
0.515917
0.662
0.19587
0.662
0.487438
0.662
0.662
0.0879504
0.375951
0.444308
0.486694
0.355825
0.662
0.0889511
0.662
0.662
0.217203
0.444129
0.662
0.662
0.0469881
0.662
0.662
0.445711
0.662
0.0537317
0.662
0.376273
0.351339
0.662
0.212111
0.662
0.21906
0.38857
0.662
0.460799
0.662
0.363189
0.463181
0.662
0.23462
0.662
0.662
0.0658909
0.222509
0.404265
0.662
0.662
0.163718
0.502906
0.137208
0.662
0.209156
0.477785
0.259046
0.662
0.609356
0.662
0.662
0.425771
0.662
0.662
0.105634
0.662
0.662
0.662
0.197139
0.662
0.186144
0.662
0.313953
0.264995
0.538323
0.662
0.126117
0.432857
0.662
0.274317
0.332919
0.305423
0.662
0.460363
0.662
0.662
0.662
0.0412306
0.267438
0.218799
0.662
0.293354
0.0812473
0.152966
0.416229
0.637538
0.662
0.662
0.662
0.119101
0.283726
0.23475
0.662
0.662
0.662
0.662
0.662
0.338893
0.575791
0.279667
0.41514
0.662
0.370647
0.363931
0.662
0.279645
0.662
0.662
0.662
0.150006
0.23452
0.662
0.451678
0.662
0.406728
0.662
0.662
0.662
0.662
0.662
0.103223
0.662
0.0770248
0.662
0.0591955
0.662
0.114573
0.662
0.662
0.662
0.202831
0.662
0.662
0.211243
0.662
0.353594
0.662
0.662
0.171751
0.662
0.662
0.212559
0.662
0.662
0.662
0.662
0.0754984
0.662
0.662
0.662
0.662
0.662
0.356261
0.662
0.124817
0.662
0.662
0.662
0.172762
0.662
0.662
0.27027
0.662
0.356818
0.662
0.144948
0.423285
0.291187
0.662
0.662
0.662
0.0528833
0.245558
0.322536
0.257079
0.14377
0.123166
0.0839501
0.662
0.662
0.321439
0.155018
0.293087
0.662
0.662
0.662
0.662
0.662
0.662
0.376775
0.384054
0.662
0.380971
0.662
0.662
0.662
0.662
0.662
0.338862
0.462695
0.662
0.22286
0.166472
0.662
0.662
0.662
0.662
0.194758
0.662
0.379629
0.662
0.662
0.662
0.148478
0.662
0.484964
0.0715126
0.662
0.0488495
0.411888
0.309614
0.662
0.662
0.406163
0.018098
0.662
0.662
0.662
0.365559
0.662
0.212223
0.662
0.157987
0.387389
0.404447
0.156738
0.662
0.662
0.463207
0.662
0.662
0.662
0.662
0.662
0.662
0.662
0.428654
0.662
0.324906
0.662
0.0233558
0.662
0.12733
0.386097
0.105928
0.399583
0.343305
0.124456
0.662
0.662
0.662
0.396836
0.523247
0.223245
0.662
0.275342
0.409608
0.317964
0.662
0.128747
0.0699561
0.662
0.662
0.662
0.363293
0.662
0.662
0.662
0.662
0.662
0.662
0.373961
0.662
0.581554
0.662
0.662
0.0557961
0.662
0.662
0.321019
0.662
0.662
0.360301
0.397526
0.662
0.662
0.0980453
0.0601483
0.662
0.359642
0.0346652
0.370461
0.662
0.364645
0.118845
0.273905
0.662
0.662
0.662
0.103639
0.662
0.662
0.36166
0.254734
0.662
0.662
0.16076
0.280518
0.407137
0.662
0.662
0.662
0.336334
0.221971
0.662
0.0181172
0.662
0.662
0.662
0.662
0.662
0.662
0.662
0.435222
0.662
0.467373
0.514512
0.662
0.662
0.241052
0.662
0.128169
0.662
0.120571
0.00738656
0.438597
0.662
0.662
0.662
0.234364
0.662
0.354346
0.142157
0.371616
0.662
0.662
0.404074
0.662
0.662
0.164589
0.662
0.662
0.0853888
0.437566
0.662
0.662
0.00312747
0.662
0.662
0.662
0.662
0.662
0.662
0.662
0.662
0.202698
0.662
0.662
0.248688
0.456089
0.662
0.662
0.639086
0.662
0.662
0.662
0.662
0.662
0.336855
0.662
0.236855
