0.21472
0.662
0.662
0.662
0.662
0.662
0.389609
0.204749
0.662
0.00104452
0.662
0.662
0.252487
0.155735
0.373808
0.662
0.662
0.010833
0.662
0.117307
0.366329
0.347671
0.662
0.662
0.662
0.279921
0.662
0.662
0.662
0.662
0.662
0.662
0.37045
0.241551
0.662
0.151061
0.0028635
0.662
0.662
0.269476
0.662
0.169495
0.662
0.662
0.195321
0.662
0.662
0.662
0.205861
0.349
0.662
0.383477
0.662
0.474392
0.402367
0.662
0.443125
0.141238
0.252709
0.316636
0.662
0.0871194
0.662
0.662
0.261157
0.662
0.334988
0.662
0.662
0.254869
0.390864
0.662
0.662
0.626799
0.135986
0.110033
0.662
0.108114
0.292227
0.662
0.125821
0.662
0.39311
0.662
0.463256
0.404875
0.2711
0.604889
0.248643
0.662
0.662
0.423884
0.441191
0.484716
0.622024
0.383144
0.0688787
0.0734318
0.280923
0.662
0.484777
0.662
0.662
0.662
0.662
0.662
0.662
0.0120525
0.662
0.662
0.662
0.468051
0.615601
0.662
0.662
0.199517
0.125279
0.214246
0.662
0.662
0.662
0.0124126
0.662
0.143789
0.662
0.662
0.523643
0.662
0.662
0.662
0.201763
0.0277512
0.662
0.662
0.576012
0.662
0.484373
0.662
0.329843
0.662
0.143388
0.205205
0.236275
0.137841
0.033588
0.662
0.662
0.0961949
0.352909
0.662
0.662
0.662
0.0623453
0.662
0.662
0.0279878
0.662
0.662
0.662
0.662
0.662
0.662
0.314111
0.662
0.0877374
0.327876
0.461907
0.254459
0.195213
0.662
0.662
0.662
0.309094
0.662
0.216476
0.662
0.204564
0.623407
0.476709
0.662
0.662
0.0144021
0.428618
0.0695976
0.358253
0.109179
0.662
0.363033
0.662
0.173954
0.4974
0.662
0.662
0.662
0.662
0.662
0.0574193
0.10485
0.662
0.376277
0.662
0.662
0.208419
0.179044
0.128887
0.337543
0.662
0.356567
0.261126
0.662
0.125888
0.662
0.662
0.113802
0.662
0.0165439
0.662
0.662
0.504851
0.662
0.397986
0.662
0.325029
0.229038
0.662
0.662
0.179295
0.438835
0.0434585
0.399241
0.334729
0.662
0.662
0.662
0.120789
0.662
0.662
0.662
0.662
0.662
0.46292
0.662
0.162654
0.662
0.662
0.662
0.198669
0.662
0.662
0.0235547
0.0679583
0.662
0.662
0.662
0.0491233
0.662
0.662
0.662
0.662
0.662
0.0297141
0.662
0.662
0.662
0.662
0.662
0.662
0.662
0.173215
0.662
0.662
0.662
0.3051
0.662
0.662
0.214895
0.662
0.662
0.662
0.662
0.662
0.662
0.662
0.207812
0.662
0.662
0.662
0.0132227
0.345717
0.662
0.662
0.285616
0.662
0.662
0.0812846
0.662
0.248655
0.662
0.106038
0.304069
0.662
0.0908595
0.436439
0.662
0.662
0.662
0.0586494
0.453978
0.134917
0.416945
0.451418
0.152436
0.662
0.0720915
0.191854
0.617113
0.377396
0.496113
0.662
0.0543886
0.599662
0.366829
0.662
0.0088983
0.662
0.419614
0.662
0.662
0.44917
0.145885
0.121647
0.662
0.430385
0.231431
0.277005
0.662
0.662
0.662
0.00426477
0.662
0.277676
0.342202
0.662
0.662
0.256289
0.312746
0.521567
0.443832
0.295514
0.662
0.662
0.152805
0.662
0.662
0.25788
0.662
0.112451
0.662
0.662
0.662
0.662
0.476371
0.275481
0.353865
0.128193
0.0677359
0.662
0.462589
0.662
0.145822
0.305777
0.266052
0.662
0.662
0.662
0.287623
0.54284
0.662
0.662
0.662
0.152304
0.662
0.662
0.594875
0.443416
0.662
0.662
0.662
0.277733
0.0855867
0.662
0.662
0.662
0.167716
0.426231
0.662
0.233736
0.662
0.0778189
0.662
0.662
0.662
0.0241713
0.150994
0.15968
0.662
0.662
0.471169
0.415016
0.136879
0.227759
0.662
0.243846
0.436569
0.662
0.662
0.613593
0.210548
0.662
0.26828
0.435743
0.477089
0.0600196
0.662
0.479908
0.662
0.662
0.118888
0.662
0.662
0.249023
0.662
0.440535
0.422782
0.662
0.662
0.224784
0.662
0.662
0.662
0.662
0.662
0.662
0.419196
0.469539
0.662
0.318048
0.662
0.475067
0.378542
0.662
0.662
0.662
0.662
0.662
0.662
0.318876
0.662
0.662
0.662
0.449975
0.586442
0.662
0.662
0.426934
0.662
0.662
0.662
0.662
0.662
0.662
0.662
0.662
0.129748
0.662
0.167491
0.662
0.662
0.662
0.322675
0.662
0.221282
0.0433594
0.035485
0.662
0.462972
0.662
0.662
0.662
0.662
0.662
0.122164
0.662
0.565902
0.662
0.662
0.375116
0.305615
0.662
0.662
0.662
0.361395
0.662
0.662
0.339643
0.495321
0.097088
0.0435495
0.162417
0.662
0.662
0.482038
0.267207
0.662
0.26528
0.300427
0.662
0.183293
0.432601
0.662
0.294274
0.34259
0.662
0.330656
0.0771979
0.662
0.662
0.662
0.101824
0.662
0.662
0.069126
0.662
0.492591
0.662
0.662
0.662
0.0116493
0.163749
0.432935
0.662
0.0717596
0.662
0.662
0.662
0.662
0.662
0.229233
0.426625
0.662
0.284212
0.41942
0.214961
0.11263
0.115943
0.662
0.662
0.662
0.662
0.662
0.111653
0.248383
0.345002
0.268074
0.662
0.0698294
0.662
0.594768
0.121469
0.662
0.378833
0.662
0.662
0.662
0.25135
0.662
0.662
0.0272787
0.0654029
0.109009
0.662
0.357042
0.445102
0.285416
0.391499
0.473193
0.130004
0.662
0.275744
0.318451
0.316229
0.662
0.0340775
0.662
0.662
0.19907
0.662
0.662
0.0595585
0.509205
0.662
0.297454
0.662
0.0194617
0.0473288
0.662
0.662
0.662
0.662
0.328487
0.269294
0.662
0.067764
0.662
0.103144
0.662
0.662
0.662
0.214411
0.42828
0.662
0.662
0.662
0.662
0.662
0.662
0.221647
0.307164
0.00700246
0.139715
0.322324
0.662
0.662
0.662
0.0617764
0.662
0.236491
0.295184
0.662
0.662
0.384204
0.571939
0.662
0.662
