0.269683
0.662
0.209642
0.662
0.662
0.305611
0.662
0.662
0.662
0.153782
0.330595
0.662
0.662
0.0845009
0.662
0.366556
0.662
0.111752
0.174588
0.189618
0.662
0.662
0.662
0.453425
0.662
0.366384
0.662
0.559583
0.662
0.638082
0.214456
0.21709
0.267229
0.226138
0.34897
0.662
0.451629
0.662
0.662
0.662
0.662
0.662
0.434417
0.662
0.662
0.0332519
0.662
0.662
0.19669
0.234694
0.240008
0.474558
0.662
0.662
0.662
0.375198
0.404618
0.662
0.38033
0.662
0.662
0.126508
0.662
0.134919
0.662
0.457857
0.662
0.662
0.662
0.662
0.662
0.662
0.0806237
0.22114
0.662
0.662
0.0394185
0.131233
0.662
0.662
0.00918905
0.472719
0.316779
0.662
0.272911
0.321445
0.307995
0.442962
0.662
0.0758746
0.228672
0.662
0.0518283
0.293926
0.222805
0.662
0.662
0.662
0.234174
0.20528
0.462514
0.077811
0.662
0.662
0.662
0.662
0.662
0.210232
0.662
0.405948
0.662
0.469953
0.0992228
0.662
0.662
0.341529
0.0310597
0.662
0.662
0.347802
0.662
0.116884
0.242888
0.325059
0.585496
0.662
0.238284
0.440062
0.662
0.431109
0.1617
0.662
0.662
0.105369
0.0569147
0.0479637
0.23204
0.182831
0.177448
0.249181
0.662
0.403791
0.0653879
0.389515
0.211821
0.326019
0.662
0.662
0.46042
0.662
0.662
0.101482
0.662
0.662
0.420312
0.189587
0.2505
0.662
0.662
0.662
0.0671534
0.662
0.328742
0.662
0.152073
0.662
0.662
0.662
0.662
0.450431
0.526358
0.662
0.515561
0.662
0.127997
0.391751
0.662
0.662
0.0748898
0.148136
0.334563
0.662
0.212818
0.393997
0.662
0.662
0.0493086
0.662
0.662
0.662
0.662
0.582086
0.249341
0.662
0.662
0.270205
0.305272
0.0581199
0.000283025
0.662
0.0940862
0.308225
0.662
0.186024
0.662
0.382713
0.662
0.153211
0.465923
0.191837
0.662
0.00223964
0.662
0.662
0.400339
0.662
0.662
0.286199
0.589486
0.662
0.662
0.662
0.183973
0.231414
0.662
0.662
0.662
0.662
0.662
0.468364
0.44796
0.662
0.320563
0.473418
0.190744
0.143778
0.253357
0.662
0.0692902
0.196175
0.457824
0.662
0.662
0.0355018
0.22798
0.348599
0.662
0.289985
0.662
0.662
0.662
0.509048
0.376511
0.399435
0.432868
0.662
0.662
0.438649
0.388206
0.261803
0.253846
0.136404
0.662
0.662
0.116077
0.304512
0.662
0.00941725
0.349949
0.4395
0.662
0.254827
0.662
0.662
0.0337749
0.0911047
0.662
0.299101
0.252074
0.662
0.662
0.423484
0.662
0.479762
0.539536
0.146848
0.561295
0.662
0.250403
0.662
0.014737
0.41324
0.469979
0.181707
0.662
0.662
0.662
0.662
0.662
0.231018
0.662
0.248955
0.662
0.306276
0.662
0.662
0.662
0.662
0.662
0.662
0.662
0.025431
0.360293
0.662
0.243448
0.294852
0.662
0.662
0.235376
0.662
0.662
0.662
0.418572
0.662
0.0426696
0.159747
0.186969
0.374995
0.662
0.662
0.662
0.662
0.662
0.204352
0.436806
0.292606
0.662
0.662
0.662
0.0579565
0.16477
0.662
0.405523
0.117339
0.662
0.115308
0.662
0.0290874
0.117783
0.662
0.662
0.662
0.662
0.662
0.662
0.392802
0.17018
0.662
0.662
0.662
0.662
0.167053
0.120776
0.662
0.0109907
0.662
0.662
0.662
0.662
0.234226
0.219334
0.662
0.138288
0.308795
0.662
0.117225
0.274345
0.662
0.26306
0.662
0.662
0.232757
0.19707
0.662
0.662
0.662
0.458426
0.662
0.287903
0.662
0.249516
0.662
0.105518
0.662
0.0322486
0.223072
0.662
0.0698485
0.662
0.662
0.46122
0.0666787
0.662
0.662
0.662
0.662
0.662
0.662
0.449083
0.629245
0.253353
0.662
0.662
0.662
0.163983
0.158804
0.662
0.475517
0.662
0.272677
0.265748
0.662
0.210487
0.0724398
0.662
0.662
0.401771
0.40602
0.662
0.662
0.27061
0.473334
0.584327
0.186663
0.3358
0.104683
0.662
0.662
0.662
0.662
0.407839
0.238395
0.478413
0.662
0.662
0.662
0.196452
0.662
0.662
0.662
0.662
0.393751
0.662
0.662
0.662
0.127581
0.662
0.418716
0.387669
0.662
0.194742
0.662
0.208205
0.640461
0.404145
0.662
0.662
0.378181
0.404869
0.0200265
0.662
0.423256
0.0319479
0.662
0.206181
0.488636
0.662
0.662
0.052383
0.662
0.662
0.0904434
0.325709
0.662
0.0604822
0.429623
0.0764481
0.0537226
0.362107
0.422206
0.662
0.662
0.662
0.343214
0.188755
0.190395
0.637153
0.662
0.662
0.264911
