0.662
0.662
0.499749
0.211118
0.131887
0.298994
0.662
0.662
0.309116
0.662
0.421693
0.51014
0.662
0.201656
0.662
0.150292
0.252164
0.143365
0.107421
0.158645
0.452893
0.312548
0.662
0.662
0.47173
0.662
0.304515
0.502426
0.409761
0.490614
0.662
0.0491555
0.0681316
0.662
0.662
0.306799
0.294411
0.662
0.445826
0.662
0.246957
0.454038
0.662
0.175005
0.162503
0.422665
0.445429
0.662
0.662
0.662
0.0845443
0.662
0.662
0.662
0.662
0.662
0.662
0.662
0.662
0.662
0.662
0.180024
0.662
0.240961
0.431239
0.211037
0.662
0.187663
0.662
0.0781934
0.662
0.662
0.662
0.662
0.662
0.0767643
0.640697
0.662
0.218748
0.662
0.315687
0.445491
0.159655
0.662
0.284101
0.662
0.662
0.0592287
0.32054
0.662
0.0666787
0.662
0.557929
0.0547362
0.662
0.662
0.240159
0.662
0.662
0.662
0.0179637
0.621918
0.0147306
0.662
0.662
0.0538257
0.0413173
0.662
0.317558
0.662
0.178909
0.662
0.662
0.077167
0.114394
0.662
0.662
0.412047
0.662
0.662
0.418716
0.0188538
0.662
0.662
0.382713
0.0581199
0.662
0.662
0.662
0.371325
0.662
0.0934201
0.633391
0.238542
0.393997
0.196285
0.434642
0.193217
0.662
0.662
0.0800168
0.359724
0.662
0.662
0.662
0.662
0.48249
0.662
0.662
0.662
0.662
0.662
0.662
0.662
0.662
0.466785
0.401487
0.625745
0.126488
0.662
0.414702
0.662
0.662
0.662
0.662
0.662
0.309157
0.278528
0.464013
0.662
0.286332
0.662
0.0421194
0.455654
0.231462
0.662
0.662
0.499112
0.0208667
0.662
0.380029
0.662
0.662
0.662
0.318875
0.309364
0.662
0.662
0.563942
0.662
0.29129
0.662
0.314778
0.316779
0.662
0.463694
0.127581
0.319501
0.1699
0.662
0.662
0.554048
0.0837032
0.49929
0.662
0.466456
0.662
0.662
0.662
0.662
0.662
0.662
0.662
0.162779
0.378178
0.662
0.662
0.662
0.662
0.175122
0.114684
0.296821
0.136404
0.662
0.662
0.662
0.132071
0.077811
0.662
0.233547
0.19614
0.299232
0.662
0.165027
0.662
0.180976
0.662
0.662
0.662
0.16676
0.35562
0.0287222
0.258195
0.317981
0.417903
0.338605
0.502906
0.662
0.662
0.431409
0.662
0.662
0.418554
0.662
0.662
0.448922
0.0174632
0.662
0.0479637
0.662
0.299628
0.662
0.227899
0.662
0.662
0.0577959
0.5186
0.0582586
0.468613
0.363414
0.662
0.662
0.188038
0.31303
0.457029
0.11809
0.662
0.662
0.662
0.662
0.662
0.0218084
0.662
0.431657
0.662
0.0561126
0.39497
0.410501
0.662
0.264873
0.0763894
0.543905
0.662
0.662
0.191807
0.662
0.336749
0.116424
0.662
0.189783
0.662
0.662
0.0222564
0.0357178
0.267846
0.238226
0.364995
0.579452
0.662
0.169829
0.129033
0.591707
0.0242552
0.662
0.662
0.662
0.662
0.662
0.104719
0.186153
0.356864
0.662
0.241867
0.662
0.44421
0.0382317
0.662
0.662
0.662
0.468874
0.217416
0.662
0.662
0.312427
0.662
0.662
0.405114
0.197095
0.42082
0.164786
0.197351
0.43611
0.662
0.00933951
0.0802861
0.37504
0.0958051
0.000626911
0.662
0.231768
0.662
0.429463
0.269842
0.662
0.662
0.662
0.0958714
0.469127
0.224453
0.5231
0.662
0.662
0.418446
0.662
0.0257657
0.662
0.0957421
0.662
0.184878
0.314877
0.662
0.662
0.375032
0.662
0.662
0.649589
0.170341
0.0973875
0.352629
0.662
0.662
0.662
0.419086
0.662
0.270165
0.662
0.662
0.662
0.458205
0.662
0.0842345
0.225562
0.4594
0.548372
0.662
0.662
0.334851
0.0896793
0.662
0.662
0.662
