0.662
0.072313
0.423114
0.000678498
0.662
0.0982425
0.662
0.662
0.662
0.442307
0.208195
0.0854337
0.315243
0.298022
0.662
0.49659
0.662
0.662
0.424634
0.662
0.662
0.662
0.317898
0.662
0.420932
0.662
0.332417
0.503776
0.211374
0.662
0.662
0.662
0.614035
0.662
0.662
0.662
0.662
0.15047
0.662
0.434605
0.662
0.662
0.662
0.662
0.0499265
0.662
0.17075
0.648869
0.111726
0.193545
0.662
0.662
0.10321
0.662
0.662
0.452844
0.662
0.332522
0.464676
0.230009
0.294904
0.00327239
0.194816
0.662
0.662
0.299869
0.662
0.662
0.231165
0.662
0.0342486
0.662
0.431244
0.549887
0.662
0.662
0.662
0.266692
0.396572
0.662
0.302572
0.493495
0.00525755
0.125487
0.662
0.662
0.0683216
0.662
0.197651
0.274279
0.225748
0.311944
0.662
0.662
0.359579
0.662
0.127661
0.275212
0.662
0.403234
0.662
0.623376
0.662
0.662
0.662
0.662
0.00597971
0.0736777
0.517053
0.662
0.662
0.662
0.144803
0.146898
0.662
0.198113
0.401869
0.333283
0.413139
0.0810179
0.252308
0.180942
0.436696
0.662
0.179757
0.421783
0.662
0.662
0.662
0.332039
0.662
0.457067
0.0349034
0.662
0.380095
0.531927
0.104962
0.662
0.662
0.61279
0.662
0.662
0.124795
0.662
0.418419
0.0221419
0.662
0.662
0.48978
0.662
0.662
0.662
0.382749
0.662
0.17341
0.662
0.662
0.662
0.662
0.662
0.5589
0.411447
0.662
0.158288
0.117594
0.662
0.662
0.108754
0.103099
0.662
0.662
0.63612
0.662
0.662
0.662
0.662
0.662
0.0591544
0.340587
0.662
0.662
0.662
0.662
0.662
0.662
0.662
0.574402
0.662
0.662
0.385612
0.253243
0.662
0.662
0.662
0.662
0.662
0.131233
0.347282
0.16646
0.555011
0.442505
0.662
0.0435491
0.662
0.662
0.395887
0.253391
0.437459
0.655856
0.446141
0.435687
0.662
0.662
0.662
0.137739
0.256975
0.237485
0.662
0.331218
0.662
0.439929
0.268611
0.662
0.344542
0.662
0.662
0.390476
0.662
0.662
0.259636
0.662
0.662
0.662
0.662
0.662
0.662
0.662
0.662
0.229799
0.662
0.662
0.411975
0.662
0.662
0.662
0.226052
0.662
0.662
0.149507
0.293365
0.662
0.662
0.662
0.217488
0.662
0.662
0.662
0.126877
0.662
0.0978274
0.662
0.618526
0.662
0.239476
0.662
0.662
0.662
0.2966
0.662
0.451724
0.129542
0.662
0.507803
0.318237
0.662
0.662
0.281759
0.153889
0.488233
0.662
0.0520905
0.662
0.662
0.662
0.486152
0.398997
0.662
0.284071
0.524835
0.250066
0.662
0.662
0.662
0.287174
0.515868
0.662
0.662
0.662
0.0161778
0.662
0.662
0.0436513
0.135411
0.662
0.662
0.371028
0.457576
0.662
0.0174037
0.0801733
0.662
0.662
0.662
0.423075
0.454669
0.662
0.411983
0.277603
0.662
0.319124
0.662
0.662
0.15771
0.662
0.397522
0.246886
0.662
0.662
0.104473
0.117656
0.662
0.662
0.240726
0.662
0.474301
0.662
0.662
0.662
0.332838
0.151184
0.208941
0.662
0.428887
0.662
0.662
0.662
0.32965
0.662
0.340716
0.662
0.662
0.125619
0.662
0.428343
0.662
0.445232
0.662
0.662
0.13635
0.662
0.644966
0.662
0.662
0.662
0.662
0.662
0.662
0.662
0.0690996
0.662
0.104134
0.662
0.662
0.286197
0.435222
0.662
0.336855
0.662
0.662
0.662
0.342414
0.0819985
0.115937
0.296825
0.662
0.662
0.195276
0.662
0.153395
0.150644
0.662
0.662
0.662
0.0653788
0.636988
0.513086
0.662
0.373521
0.662
0.335445
0.662
0.0345794
0.379889
0.662
0.591772
0.662
0.662
0.662
0.662
0.662
0.662
0.662
0.662
0.662
0.662
0.662
0.662
0.662
0.662
0.365129
0.161994
0.393293
0.430163
0.309553
0.246276
0.662
0.662
0.300219
0.332734
0.662
0.662
0.178375
0.662
0.437566
0.662
0.662
0.662
0.333954
0.333659
0.662
0.662
0.423937
0.662
0.662
0.662
0.637485
0.148135
0.047689
0.181972
0.662
0.221041
0.645564
0.180903
0.662
0.662
0.662
0.662
0.662
0.384412
0.0664629
0.662
0.662
0.267969
0.00317537
0.662
0.480077
0.463774
0.662
0.662
0.556689
0.662
0.662
0.662
0.662
0.105634
0.662
0.662
0.24898
0.662
0.123813
0.0703114
0.662
0.662
0.464233
0.662
0.17245
0.19036
0.196175
0.662
0.195114
0.662
0.302448
0.387712
0.662
