0.424737
0.662
0.169114
0.662
0.662
0.0528574
0.147519
0.481575
0.662
0.331502
0.135759
0.662
0.662
0.662
0.662
0.539662
0.100449
0.088265
0.662
0.188901
0.662
0.662
0.662
0.662
0.662
0.662
0.662
0.00869347
0.144877
0.662
0.0775941
0.03686
0.662
0.662
0.0494764
0.662
0.662
0.662
0.662
0.662
0.174784
0.101497
0.397626
0.325299
0.0226412
0.347143
0.662
0.662
0.662
0.662
0.340808
0.582907
0.662
0.662
0.662
0.361174
0.362317
0.466598
0.249331
0.260625
0.662
0.162024
0.662
0.662
0.662
0.647915
0.409544
0.662
0.264296
0.662
0.225421
0.0553179
0.0395659
0.662
0.662
0.662
0.571139
0.662
0.662
0.634631
0.130707
0.662
0.247554
0.662
0.117775
0.163724
0.532931
0.662
0.462353
0.31487
0.662
0.166121
0.469943
0.209702
0.662
0.662
0.662
0.283305
0.125933
0.202218
0.662
0.366072
0.246199
0.662
0.662
0.662
0.662
0.662
0.662
0.662
0.662
0.403869
0.261869
0.662
0.338182
0.195127
0.0717805
0.198258
0.160016
0.662
0.326096
0.662
0.163055
0.662
0.662
0.662
0.662
0.662
0.662
0.152671
0.662
0.373419
0.282649
0.105245
0.487262
0.220336
0.662
0.308903
0.126495
0.662
0.662
0.662
0.662
0.359985
0.662
0.662
0.662
0.662
0.662
0.662
0.662
0.662
0.494235
0.161133
0.121781
0.662
0.662
0.662
0.662
0.133039
0.179469
0.662
0.662
0.475734
0.662
0.432085
0.232851
0.423441
0.662
0.662
0.662
0.662
0.190462
0.662
0.662
0.662
0.418536
0.662
0.662
0.662
0.662
0.594475
0.662
0.439349
0.662
0.662
0.662
0.662
0.36894
0.662
0.447645
0.662
0.0169139
0.662
0.662
0.662
0.662
0.224403
0.662
0.662
0.348052
0.662
0.662
0.662
0.134576
0.662
0.662
0.0603506
0.662
0.534488
0.662
0.662
0.662
0.377916
0.176846
0.441697
0.414278
0.205305
0.662
0.279672
0.272465
0.0919152
0.662
0.187369
0.662
0.28333
0.662
0.662
0.662
0.104266
0.662
0.662
0.576321
0.662
0.662
0.136671
0.662
0.190917
0.194374
0.302549
0.033838
0.662
0.401063
0.662
0.22289
0.323099
0.555798
0.635078
0.662
0.337949
0.662
0.193037
0.169304
0.662
0.105876
0.662
0.662
0.454415
0.662
0.662
0.340851
0.221048
0.0996735
0.662
0.662
0.358713
0.662
0.662
0.149614
0.201392
0.662
0.38676
0.662
0.192007
0.410599
0.662
0.146985
0.319865
0.662
0.191566
0.303701
0.321879
0.662
0.662
0.662
0.400652
0.662
0.662
0.47318
0.557128
0.662
0.242146
0.662
0.161889
0.662
0.662
0.662
0.478823
0.191582
0.662
0.662
0.662
0.662
0.268623
0.662
0.662
0.330649
0.662
0.662
0.662
0.662
0.403465
0.662
0.0713391
0.662
0.09072
0.359491
0.662
0.662
0.662
0.662
0.0590609
0.459992
0.343161
0.662
0.662
0.381917
0.662
0.662
0.662
0.662
0.662
0.32041
0.662
0.285642
0.286752
0.0788694
0.662
0.122624
0.464137
0.662
0.662
0.662
0.358997
0.662
0.134627
0.176441
0.0966898
0.662
0.662
0.662
0.662
0.662
0.373893
0.20736
0.662
0.315572
0.372092
0.662
0.662
0.662
0.662
0.411963
0.484654
0.662
0.662
0.367077
0.662
0.568712
0.662
0.662
0.662
0.548174
0.662
0.437974
0.0583213
0.370903
0.52664
0.387303
0.662
0.376218
0.177594
0.662
0.662
0.48287
0.662
0.662
0.140242
0.243699
0.662
0.62731
0.13572
0.662
0.0634896
0.662
0.662
0.330407
0.662
0.662
0.384245
0.662
0.662
0.662
0.662
0.0322167
0.4492
0.662
0.0635774
0.662
0.662
0.662
0.662
0.139905
0.662
0.400396
0.23089
0.662
0.272684
0.476683
0.662
0.318729
0.54837
0.662
0.165511
0.260051
0.122533
0.371286
0.662
0.297777
0.0670877
0.662
0.574413
0.358717
0.360553
0.390213
0.662
0.309493
0.662
0.662
0.479563
0.406844
0.662
0.662
0.495386
0.662
0.662
0.662
0.40544
0.0831221
0.32682
0.662
0.662
0.662
0.662
0.662
0.662
0.662
0.662
0.662
0.330929
0.662
0.368288
0.662
0.144432
0.63339
0.662
0.546126
0.662
0.233024
0.662
0.662
0.46983
0.662
0.473104
0.300644
0.662
0.4164
0.662
0.342923
0.0595261
0.369423
0.416784
0.662
0.0193472
0.662
0.048993
0.153005
0.662
0.662
0.662
0.662
0.662
0.662
0.662
0.29588
0.662
0.662
0.0982311
0.662
0.33128
0.662
0.189704
0.662
0.662
0.662
0.413812
0.662
0.662
0.392283
0.407918
0.20804
0.219007
0.662
0.147495
0.662
0.662
0.662
0.662
0.346996
0.311375
0.379331
0.662
0.219936
0.0375692
0.142763
0.157118
0.662
0.662
0.589685
0.473883
0.225029
0.662
0.662
0.662
0.662
0.662
0.662
0.143758
0.187656
0.662
0.143313
0.662
0.0193149
0.270004
0.462358
0.662
0.662
0.662
0.662
0.336657
0.662
0.662
0.662
0.662
0.0199965
0.662
0.437318
0.662
0.277036
0.406439
0.00697609
0.662
0.199306
0.662
0.662
0.662
0.662
0.662
0.662
0.662
0.662
0.662
0.662
0.662
0.662
0.662
0.411806
0.662
0.662
0.662
0.662
0.662
0.662
0.662
0.662
0.166678
0.662
0.139533
0.138472
0.192739
0.662
0.156938
0.298329
0.156332
0.0891478
0.131461
0.662
0.662
0.662
0.662
0.0129273
0.662
0.662
0.662
0.501579
0.308989
0.662
0.662
0.246569
0.662
0.662
0.397337
0.381228
