0.123813
0.395887
0.428343
0.662
0.655856
0.0664629
0.105634
0.662
0.146898
0.662
0.277603
0.47712
0.662
0.336855
0.0889511
0.662
0.441911
0.662
0.460613
0.662
0.662
0.662
0.266692
0.662
0.0913224
0.0978274
0.435222
0.103099
0.662
0.230009
0.237485
0.662
0.0982425
0.662
0.436696
0.433332
0.16076
0.662
0.662
0.358031
0.662
0.662
0.662
0.302448
0.662
0.0490364
0.250066
0.662
0.662
0.131233
0.662
0.662
0.662
0.0810179
0.589146
0.180903
0.662
0.662
0.662
0.298022
0.662
0.359579
0.662
0.662
0.662
0.662
0.386939
0.662
0.662
0.662
0.662
0.46258
0.230892
0.36052
0.662
0.292461
0.332417
0.662
0.284071
0.423075
0.432993
0.148135
0.662
0.17245
0.662
0.16646
0.662
0.662
0.662
0.63612
0.117656
0.463774
0.662
0.416374
0.662
0.662
0.00525755
0.312556
0.0877554
0.662
0.662
0.662
0.662
0.662
0.469086
0.662
0.480077
0.347282
0.662
0.662
0.239476
0.662
0.546368
0.662
0.662
0.387712
0.662
0.38971
0.662
0.662
0.380707
0.662
0.662
0.662
0.662
0.418419
0.339738
0.662
0.662
0.197651
0.662
0.662
0.311944
0.411975
0.474301
0.662
0.341956
0.662
0.662
0.335445
0.662
0.405962
0.662
0.662
0.223221
0.229799
0.315243
0.662
0.662
0.454669
0.135411
0.424534
0.662
0.662
0.662
0.662
0.662
0.662
0.389378
0.531927
0.319124
0.324734
0.332039
0.0342486
0.662
0.268611
0.0704539
0.071966
0.0690996
0.662
0.662
0.662
0.149507
0.380095
0.161994
0.662
0.0435491
0.662
0.662
0.662
0.662
0.385612
0.662
0.437566
0.334828
0.662
0.662
0.662
0.662
0.517053
0.15047
0.662
0.287174
0.662
0.662
0.591772
0.174192
0.662
0.126637
0.662
0.662
0.651933
0.623376
0.644966
0.457175
0.662
0.662
0.340716
0.662
0.46476
0.662
0.332229
0.662
0.29371
0.15771
0.54765
0.662
0.00317537
0.00327239
0.226052
0.662
0.179757
0.662
0.662
0.662
0.295376
0.332838
0.181327
0.0161778
0.374276
0.662
0.662
0.246886
0.424634
0.662
0.15796
0.662
0.662
0.662
0.662
0.662
0.247879
0.662
0.662
0.662
0.309553
0.662
0.662
0.662
0.662
0.662
0.662
0.662
0.208941
0.662
0.308202
0.104962
0.662
0.419707
0.217488
0.160591
0.211583
0.662
0.662
0.610268
0.1766
0.264995
0.00597971
0.268952
0.662
0.662
0.420932
0.0970905
0.662
0.662
0.662
0.662
0.662
0.662
0.0499265
0.511689
0.121541
0.0291684
0.662
0.662
0.0736777
0.662
0.5589
0.662
0.464676
0.662
0.662
0.147682
0.662
0.275212
0.195426
0.662
0.576596
0.648869
0.662
0.662
0.662
0.411983
0.662
0.404109
0.0390084
0.662
0.662
0.662
0.662
0.249716
0.662
0.205607
0.662
0.151184
0.476315
0.153395
0.574402
0.662
0.242571
0.662
0.662
0.662
0.662
0.124345
0.662
0.183341
0.193837
0.195276
0.662
0.216598
0.662
0.240726
0.662
0.662
0.662
0.507803
0.662
0.662
0.662
0.662
0.144803
0.662
0.0791927
0.434605
0.662
0.345685
0.662
0.662
0.662
0.662
0.662
0.662
0.662
0.662
0.233762
0.662
0.2324
0.439929
0.334897
0.384412
0.662
0.662
0.662
0.662
0.231165
0.442307
0.504448
0.0770344
0.662
0.662
0.662
0.246276
0.000678498
0.556689
0.662
0.662
0.130451
0.662
0.662
0.662
0.126877
0.190943
0.662
0.662
0.662
0.223142
0.208195
0.662
0.662
0.662
0.662
0.432964
0.446141
0.662
0.310909
0.662
0.662
0.662
0.662
0.662
0.662
0.662
0.662
0.22719
0.0869183
0.662
0.662
0.662
0.252308
0.662
0.0528833
0.662
0.0264399
0.340587
0.301975
0.662
0.662
0.24898
0.662
0.662
0.662
0.135094
0.180942
0.662
0.662
0.662
0.008662
0.662
0.662
0.0252437
0.662
0.662
0.571963
0.662
0.371028
0.662
0.662
0.662
0.662
0.0215019
0.662
0.662
0.662
0.0653788
0.662
0.515868
0.115937
0.662
0.302572
0.185803
0.299869
0.00753079
0.2966
0.662
0.176138
0.662
0.393802
0.662
0.104134
0.662
0.072313
0.177948
0.662
0.662
0.662
0.104473
0.197876
0.662
0.662
0.221041
0.662
0.662
0.277728
0.662
0.61279
0.662
0.662
0.486152
0.379236
0.209505
0.388262
0.16737
0.318237
0.662
0.32965
0.0460046
0.662
0.662
0.286197
0.662
0.48978
0.662
0.108754
0.662
0.662
0.0591544
0.662
0.0912448
0.172769
0.662
0.662
0.388469
0.271915
0.662
0.437459
0.662
0.662
0.614035
0.662
0.0345794
0.662
0.382749
0.274279
0.124705
0.555011
0.636988
0.662
0.662
0.198113
0.503776
0.662
0.662
