0.107724
0.521548
0.662
0.662
0.662
0.454808
0.145792
0.265643
0.430606
0.277384
0.198189
0.0155688
0.662
0.411931
0.662
0.662
0.362432
0.438206
0.323352
0.214071
0.582421
0.662
0.662
0.662
0.0800343
0.454489
0.332583
0.662
0.086411
0.0111191
0.221618
0.417903
0.662
0.383783
0.0634207
0.39443
0.027823
0.662
0.165909
0.308796
0.375787
0.662
0.662
0.662
0.277507
0.662
0.23871
0.38688
0.662
0.352548
0.302056
0.211654
0.178075
0.1609
0.231997
0.662
0.662
0.301251
0.0387601
0.375162
0.112542
0.662
0.386281
0.348789
0.399524
0.662
0.162516
0.162069
0.662
0.662
0.215682
0.374388
0.662
0.662
0.10439
0.116424
0.379278
0.0817567
0.662
0.662
0.479678
0.662
0.662
0.457955
0.456962
0.119312
0.662
0.453753
0.662
0.662
0.662
0.21198
0.49654
0.425085
0.662
0.662
0.232679
0.662
0.662
0.0800832
0.662
0.662
0.662
0.662
0.662
0.0741962
0.323324
0.662
0.127116
0.662
0.285382
0.437197
0.418554
0.220393
0.662
0.454952
0.449935
0.662
0.662
0.0448266
0.662
0.132071
0.662
0.662
0.26298
0.51302
0.662
0.381453
0.662
0.0452293
0.662
0.662
0.151353
0.295555
0.662
0.0331184
0.201656
0.662
0.662
0.662
0.421749
0.446217
0.147039
0.387352
0.662
0.662
0.662
0.400094
0.470306
0.194281
0.147546
0.662
0.662
0.662
0.457716
0.364254
0.115683
0.198938
0.662
0.332301
0.129033
0.662
0.43554
0.662
0.307656
0.662
0.662
0.0101167
0.662
0.662
0.389787
0.662
0.27267
0.399564
0.662
0.662
0.383728
0.662
0.394376
0.000842283
0.0169614
0.283137
0.403054
0.325451
0.160184
0.662
0.662
0.34946
0.662
0.662
0.662
0.662
0.662
0.662
0.00482775
0.662
0.175273
0.662
0.662
0.662
0.662
0.662
0.0338398
0.464122
0.321722
0.662
0.662
0.662
0.312935
0.662
0.662
0.662
0.587984
0.0577588
0.662
0.662
0.275761
0.662
0.662
0.202839
0.662
0.111762
0.154493
0.662
0.0174632
0.53383
0.662
0.662
0.0635134
0.00538924
0.662
0.392872
0.662
0.662
0.662
0.662
0.469127
0.421841
0.0552522
0.662
0.662
0.102918
0.022474
0.662
0.662
0.238442
0.662
0.509161
0.0147306
0.176026
0.188715
0.321302
0.662
0.157229
0.662
0.662
0.662
0.315113
0.662
0.662
0.662
0.662
0.662
0.516692
0.513956
0.157855
0.662
0.424922
0.227008
0.662
0.113686
0.662
0.480037
0.00603061
0.427236
0.662
0.401487
0.662
0.662
0.662
0.406797
0.662
0.662
0.662
0.662
0.662
0.662
0.451094
0.662
0.278234
0.662
0.477249
0.309116
0.662
0.109293
0.662
0.375526
0.458599
0.662
0.0496236
0.662
0.222543
0.192161
0.662
0.662
0.662
0.218437
0.662
0.662
0.662
0.662
0.662
0.662
0.118738
0.117337
0.579733
0.461335
0.559609
0.662
0.458205
0.313996
0.338345
0.455289
0.662
0.662
0.375217
0.265929
0.0862638
0.662
0.141445
0.049817
0.450007
0.652254
0.251317
0.662
0.662
0.628
0.662
0.662
0.662
0.662
0.662
0.114402
0.369985
0.475414
0.662
0.450505
0.250999
0.00216662
0.662
0.378522
0.662
0.662
0.662
0.661283
0.662
0.557308
