0.221971
0.662
0.137486
0.640868
0.41514
0.114573
0.662
0.0488495
0.662
0.662
0.662
0.346934
0.387389
0.402704
0.460799
0.428296
0.662
0.662
0.662
0.363189
0.202831
0.662
0.37758
0.0215019
0.662
0.662
0.662
0.662
0.662
0.662
0.378889
0.404843
0.662
0.662
0.662
0.463806
0.313953
0.662
0.041005
0.147185
0.662
0.662
0.662
0.662
0.379629
0.662
0.217123
0.662
0.0378472
0.581554
0.662
0.273905
0.404265
0.662
0.538323
0.429312
0.662
0.372208
0.662
0.662
0.470225
0.342462
0.662
0.0754984
0.662
0.662
0.477176
0.022016
0.662
0.226728
0.662
0.164589
0.128169
0.662
0.163718
0.170069
0.0700631
0.662
0.662
0.662
0.662
0.662
0.615345
0.662
0.662
0.662
0.00449829
0.152966
0.0346652
0.662
0.344917
0.538401
0.351339
0.662
0.662
0.308202
0.0853888
0.662
0.232988
0.662
0.17495
0.662
0.105634
0.100408
0.0537317
0.662
0.662
0.662
0.662
0.662
0.32763
0.662
0.364645
0.662
0.662
0.637538
0.248688
0.268233
0.662
0.662
0.0153633
0.0839501
0.662
0.662
0.662
0.356818
0.536399
0.353594
0.662
0.662
0.209156
0.662
0.245575
0.298906
0.662
0.462695
0.662
0.366183
0.662
0.197062
0.662
0.212223
0.662
0.662
0.205736
0.662
0.662
0.662
0.423409
0.662
0.14377
0.291187
0.444129
0.321019
0.416832
0.502906
0.662
0.103639
0.322536
0.662
0.486694
0.662
0.662
0.0923914
0.662
0.439881
0.662
0.662
0.236855
0.113725
0.662
0.662
0.662
0.662
0.531927
0.47887
0.353872
0.662
0.514512
0.312555
0.662
0.662
0.662
0.441911
0.12733
0.662
0.146051
0.185605
0.662
0.662
0.299631
0.00312747
0.662
0.0715126
0.234364
0.662
0.0879504
0.305423
0.126117
0.293121
0.63339
0.662
0.662
0.662
0.662
0.662
0.662
0.662
0.662
0.36491
0.396836
0.27027
0.515917
0.662
0.198465
0.131732
0.662
0.662
0.662
0.19587
0.662
0.0664629
0.300944
0.392307
0.639086
0.662
0.338862
0.0233558
0.662
0.662
0.662
0.662
0.456089
0.502926
0.662
0.411888
0.534
0.0658909
0.662
0.662
0.662
0.345134
0.662
0.0469881
0.00738656
0.662
0.0672938
0.0149331
0.14218
0.662
0.154917
0.197709
0.0295576
0.662
0.662
0.245558
0.356261
0.662
0.662
0.662
0.662
0.0832881
0.449267
0.662
0.662
0.662
0.0484379
0.662
0.662
0.662
0.523247
0.217028
0.254734
0.194758
0.662
0.662
0.662
0.662
0.662
0.662
0.40233
0.466131
0.380971
0.460363
0.662
0.0100669
0.662
0.0130342
0.487438
0.229658
0.627619
0.662
0.662
0.662
0.0264399
0.662
0.662
0.438597
0.10464
0.309614
0.662
0.201087
0.242983
0.662
0.662
0.662
0.105928
0.662
0.662
0.397526
0.0176928
0.662
0.662
0.662
0.151584
0.662
0.662
0.375603
0.338893
0.434983
0.662
0.662
0.259046
0.157987
0.148478
0.0843848
0.662
0.374276
0.428654
0.662
0.0181172
0.100775
0.229799
0.662
0.211243
0.423285
0.148914
0.662
0.156738
0.399276
0.662
0.399583
0.662
0.662
0.662
0.367156
0.662
0.00664934
0.416229
0.421116
0.662
0.662
0.451678
0.271181
0.662
0.489542
0.662
0.202698
0.662
0.103223
0.519642
0.23452
0.662
0.0980453
0.662
0.38708
0.399726
0.0766499
0.662
0.662
0.662
0.662
0.662
0.365559
0.662
0.384054
0.662
0.662
0.662
0.662
0.662
0.655667
0.662
0.662
0.662
0.662
0.662
0.662
0.435222
0.662
0.662
0.432857
0.662
0.124456
0.36166
0.662
0.363931
0.494897
0.662
0.201471
0.454264
0.662
0.662
0.662
0.0889511
0.662
0.404447
0.23475
0.662
0.370647
0.662
0.437566
0.662
0.23462
0.495442
0.00797526
0.662
0.662
0.336855
0.662
0.662
0.662
0.231129
0.662
0.433132
0.662
0.0812473
0.662
0.662
0.120571
0.157325
0.399004
0.662
0.373961
0.324906
0.662
0.575791
0.546374
0.368904
0.463207
0.662
0.467373
0.547673
0.662
0.190943
0.018098
0.662
0.662
0.304521
0.217203
0.662
0.197413
0.298418
0.662
0.0412306
0.409608
0.662
0.662
0.497879
0.364696
0.662
0.124817
0.662
0.212111
0.662
0.16076
0.0160423
0.600456
0.332919
0.662
0.445711
0.662
0.662
0.375951
0.662
0.662
0.662
0.662
0.376775
0.662
0.662
0.251054
0.342312
0.215234
0.0528833
0.425771
0.0845082
0.394275
0.218799
0.21906
0.463181
0.662
0.0557961
0.662
0.662
0.662
0.662
0.144948
0.662
0.662
0.223245
0.662
0.451831
0.662
0.264995
0.444308
0.662
0.662
0.175399
0.662
0.662
0.662
0.662
0.662
0.662
0.457787
0.662
0.662
0.662
0.477785
0.662
0.662
0.662
0.119101
0.0120519
0.662
0.336334
0.171751
0.279667
0.662
0.662
0.507914
0.662
0.662
0.662
0.662
0.293354
0.662
0.662
0.662
0.169033
0.0671431
0.662
0.34871
0.662
0.443199
0.536111
0.0916195
0.022741
0.131554
0.662
0.405962
0.662
0.662
0.662
0.0601483
0.662
0.662
0.662
0.662
0.662
0.662
0.662
0.662
0.662
0.662
0.662
0.0591955
0.662
0.355825
0.293087
0.394031
0.662
0.662
0.662
0.404074
0.662
0.662
0.662
0.662
0.267438
0.662
0.170774
0.407137
0.386097
0.662
0.414108
0.662
0.662
0.376273
0.333658
0.128747
0.662
0.0221596
0.662
0.662
0.662
0.0770248
