0.662
0.107259
0.662
0.582086
0.0796146
0.42082
0.662
0.366556
0.148136
0.662
0.214456
0.662
0.662
0.662
0.662
0.159747
0.465923
0.662
0.662
0.143778
0.459318
0.662
0.662
0.0824997
0.15356
0.662
0.662
0.0724398
0.0782218
0.662
0.662
0.014737
0.126508
0.662
0.27061
0.662
0.110555
0.662
0.662
0.211821
0.662
0.662
0.509048
0.194093
0.431109
0.662
0.662
0.662
0.662
0.385392
0.662
0.469979
0.328742
0.0748898
0.429623
0.234174
0.662
0.662
0.250403
0.0200265
0.289985
0.190744
0.197248
0.662
0.662
0.00918905
0.189587
0.393997
0.243448
0.662
0.526358
0.662
0.662
0.138288
0.662
0.364039
0.662
0.662
0.662
0.418716
0.222805
0.534417
0.17018
0.457857
0.177587
0.223737
0.244213
0.662
0.11167
0.210487
0.662
0.662
0.662
0.662
0.662
0.052383
0.662
0.404869
0.422206
0.662
0.662
0.662
0.662
0.662
0.662
0.662
0.272019
0.662
0.307995
0.499749
0.196452
0.482714
0.389515
0.662
0.662
0.366384
0.134919
0.469953
0.662
0.393751
0.662
0.662
0.111752
0.662
0.292606
0.662
0.38033
0.382713
0.568123
0.662
0.662
0.662
0.269683
0.662
0.0904434
0.158804
0.662
0.438454
0.662
0.662
0.662
0.438649
0.299101
0.0604822
0.662
0.662
0.589486
0.0653879
0.162114
0.418572
0.00832357
0.662
0.662
0.662
0.662
0.348599
0.41786
0.662
0.662
0.343214
0.296181
0.662
0.22114
0.662
0.0806237
0.662
0.219381
0.662
0.662
0.662
0.662
0.662
0.662
0.662
0.662
0.662
0.0493086
0.662
0.662
0.405948
0.347802
0.662
0.424111
0.025431
0.219334
0.341529
0.362107
0.662
0.662
0.325059
0.253846
0.234694
0.22325
0.153211
0.662
0.613484
0.0109907
0.404618
0.0322486
0.585496
0.120776
0.662
0.16477
0.662
0.152073
0.455112
0.662
0.662
0.561295
0.662
0.662
0.662
0.662
0.270205
0.248955
0.662
0.662
0.436806
0.325709
0.472719
0.271645
0.662
0.662
0.0479637
0.662
0.662
0.136404
0.662
0.131233
0.662
0.210232
0.509791
0.662
0.662
0.662
0.662
0.662
0.25177
0.256597
0.662
0.662
0.0394185
0.267846
0.252074
0.662
0.662
0.662
0.244932
0.0319479
0.468364
0.21709
0.662
0.127997
0.0671534
0.662
0.662
0.22798
0.473418
0.662
0.662
0.662
0.662
0.662
0.640461
0.293926
0.584327
0.163983
0.662
0.662
0.181707
0.349949
0.662
0.198445
0.662
0.662
0.662
0.479762
0.662
0.189273
0.662
0.240008
0.662
0.177448
0.423256
0.662
0.662
0.662
0.662
0.662
0.662
0.662
0.662
0.401113
0.361418
0.662
0.662
0.662
0.662
0.232757
0.376511
0.662
0.662
0.662
0.662
0.320563
0.462514
0.077811
0.662
0.279083
0.662
0.464612
0.662
0.662
0.662
0.662
0.305272
0.206181
0.474558
0.662
0.662
0.662
0.0666787
0.445491
0.662
0.662
0.662
0.308225
0.265748
0.662
0.584777
0.662
0.662
0.662
0.0538257
0.387669
0.662
0.662
0.662
0.662
0.0455979
0.662
0.146848
0.662
0.662
0.508004
0.194225
0.662
0.223072
0.194742
0.662
0.662
0.453425
0.662
0.662
0.330595
0.272911
0.662
0.116884
0.662
0.334563
0.662
0.662
0.662
0.662
0.662
0.355897
0.116077
0.420312
0.253353
0.662
0.662
0.662
0.662
0.662
0.662
0.662
0.39125
0.370637
0.23204
0.662
0.662
0.305611
0.559583
0.662
0.662
0.450431
0.405523
0.662
0.287903
0.662
0.233094
0.308795
0.0332519
0.638082
0.662
0.235376
0.662
0.226138
0.662
0.400339
0.662
0.662
0.0569147
0.183973
0.662
0.662
0.117225
0.432868
0.429463
0.208205
0.294852
0.637153
0.662
0.391751
0.662
0.0310597
0.662
0.101715
0.662
0.662
0.567662
0.182831
0.473334
0.0426696
0.186946
0.457824
0.0579565
0.662
0.662
0.662
0.115308
0.662
0.662
0.662
0.662
0.662
0.340683
0.662
0.662
0.662
0.468393
0.321445
0.662
0.423484
0.306276
0.662
0.114058
0.228672
0.264911
0.662
0.662
0.662
0.46042
0.662
0.155927
0.447526
0.326019
0.662
0.316779
0.662
0.460357
0.396332
0.662
0.376655
0.249516
0.662
0.399435
0.174588
0.662
0.451629
0.662
0.313519
0.22015
0.234226
0.478413
0.407839
0.304512
0.104683
0.662
0.662
0.189618
0.662
0.662
0.662
0.662
0.662
0.662
0.190395
0.662
0.662
0.0337749
0.0808389
0.0448707
0.105518
0.274345
0.662
0.662
0.442282
