0.309079
0.662
0.662
0.337517
0.662
0.441159
0.206578
0.412114
0.279889
0.662
0.662
0.662
0.662
0.325576
0.662
0.662
0.662
0.662
0.662
0.662
0.662
0.427228
0.163521
0.662
0.662
0.662
0.662
0.662
0.662
0.271703
0.0578998
0.662
0.662
0.323039
0.662
0.256545
0.662
0.662
0.662
0.103765
0.662
0.662
0.461363
0.662
0.269993
0.415622
0.662
0.662
0.304267
0.209464
0.262397
0.288306
0.662
0.662
0.662
0.0419006
0.280469
0.662
0.662
0.365219
0.38232
0.662
0.662
0.662
0.662
0.662
0.662
0.662
0.301039
0.44625
0.116069
0.662
0.662
0.177729
0.16756
0.662
0.662
0.662
0.016832
0.173505
0.0751953
0.662
0.662
0.563069
0.662
0.662
0.00880173
0.380291
0.29762
0.662
0.173372
0.662
0.662
0.072237
0.662
0.397201
0.0467102
0.662
0.662
0.312767
0.142639
0.662
0.330465
0.455193
0.0168904
0.662
0.662
0.662
0.312785
0.0865462
0.423875
0.0462409
0.225311
0.662
0.105922
0.429066
0.662
0.662
0.662
0.443957
0.18655
0.662
0.662
0.413995
0.0958473
0.120859
0.364808
0.662
0.662
0.662
0.16115
0.662
0.662
0.00808916
0.662
0.662
0.19732
0.662
0.662
0.381146
0.181294
0.662
0.662
0.662
0.167159
0.371544
0.415694
0.662
0.236097
0.250777
0.0506512
0.662
0.662
0.662
0.662
0.662
0.234349
0.662
0.493461
0.364082
0.354416
0.662
0.291129
0.662
0.662
0.662
0.443496
0.662
0.0294384
0.402872
0.0293296
0.662
0.147892
0.280906
0.662
0.662
0.334639
0.231317
0.155348
0.388433
0.662
0.0933304
0.101121
0.662
0.662
0.124907
0.662
0.324907
0.662
0.662
0.258008
0.662
0.0649493
0.662
0.383844
0.662
0.662
0.147162
0.662
0.662
0.662
0.662
0.104751
0.0695226
0.662
0.662
0.662
0.571518
0.662
0.662
0.168116
0.662
0.352981
0.662
0.445154
0.253782
0.662
0.662
0.662
0.662
0.662
0.662
0.662
0.662
0.0613249
0.469989
0.185495
0.285701
0.662
0.447647
0.662
0.302514
0.662
0.196825
0.662
0.361075
0.163141
0.662
0.662
0.662
0.662
0.662
0.662
0.297668
0.294104
0.662
0.662
0.662
0.662
0.263515
0.171605
0.180852
0.662
0.662
0.662
0.662
0.214456
0.349656
0.176275
0.662
0.500942
0.427312
0.662
0.255889
0.662
0.153242
0.207345
0.662
0.26575
0.0552557
0.662
0.467316
0.602242
0.662
0.662
0.662
0.662
0.662
0.107648
0.446583
0.370889
0.662
0.547283
0.00637009
0.128598
0.405378
0.0655616
0.238168
0.163737
0.662
0.662
0.183015
0.0341628
0.662
0.436986
0.0862817
0.662
0.662
0.410518
0.409496
0.0935903
0.0206819
0.0773358
0.662
0.15302
0.19583
0.662
0.662
0.662
0.219255
0.662
0.662
0.662
0.662
0.662
0.155712
0.6534
0.0391701
0.460806
0.299849
0.147258
0.0232105
0.416075
0.662
0.316624
0.662
0.326122
0.303103
0.484579
0.194082
0.662
0.286226
0.178789
0.662
0.662
0.105153
0.163239
0.662
0.662
0.398386
0.429119
0.662
0.662
0.398636
0.662
0.0730937
0.662
0.334041
0.662
0.662
0.176043
0.662
0.662
0.326263
0.335791
0.662
0.662
0.662
0.0277106
0.346515
0.198845
0.662
0.633391
0.662
0.391138
0.211023
0.132303
0.662
0.233028
0.353366
0.466235
0.662
0.488645
0.662
0.443422
0.662
0.419401
0.662
0.42716
0.662
0.250162
0.662
0.662
0.662
0.662
0.662
0.138665
0.662
0.662
0.411081
0.170781
0.522881
0.196015
0.250304
0.662
0.356199
0.662
0.180599
0.261055
0.330738
0.662
0.0546782
0.313451
0.126706
0.662
0.662
0.662
0.362704
0.662
0.303007
0.662
0.0795546
0.424801
0.147586
0.662
0.662
0.662
0.127111
0.662
0.55589
0.0847512
0.484681
0.184029
0.662
0.662
0.662
0.662
0.3849
0.485828
0.662
0.328171
0.275664
0.234973
0.662
0.662
0.662
0.662
0.140559
0.229128
0.170047
0.161053
0.662
0.393376
0.154054
0.662
0.215414
0.0294201
0.662
0.662
0.262561
0.662
0.121483
0.662
0.662
0.662
0.662
0.662
0.372433
0.662
0.662
0.406273
0.189278
0.332584
0.395602
0.662
0.662
0.662
0.446164
0.100155
0.264754
0.662
0.115314
0.662
0.455153
0.0401286
0.662
0.418272
0.662
0.43151
0.63339
0.662
0.278228
0.253824
0.395808
0.378183
0.662
0.662
0.222024
0.662
0.662
0.467485
0.662
0.662
0.0214755
0.329992
0.16354
0.662
0.0681742
0.270789
0.662
0.181782
0.201855
0.662
0.605101
0.662
0.662
0.662
0.662
0.514482
0.0537814
0.662
0.662
0.662
0.4082
0.662
0.219342
0.662
0.662
0.662
0.662
0.11223
0.662
0.662
0.662
0.0364717
0.662
0.662
0.662
0.662
0.409922
0.123625
0.212383
0.662
0.173445
0.662
0.498446
0.142599
0.464506
0.662
0.412936
0.662
0.416239
0.662
0.662
0.468927
0.321134
0.0786755
0.662
0.662
0.662
0.0687776
0.219678
0.662
0.662
0.662
0.315887
0.662
0.215561
0.104673
0.176255
0.0851493
0.662
0.564838
0.662
0.0701541
0.287808
0.662
0.149283
0.662
0.662
0.424937
0.172958
0.247985
0.477362
0.662
0.662
0.662
0.179926
0.662
0.227923
0.662
0.0787726
0.455309
0.26907
0.0575754
0.22681
0.662
0.662
0.662
0.273374
0.63339
0.467009
0.463912
0.662
0.082342
0.65829
0.0379418
0.0244554
0.125388
0.662
0.623625
0.334371
0.662
0.662
0.662
0.154675
0.662
0.662
0.662
0.662
0.662
0.284733
0.265244
0.662
0.662
0.662
0.291294
0.248703
0.472007
0.404032
0.435881
0.095741
0.0379497
0.208843
0.442923
0.662
0.0245817
0.184237
0.662
0.662
0.421373
0.0880583
0.662
0.475179
0.211304
0.662
0.228782
0.235609
0.662
0.0607521
0.662
