0.662
0.148208
0.662
0.054438
0.349981
0.662
0.662
0.330185
0.513563
0.662
0.401487
0.240961
0.315687
0.627075
0.662
0.662
0.662
0.662
0.662
0.509161
0.662
0.662
0.375787
0.662
0.357889
0.662
0.662
0.401607
0.4594
0.445491
0.132071
0.662
0.662
0.181792
0.662
0.169829
0.662
0.662
0.344823
0.662
0.125354
0.31916
0.222805
0.662
0.662
0.191279
0.662
0.246607
0.258527
0.662
0.169499
0.375162
0.662
0.662
0.421365
0.178905
0.366114
0.662
0.662
0.662
0.662
0.662
0.662
0.470306
0.342097
0.662
0.662
0.621918
0.662
0.662
0.662
0.458205
0.662
0.662
0.662
0.291243
0.380029
0.481821
0.662
0.662
0.212402
0.662
0.662
0.662
0.417903
0.0242552
0.662
0.307644
0.0182476
0.437928
0.662
0.662
0.237849
0.238542
0.662
0.273097
0.00813358
0.662
0.662
0.662
0.431239
0.0331184
0.196285
0.662
0.662
0.662
0.662
0.662
0.662
0.0496236
0.0579565
0.662
0.662
0.475582
0.425085
0.662
0.18365
0.662
0.226302
0.662
0.662
0.662
0.316779
0.662
0.662
0.662
0.662
0.457557
0.116424
0.0538257
0.0413173
0.166285
0.662
0.662
0.503499
0.025398
0.282262
0.469127
0.454808
0.662
0.662
0.446217
0.548372
0.309116
0.468874
0.217416
0.224725
0.662
0.662
0.449935
0.466785
0.662
0.02291
0.662
0.662
0.312234
0.662
0.662
0.254554
0.0547362
0.662
0.32689
0.26165
0.662
0.640381
0.317558
0.662
0.662
0.662
0.317981
0.662
0.662
0.662
0.409761
0.145456
0.371325
0.43419
0.336749
0.662
0.0800343
0.662
0.662
0.457746
0.662
0.662
0.662
0.0352573
0.0313546
0.117337
0.456224
0.545464
0.662
0.662
0.662
0.662
0.662
0.662
0.662
0.353429
0.662
0.200057
0.662
0.252164
0.662
0.201656
0.662
0.383783
0.175273
0.0232347
0.662
0.0837032
0.662
0.662
0.393751
0.21198
0.22766
0.662
0.662
0.662
0.0847674
0.662
0.662
0.233045
0.364558
0.662
0.662
0.131887
0.662
0.0781934
0.00933951
0.0817567
0.662
0.0357178
0.662
0.662
0.222581
0.146439
0.662
0.662
0.662
0.662
0.662
0.0156536
0.445826
0.662
0.662
0.279317
0.662
0.0934201
0.662
0.225562
0.662
0.662
0.662
0.662
0.662
0.386281
0.0723673
0.662
0.662
0.662
0.662
0.293809
0.341213
0.662
0.334851
0.662
0.25424
0.39497
0.662
0.662
0.662
0.662
0.662
0.662
0.662
0.568031
0.662
0.662
0.43611
0.152688
0.306799
0.200299
0.662
0.652254
0.304515
0.0763894
0.662
0.662
0.662
0.314877
0.662
0.250939
0.109572
0.662
0.662
0.241867
0.662
0.662
0.440494
0.418554
0.284637
0.662
0.312548
0.577766
0.662
0.150292
0.0111191
0.312427
0.434642
0.16676
0.662
0.128359
0.662
0.364995
0.0592287
0.662
0.450007
0.662
0.324184
0.148405
0.662
0.468613
0.155623
0.662
0.554048
0.662
0.415081
0.0856195
0.331572
0.662
0.299232
0.237889
0.662
0.662
0.168135
0.0622373
0.314778
0.662
0.0105091
0.344554
0.260209
0.662
0.662
0.0973083
0.662
0.662
0.662
0.0957421
0.662
0.126488
0.278847
0.127116
0.463694
0.662
0.662
0.662
0.662
0.160184
0.148098
0.4305
0.233547
0.662
0.0147306
0.662
0.466456
0.662
0.662
0.662
0.662
0.662
0.662
0.027823
0.173549
0.662
0.455953
0.0155688
0.0188538
0.662
0.112994
0.409106
0.662
0.662
0.17631
0.662
0.304453
0.0681924
0.662
0.662
0.662
0.224113
0.486284
0.289948
0.662
0.162779
0.662
0.158645
0.662
