0.269397
0.662
0.491026
0.480244
0.355991
0.160854
0.662
0.662
0.26953
0.662
0.662
0.159869
0.662
0.662
0.364404
0.662
0.415317
0.662
0.386887
0.371631
0.470927
0.103154
0.662
0.224274
0.662
0.307274
0.336573
0.662
0.447884
0.662
0.378284
0.0114436
0.662
0.400651
0.287947
0.265939
0.0264617
0.0190815
0.662
0.382018
0.662
0.222294
0.662
0.415645
0.662
0.364621
0.0818494
0.662
0.662
0.662
0.387372
0.358814
0.662
0.662
0.17689
0.340821
0.662
0.662
0.376051
0.662
0.662
0.388024
0.0203427
0.23229
0.662
0.662
0.662
0.0964887
0.662
0.662
0.487579
0.662
0.662
0.662
0.210186
0.662
0.662
0.662
0.138589
0.662
0.439938
0.195233
0.662
0.662
0.142932
0.190965
0.148725
0.440959
0.662
0.662
0.0800953
0.662
0.0872707
0.279199
0.662
0.662
0.662
0.662
0.662
0.662
0.389479
0.662
0.255878
0.662
0.662
0.662
0.662
0.662
0.341806
0.662
0.192333
0.662
0.198061
0.0695538
0.662
0.269597
0.362206
0.662
0.0542759
0.662
0.662
0.432633
0.662
0.662
0.662
0.218299
0.662
0.185598
0.662
0.662
0.662
0.662
0.662
0.662
0.662
0.434747
0.368282
0.662
0.441344
0.0780959
0.662
0.662
0.315036
0.662
0.662
0.355951
0.662
0.156593
0.0528098
0.662
0.000222415
0.154835
0.662
0.662
0.160841
0.0934203
0.662
0.112123
0.662
0.458242
0.272835
0.662
0.662
0.0110189
0.662
0.662
0.259683
0.00963307
0.662
0.662
0.662
0.662
0.194494
0.662
0.434037
0.662
0.662
0.0206581
0.662
0.662
0.484465
0.374973
0.264265
0.339255
0.662
0.662
0.228893
0.662
0.444121
0.570359
0.662
0.662
0.662
0.472363
0.662
0.0327874
0.662
0.296943
0.662
0.290116
0.662
0.397693
0.662
0.205967
0.662
0.662
0.662
0.662
0.186298
0.662
0.286429
0.387998
0.662
0.662
0.662
0.110034
0.0125539
0.176612
0.253274
0.662
0.448071
0.662
0.662
0.46598
0.174166
0.662
0.662
0.662
0.662
0.662
0.0385275
0.662
0.520123
0.382324
0.312075
0.168581
0.402159
0.662
0.662
0.461222
0.662
0.180067
0.271613
0.662
0.293246
0.355389
0.662
0.662
0.662
0.662
0.662
0.260429
0.662
0.543584
0.662
0.662
0.662
0.662
0.314682
0.662
0.30021
0.446312
0.662
0.265716
0.470159
0.491876
0.276144
0.103754
0.662
0.662
0.472775
0.662
0.662
0.662
0.143876
0.0164323
0.13026
0.635386
0.662
0.662
0.662
0.662
0.2024
0.662
0.662
0.00197869
0.284956
0.662
0.662
0.322763
0.662
0.662
0.662
0.662
0.662
0.0327699
0.662
0.39744
0.0534752
0.662
0.662
0.662
0.662
0.662
0.109845
0.662
0.312261
0.662
0.662
0.662
0.22112
0.213949
0.321796
0.662
0.662
0.290082
0.102718
0.194208
0.0942406
0.662
0.248167
0.662
0.349567
0.662
0.465639
0.0399797
0.256101
0.662
0.662
0.662
0.107955
0.0400411
0.369028
0.662
0.662
0.662
0.459074
0.662
0.263948
0.37147
0.0780312
0.367756
0.0766075
0.395863
0.662
0.662
0.280091
0.501401
0.662
0.662
0.662
0.278712
0.662
0.268165
0.268057
0.662
0.381769
0.335008
0.326732
0.662
0.662
0.266065
0.662
0.0289993
0.662
0.488595
0.46906
0.0533849
0.662
0.0104969
0.16397
0.443838
0.662
0.132832
0.662
0.662
0.662
0.662
0.200312
0.30607
0.662
0.662
0.124231
0.662
0.437682
0.662
0.662
0.0448968
0.662
0.26115
0.43058
0.44695
0.662
0.662
0.386397
0.662
0.165027
0.165191
0.662
0.662
0.662
0.662
0.662
0.662
0.475983
0.662
0.662
0.662
0.662
0.662
0.662
0.662
0.662
0.251487
0.662
0.662
0.286725
0.0596816
0.223987
0.662
0.450583
0.474617
0.662
0.662
0.662
0.662
0.637631
0.662
0.662
0.471461
0.293448
0.449285
0.199055
0.49962
0.662
0.662
0.662
0.0648222
0.662
0.0566216
0.662
0.662
0.156707
0.169974
0.413821
0.185317
0.662
0.662
0.662
0.662
0.208855
0.662
0.662
0.662
0.662
0.54832
0.662
0.274089
0.662
0.559024
0.506952
0.662
0.349879
0.32043
0.283508
0.494193
0.662
0.662
0.373588
0.662
0.23253
0.662
0.333603
0.662
0.220245
0.662
0.28946
0.163454
0.51109
0.459886
0.662
0.0394503
0.662
0.124074
0.662
0.17244
0.662
0.662
0.360205
0.662
0.132581
0.277819
0.408748
0.662
0.34904
0.662
0.662
0.557002
0.363641
0.136725
0.301703
0.662
0.662
0.163749
0.476168
0.104402
0.0482927
0.662
0.662
0.261586
0.662
0.204783
0.662
0.477591
0.241528
0.314309
0.409224
0.210261
0.135122
0.662
0.662
0.662
0.662
0.162892
0.662
0.662
0.204729
0.662
0.259629
0.662
0.13481
0.662
0.662
0.662
0.373024
0.32727
0.662
0.662
0.662
0.349327
0.662
0.366457
0.284063
0.662
0.662
0.424746
0.152881
0.411822
0.662
0.662
0.662
0.662
0.0880276
0.356042
0.662
0.189463
0.662
0.662
0.662
0.221077
0.662
0.403108
0.369098
0.662
0.662
0.433506
0.662
0.662
0.0204522
0.282699
0.662
0.662
0.0845746
0.435957
0.662
0.12089
0.210377
0.0610294
0.662
0.424751
0.535496
0.662
0.31564
0.662
0.662
0.342263
0.427242
0.519238
0.662
0.0704723
0.662
0.367068
0.22354
0.141236
0.662
0.662
0.449344
0.662
0.662
0.314546
