0.662
0.662
0.150292
0.467013
0.452893
0.662
0.662
0.289948
0.621918
0.196285
0.371325
0.662
0.662
0.662
0.317981
0.11809
0.47173
0.297887
0.662
0.662
0.0973083
0.662
0.417903
0.662
0.662
0.241867
0.662
0.662
0.386281
0.662
0.132071
0.434642
0.312548
0.0958714
0.662
0.454271
0.662
0.237685
0.662
0.06352
0.312371
0.662
0.662
0.662
0.29129
0.662
0.662
0.0957421
0.662
0.662
0.32689
0.662
0.468613
0.662
0.662
0.238252
0.200299
0.43611
0.507913
0.662
0.240961
0.356864
0.662
0.395632
0.518867
0.662
0.314778
0.662
0.662
0.662
0.400628
0.662
0.551213
0.214728
0.284101
0.218748
0.662
0.470609
0.662
0.341213
0.662
0.662
0.662
0.161931
0.662
0.0579565
0.16676
0.662
0.662
0.662
0.213968
0.662
0.445826
0.0479637
0.662
0.662
0.0569488
0.662
0.025398
0.662
0.662
0.169499
0.170341
0.291243
0.0837032
0.662
0.662
0.233027
0.662
0.205299
0.0406736
0.159655
0.662
0.662
0.475582
0.662
0.199544
0.662
0.450007
0.662
0.233547
0.662
0.662
0.315627
0.4305
0.530627
0.662
0.0738875
0.662
0.22766
0.222581
0.662
0.469127
0.385836
0.662
0.662
0.107421
0.662
0.662
0.662
0.293809
0.662
0.662
0.662
0.662
0.662
0.662
0.0179637
0.258527
0.662
0.224113
0.662
0.116424
0.0313546
0.662
0.0622373
0.190762
0.662
0.662
0.315687
0.662
0.662
0.662
0.662
0.662
0.189977
0.0582633
0.548372
0.28196
0.662
0.662
0.34713
0.0188538
0.0592287
0.662
0.409761
0.0387859
0.179456
0.662
0.662
0.194093
0.344554
0.197351
0.238542
0.338605
0.215317
0.31303
0.0147306
0.662
0.662
0.158645
0.211118
0.131887
0.383783
0.180024
0.351223
0.0802861
0.662
0.662
0.662
0.662
0.102715
0.662
0.662
0.306799
0.554048
0.509161
0.161602
0.254554
0.662
0.0547362
0.662
0.0496236
0.378178
0.662
0.274329
0.466785
0.00933951
0.662
0.662
0.178905
0.662
0.364995
0.662
0.054438
0.662
0.662
0.217416
0.662
0.194519
0.662
0.309364
0.145456
0.662
0.0538684
0.662
0.579452
0.662
0.662
0.662
0.652254
0.662
0.364558
0.662
0.201656
0.662
0.662
0.468874
0.662
0.662
0.314877
0.169829
0.662
0.129033
0.384567
0.105386
0.401487
0.662
0.309116
0.662
0.662
0.662
0.662
0.662
0.662
0.0109907
0.200511
0.0666787
0.662
0.662
0.662
0.246607
0.662
0.662
0.0818219
0.419086
0.662
0.662
0.463694
0.662
0.662
0.127343
0.662
0.662
0.662
0.0763894
0.418554
0.662
0.662
0.662
0.662
0.662
0.0352573
0.662
0.312427
0.458222
0.207697
0.0242552
0.269842
0.0357178
0.077811
0.662
0.662
0.662
0.662
0.662
0.662
0.307644
0.662
0.662
0.662
0.375162
0.464013
0.162779
0.662
0.25424
0.299232
0.662
0.025431
0.237849
0.662
0.458205
0.662
0.0105091
0.662
0.662
0.0934201
0.662
0.662
0.380029
0.352125
0.0155688
0.662
0.318875
0.197095
0.662
0.317558
0.662
0.662
0.662
0.486284
0.455654
0.662
0.251756
0.662
0.4594
0.164203
0.225562
0.662
0.662
0.662
0.454038
0.662
0.662
0.0990017
0.662
0.662
0.662
0.342097
0.662
0.662
0.445491
0.357889
0.662
0.0538257
0.0413173
0.662
0.662
0.114394
0.662
0.446925
0.342652
0.662
0.662
0.336749
0.662
0.662
0.662
0.000626911
0.662
0.662
0.0781934
0.662
0.0630451
0.662
0.662
0.414702
0.457746
0.0208667
0.304515
0.152688
0.48249
0.466456
0.662
0.269128
0.125354
0.393751
0.662
0.662
0.662
0.662
0.662
0.312234
0.662
