0.469127
0.662
0.449072
0.490614
0.662
0.359724
0.382917
0.662
0.662
0.421693
0.000626911
0.316779
0.662
0.269842
0.363414
0.662
0.662
0.662
0.252164
0.662
0.662
0.0802861
0.319501
0.662
0.662
0.662
0.662
0.150292
0.429463
0.662
0.0577959
0.662
0.662
0.662
0.132071
0.662
0.662
0.662
0.662
0.662
0.217416
0.180024
0.662
0.662
0.178909
0.662
0.662
0.662
0.662
0.579452
0.662
0.0179637
0.662
0.662
0.662
0.662
0.662
0.129033
0.662
0.48249
0.554048
0.662
0.201656
0.662
0.32054
0.356864
0.662
0.0188538
0.662
0.662
0.431409
0.662
0.189805
0.662
0.240159
0.662
0.126488
0.662
0.422665
0.454038
0.662
0.662
0.662
0.662
0.414702
0.662
0.662
0.662
0.231462
0.315687
0.188038
0.486284
0.241867
0.662
0.224453
0.127581
0.0763894
0.0582586
0.662
0.662
0.236248
0.0218084
0.662
0.304515
0.662
0.104719
0.31303
0.418446
0.662
0.299232
0.0875827
0.0491555
0.218748
0.662
0.077811
0.662
0.16676
0.468874
0.380029
0.662
0.212459
0.662
0.662
0.662
0.662
0.662
0.662
0.39497
0.662
0.662
0.662
0.458205
0.267846
0.662
0.42082
0.352629
0.662
0.273074
0.405114
0.662
0.662
0.662
0.662
0.662
0.0561126
0.114394
0.662
0.662
0.662
0.662
0.238542
0.662
0.256477
0.393997
0.29129
0.158645
0.662
0.662
0.0242552
0.662
0.431239
0.175005
0.193217
0.662
0.445826
0.382713
0.312427
0.240961
0.233547
0.286332
0.143365
0.306799
0.187663
0.371325
0.410501
0.336749
0.662
0.662
0.211037
0.662
0.662
0.0681316
0.662
0.662
0.662
0.431657
0.662
0.662
0.189783
0.0147306
0.270165
0.0208667
0.197095
0.502906
0.662
0.35562
0.662
0.662
0.452893
0.466456
0.662
0.211118
0.227899
0.662
0.662
0.43611
0.548372
0.197351
0.0854951
0.0421194
0.278528
0.662
0.309364
0.662
0.662
0.299628
0.662
0.438883
0.662
0.662
0.231768
0.455654
0.347585
0.662
0.662
0.662
0.5231
0.662
0.662
0.662
0.0957421
0.409761
0.225562
0.662
0.662
0.662
0.294411
0.662
0.662
0.463694
0.0923046
0.448922
0.5186
0.662
0.662
0.0287222
0.107421
0.662
0.662
0.662
0.19614
0.662
0.0174632
0.662
0.0958051
0.662
0.338605
0.140263
0.662
0.0666787
0.47173
0.662
0.159655
0.309116
0.375032
0.662
0.662
0.662
0.662
0.662
0.662
0.662
0.662
0.374326
0.136404
0.662
0.662
0.22214
0.0896793
0.502426
0.662
0.0581199
0.662
0.662
0.662
0.662
0.662
0.662
0.621918
0.0479637
0.649589
0.186153
0.246957
0.662
0.286438
0.662
0.412047
0.662
0.662
0.0357178
0.258195
0.317981
0.0222564
0.662
0.116424
0.662
0.296821
0.662
0.662
0.309157
0.662
0.662
0.543518
0.468613
0.662
0.662
0.662
0.662
0.49929
0.662
0.662
0.662
0.191807
0.0382317
0.401487
0.0767643
0.662
0.662
0.662
0.662
0.662
0.169829
0.662
0.0973875
0.662
0.419086
0.0800168
0.464013
0.364995
0.662
0.0781934
0.418716
0.662
0.662
0.4594
0.662
0.662
0.466785
0.44421
0.196285
0.00933951
0.499112
0.662
0.434642
0.417903
0.662
0.662
0.662
0.284101
0.662
0.378178
0.317558
0.662
0.164786
0.662
0.662
0.318875
0.0406736
0.662
0.662
0.662
0.445491
0.131887
0.662
0.0257657
0.563942
0.334851
0.077167
0.662
0.37504
0.527354
0.662
0.0958714
0.662
0.0592287
0.312548
0.314778
0.662
0.445429
0.162779
0.314877
0.0538257
0.0413173
0.591707
0.662
0.165027
0.1699
0.662
0.418554
0.298994
0.557929
0.170341
0.0547362
0.11809
0.662
0.662
0.0934201
0.114684
0.180976
0.662
