0.662
0.662
0.338345
0.141445
0.662
0.662
0.662
0.662
0.115683
0.662
0.662
0.216008
0.662
0.0155688
0.662
0.0526218
0.418554
0.364254
0.662
0.662
0.00603061
0.0496236
0.662
0.652254
0.425085
0.453753
0.662
0.102918
0.086411
0.662
0.362432
0.662
0.386281
0.662
0.0800343
0.188715
0.383728
0.424922
0.458599
0.0630451
0.462565
0.662
0.456962
0.662
0.545999
0.662
0.662
0.35377
0.662
0.662
0.662
0.385371
0.582421
0.33995
0.662
0.662
0.662
0.662
0.662
0.661283
0.160184
0.381453
0.662
0.411931
0.591535
0.662
0.0387601
0.436138
0.374388
0.662
0.662
0.00538924
0.315113
0.258527
0.147039
0.309116
0.0577588
0.662
0.662
0.662
0.480037
0.662
0.232679
0.662
0.662
0.321446
0.509161
0.349659
0.119312
0.662
0.201656
0.662
0.348789
0.662
0.662
0.662
0.304453
0.446217
0.147196
0.662
0.361046
0.403054
0.662
0.221547
0.662
0.250999
0.352548
0.662
0.477249
0.118738
0.172279
0.662
0.265929
0.662
0.332301
0.231997
0.662
0.429996
0.51302
0.662
0.662
0.424315
0.662
0.662
0.27267
0.228064
0.119424
0.113686
0.662
0.662
0.662
0.400094
0.278234
0.10439
0.265643
0.247422
0.662
0.662
0.662
0.054438
0.662
0.123319
0.454952
0.475414
0.662
0.662
0.662
0.579733
0.194281
0.662
0.662
0.662
0.192161
0.662
0.662
0.0901887
0.250711
0.662
0.162069
0.662
0.0147306
0.127116
0.251317
0.662
0.662
0.503492
0.662
0.662
0.449935
0.375217
0.662
0.662
0.662
0.662
0.662
0.0741962
0.662
0.662
0.0390876
0.662
0.19614
0.662
0.662
0.662
0.0973083
0.427236
0.369985
0.662
0.0331184
0.662
0.176026
0.450007
0.662
0.325451
0.187457
0.132071
0.198938
0.144348
0.662
0.662
0.662
0.312973
0.0817567
0.00482775
0.0552522
0.662
0.323324
0.662
0.332583
0.662
0.662
0.662
0.662
0.292008
0.117337
0.203572
0.662
0.662
0.335959
0.662
0.662
0.662
0.0101167
0.0169614
0.662
0.662
0.383783
0.662
0.157855
0.0634207
0.662
0.662
0.559609
0.458205
0.662
0.662
0.662
0.662
0.314539
0.307656
0.662
0.662
0.112542
0.21198
0.662
0.0452293
0.469127
0.457716
0.662
0.22462
0.464122
0.375526
0.308796
0.188316
0.662
0.662
0.662
0.662
0.430606
0.662
0.662
0.40776
0.406797
0.662
0.662
0.662
0.399524
0.218549
0.1906
0.662
0.437197
0.302056
0.0448266
0.662
0.227008
0.204241
0.283137
0.429483
0.662
0.285382
0.662
0.662
0.392872
0.321302
0.662
0.366093
0.662
0.662
0.348775
0.662
0.662
0.375162
0.662
0.662
0.277384
0.662
0.662
0.662
0.587984
0.321722
0.662
0.662
0.1609
0.175273
0.0149717
0.662
0.34946
0.662
0.401487
0.147546
0.662
0.022474
0.662
0.662
0.662
0.662
0.662
0.220393
0.454489
0.0352573
0.662
0.662
0.662
0.662
0.550114
0.662
0.662
0.662
0.39443
0.26298
0.662
0.199046
0.662
0.662
0.662
0.0862638
0.378801
0.662
0.662
0.662
0.662
0.513956
0.165909
0.662
0.662
0.662
0.662
0.0174632
0.0214088
0.049817
0.662
0.417903
0.312935
0.662
0.662
0.285004
