0.662
0.356261
0.662
0.0700631
0.662
0.662
0.662
0.662
0.662
0.463181
0.662
0.268233
0.443199
0.19587
0.156738
0.534
0.386097
0.662
0.456089
0.662
0.662
0.662
0.662
0.217028
0.538323
0.662
0.523247
0.662
0.662
0.291187
0.47887
0.353872
0.0591955
0.662
0.267438
0.662
0.152966
0.0100669
0.662
0.0422915
0.428296
0.662
0.662
0.434983
0.662
0.662
0.662
0.629706
0.131732
0.333658
0.662
0.662
0.308202
0.421116
0.00738656
0.0754984
0.662
0.21906
0.114573
0.363931
0.662
0.293087
0.662
0.662
0.662
0.103639
0.24011
0.662
0.364696
0.494897
0.662
0.662
0.502906
0.322536
0.662
0.370647
0.662
0.662
0.662
0.662
0.662
0.662
0.394275
0.0149331
0.662
0.662
0.409608
0.375951
0.0658909
0.267115
0.0980453
0.662
0.0346652
0.662
0.662
0.300944
0.662
0.662
0.662
0.662
0.662
0.662
0.662
0.662
0.662
0.662
0.397526
0.662
0.321019
0.662
0.353728
0.662
0.662
0.113725
0.662
0.202698
0.662
0.662
0.245575
0.662
0.399583
0.662
0.615345
0.662
0.662
0.662
0.283136
0.662
0.209156
0.662
0.591887
0.445711
0.662
0.662
0.662
0.662
0.229658
0.662
0.163718
0.662
0.0160423
0.375603
0.157325
0.0176928
0.662
0.0916195
0.10464
0.12733
0.662
0.0879504
0.662
0.4751
0.36166
0.662
0.374276
0.662
0.441911
0.662
0.405962
0.293354
0.197709
0.662
0.367156
0.662
0.662
0.662
0.662
0.662
0.662
0.662
0.336855
0.662
0.390821
0.662
0.0832881
0.372208
0.662
0.126117
0.662
0.662
0.662
0.662
0.662
0.221971
0.662
0.662
0.662
0.662
0.399276
0.232988
0.662
0.662
0.444129
0.379763
0.662
0.041005
0.466131
0.0812473
0.23462
0.205736
0.662
0.662
0.662
0.662
0.662
0.271915
0.662
0.662
0.470225
0.463207
0.637538
0.662
0.662
0.264995
0.662
0.463806
0.662
0.662
0.662
0.396836
0.662
0.662
0.574402
0.0181172
0.662
0.662
0.124456
0.655667
0.194758
0.357829
0.662
0.141279
0.662
0.662
0.662
0.542989
0.662
0.202831
0.360025
0.662
0.250867
0.662
0.0761945
0.662
0.128169
0.449267
0.309614
0.662
0.662
0.103223
0.662
0.156776
0.435222
0.32768
0.662
0.662
0.363189
0.217203
0.662
0.662
0.346934
0.662
0.662
0.662
0.662
0.662
0.207105
0.419943
0.0295576
0.0537317
0.662
0.662
0.301012
0.387389
0.662
0.662
0.404447
0.271181
0.430744
0.298418
0.662
0.356818
0.259636
0.662
0.662
0.662
0.536399
0.355825
0.157987
0.0112986
0.662
0.662
0.662
0.662
0.662
0.662
0.662
0.662
0.662
0.662
0.662
0.535489
0.662
0.105928
0.662
0.460799
0.364645
0.164589
0.575791
0.531927
0.662
0.662
0.399004
0.662
0.662
0.662
0.639086
0.662
0.601191
0.27027
0.154917
0.0601483
0.662
0.662
0.229799
0.662
0.425771
0.198465
0.662
0.662
0.14218
0.0484379
0.662
0.662
0.0843848
0.212223
0.662
0.662
0.105634
0.662
0.662
0.662
0.662
0.662
0.259046
0.662
0.662
0.662
0.336334
0.430484
0.437566
0.662
0.662
0.291539
0.662
0.416229
0.662
0.662
0.404265
0.662
0.332919
0.662
0.662
0.662
0.0529793
0.662
0.662
0.487438
0.342312
0.402704
0.022741
0.662
0.399726
0.432857
0.170774
0.439881
0.376775
0.662
0.662
0.662
0.338862
0.600456
0.380971
0.662
0.662
0.662
0.662
0.0937911
0.662
0.190943
0.662
0.338893
0.662
0.242983
0.662
0.386483
0.662
0.495442
0.662
0.128747
0.546374
0.305423
0.662
0.662
0.662
0.662
0.0378472
0.32763
0.380707
0.662
0.662
0.662
0.662
0.119101
0.662
0.38708
0.273905
0.662
0.662
0.662
0.662
0.477785
0.662
0.254734
0.342462
0.662
0.662
0.429312
0.0120519
0.662
0.662
0.022016
0.23452
0.451678
0.0766499
0.662
0.662
0.30984
0.655806
0.662
0.00664934
0.39046
0.662
0.662
0.00312747
0.299631
0.662
0.662
0.662
0.58032
0.0528833
0.662
0.0708703
0.212111
0.385255
0.662
0.00797526
0.17547
0.217123
0.0672938
0.384054
0.662
0.662
0.131554
0.662
0.0469881
0.0664629
0.662
0.662
0.662
0.137486
0.662
0.662
0.0153633
0.376273
0.640868
0.0671431
0.662
0.454264
0.477176
0.662
0.662
0.662
0.662
0.662
0.662
0.0839501
0.0264399
0.344917
0.144948
0.365559
0.211243
0.414108
0.662
0.662
0.433132
0.515917
0.662
0.467373
0.457787
0.502926
0.090857
0.662
0.662
0.662
0.519117
0.37758
0.662
0.662
0.293121
0.279667
0.0488495
0.0412306
0.100775
0.662
0.0215019
0.581554
0.0246561
0.662
0.40233
0.662
0.351339
0.662
0.662
0.0557961
0.662
0.197413
0.662
0.662
0.662
0.662
0.662
0.0889511
0.460363
0.662
0.662
0.171751
0.146051
0.353594
0.662
0.338263
0.662
0.662
0.151584
0.662
0.662
0.662
0.662
0.662
0.662
0.662
0.514512
0.16076
0.438597
0.662
0.662
0.662
0.662
0.41514
0.169033
0.234364
0.662
0.397187
0.662
0.148914
0.662
0.373961
0.662
0.662
0.0715126
0.36491
0.662
0.423285
0.662
0.662
0.480267
0.231129
0.662
0.313953
0.662
0.662
0.662
0.0912448
0.0923914
0.662
0.486694
0.662
0.662
0.018098
0.662
0.452778
0.662
0.662
0.662
0.139011
0.662
0.662
0.662
0.18164
0.324906
