0.662
0.124345
0.662
0.662
0.15796
0.662
0.662
0.255128
0.428296
0.324734
0.1782
0.662
0.662
0.190943
0.662
0.176138
0.623376
0.662
0.388262
0.662
0.63612
0.662
0.147682
0.662
0.662
0.662
0.662
0.583718
0.662
0.662
0.135411
0.662
0.183341
0.662
0.662
0.662
0.662
0.662
0.662
0.229799
0.286197
0.0978274
0.439929
0.662
0.00317537
0.662
0.179379
0.38971
0.662
0.161994
0.662
0.325774
0.662
0.662
0.662
0.221041
0.63339
0.662
0.662
0.369097
0.662
0.00597971
0.662
0.46258
0.662
0.0345794
0.662
0.507803
0.662
0.662
0.662
0.662
0.662
0.230009
0.662
0.416374
0.662
0.662
0.662
0.662
0.662
0.0490364
0.240726
0.662
0.0791927
0.662
0.436696
0.662
0.0810179
0.662
0.644966
0.662
0.662
0.576596
0.662
0.3509
0.662
0.662
0.0913224
0.237485
0.662
0.0904197
0.662
0.662
0.104473
0.230892
0.277728
0.437459
0.662
0.662
0.662
0.662
0.180903
0.20292
0.662
0.662
0.662
0.662
0.662
0.662
0.517053
0.662
0.662
0.160591
0.662
0.662
0.0264399
0.340587
0.0869183
0.662
0.662
0.662
0.385612
0.185391
0.662
0.662
0.0768889
0.662
0.662
0.48978
0.298022
0.662
0.662
0.311944
0.662
0.662
0.533448
0.246276
0.662
0.47712
0.662
0.662
0.662
0.662
0.17245
0.308202
0.217488
0.367013
0.662
0.208195
0.662
0.00348133
0.662
0.0690996
0.332229
0.0704539
0.662
0.662
0.437566
0.662
0.662
0.662
0.662
0.0912448
0.0770344
0.10024
0.302448
0.292461
0.374276
0.309553
0.195276
0.662
0.662
0.332838
0.662
0.332039
0.662
0.264922
0.662
0.180942
0.662
0.441911
0.662
0.662
0.115937
0.662
0.662
0.662
0.662
0.662
0.214947
0.662
0.239476
0.662
0.662
0.662
0.662
0.260327
0.662
0.662
0.341956
0.504448
0.103099
0.662
0.0664629
0.662
0.434605
0.454669
0.465062
0.104962
0.388469
0.247114
0.662
0.423075
0.556689
0.386939
0.16076
0.662
0.662
0.0015613
0.442307
0.302572
0.662
0.0528833
0.662
0.380095
0.662
0.662
0.169686
0.209505
0.662
0.192251
0.662
0.662
0.662
0.464676
0.662
0.662
0.662
0.662
0.662
0.275212
0.662
0.662
0.209586
0.402687
0.148135
0.662
0.458513
0.662
0.662
0.121541
0.0291684
0.662
0.2966
0.662
0.268611
0.00243367
0.662
0.662
0.379236
0.252308
0.662
0.0970905
0.662
0.123813
0.234736
0.662
0.662
0.662
0.21257
0.114275
0.662
0.181327
0.424634
0.404109
0.435222
0.662
0.107552
0.662
0.662
0.0877554
0.223221
0.480077
0.662
0.662
0.000678498
0.662
0.662
0.662
0.15047
0.662
0.662
0.662
0.448393
0.662
0.411983
0.662
0.1766
0.662
0.662
0.662
0.662
0.662
0.574402
0.662
0.16737
0.648869
0.250066
0.357893
0.662
0.662
0.662
0.662
0.151184
0.149507
0.662
0.662
0.662
0.662
0.662
0.476315
0.662
0.662
0.319124
0.662
0.387712
0.330713
0.432964
0.662
0.465597
0.389378
0.357341
0.662
0.446141
0.662
0.208941
0.312556
0.662
0.172769
0.304539
0.662
0.662
0.305922
0.662
0.0499265
0.662
0.32965
0.662
0.662
0.503776
0.662
0.662
0.198113
0.662
0.662
0.662
0.662
0.662
0.453055
0.00327239
0.662
0.420932
0.662
0.662
0.614035
0.662
0.662
0.662
0.662
0.662
0.662
0.16646
0.662
0.662
0.302014
0.0215019
0.662
0.428343
0.295376
0.662
0.662
0.662
0.662
0.24898
0.662
0.155214
0.299081
0.0591544
0.185803
0.4036
0.463774
0.662
0.662
0.382749
0.299869
0.662
0.290463
0.662
0.662
0.432993
0.662
0.662
0.135094
0.662
0.231165
0.662
0.662
0.662
0.336855
0.510776
0.662
0.662
0.662
0.662
0.393582
0.662
0.662
0.662
0.662
0.226052
0.662
0.662
0.424534
0.662
0.662
0.109356
0.662
0.405962
0.41362
0.15771
0.662
0.662
0.380707
0.662
0.662
0.662
0.277603
0.271915
0.284071
0.0161778
0.662
0.662
0.174192
0.071966
0.219808
0.571963
0.662
0.399583
0.126877
0.662
0.662
0.274279
0.0863099
0.662
0.662
0.457175
0.662
0.662
0.00130514
0.131233
0.662
0.36052
0.662
0.531927
0.347282
0.117656
0.662
0.662
0.104134
0.5589
0.655856
0.662
0.662
0.313953
0.662
0.662
0.223142
0.350398
0.315243
0.126637
0.662
0.143138
0.662
0.153395
0.636988
0.662
0.22719
0.662
0.105634
0.662
0.662
0.662
0.591772
0.242571
0.008662
0.662
0.246886
0.662
0.662
0.662
0.205607
0.662
0.486152
0.220952
0.196153
0.266692
0.662
0.0889511
0.384412
0.662
0.662
0.662
0.61279
0.438202
0.662
0.662
0.662
