0.0615861
0.0438725
0.283622
0.286157
0.662
0.662
0.662
0.662
0.446581
0.662
0.662
0.00456747
0.00141761
0.662
0.662
0.662
0.0748377
0.342589
0.662
0.662
0.293766
0.314365
0.662
0.0222944
0.662
0.227537
0.106494
0.662
0.662
0.0698294
0.179754
0.125523
0.335239
0.114391
0.451418
0.662
0.662
0.662
0.662
0.662
0.474392
0.378542
0.662
0.333152
0.662
0.203398
0.662
0.655669
0.330328
0.422481
0.662
0.161584
0.0998608
0.358253
8.47035e-06
0.445102
0.325422
0.62897
0.662
0.363869
0.35965
0.242398
0.351832
0.252487
0.662
0.662
0.237257
0.0762387
0.415016
0.444418
0.125279
0.644054
0.662
0.634835
0.662
0.105811
0.285705
0.662
0.662
0.207128
0.0846544
0.662
0.167716
0.662
0.662
0.264125
0.662
0.662
0.662
0.097088
0.413159
0.662
0.0833612
0.0561898
0.662
0.151559
0.662
0.662
0.662
0.0828411
0.662
0.662
0.662
0.662
0.186171
0.257102
0.662
0.662
0.662
0.662
0.662
0.662
0.0830825
0.00470694
0.457041
0.348426
0.294841
0.0296991
0.266958
0.0309084
0.397693
0.662
0.440535
0.419947
0.662
0.662
0.322324
0.447616
0.319559
0.662
0.662
0.342212
0.417127
0.588084
0.404875
0.662
0.662
0.0561463
0.423884
0.662
0.662
0.662
0.289611
0.316636
0.433198
0.221323
0.662
0.662
0.202269
0.371416
0.662
0.107115
0.662
0.662
0.495778
0.662
0.662
0.131612
0.662
0.662
0.662
0.662
0.662
0.662
0.662
0.599028
0.662
0.662
0.112559
0.662
0.662
0.235617
0.662
0.662
0.236158
0.613593
0.662
0.662
0.662
0.662
0.662
0.662
0.334988
0.24374
0.590877
0.662
0.662
0.28738
0.662
0.504524
0.362236
0.187339
0.662
0.662
0.352909
0.662
0.662
0.262013
0.662
0.662
0.367203
0.662
0.662
0.169054
0.367005
0.662
0.141711
0.0179471
0.662
0.439767
0.339429
0.00553368
0.240083
0.269447
0.662
0.662
0.662
0.662
0.190756
0.00104452
0.466632
0.662
0.29125
0.285183
0.662
0.206735
0.662
0.662
0.662
0.662
0.662
0.345002
0.662
0.662
0.477677
0.662
0.662
0.291516
0.229038
0.662
0.349245
0.337543
0.662
0.662
0.279419
0.662
0.662
0.662
0.662
0.662
0.662
0.183395
0.662
0.662
0.662
0.662
0.142553
0.662
0.662
0.662
0.662
0.304714
0.662
0.662
0.662
0.662
0.662
0.453725
0.662
0.662
0.662
0.662
0.662
0.662
0.662
0.419196
0.662
0.194978
0.113802
0.662
0.662
0.295974
0.662
0.315184
0.662
0.662
0.662
0.662
0.464178
0.379649
0.208524
0.00368217
0.40206
0.367354
0.287336
0.485204
0.366885
0.662
0.662
0.37045
0.662
0.662
0.662
0.173215
0.164621
0.298136
0.662
0.662
0.616806
0.111245
0.662
0.662
0.111645
0.662
0.523643
0.662
0.662
0.188532
0.267207
0.436829
0.36179
0.0580804
0.275744
0.662
0.662
0.296609
0.662
0.0088983
0.662
0.662
0.190165
0.662
0.662
0.662
0.662
0.0028635
0.662
0.315275
0.353851
0.662
0.662
0.662
0.0320699
0.220809
0.662
0.329794
0.662
0.391529
0.19496
0.662
0.0235547
0.489453
0.662
0.214598
0.662
0.221919
0.394663
0.399241
0.662
0.427883
0.460773
0.662
0.04229
0.191254
0.450652
0.662
0.662
0.171617
0.328487
0.662
0.159028
0.141159
0.283145
0.0871194
0.115943
0.461907
0.662
0.338436
0.662
0.173367
0.415563
0.662
0.662
0.261157
0.662
0.579296
0.662
0.267887
0.373081
0.417919
0.318066
0.662
0.12342
0.374973
0.662
0.426474
0.662
0.662
0.662
0.662
0.662
0.15968
0.662
0.188642
0.611925
0.662
0.662
0.362992
0.0643427
0.662
0.662
0.370311
0.220712
0.374986
0.662
0.0473288
0.12197
0.662
0.469622
0.343237
0.662
0.425702
0.662
0.662
0.382142
0.0166357
0.159082
0.662
0.517694
0.31779
0.210548
0.662
0.33312
0.662
0.231728
0.236321
0.662
0.189665
0.219722
0.662
0.564261
0.257935
0.444934
0.662
0.662
0.210143
0.00240118
0.299141
0.662
0.496113
0.153839
0.662
0.662
0.662
0.261126
0.662
0.0828138
0.662
0.662
0.145822
0.662
0.0373638
0.662
0.125888
0.662
0.662
0.662
0.662
0.662
0.403655
0.662
0.662
0.540771
0.391447
0.662
0.160988
0.662
0.33234
0.662
0.662
0.662
0.248719
0.662
0.662
0.543335
0.662
0.33926
0.662
0.662
0.662
0.125897
0.662
0.318048
0.662
0.662
0.271673
0.662
0.347671
0.357062
0.662
0.662
0.662
0.382286
0.550571
0.662
0.278752
0.057356
0.662
0.369564
0.662
0.662
0.130059
0.662
0.662
0.662
0.591528
0.130483
0.662
0.662
0.256255
0.662
0.202078
0.183938
0.349
0.662
0.662
0.418466
0.662
0.662
0.20107
0.121647
0.397986
0.514268
0.662
0.662
0.662
0.160587
0.662
0.407569
0.00170064
0.662
0.463367
0.662
0.318876
0.345763
0.662
0.662
0.033588
0.662
0.662
0.662
0.662
0.14029
0.424138
0.0433594
0.221647
0.231106
0.662
0.0351218
0.662
0.662
0.249047
0.662
0.337454
0.662
0.662
0.662
0.368374
0.662
0.291335
0.662
0.662
0.256323
0.427058
0.662
0.662
0.0363631
0.010833
0.662
0.390864
0.662
0.204564
0.662
0.166832
0.163749
0.266052
0.662
0.356423
0.662
0.368535
0.662
0.662
0.662
0.662
0.662
0.1643
0.198669
0.662
0.662
0.662
0.662
0.662
0.104684
0.662
0.459904
0.0855867
0.178483
0.662
0.45909
0.662
0.0410772
0.662
0.492981
0.454587
0.662
0.662
0.662
0.118846
0.662
0.393048
0.662
0.440597
0.662
0.0473491
0.256721
0.10709
0.354052
0.00108631
0.162417
