0.662
0.302368
0.509161
0.086411
0.662
0.662
0.662
0.220393
0.662
0.662
0.0630862
0.662
0.662
0.34946
0.458205
0.193243
0.188081
0.662
0.0644182
0.662
0.470306
0.662
0.662
0.662
0.662
0.628
0.662
0.662
0.662
0.027823
0.662
0.10439
0.662
0.662
0.662
0.0552522
0.662
0.0357178
0.662
0.662
0.259308
0.662
0.456224
0.662
0.662
0.662
0.662
0.446217
0.662
0.662
0.301182
0.662
0.662
0.662
0.475582
0.417903
0.0101167
0.662
0.251317
0.0155688
0.662
0.662
0.386281
0.662
0.662
0.339671
0.0169614
0.026217
0.662
0.51302
0.662
0.662
0.469127
0.662
0.662
0.662
0.227777
0.662
0.662
0.198938
0.0592287
0.10042
0.662
0.289948
0.662
0.0800832
0.662
0.559609
0.662
0.662
0.662
0.449935
0.662
0.662
0.662
0.344554
0.216778
0.662
0.375787
0.662
0.662
0.458599
0.394376
0.197006
0.375217
0.662
0.152911
0.662
0.662
0.662
0.299232
0.570219
0.195255
0.307656
0.317558
0.304453
0.115683
0.662
0.503499
0.093504
0.662
0.662
0.319431
0.258527
0.662
0.254554
0.352125
0.662
0.440494
0.662
0.662
0.192205
0.662
0.157015
0.426861
0.367622
0.454808
0.662
0.0769618
0.662
0.409106
0.250999
0.325451
0.662
0.662
0.662
0.652254
0.321722
0.662
0.662
0.662
0.662
0.0331184
0.200299
0.162779
0.116424
0.662
0.662
0.132071
0.554048
0.662
0.662
0.662
0.233961
0.175273
0.0111191
0.662
0.662
0.662
0.662
0.662
0.662
0.662
0.341213
0.0800343
0.662
0.349981
0.210769
0.150292
0.117337
0.308796
0.306713
0.252239
0.662
0.662
0.424818
0.0237533
0.662
0.662
0.662
0.568781
0.277384
0.662
0.662
0.662
0.278234
0.202346
0.662
0.457557
0.662
0.662
0.43554
0.309116
0.662
0.415123
0.118738
0.190943
0.662
0.662
0.662
0.662
0.437197
0.1502
0.662
0.662
0.364995
0.662
0.662
0.662
0.146174
0.662
0.662
0.278159
0.662
0.314415
0.662
0.662
0.662
0.662
0.662
0.662
0.662
0.127116
0.640381
0.192161
0.662
0.307464
0.147546
0.0231969
0.662
0.662
0.662
0.662
0.662
0.201656
0.477249
0.662
0.662
0.109293
0.662
0.23871
0.0622373
0.325939
0.662
0.662
0.662
0.227358
0.662
0.662
0.401487
0.662
0.662
0.662
0.15952
0.662
0.662
0.662
0.150392
0.43419
0.662
0.397156
0.141445
0.662
0.662
0.621918
0.662
0.375162
0.662
0.0526218
0.662
0.662
0.662
0.662
0.193662
0.662
0.662
0.450007
0.662
0.198189
0.0551037
0.662
0.240209
0.241867
0.662
0.662
0.662
0.662
0.662
0.662
0.662
0.0452293
0.466785
0.291243
0.662
0.307644
0.662
0.662
0.587984
0.662
0.662
0.662
0.662
0.430606
0.160184
0.38688
0.662
0.0862638
0.662
0.112542
0.662
0.389787
0.171171
0.662
0.26298
0.662
0.0817567
0.0325494
0.437928
0.662
0.662
0.146548
0.662
0.418554
0.153506
0.662
0.025398
0.662
0.662
0.662
0.662
0.313217
0.662
0.662
0.0242552
0.40782
0.662
0.189977
0.165027
0.662
0.662
0.222581
0.431239
0.383783
0.662
0.481819
0.662
0.457716
0.662
0.227427
0.662
0.31916
0.662
0.119526
0.298567
0.312427
0.0896793
0.662
