0.662
0.662
0.273962
0.662
0.32197
0.382131
0.662
0.662
0.55353
0.0254882
0.445953
0.662
0.206573
0.215507
0.467585
0.172404
0.662
0.662
0.662
0.312466
0.662
0.662
0.662
0.256929
0.49444
0.662
0.662
0.662
0.662
0.662
0.0605805
0.662
0.662
0.662
0.662
0.291291
0.0614173
0.378961
0.662
0.662
0.107661
0.662
0.662
0.662
0.662
0.662
0.0693939
0.214832
0.662
0.662
0.132512
0.662
0.662
0.340682
0.420847
0.248244
0.662
0.662
0.053124
0.662
0.662
0.16807
0.662
0.662
0.662
0.662
0.662
0.662
0.350222
0.411551
0.662
0.662
0.260326
0.662
0.662
0.662
0.560147
0.457018
0.662
0.662
0.662
0.545457
0.662
0.662
0.662
0.644122
0.298467
0.662
0.662
0.662
0.0371712
0.662
0.0468946
0.662
0.662
0.592065
0.662
0.318529
0.662
0.232388
0.662
0.662
0.140716
0.662
0.662
0.662
0.116525
0.662
0.662
0.214138
0.662
0.662
0.63339
0.662
0.232444
0.0936445
0.662
0.351732
0.662
0.662
0.337169
0.20835
0.662
0.662
0.662
0.662
0.662
0.662
0.662
0.662
0.662
0.662
0.662
0.662
0.662
0.151669
0.193177
0.446088
0.662
0.662
0.437908
0.395269
0.262856
0.662
0.11962
0.195714
0.662
0.185988
0.662
0.16256
0.662
0.662
0.662
0.233473
0.451498
0.0683357
0.662
0.662
0.265874
0.662
0.0298589
0.662
0.662
0.151372
0.363049
0.388286
0.662
0.0469113
0.111943
0.662
0.662
0.388197
0.662
0.44497
0.662
0.662
0.292083
0.662
0.610558
0.0768186
0.662
0.662
0.631235
0.662
0.413331
0.662
0.662
0.186833
0.662
0.234056
0.662
0.507697
0.662
0.662
0.081752
0.248793
0.662
0.662
0.662
0.662
0.246663
0.662
0.662
0.0908407
0.0793291
0.662
0.662
0.0123405
0.662
0.662
0.0206073
0.198669
0.662
0.662
0.662
0.260874
0.662
0.258245
0.662
0.0827152
0.662
0.662
0.662
0.365494
0.662
0.662
0.0760102
0.0440833
0.0604481
0.662
0.662
0.662
0.215968
0.662
0.431163
0.662
0.662
0.482364
0.445928
0.662
0.662
0.23984
0.486991
0.662
0.30066
0.662
0.662
0.445288
0.662
0.662
0.662
0.168431
0.662
0.662
0.662
0.662
0.662
0.662
0.394073
0.161055
0.662
0.662
0.662
0.376406
0.269296
0.662
0.287911
0.456948
0.662
0.662
0.662
0.27555
0.662
0.662
0.662
0.662
0.38383
0.662
0.662
0.237138
0.146525
0.662
0.662
0.662
0.41074
0.586989
0.662
0.252564
0.662
0.662
0.662
0.662
0.662
0.662
0.662
0.409593
0.662
0.0179591
0.662
0.119032
0.662
0.662
0.128127
0.662
0.662
0.662
0.231491
0.662
0.662
0.662
0.330936
0.662
0.444764
0.276186
0.662
0.662
0.662
0.0645357
0.0226968
0.662
0.534792
0.390337
0.29838
0.394228
0.00160436
0.662
0.662
0.0930384
0.662
0.0211278
0.662
0.473857
0.662
0.662
0.662
0.0475839
0.0537646
0.112027
0.662
0.662
0.662
0.662
0.662
0.662
0.0106316
0.662
0.662
0.0604653
0.662
0.462779
0.662
0.185874
0.662
0.662
0.662
0.662
0.662
0.114054
0.662
0.186911
0.279293
0.662
0.270708
0.662
0.662
0.662
0.328253
0.223213
0.662
0.206874
0.307165
0.302446
0.662
0.0781279
0.282705
0.662
0.372451
0.00861714
0.336
0.662
0.662
0.662
0.662
0.21255
0.346618
0.195031
0.662
0.662
0.662
0.662
0.348678
0.662
0.624024
0.662
0.443741
0.662
0.662
0.539293
0.308152
0.662
0.662
0.131654
0.662
0.662
0.217016
0.662
0.662
0.662
0.662
0.662
0.662
0.242138
0.407342
0.662
0.662
0.270356
0.662
0.662
0.367043
0.198977
0.662
0.662
0.662
0.0489933
0.662
0.134155
0.395125
0.0501554
0.084757
0.662
0.370943
0.386885
0.662
0.662
0.0650828
0.388582
0.159986
0.662
0.662
0.662
0.442272
0.662
0.346262
0.662
0.455834
0.186558
0.145456
0.662
0.0959178
0.662
0.662
0.662
0.34424
0.346124
0.662
0.662
0.191624
0.662
0.662
0.0953307
0.13547
0.401492
0.199713
0.352315
0.662
0.119755
0.291959
0.662
0.028147
0.662
0.662
0.662
0.662
0.662
0.424355
0.323211
0.662
0.0164164
0.662
0.424225
0.662
0.283764
0.0514052
0.203143
0.392007
0.662
0.582822
0.662
0.662
0.107353
0.309492
0.662
0.211114
0.662
0.321379
0.192471
0.662
0.662
0.662
0.151403
0.466621
0.662
0.299113
0.662
0.160381
0.662
0.662
0.662
0.662
0.662
0.662
0.662
0.274556
0.0503513
0.153364
0.473773
0.662
0.662
0.0207494
0.414934
0.0848395
0.49388
0.179427
0.662
0.267476
0.662
0.196587
0.662
0.662
0.662
0.455791
0.662
0.227384
0.662
0.43154
0.0697551
0.237815
0.662
0.0631498
0.662
0.662
0.339643
0.662
0.662
0.262369
0.662
0.500143
0.662
0.450656
0.12067
0.300842
0.0767821
0.662
0.662
0.379587
0.310183
0.284632
0.0454543
0.565771
0.395988
0.124657
0.662
0.159552
0.662
0.392406
0.35911
0.0460936
0.0433747
0.662
0.407608
0.662
0.662
0.509596
0.290296
0.662
0.404058
0.662
0.662
0.662
0.439152
0.662
0.662
0.662
0.279743
0.1493
0.662
0.662
0.470877
0.662
0.375685
0.662
0.390732
0.311976
0.200023
0.662
0.319051
0.161378
0.188543
0.464234
0.247262
0.586198
0.448464
0.662
0.124199
0.258772
0.662
0.467957
0.662
0.334435
0.662
0.662
0.389788
0.335926
0.662
0.394912
0.662
0.45149
0.662
0.118741
0.662
0.156071
0.662
0.662
0.168596
0.404327
0.289083
0.662
0.383227
0.269836
0.449608
0.126398
0.464217
0.662
0.662
0.135204
0.662
0.662
0.662
0.115621
0.291029
0.179437
0.441359
0.662
0.662
0.662
0.115201
0.246378
0.333614
0.662
0.220837
0.294204
