0.662
0.494235
0.662
0.359491
0.662
0.662
0.26346
0.249133
0.393417
0.662
0.662
0.455886
0.198258
0.166121
0.662
0.208282
0.662
0.662
0.662
0.662
0.662
0.28081
0.662
0.662
0.662
0.662
0.662
0.00869347
0.169046
0.132118
0.662
0.277237
0.237026
0.411806
0.379331
0.662
0.47715
0.157058
0.217176
0.298329
0.602788
0.318729
0.662
0.662
0.662
0.662
0.403869
0.481575
0.662
0.466266
0.633391
0.365167
0.662
0.662
0.662
0.662
0.237834
0.15219
0.180444
0.662
0.662
0.188901
0.319835
0.298069
0.662
0.155089
0.410599
0.662
0.414278
0.662
0.662
0.105901
0.662
0.662
0.131461
0.662
0.487262
0.556271
0.662
0.179688
0.260609
0.662
0.337949
0.662
0.662
0.169455
0.662
0.662
0.188453
0.662
0.662
0.662
0.662
0.662
0.662
0.662
0.242005
0.662
0.415171
0.323099
0.189704
0.662
0.662
0.662
0.662
0.358997
0.041623
0.207525
0.662
0.662
0.482801
0.239986
0.662
0.662
0.662
0.662
0.277036
0.662
0.662
0.662
0.662
0.662
0.662
0.662
0.662
0.662
0.219007
0.662
0.662
0.662
0.05051
0.189527
0.662
0.377916
0.662
0.662
0.115223
0.042977
0.195168
0.290474
0.662
0.0169139
0.662
0.409251
0.317517
0.347262
0.662
0.340193
0.662
0.34731
0.662
0.662
0.361984
0.662
0.662
0.138472
0.662
0.187656
0.662
0.662
0.662
0.36894
0.662
0.104266
0.662
0.388512
0.662
0.147495
0.662
0.662
0.662
0.662
0.662
0.662
0.228673
0.0774226
0.181835
0.166678
0.662
0.662
0.662
0.662
0.173217
0.662
0.392283
0.382789
0.662
0.330929
0.662
0.662
0.662
0.246199
0.305423
0.662
0.662
0.662
0.20804
0.322247
0.662
0.662
0.662
0.662
0.662
0.140875
0.662
0.157322
0.09072
0.440333
0.662
0.662
0.662
0.332807
0.344183
0.662
0.662
0.370903
0.176846
0.662
0.662
0.662
0.662
0.290543
0.662
0.594475
0.662
0.459992
0.662
0.224192
0.662
0.489599
0.662
0.662
0.662
0.662
0.662
0.383368
0.662
0.662
0.662
0.411963
0.212428
0.53641
0.662
0.407918
0.33128
0.662
0.662
0.0861596
0.472897
0.662
0.662
0.662
0.144877
0.40419
0.662
0.369423
0.199306
0.174784
0.662
0.156938
0.662
0.21032
0.662
0.662
0.662
0.0934665
0.213601
0.662
0.662
0.662
0.375685
0.662
0.662
0.545859
0.406439
0.662
0.662
0.211237
0.662
0.662
0.662
0.278597
0.662
0.0772894
0.662
0.662
0.297777
0.0964238
0.662
0.268779
0.0329709
0.662
0.251759
0.662
0.662
0.662
0.662
0.400652
0.662
0.662
0.662
0.0650885
0.391246
0.0395659
0.662
0.662
0.118378
0.662
0.662
0.662
0.662
0.0788694
0.662
0.437318
0.662
0.662
0.00374953
0.398879
0.662
0.662
0.662
0.589685
0.31487
0.662
0.662
0.268623
0.662
0.662
0.662
0.157118
0.348052
0.381178
0.277034
0.229123
0.662
0.448713
0.4492
0.662
0.662
0.349528
0.484654
0.349018
0.351753
0.662
0.662
0.662
0.662
0.331502
0.224403
0.662
0.662
0.326327
0.662
0.416784
0.116402
0.165511
0.662
0.662
0.662
0.473883
0.121781
0.308538
0.662
0.662
0.662
0.662
0.662
0.273806
0.662
0.662
0.662
0.361394
0.647915
0.303701
0.139533
0.662
0.662
0.662
0.662
0.662
0.42119
0.662
0.345681
0.160016
0.662
0.662
0.662
0.662
0.0279275
0.662
0.135759
0.662
0.662
0.662
0.358713
0.662
0.662
0.0901896
0.662
0.662
0.662
0.662
0.662
0.243273
0.662
0.373763
0.27271
0.662
0.662
0.193037
0.173692
0.662
0.464137
0.245811
0.662
0.662
0.662
0.368288
0.28333
0.662
0.294947
0.662
0.46983
0.217566
0.03686
0.244452
0.346274
0.571139
0.662
0.662
0.662
0.662
0.634631
0.662
0.662
0.662
0.0284975
0.662
0.662
0.662
0.20736
0.192924
0.439349
0.358717
0.497357
0.662
0.662
0.381228
0.662
0.662
0.662
0.0590609
0.662
0.662
0.662
0.662
0.219936
0.371286
0.662
0.662
0.662
0.122624
0.122533
0.662
0.390213
0.442309
0.421481
0.662
0.473628
0.190462
0.470946
0.662
0.0566782
0.0870202
0.662
0.662
0.046867
0.36828
0.662
0.169304
0.17074
0.662
0.260051
0.662
0.187369
0.161133
0.148679
0.441697
0.00381248
0.662
0.344728
0.662
0.0494764
0.662
0.427857
0.662
0.201392
0.00697609
0.247377
0.662
0.662
0.00436744
0.662
0.279672
0.662
0.302549
0.662
0.662
0.662
0.662
0.100449
0.662
0.662
0.662
0.425374
0.409544
0.662
0.662
0.662
0.662
0.662
0.554945
0.0204709
0.0253567
0.662
0.662
0.662
0.0360528
0.662
0.662
0.396507
0.662
0.662
0.662
0.221284
0.462353
0.472085
0.203745
0.0199965
0.662
0.161889
0.325299
0.662
0.403465
0.149614
0.439928
0.662
0.513916
0.0810565
0.241973
0.0635774
0.662
0.0634896
0.662
0.662
0.384245
0.662
0.220592
0.381917
0.662
0.048993
0.662
0.0322167
0.484303
0.259941
0.662
0.288107
0.662
0.662
0.662
0.662
0.30066
0.263441
0.308903
0.364392
0.662
0.23089
0.662
0.662
0.662
0.662
0.662
0.662
0.482382
0.418536
0.563741
0.662
0.400396
0.662
0.449855
0.0193472
0.635078
0.662
0.662
0.662
0.403407
0.416451
0.662
0.42734
0.204646
