0.0634896
0.662
0.662
0.662
0.662
0.656487
0.662
0.409544
0.131461
0.165511
0.662
0.662
0.662
0.662
0.246569
0.340808
0.401063
0.358997
0.662
0.475414
0.662
0.439347
0.662
0.220336
0.411028
0.662
0.662
0.662
0.176846
0.161889
0.105876
0.662
0.303138
0.122533
0.662
0.270004
0.0494764
0.662
0.662
0.662
0.390213
0.662
0.662
0.139533
0.147495
0.187656
0.28333
0.48287
0.41482
0.466598
0.187369
0.662
0.662
0.190462
0.662
0.662
0.662
0.662
0.166678
0.662
0.662
0.647915
0.662
0.662
0.662
0.0635774
0.44694
0.662
0.662
0.662
0.662
0.662
0.662
0.662
0.233039
0.0323296
0.31487
0.662
0.662
0.0322167
0.662
0.662
0.662
0.546126
0.662
0.188901
0.397521
0.376218
0.662
0.662
0.662
0.662
0.662
0.662
0.662
0.662
0.662
0.283305
0.373893
0.662
0.662
0.582907
0.441697
0.662
0.418536
0.662
0.662
0.662
0.395462
0.369665
0.662
0.662
0.133039
0.198258
0.391537
0.0129273
0.662
0.428326
0.400652
0.0553179
0.662
0.662
0.532931
0.662
0.662
0.662
0.309756
0.343161
0.308093
0.662
0.594475
0.662
0.662
0.36894
0.662
0.662
0.0587495
0.407048
0.337949
0.335447
0.242146
0.30856
0.272465
0.201244
0.662
0.662
0.29588
0.418834
0.662
0.662
0.633391
0.662
0.13572
0.462358
0.662
0.662
0.088265
0.0870338
0.662
0.322195
0.305676
0.473104
0.662
0.0193472
0.662
0.662
0.662
0.662
0.369423
0.240837
0.162024
0.662
0.662
0.662
0.662
0.0395659
0.157118
0.662
0.662
0.00869347
0.662
0.662
0.662
0.662
0.662
0.101497
0.433077
0.568712
0.662
0.103173
0.662
0.662
0.451229
0.191566
0.662
0.330929
0.662
0.0924304
0.169304
0.264296
0.662
0.298633
0.662
0.318729
0.662
0.20736
0.0102154
0.662
0.662
0.410599
0.662
0.149614
0.662
0.662
0.163724
0.662
0.662
0.258593
0.662
0.461579
0.662
0.662
0.255626
0.662
0.662
0.100449
0.662
0.219255
0.119223
0.144432
0.501579
0.662
0.374095
0.0831221
0.662
0.0129614
0.662
0.662
0.662
0.548174
0.447645
0.662
0.662
0.662
0.662
0.662
0.00717288
0.662
0.130707
0.662
0.464791
0.662
0.662
0.662
0.373419
0.662
0.484654
0.662
0.63339
0.662
0.4492
0.0982311
0.233024
0.662
0.662
0.662
0.662
0.662
0.662
0.0169139
0.662
0.662
0.662
0.0982849
0.327681
0.662
0.662
0.662
0.662
0.472142
0.662
0.662
0.662
0.662
0.662
0.662
0.662
0.634631
0.146985
0.662
0.662
0.286752
0.189704
0.261869
0.662
0.662
0.662
0.662
0.662
0.117775
0.662
0.298329
0.156332
0.662
0.662
0.260051
0.662
0.048993
0.400396
0.140242
0.159128
0.662
0.662
0.662
0.602429
0.00697609
0.662
0.244083
0.662
0.662
0.662
0.662
0.662
0.298333
0.662
0.368426
0.662
0.516106
0.195127
0.420662
0.634019
0.662
0.262512
0.662
0.662
0.104266
0.0593299
0.662
0.033838
0.319865
0.163055
0.321879
0.563128
0.662
0.0775941
0.563604
0.662
0.275309
0.403869
0.662
0.540887
0.662
0.662
0.487262
0.314478
0.662
0.662
0.260625
0.662
0.662
0.662
0.160016
0.662
0.662
0.662
0.145126
0.662
0.249481
0.662
0.662
0.0595261
0.46499
0.437318
0.169642
0.377916
0.662
0.194374
0.257126
0.174784
0.0934665
0.432085
0.03686
0.0791324
0.662
0.136671
0.143313
0.662
0.300644
0.662
0.662
0.111861
0.662
0.193037
0.144877
0.0687655
0.662
0.397337
0.662
0.511992
0.662
0.662
0.662
0.45949
0.287832
0.302549
0.24962
0.662
0.46983
0.662
0.662
0.662
0.662
0.662
0.347143
0.662
0.662
0.532167
0.32682
0.330649
0.662
0.265044
0.662
0.662
0.319101
0.662
0.199306
0.135759
0.192739
0.437974
0.370903
0.268876
0.360553
0.662
0.0590609
0.662
0.281358
0.371286
0.662
0.662
0.662
0.662
0.662
0.476683
0.662
0.662
0.662
0.494235
0.381917
0.662
0.662
0.662
0.662
0.662
0.161133
0.387303
0.662
0.495386
0.662
0.308903
0.348052
0.239986
0.662
0.662
0.555798
0.662
0.662
0.662
0.662
0.308989
0.662
0.218685
0.662
0.662
0.4164
0.662
0.20804
0.243699
0.662
0.382848
0.662
0.662
0.134576
0.662
0.662
0.111631
0.662
0.662
0.153782
0.152671
0.358713
0.407918
0.662
0.662
0.633694
0.662
0.662
0.469042
0.662
0.222945
0.391654
0.662
0.37349
0.662
0.195394
0.662
0.662
0.662
0.40544
0.662
0.662
0.662
0.297777
0.662
0.662
0.662
0.0643692
0.662
0.272741
0.662
0.218285
0.662
0.662
0.662
0.662
0.491239
0.662
0.191632
0.662
0.468812
0.0375692
0.662
0.662
0.0193149
0.177594
0.411806
0.662
0.138472
0.462353
0.662
0.662
0.398559
0.662
0.662
0.662
0.662
0.662
0.424737
0.662
0.589685
0.247554
0.662
0.221048
0.0996735
0.662
0.309493
0.225029
0.279672
0.662
0.662
0.472056
0.13595
0.662
0.662
0.472845
0.662
0.333248
0.662
0.325299
0.662
0.362317
0.180905
0.416784
0.406439
0.411963
0.662
0.153005
0.662
0.153929
0.384245
0.192007
0.0309177
0.459992
0.662
0.662
0.315572
0.0603506
0.662
0.475734
0.662
0.662
0.662
0.273169
0.662
0.662
0.662
0.662
0.662
0.662
0.662
0.662
0.662
0.156938
0.0788694
0.358717
0.155198
0.662
0.662
0.662
0.519743
0.662
0.0226412
0.423441
0.219007
0.662
0.235029
0.32041
0.439807
0.0649585
0.662
0.351753
0.662
0.662
0.662
0.451737
0.662
0.662
0.662
0.662
0.0485653
0.662
0.662
0.662
0.662
0.246199
0.662
0.662
0.662
