0.174192
0.384412
0.22719
0.246886
0.209505
0.662
0.662
0.662
0.180903
0.424634
0.266692
0.0215019
0.662
0.662
0.662
0.662
0.662
0.121541
0.0291684
0.388262
0.662
0.41362
0.662
0.104962
0.662
0.662
0.662
0.0690996
0.662
0.24898
0.662
0.662
0.161994
0.0342486
0.205607
0.662
0.00994626
0.662
0.197876
0.662
0.428296
0.369097
0.662
0.662
0.662
0.230009
0.662
0.662
0.515868
0.0528833
0.234736
0.576596
0.0770344
0.662
0.662
0.389378
0.404109
0.662
0.662
0.16646
0.357893
0.302572
0.131233
0.00327239
0.104473
0.662
0.419707
0.662
0.662
0.662
0.662
0.662
0.284071
0.071966
0.662
0.662
0.662
0.424534
0.180942
0.662
0.662
0.341956
0.0653788
0.662
0.662
0.662
0.662
0.574402
0.334897
0.662
0.146898
0.662
0.153395
0.662
0.347282
0.252308
0.148135
0.662
0.0264399
0.340587
0.374276
0.662
0.231165
0.437459
0.517053
0.662
0.662
0.319124
0.631729
0.230892
0.179757
0.211583
0.662
0.662
0.662
0.15047
0.662
0.662
0.662
0.662
0.662
0.0704539
0.583718
0.192251
0.662
0.183341
0.662
0.662
0.00317537
0.38971
0.008662
0.336855
0.662
0.437566
0.662
0.662
0.662
0.662
0.662
0.662
0.662
0.662
0.662
0.662
0.662
0.644966
0.208941
0.662
0.402687
0.662
0.380707
0.662
0.115937
0.662
0.662
0.662
0.486152
0.662
0.662
0.662
0.662
0.332039
0.662
0.662
0.662
0.662
0.662
0.662
0.662
0.662
0.662
0.662
0.662
0.662
0.480077
0.662
0.143138
0.662
0.662
0.0171167
0.662
0.662
0.3509
0.662
0.662
0.662
0.47712
0.662
0.662
0.00348133
0.315243
0.662
0.382749
0.481
0.662
0.662
0.298022
0.662
0.662
0.662
0.662
0.662
0.662
0.662
0.196153
0.229799
0.126637
0.662
0.662
0.448393
0.324734
0.458513
0.124345
0.454669
0.17245
0.662
0.0889511
0.662
0.434605
0.662
0.507803
0.662
0.662
0.614035
0.286197
0.302448
0.464676
0.662
0.0877554
0.662
0.275212
0.662
0.662
0.662
0.662
0.662
0.411983
0.662
0.223221
0.662
0.428343
0.662
0.662
0.662
0.662
0.16737
0.662
0.662
0.340716
0.181168
0.531927
0.00753079
0.662
0.648869
0.662
0.662
0.16076
0.299869
0.0345794
0.662
0.103099
0.662
0.662
0.662
0.395887
0.662
0.504448
0.0810179
0.432993
0.48978
0.662
0.662
0.662
0.662
0.219808
0.571963
0.0435491
0.662
0.662
0.662
0.662
0.662
0.387712
0.662
0.662
0.117656
0.662
0.662
0.0490364
0.662
0.662
0.662
0.662
0.379236
0.662
0.250066
0.662
0.662
0.662
0.662
0.662
0.177257
0.240726
0.662
0.308202
0.172769
0.277603
0.662
0.662
0.662
0.0970905
0.662
0.190943
0.223142
0.556689
0.365292
0.662
0.662
0.147682
0.441911
0.662
0.662
0.304539
0.662
0.221041
0.435222
0.662
0.662
0.0736777
0.662
0.662
0.662
0.662
0.63612
0.2966
0.662
0.662
0.000678498
0.405962
0.662
0.662
0.662
0.239476
0.226052
0.15771
0.662
0.332838
0.432964
0.662
0.662
0.393582
0.0863099
0.662
0.662
0.662
0.662
0.662
0.662
0.242571
0.359579
0.023201
0.0591544
0.662
0.662
0.662
0.36052
0.135094
0.247879
0.662
0.271915
0.185803
0.332229
0.662
0.0913224
0.662
0.662
0.446141
0.662
0.135411
0.463774
0.268611
0.114275
0.662
0.311944
0.453055
0.662
0.423773
0.1766
0.623376
0.436696
0.457175
0.662
0.169686
0.662
0.5589
0.105634
0.662
0.217488
0.0978274
0.662
0.662
0.662
0.662
0.662
0.662
0.292461
0.386939
0.388469
0.662
0.662
0.0161778
0.325774
0.290463
0.662
0.104134
0.476315
0.237485
0.662
0.208195
0.662
0.662
0.295376
0.0664629
0.662
0.265276
0.662
0.420932
0.00597971
0.662
0.61279
0.636988
0.662
0.195276
0.662
0.662
0.662
0.119247
0.151184
0.662
0.149507
0.662
0.662
0.147217
0.662
0.662
0.0499265
0.662
0.662
0.235151
0.176138
0.662
0.274279
0.655856
0.465597
0.662
0.662
0.662
0.662
0.662
0.160591
0.662
0.00130514
0.423075
0.439929
0.0791927
0.662
0.503776
0.591772
0.662
0.312556
0.662
0.662
0.662
0.662
0.662
0.662
0.662
0.46258
0.662
0.662
0.662
0.416374
0.662
0.357341
0.662
0.32965
0.0015613
0.380095
0.662
0.662
0.662
0.302014
0.181327
0.442307
0.662
0.662
0.662
0.662
0.662
0.309553
0.277728
0.0869183
0.123813
0.662
0.662
0.0912448
0.209586
0.662
0.126877
0.385612
0.198113
0.662
0.662
0.15796
0.662
0.4036
0.00525755
0.662
0.246276
0.399583
0.662
0.662
0.662
0.662
0.662
