0.402159
0.662
0.424751
0.328697
0.662
0.662
0.662
0.434747
0.501401
0.221077
0.662
0.662
0.268057
0.662
0.662
0.662
0.662
0.43058
0.662
0.662
0.341806
0.662
0.662
0.662
0.253274
0.662
0.210088
0.0947527
0.662
0.307274
0.662
0.662
0.662
0.625601
0.662
0.662
0.662
0.275047
0.284956
0.461222
0.0327874
0.420428
0.662
0.662
0.662
0.491309
0.662
0.0912744
0.662
0.476168
0.000222415
0.662
0.662
0.662
0.662
0.0780312
0.662
0.13026
0.662
0.662
0.222294
0.662
0.662
0.256101
0.662
0.0289993
0.662
0.662
0.491876
0.0204522
0.163749
0.37147
0.662
0.662
0.567306
0.662
0.409735
0.554759
0.391202
0.662
0.662
0.662
0.662
0.286429
0.439938
0.424746
0.662
0.662
0.230271
0.662
0.662
0.314309
0.662
0.662
0.662
0.0182453
0.662
0.104402
0.168592
0.662
0.46598
0.369098
0.662
0.662
0.662
0.662
0.662
0.352089
0.251487
0.662
0.662
0.662
0.2024
0.0695538
0.0880276
0.231735
0.044505
0.509241
0.570359
0.662
0.520623
0.446312
0.400651
0.662
0.23654
0.662
0.662
0.662
0.662
0.662
0.662
0.368282
0.154835
0.662
0.662
0.662
0.662
0.662
0.662
0.506952
0.662
0.378018
0.662
0.360205
0.477591
0.408222
0.662
0.195233
0.408748
0.199055
0.364404
0.213949
0.662
0.217646
0.357365
0.662
0.319044
0.662
0.662
0.662
0.283508
0.662
0.662
0.662
0.0399797
0.662
0.662
0.274003
0.662
0.0125539
0.168581
0.662
0.28372
0.662
0.0800953
0.107955
0.198061
0.662
0.662
0.662
0.339255
0.132832
0.662
0.662
0.662
0.232563
0.367068
0.460951
0.662
0.306119
0.248985
0.335008
0.287336
0.662
0.662
0.662
0.395863
0.662
0.662
0.662
0.255878
0.662
0.662
0.356042
0.444121
0.204783
0.662
0.662
0.662
0.00963307
0.662
0.438843
0.382324
0.363641
0.662
0.662
0.662
0.142932
0.662
0.662
0.264265
0.662
0.662
0.135122
0.662
0.00197869
0.165191
0.371631
0.0110189
0.662
0.662
0.286725
0.662
0.312261
0.399279
0.662
0.662
0.662
0.373024
0.265716
0.441344
0.662
0.0542759
0.117712
0.662
0.39744
0.662
0.662
0.662
0.386397
0.24664
0.208855
0.156707
0.0327699
0.355389
0.662
0.662
0.662
0.662
0.32727
0.355951
0.367756
0.0766075
0.0528098
0.662
0.662
0.557002
0.210186
0.662
0.30607
0.0872216
0.0942406
0.662
0.449285
0.662
0.477525
0.322763
0.662
0.427242
0.662
0.434037
0.662
0.662
0.662
0.0394503
0.662
0.484465
0.433506
0.662
0.662
0.662
0.662
0.221909
0.662
0.662
0.662
0.347688
0.662
0.662
0.662
0.17689
0.148725
0.279199
0.662
0.411822
0.458242
0.388024
0.413821
0.329992
0.662
0.459511
0.159869
0.662
0.662
0.0934203
0.195942
0.321796
0.465639
0.662
0.662
0.662
0.278712
0.437682
0.13481
0.559024
0.494193
0.185598
0.320826
0.194208
0.662
0.28946
0.124231
0.314682
0.373588
0.163454
0.662
0.662
0.271029
0.662
0.107115
0.20831
0.662
0.662
0.0534752
0.662
0.471461
0.662
0.662
0.662
0.662
0.662
0.54832
0.662
0.502599
0.662
0.378284
0.486034
0.358814
0.662
0.474935
0.32043
0.662
0.662
0.662
0.126858
0.174166
0.662
0.662
0.0780959
0.397693
0.342263
0.662
0.662
0.662
0.662
0.662
0.274089
0.662
0.662
0.662
0.662
0.141236
0.662
0.204729
0.51109
0.662
0.0983935
0.470159
0.0597958
0.662
0.17207
0.0190815
0.325888
0.662
0.662
0.366457
0.662
0.662
0.136725
0.662
0.662
0.662
0.156593
0.30021
0.0893835
0.0164323
0.228497
0.248167
0.662
0.53591
0.362206
0.46906
0.662
0.662
0.0566216
0.662
0.637631
0.0448968
0.662
0.662
0.662
0.662
0.662
0.662
0.662
0.662
0.142832
0.0249369
0.277909
0.120818
0.176612
0.662
0.662
0.261126
0.336573
0.22354
0.440959
0.293246
0.314928
0.443838
0.0264617
0.662
0.12089
0.662
0.662
0.0596816
0.662
0.662
0.662
0.26115
0.662
0.248745
0.457676
0.241528
0.209354
0.662
0.662
0.0180022
0.464178
0.189463
0.662
0.662
0.44695
0.393029
0.467277
0.31564
0.662
0.278771
0.662
0.662
0.662
0.355991
0.269397
0.2937
0.662
0.483962
0.132581
0.662
0.662
0.662
0.662
0.662
0.302616
0.662
0.662
0.314546
0.190965
0.480244
0.220245
0.662
0.662
0.205967
0.0400411
0.333594
0.333603
0.449344
0.349879
0.447884
0.662
0.662
0.662
0.662
0.270907
0.662
0.662
0.279858
0.662
0.662
0.662
0.0872707
0.662
0.662
0.266065
0.662
0.103754
0.662
0.662
0.0203427
0.269597
0.662
0.662
0.315036
0.662
0.662
0.662
0.662
0.662
0.662
0.662
0.662
0.165027
0.110034
0.441356
0.520123
0.22112
0.228893
0.34904
0.216103
0.662
0.349567
0.431389
0.381769
0.662
0.662
0.662
0.223987
0.349327
0.415317
0.284063
0.662
0.662
0.662
0.0446783
0.662
0.662
0.297947
0.472363
0.662
0.230834
0.662
0.0881888
0.475983
0.453745
0.662
0.662
0.459074
0.662
0.662
0.662
0.194494
0.662
0.662
0.662
0.662
0.662
0.470927
0.662
0.152881
0.662
0.200312
0.662
0.326732
0.254367
0.662
0.662
0.160841
0.109845
0.662
0.662
0.0610294
0.662
0.389479
0.662
0.272835
0.662
0.459886
0.662
0.662
0.662
0.662
0.0533849
0.662
0.0482927
0.662
0.662
0.662
0.539482
0.261586
0.340821
0.662
0.662
0.374973
0.219413
