0.352127
0.662
0.662
0.662
0.662
0.662
0.662
0.232717
0.662
0.662
0.662
0.333814
0.662
0.296498
0.662
0.662
0.662
0.662
0.184472
0.662
0.447219
0.662
0.662
0.662
0.662
0.611619
0.319047
0.466619
0.662
0.101363
0.143281
0.114812
0.662
0.372157
0.662
0.662
0.613533
0.297312
0.38458
0.111306
0.662
0.662
0.662
0.449065
0.662
0.0177452
0.19945
0.662
0.450374
0.662
0.662
0.192079
0.209168
0.662
0.662
0.288352
0.322708
0.199178
0.125557
0.662
0.462235
0.662
0.662
0.150746
0.662
0.662
0.361255
0.662
0.662
0.00170863
0.662
0.242025
0.662
0.346833
0.662
0.271992
0.00673737
0.662
0.137854
0.662
0.662
0.360012
0.222634
0.19071
0.178278
0.314405
0.0319761
0.662
0.662
0.662
0.451813
0.662
0.513982
0.662
0.662
0.662
0.323011
0.334522
0.251927
0.662
0.193818
0.662
0.662
0.662
0.454766
0.662
0.662
0.0955691
0.643325
0.480825
0.4417
0.324348
0.120098
0.387198
0.662
0.165595
0.386636
0.662
0.662
0.662
0.574585
0.662
0.268106
0.414611
0.662
0.0881119
0.0480496
0.21653
0.662
0.662
0.277921
0.285555
0.662
0.166985
0.662
0.106089
0.360777
0.306108
0.662
0.168162
0.662
0.270499
0.214941
0.662
0.287094
0.353106
0.299275
0.15011
0.662
0.662
0.29995
0.662
0.662
0.352346
0.662
0.662
0.662
0.662
0.0276596
0.662
0.0762844
0.662
0.662
0.662
0.662
0.662
0.367399
0.283284
0.429412
0.662
0.274365
0.242428
0.662
0.662
0.662
0.662
0.662
0.367284
0.329115
0.162144
0.473185
0.265607
0.170471
0.662
0.662
0.357783
0.121517
0.662
0.662
0.662
0.662
0.662
0.662
0.662
0.478914
0.0578937
0.662
0.168101
0.662
0.224883
0.543352
0.147226
0.662
0.662
0.662
0.662
0.662
0.662
0.398068
0.042549
0.662
0.33682
0.662
0.500705
0.031872
0.662
0.200921
0.662
0.662
0.662
0.116167
0.662
0.662
0.470115
0.662
0.662
0.662
0.0148776
0.662
0.662
0.364598
0.662
0.662
0.103701
0.43139
0.662
0.450141
0.662
0.662
0.662
0.307804
0.128408
0.662
0.349085
0.190011
0.662
0.662
0.559146
0.662
0.403996
0.361613
0.47546
0.268847
0.223808
0.662
0.182746
0.662
0.662
0.340699
0.662
0.662
0.662
0.212431
0.662
0.662
0.662
0.185907
0.662
0.662
0.662
0.662
0.662
0.662
0.662
0.662
0.662
0.662
0.662
0.366286
0.20715
0.611015
0.662
0.176383
0.662
0.285656
0.0427711
0.368236
0.662
0.210959
0.662
0.662
0.49232
0.349332
0.500873
0.662
0.58286
0.662
0.462944
0.662
0.662
0.662
0.662
0.662
0.290822
0.373896
0.366366
0.662
0.226062
0.388352
0.451056
0.662
0.662
0.440081
0.662
0.662
0.213226
0.434091
0.662
0.662
0.0468512
0.662
0.662
0.107299
0.065416
0.662
0.662
0.662
0.412718
0.422056
0.662
0.662
0.270786
0.662
0.662
0.411719
0.662
0.310404
0.662
0.486176
0.119092
0.271429
0.662
0.397538
0.453199
0.662
0.173881
0.662
0.474464
0.662
0.642194
0.662
0.264607
0.662
0.662
0.662
0.100155
0.415901
0.662
0.662
0.662
0.307249
0.662
0.316431
0.132212
0.662
0.011113
0.662
0.662
0.662
0.487526
0.292339
0.662
0.662
0.662
0.662
0.662
0.0807261
0.228109
0.424171
0.662
0.662
0.662
0.662
0.494918
0.662
0.154702
0.312814
0.662
0.566415
0.367115
0.662
0.0415875
0.662
0.662
0.662
0.157112
0.662
0.662
0.662
0.165525
0.0133506
0.662
0.662
0.662
0.662
0.63486
0.662
0.662
0.244788
0.662
0.662
0.662
0.430285
0.10248
0.662
0.4751
0.662
0.662
0.364731
0.349713
0.448512
0.662
0.134195
0.662
0.662
0.289215
0.662
0.189708
0.492834
0.662
0.662
0.202645
0.662
0.117209
0.405956
0.662
0.570773
0.662
0.434284
0.662
0.356858
0.113574
0.127791
0.433596
0.365688
0.32988
0.662
0.0433633
0.662
0.662
0.662
0.662
0.662
0.662
0.662
0.662
0.662
0.00273078
0.662
0.662
0.471942
0.662
0.478222
0.212534
0.662
0.662
0.446665
0.662
0.662
0.662
0.308212
0.507274
0.662
0.662
0.662
0.288752
0.662
0.662
0.0497828
0.662
0.448863
0.662
0.662
0.450682
0.171712
0.599225
0.169877
0.662
0.662
0.130194
0.240084
0.0409246
0.212692
0.662
0.662
0.662
0.319333
0.00977904
0.662
0.283845
0.00223334
0.301946
0.662
0.662
0.088951
0.662
0.662
0.268824
0.662
0.662
0.662
0.662
0.0483789
0.354719
0.158955
0.361443
0.662
0.501185
0.662
0.662
0.216555
0.662
0.662
0.662
0.662
0.119805
0.662
0.0339531
0.471355
0.253893
0.186704
0.662
0.199621
0.662
0.662
0.662
0.487563
0.27771
0.662
0.374551
0.662
0.216521
0.662
0.662
0.662
0.662
0.465381
0.222913
0.0196883
0.662
0.662
0.662
0.662
0.383044
0.353989
0.0544865
0.0163029
0.662
0.165744
0.662
0.450606
0.166834
0.662
0.449889
0.0561725
0.662
0.662
0.662
0.205928
0.444813
0.446771
0.662
0.281052
0.453258
0.0259114
0.662
0.501932
0.0331018
0.134262
0.662
0.149397
0.44124
0.662
0.662
0.662
0.662
0.662
0.504036
0.662
0.662
0.418147
0.327271
0.662
0.0258972
0.451655
0.662
0.557509
0.279688
0.662
0.137345
0.307051
0.662
0.662
0.662
0.204654
0.422776
0.272944
0.662
0.662
0.155929
0.662
0.175065
0.113597
0.33483
0.227041
0.36932
0.662
0.22075
0.569702
0.457363
0.0895495
0.317514
0.0842169
0.301175
0.662
0.0173074
0.662
0.515734
0.422352
0.662
0.662
0.16314
0.662
0.662
0.662
0.662
0.662
0.119319
0.141346
0.662
0.662
0.662
0.311362
