0.662
0.201249
0.662
0.184627
0.662
0.294288
0.662
0.14824
0.326397
0.00542498
0.662
0.39379
0.662
0.662
0.134506
0.662
0.209874
0.42591
0.662
0.662
0.662
0.00536672
0.662
0.662
0.317832
0.387761
0.662
0.662
0.662
0.27402
0.320708
0.662
0.662
0.268624
0.662
0.456476
0.136172
0.662
0.662
0.662
0.131814
0.232886
0.0325109
0.662
0.364201
0.303146
0.662
0.662
0.662
0.391842
0.662
0.662
0.237751
0.662
0.662
0.662
0.344967
0.0981093
0.348081
0.662
0.662
0.662
0.662
0.662
0.127786
0.662
0.662
0.369349
0.453969
0.662
0.271833
0.662
0.662
0.662
0.116751
0.533965
0.662
0.0497221
0.00856275
0.662
0.662
0.662
0.430652
0.662
0.586837
0.100455
0.662
0.662
0.662
0.662
0.662
0.021821
0.662
0.605743
0.133579
0.662
0.294384
0.178421
0.662
0.179415
0.662
0.662
0.662
0.662
0.662
0.0721485
0.295236
0.662
0.480835
0.452685
0.473032
0.0769064
0.495443
0.0142791
0.662
0.372557
0.291995
0.288337
0.300197
0.662
0.529369
0.404333
0.662
0.662
0.23221
0.468176
0.262073
0.662
0.662
0.19453
0.474877
0.662
0.419837
0.662
0.662
0.319543
0.386127
0.162042
0.418098
0.662
0.542259
0.662
0.300902
0.3337
0.010577
0.236835
0.662
0.662
0.662
0.0145612
0.258999
0.355211
0.662
0.662
0.453447
0.662
0.662
0.662
0.662
0.277518
0.662
0.312902
0.0671218
0.662
0.662
0.662
0.662
0.133181
0.198972
0.662
0.465576
0.662
0.662
0.662
0.662
0.662
0.647654
0.466354
0.214088
0.662
0.662
0.151162
0.662
0.662
0.662
0.315479
0.0307166
0.662
0.201312
0.168981
0.0112947
0.0521258
0.662
0.662
0.662
0.662
0.662
0.662
0.126942
0.662
0.144652
0.662
0.662
0.103661
0.243132
0.662
0.662
0.479711
0.205619
0.662
0.174437
0.201421
0.662
0.662
0.201203
0.662
0.662
0.16553
0.0741975
0.662
0.662
0.662
0.323776
0.662
0.662
0.507039
0.331622
0.662
0.662
0.662
0.662
0.399402
0.662
0.662
0.662
0.441283
0.662
0.124848
0.441525
0.0569796
0.30895
0.662
0.208341
0.0700306
0.526882
0.662
0.269853
0.159565
0.662
0.662
0.410451
0.662
0.662
0.159255
0.36637
0.113809
0.662
0.662
0.285431
0.0156541
0.289992
0.662
0.662
0.662
0.662
0.165069
0.662
0.521878
0.477563
0.27255
0.662
0.662
0.397123
0.662
0.266706
0.182231
0.363458
0.662
0.662
0.662
0.144378
0.662
0.662
0.193408
0.381297
0.662
0.278879
0.662
0.314184
0.647904
0.408713
0.662
0.662
0.559921
0.662
0.662
0.662
0.417161
0.257541
0.425325
0.662
0.065421
0.108917
0.468651
0.662
0.662
0.468192
0.662
0.662
0.662
0.662
0.176879
0.348084
0.0626349
0.662
0.662
0.257242
0.432152
0.420488
0.662
0.662
0.438593
0.662
0.662
0.168085
0.662
0.426054
0.218995
0.397783
0.47761
0.662
0.105959
0.662
0.167039
0.662
0.662
0.263741
0.662
0.280429
0.662
0.662
0.366754
0.203694
0.662
0.662
0.410087
0.662
0.662
0.0800651
0.446248
0.463828
0.250178
0.662
0.662
0.662
0.0138437
0.662
0.662
0.662
0.662
0.662
0.662
0.169882
0.261085
0.662
0.0991772
0.150144
0.503144
0.662
0.662
0.662
0.640706
0.662
0.192588
0.662
0.662
0.178968
0.0667877
0.283146
0.662
0.308779
0.244508
0.662
0.662
0.235647
0.510671
0.662
0.189453
0.662
0.351918
0.338535
0.48558
0.662
0.662
0.14557
0.662
0.334769
0.662
