0.244163
0.662
0.193743
0.058773
0.662
0.106313
0.662
0.248022
0.190124
0.662
0.1129
0.662
0.662
0.474765
0.662
0.662
0.662
0.662
0.662
0.662
0.448562
0.373832
0.111605
0.426245
0.17394
0.108076
0.662
0.294455
0.662
0.038026
0.0803542
0.662
0.662
0.662
0.662
0.662
0.249601
0.0455854
0.662
0.662
0.0289695
0.662
0.437765
0.270188
0.662
0.662
0.436672
0.662
0.662
0.662
0.662
0.395831
0.275011
0.27711
0.223226
0.302593
0.0279864
0.662
0.662
0.662
0.480473
0.662
0.350381
0.662
0.402205
0.300754
0.175868
0.662
0.662
0.662
0.662
0.568696
0.662
0.174102
0.662
0.662
0.662
0.032789
0.662
0.473685
0.662
0.326142
0.347078
0.383575
0.130709
0.662
0.662
0.662
0.213607
0.662
0.373535
0.662
0.662
0.407946
0.388381
0.662
0.294839
0.0875332
0.662
0.220174
0.438593
0.662
0.0791152
0.370828
0.662
0.434527
0.15451
0.377798
0.0937498
0.0652613
0.662
0.662
0.662
0.460691
0.662
0.462043
0.296356
0.122651
0.366666
0.423746
0.0158078
0.174005
0.662
0.662
0.0120693
0.662
0.490371
0.0816173
0.662
0.437527
0.229851
0.662
0.662
0.201401
0.662
0.478786
0.662
0.311908
0.114603
0.416723
0.242228
0.662
0.098221
0.662
0.0260014
0.662
0.662
0.662
0.662
0.662
0.662
0.0677042
0.662
0.391828
0.662
0.662
0.662
0.662
0.398125
0.662
0.662
0.340769
0.178719
0.250242
0.108461
0.662
0.662
0.340087
0.293912
0.662
0.662
0.0393675
0.662
0.662
0.662
0.266577
0.250284
0.38735
0.658421
0.438688
0.0799205
0.662
0.0917635
0.662
0.662
0.662
0.36246
0.400066
0.662
0.662
0.230086
0.662
0.662
0.662
0.662
0.662
0.615933
0.0695711
0.662
0.207551
0.223405
0.662
0.662
0.317833
0.435064
0.662
0.392997
0.26615
0.180826
0.323121
0.26709
0.662
0.452692
0.662
0.662
0.662
0.662
0.662
0.662
0.662
0.662
0.662
0.662
0.662
0.662
0.662
0.0750988
0.649506
0.164472
0.461019
0.662
0.4698
0.662
0.171671
0.662
0.662
0.662
0.316191
0.319874
0.438859
0.662
0.662
0.662
0.529876
0.662
0.178231
0.662
0.662
0.356046
0.380288
0.0461446
0.662
0.662
0.662
0.425739
0.662
0.0353966
0.662
0.200828
0.662
0.193144
0.662
0.109282
0.662
0.385078
0.662
0.0353205
0.662
0.00476042
0.265456
0.662
0.319539
0.154768
0.217345
0.662
0.662
0.662
0.255271
0.662
0.662
0.365986
0.0657626
0.662
0.107401
0.662
0.662
0.341961
0.662
0.0629311
0.286588
0.662
0.125743
0.662
0.662
0.662
0.458186
0.00732749
0.662
0.662
0.662
0.475363
0.31405
0.0659316
0.662
0.140859
0.662
0.662
0.452416
0.422501
0.662
0.662
0.662
0.179989
0.662
0.430544
0.662
0.662
0.662
0.113914
0.493934
0.126091
0.237154
0.374767
0.662
0.314287
0.51096
0.662
0.0417963
0.662
0.374264
0.0408752
0.540159
0.232396
0.12788
0.662
0.0134459
0.662
0.662
0.528713
0.138611
0.662
0.222177
0.215945
0.662
0.280823
0.662
0.662
0.333982
0.662
0.662
0.662
0.662
0.214707
0.662
0.134564
0.662
0.662
0.662
0.142031
0.662
0.438767
0.205173
0.662
0.662
0.0764648
0.662
0.662
0.662
0.439055
0.662
0.662
0.386603
0.190374
0.487373
0.0956014
0.430541
0.0450648
0.662
0.118651
0.662
0.0226876
0.662
0.320205
0.241442
0.476936
0.662
0.662
0.171882
0.282033
0.662
0.307426
0.662
0.307786
0.662
0.178814
0.365757
0.662
0.0402003
0.662
0.289837
0.245245
0.430479
0.410338
0.20933
0.153632
0.662
0.662
0.662
0.662
0.662
0.446047
0.662
0.662
0.662
0.0492378
0.447344
0.662
0.662
0.451511
0.662
0.662
0.120409
0.0923412
0.100919
0.662
0.662
0.30183
0.393297
0.159255
0.465373
0.0918668
0.480911
0.122579
0.662
0.453474
0.55542
0.662
0.222737
0.0468937
0.523898
0.662
0.662
0.662
0.662
0.662
0.00735725
0.662
0.662
0.662
0.602641
0.662
0.662
0.292988
0.440871
0.662
