0.461019
0.0450648
0.662
0.662
0.662
0.662
0.30183
0.286854
0.662
0.662
0.662
0.1129
0.171882
0.662
0.232396
0.0956014
0.662
0.370814
0.348002
0.662
0.662
0.0875332
0.662
0.662
0.224087
0.317833
0.662
0.662
0.316307
0.309048
0.391828
0.662
0.662
0.292988
0.662
0.662
0.250648
0.129733
0.662
0.179989
0.352929
0.393972
0.662
0.38735
0.518443
0.662
0.662
0.272896
0.662
0.662
0.0515587
0.540159
0.0798278
0.106313
0.178719
0.662
0.205825
0.412576
0.662
0.496184
0.662
0.166301
0.210118
0.0937498
0.0393756
0.0917635
0.477563
0.446047
0.053283
0.288915
0.523898
0.0657626
0.662
0.662
0.620607
0.0627226
0.662
0.662
0.662
0.662
0.662
0.662
0.662
0.0711497
0.480911
0.178231
0.373535
0.662
0.0294177
0.388381
0.328434
0.662
0.203603
0.0209778
0.368111
0.529876
0.662
0.662
0.662
0.662
0.662
0.284091
0.662
0.662
0.184748
0.40524
0.55542
0.662
0.662
0.662
0.317863
0.662
0.662
0.662
0.31405
0.662
0.662
0.114603
0.662
0.662
0.662
0.662
0.421702
0.222177
0.0935118
0.662
0.597403
0.662
0.662
0.395165
0.174005
0.662
0.323121
0.423746
0.219005
0.662
0.643069
0.662
0.662
0.140473
0.662
0.662
0.100919
0.448562
0.126091
0.340087
0.662
0.473685
0.347078
0.200658
0.662
0.125743
0.140859
0.438379
0.662
0.662
0.389564
0.662
0.336693
0.662
0.662
0.662
0.662
0.662
0.285832
0.662
0.021247
0.17394
0.662
0.256045
0.305195
0.662
0.0656522
0.438688
0.662
0.662
0.306838
0.445505
0.344284
0.662
0.351094
0.662
0.662
0.214183
0.405078
0.662
0.29791
0.662
0.662
0.326142
0.662
0.662
0.662
0.662
0.294455
0.111196
0.402205
0.369477
0.554046
0.662
0.662
0.662
0.662
0.662
0.662
0.662
0.63339
0.296356
0.662
0.662
0.339587
0.0840157
0.0803542
0.662
0.662
0.662
0.497705
0.662
0.662
0.138611
0.662
0.662
0.662
0.662
0.662
0.662
0.222606
0.662
0.662
0.662
0.36246
0.017665
0.662
0.426517
0.302557
0.543497
0.662
0.174707
0.662
0.0478499
0.438593
0.662
0.662
0.12788
0.447556
0.662
0.662
0.592088
0.662
0.391267
0.0938611
0.662
0.662
0.662
0.0695711
0.662
0.159565
0.128801
0.662
0.662
0.662
0.662
0.0435441
0.366666
0.662
0.662
0.0791152
0.662
0.662
0.662
0.662
0.662
0.343637
0.662
0.205422
0.662
0.204495
0.470847
0.662
0.662
0.662
0.00732749
0.159217
0.0353966
0.662
0.333982
0.662
0.662
0.190374
0.436672
0.387927
0.373832
0.370828
0.139535
0.662
0.662
0.389436
0.452416
0.662
0.662
0.662
0.662
0.0134459
0.662
0.155349
0.662
0.242721
0.662
0.188929
0.662
0.244163
0.623341
0.662
0.4062
0.662
0.0677042
0.394244
0.414281
0.216144
0.462043
0.103661
0.662
0.00754558
0.109282
0.098221
0.374767
0.32548
0.315815
0.662
0.662
0.055686
0.662
0.662
0.0097428
0.662
0.662
0.662
0.135453
0.342883
0.484085
0.395543
0.0750226
0.662
0.300901
0.662
0.468712
0.662
0.213624
0.662
0.434142
0.121336
0.20933
0.359107
0.106515
0.662
0.391966
0.662
0.662
0.215945
0.0799205
0.662
0.662
0.662
0.662
0.120409
0.248022
0.326613
0.058773
0.444809
0.662
0.0192363
0.662
0.26615
0.270188
0.662
0.662
0.398125
0.193743
0.452692
0.220174
0.0750988
0.662
0.0455854
0.662
0.173354
0.662
0.662
0.662
0.00735725
0.662
0.662
0.662
0.430544
0.400044
0.662
0.215425
0.0218557
0.223226
0.00476042
0.662
0.662
0.662
0.662
0.302593
0.662
0.662
0.42638
0.0182854
0.197849
0.662
0.662
0.662
0.152551
0.662
0.662
0.228621
0.662
0.662
0.494622
0.662
0.331565
0.0640995
0.370156
0.47761
0.662
0.487763
0.662
0.662
0.662
0.662
