0.662
0.462086
0.662
0.662
0.0553628
0.241457
0.497451
0.0379905
0.436766
0.662
0.662
0.662
0.662
0.371479
0.662
0.662
0.662
0.128834
0.662
0.111346
0.262704
0.662
0.28883
0.390502
0.662
0.662
0.491866
0.312838
0.463062
0.595047
0.662
0.0713436
0.662
0.0702331
0.662
0.376425
0.662
0.662
0.0391962
0.398547
0.662
0.662
0.246467
0.662
0.662
0.41794
0.662
0.0872628
0.662
0.662
0.389516
0.662
0.0465478
0.662
0.662
0.230583
0.204784
0.348312
0.662
0.662
0.662
0.27616
0.418293
0.0413068
0.0196991
0.662
0.467821
0.0210942
0.118636
0.469862
0.36102
0.147748
0.0522138
0.662
0.427505
0.662
0.320442
0.662
0.186963
0.662
0.662
0.00308918
0.185866
0.662
0.662
0.23557
0.22769
0.161029
0.662
0.662
0.662
0.662
0.662
0.0603976
0.662
0.00689491
0.662
0.662
0.105557
0.662
0.662
0.195726
0.321068
0.662
0.662
0.385699
0.390834
0.662
0.662
0.662
0.662
0.0584869
0.344813
0.662
0.424168
0.262938
0.306259
0.662
0.347576
0.662
0.0630945
0.662
0.662
0.662
0.215118
0.302641
0.662
0.662
0.228683
0.165544
0.662
0.662
0.0361595
0.662
0.355061
0.662
0.420367
0.295576
0.118499
0.11545
0.449033
0.662
0.662
0.662
0.438455
0.381581
0.177872
0.156484
0.566834
0.662
0.662
0.662
0.662
0.662
0.145447
0.662
0.329916
0.0396954
0.662
0.662
0.662
0.662
0.662
0.269918
0.259256
0.662
0.662
0.662
0.662
0.662
0.482086
0.662
0.333246
0.177874
0.425179
0.0389411
0.313831
0.163875
0.410462
0.138005
0.413563
0.662
0.0316604
0.662
0.124652
0.662
0.662
0.022884
0.468316
0.0256207
0.633694
0.291893
0.662
0.0538185
0.603304
0.662
0.662
0.662
0.662
0.662
0.362577
0.480613
0.662
0.45453
0.662
0.662
0.369449
0.410651
0.222037
0.662
0.662
0.662
0.0204456
0.315557
0.662
0.0909371
0.426937
0.556681
0.0417634
0.662
0.662
0.662
0.662
0.662
0.662
0.662
0.662
0.662
0.466889
0.662
0.360382
0.317471
0.381036
0.662
0.662
0.512198
0.349869
0.662
0.662
0.354055
0.307059
0.485664
0.662
0.252261
0.0952808
0.662
0.662
0.662
0.662
0.662
0.662
0.477462
0.662
0.662
0.662
0.326141
0.662
0.516027
0.662
0.0396182
0.313763
0.00793332
0.346865
0.057368
0.150002
0.662
0.662
0.662
0.662
0.662
0.662
0.662
0.662
0.263759
0.242191
0.662
0.662
0.662
0.662
0.662
0.662
0.513532
0.662
0.662
0.662
0.240476
0.261073
0.662
0.662
0.562161
0.662
0.662
0.0866119
0.662
0.662
0.122884
0.491547
0.662
0.448021
0.662
0.171892
0.662
0.0983574
0.662
0.360868
0.662
0.662
0.662
0.367086
0.662
0.662
0.662
0.453576
0.662
0.149168
0.355881
0.273945
0.11025
0.662
0.605087
0.662
0.662
0.566797
0.0439289
0.662
0.603829
0.662
0.662
0.662
0.662
0.39992
0.377614
0.410259
0.0516392
0.0653294
0.662
0.662
0.662
0.259507
0.633391
0.662
0.662
0.259627
0.332654
0.192029
0.355779
0.662
0.327102
0.452331
0.183336
0.418366
0.0893426
0.0259624
0.555092
0.662
0.662
0.192426
0.662
0.611482
0.662
0.662
0.662
0.662
0.662
0.374095
0.211274
0.662
0.469796
0.0517266
0.589955
0.349802
0.662
0.662
0.475192
0.662
0.348505
0.249137
0.27983
0.394843
0.662
0.300804
0.662
0.662
0.662
0.261829
0.535511
0.179104
0.562072
0.662
0.33359
0.662
0.662
0.662
0.662
0.124069
0.36404
0.228597
0.463575
0.401093
0.145346
0.662
0.352457
0.662
0.662
0.662
0.35138
0.662
0.00911404
0.189384
0.0926618
0.662
0.251387
0.656122
0.198506
0.662
0.662
0.662
0.464516
0.662
0.175055
0.644458
0.469787
0.318225
0.662
0.662
0.381203
0.251732
0.662
0.662
0.662
0.0809859
0.662
0.662
0.327781
0.662
0.0433354
0.361268
0.362694
0.454875
0.662
0.451656
0.662
0.662
0.162075
0.662
0.662
0.662
0.662
0.662
0.246815
0.662
0.662
0.662
0.662
0.662
0.0371665
0.0120524
0.492439
0.662
0.252489
0.662
0.0262796
0.662
0.136387
0.232065
0.662
0.662
0.662
0.436715
0.573984
0.110129
0.662
0.249303
0.662
0.662
0.40067
0.0525135
0.662
0.662
0.230855
0.662
0.662
0.662
0.00820182
0.0824422
0.303709
0.662
0.662
0.662
0.662
0.662
0.449602
0.0867656
0.662
0.456322
0.18665
0.305406
0.662
0.240204
0.36649
0.662
0.0454608
0.222063
0.662
0.662
0.0573961
0.662
0.662
0.662
0.662
0.371868
0.662
0.292281
0.662
0.459867
0.0447307
0.662
0.24324
0.184932
0.223008
0.0278128
0.662
0.303443
0.620074
0.423472
0.0717946
0.207279
0.354695
0.247499
0.662
0.309263
0.271959
0.324663
0.662
0.513066
0.231911
0.457708
0.233212
0.662
0.20955
0.662
0.662
0.662
0.662
0.662
0.662
0.222468
0.136466
0.470098
0.662
0.297383
0.662
0.461109
0.662
0.447404
0.245275
0.309015
0.662
0.525781
0.662
0.364032
0.662
0.662
0.662
0.662
0.662
0.662
0.662
0.361688
0.0451332
0.144582
0.662
0.662
0.662
0.662
0.662
0.662
0.417283
0.662
