0.662
0.117146
0.111952
0.662
0.387838
0.662
0.14162
0.0168589
0.662
0.288433
0.662
0.662
0.343423
0.279951
0.269895
0.116323
0.0167085
0.662
0.366318
0.662
0.270651
0.662
0.662
0.416222
0.662
0.662
0.662
0.662
0.200041
0.662
0.00315855
0.662
0.206083
0.662
0.256305
0.47108
0.592885
0.128089
0.662
0.28082
0.662
0.057368
0.662
0.662
0.523449
0.662
0.662
0.662
0.662
0.052343
0.0920091
0.0972603
0.324844
0.662
0.662
0.662
0.662
0.662
0.196248
0.662
0.662
0.549202
0.160721
0.662
0.163194
0.662
0.206419
0.662
0.364898
0.311089
0.308193
0.662
0.662
0.662
0.662
0.292281
0.662
0.173738
0.0990097
0.662
0.22122
0.431542
0.486842
0.616352
0.469787
0.662
0.407269
0.662
0.0149071
0.291253
0.662
0.662
0.662
0.00414672
0.384272
0.34223
0.421072
0.322069
0.573255
0.354822
0.363652
0.662
0.662
0.11407
0.662
0.662
0.209938
0.229418
0.25372
0.662
0.662
0.177039
0.0203687
0.662
0.441601
0.268837
0.301173
0.662
0.662
0.237203
0.250686
0.662
0.662
0.662
0.386872
0.662
0.662
0.662
0.167932
0.662
0.662
0.212823
0.662
0.662
0.107365
0.662
0.275521
0.0987382
0.59596
0.0535451
0.115941
0.662
0.662
0.522602
0.11768
0.662
0.662
0.662
0.662
0.0157851
0.0966768
0.662
0.662
0.662
0.662
0.662
0.412936
0.425647
0.662
0.0525705
0.296431
0.662
0.41545
0.662
0.662
0.662
0.281633
0.319923
0.662
0.447145
0.0473223
0.29449
0.226592
0.662
0.662
0.285357
0.662
0.50471
0.429313
0.662
0.429319
0.662
0.195866
0.662
0.0980805
0.149223
0.662
0.662
0.348452
0.662
0.35751
0.267155
0.662
0.294473
0.236343
0.662
0.0437109
0.444806
0.442485
0.449307
0.409871
0.662
0.1681
0.450833
0.662
0.369686
0.662
0.662
0.022087
0.344935
0.662
0.420215
0.662
0.662
0.159943
0.101959
0.662
0.483023
0.662
0.376132
0.0328583
0.662
0.662
0.662
0.662
0.392308
0.662
0.662
0.662
0.102429
0.662
0.662
0.662
0.335594
0.662
0.662
0.0875806
0.224425
0.348315
0.662
0.449514
0.343007
0.463126
0.662
0.526762
0.0554073
0.0938471
0.33324
0.662
0.442561
0.662
0.662
0.515406
0.662
0.662
0.013418
0.0562994
0.183648
0.662
0.662
0.662
0.220644
0.662
0.407088
0.662
0.662
0.662
0.417722
0.662
0.356727
0.662
0.175775
0.280964
0.467714
0.662
0.192837
0.412264
0.361906
0.662
0.662
0.662
0.470425
0.122046
0.662
0.0212225
0.409686
0.662
0.295741
0.662
0.662
0.458038
0.0554036
0.0697272
0.662
0.662
0.662
0.173705
0.662
0.662
0.662
0.483686
0.662
0.662
0.662
0.427022
0.662
0.662
0.461718
0.662
0.575498
0.662
0.479829
0.662
0.309807
0.00346354
0.232812
0.000455965
0.662
0.662
0.662
0.300804
0.0107377
0.399894
0.334384
0.126469
0.662
0.662
0.662
0.662
0.662
0.487062
0.563042
0.509569
0.662
0.100712
0.248017
0.482322
0.662
0.662
0.662
0.360018
0.394687
0.42613
0.662
0.662
0.362435
0.662
0.662
0.662
0.307059
0.662
0.662
0.662
0.333867
0.662
0.662
0.211297
0.175667
0.662
0.154167
0.662
0.213517
0.662
0.460593
0.662
0.662
0.571547
0.18403
0.662
0.270942
0.662
0.0479847
0.662
0.662
0.464224
0.662
0.448021
0.662
0.324342
0.0956854
0.662
0.233777
0.662
0.383491
0.662
0.662
0.662
0.436093
0.0866119
0.0542404
0.662
0.662
0.662
0.151752
0.662
0.662
0.662
0.662
0.228683
0.662
0.662
0.14075
0.46729
0.662
0.662
0.662
0.662
0.417892
0.0584461
0.298212
0.662
0.238646
0.184788
0.662
0.114001
0.662
0.662
0.42315
0.662
0.420736
0.662
0.0370566
0.662
0.0220452
0.206172
0.00280858
0.306579
0.277691
0.662
0.662
0.662
0.209097
0.662
0.662
0.662
0.47718
0.662
0.254352
0.562849
0.662
0.662
0.662
0.662
0.112348
0.662
0.194328
0.136558
0.662
0.294165
0.40434
0.662
0.662
0.662
0.662
0.50837
0.662
0.662
0.662
0.256037
0.330072
0.219261
0.232961
0.662
0.662
0.22769
0.662
0.265563
0.470903
0.233995
0.29585
0.291095
0.662
0.662
0.125312
0.662
0.662
0.305156
0.662
0.662
0.662
0.367417
0.662
0.662
0.465512
0.662
0.662
0.662
0.189173
0.247553
0.662
0.123452
0.539379
0.662
0.662
0.662
0.176484
0.471995
0.662
0.000482921
0.335188
0.45661
0.263701
0.662
0.662
0.662
0.148302
0.334219
0.662
0.21922
0.662
0.461877
0.662
0.13289
0.111109
0.662
0.662
0.0950503
0.662
0.333205
0.444039
0.662
0.119163
0.012224
0.662
0.662
0.662
0.662
0.662
0.377525
0.662
0.662
0.419349
0.083414
0.160578
0.0376379
0.00767856
0.662
0.662
0.218546
0.662
0.662
0.662
0.215722
0.0737654
0.273066
0.662
0.33136
0.0328131
0.25028
0.188564
0.403231
0.662
0.662
0.662
0.466751
0.662
0.662
0.662
0.0532168
0.448761
0.662
0.209868
0.130476
0.662
0.662
0.662
0.0634238
0.425596
0.176336
0.662
0.662
0.465939
0.662
0.399161
0.662
