0.662
0.193408
0.662
0.662
0.662
0.249726
0.242311
0.110023
0.27255
0.456476
0.662
0.662
0.662
0.206141
0.477563
0.36637
0.144378
0.662
0.100455
0.662
0.662
0.0112947
0.0325109
0.142567
0.0800651
0.662
0.662
0.662
0.662
0.662
0.662
0.386724
0.662
0.662
0.652078
0.159565
0.219441
0.408713
0.133181
0.586837
0.225973
0.0602204
0.372557
0.178968
0.662
0.441283
0.0721485
0.434851
0.662
0.310258
0.0641331
0.1506
0.662
0.662
0.662
0.662
0.306161
0.0145612
0.662
0.662
0.662
0.453447
0.662
0.503144
0.59917
0.506529
0.662
0.0700306
0.40538
0.288337
0.662
0.662
0.662
0.662
0.662
0.0113459
0.00536672
0.432152
0.371099
0.662
0.662
0.218995
0.662
0.662
0.662
0.662
0.268624
0.662
0.269853
0.662
0.174437
0.258999
0.662
0.662
0.0941481
0.410451
0.369349
0.662
0.662
0.662
0.463828
0.662
0.662
0.662
0.662
0.662
0.391842
0.345327
0.662
0.238184
0.662
0.662
0.662
0.244278
0.662
0.295236
0.16553
0.105959
0.533965
0.662
0.662
0.162042
0.283146
0.569789
0.160841
0.662
0.126942
0.662
0.662
0.446431
0.662
0.662
0.0159965
0.39379
0.130478
0.00749981
0.662
0.355211
0.662
0.662
0.662
0.277495
0.0636178
0.662
0.348084
0.14824
0.662
0.662
0.662
0.591802
0.179415
0.662
0.388276
0.662
0.662
0.662
0.326397
0.344967
0.242763
0.662
0.331622
0.430652
0.168981
0.473032
0.662
0.355408
0.209874
0.144652
0.662
0.150144
0.425325
0.236835
0.662
0.521878
0.446248
0.662
0.167039
0.662
0.662
0.662
0.662
0.413074
0.261085
0.662
0.662
0.662
0.662
0.662
0.662
0.404333
0.103661
0.271833
0.662
0.0307166
0.662
0.453969
0.662
0.452685
0.211068
0.662
0.662
0.542259
0.201312
0.0505729
0.397123
0.662
0.317832
0.266706
0.381297
0.662
0.48558
0.662
0.662
0.662
0.387761
0.328442
0.662
0.257242
0.662
0.662
0.0783232
0.23221
0.662
0.168085
0.662
0.662
0.120393
0.662
0.513421
0.529369
0.010577
0.662
0.662
0.662
0.300197
0.662
0.662
0.662
0.662
0.323776
0.640706
0.662
0.0769064
0.2988
0.0282938
0.662
0.466354
0.128501
0.662
0.662
0.159255
0.662
0.662
0.662
0.662
0.662
0.456014
0.662
0.662
0.662
0.662
0.662
0.662
0.662
0.662
0.184627
0.662
0.258769
0.0149307
0.0741975
0.662
0.662
0.662
0.662
0.662
0.184748
0.662
0.662
0.455442
0.662
0.623614
0.397783
0.662
0.662
0.662
0.662
0.662
0.662
0.662
0.662
0.662
0.0462869
0.662
0.662
0.662
0.662
0.392489
0.662
0.647654
0.0655251
0.662
0.662
0.296653
0.0580501
0.198972
0.662
0.468192
0.662
0.441525
0.662
0.559921
0.133579
0.440681
0.510671
0.461523
0.321435
0.647904
0.418098
0.0142791
0.322637
0.136172
0.662
0.662
0.0127523
0.662
0.354945
0.477476
0.662
0.232886
0.662
0.662
0.662
0.021821
0.320708
0.419837
0.243132
0.0667877
0.131814
0.662
0.311287
0.662
0.125876
0.662
0.294288
0.300902
0.662
0.662
0.662
0.662
0.662
0.189453
0.662
0.662
0.662
0.662
0.662
0.662
0.201421
0.662
0.662
0.468651
0.662
0.14557
0.662
0.46636
0.662
0.662
0.662
0.134506
0.662
0.662
0.19453
0.226302
0.426432
0.662
0.553901
0.662
0.262073
0.108917
0.181265
0.605743
0.193492
0.00542498
0.312902
0.489151
0.662
0.662
0.662
0.0926242
0.662
0.662
0.0754641
0.662
0.408277
0.662
0.662
0.55909
0.290129
0.0270014
0.426054
0.0900408
0.662
0.662
0.468176
0.662
0.662
