0.662
0.662
0.461092
0.662
0.36649
0.185767
0.662
0.662
0.271669
0.280419
0.662
0.662
0.662
0.186963
0.433642
0.662
0.662
0.562072
0.662
0.662
0.262191
0.589136
0.398185
0.662
0.662
0.662
0.600761
0.449752
0.662
0.662
0.23857
0.127864
0.662
0.260192
0.183336
0.662
0.662
0.147799
0.175055
0.371479
0.0999616
0.259507
0.195866
0.662
0.24406
0.662
0.662
0.123251
0.662
0.662
0.324646
0.662
0.662
0.236821
0.662
0.662
0.662
0.662
0.662
0.363409
0.01223
0.436937
0.312838
0.527407
0.662
0.128834
0.662
0.0829671
0.662
0.662
0.662
0.406041
0.314501
0.341263
0.662
0.662
0.193393
0.662
0.662
0.240083
0.267092
0.662
0.662
0.347576
0.377614
0.662
0.662
0.662
0.352457
0.429986
0.662
0.662
0.555092
0.297875
0.448163
0.662
0.420367
0.253483
0.557448
0.197146
0.113479
0.662
0.63339
0.662
0.465029
0.460148
0.662
0.662
0.662
0.381475
0.662
0.662
0.662
0.662
0.460243
0.662
0.662
0.662
0.23607
0.398547
0.0614088
0.491547
0.420713
0.662
0.662
0.27616
0.662
0.427505
0.662
0.662
0.662
0.662
0.248169
0.18665
0.662
0.188385
0.662
0.13439
0.125168
0.662
0.662
0.0168572
0.132499
0.662
0.466692
0.305356
0.662
0.662
0.0966018
0.373569
0.314123
0.106466
0.662
0.192029
0.394826
0.449033
0.415598
0.198256
0.178708
0.055848
0.662
0.662
0.662
0.662
0.662
0.181102
0.662
0.420583
0.551817
0.497451
0.611482
0.662
0.234834
0.396369
0.662
0.389516
0.662
0.520028
0.662
0.662
0.662
0.217444
0.147192
0.662
0.46269
0.662
0.267344
0.435177
0.662
0.662
0.662
0.173733
0.241457
0.662
0.662
0.662
0.0298925
0.662
0.468663
0.33001
0.295422
0.662
0.662
0.0712827
0.662
0.662
0.485879
0.662
0.662
0.0677399
0.662
0.352576
0.662
0.438455
0.394841
0.662
0.112949
0.26208
0.662
0.662
0.208112
0.662
0.662
0.662
0.347987
0.162075
0.662
0.662
0.662
0.662
0.276211
0.467791
0.105022
0.662
0.469796
0.454744
0.169384
0.272746
0.662
0.662
0.047545
0.0413581
0.508149
0.662
0.662
0.662
0.662
0.662
0.2906
0.662
0.159947
0.662
0.662
0.252489
0.31176
0.290278
0.662
0.662
0.0204456
0.566834
0.662
0.313763
0.662
0.414539
0.307742
0.662
0.662
0.32241
0.122311
0.500488
0.662
0.662
0.662
0.662
0.662
0.662
0.662
0.134824
0.662
0.662
0.662
0.662
0.116821
0.470787
0.186526
0.314246
0.662
0.160142
0.662
0.487056
0.328971
0.246467
0.662
0.297425
0.662
0.461672
0.662
0.662
0.662
0.185829
0.662
0.662
0.255062
0.662
0.662
0.114357
0.216159
0.662
0.216695
0.2986
0.662
0.662
0.662
0.662
0.662
0.358696
0.662
0.0634108
0.662
0.0547014
0.564774
0.662
0.662
0.662
0.287839
0.0563721
0.662
0.562161
0.542331
0.662
0.136015
0.00659544
0.364039
0.3848
0.291414
0.662
0.477645
0.0943755
0.257291
0.491571
0.360264
0.662
0.662
0.0396954
0.444655
0.662
0.662
0.662
0.662
0.446232
0.110845
0.0179301
0.662
0.662
0.662
0.335171
0.0825303
0.662
0.211274
0.662
0.223008
0.662
0.222103
0.662
0.240953
0.361268
0.662
0.0377538
0.41329
0.276909
0.462168
0.662
0.595303
0.662
0.662
0.144351
0.221673
0.662
0.147153
0.662
0.3568
0.3963
0.0296906
0.662
0.662
0.662
0.00820182
0.118636
0.111346
0.662
0.662
0.662
0.645382
0.662
0.662
0.662
0.662
0.662
0.271987
0.391351
0.662
0.0446163
0.662
0.662
0.30305
0.662
0.206937
0.379528
0.662
0.172354
0.662
0.662
0.662
0.662
0.246624
0.545468
0.461251
0.662
0.222468
0.454522
0.328198
0.30273
0.0201038
0.437212
0.662
0.364367
0.0361595
0.662
0.662
0.662
0.136466
0.662
0.265309
0.662
0.662
0.122251
0.662
0.144582
0.662
0.27917
0.662
0.398062
0.662
0.316156
0.662
0.233212
0.662
0.662
0.662
0.410122
0.662
0.662
0.355598
0.447071
0.662
0.662
0.662
0.605087
0.662
0.360623
0.569828
0.662
0.157013
0.0451332
0.148773
0.384903
0.583329
0.268762
0.662
0.662
0.662
0.474983
0.662
0.402402
0.662
0.662
0.396067
0.662
0.662
0.00957479
0.261949
0.662
0.662
0.149051
0.212673
0.662
0.662
0.662
0.215118
0.662
0.662
0.355061
0.130657
0.0902964
0.662
0.662
0.662
0.662
0.410462
0.662
0.163559
0.662
0.4944
0.662
0.662
0.237004
0.555717
0.662
0.262303
0.573692
0.375038
0.662
0.662
0.230456
0.662
0.662
0.51216
0.662
0.662
0.662
0.09776
0.662
0.662
0.662
0.662
0.662
0.662
0.662
0.220505
0.155945
0.362177
0.662
0.424206
0.662
0.662
0.222063
0.596687
0.0257689
0.662
0.662
0.662
0.357894
0.662
0.237042
0.662
0.297263
0.327553
0.20593
0.25552
0.585249
0.0926618
0.662
0.093261
0.662
0.662
0.662
0.662
0.662
0.0111685
0.662
0.662
0.130433
0.662
0.228597
0.662
0.176561
0.453576
0.662
0.662
0.363145
0.0284525
0.662
0.662
