0.662
0.453576
0.192029
0.662
0.662
0.662
0.662
0.27445
0.662
0.255925
0.662
0.662
0.555717
0.259507
0.352576
0.437212
0.183336
0.662
0.662
0.398547
0.222103
0.357894
0.662
0.662
0.662
0.573692
0.662
0.460243
0.662
0.237042
0.662
0.241457
0.0899575
0.662
0.0677399
0.297425
0.454522
0.662
0.220505
0.2986
0.520028
0.491547
0.662
0.0999616
0.662
0.414539
0.662
0.255062
0.662
0.662
0.662
0.216695
0.328971
0.253483
0.662
0.295422
0.662
0.375038
0.485879
0.64026
0.662
0.662
0.436937
0.246624
0.662
0.662
0.662
0.268762
0.186526
0.662
0.662
0.662
0.662
0.551817
0.662
0.662
0.429986
0.0870728
0.662
0.662
0.134824
0.27917
0.662
0.662
0.545468
0.349543
0.0931011
0.662
0.265309
0.130657
0.662
0.662
0.23857
0.0943755
0.662
0.662
0.662
0.662
0.662
0.662
0.26919
0.662
0.055848
0.039584
0.662
0.63339
0.662
0.01223
0.335171
0.662
0.280419
0.662
0.662
0.480334
0.662
0.662
0.662
0.447071
0.662
0.222468
0.662
0.246467
0.662
0.314246
0.221673
0.662
0.18665
0.469796
0.662
0.370421
0.348505
0.662
0.169384
0.335924
0.662
0.662
0.211274
0.662
0.662
0.662
0.125168
0.123251
0.662
0.307742
0.662
0.128834
0.420713
0.0179301
0.662
0.662
0.262191
0.147192
0.662
0.662
0.662
0.26208
0.662
0.00820182
0.662
0.267092
0.31176
0.662
0.662
0.461251
0.662
0.662
0.208112
0.662
0.662
0.662
0.197146
0.662
0.186963
0.662
0.466692
0.662
0.662
0.662
0.248169
0.662
0.379528
0.362177
0.291414
0.0634108
0.093261
0.662
0.662
0.23607
0.662
0.176561
0.465029
0.102611
0.181102
0.185767
0.662
0.127864
0.662
0.215118
0.46269
0.0966018
0.662
0.185829
0.326068
0.30273
0.662
0.662
0.662
0.662
0.20037
0.212673
0.662
0.662
0.0460091
0.662
0.611482
0.662
0.662
0.216159
0.662
0.32241
0.662
0.449033
0.600761
0.20593
0.662
0.662
0.287839
0.297263
0.159947
0.662
0.662
0.662
0.271987
0.290278
0.313763
0.662
0.0201038
0.662
0.662
0.662
0.662
0.396067
0.13439
0.662
0.431922
0.402402
0.662
0.662
0.569828
0.605087
0.316156
0.487056
0.377614
0.662
0.157013
0.662
0.173733
0.595303
0.662
0.427505
0.662
0.662
0.662
0.596687
0.662
0.375616
0.662
0.0926618
0.155945
0.0284525
0.662
0.381475
0.36649
0.662
0.467791
0.662
0.449752
0.267344
0.662
0.662
0.662
0.662
0.662
0.662
0.662
0.0257689
0.662
0.0413581
0.662
0.662
0.662
0.662
0.662
0.662
0.371479
0.435177
0.662
0.662
0.0377538
0.141502
0.257291
0.662
0.662
0.662
0.363409
0.662
0.662
0.433642
0.662
0.662
0.0296906
0.106466
0.662
0.132499
0.276909
0.316458
0.662
0.223953
0.662
0.662
0.662
0.364039
0.3848
0.557448
0.662
0.195866
0.324646
0.662
0.662
0.662
0.314501
0.491571
0.662
0.662
0.662
0.113479
0.662
0.662
0.352457
0.230456
0.662
0.172354
0.410462
0.236821
0.136466
0.415598
0.36486
0.662
0.662
0.662
0.662
0.662
0.130433
0.662
0.410122
0.662
0.662
0.662
0.25552
0.662
0.363145
0.662
0.406041
0.110845
0.297875
0.662
0.662
0.662
0.662
0.662
0.508149
0.662
0.662
0.662
0.662
0.662
0.662
0.662
0.116821
0.662
0.0168572
0.223008
0.00957479
0.662
0.305356
0.389516
0.662
0.30305
0.198256
0.420583
0.162075
0.147153
0.645382
0.662
0.662
0.0446163
0.662
0.662
0.364367
0.662
0.662
0.662
0.461672
0.662
0.585249
0.662
0.260192
0.360623
0.662
0.662
0.09776
0.662
0.262303
0.662
0.424206
0.41329
0.0361595
0.662
0.474983
0.662
0.662
0.0111685
0.662
0.662
0.662
0.662
0.662
0.3568
0.562072
0.662
0.148773
0.312838
0.555092
0.662
0.0204456
0.122311
0.662
0.662
0.272343
0.662
0.662
0.217444
0.662
0.454744
0.662
0.662
0.396369
0.662
0.328198
0.248909
0.327553
0.662
0.662
0.662
0.438455
0.206937
0.222063
0.136015
0.562161
0.0547014
0.373569
0.662
0.662
0.358696
0.662
0.662
0.470787
0.662
0.662
0.662
0.662
0.662
0.271669
0.0298925
0.662
0.662
0.355061
0.662
0.00659544
0.662
0.662
0.527407
0.160142
0.114357
0.193393
0.0396954
0.163559
0.662
0.662
0.662
0.662
0.347987
0.448163
0.105022
0.662
0.24406
0.662
0.662
0.2906
0.33001
0.391351
0.662
0.662
0.662
0.662
0.467821
0.662
0.662
0.662
0.122251
0.662
0.0451332
0.662
0.662
0.234834
0.662
0.477645
0.525781
0.662
0.662
0.0563721
0.460148
0.662
0.662
0.662
0.662
0.447001
0.0154688
0.662
0.347576
0.662
0.175055
0.662
0.446232
0.662
0.662
0.662
0.144351
0.662
0.233212
0.276211
0.27616
0.240083
0.4944
0.458039
0.662
0.341263
0.176888
0.662
0.662
0.261949
0.662
0.662
0.662
0.118636
0.583329
0.272746
0.662
0.0105662
0.662
0.662
0.662
0.662
0.394841
0.497451
0.662
0.662
0.394826
0.662
0.662
0.398062
0.662
0.662
