0.662
0.0893426
0.662
0.261949
0.124069
0.662
0.316227
0.145447
0.0693599
0.662
0.662
0.662
0.362694
0.259627
0.662
0.662
0.662
0.420367
0.513066
0.662
0.662
0.662
0.662
0.222063
0.662
0.662
0.644458
0.662
0.19982
0.394841
0.491547
0.230855
0.662
0.662
0.662
0.662
0.00659544
0.662
0.071028
0.21113
0.662
0.0634538
0.662
0.118636
0.0603976
0.185829
0.662
0.662
0.662
0.367086
0.0866119
0.662
0.128834
0.177872
0.240083
0.662
0.662
0.662
0.297888
0.261228
0.472766
0.662
0.662
0.662
0.662
0.371479
0.662
0.39992
0.662
0.633389
0.3848
0.0465478
0.662
0.352457
0.461109
0.662
0.0926618
0.662
0.662
0.361688
0.662
0.662
0.662
0.0443075
0.662
0.662
0.149168
0.449033
0.662
0.662
0.297766
0.566834
0.662
0.390502
0.37865
0.662
0.662
0.662
0.662
0.662
0.451656
0.662
0.662
0.0389411
0.377614
0.00414672
0.662
0.662
0.469862
0.662
0.662
0.479586
0.0417634
0.207279
0.0688553
0.662
0.662
0.11025
0.662
0.662
0.662
0.662
0.321068
0.10454
0.376184
0.325888
0.586777
0.562161
0.662
0.662
0.330134
0.0256207
0.46269
0.454875
0.662
0.0361595
0.405695
0.306471
0.222468
0.326141
0.662
0.662
0.374307
0.662
0.662
0.475192
0.247499
0.662
0.496331
0.662
0.595047
0.662
0.318225
0.662
0.662
0.662
0.313763
0.662
0.662
0.662
0.662
0.662
0.662
0.0082514
0.301154
0.662
0.246467
0.662
0.662
0.467821
0.335171
0.415297
0.662
0.448163
0.0439289
0.662
0.286989
0.166231
0.662
0.0413068
0.662
0.662
0.605087
0.662
0.662
0.662
0.249303
0.41794
0.662
0.662
0.273945
0.00329163
0.662
0.312838
0.662
0.138005
0.0271729
0.380165
0.662
0.662
0.335817
0.0809859
0.662
0.662
0.310834
0.662
0.222717
0.309015
0.237425
0.662
0.662
0.662
0.662
0.662
0.295422
0.662
0.0396182
0.396369
0.0717946
0.662
0.662
0.0553628
0.662
0.662
0.662
0.310229
0.662
0.662
0.662
0.119307
0.662
0.512198
0.662
0.662
0.300056
0.662
0.662
0.573984
0.662
0.662
0.662
0.186963
0.201111
0.662
0.0517266
0.662
0.477462
0.0562994
0.355598
0.662
0.00820182
0.349802
0.469796
0.662
0.0447307
0.00395909
0.0952808
0.662
0.258347
0.662
0.662
0.662
0.215118
0.662
0.389516
0.662
0.662
0.552297
0.483985
0.662
0.470098
0.23557
0.662
0.662
0.202093
0.620074
0.375673
0.662
0.413563
0.662
0.262938
0.662
0.0902964
0.459867
0.153956
0.662
0.398547
0.0634108
0.662
0.418366
0.662
0.662
0.177605
0.662
0.662
0.662
0.0392524
0.183336
0.662
0.0131431
0.136466
0.33517
0.0451332
0.136387
0.379935
0.662
0.0584869
0.192029
0.352841
0.09776
0.313831
0.662
0.36649
0.348505
0.232065
0.424168
0.240204
0.33001
0.662
0.444544
0.0446163
0.36404
0.662
0.309263
0.197748
0.662
0.662
0.193124
0.662
0.662
0.662
0.662
0.662
0.222037
0.299532
0.0210942
0.173733
0.662
0.662
0.192426
0.662
0.0151473
0.662
0.125168
0.662
0.662
0.662
0.327781
0.100243
0.418293
0.662
0.0573961
0.662
0.662
0.261829
0.410651
0.371868
0.662
0.662
0.662
0.662
0.662
0.662
0.0983574
0.111346
0.453576
0.0630945
0.662
0.662
0.662
0.240694
0.516027
0.662
0.204501
0.662
0.662
0.184781
0.662
0.662
0.333246
0.143046
0.662
0.0296906
0.447404
0.0204456
0.410259
0.662
0.662
0.355061
0.0525135
0.122621
0.662
0.207352
0.662
0.263759
0.662
0.365878
0.23607
0.124686
0.0469032
0.341485
0.662
0.612084
0.0258084
0.662
0.18665
0.662
0.662
0.555092
0.36102
0.656122
0.662
0.662
0.662
0.450964
0.460386
0.566797
0.662
0.662
0.438455
0.179104
0.252489
0.662
0.241457
0.662
0.169384
0.354695
0.662
0.662
0.162075
0.662
0.662
0.662
0.662
0.662
0.633694
0.662
0.662
0.140145
0.497451
0.0278469
0.662
0.0872628
0.0670233
0.662
0.662
0.662
0.403175
0.463575
0.175055
0.662
0.184932
0.662
0.341263
0.662
0.257291
0.662
0.662
0.27616
0.223008
0.662
0.427505
0.22491
0.658536
0.662
0.498485
0.662
0.338279
0.662
0.144582
0.0824422
0.662
0.662
0.0750218
0.347576
0.662
0.0619757
0.662
0.0591804
0.662
0.662
0.123113
0.468316
0.500488
0.662
0.260951
0.32724
0.550846
0.662
0.662
0.662
0.662
0.662
0.0513236
0.227551
0.662
0.33359
0.303443
0.208127
0.662
0.525781
0.28883
0.415598
0.662
0.547644
0.464516
0.015523
0.161029
0.436766
0.611482
0.662
0.662
0.662
0.0522138
0.662
0.155945
0.662
0.662
0.0274914
0.662
0.116821
0.662
0.662
0.426937
0.662
0.259507
0.662
0.662
0.562072
0.662
0.255599
0.662
0.360868
0.462086
0.124652
0.437212
0.249137
0.662
0.662
0.662
0.662
0.662
0.417283
0.487056
0.662
0.234497
0.132085
0.662
0.662
0.211274
0.662
0.271822
0.662
0.303182
0.662
0.123668
0.662
0.662
0.662
0.662
0.425179
0.662
0.662
0.207282
0.662
0.662
0.662
0.662
0.662
0.251732
0.662
0.662
0.390834
0.662
0.181102
0.361268
0.00793332
0.662
