0.134524
0.662
0.387556
0.662
0.317345
0.662
0.461113
0.340322
0.311658
0.662
0.12479
0.662
0.662
0.117218
0.0835852
0.47738
0.556291
0.379128
0.508645
0.0767414
0.563568
0.662
0.662
0.662
0.662
0.662
0.662
0.662
0.662
0.159381
0.467165
0.0457147
0.662
0.662
0.507045
0.662
0.662
0.437605
0.662
0.662
0.468724
0.662
0.662
0.538338
0.196835
0.662
0.662
0.662
0.437261
0.662
0.662
0.042766
0.662
0.134302
0.662
0.0660751
0.662
0.343398
0.662
0.31144
0.662
0.444913
0.232154
0.662
0.455877
0.249776
0.397051
0.662
0.26246
0.18079
0.252937
0.0221901
0.102611
0.400486
0.662
0.662
0.225511
0.662
0.168176
0.111958
0.390443
0.119237
0.456879
0.662
0.20602
0.662
0.370145
0.662
0.662
0.455909
0.296661
0.405046
0.662
0.662
0.193743
0.662
0.662
0.662
0.456556
0.662
0.662
0.662
0.212104
0.192029
0.662
0.662
0.662
0.662
0.662
0.106907
0.284558
0.362359
0.662
0.104572
0.662
0.326104
0.247682
0.662
0.266276
0.271876
0.255062
0.162178
0.159871
0.0751486
0.462331
0.29128
0.662
0.485671
0.662
0.293696
0.388479
0.662
0.662
0.470592
0.662
0.21123
0.662
0.662
0.662
0.662
0.307646
0.662
0.431582
0.662
0.224426
0.367588
0.662
0.662
0.107754
0.662
0.662
0.662
0.277089
0.279575
0.662
0.662
0.662
0.662
0.190145
0.185897
0.525139
0.662
0.662
0.41526
0.662
0.662
0.302131
0.662
0.452816
0.662
0.662
0.662
0.131941
0.218602
0.0505106
0.16967
0.662
0.001971
0.662
0.227307
0.356366
0.411494
0.662
0.662
0.133992
0.662
0.662
0.662
0.662
0.280112
0.0531667
0.662
0.662
0.472349
0.662
0.431057
0.662
0.0414533
0.662
0.214483
0.662
0.360814
0.662
0.361109
0.226116
0.220505
0.662
0.662
0.659569
0.662
0.662
0.414507
0.0926639
0.143049
0.320483
0.485171
0.237758
0.662
0.279366
0.158378
0.314277
0.662
0.147422
0.460448
0.662
0.24507
0.605411
0.624763
0.662
0.662
0.662
0.662
0.662
0.662
0.163399
0.662
0.140465
0.324474
0.662
0.379645
0.417949
0.662
0.662
0.662
0.296988
0.662
0.662
0.662
0.662
0.662
0.662
0.662
0.164833
0.662
0.278552
0.662
0.330115
0.662
0.662
0.662
0.662
0.662
0.662
0.13439
0.662
0.662
0.203605
0.245046
0.461156
0.662
0.321016
0.662
0.176561
0.377539
0.27857
0.662
0.662
0.350281
0.444997
0.424224
0.662
0.504132
0.662
0.155768
0.30294
0.662
0.60737
0.354902
0.662
0.0563721
0.662
0.314124
0.662
0.662
0.662
0.662
0.662
0.662
0.662
0.234662
0.257242
0.662
0.204888
0.38061
0.662
0.429294
0.196848
0.0386616
0.0415495
0.398543
0.662
0.051539
0.662
0.662
0.0573504
0.662
0.388501
0.662
0.662
0.309592
0.460256
0.274141
0.662
0.662
0.0151879
0.563319
0.662
0.662
0.236064
0.662
0.662
0.662
0.219069
0.15809
0.173043
0.213445
0.430369
0.662
0.215806
0.0853043
0.252327
0.662
0.440028
0.662
0.206937
0.662
0.0687588
0.018073
0.032146
0.424199
0.485445
0.662
0.662
0.382107
0.662
0.405884
0.662
0.475215
0.662
0.170969
0.662
0.662
0.662
0.662
0.222764
0.352972
0.662
0.142589
0.662
0.662
0.662
0.118513
0.589481
0.662
0.289275
0.436664
0.662
0.267594
0.103206
0.662
0.662
0.662
0.662
0.662
0.662
0.662
0.662
0.662
0.662
0.662
0.662
0.433102
0.662
0.662
0.662
0.311357
0.304471
0.156859
0.662
0.222682
0.662
0.0826912
0.376827
0.240769
0.389154
0.662
0.199001
0.662
0.459463
0.662
0.263174
0.662
0.662
0.322619
0.288801
0.198425
0.662
0.662
0.662
0.662
0.511423
0.398564
0.662
0.254729
0.662
0.662
0.220546
0.380912
0.662
0.0387802
0.0107314
0.662
0.662
0.137021
0.662
0.662
0.662
0.662
0.662
0.662
0.662
0.0694833
0.189325
0.397423
0.662
0.662
0.320263
0.662
0.662
0.29288
0.662
0.662
0.662
0.24185
0.394546
0.662
0.662
0.0377538
0.662
0.583329
0.662
0.662
0.662
0.662
0.395381
0.0332519
0.137768
0.662
0.662
0.662
0.553761
0.205804
0.662
0.662
0.662
0.662
0.484626
0.662
0.129333
0.662
0.662
0.611592
0.662
0.662
0.662
0.0522552
0.662
0.662
0.188356
0.662
0.418397
0.662
0.143667
0.662
0.334858
0.398187
0.662
0.662
0.662
0.662
0.662
0.662
0.662
0.212827
0.217576
0.662
0.662
0.40144
0.662
0.662
0.444257
0.448175
0.662
0.662
0.662
0.152018
0.291414
0.662
0.662
0.325241
0.662
0.662
0.662
0.662
0.662
