0.662
0.0909578
0.193743
0.662
0.475215
0.15809
0.168176
0.553761
0.662
0.662
0.662
0.662
0.662
0.343398
0.662
0.362359
0.152018
0.0751486
0.143049
0.215806
0.662
0.104572
0.456556
0.424224
0.662
0.662
0.270241
0.589481
0.224426
0.249776
0.486768
0.267092
0.226116
0.662
0.662
0.662
0.662
0.324474
0.158378
0.458983
0.662
0.220546
0.662
0.662
0.662
0.222682
0.662
0.662
0.414267
0.662
0.252327
0.662
0.288801
0.224972
0.162178
0.662
0.662
0.662
0.624763
0.397423
0.662
0.467095
0.485671
0.662
0.662
0.662
0.662
0.102611
0.467165
0.170969
0.310034
0.662
0.662
0.662
0.437605
0.662
0.662
0.662
0.662
0.662
0.662
0.399065
0.662
0.30294
0.662
0.662
0.662
0.217576
0.662
0.662
0.142589
0.662
0.311658
0.0415495
0.662
0.662
0.193177
0.18079
0.662
0.225511
0.662
0.662
0.308985
0.662
0.644538
0.400805
0.662
0.361109
0.0313568
0.659569
0.259938
0.662
0.525139
0.662
0.376239
0.462331
0.218602
0.662
0.0107314
0.124361
0.662
0.662
0.662
0.662
0.662
0.662
0.460448
0.662
0.0573504
0.247682
0.662
0.662
0.583329
0.314124
0.165825
0.662
0.103206
0.662
0.662
0.119237
0.662
0.662
0.563568
0.0386616
0.662
0.051539
0.662
0.316429
0.38
0.279575
0.662
0.662
0.430369
0.368361
0.662
0.662
0.234662
0.662
0.484244
0.662
0.248537
0.662
0.662
0.088571
0.662
0.662
0.662
0.0531667
0.173043
0.662
0.255062
0.307742
0.662
0.227307
0.662
0.662
0.433102
0.662
0.0674706
0.395381
0.280112
0.394546
0.388479
0.662
0.242274
0.261092
0.662
0.662
0.334858
0.131941
0.485445
0.0414533
0.137768
0.662
0.662
0.111194
0.662
0.662
0.400486
0.662
0.450239
0.0687588
0.662
0.662
0.662
0.662
0.662
0.304471
0.662
0.40144
0.104171
0.662
0.662
0.243612
0.662
0.662
0.12479
0.662
0.437261
0.662
0.662
0.457903
0.052052
0.279366
0.662
0.662
0.662
0.662
0.265933
0.662
0.662
0.662
0.0151879
0.206937
0.418397
0.236064
0.662
0.219369
0.662
0.373182
0.0769421
0.232154
0.662
0.662
0.662
0.662
0.219069
0.662
0.662
0.662
0.662
0.440028
0.204335
0.662
0.662
0.662
0.469228
0.662
0.662
0.662
0.00887259
0.662
0.141039
0.207809
0.152469
0.662
0.662
0.0563721
0.662
0.662
0.100152
0.267594
0.538338
0.461672
0.387556
0.662
0.662
0.662
0.459463
0.662
0.662
0.662
0.137021
0.662
0.45245
0.0767414
0.662
0.662
0.662
0.257242
0.615929
0.662
0.662
0.240769
0.444257
0.662
0.662
0.662
0.662
0.662
0.138831
0.662
0.662
0.662
0.444997
0.377539
0.192029
0.662
0.157582
0.276534
0.662
0.662
0.237042
0.452816
0.662
0.600761
0.662
0.163399
0.662
0.662
0.662
0.662
0.662
0.662
0.470592
0.320263
0.662
0.291414
0.662
0.662
0.322619
0.662
0.31144
0.431057
0.662
0.489175
0.662
0.356366
0.309592
0.322915
0.662
0.221705
0.00882326
0.662
0.662
0.0522552
0.178442
0.461113
0.662
0.662
0.296988
0.662
0.203605
0.224621
0.662
0.662
0.662
0.662
0.0694833
0.133596
0.0377538
0.507045
0.662
0.662
0.338525
0.662
0.235767
0.619324
0.662
0.235958
0.662
0.317617
0.662
0.0853043
0.662
0.485171
0.662
0.662
0.662
0.280096
0.662
0.662
0.0111685
0.47738
0.331866
0.662
0.379128
0.322975
0.662
0.271876
0.198425
0.256052
0.405046
0.209964
0.24507
0.117218
0.662
0.176561
0.662
0.662
0.662
0.220505
0.292936
0.662
0.155768
0.662
0.266514
0.33188
0.446232
0.662
0.296661
0.662
0.293696
0.388501
0.44489
0.662
0.662
0.472349
0.381245
0.662
0.662
0.662
0.470461
0.662
0.662
0.662
0.662
0.312814
0.164833
0.662
0.662
0.662
0.662
0.662
0.662
0.662
0.317345
0.313159
0.215036
0.263174
0.662
0.662
0.662
0.662
0.662
0.662
0.662
0.470659
0.662
0.444913
0.662
0.199001
0.376827
0.662
0.662
0.609157
0.379547
0.461156
0.662
0.185897
0.26246
0.662
0.398543
0.27445
0.00632931
0.511423
0.107832
0.662
0.413506
0.662
0.662
0.379645
0.662
0.611592
0.170793
0.662
0.662
0.390306
0.662
0.448546
0.134524
0.662
0.662
0.662
0.662
0.516216
0.662
0.0621958
0.662
0.662
0.662
0.431324
0.276211
0.314277
0.662
0.662
0.276077
0.4308
0.16064
0.272812
0.20602
0.254729
0.662
0.662
0.380165
0.512949
0.662
0.0288458
0.662
0.662
0.662
0.119123
0.0926639
0.360885
0.662
0.662
0.322603
0.0894234
0.662
0.470964
0.110099
0.662
0.213445
0.339626
0.662
0.662
0.662
0.110596
0.0676339
0.21123
0.662
0.274141
0.662
0.437334
0.662
0.662
0.662
0.662
0.662
0.2906
0.662
