0.275909
0.0868085
0.302102
0.15603
0.662
0.662
0.245672
0.125796
0.406504
0.662
0.662
0.281283
0.662
0.214839
0.662
0.171201
0.662
0.0783232
0.13717
0.662
0.662
0.662
0.662
0.388276
0.317832
0.662
0.662
0.157159
0.662
0.662
0.360558
0.662
0.662
0.0763509
0.226108
0.662
0.446266
0.169463
0.196635
0.662
0.396141
0.662
0.144983
0.437275
0.662
0.662
0.257242
0.375328
0.449163
0.662
0.662
0.419883
0.662
0.444775
0.0621885
0.324469
0.000947623
0.662
0.639556
0.662
0.0976508
0.662
0.367944
0.411606
0.215521
0.662
0.0347938
0.662
0.0812308
0.0113459
0.393779
0.662
0.662
0.0900408
0.267952
0.406555
0.59917
0.350592
0.662
0.135292
0.0544843
0.662
0.662
0.571491
0.662
0.662
0.662
0.662
0.53726
0.069428
0.226557
0.662
0.662
0.177673
0.00542498
0.662
0.662
0.662
0.226016
0.662
0.0952349
0.662
0.14557
0.662
0.453279
0.123518
0.662
0.662
0.662
0.662
0.0691657
0.662
0.413074
0.124083
0.662
0.377092
0.340674
0.518141
0.344714
0.0677661
0.0391609
0.662
0.662
0.662
0.421146
0.662
0.121359
0.662
0.662
0.0641331
0.244278
0.282728
0.662
0.662
0.662
0.284455
0.1441
0.159255
0.168085
0.662
0.277086
0.662
0.110815
0.355211
0.662
0.478369
0.105959
0.465624
0.197298
0.325422
0.662
0.662
0.242142
0.239023
0.662
0.422858
0.662
0.450749
0.0825213
0.662
0.662
0.662
0.553901
0.662
0.662
0.662
0.133181
0.662
0.456219
0.662
0.662
0.0764048
0.208867
0.662
0.364356
0.633306
0.211774
0.662
0.0142791
0.426577
0.662
0.662
0.662
0.662
0.662
0.662
0.44352
0.662
0.0233811
0.441283
0.46636
0.662
0.327384
0.223334
0.442064
0.662
0.662
0.372557
0.662
0.662
0.114823
0.414472
0.103999
0.662
0.662
0.245698
0.0145612
0.195289
0.358936
0.0253137
0.393052
0.662
0.662
0.36637
0.362253
0.218995
0.662
0.372058
0.662
0.662
0.662
0.186185
0.252355
0.662
0.0643641
0.209874
0.378544
0.386691
0.36389
0.662
0.459342
0.662
0.558389
0.437415
0.183901
0.393774
0.662
0.662
0.662
0.27255
0.0103233
0.263801
0.662
0.354945
0.216004
0.461523
0.662
0.662
0.662
0.662
0.640706
0.662
0.332228
0.662
0.662
0.662
0.311287
0.422395
0.662
0.397123
0.662
0.44776
0.662
0.488753
0.187435
0.080732
0.662
0.662
0.247494
0.269152
0.662
0.662
0.238184
0.662
0.0804758
0.662
0.662
0.313021
0.662
0.120696
0.0257928
0.342457
0.0636178
0.662
0.662
0.293363
0.048909
0.459685
0.662
0.377759
0.662
0.662
0.662
0.448762
0.0666451
0.662
0.662
0.662
0.302742
0.466371
0.662
0.662
0.662
0.662
0.662
0.404248
0.431935
0.4741
0.0307166
0.662
0.662
0.662
0.662
0.14188
0.133579
0.662
0.662
0.662
0.410451
0.662
0.529363
0.455442
0.662
0.150945
0.662
0.662
0.228432
0.0980646
0.662
0.662
0.241678
0.383627
0.662
0.662
0.184627
0.662
0.305936
0.662
0.167313
0.662
0.405837
0.662
0.662
0.103666
0.662
0.381812
0.460186
0.662
0.662
0.440536
0.662
0.662
0.478912
0.662
0.662
0.662
0.269853
0.662
0.117789
0.662
0.2988
0.662
