0.47761
0.662
0.214183
0.662
0.662
0.0840157
0.228621
0.430544
0.662
0.662
0.395543
0.662
0.662
0.662
0.662
0.662
0.193743
0.662
0.480911
0.662
0.662
0.662
0.102513
0.425309
0.213624
0.662
0.100919
0.662
0.204495
0.138611
0.662
0.662
0.662
0.448707
0.0435441
0.178719
0.662
0.662
0.662
0.0656522
0.662
0.662
0.662
0.242721
0.195742
0.662
0.662
0.662
0.662
0.205422
0.394244
0.470847
0.203603
0.125743
0.098221
0.174005
0.0640995
0.662
0.452692
0.468712
0.223226
0.0803542
0.234291
0.0134459
0.662
0.662
0.111902
0.370814
0.0657626
0.296356
0.662
0.662
0.662
0.662
0.662
0.200658
0.29985
0.662
0.662
0.662
0.129733
0.662
0.0677042
0.351094
0.473685
0.662
0.444812
0.662
0.111196
0.00735725
0.398125
0.0182854
0.662
0.410441
0.219831
0.245519
0.414281
0.662
0.348002
0.231627
0.662
0.18352
0.662
0.662
0.662
0.222177
0.662
0.662
0.333982
0.662
0.662
0.523898
0.662
0.114603
0.152551
0.662
0.462043
0.20174
0.662
0.234697
0.662
0.662
0.662
0.340087
0.662
0.060887
0.662
0.662
0.368084
0.662
0.662
0.0937498
0.120409
0.302593
0.662
0.103661
0.662
0.26615
0.55542
0.662
0.662
0.662
0.662
0.20933
0.0156541
0.662
0.232396
0.662
0.662
0.662
0.662
0.662
0.662
0.373832
0.306821
0.662
0.366666
0.0935118
0.528664
0.0616769
0.316307
0.0627226
0.662
0.662
0.438379
0.0294177
0.388381
0.444809
0.219005
0.592088
0.0791152
0.342883
0.140473
0.389436
0.195743
0.341424
0.305195
0.12788
0.270188
0.0695711
0.400044
0.315815
0.662
0.662
0.662
0.369477
0.662
0.017665
0.662
0.662
0.662
0.662
0.140859
0.662
0.662
0.662
0.540159
0.0192363
0.235656
0.317833
0.1129
0.662
0.662
0.629706
0.662
0.662
0.662
0.30183
0.115922
0.662
0.117569
0.128801
0.452416
0.662
0.662
0.662
0.0218557
0.662
0.391828
0.179989
0.374767
0.421702
0.286854
0.243484
0.106737
0.662
0.222495
0.21524
0.662
0.662
0.38735
0.662
0.294455
0.662
0.662
0.662
0.662
0.662
0.662
0.438593
0.412576
0.662
0.323121
0.662
0.0478499
0.134733
0.201925
0.662
0.508898
0.662
0.662
0.395165
0.662
0.623341
0.106313
0.0938611
0.662
0.343637
0.662
0.662
0.662
0.662
0.242408
0.405078
0.662
0.328434
0.662
0.662
0.662
0.36246
0.32548
0.0671218
0.662
0.0353966
0.662
0.370156
0.662
0.662
0.00754558
0.0343236
0.662
0.662
0.402205
0.662
0.662
0.662
0.0209778
0.662
0.662
0.662
0.662
0.435762
0.197849
0.121336
0.29685
0.662
0.662
0.662
0.662
0.662
0.662
0.126091
0.662
0.52901
0.00476042
0.662
0.662
0.662
0.662
0.244163
0.223821
0.192423
0.0956014
0.662
0.190374
0.662
0.662
0.662
0.0455854
0.662
0.662
0.021247
0.662
0.446047
0.662
0.662
0.306838
0.201249
0.662
0.452258
0.662
0.497705
0.662
0.662
0.662
0.109282
0.662
0.662
0.662
0.597403
0.662
0.662
0.662
0.208031
0.662
0.662
0.662
0.23871
0.662
0.393972
0.662
0.662
0.0393756
0.662
0.292988
0.662
0.662
0.662
0.434142
0.445505
0.0875332
0.662
0.135453
0.188929
0.447556
0.662
0.436672
0.543497
0.0324598
0.250648
0.662
0.662
0.219417
0.317863
0.162042
0.662
0.216144
0.662
0.662
0.662
0.105517
0.662
0.662
0.339587
0.0341928
0.662
0.0450648
0.662
0.0109193
0.662
0.662
0.391267
0.368111
0.347078
0.336693
0.448562
0.178231
0.171882
0.662
0.0799205
0.662
0.477563
0.215945
0.662
0.662
0.662
0.662
0.352929
0.662
0.662
0.292097
0.00732749
0.205361
0.426575
0.662
0.461019
0.662
0.662
0.430286
0.058773
0.662
0.662
0.662
0.662
0.159565
0.220174
0.662
0.214707
0.662
0.662
0.662
0.662
