0.219005
0.662
0.662
0.662
0.00614125
0.451892
0.662
0.337252
0.55542
0.662
0.0393675
0.662
0.340973
0.1129
0.662
0.662
0.0677042
0.250648
0.021821
0.662
0.662
0.215945
0.662
0.169882
0.391828
0.222177
0.288713
0.662
0.662
0.285536
0.662
0.151329
0.662
0.00542498
0.662
0.31762
0.662
0.274384
0.352392
0.662
0.662
0.662
0.127786
0.219417
0.192865
0.662
0.236835
0.662
0.456476
0.662
0.435762
0.662
0.445505
0.662
0.391267
0.662
0.557413
0.0199454
0.379163
0.0803542
0.662
0.380399
0.662
0.344042
0.444809
0.662
0.662
0.242721
0.662
0.356046
0.30895
0.34961
0.216144
0.662
0.347078
0.388888
0.662
0.662
0.434142
0.662
0.495443
0.114141
0.243417
0.232886
0.438379
0.662
0.662
0.227078
0.292097
0.0808842
0.292624
0.662
0.662
0.662
0.36246
0.121699
0.470847
0.340087
0.158879
0.414281
0.0450648
0.365757
0.662
0.430652
0.662
0.466354
0.058773
0.662
0.00476042
0.025227
0.26615
0.662
0.497705
0.662
0.438499
0.244163
0.307828
0.00211967
0.178968
0.0214095
0.662
0.247891
0.662
0.149945
0.203603
0.662
0.662
0.662
0.662
0.496875
0.662
0.114603
0.270188
0.662
0.662
0.473614
0.662
0.0956014
0.662
0.662
0.662
0.456606
0.662
0.662
0.369477
0.662
0.662
0.463828
0.662
0.0343236
0.662
0.41583
0.662
0.662
0.510149
0.662
0.662
0.662
0.60395
0.268624
0.662
0.393972
0.362722
0.348002
0.314184
0.108122
0.662
0.662
0.337304
0.662
0.662
0.192117
0.301802
0.662
0.662
0.662
0.662
0.53696
0.271611
0.345418
0.662
0.205983
0.125743
0.662
0.374059
0.284908
0.0732204
0.468712
0.120574
0.408295
0.662
0.662
0.0830265
0.662
0.662
0.662
0.142386
0.662
0.662
0.109044
0.261085
0.662
0.334058
0.438593
0.0606003
0.662
0.439394
0.662
0.662
0.429034
0.662
0.662
0.201249
0.286854
0.0324598
0.482305
0.662
0.662
0.346446
0.0294177
0.162042
0.662
0.135453
0.662
0.662
0.662
0.662
0.662
0.662
0.232396
0.662
0.662
0.0671218
0.662
0.662
0.662
0.662
0.662
0.0461446
0.2293
0.0136646
0.662
0.662
0.0656522
0.0875332
0.12834
0.662
0.289992
0.245519
0.447556
0.408277
0.0935417
0.198698
0.662
0.662
0.662
0.662
0.0845297
0.404792
0.162541
0.662
0.662
0.662
0.0478499
0.662
0.662
0.47761
0.334769
0.662
0.662
0.389564
0.0840157
0.662
0.662
0.289936
0.662
0.662
0.662
0.0769064
0.173754
0.17309
0.662
0.243711
0.662
0.662
0.662
0.662
0.662
0.662
0.213879
0.169549
0.0270014
0.0337823
0.178719
0.662
0.534682
0.4062
0.236245
0.662
0.662
0.0615671
0.0415038
0.662
0.662
0.469119
0.200658
0.662
0.662
0.662
0.662
0.0341928
0.662
0.662
0.662
0.662
0.662
0.662
0.361727
0.662
0.171073
0.205422
0.662
0.144648
0.662
0.316307
0.524398
0.662
0.237071
0.140799
0.662
0.662
0.662
0.0437804
0.386718
0.0956282
0.182231
0.356143
0.662
0.144142
0.662
0.662
0.190021
0.0232242
0.220174
0.315815
0.0695711
0.662
0.0521258
0.662
0.356421
0.374767
0.179989
0.647654
0.128801
0.319543
0.395165
0.293925
0.318839
0.662
0.126942
0.444812
0.662
0.662
0.662
0.662
0.662
0.662
0.662
0.662
0.662
0.185454
0.00732749
0.134564
0.193743
0.488851
0.662
0.633694
0.662
0.662
0.242408
0.155492
0.662
0.244508
0.662
0.325871
0.455582
0.222034
0.589851
0.542259
0.662
0.0134459
0.662
0.232712
0.662
0.662
0.212731
0.477563
0.662
0.662
0.460166
0.662
0.662
0.662
0.662
0.662
0.200374
0.662
0.388381
0.060887
0.662
0.281797
0.438202
0.662
0.599799
0.662
0.52923
0.279062
0.352929
0.662
0.364201
0.662
0.292988
0.662
0.662
0.662
0.662
0.242311
0.408772
0.662
0.662
0.0598616
0.55771
0.662
0.0259093
0.662
0.174005
0.135223
0.102513
0.623341
0.662
0.29089
0.269853
0.662
0.378559
0.662
0.662
0.662
0.662
0.306821
0.662
0.662
0.662
0.334627
0.662
0.339587
0.462043
0.29685
0.662
0.662
0.286346
