0.332924
0.25723
0.196237
0.596835
0.364138
0.662
0.662
0.389037
0.662
0.662
0.662
0.662
0.470425
0.0389411
0.662
0.662
0.0180787
0.326141
0.364011
0.0257689
0.396711
0.395277
0.0126142
0.662
0.662
0.662
0.47718
0.421072
0.662
0.183648
0.307665
0.380042
0.425152
0.437965
0.349802
0.662
0.662
0.0554073
0.662
0.0825492
0.662
0.662
0.25028
0.662
0.315544
0.228597
0.662
0.390896
0.0525705
0.662
0.662
0.662
0.022884
0.0439289
0.662
0.199429
0.329916
0.263701
0.193479
0.295232
0.0532168
0.337547
0.226592
0.662
0.468154
0.662
0.318409
0.209868
0.662
0.222891
0.329115
0.455608
0.662
0.662
0.0243038
0.14162
0.662
0.389471
0.662
0.516027
0.662
0.662
0.449514
0.448021
0.662
0.0522138
0.486842
0.662
0.662
0.157725
0.662
0.0379905
0.348505
0.368355
0.111109
0.662
0.662
0.0848868
0.633391
0.662
0.662
0.461718
0.662
0.633486
0.662
0.440437
0.223008
0.136387
0.447194
0.662
0.662
0.233858
0.108104
0.100712
0.662
0.0212225
0.662
0.662
0.662
0.662
0.214855
0.662
0.662
0.0463167
0.662
0.381773
0.662
0.662
0.662
0.662
0.662
0.662
0.662
0.318858
0.0866119
0.662
0.662
0.662
0.279251
0.156593
0.0901932
0.662
0.662
0.291926
0.101959
0.466531
0.662
0.12208
0.662
0.0376379
0.662
0.159308
0.662
0.662
0.288433
0.662
0.0956854
0.0603976
0.662
0.222717
0.200423
0.400051
0.662
0.0972603
0.000548279
0.281759
0.662
0.179104
0.662
0.662
0.662
0.662
0.217373
0.662
0.218161
0.390178
0.352194
0.0493545
0.662
0.662
0.220802
0.33136
0.662
0.330072
0.45382
0.412264
0.0518358
0.119226
0.662
0.175775
0.457708
0.343217
0.298697
0.0797634
0.662
0.45661
0.429313
0.662
0.662
0.163084
0.0107377
0.662
0.00515822
0.170784
0.616352
0.662
0.0562994
0.301913
0.310482
0.662
0.662
0.662
0.0479847
0.662
0.662
0.662
0.498135
0.662
0.63205
0.181748
0.662
0.394843
0.309263
0.662
0.662
0.426343
0.210929
0.576235
0.158269
0.147387
0.443141
0.662
0.662
0.662
0.484628
0.196061
0.662
0.662
0.455178
0.137726
0.35174
0.425647
0.662
0.33692
0.413563
0.407269
0.662
0.662
0.662
0.470903
0.526762
0.22794
0.662
0.0875806
0.662
0.308193
0.662
0.662
0.662
0.662
0.662
0.662
0.662
0.0417634
0.662
0.662
0.662
0.377445
0.50471
0.662
0.0396954
0.662
0.370494
0.662
0.282838
0.281633
0.662
0.662
0.662
0.662
0.320761
0.662
0.662
0.662
0.662
0.662
0.212823
0.057368
0.469862
0.662
0.662
0.354055
0.662
0.662
0.370063
0.419339
0.524835
0.662
0.275521
0.662
0.662
0.662
0.383491
0.184306
0.136466
0.662
0.26133
0.292281
0.662
0.662
0.338931
0.662
0.260951
0.305156
0.285357
0.662
0.662
0.374095
0.160721
0.662
0.662
0.582025
0.662
0.230855
0.0977402
0.30736
0.662
0.662
0.11768
0.662
0.343007
0.662
0.662
0.382282
0.662
0.258897
0.47108
0.119163
0.662
0.662
0.474836
0.415752
0.662
0.662
0.0565542
0.413922
0.662
0.662
0.300751
0.662
0.556681
0.1681
0.662
0.475659
0.0591804
0.662
0.0584461
0.0467106
0.483787
0.662
0.344813
0.662
0.662
0.662
0.662
0.662
0.13289
0.0572618
0.140545
0.662
0.662
0.59596
0.662
0.662
0.662
0.662
0.56186
0.662
0.215589
0.662
0.39992
0.0886833
0.662
0.40434
0.42442
0.00117009
0.114357
0.662
0.662
0.662
0.427022
0.462086
0.662
0.662
0.662
0.27501
0.662
0.662
0.662
0.662
0.662
0.662
0.662
0.662
0.662
0.111346
0.662
0.662
0.0526643
0.662
0.453183
0.142194
0.449602
0.291253
0.662
0.662
0.662
0.662
0.662
0.102262
0.662
0.662
0.237425
0.424651
0.210851
0.662
0.420367
0.27461
0.662
0.0254493
0.662
0.227259
0.355061
0.662
0.381981
0.429319
0.662
0.397383
0.442035
0.0438655
0.662
0.662
0.662
0.436715
0.367326
0.213517
0.231619
0.402434
0.224309
0.662
0.662
0.177874
0.22769
0.469787
0.662
0.309425
0.432132
0.662
0.662
0.662
0.662
0.662
0.662
0.662
0.307178
0.226713
0.662
0.662
0.662
0.662
0.662
0.333406
0.662
0.662
0.307059
0.226893
0.4409
0.327102
0.330345
0.662
0.662
0.662
0.471466
0.662
0.662
0.0486326
0.120399
0.662
0.0256051
0.20341
0.662
0.307466
0.132499
0.662
0.171892
0.662
0.0316604
0.662
0.662
0.662
0.525781
0.483686
0.228683
0.128089
0.662
0.662
0.348315
0.377525
0.0584869
0.662
0.662
0.466889
0.309887
0.270185
0.0204456
0.390502
0.630774
0.662
0.662
0.436093
0.175667
0.662
0.662
0.386872
0.662
0.662
0.198506
0.662
0.662
0.662
0.662
0.662
0.662
0.409475
0.320215
0.237265
0.662
0.662
0.430034
0.3848
0.441527
0.662
0.662
0.0899017
0.662
0.662
0.662
0.662
0.41794
0.657997
0.662
0.448399
0.662
0.662
0.662
0.662
0.662
0.662
0.352302
0.662
0.662
0.662
0.662
0.662
0.660921
0.451452
0.662
0.211477
0.228451
0.226484
0.319518
0.417624
0.662
0.0345
0.00555605
0.662
0.662
0.662
0.191998
0.259507
0.662
0.187017
0.205024
0.662
0.0327202
0.662
