0.0296906
0.662
0.252489
0.662
0.355574
0.46269
0.230456
0.662
0.341263
0.241457
0.118636
0.483985
0.662
0.393229
0.662
0.662
0.254875
0.662
0.381253
0.259627
0.662
0.126143
0.516027
0.177605
0.232065
0.362177
0.662
0.15683
0.662
0.662
0.261829
0.062805
0.411499
0.325888
0.662
0.181102
0.662
0.662
0.436766
0.662
0.184932
0.662
0.230855
0.662
0.394841
0.326141
0.662
0.662
0.662
0.662
0.662
0.662
0.662
0.662
0.662
0.662
0.662
0.215118
0.662
0.662
0.361688
0.662
0.662
0.662
0.23557
0.335171
0.662
0.169384
0.093261
0.11025
0.662
0.0717946
0.662
0.662
0.662
0.125168
0.0983574
0.662
0.662
0.662
0.662
0.662
0.662
0.662
0.662
0.662
0.0824422
0.34236
0.662
0.00820182
0.662
0.662
0.662
0.662
0.662
0.437212
0.427505
0.662
0.662
0.611482
0.662
0.662
0.662
0.339392
0.0417634
0.260192
0.349802
0.223008
0.354695
0.662
0.662
0.662
0.662
0.662
0.662
0.662
0.662
0.0465478
0.565837
0.273945
0.122621
0.41794
0.662
0.662
0.662
0.335817
0.662
0.662
0.0258084
0.450964
0.662
0.662
0.662
0.19982
0.662
0.222037
0.662
0.662
0.662
0.0469032
0.662
0.662
0.468316
0.662
0.662
0.662
0.662
0.662
0.662
0.662
0.662
0.30305
0.161029
0.662
0.662
0.500488
0.662
0.361268
0.662
0.662
0.662
0.662
0.662
0.18665
0.23607
0.201111
0.662
0.0082514
0.190349
0.313763
0.00793332
0.662
0.662
0.110811
0.309263
0.662
0.321707
0.662
0.662
0.600761
0.662
0.662
0.662
0.662
0.662
0.155945
0.662
0.240083
0.318225
0.662
0.662
0.0210942
0.0218143
0.321068
0.262191
0.662
0.469796
0.0439289
0.662
0.662
0.0634108
0.0893426
0.0256207
0.662
0.662
0.429986
0.662
0.303443
0.208127
0.662
0.3848
0.33359
0.0553628
0.415297
0.403175
0.662
0.662
0.0284525
0.662
0.662
0.662
0.662
0.662
0.662
0.0413068
0.662
0.136466
0.0446163
0.662
0.662
0.448163
0.410392
0.662
0.662
0.09776
0.662
0.391392
0.209557
0.662
0.662
0.497451
0.662
0.662
0.220802
0.27616
0.262938
0.662
0.662
0.467791
0.0693599
0.662
0.260761
0.662
0.662
0.252188
0.662
0.293187
0.662
0.662
0.251732
0.562072
0.0517266
0.297766
0.662
0.662
0.662
0.662
0.662
0.470098
0.412107
0.360868
0.662
0.451656
0.662
0.662
0.0705039
0.662
0.362694
0.662
0.0271729
0.662
0.123668
0.136387
0.662
0.192029
0.662
0.487056
0.662
0.662
0.396369
0.185829
0.240204
0.662
0.662
0.0204456
0.391351
0.0573961
0.100243
0.00329163
0.662
0.295422
0.662
0.662
0.300056
0.662
0.662
0.384903
0.449033
0.662
0.202541
0.132085
0.203817
0.420583
0.662
0.662
0.129771
0.0522138
0.662
0.309015
0.662
0.111346
0.662
0.662
0.662
0.662
0.186963
0.662
0.12982
0.662
0.662
0.662
0.249137
0.662
0.662
0.124652
0.662
0.662
0.662
0.662
0.467821
0.662
0.551632
0.662
0.0902964
0.128834
0.154541
0.146785
0.595047
0.0451332
0.00414672
0.662
0.377614
0.179337
0.662
0.662
0.420367
0.662
0.217373
0.662
0.181748
0.206937
0.662
0.385348
0.662
0.376184
0.417283
0.464516
0.211274
0.0389411
0.0361595
0.656122
0.355061
0.662
0.462086
0.0878413
0.496331
0.0133483
0.662
0.405695
0.662
0.662
0.160142
0.603505
0.662
0.662
0.300776
0.306471
0.662
0.0247931
0.141972
0.662
0.662
0.271669
0.0525135
0.662
0.460386
0.566797
0.0584869
0.00957479
0.662
0.662
0.0630945
0.0947359
0.662
0.662
0.381475
0.662
0.662
0.183336
0.662
0.398547
0.453576
0.460243
0.662
0.662
0.33001
0.662
0.313831
0.620074
0.662
0.348505
0.662
0.413563
0.662
0.36404
0.662
0.662
0.662
0.662
0.662
0.662
0.261949
0.662
0.662
0.426937
0.259507
0.662
0.0168572
0.662
0.197748
0.662
0.329825
0.246467
0.662
0.662
0.352457
0.662
0.333246
0.662
0.371868
0.662
0.662
0.36649
0.662
0.662
0.662
0.114473
0.311605
0.662
0.525781
0.425179
0.371479
0.389516
0.207279
0.662
0.593508
0.662
0.662
0.662
0.662
0.496014
0.662
0.0562994
0.662
0.222468
0.333115
0.662
0.312838
0.662
0.566834
0.662
0.138005
0.310354
0.662
0.149168
0.116821
0.662
0.382425
0.222063
0.662
0.662
0.410259
0.0269284
0.415598
0.662
0.512198
0.662
0.475192
0.662
0.662
0.144582
0.605087
0.662
0.662
0.143046
0.662
0.477462
0.0866119
0.347576
0.662
0.167366
0.00659544
0.0926618
0.662
0.438455
0.662
0.454875
0.662
0.0447307
0.662
0.0299002
0.662
0.662
0.341268
0.367086
0.662
0.0396182
0.662
0.662
0.461109
0.662
0.662
0.662
0.662
0.662
0.0809859
0.108176
0.0688553
0.355598
0.662
0.202093
0.662
0.257291
0.662
0.175055
0.662
0.555092
0.662
0.662
0.662
0.562161
0.310834
0.162075
0.148805
0.39992
0.662
0.662
0.071028
0.662
0.389989
0.662
0.145447
0.662
0.662
0.662
0.662
0.662
0.644458
0.493364
0.662
0.662
0.662
0.662
0.662
0.662
0.347987
0.327781
0.662
0.0591804
0.662
0.662
0.249303
0.662
0.421243
0.662
0.491547
0.662
0.662
0.662
