0.662
0.266577
0.662
0.0792069
0.114309
0.262195
0.662
0.662
0.375212
0.662
0.445644
0.356046
0.0216436
0.00476042
0.662
0.366058
0.0353205
0.662
0.662
0.190374
0.360076
0.662
0.396544
0.662
0.662
0.662
0.213624
0.038026
0.662
0.0337823
0.364644
0.422501
0.662
0.334056
0.662
0.662
0.403034
0.418323
0.662
0.662
0.662
0.662
0.487373
0.490371
0.662
0.370983
0.662
0.289837
0.636568
0.662
0.662
0.662
0.475363
0.662
0.662
0.662
0.245245
0.662
0.662
0.662
0.662
0.109685
0.662
0.662
0.662
0.662
0.383575
0.662
0.00762372
0.341961
0.30364
0.248022
0.662
0.662
0.662
0.438688
0.275011
0.386603
0.662
0.244163
0.0260014
0.662
0.662
0.662
0.327228
0.662
0.147573
0.155492
0.0461446
0.662
0.662
0.323121
0.662
0.662
0.662
0.106313
0.134187
0.253608
0.662
0.343935
0.21045
0.187317
0.437527
0.230451
0.0903556
0.319874
0.662
0.662
0.662
0.662
0.111605
0.416723
0.109282
0.0799205
0.662
0.662
0.166155
0.0393675
0.662
0.662
0.125117
0.0653216
0.662
0.200374
0.662
0.662
0.0712823
0.629706
0.662
0.340087
0.4247
0.662
0.242228
0.662
0.662
0.142701
0.662
0.662
0.326142
0.108076
0.193743
0.510488
0.662
0.0791152
0.662
0.375756
0.662
0.125743
0.0383168
0.294455
0.346575
0.434527
0.662
0.430544
0.435064
0.186632
0.662
0.662
0.662
0.662
0.0626466
0.662
0.662
0.350381
0.345431
0.423746
0.282033
0.662
0.449094
0.662
0.662
0.377798
0.0875332
0.261638
0.100919
0.662
0.529876
0.662
0.662
0.662
0.347078
0.662
0.385078
0.395831
0.662
0.662
0.474857
0.662
0.662
0.203129
0.0402003
0.662
0.662
0.662
0.662
0.662
0.662
0.397775
0.662
0.662
0.662
0.662
0.436672
0.662
0.662
0.662
0.452416
0.662
0.662
0.662
0.662
0.215945
0.662
0.0446246
0.296636
0.662
0.662
0.662
0.662
0.333982
0.662
0.662
0.662
0.662
0.0816173
0.662
0.662
0.662
0.662
0.373535
0.662
0.0803542
0.308913
0.0120693
0.662
0.440871
0.16757
0.662
0.662
0.30183
0.662
0.251584
0.303831
0.662
0.400066
0.138728
0.119765
0.032789
0.662
0.662
0.55542
0.369747
0.662
0.549559
0.425739
0.662
0.662
0.17394
0.26615
0.529029
0.366195
0.662
0.662
0.662
0.103317
0.662
0.250242
0.186824
0.662
0.662
0.089552
0.320205
0.319409
0.662
0.662
0.114141
0.159255
0.453474
0.662
0.662
0.662
0.662
0.555846
0.158744
0.204417
0.195743
0.662
0.662
0.662
0.38735
0.662
0.662
0.662
0.662
0.602641
0.0918668
0.207551
0.662
0.662
0.222737
0.662
0.662
0.662
0.662
0.658421
0.480473
0.134893
0.662
0.171671
0.662
0.402205
0.662
0.0990408
0.662
0.302593
0.662
0.167312
0.463269
0.606387
0.449467
0.662
0.438859
0.473685
0.380288
0.662
0.347113
0.662
0.662
0.662
0.662
0.662
0.662
0.0279864
0.480911
0.662
0.662
0.662
0.452692
0.522014
0.662
0.662
0.662
0.662
0.649506
0.662
0.662
0.662
0.662
0.23738
0.662
0.0412595
0.0271999
0.662
0.662
0.232396
0.662
0.0492378
0.662
0.178814
0.662
0.662
0.662
0.662
0.662
0.400887
0.201401
0.0657626
0.662
0.0677042
0.476936
0.662
0.662
0.662
0.0629311
0.427445
0.662
0.662
0.530811
0.662
0.662
0.662
0.458186
0.20933
0.662
0.296356
0.662
0.0615671
0.662
0.662
0.662
0.662
0.662
0.228236
0.662
0.662
0.662
0.297021
0.0158078
0.662
0.407946
0.662
0.462043
0.446047
0.441972
0.217345
0.373832
0.662
0.662
0.662
0.229851
0.662
0.364432
0.662
0.662
0.348945
0.0659316
0.662
0.662
0.662
0.662
0.662
0.662
0.359772
0.662
0.113914
0.0956014
0.314287
0.174005
0.662
0.270188
0.231882
0.662
0.12788
0.310152
0.662
0.662
0.398125
0.457007
0.662
0.662
0.662
0.098221
0.662
0.393297
0.662
0.340769
0.662
0.662
0.388381
0.460691
0.662
0.662
0.0818027
0.662
