0.340087
0.662
0.386718
0.0956282
0.662
0.662
0.169882
0.416238
0.456476
0.236245
0.662
0.662
0.662
0.662
0.662
0.662
0.0435441
0.662
0.0803542
0.662
0.662
0.200658
0.102513
0.662
0.388221
0.662
0.0199454
0.162541
0.219417
0.39469
0.662
0.662
0.0732204
0.662
0.190323
0.242721
0.662
0.662
0.662
0.0415038
0.662
0.0677042
0.222034
0.473614
0.468712
0.662
0.662
0.451892
0.662
0.364201
0.662
0.662
0.662
0.662
0.0100528
0.662
0.430652
0.060887
0.662
0.114603
0.31762
0.456606
0.662
0.662
0.662
0.662
0.30895
0.311959
0.185156
0.662
0.662
0.662
0.662
0.271645
0.662
0.662
0.151329
0.182231
0.662
0.662
0.447556
0.662
0.557413
0.662
0.00211967
0.662
0.271611
0.244163
0.662
0.662
0.662
0.662
0.292988
0.662
0.662
0.174643
0.662
0.662
0.55542
0.662
0.149945
0.438499
0.36407
0.192117
0.662
0.420486
0.439394
0.0214095
0.237071
0.319543
0.433007
0.662
0.662
0.318839
0.438202
0.662
0.662
0.662
0.662
0.662
0.662
0.662
0.662
0.662
0.662
0.495443
0.0808842
0.292624
0.219005
0.448467
0.316307
0.232396
0.496875
0.662
0.2293
0.475231
0.662
0.144142
0.222177
0.662
0.266169
0.41667
0.662
0.314184
0.203603
0.414281
0.662
0.662
0.244508
0.212731
0.179989
0.173754
0.155492
0.0741486
0.662
0.662
0.407822
0.12834
0.662
0.178719
0.455582
0.0935417
0.52923
0.279062
0.369477
0.41583
0.662
0.242408
0.662
0.178968
0.662
0.0205295
0.054257
0.662
0.662
0.315815
0.0232242
0.662
0.00476042
0.250648
0.662
0.193743
0.391267
0.372331
0.662
0.389519
0.00542498
0.55771
0.662
0.662
0.389564
0.662
0.662
0.662
0.185454
0.429034
0.662
0.662
0.243711
0.448574
0.0450648
0.412141
0.662
0.662
0.662
0.662
0.395165
0.662
0.0615671
0.662
0.662
0.662
0.662
0.408772
0.662
0.0894277
0.662
0.0830265
0.662
0.662
0.662
0.662
0.261085
0.140799
0.445505
0.142386
0.435762
0.29685
0.662
0.301802
0.205825
0.285536
0.662
0.470847
0.662
0.662
0.0324598
0.662
0.158879
0.662
0.662
0.126942
0.388381
0.215372
0.662
0.662
0.0427585
0.542259
0.662
0.662
0.205422
0.534682
0.647654
0.128801
0.662
0.662
0.289992
0.662
0.546947
0.662
0.662
0.165407
0.0259093
0.270188
0.325284
0.662
0.662
0.0521258
0.662
0.0845297
0.662
0.0671218
0.4062
0.477563
0.0478499
0.662
0.662
0.135453
0.434142
0.662
0.662
0.662
0.662
0.243417
0.662
0.662
0.325871
0.064597
0.460166
0.662
0.662
0.114141
0.334769
0.662
0.169549
0.662
0.662
0.662
0.662
0.236835
0.662
0.662
0.192865
0.662
0.0503159
0.662
0.662
0.462043
0.662
0.281797
0.292097
0.386127
0.662
0.662
0.662
0.662
0.0461446
0.393972
0.662
0.662
0.339587
0.0437804
0.662
0.36246
0.252135
0.662
0.662
0.662
0.662
0.286854
0.0769064
0.662
0.444809
0.268624
0.422669
0.662
0.463828
0.408295
0.662
0.662
0.662
0.220174
0.135223
0.662
0.144648
0.662
0.334058
0.662
0.0136646
0.662
0.120574
0.0875332
0.109044
0.3337
0.662
0.0393675
0.662
0.247891
0.26615
0.352929
0.662
0.662
0.662
0.466354
0.337304
0.243576
0.662
0.403874
0.201249
0.662
0.1129
0.662
0.662
0.662
0.208341
0.125743
0.662
0.662
0.274384
0.662
0.174005
0.662
0.269853
0.662
0.662
0.662
0.284908
0.232886
0.348002
0.0764255
0.00732749
0.481082
0.662
0.662
0.662
0.108122
0.0840157
0.0606003
0.662
0.47761
0.662
0.058773
0.0134459
0.662
0.662
0.162042
0.662
0.662
0.662
0.662
0.662
0.662
0.662
0.306821
0.220717
0.285781
0.289936
0.365757
0.425325
0.662
0.497705
0.662
0.340973
0.662
0.662
0.662
0.662
0.127786
0.216144
0.662
0.408277
0.662
0.662
0.662
0.662
0.662
0.362722
0.662
0.662
0.59852
0.589851
0.662
0.662
0.469119
0.662
0.662
0.662
0.282977
0.662
0.151437
0.662
0.662
0.227078
0.662
0.438593
0.662
