0.662
0.662
0.209495
0.0782383
0.201306
0.662
0.0848868
0.662
0.662
0.352302
0.662
0.662
0.0335118
0.662
0.662
0.0928617
0.662
0.286327
0.662
0.662
0.662
0.366217
0.662
0.378927
0.466889
0.309263
0.662
0.662
0.662
0.662
0.522602
0.0875806
0.184788
0.662
0.399139
0.383492
0.330072
0.209868
0.0660294
0.662
0.662
0.25028
0.390502
0.483686
0.429319
0.662
0.310482
0.662
0.662
0.206083
0.662
0.662
0.662
0.424651
0.662
0.662
0.662
0.662
0.0180787
0.662
0.281633
0.348315
0.660921
0.0479847
0.22769
0.11768
0.662
0.280964
0.171992
0.662
0.322069
0.18403
0.662
0.662
0.662
0.419339
0.285357
0.662
0.394843
0.662
0.183648
0.662
0.662
0.662
0.662
0.13289
0.662
0.662
0.662
0.662
0.662
0.662
0.268837
0.222717
0.662
0.383491
0.194328
0.0349821
0.475659
0.425152
0.465512
0.662
0.662
0.662
0.662
0.662
0.268581
0.662
0.662
0.662
0.662
0.662
0.662
0.308823
0.320761
0.466751
0.662
0.432842
0.175775
0.333622
0.662
0.418817
0.415688
0.0107377
0.662
0.63205
0.662
0.228683
0.467714
0.662
0.662
0.662
0.662
0.662
0.50471
0.23235
0.662
0.662
0.662
0.427022
0.662
0.662
0.352194
0.662
0.470389
0.662
0.662
0.662
0.662
0.263549
0.662
0.476539
0.0212225
0.275521
0.662
0.057368
0.47108
0.662
0.662
0.662
0.662
0.662
0.662
0.442485
0.0584869
0.436093
0.233777
0.662
0.502529
0.662
0.437965
0.0486326
0.0452147
0.662
0.662
0.662
0.662
0.101107
0.662
0.407269
0.662
0.662
0.14162
0.455178
0.338333
0.509569
0.182683
0.370494
0.25723
0.448063
0.662
0.662
0.662
0.662
0.662
0.329916
0.295741
0.662
0.662
0.0777706
0.279089
0.248192
0.662
0.0535451
0.662
0.40434
0.130476
0.662
0.309015
0.396613
0.662
0.662
0.662
0.407182
0.662
0.662
0.386872
0.662
0.662
0.292281
0.662
0.662
0.662
0.662
0.662
0.107365
0.370063
0.662
0.154582
0.662
0.202261
0.0167085
0.308309
0.662
0.662
0.0525705
0.461718
0.412467
0.426058
0.425647
0.662
0.211293
0.101959
0.483787
0.406253
0.27501
0.662
0.281759
0.662
0.662
0.662
0.513227
0.318858
0.662
0.662
0.119163
0.363689
0.662
0.662
0.662
0.662
0.662
0.526762
0.137726
0.662
0.662
0.662
0.0247931
0.442035
0.381773
0.662
0.181748
0.662
0.247553
0.662
0.284077
0.192837
0.175667
0.470903
0.344813
0.662
0.447194
0.662
0.662
0.662
0.212823
0.408462
0.42442
0.662
0.164889
0.662
0.662
0.237265
0.662
0.662
0.662
0.22214
0.232961
0.0376379
0.469787
0.662
0.309807
0.438931
0.592885
0.662
0.662
0.0866119
0.412936
0.171892
0.662
0.344935
0.662
0.662
0.33136
0.333461
0.1681
0.0271729
0.136466
0.662
0.213517
0.391866
0.16249
0.662
0.662
0.367417
0.187686
0.109783
0.461877
0.24764
0.662
0.662
0.662
0.662
0.662
0.662
0.191998
0.662
0.662
0.662
0.662
0.472616
0.264954
0.662
0.204697
0.0634238
0.440437
0.662
0.662
0.662
0.0987382
0.324342
0.662
0.662
0.111109
0.341967
0.4409
0.198506
0.662
0.167285
0.332924
0.662
0.662
0.662
0.662
0.662
0.307178
0.662
0.348505
0.00414672
0.372772
0.155223
0.662
0.45661
0.224309
0.662
0.662
0.273066
0.230855
0.662
0.662
0.573255
0.363412
0.256037
0.662
0.662
0.274253
0.662
0.616352
0.307116
0.100712
0.662
0.279951
0.662
0.470425
0.0532168
0.255859
0.662
0.275577
0.662
0.662
0.662
0.022884
0.160721
0.233995
0.217373
0.190224
0.301173
0.662
0.0328131
0.662
0.291253
0.662
0.662
0.175763
0.360315
0.662
0.308193
0.306579
0.662
0.416222
0.198092
0.662
0.662
0.390041
0.662
0.662
0.662
0.213807
0.449602
0.662
0.421072
0.662
0.662
0.662
0.662
0.0316604
0.662
0.449514
0.662
0.567742
0.662
0.288433
0.412264
0.128089
0.662
0.662
0.662
0.662
0.407088
0.662
0.662
0.662
0.409873
0.662
0.307665
0.662
0.188564
0.275951
0.662
0.231619
0.226484
0.662
0.662
0.47718
0.662
0.662
0.227259
0.657997
0.444773
0.662
0.326141
0.410358
0.200272
0.436715
0.329115
0.662
0.366318
0.662
0.0584461
0.662
0.662
0.294699
0.662
0.0554073
0.102262
0.662
0.662
0.662
0.305156
0.662
0.294165
0.662
0.662
0.662
0.429313
0.486842
0.662
0.39992
0.662
0.556681
0.662
0.662
0.662
0.202982
0.662
0.662
0.256305
0.0439289
0.318409
0.662
0.343007
0.662
0.204342
0.448021
0.662
0.295232
0.662
0.298697
0.662
0.662
0.0876796
0.294052
0.59596
0.0562994
0.469862
0.662
0.465939
0.0956854
0.260951
0.453384
0.662
0.462086
0.662
0.662
0.215589
0.226592
0.236343
0.662
0.263701
0.364898
0.466404
0.377525
0.662
0.330345
0.662
0.662
0.662
0.662
0.662
0.381981
0.220644
0.308251
0.662
0.43918
