0.271645
0.662
0.054257
0.261085
0.0450648
0.340973
0.242946
0.339587
0.270188
0.2293
0.662
0.245245
0.662
0.126942
0.662
0.662
0.662
0.662
0.416524
0.662
0.662
0.4062
0.662
0.271611
0.216144
0.0703223
0.299311
0.662
0.662
0.662
0.662
0.352929
0.662
0.662
0.662
0.098221
0.662
0.662
0.201249
0.662
0.334769
0.124848
0.208341
0.36407
0.0355411
0.662
0.662
0.22364
0.404333
0.662
0.662
0.662
0.662
0.662
0.244163
0.662
0.662
0.662
0.243132
0.445505
0.662
0.0677042
0.662
0.662
0.662
0.662
0.36637
0.662
0.662
0.662
0.662
0.662
0.319543
0.438499
0.662
0.662
0.662
0.662
0.662
0.259372
0.0741486
0.662
0.237518
0.0508176
0.662
0.662
0.662
0.662
0.178968
0.662
0.662
0.662
0.662
0.662
0.662
0.662
0.20656
0.179989
0.306821
0.31762
0.662
0.276471
0.192865
0.662
0.295876
0.0306267
0.662
0.30895
0.0809424
0.662
0.212731
0.312902
0.662
0.662
0.662
0.281797
0.662
0.662
0.662
0.060887
0.0677661
0.18601
0.662
0.21131
0.43077
0.389564
0.244508
0.185454
0.00732749
0.0330673
0.662
0.200658
0.120574
0.470847
0.334058
0.662
0.386127
0.29685
0.662
0.662
0.662
0.662
0.162541
0.662
0.511724
0.662
0.662
0.662
0.662
0.662
0.214449
0.662
0.26615
0.373111
0.662
0.662
0.0769064
0.662
0.388221
0.142386
0.662
0.362722
0.468712
0.187179
0.242408
0.662
0.215372
0.55542
0.662
0.662
0.242228
0.3337
0.662
0.174005
0.282977
0.17591
0.662
0.315815
0.314184
0.662
0.662
0.236245
0.662
0.662
0.453447
0.662
0.481082
0.250648
0.662
0.662
0.473614
0.289992
0.00542498
0.36246
0.662
0.662
0.662
0.231008
0.397783
0.237071
0.0544238
0.662
0.662
0.662
0.662
0.135223
0.662
0.662
0.0461446
0.444809
0.662
0.319409
0.662
0.662
0.0840157
0.662
0.662
0.0214095
0.662
0.662
0.662
0.662
0.662
0.284908
0.55771
0.662
0.662
0.662
0.266169
0.203603
0.662
0.662
0.662
0.662
0.162042
0.0381449
0.429872
0.662
0.289936
0.662
0.220727
0.0856337
0.662
0.662
0.140799
0.455582
0.0437804
0.662
0.00895486
0.662
0.662
0.408277
0.662
0.662
0.131814
0.662
0.662
0.662
0.47761
0.453969
0.149945
0.0478499
0.662
0.662
0.227078
0.662
0.662
0.0830265
0.662
0.662
0.662
0.662
0.662
0.0521258
0.662
0.662
0.0427585
0.268624
0.0158078
0.106536
0.662
0.292097
0.662
0.369477
0.662
0.463828
0.662
0.662
0.144648
0.662
0.662
0.184963
0.0324598
0.456606
0.364201
0.662
0.243417
0.324403
0.662
0.542259
0.174643
0.178559
0.438202
0.509107
0.395178
0.662
0.662
0.662
0.114603
0.662
0.662
0.662
0.269853
0.393972
0.662
0.460166
0.205825
0.662
0.662
0.662
0.662
0.662
0.662
0.662
0.0559587
0.662
0.0415038
0.662
0.182231
0.662
0.466354
0.662
0.019675
0.662
0.557413
0.662
0.662
0.662
0.505192
0.662
0.214122
0.662
0.662
0.662
0.662
0.192117
0.662
0.0503159
0.232886
0.578462
0.662
0.0435441
0.662
0.662
0.151437
0.662
0.135453
0.662
0.169549
0.0282938
0.158879
0.0732204
0.0205295
0.662
0.318839
0.662
0.529369
0.0937498
0.662
0.662
0.534682
0.392485
0.459884
0.662
0.662
0.0347757
0.286588
0.495443
0.430652
0.110737
0.662
0.0979379
0.181349
0.222034
0.311959
0.662
0.187717
0.102513
0.41583
0.662
0.23977
0.662
0.279947
0.662
0.662
0.662
0.52923
0.279062
0.662
0.662
0.662
0.302456
0.662
0.662
0.198972
0.662
0.662
0.662
0.425325
0.277577
0.647654
0.662
0.662
0.662
0.662
0.236835
0.12834
0.262073
0.310258
0.662
0.662
0.301802
0.662
0.0144711
0.662
0.662
0.477563
0.662
0.662
0.662
0.473032
0.662
0.0671218
0.456476
0.194432
0.662
0.662
0.0257928
0.220174
