0.0579704
0.454485
0.662
0.208093
0.662
0.107981
0.662
0.288489
0.662
0.662
0.662
0.662
0.662
0.251291
0.662
0.662
0.662
0.0766544
0.201419
0.662
0.157516
0.662
0.302574
0.662
0.662
0.343207
0.662
0.662
0.399238
0.409594
0.662
0.662
0.106397
0.662
0.662
0.662
0.32479
0.125254
0.662
0.447843
0.320473
0.605258
0.018925
0.662
0.662
0.402993
0.0494509
0.331621
0.197672
0.006179
0.0295896
0.662
0.025965
0.240919
0.662
0.662
0.662
0.411687
0.0910906
0.205594
0.662
0.111168
0.662
0.662
0.29945
0.662
0.662
0.495919
0.361838
0.662
0.388948
0.245672
0.662
0.662
0.662
0.0733168
0.0505452
0.107713
0.662
0.662
0.662
0.252309
0.662
0.662
0.662
0.662
0.662
0.0279764
0.662
0.662
0.662
0.662
0.0218118
0.662
0.662
0.129582
0.662
0.662
0.662
0.367645
0.662
0.662
0.662
0.662
0.289918
0.662
0.0805075
0.662
0.0155368
0.662
0.449286
0.467231
0.0895154
0.662
0.662
0.459497
0.662
0.027516
0.662
0.409455
0.21676
0.126431
0.149539
0.0491861
0.430613
0.380078
0.662
0.112647
0.662
0.0669399
0.662
0.00378745
0.342367
0.297152
0.662
0.662
0.287268
0.264051
0.662
0.662
0.449789
0.465843
0.306719
0.662
0.540997
0.0911212
0.662
0.182727
0.662
0.662
0.292668
0.662
0.200646
0.0614898
0.662
0.158157
0.444404
0.259922
0.387466
0.382303
0.13883
0.662
0.106685
0.662
0.490612
0.0317395
0.195568
0.353841
0.662
0.206042
0.662
0.662
0.0261298
0.128788
0.29542
0.662
0.475846
0.662
0.662
0.417739
0.662
0.662
0.662
0.318853
0.462563
0.255863
0.48567
0.434109
0.136247
0.662
0.411491
0.662
0.662
0.628697
0.662
0.342187
0.662
0.0111872
0.662
0.31336
0.662
0.662
0.0663069
0.662
0.662
0.222397
0.662
0.250808
0.386807
0.426197
0.00651913
0.662
0.308432
0.225161
0.662
0.662
0.662
0.197196
0.418012
0.662
0.0700524
0.491246
0.0720778
0.113981
0.0714489
0.18525
0.662
0.428488
0.144612
0.662
0.240097
0.662
0.384609
0.183552
0.662
0.335342
0.662
0.662
0.207864
0.32182
0.662
0.471429
0.0727006
0.220412
0.662
0.662
0.662
0.247533
0.662
0.239275
0.662
0.662
0.662
0.339155
0.0881978
0.322091
0.146097
0.137453
0.662
0.662
0.0302014
0.662
0.662
0.662
0.662
0.325814
0.662
0.128758
0.383267
0.662
0.662
0.662
0.251732
0.662
0.662
0.662
0.166994
0.662
0.372298
0.0865454
0.662
0.281447
0.662
0.662
0.469124
0.662
0.662
0.662
0.0849218
0.0710197
0.662
0.236842
0.662
0.147337
0.662
0.110023
0.662
0.662
0.662
0.662
0.298192
0.662
0.317801
0.32899
0.0885497
0.447503
0.459069
0.0821959
0.662
0.662
0.662
0.662
0.374833
0.212416
0.238036
0.662
0.662
0.662
0.450639
0.662
0.662
0.662
0.662
0.446738
0.662
0.175422
0.662
0.332274
0.443308
0.416943
0.662
0.662
0.662
0.662
0.436801
0.120564
0.149744
0.392955
0.326201
0.662
0.564562
0.194063
0.269317
0.469669
0.662
0.662
0.662
0.332847
0.662
0.171355
0.662
0.662
0.662
0.387952
0.341427
0.200727
0.10781
0.662
0.356262
0.519895
0.662
0.172942
0.0945424
0.227726
0.662
0.511938
0.293317
0.662
0.662
0.0991983
0.662
0.662
0.662
0.662
0.662
0.00997088
0.432893
0.00385676
0.170527
0.662
0.389219
0.662
0.662
0.38945
0.473495
0.353544
0.662
0.421055
0.662
0.662
0.0243281
0.182245
0.662
0.662
0.662
0.662
0.662
0.634924
0.662
0.662
0.0595949
0.508818
0.662
0.441068
0.662
0.416666
0.328884
0.662
0.335079
0.662
0.316508
0.662
0.336256
0.662
0.662
0.454537
0.662
0.453791
0.662
0.662
0.417965
0.662
0.0916117
0.294367
0.662
0.526635
0.472017
0.662
0.662
0.662
0.662
0.662
0.662
0.662
0.662
0.393211
0.465699
0.662
0.0408868
0.328881
0.662
0.662
0.276741
0.542088
0.013085
0.0083324
0.0703776
0.300005
0.476008
0.662
0.309116
0.662
0.662
0.662
0.662
0.0541398
0.662
0.662
0.662
0.662
0.630459
0.662
0.50449
0.139282
0.662
0.662
0.373212
0.662
0.662
0.492482
0.662
0.662
0.662
0.662
0.662
0.662
0.366349
0.168697
0.113741
0.662
0.662
0.454806
0.662
0.662
0.112523
0.023066
0.258474
0.624709
0.0934822
0.662
0.436149
0.436156
0.662
0.63339
0.623151
0.662
0.662
0.662
0.662
0.662
0.662
0.662
0.662
0.662
0.662
0.662
0.662
0.662
0.662
0.662
0.152801
0.458323
0.662
0.662
0.662
0.340697
0.662
0.662
0.662
0.532491
0.662
0.621454
0.352046
0.233535
0.41536
0.143036
0.278403
0.662
0.662
0.662
0.662
0.152143
0.392738
0.662
0.00317192
0.662
0.372323
0.45667
0.132705
0.154183
0.136072
0.309252
0.662
0.662
0.662
0.662
0.662
0.662
0.357255
0.25524
0.0735699
0.0561142
0.662
0.662
0.449765
0.662
0.225834
0.0513556
0.111385
0.361578
0.662
0.485221
0.380375
0.662
0.662
0.662
0.45684
0.567688
0.662
0.662
0.47709
0.438222
0.341064
0.662
0.662
0.662
0.0413927
0.350957
0.300086
0.384032
0.662
0.589553
0.0268418
0.662
0.12195
0.0694873
0.0634508
0.662
0.35667
0.00784472
0.560026
0.462244
0.211335
0.662
0.278362
0.662
0.26795
0.0610846
0.60709
0.662
0.662
0.232109
0.424117
0.662
0.150649
0.662
0.424684
0.0875812
0.662
0.011901
0.435136
0.662
0.662
0.584193
0.00947521
0.295249
0.37096
0.662
0.350734
0.662
