0.159509
0.662
0.662
0.43795
0.662
0.662
0.0175126
0.662
0.414876
0.662
0.234873
0.662
0.662
0.194761
0.372157
0.478914
0.662
0.662
0.426113
0.662
0.662
0.662
0.397538
0.662
0.041773
0.127791
0.662
0.662
0.662
0.115724
0.662
0.24098
0.662
0.662
0.662
0.662
0.367284
0.662
0.662
0.117021
0.662
0.38561
0.662
0.662
0.662
0.307804
0.662
0.270786
0.662
0.662
0.168101
0.0638713
0.212935
0.463918
0.137854
0.254907
0.662
0.662
0.466619
0.662
0.662
0.662
0.287707
0.00726002
0.210256
0.181187
0.310167
0.387245
0.150622
0.570773
0.477275
0.344969
0.142924
0.662
0.662
0.323116
0.662
0.662
0.608202
0.662
0.49232
0.308042
0.29995
0.662
0.662
0.662
0.662
0.662
0.662
0.404549
0.662
0.217043
0.221613
0.662
0.662
0.662
0.328836
0.662
0.662
0.316237
0.662
0.662
0.662
0.662
0.662
0.251661
0.322203
0.142089
0.094976
0.33682
0.599225
0.662
0.662
0.662
0.662
0.662
0.00821346
0.176365
0.662
0.251168
0.277921
0.364598
0.57493
0.50405
0.662
0.0921227
0.274365
0.662
0.250358
0.662
0.453215
0.662
0.380082
0.662
0.662
0.662
0.0499783
0.662
0.334314
0.662
0.662
0.662
0.662
0.662
0.369862
0.0923559
0.308747
0.229023
0.662
0.662
0.45796
0.662
0.662
0.211122
0.662
0.0318776
0.0872904
0.662
0.255947
0.099144
0.662
0.662
0.662
0.161611
0.152333
0.223808
0.429523
0.246965
0.662
0.662
0.662
0.112593
0.662
0.662
0.147969
0.611015
0.281866
0.662
0.662
0.307281
0.662
0.662
0.662
0.322679
0.662
0.662
0.042549
0.26477
0.252676
0.662
0.662
0.109978
0.662
0.662
0.662
0.0999693
0.382256
0.0259114
0.662
0.662
0.196879
0.501932
0.662
0.662
0.0039657
0.389493
0.353017
0.2878
0.662
0.517161
0.0757905
0.168744
0.662
0.357783
0.662
0.0574813
0.662
0.662
0.662
0.383044
0.662
0.251037
0.662
0.203776
0.662
0.662
0.100525
0.662
0.361828
0.414611
0.662
0.662
0.662
0.662
0.662
0.662
0.431086
0.448202
0.0249569
0.271429
0.662
0.662
0.162506
0.208353
0.296689
0.277159
0.419092
0.160547
0.0856402
0.662
0.662
0.662
0.352997
0.420729
0.286693
0.312639
0.442793
0.028424
0.0619483
0.662
0.468505
0.340241
0.662
0.662
0.324291
0.561851
0.662
0.380822
0.525853
0.312061
0.358547
0.652005
0.329822
0.170471
0.403796
0.662
0.000475601
0.336068
0.662
0.121646
0.662
0.662
0.147753
0.346597
0.285555
0.216503
0.662
0.662
0.446771
0.0397668
0.484597
0.662
0.554476
0.662
0.662
0.662
0.662
0.567186
0.0196883
0.00673737
0.274923
0.662
0.662
0.662
0.662
0.187988
0.186714
0.0701652
0.662
0.261313
0.662
0.632643
0.662
0.260855
0.662
0.611619
0.323847
0.662
0.662
0.662
0.662
0.662
0.0891676
0.249969
0.662
0.662
0.114882
0.278927
0.662
0.56938
0.662
0.662
0.217776
0.19945
0.662
0.000629493
0.662
0.662
0.0499412
0.478222
0.662
0.662
0.662
0.662
0.662
0.662
0.167489
0.662
0.318367
0.662
0.662
0.662
0.312814
0.193413
0.662
0.510541
0.221919
0.662
0.662
0.0740142
0.662
0.662
0.662
0.662
0.343426
0.41773
0.433122
0.662
0.662
0.662
0.361768
0.662
0.662
0.165595
0.662
0.662
0.616175
0.662
0.662
0.662
0.662
0.662
0.472966
0.662
0.662
0.662
0.662
0.194883
0.453258
0.391052
0.317007
0.662
0.662
0.444813
0.662
0.47307
0.23487
0.39259
0.662
0.662
0.0976747
0.662
0.662
0.662
0.662
0.662
0.405302
0.277447
0.662
0.662
0.662
0.48835
0.268146
0.662
0.274219
0.662
0.426392
0.662
0.114933
0.585705
0.662
0.291398
0.500035
0.662
0.183562
0.450141
0.354617
0.662
0.357111
0.396303
0.662
0.43487
0.662
0.662
0.587361
0.662
0.268847
0.662
0.662
0.662
0.406255
0.113309
0.662
0.662
0.389458
0.45708
0.457363
0.662
0.662
0.422776
0.23191
0.174437
0.662
0.288067
0.662
0.662
0.227784
0.226062
0.158955
0.397023
0.662
0.662
0.662
0.662
0.25765
0.662
0.662
0.662
0.662
0.211688
0.662
0.662
0.662
0.166985
0.189792
0.662
0.436022
0.662
0.222634
0.662
0.207215
0.471355
0.58689
0.662
0.662
0.329238
0.176383
0.277776
0.662
0.370926
0.662
0.400609
0.251174
0.662
0.475852
0.288752
0.662
0.662
0.662
0.662
0.662
0.347954
0.134164
0.662
0.147587
0.662
0.395937
0.662
0.127104
0.213226
0.662
0.662
0.237059
0.166396
0.662
0.117209
0.36312
0.153718
0.662
0.662
0.201901
0.177064
0.662
0.662
0.4042
0.416721
0.662
0.4751
0.662
0.662
0.662
0.662
0.000348006
0.662
0.443255
0.211619
0.172716
0.662
0.662
0.662
0.304357
0.662
0.662
0.662
0.214681
0.281052
0.109753
0.662
0.460717
0.643325
0.302554
0.662
0.323011
0.662
0.662
0.487526
0.292339
0.662
0.352127
0.662
0.662
0.0862793
0.502746
0.0959193
0.662
0.662
0.393275
0.240084
0.222714
0.662
0.662
0.662
0.662
0.662
0.620174
0.662
0.301175
0.662
0.110385
0.349713
0.288352
0.266169
0.468227
0.120098
0.662
0.662
0.438166
0.662
0.420295
0.662
0.123499
0.662
0.557509
0.30679
0.0781348
0.662
0.662
0.281308
0.662
0.662
0.408056
0.274138
0.299275
0.0548852
0.662
0.662
0.620456
0.662
0.662
0.525136
0.502765
0.485967
0.662
0.471942
0.00898805
0.662
0.662
0.120431
0.662
0.662
0.590913
0.662
0.605738
0.662
0.662
0.34562
0.38458
0.662
0.662
0.434091
0.0376363
0.662
0.168221
0.0497706
0.662
0.0319761
0.662
0.662
0.662
0.662
0.242786
0.662
0.139658
0.330013
0.308513
0.662
0.22416
0.662
0.662
0.662
0.471314
0.366366
0.662
0.201528
0.310404
0.662
0.662
0.464317
0.662
