0.356366
0.662
0.662
0.270328
0.17835
0.433102
0.0522552
0.0617034
0.662
0.662
0.629706
0.662
0.662
0.345431
0.662
0.662
0.475245
0.156202
0.662
0.0926639
0.115137
0.662
0.662
0.662
0.252937
0.00632931
0.662
0.662
0.405046
0.452404
0.662
0.41681
0.0350109
0.662
0.260866
0.662
0.662
0.360814
0.662
0.662
0.662
0.662
0.433136
0.311935
0.662
0.662
0.662
0.662
0.25087
0.662
0.662
0.662
0.229851
0.408089
0.163427
0.293696
0.662
0.0572414
0.0892289
0.662
0.662
0.662
0.662
0.223038
0.425739
0.662
0.662
0.402628
0.662
0.230403
0.662
0.662
0.359837
0.291855
0.662
0.662
0.662
0.250602
0.164833
0.662
0.662
0.275321
0.662
0.232298
0.662
0.662
0.662
0.662
0.662
0.662
0.662
0.486879
0.479479
0.297697
0.662
0.253586
0.662
0.662
0.225511
0.662
0.662
0.662
0.0496799
0.193743
0.662
0.662
0.120126
0.662
0.662
0.662
0.0412595
0.165846
0.662
0.662
0.0669771
0.662
0.300031
0.662
0.29479
0.441287
0.662
0.199001
0.55509
0.662
0.17394
0.662
0.662
0.274141
0.662
0.278552
0.662
0.147422
0.281566
0.449015
0.306422
0.44625
0.413864
0.662
0.322214
0.662
0.662
0.208422
0.662
0.343426
0.662
0.196835
0.662
0.314697
0.302228
0.662
0.662
0.460256
0.0408752
0.287668
0.0649427
0.219069
0.456556
0.662
0.246068
0.406305
0.662
0.662
0.504733
0.287396
0.662
0.449622
0.475215
0.662
0.474621
0.376456
0.662
0.662
0.0712823
0.309869
0.37262
0.662
0.662
0.408764
0.662
0.662
0.0836418
0.135314
0.662
0.662
0.390873
0.326405
0.662
0.662
0.662
0.584918
0.662
0.0890395
0.662
0.662
0.465093
0.487373
0.662
0.662
0.417524
0.662
0.662
0.662
0.662
0.00149974
0.367939
0.215806
0.662
0.34344
0.662
0.13721
0.205413
0.662
0.662
0.325241
0.662
0.263174
0.662
0.0260014
0.662
0.382593
0.662
0.0909578
0.662
0.662
0.662
0.244163
0.333852
0.268463
0.662
0.231728
0.440441
0.662
0.662
0.662
0.509236
0.662
0.662
0.662
0.45167
0.662
0.662
0.662
0.662
0.555846
0.662
0.662
0.662
0.463256
0.563319
0.662
0.662
0.662
0.437605
0.303565
0.304891
0.662
0.662
0.662
0.662
0.662
0.213445
0.662
0.662
0.0175104
0.425739
0.662
0.662
0.41526
0.385344
0.662
0.289837
0.662
0.0621945
0.308397
0.0800613
0.279928
0.662
0.367586
0.662
0.662
0.662
0.662
0.662
0.662
0.38061
0.12479
0.22794
0.662
0.449115
0.398458
0.662
0.322774
0.662
0.662
0.662
0.103979
0.662
0.662
0.662
0.154829
0.662
0.317345
0.400109
0.662
0.273416
0.662
0.341961
0.167499
0.662
0.662
0.0751486
0.359493
0.221705
0.44245
0.662
0.662
0.170969
0.662
0.0254319
0.0564673
0.662
0.0414533
0.581628
0.662
0.468151
0.662
0.021247
0.662
0.295069
0.662
0.40654
0.356208
0.662
0.662
0.662
0.662
0.662
0.662
0.662
0.662
0.662
0.662
0.662
0.0131309
0.662
0.552093
0.219012
0.662
0.467165
0.364539
0.475084
0.662
0.662
0.662
0.662
0.662
0.356574
0.231247
0.662
0.0990408
0.441941
0.411494
0.662
0.36201
0.662
0.662
0.0840043
0.625309
0.662
0.217153
0.157205
0.662
0.662
0.662
0.662
0.662
0.220337
0.662
0.126681
0.662
0.662
0.327582
0.356136
0.662
0.294882
0.485445
0.409851
0.355866
0.309086
0.0169408
0.349331
0.360076
0.364979
0.662
0.662
0.662
0.364432
0.320754
0.198972
0.662
0.161741
0.389154
0.551713
0.662
0.662
0.662
0.0451216
0.662
0.243612
0.662
0.310891
0.662
0.662
0.3067
0.662
0.472185
0.0179635
0.662
0.662
0.253588
0.160378
0.662
0.662
0.662
0.162024
0.662
0.662
0.202976
0.366553
0.175923
0.293912
0.46063
0.662
0.311209
0.662
0.662
0.662
0.172928
0.420131
0.662
0.589481
0.149187
0.662
0.662
0.662
0.662
0.662
0.0638506
0.662
0.662
0.0353205
0.303412
0.348946
0.662
0.662
0.235958
0.242453
0.369747
0.135689
0.662
0.315834
0.633391
0.292228
0.662
0.662
0.413978
0.662
0.662
0.280167
0.662
0.662
0.662
0.662
0.662
0.662
0.0975234
0.662
0.662
0.662
0.474808
0.42931
0.662
0.484244
0.662
0.198455
0.362083
0.540456
0.323378
0.470592
0.662
0.662
0.662
