0.620414
0.662
0.662
0.441025
0.362791
0.662
0.662
0.662
0.153336
0.204544
0.662
0.662
0.25244
0.400432
0.662
0.126122
0.662
0.662
0.662
0.15568
0.514516
0.346761
0.662
0.662
0.662
0.0782853
0.263105
0.662
0.225634
0.425564
0.662
0.662
0.0442106
0.662
0.304375
0.662
0.662
0.662
0.662
0.662
0.265292
0.662
0.662
0.350528
0.662
0.662
0.662
0.662
0.662
0.662
0.250464
0.662
0.496289
0.662
0.0126912
0.662
0.150559
0.298313
0.0260339
0.662
0.329726
0.196018
0.463569
0.185659
0.146165
0.285549
0.662
0.662
0.132858
0.662
0.662
0.09073
0.320736
0.662
0.662
0.25758
0.311428
0.662
0.662
0.662
0.476471
0.469318
0.364999
0.662
0.662
0.414682
0.662
0.662
0.0802921
0.662
0.457635
0.662
0.0918539
0.164816
0.358905
0.452058
0.662
0.244812
0.211923
0.662
0.00101827
0.383377
0.662
0.662
0.048106
0.390463
0.380256
0.483718
0.662
0.470103
0.45667
0.17777
0.35303
0.19488
0.662
0.398959
0.662
0.662
0.490801
0.185704
0.662
0.662
0.662
0.13669
0.662
0.662
0.342258
0.662
0.363672
0.662
0.662
0.662
0.3213
0.662
0.662
0.413458
0.153329
0.350764
0.636307
0.380642
0.159583
0.4177
0.0857817
0.662
0.0745833
0.285397
0.46848
0.662
0.46774
0.662
0.662
0.062482
0.239876
0.662
0.662
0.662
0.662
0.286178
0.662
0.273512
0.662
0.234055
0.186841
0.662
0.662
0.662
0.662
0.662
0.662
0.662
0.222314
0.662
0.662
0.263904
0.662
0.45733
0.0448937
0.0250335
0.305726
0.662
0.407488
0.460318
0.309077
0.662
0.662
0.662
0.662
0.662
0.24968
0.145355
0.662
0.662
0.215527
0.662
0.662
0.662
0.662
0.0756269
0.227522
0.206767
0.662
0.662
0.209598
0.662
0.0478613
0.000329372
0.662
0.662
0.430887
0.662
0.127047
0.662
0.238935
0.357718
0.662
0.276406
0.662
0.662
0.662
0.662
0.357442
0.102966
0.247413
0.662
0.662
0.229541
0.280198
0.662
0.137239
0.662
0.347832
0.662
0.662
0.167609
0.0771535
0.662
0.662
0.280472
0.662
0.662
0.392641
0.662
0.586051
0.662
0.662
0.662
0.662
0.101717
0.662
0.662
0.448023
0.412141
0.662
0.662
0.662
0.219612
0.662
0.662
0.425682
0.662
0.388956
0.662
0.284736
0.662
0.662
0.0267358
0.307666
0.609167
0.662
0.197196
0.185691
0.236094
0.185608
0.662
0.318561
0.662
0.142379
0.317011
0.662
0.662
0.430937
0.466988
0.662
0.662
0.297672
0.238761
0.34763
0.22561
0.662
0.662
0.29697
0.187364
0.662
0.203293
0.443189
0.662
0.460041
0.172831
0.391488
0.662
0.662
0.662
0.378874
0.334708
0.64226
0.662
0.662
0.157119
0.662
0.662
0.662
0.357646
0.260404
0.662
0.662
0.378109
0.323796
0.37991
0.00742847
0.662
0.662
0.662
0.461252
0.662
0.529097
0.662
0.662
0.0984773
0.0399625
0.0710982
0.662
0.211857
0.662
0.368825
0.662
0.662
0.662
0.662
0.212153
0.662
0.662
0.0177561
0.0408868
0.662
0.662
0.662
0.662
0.662
0.662
0.662
0.155881
0.592405
0.662
0.662
0.0868641
0.662
0.239349
0.662
0.662
0.273033
0.370446
0.662
0.351247
0.119584
0.662
0.337119
0.662
0.662
0.466264
0.662
0.0854833
0.548484
0.518806
0.662
0.109162
0.562953
0.297827
0.423366
0.662
0.662
0.441594
0.504489
0.0581354
0.0429178
0.662
0.406193
0.662
0.440139
0.199182
0.662
0.528271
0.662
0.662
0.417206
0.662
0.150445
0.322941
0.662
0.662
0.192368
0.282658
0.662
0.292941
0.357121
0.662
0.662
0.662
0.443736
0.662
0.222397
0.662
0.21957
0.662
0.229495
0.662
0.433705
0.346899
0.662
0.662
0.662
0.229801
0.332778
0.101294
0.0418825
0.470859
0.137386
0.662
0.438596
0.662
0.662
0.324179
0.141424
0.108395
0.447503
0.662
0.662
0.662
0.42638
0.310187
0.662
0.330043
0.294234
0.662
0.662
0.225604
0.662
0.662
0.185823
0.662
0.0252215
0.305046
0.471362
0.40145
0.662
0.662
0.0368733
0.662
0.491548
0.662
0.662
0.487498
0.662
0.662
0.662
0.662
0.662
0.122814
0.662
0.662
0.662
0.429711
0.662
0.662
0.662
0.662
0.662
0.329766
0.662
0.539096
0.428082
0.252496
0.662
0.662
0.662
0.598953
0.167834
0.662
0.662
0.41752
0.662
0.662
0.662
0.425624
0.662
0.147452
0.662
0.662
0.433807
0.329458
0.662
0.662
0.662
0.662
0.269974
0.662
0.010158
0.255863
0.662
0.32088
0.662
0.662
0.662
0.590092
0.662
0.662
0.662
0.307295
0.476209
0.662
0.662
0.212232
0.662
0.662
0.511739
0.16771
0.440109
0.662
0.662
0.662
0.662
0.155433
0.228752
0.372554
0.333119
0.451476
0.298879
0.0858984
0.662
0.482199
0.19159
0.662
0.662
0.351825
0.183308
0.419932
0.0465878
0.500707
0.445009
0.662
0.425408
0.473009
0.662
0.101625
0.372468
0.662
0.0317501
0.547589
0.662
0.662
0.550317
0.662
0.662
0.37096
0.158525
0.662
0.662
0.662
0.662
0.0100884
0.430265
0.269133
0.662
0.238369
0.662
0.352041
0.662
0.662
0.662
0.662
0.171161
0.108007
0.295573
0.383993
0.662
0.209938
0.184031
0.0634778
0.468962
0.662
0.662
0.662
0.386342
0.348968
0.441735
0.662
0.558923
0.662
0.336535
0.0768184
0.662
0.294576
0.662
0.662
0.626386
0.0555545
0.662
0.456232
0.662
0.662
0.24782
0.662
0.259922
0.422651
0.214478
0.481313
0.208374
0.112938
0.662
0.662
0.662
0.662
0.662
0.662
0.662
0.463292
0.662
0.662
0.374764
0.662
0.662
0.662
0.662
0.41999
0.662
0.662
0.0415564
0.450906
0.662
0.662
0.55863
0.662
