0.524636
0.662
0.179628
0.166834
0.662
0.662
0.214067
0.260509
0.574259
0.662
0.0573263
0.383963
0.662
0.0887176
0.662
0.143281
0.261778
0.662
0.230685
0.14259
0.662
0.662
0.182769
0.323663
0.351833
0.662
0.181221
0.498908
0.662
0.662
0.662
0.232222
0.662
0.339112
0.155929
0.13748
0.461663
0.662
0.205035
0.58286
0.276819
0.264799
0.426575
0.662
0.662
0.662
0.0203967
0.0289659
0.458269
0.662
0.293429
0.662
0.411719
0.388352
0.662
0.0099052
0.662
0.0638259
0.148835
0.0339531
0.662
0.662
0.662
0.153591
0.662
0.217677
0.662
0.662
0.283557
0.121957
0.308571
0.199178
0.662
0.662
0.00977904
0.662
0.662
0.662
0.329115
0.125557
0.458959
0.662
0.662
0.185907
0.365688
0.293917
0.115997
0.662
0.662
0.662
0.310825
0.662
0.4121
0.264626
0.662
0.262478
0.662
0.662
0.662
0.0899854
0.662
0.0480517
0.291107
0.662
0.662
0.662
0.662
0.45523
0.662
0.411369
0.662
0.508539
0.465381
0.17266
0.662
0.662
0.289985
0.662
0.349065
0.662
0.662
0.198605
0.486176
0.662
0.193988
0.662
0.662
0.424171
0.494918
0.488664
0.662
0.480825
0.662
0.662
0.187073
0.662
0.662
0.662
0.266202
0.662
0.662
0.662
0.662
0.642194
0.662
0.662
0.0870498
0.354958
0.662
0.364731
0.353989
0.324938
0.662
0.662
0.662
0.662
0.111382
0.319406
0.257387
0.152139
0.188728
0.361613
0.0133297
0.662
0.200778
0.662
0.378585
0.662
0.088951
0.662
0.470115
0.662
0.249222
0.662
0.662
0.128408
0.662
0.662
0.662
0.0672144
0.662
0.165744
0.231482
0.662
0.612022
0.222913
0.454766
0.315416
0.449326
0.478629
0.448903
0.242133
0.160403
0.662
0.12822
0.455215
0.380998
0.662
0.662
0.662
0.662
0.662
0.662
0.662
0.63339
0.54501
0.129824
0.662
0.246349
0.662
0.165614
0.662
0.662
0.662
0.431002
0.198604
0.662
0.662
0.374551
0.662
0.662
0.662
0.349999
0.272944
0.662
0.259455
0.662
0.662
0.21932
0.662
0.377397
0.506476
0.309388
0.662
0.662
0.662
0.662
0.462286
0.103701
0.662
0.662
0.0895495
0.559146
0.662
0.662
0.662
0.662
0.662
0.0177452
0.662
0.202563
0.662
0.662
0.662
0.662
0.247801
0.662
0.264108
0.0224159
0.662
0.662
0.476462
0.339006
0.662
0.109626
0.142391
0.662
0.0172105
0.447073
0.420741
0.662
0.662
0.287905
0.662
0.662
0.662
0.00634988
0.235206
0.116167
0.662
0.662
0.462758
0.662
0.114812
0.662
0.19924
0.662
0.47163
0.662
0.662
0.415958
0.487405
0.662
0.355996
0.662
0.662
0.662
0.00170863
0.0726752
0.377883
0.662
0.2033
0.333825
0.158051
0.662
0.430677
0.662
0.172079
0.286178
0.662
0.662
0.662
0.10248
0.168162
0.0120464
0.132497
0.662
0.662
0.662
0.662
0.617976
0.662
0.513345
0.662
0.220361
0.662
0.286164
0.00388754
0.254895
0.662
0.662
0.662
0.662
0.132708
0.430408
0.107613
0.483358
0.406312
0.662
0.393175
0.16314
0.24769
0.374925
0.133262
0.662
0.662
0.662
0.0247084
0.662
0.264923
0.35577
0.325826
0.381332
0.214734
0.662
0.342557
0.662
0.662
0.189708
0.0473788
0.0125025
0.662
0.662
0.296609
0.398408
0.478325
0.214558
0.662
0.662
0.662
0.443723
0.471942
0.324369
0.662
0.536958
0.662
0.171712
0.121358
0.662
0.662
0.130194
0.184472
0.109199
0.408948
0.585072
0.662
0.662
0.0775252
0.435665
0.662
0.662
0.318574
0.662
0.662
0.662
0.343434
0.662
0.0419722
0.662
0.24795
0.662
0.662
0.662
0.589569
0.212692
0.384315
0.316941
0.378964
0.0346082
0.662
0.662
0.662
0.243752
0.662
0.58889
0.197249
0.662
0.662
0.436879
0.326552
0.272542
0.230688
0.188522
0.662
0.662
0.282308
0.615844
0.662
0.662
0.662
0.662
0.662
0.662
0.441265
0.662
0.662
0.662
0.662
0.662
0.0420572
0.662
0.154412
0.662
0.32988
0.343967
0.662
0.662
0.662
0.662
0.662
0.662
0.662
0.204654
0.662
0.346441
0.662
0.662
0.395823
0.0665161
0.662
0.662
0.662
0.662
0.662
0.662
0.398068
0.285188
0.662
0.0813425
0.28817
0.662
0.662
0.039134
0.356673
0.462285
0.662
0.119319
0.549971
0.189082
0.0310371
0.662
0.188358
0.662
0.123745
0.206475
0.662
0.662
0.307997
0.466807
0.0940679
0.402141
0.349361
0.662
0.662
0.031872
0.662
0.337351
0.662
0.662
0.662
0.626412
0.166924
0.153528
0.535368
0.662
0.662
0.0847572
0.662
0.0496698
0.106147
0.662
0.108416
0.662
0.662
0.662
0.0764447
0.662
0.662
0.309245
0.213285
0.662
0.182746
0.662
0.296498
0.111368
0.577278
0.662
0.662
0.00319396
0.662
0.662
0.662
0.662
0.662
0.662
0.662
0.155414
0.0607331
0.0276596
0.662
0.475156
0.0630911
0.662
0.284791
0.662
0.662
0.488679
0.133688
0.662
0.662
0.662
0.662
0.0217382
0.662
0.0851116
0.662
0.43139
0.662
0.662
0.662
0.0987792
0.662
0.0384897
0.662
0.458981
0.662
0.202645
0.662
0.662
0.310365
0.662
0.160669
0.173881
0.662
0.107299
0.662
0.0955691
0.264607
0.44357
0.662
0.662
0.291733
0.33514
0.375081
0.662
0.662
0.024963
0.454795
0.255454
0.507274
0.20937
0.662
0.662
0.662
0.662
0.314501
0.662
0.662
0.301946
0.662
0.31294
0.604198
0.403652
0.662
0.244788
0.662
0.662
0.662
0.47546
0.662
0.662
0.662
0.662
0.662
0.662
0.159636
0.662
0.662
0.137345
0.662
0.662
0.662
0.662
0.662
0.662
0.662
0.662
0.122494
0.307051
0.662
0.333814
0.237011
0.662
0.312957
0.335037
0.662
0.136136
0.662
0.325978
0.662
0.368466
0.372877
0.438159
0.23264
0.662
0.193818
0.2733
0.662
0.662
0.247685
