0.170969
0.662
0.155768
0.662
0.475215
0.157205
0.42589
0.662
0.662
0.659569
0.448175
0.662
0.662
0.662
0.18044
0.662
0.406134
0.662
0.0621945
0.164833
0.662
0.544903
0.147933
0.542136
0.662
0.662
0.279366
0.662
0.662
0.662
0.0853043
0.461156
0.662
0.662
0.163399
0.284558
0.29288
0.662
0.217576
0.662
0.146146
0.662
0.662
0.662
0.662
0.662
0.24507
0.202883
0.662
0.366553
0.662
0.263174
0.397051
0.662
0.662
0.662
0.662
0.472349
0.662
0.287668
0.662
0.563319
0.0694833
0.217153
0.662
0.0931127
0.662
0.662
0.127682
0.0926639
0.662
0.662
0.662
0.662
0.159871
0.0414533
0.389154
0.388479
0.662
0.662
0.662
0.662
0.147422
0.131189
0.050574
0.38061
0.662
0.662
0.662
0.444997
0.662
0.662
0.662
0.364432
0.001971
0.327582
0.376827
0.662
0.0554178
0.662
0.40654
0.662
0.395381
0.662
0.662
0.280112
0.018073
0.126104
0.662
0.662
0.110055
0.41526
0.662
0.662
0.662
0.662
0.662
0.662
0.662
0.662
0.0451216
0.346834
0.0617034
0.0972586
0.662
0.662
0.314124
0.662
0.662
0.662
0.473576
0.662
0.288801
0.244163
0.526334
0.662
0.662
0.252937
0.662
0.364539
0.662
0.433102
0.662
0.0660751
0.275321
0.662
0.15809
0.553761
0.662
0.624763
0.662
0.356366
0.662
0.219069
0.662
0.662
0.662
0.346048
0.470592
0.563568
0.662
0.662
0.662
0.662
0.334858
0.662
0.662
0.662
0.662
0.173043
0.327878
0.436664
0.617526
0.662
0.206937
0.475896
0.662
0.662
0.662
0.662
0.369773
0.662
0.271876
0.444913
0.662
0.405577
0.662
0.662
0.64665
0.662
0.400109
0.111958
0.662
0.662
0.226116
0.662
0.199001
0.662
0.662
0.343398
0.167499
0.193743
0.317345
0.662
0.662
0.662
0.662
0.662
0.662
0.662
0.414507
0.242029
0.19895
0.214483
0.662
0.304471
0.662
0.662
0.662
0.247682
0.388001
0.254729
0.502953
0.662
0.12479
0.662
0.662
0.662
0.301949
0.467165
0.662
0.26246
0.123261
0.662
0.662
0.662
0.221705
0.21123
0.371914
0.321016
0.662
0.460256
0.662
0.0398059
0.662
0.662
0.440028
0.662
0.662
0.662
0.662
0.662
0.662
0.0751486
0.56853
0.485445
0.538338
0.662
0.0313778
0.662
0.166154
0.662
0.213948
0.0897456
0.662
0.289275
0.0826912
0.293696
0.662
0.119237
0.662
0.282264
0.662
0.662
0.662
0.662
0.662
0.29128
0.662
0.662
0.475084
0.662
0.230403
0.662
0.662
0.360814
0.662
0.662
0.31144
0.662
0.032146
0.131941
0.473615
0.662
0.42931
0.387556
0.662
0.662
0.662
0.662
0.40196
0.0800613
0.662
0.460448
0.41681
0.662
0.398543
0.204888
0.662
0.214778
0.662
0.662
0.394736
0.662
0.662
0.662
0.102611
0.662
0.142589
0.662
0.662
0.224426
0.662
0.662
0.662
0.225511
0.49462
0.662
0.0497941
0.303412
0.662
0.662
0.662
0.411494
0.376456
0.662
0.372472
0.662
0.662
0.662
0.0797011
0.662
0.208798
0.312427
0.0292517
0.431975
0.30294
0.19338
0.374723
0.257242
0.662
0.662
0.424224
0.220546
0.320841
0.0332519
0.504132
0.156859
0.474665
0.662
0.662
0.662
0.437605
0.662
0.662
0.077555
0.662
0.662
0.222682
0.662
0.662
0.662
0.662
0.208526
0.662
0.662
0.051539
0.662
0.134302
0.662
0.317122
0.118513
0.485171
0.662
0.662
0.220337
0.662
0.662
0.0649427
0.662
0.532598
0.252327
0.662
0.662
0.662
0.0522552
0.0350109
0.662
0.250059
0.662
0.149167
0.662
0.158378
0.662
0.662
0.249776
0.662
0.662
0.278552
0.662
0.662
0.240769
0.0107314
0.190132
0.662
0.662
0.662
0.662
0.127607
0.662
0.292228
0.0649889
0.662
0.253303
0.662
0.296661
0.662
0.232154
0.662
0.490412
0.662
0.662
0.662
0.662
0.242274
0.662
0.307575
0.662
0.662
0.104082
0.662
0.662
0.662
0.35604
0.662
0.662
0.325241
0.662
0.662
0.0657221
0.662
0.662
0.662
0.314277
0.662
0.662
0.662
0.662
0.184109
0.662
0.397423
0.0688777
0.662
0.662
0.361109
0.662
0.195324
0.662
0.125224
0.227307
0.215806
0.662
0.662
0.236064
0.611592
0.662
0.662
0.464678
0.662
0.334167
0.662
0.175032
0.213445
0.280116
0.418397
0.255762
0.0505106
0.662
0.420514
0.137768
0.377539
0.662
0.274141
0.507045
0.662
0.662
0.462331
0.147192
0.455877
0.662
0.196835
0.306766
0.525139
0.662
0.405046
0.662
0.20602
0.494347
0.662
0.662
0.662
0.0151879
0.143667
0.589481
0.662
0.662
0.662
