0.454618
0.662
0.353047
0.297235
0.220983
0.247248
0.0308756
0.397449
0.363788
0.662
0.204972
0.662
0.662
0.387757
0.147449
0.662
0.662
0.662
0.118981
0.662
0.0550184
0.425149
0.662
0.475485
0.141434
0.662
0.40188
0.178124
0.396949
0.0431517
0.662
0.127983
0.662
0.243942
0.568416
0.662
0.441601
0.662
0.662
0.662
0.454037
0.0493542
0.662
0.318441
0.662
0.662
0.475284
0.662
0.662
0.662
0.287139
0.662
0.259667
0.662
0.225508
0.186073
0.300455
0.360614
0.662
0.247341
0.662
0.411642
0.662
0.662
0.662
0.452706
0.378647
0.0276927
0.0986368
0.112348
0.0524721
0.662
0.662
0.662
0.434812
0.662
0.0975541
0.662
0.115941
0.433775
0.662
0.227401
0.662
0.662
0.256228
0.662
0.0551165
0.662
0.662
0.180588
0.122366
0.16546
0.662
0.662
0.662
0.351992
0.311353
0.0473148
0.403827
0.323641
0.443526
0.662
0.662
0.662
0.662
0.662
0.662
0.238372
0.662
0.149416
0.662
0.0428899
0.0514727
0.151023
0.0220452
0.662
0.662
0.662
0.337199
0.457304
0.662
0.0578155
0.662
0.662
0.662
0.474585
0.662
0.533809
0.129983
0.294473
0.0985774
0.662
0.662
0.662
0.662
0.650961
0.136505
0.368954
0.662
0.0287814
0.371404
0.40815
0.662
0.397143
0.662
0.662
0.662
0.662
0.662
0.293579
0.102262
0.662
0.662
0.263423
0.415095
0.614678
0.190895
0.662
0.662
0.438929
0.362928
0.0132848
0.662
0.476728
0.662
0.223642
0.460069
0.20953
0.281143
0.662
0.221153
0.454149
0.662
0.409525
0.184069
0.662
0.662
0.662
0.662
0.662
0.0902583
0.662
0.662
0.297093
0.0175764
0.662
0.662
0.259566
0.662
0.662
0.662
0.662
0.662
0.136694
0.662
0.416969
0.459709
0.112808
0.022478
0.662
0.662
0.033501
0.662
0.662
0.662
0.46729
0.662
0.143006
0.662
0.000482921
0.662
0.205862
0.662
0.662
0.075308
0.148238
0.401618
0.662
0.316429
0.662
0.662
0.662
0.662
0.662
0.662
0.662
0.662
0.429066
0.662
0.662
0.148302
0.662
0.662
0.0339588
0.662
0.379312
0.268878
0.0786614
0.662
0.662
0.260077
0.190968
0.662
0.0910472
0.662
0.662
0.0424564
0.238997
0.31769
0.452043
0.662
0.662
0.462744
0.416531
0.662
0.662
0.662
0.662
0.0665399
0.0298758
0.662
0.0436717
0.662
0.662
0.662
0.566635
0.662
0.113239
0.227549
0.662
0.662
0.601488
0.662
0.369626
0.662
0.549202
0.0932697
0.662
0.0433755
0.662
0.403417
0.662
0.341878
0.662
0.0204576
0.470236
0.0234045
0.662
0.619848
0.0494348
0.219897
0.662
0.662
0.662
0.662
0.662
0.219783
0.50017
0.662
0.662
0.37388
0.203854
0.39507
0.662
0.662
0.225448
0.662
0.662
0.662
0.662
0.662
0.662
0.490837
0.662
0.552667
0.662
0.662
0.662
0.514587
0.236404
0.662
0.662
0.477771
0.340464
0.662
0.16331
0.662
0.287878
0.160721
0.151752
0.662
0.35751
0.662
0.662
0.0203687
0.33509
0.662
0.662
0.662
0.662
0.662
0.662
0.662
0.662
0.662
0.662
0.662
0.662
0.662
0.131885
0.0105267
0.453725
0.253375
0.662
0.303544
0.598442
0.662
0.0199133
0.662
0.662
0.662
0.662
0.662
0.662
0.662
0.200041
0.259345
0.191611
0.24186
0.662
0.662
0.662
0.350415
0.662
0.558111
0.284003
0.279845
0.662
0.390333
0.662
0.61491
0.354335
0.202611
0.515935
0.308309
0.662
0.662
0.662
0.662
0.237203
0.11017
0.383397
0.312819
0.662
0.662
0.662
0.662
0.662
0.662
0.662
0.662
0.433393
0.228569
0.355046
0.418623
0.662
0.662
0.662
0.14063
0.354312
0.662
0.662
0.33324
0.662
0.662
0.662
0.662
0.21225
0.662
0.140744
0.0476855
0.662
0.177536
0.377923
0.192068
0.662
0.291608
0.153988
0.662
0.662
0.662
0.426978
0.366408
0.134276
0.662
0.662
0.357827
0.662
0.0757176
0.160296
0.662
0.662
0.206172
0.662
0.0702558
0.662
0.424436
0.0180924
0.327981
0.407407
0.662
0.662
0.371582
0.158131
0.662
0.3651
0.24818
0.463204
0.662
0.0357231
0.662
0.265638
0.662
0.25372
0.662
0.662
0.662
0.288017
0.644348
0.135089
0.158984
0.662
0.427985
0.42267
0.391301
0.203962
0.183631
0.236691
0.662
0.662
0.662
0.0871082
0.258825
0.662
0.662
0.45743
0.249659
0.662
0.265395
0.662
0.0580038
0.399161
0.662
0.662
0.18403
0.662
0.662
0.451435
0.662
0.356727
0.273779
0.662
0.662
0.662
0.662
0.400255
0.662
0.187924
0.662
0.324169
0.662
0.445568
0.662
0.662
0.437607
0.662
0.662
0.662
0.662
0.569113
0.525211
0.265431
0.662
0.662
0.662
0.662
0.662
0.434486
0.662
0.662
0.662
0.662
0.662
0.662
0.112036
0.662
0.662
0.436987
0.662
0.0295898
0.662
0.662
0.197483
0.382505
0.227805
0.662
0.662
0.08257
0.256912
0.662
0.662
0.552603
0.662
0.409686
0.0414993
0.254352
0.662
0.662
0.20578
0.114154
0.662
0.662
0.0209197
0.0819067
0.662
0.166031
0.662
0.317672
0.662
0.289518
0.0633925
0.191268
0.14365
0.386872
0.327992
0.197476
0.662
0.662
0.0864196
0.662
0.0108082
0.662
0.662
0.465512
0.255125
0.0477503
0.472777
0.662
0.662
0.662
0.662
0.662
0.662
0.403373
0.325479
0.662
0.662
0.138273
0.662
0.0964967
0.206419
0.245391
0.633391
0.662
0.0717522
