0.456606
0.333591
0.662
0.121336
0.662
0.0676565
0.425309
0.662
0.393972
0.662
0.315815
0.662
0.662
0.152551
0.0695711
0.173754
0.662
0.662
0.222495
0.351094
0.662
0.135453
0.445505
0.286854
0.236835
0.0343236
0.662
0.662
0.543497
0.662
0.662
0.430544
0.178719
0.662
0.662
0.662
0.662
0.662
0.100919
0.102513
0.662
0.662
0.662
0.662
0.368084
0.662
0.360552
0.662
0.302593
0.662
0.444812
0.348002
0.662
0.222177
0.466354
0.20933
0.486335
0.662
0.662
0.662
0.125743
0.52901
0.662
0.0192363
0.662
0.662
0.662
0.448562
0.662
0.452692
0.662
0.662
0.370814
0.470847
0.4062
0.358325
0.662
0.523058
0.662
0.245519
0.662
0.292097
0.0353966
0.662
0.223226
0.342883
0.305195
0.540159
0.55542
0.662
0.662
0.462043
0.662
0.448707
0.421702
0.662
0.662
0.662
0.662
0.32548
0.017665
0.662
0.41583
0.662
0.662
0.662
0.662
0.662
0.47761
0.468712
0.662
0.662
0.662
0.340087
0.662
0.662
0.292988
0.662
0.662
0.128801
0.662
0.662
0.662
0.021821
0.0209778
0.391828
0.00476042
0.447556
0.662
0.370156
0.662
0.662
0.662
0.662
0.242408
0.497705
0.0842563
0.662
0.662
0.662
0.662
0.447311
0.662
0.188929
0.219005
0.250648
0.374059
0.662
0.662
0.662
0.662
0.662
0.0671218
0.662
0.186972
0.473685
0.193743
0.662
0.244163
0.237071
0.201249
0.662
0.662
0.256366
0.662
0.419422
0.662
0.410441
0.662
0.662
0.114603
0.662
0.12788
0.138611
0.662
0.171882
0.058773
0.477563
0.662
0.117569
0.388381
0.36246
0.623341
0.662
0.0394936
0.662
0.430286
0.629706
0.285029
0.662
0.662
0.662
0.369477
0.662
0.408277
0.242721
0.662
0.111196
0.662
0.1129
0.0455854
0.434142
0.662
0.662
0.021247
0.461019
0.126091
0.316307
0.29685
0.414281
0.395165
0.317833
0.662
0.662
0.662
0.00732749
0.662
0.184588
0.105517
0.472547
0.0393756
0.123501
0.0840157
0.106313
0.662
0.662
0.366666
0.205422
0.200658
0.120409
0.216258
0.374767
0.243484
0.41553
0.0656522
0.0935118
0.662
0.662
0.662
0.00469646
0.195742
0.662
0.662
0.215945
0.436672
0.129733
0.38735
0.662
0.514355
0.662
0.254866
0.523898
0.662
0.333982
0.352929
0.384956
0.398125
0.662
0.662
0.662
0.662
0.662
0.394244
0.345711
0.391267
0.662
0.662
0.662
0.662
0.435762
0.662
0.18352
0.204495
0.174005
0.382871
0.287116
0.662
0.662
0.412576
0.662
0.662
0.662
0.108122
0.508898
0.662
0.0218557
0.662
0.26615
0.662
0.0435441
0.343637
0.0478499
0.662
0.060887
0.0640995
0.662
0.339587
0.662
0.662
0.662
0.220174
0.662
0.340299
0.0294177
0.21524
0.662
0.662
0.662
0.662
0.662
0.662
0.348152
0.662
0.662
0.662
0.662
0.336693
0.662
0.662
0.662
0.662
0.306821
0.0938611
0.323121
0.0875332
0.193717
0.662
0.662
0.662
0.2293
0.402205
0.662
0.662
0.662
0.438379
0.662
0.446047
0.160841
0.662
0.662
0.317863
0.0799205
0.662
0.0109193
0.318065
0.662
0.662
0.662
0.0956014
0.438593
0.0803542
0.662
0.662
0.395543
0.662
0.433885
0.662
0.452416
0.662
0.0791152
0.662
0.662
0.270188
0.662
0.234697
0.662
0.0450648
0.662
0.30183
0.662
0.662
0.662
0.662
0.662
0.159565
0.662
0.228621
0.662
0.275003
0.197849
0.662
0.662
0.662
0.662
0.662
0.662
0.0677042
0.389436
0.662
0.201925
0.213851
0.347078
0.480911
0.162042
0.662
0.214707
0.294455
0.662
0.662
0.179989
0.111902
0.662
0.662
0.662
0.524398
0.662
0.0134459
0.662
0.662
0.662
0.662
0.662
0.662
0.203603
0.662
0.662
0.00754558
0.662
0.662
0.216144
0.232396
0.0341928
0.373832
0.00735725
0.662
0.098221
0.662
0.0324598
0.219417
0.444809
0.400327
0.286988
0.662
0.109282
0.386568
0.662
