0.63339
0.196999
0.025227
0.423671
0.332046
0.662
0.0853043
0.629706
0.662
0.0294177
0.335659
0.662
0.662
0.295069
0.358063
0.662
0.350855
0.662
0.422399
0.662
0.287396
0.375212
0.662
0.662
0.662
0.473685
0.662
0.0976441
0.149187
0.662
0.207813
0.111902
0.602641
0.036691
0.662
0.291855
0.631757
0.662
0.0905009
0.512775
0.424712
0.662
0.662
0.662
0.296356
0.321913
0.662
0.052052
0.662
0.662
0.275011
0.161838
0.662
0.662
0.662
0.662
0.662
0.38584
0.101046
0.253586
0.662
0.413978
0.662
0.662
0.662
0.662
0.315834
0.373354
0.326142
0.457791
0.400269
0.231008
0.662
0.662
0.0175218
0.662
0.405446
0.662
0.529876
0.662
0.159282
0.662
0.662
0.662
0.662
0.0778823
0.100919
0.662
0.662
0.308397
0.662
0.584445
0.383575
0.459694
0.0144526
0.662
0.662
0.662
0.021247
0.662
0.572254
0.662
0.565161
0.480911
0.662
0.662
0.662
0.453474
0.333982
0.044383
0.0120693
0.662
0.114309
0.662
0.131695
0.250242
0.662
0.0669771
0.261726
0.300031
0.662
0.662
0.423561
0.662
0.0505106
0.662
0.29248
0.662
0.658421
0.662
0.662
0.662
0.662
0.662
0.662
0.662
0.662
0.662
0.356136
0.662
0.662
0.662
0.662
0.662
0.662
0.662
0.662
0.662
0.662
0.347078
0.46063
0.662
0.662
0.193743
0.662
0.0590628
0.222737
0.662
0.662
0.202976
0.0463237
0.215945
0.662
0.662
0.309869
0.41691
0.437532
0.662
0.649506
0.662
0.662
0.662
0.662
0.0771817
0.662
0.662
0.662
0.389154
0.662
0.356574
0.187851
0.0792069
0.456876
0.662
0.662
0.0455388
0.662
0.167312
0.662
0.0312038
0.662
0.662
0.662
0.662
0.366675
0.662
0.662
0.465093
0.662
0.662
0.108076
0.204417
0.662
0.662
0.662
0.356329
0.369747
0.230403
0.662
0.278127
0.358991
0.413951
0.402628
0.186824
0.22794
0.407134
0.205413
0.662
0.321279
0.662
0.662
0.662
0.159255
0.601833
0.662
0.475245
0.430544
0.362616
0.662
0.522014
0.418323
0.662
0.555846
0.662
0.662
0.335565
0.244163
0.662
0.0489405
0.17394
0.662
0.298482
0.662
0.333852
0.487373
0.662
0.662
0.662
0.662
0.404029
0.662
0.662
0.475084
0.413463
0.367531
0.662
0.0975234
0.228898
0.662
0.245207
0.662
0.460555
0.662
0.662
0.276905
0.1243
0.662
0.662
0.20933
0.662
0.360076
0.345431
0.38735
0.662
0.662
0.662
0.0923412
0.445752
0.662
0.551713
0.662
0.662
0.662
0.662
0.662
0.341961
0.25087
0.373535
0.662
0.278097
0.662
0.22394
0.662
0.662
0.173295
0.662
0.662
0.662
0.182982
0.534066
0.662
0.662
0.540456
0.662
0.282004
0.41526
0.347113
0.662
0.662
0.662
0.662
0.135428
0.202043
0.164268
0.662
0.0629311
0.662
0.662
0.163417
0.662
0.0615671
0.0947654
0.356046
0.662
0.662
0.662
0.662
0.0799205
0.0845297
0.662
0.486879
0.042766
0.344284
0.662
0.114463
0.109282
0.398902
0.662
0.662
0.0800613
0.662
0.662
0.41681
0.662
0.662
0.662
0.662
0.425739
0.662
0.18365
0.662
0.229851
0.293912
0.315048
0.662
0.170054
0.385344
0.289837
0.662
0.449467
0.662
0.662
0.662
0.662
0.507362
0.662
0.334851
0.662
0.662
0.400887
0.662
0.662
0.662
0.662
0.662
0.395831
0.364644
0.134893
0.662
0.662
0.662
0.662
0.474621
0.467589
0.662
0.27711
0.662
0.662
0.662
0.662
0.662
0.662
0.0353205
0.0402003
0.219012
0.340769
0.662
0.662
0.662
0.364979
0.367635
0.662
0.0990408
0.662
0.662
0.462043
0.362196
0.433136
0.662
0.0279864
0.662
0.303412
0.050574
0.662
0.113914
0.423746
0.662
0.662
0.476936
0.317345
0.463256
0.460256
0.196024
0.662
0.138728
0.662
0.343935
0.662
0.662
0.438859
0.662
0.338489
0.662
0.032789
0.215806
0.662
0.662
0.235656
0.189593
0.313085
0.474857
0.662
0.662
0.253955
0.468151
0.367939
0.0218557
0.190374
0.0681668
0.662
0.662
0.224434
0.0816173
0.662
0.449622
0.662
0.662
0.662
0.662
0.662
0.662
0.662
0.662
0.662
0.662
0.662
0.451399
0.662
0.662
0.662
0.662
0.549559
