0.662
0.662
0.286588
0.200828
0.662
0.356046
0.100919
0.426245
0.662
0.662
0.437765
0.108461
0.662
0.662
0.122651
0.0875332
0.662
0.098221
0.662
0.662
0.662
0.179989
0.662
0.0134459
0.662
0.248022
0.662
0.400066
0.340769
0.662
0.153632
0.662
0.490371
0.662
0.00735725
0.383575
0.662
0.374264
0.662
0.662
0.662
0.662
0.0279864
0.662
0.0652613
0.662
0.662
0.662
0.452692
0.373832
0.451511
0.662
0.662
0.662
0.107401
0.662
0.391828
0.230086
0.20933
0.662
0.662
0.662
0.487373
0.38735
0.154768
0.662
0.662
0.473685
0.662
0.662
0.370828
0.662
0.662
0.0750988
0.662
0.662
0.0353966
0.662
0.350381
0.440871
0.0393675
0.0461446
0.410338
0.662
0.662
0.108076
0.662
0.662
0.662
0.662
0.662
0.323121
0.241442
0.662
0.480911
0.662
0.232396
0.0408752
0.300754
0.662
0.662
0.0353205
0.662
0.00476042
0.0402003
0.662
0.465373
0.0158078
0.662
0.662
0.314287
0.662
0.0917635
0.662
0.649506
0.114603
0.12788
0.662
0.126091
0.122579
0.662
0.475363
0.662
0.662
0.662
0.26709
0.662
0.662
0.662
0.229851
0.662
0.316191
0.662
0.662
0.662
0.229049
0.662
0.662
0.662
0.662
0.452416
0.662
0.0799205
0.662
0.662
0.662
0.280823
0.380288
0.222737
0.662
0.178231
0.106313
0.00732749
0.662
0.662
0.0918668
0.662
0.662
0.662
0.662
0.662
0.662
0.662
0.493934
0.171882
0.478786
0.0659316
0.434527
0.662
0.529876
0.307786
0.662
0.292988
0.662
0.662
0.662
0.120409
0.0791152
0.138611
0.658421
0.662
0.252018
0.174102
0.662
0.662
0.250242
0.662
0.15451
0.662
0.157658
0.293912
0.662
0.662
0.388381
0.662
0.438859
0.0289695
0.4698
0.662
0.662
0.448562
0.662
0.058773
0.222177
0.416723
0.190124
0.436672
0.662
0.662
0.430541
0.523898
0.407946
0.662
0.447344
0.0816173
0.438767
0.662
0.213607
0.340087
0.662
0.662
0.662
0.568696
0.662
0.662
0.365757
0.125743
0.134564
0.615933
0.425739
0.0937498
0.430544
0.662
0.662
0.662
0.662
0.662
0.662
0.662
0.462043
0.347078
0.662
0.438688
0.662
0.307426
0.662
0.0626466
0.662
0.540159
0.255271
0.662
0.662
0.193144
0.662
0.662
0.171671
0.0120693
0.662
0.395831
0.662
0.480473
0.215945
0.111605
0.662
0.662
0.373535
0.662
0.302593
0.662
0.662
0.311908
0.662
0.27711
0.180826
0.662
0.386603
0.662
0.662
0.0226876
0.244163
0.662
0.662
0.0956014
0.446047
0.662
0.662
0.30183
0.662
0.662
0.662
0.662
0.0677042
0.662
0.662
0.662
0.1129
0.402205
0.662
0.662
0.178719
0.662
0.662
0.0260014
0.474765
0.662
0.602641
0.662
0.0803542
0.662
0.662
0.140859
0.662
0.289837
0.320205
0.430479
0.662
0.282033
0.662
0.326142
0.662
0.201401
0.662
0.453474
0.032789
0.662
0.319539
0.662
0.435064
0.174005
0.662
0.662
0.662
0.662
0.528713
0.662
0.275011
0.385078
0.193743
0.662
0.265456
0.662
0.662
0.0455854
0.31405
0.249601
0.662
0.662
0.0897127
0.662
0.662
0.662
0.266577
0.662
0.662
0.0417963
0.662
0.159255
0.662
0.113914
0.296356
0.662
0.214707
0.662
0.662
0.461019
0.662
0.662
0.245245
0.662
0.26615
0.0450648
0.662
0.662
0.662
0.217345
0.662
0.662
0.662
0.109282
0.662
0.662
0.36246
0.662
0.392997
0.662
0.662
0.662
0.0629311
0.17394
0.662
0.190374
0.423746
0.662
0.662
0.333982
0.207551
0.662
0.662
0.142031
0.294455
0.460691
0.51096
0.55542
0.0492378
0.662
0.164472
0.437527
0.377798
0.319874
0.662
0.365986
0.223405
0.276971
0.393297
0.662
0.662
0.662
0.0657626
0.038026
0.662
0.662
0.662
0.270188
0.366666
0.662
0.662
0.223226
0.662
0.476936
0.662
0.300832
0.662
0.178814
0.242228
0.662
0.458186
0.662
0.662
0.662
0.662
0.220174
0.0695711
0.662
0.662
0.224027
0.118651
0.341961
0.237154
0.662
0.0468937
0.398125
0.439055
0.662
0.422501
0.317833
