0.349802
0.424492
0.662
0.259507
0.240476
0.418293
0.662
0.27124
0.662
0.662
0.477462
0.348505
0.662
0.114232
0.0278128
0.124069
0.513567
0.268762
0.136466
0.662
0.662
0.101019
0.662
0.662
0.662
0.662
0.662
0.662
0.0977402
0.662
0.328523
0.662
0.662
0.453576
0.662
0.307466
0.589955
0.39474
0.662
0.160934
0.662
0.662
0.198506
0.329916
0.176804
0.389516
0.662
0.662
0.116806
0.633486
0.0391962
0.0210942
0.662
0.662
0.662
0.662
0.662
0.662
0.37782
0.662
0.313764
0.462754
0.662
0.420736
0.163875
0.40895
0.211448
0.230855
0.291893
0.662
0.436715
0.208451
0.662
0.662
0.415583
0.165706
0.662
0.662
0.562161
0.662
0.662
0.314302
0.00805304
0.0447307
0.662
0.380042
0.662
0.662
0.662
0.662
0.108104
0.41794
0.197748
0.523431
0.662
0.662
0.662
0.662
0.326141
0.222468
0.662
0.20812
0.420367
0.228597
0.463575
0.662
0.662
0.595047
0.369264
0.321068
0.662
0.662
0.424168
0.662
0.393133
0.401729
0.662
0.662
0.662
0.281759
0.423552
0.0573961
0.662
0.00157558
0.442035
0.191522
0.662
0.183336
0.662
0.662
0.662
0.563265
0.128834
0.156765
0.662
0.662
0.36364
0.662
0.662
0.662
0.662
0.662
0.662
0.485664
0.425179
0.418366
0.299917
0.177874
0.662
0.457708
0.448021
0.418408
0.295232
0.22491
0.562072
0.662
0.16606
0.662
0.140545
0.259627
0.662
0.498135
0.662
0.390834
0.470425
0.0653358
0.662
0.662
0.662
0.662
0.662
0.14075
0.207279
0.662
0.261829
0.142194
0.662
0.057368
0.662
0.662
0.469862
0.00732055
0.179104
0.662
0.318409
0.662
0.0316604
0.254473
0.662
0.0704251
0.0553628
0.459867
0.368629
0.662
0.662
0.470098
0.17016
0.438095
0.662
0.662
0.200423
0.390502
0.662
0.354055
0.662
0.662
0.662
0.662
0.605087
0.662
0.662
0.662
0.662
0.427505
0.662
0.196248
0.662
0.662
0.662
0.0522138
0.292281
0.349869
0.0926618
0.0983574
0.662
0.0601887
0.603829
0.0396954
0.662
0.662
0.662
0.364032
0.343414
0.662
0.662
0.39992
0.662
0.662
0.662
0.22794
0.00911404
0.662
0.220802
0.662
0.0329864
0.662
0.662
0.175775
0.662
0.662
0.118499
0.662
0.662
0.0866119
0.662
0.662
0.662
0.573984
0.30074
0.159308
0.662
0.33359
0.662
0.662
0.213433
0.662
0.662
0.662
0.662
0.662
0.662
0.150002
0.0493545
0.662
0.364112
0.469787
0.318225
0.662
0.662
0.662
0.191998
0.333238
0.662
0.0486326
0.22769
0.447194
0.327729
0.662
0.0824422
0.11025
0.317583
0.301377
0.662
0.0517266
0.315825
0.662
0.662
0.662
0.662
0.403147
0.52911
0.361268
0.397383
0.0417634
0.535511
0.662
0.662
0.662
0.355061
0.171892
0.381689
0.0973177
0.398958
0.662
0.662
0.662
0.132259
0.662
0.109174
0.11545
0.457938
0.516027
0.662
0.662
0.662
0.327102
0.220833
0.27616
0.381773
0.662
0.662
0.474836
0.513066
0.662
0.0164354
0.217373
0.662
0.0987382
0.662
0.161029
0.662
0.662
0.0603976
0.662
0.662
0.435457
0.662
0.451656
0.662
0.118636
0.662
0.156593
0.662
0.662
0.136387
0.662
0.360382
0.237761
0.266607
0.662
0.662
0.611482
0.662
0.662
0.662
0.662
0.662
0.338221
0.295576
0.662
0.662
0.173672
0.176181
0.344473
0.420001
0.662
0.227259
0.205768
0.0512621
0.662
0.662
0.662
0.156409
0.662
0.662
0.467821
0.0848868
0.660921
0.662
0.278884
0.662
0.307059
0.662
0.662
0.598122
0.177763
0.662
0.662
0.662
0.662
0.662
0.662
0.312838
0.315939
0.163942
0.662
0.407308
0.158269
0.107198
0.0439289
0.662
0.662
0.662
0.662
0.662
0.18665
0.426343
0.398547
0.662
0.662
0.0516392
0.662
0.531058
0.462086
0.449602
0.413563
0.662
0.662
0.0253853
0.662
0.352194
0.470971
0.662
0.662
0.662
0.662
0.333406
0.662
0.0868828
0.662
0.662
0.226592
0.14651
0.662
0.662
0.233895
0.110129
0.662
0.662
0.662
0.662
0.616352
0.0180787
0.0782383
0.313831
0.40067
0.475192
0.336017
0.223008
0.274003
0.662
0.228683
0.662
0.394843
0.309263
0.355881
0.662
0.662
0.662
0.124652
0.662
0.662
0.662
0.177872
0.249137
0.662
0.662
0.662
0.566834
0.482737
0.465424
0.374095
0.662
0.24561
0.662
0.336939
0.662
0.662
0.0525705
0.662
0.662
0.352302
0.662
0.163919
0.662
0.662
0.0562994
0.662
0.211477
0.044477
0.556681
0.662
0.022884
0.309015
0.491547
0.662
0.662
0.662
0.330072
0.662
0.466889
0.662
0.662
0.662
0.111346
0.0901932
0.662
0.186963
0.461109
0.662
0.662
0.662
0.0356802
0.662
0.662
0.662
0.247499
0.555092
0.347576
0.662
0.403511
0.466531
0.662
0.105115
0.662
0.099315
0.662
0.662
0.0525135
0.0256207
0.662
0.662
0.662
0.291253
0.662
0.0204456
0.211293
0.45382
0.662
0.662
0.525781
0.662
0.662
0.25637
0.394485
0.432124
0.662
0.662
0.662
0.620074
0.237265
0.662
0.230583
0.662
0.0389411
0.662
0.387177
0.662
0.662
0.662
0.662
0.662
0.145776
0.662
0.152523
0.662
0.36649
0.212823
0.662
0.662
0.0451332
0.662
0.566797
0.469796
0.662
0.662
0.0673322
0.386148
0.0752495
0.662
0.232065
