0.0764447
0.166986
0.398068
0.523805
0.114812
0.448903
0.662
0.662
0.662
0.0499679
0.107629
0.662
0.121957
0.662
0.662
0.0217382
0.535368
0.129824
0.662
0.662
0.182223
0.188728
0.662
0.662
0.662
0.662
0.276819
0.662
0.662
0.165744
0.662
0.662
0.130194
0.662
0.662
0.662
0.310138
0.662
0.662
0.0851116
0.559146
0.662
0.662
0.662
0.662
0.0813425
0.325826
0.662
0.662
0.662
0.31294
0.325978
0.0276596
0.0339531
0.662
0.172079
0.59239
0.662
0.662
0.662
0.662
0.662
0.662
0.353989
0.296498
0.238189
0.662
0.221996
0.662
0.662
0.355225
0.662
0.480825
0.231177
0.173881
0.662
0.154412
0.158155
0.28759
0.565887
0.662
0.199178
0.43139
0.662
0.662
0.662
0.189708
0.662
0.662
0.253066
0.343434
0.662
0.662
0.353106
0.662
0.662
0.662
0.214558
0.00434135
0.662
0.662
0.662
0.662
0.458269
0.662
0.213802
0.662
0.10248
0.662
0.507274
0.662
0.662
0.662
0.662
0.662
0.254895
0.662
0.662
0.662
0.383963
0.662
0.193818
0.662
0.662
0.626412
0.662
0.356673
0.662
0.662
0.662
0.0177452
0.662
0.662
0.153591
0.317514
0.577278
0.662
0.391214
0.662
0.662
0.264108
0.662
0.0384897
0.042549
0.0480517
0.662
0.642194
0.108422
0.662
0.031872
0.662
0.128408
0.175124
0.662
0.0672144
0.111382
0.222913
0.662
0.585072
0.662
0.662
0.17266
0.662
0.106147
0.333825
0.662
0.088951
0.00977904
0.662
0.662
0.45523
0.662
0.312957
0.662
0.309895
0.291321
0.662
0.20937
0.458981
0.302896
0.0806681
0.54501
0.193988
0.235206
0.662
0.662
0.662
0.202563
0.662
0.662
0.662
0.35577
0.0665161
0.662
0.662
0.0573263
0.662
0.662
0.662
0.662
0.662
0.662
0.360825
0.662
0.662
0.204654
0.662
0.662
0.604198
0.107613
0.103701
0.184472
0.662
0.662
0.272542
0.662
0.662
0.662
0.202313
0.662
0.166834
0.122494
0.662
0.438159
0.445949
0.662
0.662
0.662
0.662
0.0775252
0.662
0.372877
0.662
0.662
0.662
0.324938
0.662
0.410073
0.662
0.662
0.257387
0.662
0.662
0.13748
0.349999
0.662
0.662
0.662
0.319406
0.411719
0.662
0.662
0.63339
0.264607
0.662
0.310825
0.662
0.662
0.662
0.294692
0.33514
0.662
0.155414
0.424915
0.662
0.662
0.662
0.662
0.662
0.359493
0.244874
0.454766
0.364731
0.662
0.662
0.478325
0.662
0.111368
0.488679
0.662
0.32988
0.244788
0.662
0.0133297
0.175618
0.662
0.662
0.662
0.0420572
0.662
0.169877
0.662
0.662
0.662
0.323663
0.155929
0.662
0.662
0.662
0.393175
0.662
0.662
0.662
0.247176
0.58286
0.662
0.662
0.243752
0.210177
0.498908
0.662
0.662
0.276513
0.662
0.336137
0.662
0.662
0.359888
0.142391
0.454795
0.430408
0.662
0.662
0.192922
0.0099052
0.662
0.220361
0.426575
0.662
0.343967
0.662
0.381332
0.264799
0.662
0.662
0.574259
0.662
0.662
0.165614
0.271992
0.662
0.414238
0.662
0.662
0.662
0.569702
0.662
0.615844
0.662
0.214734
0.462286
0.188358
0.291733
0.137345
0.662
0.492834
0.272944
0.255947
0.662
0.0955691
0.298919
0.662
0.662
0.662
0.662
0.662
0.662
0.662
0.230685
0.662
0.662
0.0120464
0.662
0.0899854
0.235216
0.662
0.662
0.287905
0.662
0.301946
0.662
0.662
0.662
0.662
0.458959
0.662
0.662
0.123745
0.319926
0.308076
0.333814
0.662
0.182746
0.662
0.662
0.0926579
0.662
0.511469
0.662
0.662
0.662
0.0726752
0.276141
0.0523542
0.2033
0.662
0.662
0.662
0.0881119
0.662
0.119319
0.662
0.662
0.662
0.662
0.307997
0.662
0.268847
0.316941
0.21932
0.662
0.662
0.662
0.662
0.662
0.148835
0.662
0.662
0.662
0.239514
0.662
0.662
0.662
0.453199
0.189082
0.662
0.101014
0.168162
0.424171
0.462944
0.662
0.0473788
0.662
0.374551
0.662
0.662
0.160088
0.662
0.662
0.0607331
0.388352
0.662
0.662
0.14259
0.470115
0.171712
0.662
0.662
0.212692
0.662
0.662
0.662
0.662
0.662
0.662
0.662
0.365688
0.473185
0.662
0.0310371
0.484368
0.662
0.0895495
0.4121
0.662
0.662
0.185907
0.662
0.662
0.455115
0.662
0.662
0.299089
0.662
0.662
0.00319396
0.662
0.24795
0.310404
0.508101
0.314501
0.662
0.662
0.332385
0.486176
0.662
0.388887
0.309388
0.255454
0.329115
0.436879
0.00634988
0.662
0.662
0.152139
0.285188
0.662
0.662
0.662
0.662
0.662
0.378964
0.107299
0.233032
0.662
0.662
0.536958
0.662
0.182769
0.0926536
0.47546
0.662
0.109401
0.662
0.0287109
0.457834
0.282308
0.662
0.662
0.23264
0.202645
0.471942
0.662
0.662
0.662
0.662
0.198604
0.662
0.214447
0.232222
0.662
0.476462
0.609912
0.125557
0.282079
0.143281
0.662
0.662
0.415958
0.662
0.0247084
0.242765
0.443723
0.662
0.662
0.374925
0.662
0.662
0.00170863
0.662
0.662
0.662
0.662
0.513345
0.662
0.317144
0.465381
0.128785
0.662
0.237011
0.662
0.662
0.270499
0.662
0.662
0.662
0.662
0.662
0.339112
0.406312
0.307051
0.662
0.402141
0.662
0.662
0.662
0.132708
0.662
0.662
0.662
0.662
0.662
0.662
0.662
0.662
0.662
0.662
0.662
0.662
0.662
0.549971
0.662
0.109199
0.662
0.438636
0.259455
0.662
0.256366
0.166924
0.662
0.0987792
0.662
0.410425
0.662
0.662
0.662
0.264626
0.219024
0.354958
0.662
0.109097
0.488664
0.662
0.662
0.662
0.256227
0.662
0.349065
0.662
0.662
0.589569
0.662
0.662
