0.41127
0.662
0.662
0.592031
0.662
0.515734
0.662
0.662
0.304059
0.00273078
0.662
0.662
0.292287
0.4751
0.121646
0.662
0.610177
0.662
0.662
0.425869
0.187988
0.662
0.662
0.662
0.33682
0.065416
0.244788
0.662
0.662
0.182746
0.208353
0.277776
0.662
0.379914
0.468227
0.662
0.559589
0.662
0.662
0.308747
0.613822
0.396934
0.299275
0.183562
0.662
0.322203
0.352997
0.662
0.662
0.662
0.662
0.662
0.088951
0.662
0.359918
0.30606
0.216555
0.662
0.304402
0.662
0.662
0.323011
0.287707
0.380295
0.241618
0.446771
0.422776
0.492834
0.142924
0.513982
0.120098
0.662
0.662
0.47307
0.662
0.442151
0.471355
0.183432
0.274365
0.662
0.662
0.662
0.662
0.411161
0.662
0.365434
0.662
0.662
0.169492
0.449889
0.662
0.222634
0.38458
0.662
0.662
0.662
0.312165
0.149484
0.662
0.346597
0.662
0.387198
0.662
0.662
0.0492916
0.662
0.662
0.195041
0.662
0.662
0.662
0.419092
0.662
0.662
0.662
0.662
0.290707
0.559146
0.662
0.662
0.662
0.662
0.041773
0.662
0.662
0.662
0.309329
0.208784
0.662
0.662
0.662
0.407412
0.662
0.662
0.00673737
0.662
0.662
0.25765
0.662
0.662
0.662
0.288352
0.351482
0.662
0.251174
0.382841
0.367115
0.301175
0.450374
0.662
0.662
0.281052
0.662
0.242025
0.466619
0.662
0.268847
0.457363
0.449065
0.0175126
0.662
0.213134
0.662
0.148146
0.289215
0.327191
0.265607
0.662
0.662
0.284117
0.074558
0.274219
0.662
0.395937
0.031872
0.422352
0.662
0.409478
0.662
0.662
0.662
0.099144
0.662
0.662
0.662
0.662
0.662
0.662
0.450141
0.662
0.442793
0.662
0.662
0.662
0.434091
0.281002
0.351349
0.662
0.662
0.662
0.662
0.662
0.662
0.662
0.463918
0.158955
0.662
0.462235
0.42107
0.264607
0.0561725
0.229023
0.662
0.662
0.662
0.662
0.441185
0.313118
0.397023
0.176198
0.403796
0.268146
0.462944
0.585705
0.119092
0.662
0.662
0.361828
0.376441
0.369862
0.662
0.042549
0.147143
0.217043
0.474663
0.367284
0.4405
0.662
0.213695
0.662
0.170471
0.662
0.620456
0.437618
0.570773
0.662
0.662
0.211688
0.440749
0.662
0.277447
0.634002
0.357111
0.662
0.364598
0.662
0.662
0.662
0.143281
0.662
0.662
0.153718
0.611015
0.662
0.662
0.587361
0.662
0.662
0.662
0.662
0.662
0.107299
0.263601
0.458934
0.662
0.557509
0.662
0.233326
0.662
0.0196883
0.662
0.662
0.301578
0.662
0.0170183
0.150746
0.662
0.662
0.444813
0.662
0.662
0.662
0.662
0.354617
0.662
0.358547
0.662
0.338253
0.19945
0.662
0.171659
0.322679
0.662
0.161648
0.189706
0.662
0.599225
0.662
0.226062
0.662
0.662
0.662
0.193413
0.662
0.234873
0.662
0.400913
0.374551
0.662
0.662
0.662
0.361443
0.201528
0.662
0.412783
0.518792
0.662
0.662
0.307249
0.119319
0.0923559
0.344376
0.662
0.662
0.185239
0.137854
0.0615639
0.213226
0.662
0.44124
0.0574813
0.662
0.662
0.662
0.117209
0.662
0.662
0.387245
0.0955691
0.662
0.4042
0.662
0.662
0.662
0.662
0.24098
0.240084
0.178982
0.285555
0.0249569
0.662
0.662
0.662
0.353399
0.319333
0.168101
0.0276596
0.317007
0.00628101
0.109753
0.662
0.501932
0.662
0.662
0.662
0.484597
0.662
0.662
0.401963
0.165731
0.22075
0.662
0.662
0.336068
0.662
0.662
0.298919
0.424171
0.662
0.569702
0.662
0.357177
0.397538
0.662
0.383044
0.662
0.58689
0.356673
0.662
0.662
0.127519
0.662
0.662
0.662
0.662
0.153461
0.662
0.577278
0.386799
0.662
0.171712
0.662
0.662
0.212431
0.404402
0.216503
0.662
0.478914
0.378355
0.24944
0.232327
0.372157
0.444323
0.292007
0.662
0.388693
0.662
0.30135
0.662
0.662
0.0499412
0.662
0.662
0.662
0.662
0.662
0.662
0.161611
0.662
0.662
0.662
0.662
0.177044
0.662
0.662
0.643325
0.662
0.110111
0.662
0.662
0.662
0.304357
0.662
0.166985
0.256763
0.162506
0.375276
0.147226
0.662
0.662
0.662
0.662
0.487526
0.292339
0.176383
0.662
0.662
0.662
0.662
0.0757905
0.662
0.255947
0.662
0.308513
0.165744
0.247457
0.347954
0.414611
0.662
0.662
0.239116
0.662
0.662
0.662
0.357783
0.662
0.353017
0.451813
0.662
0.0397668
0.063287
0.485967
0.0433633
0.662
0.662
0.662
0.0319761
0.662
0.356858
0.266169
0.63486
0.662
0.662
0.662
0.0856402
0.662
0.458564
0.28269
0.662
0.662
0.111306
0.662
0.662
0.428694
0.662
0.662
0.662
0.288752
0.662
0.662
0.662
0.662
0.202645
0.471942
0.32988
0.662
0.662
0.662
0.662
0.662
0.662
0.49232
0.662
0.245417
0.0959193
0.662
0.662
0.662
0.189708
0.662
0.382488
0.453258
0.117021
0.310404
0.662
0.662
0.662
0.271429
0.204654
0.298679
0.127791
0.270786
0.323847
0.611619
0.590913
0.349713
0.352127
0.662
0.662
0.662
0.423811
0.469028
0.662
0.0862793
0.28106
0.246965
0.287094
0.662
0.235595
0.178278
0.228796
0.217367
0.329115
0.662
0.662
0.662
0.662
0.662
0.0198842
0.128408
0.662
0.662
0.569802
0.643757
0.0259114
0.662
0.662
0.274923
0.0976747
0.232717
0.221613
0.662
0.389863
0.307804
0.662
0.312814
0.662
0.662
0.250581
0.237059
0.22425
0.662
0.19071
0.00726002
0.0497706
0.662
0.165595
0.662
0.662
0.662
0.29995
0.662
0.662
0.662
0.147587
0.662
0.114933
0.134262
0.100525
0.307281
0.478222
0.662
0.662
0.277921
0.662
0.662
0.368466
0.662
0.000475601
0.662
0.268254
0.662
0.57493
0.334522
0.366366
0.662
0.662
0.662
0.662
0.662
0.662
0.662
0.662
0.662
0.662
0.662
0.613226
0.662
0.662
0.561851
