0.219036
0.5126
0.0875812
0.00810747
0.662
0.221226
0.662
0.662
0.452304
0.39921
0.294367
0.0574213
0.662
0.090982
0.662
0.662
0.362606
0.662
0.662
0.314542
0.144612
0.662
0.350957
0.333616
0.389636
0.199389
0.137091
0.662
0.662
0.662
0.662
0.298671
0.662
0.662
0.662
0.662
0.457124
0.662
0.662
0.456545
0.662
0.475102
0.114944
0.662
0.662
0.143036
0.0616502
0.662
0.662
0.117939
0.662
0.320405
0.662
0.427386
0.0295896
0.293634
0.584193
0.662
0.284202
0.662
0.374443
0.662
0.52095
0.0559526
0.188752
0.10745
0.662
0.662
0.662
0.126828
0.662
0.662
0.662
0.662
0.662
0.0190661
0.662
0.297358
0.662
0.662
0.662
0.662
0.662
0.662
0.662
0.0989663
0.0612775
0.662
0.616906
0.0720547
0.662
0.662
0.407075
0.219725
0.662
0.48543
0.488036
0.662
0.17781
0.234398
0.662
0.28021
0.662
0.137042
0.662
0.392738
0.175579
0.662
0.265662
0.662
0.662
0.662
0.662
0.662
0.662
0.662
0.494336
0.230697
0.452409
0.662
0.662
0.662
0.190557
0.662
0.662
0.662
0.662
0.662
0.225103
0.21676
0.207938
0.662
0.0674689
0.662
0.447843
0.0165381
0.585134
0.662
0.245672
0.662
0.662
0.312291
0.223605
0.440579
0.662
0.662
0.662
0.662
0.309359
0.662
0.662
0.0890683
0.150438
0.189029
0.662
0.301702
0.662
0.662
0.662
0.662
0.662
0.108189
0.662
0.0190314
0.662
0.389983
0.662
0.266504
0.662
0.0898258
0.662
0.662
0.562973
0.388622
0.334766
0.359995
0.42197
0.300086
0.662
0.32899
0.662
0.662
0.662
0.662
0.662
0.662
0.662
0.662
0.146805
0.662
0.662
0.447964
0.0673191
0.427868
0.662
0.0459462
0.197672
0.102167
0.662
0.430657
0.342895
0.662
0.662
0.251608
0.0254523
0.127069
0.662
0.158157
0.662
0.105936
0.662
0.662
0.662
0.241906
0.662
0.417888
0.645647
0.177913
0.0373777
0.662
0.0885497
0.264051
0.662
0.352262
0.154205
0.662
0.469323
0.154056
0.662
0.0408532
0.573921
0.662
0.206042
0.46493
0.662
0.0429483
0.302485
0.662
0.0350063
0.662
0.419197
0.662
0.662
0.662
0.662
0.366349
0.662
0.662
0.22696
0.23115
0.662
0.662
0.193744
0.662
0.662
0.441825
0.662
0.662
0.480069
0.204208
0.662
0.312501
0.662
0.267644
0.338932
0.378918
0.662
0.662
0.204905
0.231196
0.0531328
0.662
0.662
0.44872
0.397196
0.336627
0.458751
0.307334
0.0425729
0.456952
0.662
0.447721
0.662
0.662
0.166994
0.662
0.662
0.662
0.168055
0.06972
0.662
0.662
0.662
0.181817
0.347657
0.662
0.662
0.052274
0.438458
0.662
0.412181
0.596984
0.472504
0.662
0.154174
0.0735699
0.662
0.375296
0.662
0.662
0.662
0.662
0.662
0.662
0.662
0.662
0.662
0.545306
0.662
0.662
0.0916911
0.662
0.0331198
0.662
0.446738
0.662
0.662
0.662
0.662
0.283582
0.267332
0.461878
0.442755
0.337262
0.662
0.662
0.662
0.662
0.662
0.350145
0.240716
0.220131
0.662
0.662
0.662
0.158116
0.356027
0.213196
0.369362
0.662
0.662
0.662
0.662
0.0570201
0.128081
0.662
0.601946
0.38699
0.662
0.190974
0.662
0.662
0.662
0.344747
0.662
0.662
0.0439442
0.662
0.662
0.1126
0.662
0.662
0.662
0.662
0.335514
0.662
0.662
0.662
0.432683
0.662
0.662
0.662
0.662
0.389631
0.025965
0.389444
0.223455
0.662
0.0234047
0.594578
0.39044
0.341747
0.662
0.350892
0.662
0.662
0.662
0.662
0.662
0.183201
0.662
0.0860929
0.233706
0.274819
0.662
0.662
0.662
0.662
0.413475
0.662
0.662
0.459069
0.662
0.662
0.662
0.662
0.0709415
0.662
0.662
0.662
0.0730202
0.446259
0.232819
0.662
0.662
0.374468
0.295246
0.285787
0.324519
0.477268
0.33651
0.662
0.662
0.375939
0.662
0.230405
0.662
0.209888
0.358703
0.329013
0.662
0.162581
0.308126
0.0950847
0.381014
0.464804
0.365427
0.436128
0.273838
0.662
0.352108
0.0239595
0.0663069
0.662
0.662
0.662
0.383528
0.662
0.221231
0.192632
0.0448597
0.662
0.322663
0.201419
0.474207
0.662
0.488653
0.662
0.662
0.662
0.662
0.114276
0.662
0.255579
0.662
0.662
0.662
0.27046
0.662
0.662
0.223781
0.662
0.428061
0.212183
0.662
0.662
0.662
0.662
0.662
0.662
0.662
0.662
0.276656
0.662
0.131554
0.233611
0.0443063
0.662
0.662
0.465843
0.450902
0.662
0.307557
0.213816
0.159356
0.662
0.451302
0.107835
0.284971
0.662
0.662
0.662
0.662
0.118478
0.662
0.464507
0.662
0.225834
0.662
0.662
0.662
0.662
0.0500669
0.662
0.1964
0.232109
0.662
0.416906
0.662
0.44573
0.472397
0.180187
0.332685
0.662
0.662
0.333629
0.434109
0.463426
0.662
0.662
0.24527
0.662
0.662
0.662
0.0155368
0.272956
0.662
0.328521
0.0481137
0.343025
0.662
0.327971
0.662
0.376022
0.662
0.459675
0.662
0.0904448
0.387829
0.279243
0.055768
0.233745
0.662
0.614677
0.417109
0.314002
0.662
0.505691
0.662
0.662
0.454806
0.662
0.501103
0.662
0.487482
0.0665544
0.662
0.476622
0.662
0.662
0.662
0.233535
0.427926
0.433263
0.662
0.217048
0.234464
0.662
0.397134
0.662
0.0942676
0.344588
0.0528248
0.662
0.325814
0.411491
0.662
0.108613
0.662
0.441109
0.251504
0.662
0.662
0.020503
0.283355
0.14074
0.0223302
0.662
0.408622
0.662
0.662
0.662
0.237883
0.662
0.662
0.194581
0.662
0.549517
