0.662
0.405078
0.00476042
0.662
0.149187
0.30364
0.0353205
0.662
0.425262
0.213624
0.662
0.662
0.190374
0.662
0.17394
0.662
0.0590628
0.662
0.0120693
0.55542
0.662
0.204417
0.283695
0.366675
0.662
0.662
0.662
0.356046
0.30183
0.297021
0.662
0.662
0.360504
0.662
0.346575
0.0750226
0.662
0.662
0.662
0.0455388
0.662
0.662
0.662
0.662
0.662
0.00762372
0.662
0.662
0.662
0.662
0.662
0.662
0.662
0.662
0.300754
0.155492
0.215945
0.662
0.474621
0.355866
0.662
0.592604
0.662
0.144648
0.19577
0.662
0.0816173
0.662
0.662
0.369747
0.0496799
0.662
0.662
0.430544
0.373535
0.275011
0.602641
0.490371
0.463256
0.375212
0.662
0.662
0.422399
0.0216436
0.662
0.453474
0.662
0.662
0.473685
0.662
0.350855
0.217345
0.662
0.42223
0.193743
0.662
0.662
0.395831
0.343637
0.0792069
0.399994
0.240977
0.662
0.662
0.370983
0.393297
0.109282
0.0472877
0.662
0.662
0.662
0.0324829
0.662
0.662
0.662
0.662
0.032789
0.662
0.662
0.662
0.438859
0.662
0.662
0.631757
0.385078
0.662
0.662
0.522014
0.662
0.0279864
0.44422
0.111605
0.662
0.662
0.26615
0.385344
0.320205
0.662
0.662
0.662
0.0492378
0.662
0.434527
0.662
0.449467
0.21566
0.0859558
0.487373
0.423746
0.194264
0.134893
0.215806
0.662
0.662
0.662
0.23738
0.629706
0.662
0.308913
0.186824
0.114309
0.335659
0.662
0.662
0.662
0.438688
0.662
0.662
0.356136
0.662
0.662
0.381538
0.629706
0.555846
0.662
0.512775
0.249344
0.00588161
0.362196
0.662
0.476936
0.662
0.231951
0.662
0.539078
0.662
0.141999
0.662
0.198784
0.662
0.175274
0.662
0.662
0.662
0.662
0.253955
0.662
0.662
0.136475
0.572254
0.16757
0.662
0.303412
0.662
0.199126
0.662
0.662
0.662
0.662
0.662
0.276905
0.662
0.662
0.662
0.662
0.430284
0.332046
0.396418
0.662
0.662
0.296636
0.662
0.662
0.662
0.0669771
0.662
0.662
0.248094
0.662
0.662
0.649506
0.462043
0.662
0.662
0.247797
0.343935
0.266798
0.662
0.662
0.662
0.662
0.662
0.0271999
0.245245
0.360076
0.395173
0.662
0.415378
0.322214
0.662
0.222737
0.662
0.119765
0.662
0.662
0.662
0.114141
0.662
0.48452
0.662
0.662
0.662
0.662
0.662
0.418323
0.319874
0.662
0.662
0.336612
0.338489
0.383575
0.662
0.662
0.493843
0.662
0.662
0.662
0.662
0.219012
0.662
0.364432
0.113914
0.662
0.321279
0.391772
0.0803542
0.201401
0.0659316
0.350381
0.20933
0.662
0.662
0.662
0.341961
0.662
0.662
0.662
0.662
0.231459
0.0845297
0.662
0.662
0.435064
0.662
0.662
0.662
0.662
0.662
0.345937
0.122883
0.233119
0.0260014
0.662
0.212724
0.662
0.386603
0.12788
0.0402003
0.662
0.155444
0.296356
0.662
0.476016
0.662
0.662
0.331775
0.229851
0.529876
0.662
0.662
0.00424807
0.662
0.662
0.323121
0.167312
0.662
0.662
0.232396
0.662
0.662
0.194623
0.366058
0.0461446
0.662
0.294455
0.662
0.0412595
0.662
0.107835
0.662
0.213477
0.398125
0.662
0.662
0.333982
0.244163
0.662
0.400887
0.439021
0.662
0.22794
0.159255
0.662
0.662
0.662
0.662
0.347078
0.662
0.0875332
0.125743
0.308761
0.207551
0.0615671
0.662
0.662
0.226623
0.662
0.12136
0.662
0.662
0.662
0.530811
0.662
0.0629311
0.319409
0.425739
0.662
0.345431
0.662
0.13521
0.122412
0.662
0.347113
0.662
0.662
0.662
0.662
0.404029
0.662
0.662
0.658421
0.662
0.662
0.366195
0.109685
0.289837
0.662
0.549559
0.293148
0.290303
0.662
0.106313
0.662
0.202976
0.193977
0.301724
0.250242
0.662
0.326142
0.100919
0.662
0.364644
0.662
0.475363
0.662
0.662
0.377798
0.373832
0.662
0.446047
0.480911
0.0677042
0.662
0.400066
0.21045
0.423561
0.662
0.209392
0.662
0.130311
0.662
0.474857
0.662
0.270007
0.662
0.0990408
0.662
0.478511
0.662
0.217859
0.662
0.662
0.340769
0.021247
0.662
0.662
0.662
0.38735
