0.662
0.0935118
0.269853
0.662
0.372557
0.261085
0.662
0.176879
0.288337
0.144652
0.495443
0.662
0.662
0.662
0.662
0.662
0.662
0.0981093
0.662
0.23221
0.11598
0.14824
0.662
0.179989
0.113809
0.292412
0.420488
0.141076
0.486863
0.662
0.397123
0.252423
0.662
0.529369
0.662
0.115803
0.662
0.136172
0.20656
0.662
0.662
0.662
0.662
0.285431
0.266706
0.0508176
0.662
0.662
0.662
0.312902
0.662
0.662
0.320708
0.144378
0.271833
0.662
0.662
0.0307166
0.662
0.473032
0.662
0.453969
0.662
0.662
0.662
0.662
0.320058
0.300197
0.662
0.662
0.662
0.662
0.0732204
0.662
0.463828
0.348084
0.243132
0.662
0.319543
0.662
0.662
0.280429
0.244508
0.294288
0.00542498
0.47761
0.131814
0.182231
0.662
0.16214
0.662
0.662
0.410451
0.662
0.662
0.0800651
0.662
0.662
0.662
0.222034
0.31762
0.503144
0.662
0.452685
0.159255
0.662
0.193408
0.662
0.0643641
0.662
0.103661
0.135453
0.662
0.662
0.662
0.662
0.171073
0.662
0.542259
0.662
0.19347
0.662
0.662
0.662
0.662
0.662
0.430652
0.662
0.323776
0.662
0.662
0.662
0.662
0.300273
0.662
0.0671218
0.235647
0.662
0.108917
0.662
0.647654
0.662
0.30895
0.662
0.662
0.662
0.404333
0.662
0.434465
0.662
0.662
0.662
0.662
0.662
0.662
0.662
0.662
0.662
0.662
0.662
0.417161
0.662
0.246427
0.662
0.662
0.0700306
0.3337
0.27255
0.151162
0.167039
0.662
0.338535
0.662
0.662
0.369349
0.662
0.283146
0.662
0.209874
0.662
0.662
0.662
0.662
0.662
0.662
0.662
0.662
0.662
0.496925
0.295236
0.662
0.662
0.662
0.433759
0.662
0.662
0.662
0.198972
0.662
0.325568
0.662
0.662
0.453447
0.258999
0.300902
0.662
0.662
0.52504
0.468192
0.168085
0.662
0.662
0.446248
0.224161
0.105959
0.0112947
0.662
0.640706
0.662
0.662
0.662
0.179302
0.0769064
0.662
0.662
0.662
0.355211
0.201421
0.21644
0.526882
0.39379
0.317832
0.662
0.229372
0.662
0.662
0.397783
0.159565
0.662
0.168981
0.662
0.662
0.0935417
0.0602567
0.662
0.662
0.662
0.133181
0.0521258
0.662
0.363458
0.184627
0.438593
0.662
0.662
0.662
0.237751
0.386127
0.399402
0.662
0.662
0.408713
0.662
0.662
0.662
0.36637
0.662
0.662
0.201249
0.662
0.662
0.102513
0.662
0.662
0.662
0.48558
0.331622
0.279897
0.662
0.441525
0.662
0.662
0.158879
0.147612
0.334769
0.662
0.279947
0.662
0.477563
0.289992
0.662
0.344967
0.364201
0.150144
0.662
0.662
0.456476
0.662
0.124848
0.468651
0.315479
0.0569796
0.0142791
0.208341
0.662
0.626459
0.662
0.662
0.466354
0.432152
0.426054
0.178968
0.662
0.662
0.0721485
0.662
0.480835
0.319269
0.662
0.162042
0.174437
0.0245588
0.662
0.169882
0.348081
0.662
0.0145612
0.662
0.201312
0.662
0.662
0.00856275
0.662
0.391842
0.425325
0.662
0.662
0.647904
0.19453
0.662
0.662
0.387761
0.0991772
0.662
0.268624
0.662
0.14557
0.662
0.662
0.662
0.662
0.00536672
0.662
0.662
0.662
0.126942
0.42591
0.662
0.662
0.662
0.134506
0.662
0.418098
0.662
0.662
0.662
0.662
0.662
0.0667877
0.662
0.507039
0.367413
0.662
0.662
0.662
0.662
0.662
0.662
0.277518
0.465576
0.662
0.662
0.662
0.662
0.662
0.178421
0.468176
0.662
0.133579
0.021821
0.662
0.662
0.662
0.16553
0.559921
0.662
0.662
0.662
0.662
0.662
0.662
0.517546
0.662
0.0830265
0.179415
0.662
