0.662
0.382488
0.662
0.395496
0.552503
0.391098
0.662
0.662
0.309571
0.23487
0.147969
0.190428
0.234873
0.283165
0.662
0.662
0.662
0.314996
0.0439529
0.334059
0.662
0.343025
0.662
0.662
0.662
0.662
0.0346213
0.273838
0.662
0.662
0.662
0.419648
0.198623
0.653456
0.29902
0.662
0.0503233
0.662
0.662
0.662
0.662
0.662
0.141053
0.538896
0.662
0.662
0.347954
0.449775
0.468227
0.475576
0.662
0.662
0.662
0.359329
0.130161
0.338253
0.662
0.242287
0.662
0.463918
0.662
0.662
0.662
0.662
0.662
0.311851
0.662
0.662
0.314002
0.662
0.662
0.662
0.662
0.662
0.662
0.399618
0.472966
0.662
0.308038
0.662
0.662
0.0994743
0.662
0.451146
0.418996
0.348039
0.662
0.0862793
0.662
0.662
0.324519
0.135691
0.662
0.662
0.204208
0.443255
0.662
0.662
0.662
0.322203
0.142089
0.13417
0.0838356
0.421669
0.662
0.662
0.662
0.662
0.167489
0.0619483
0.662
0.620174
0.195936
0.662
0.320493
0.662
0.0674689
0.662
0.662
0.662
0.350925
0.662
0.662
0.120011
0.297389
0.662
0.411635
0.662
0.662
0.405302
0.662
0.662
0.409256
0.662
0.662
0.662
0.346798
0.477339
0.662
0.196714
0.454691
0.662
0.0506246
0.662
0.662
0.454697
0.662
0.662
0.662
0.662
0.21469
0.563034
0.662
0.202271
0.662
0.319253
0.292339
0.284202
0.662
0.455838
0.0154883
0.662
0.567186
0.0429195
0.0723577
0.662
0.662
0.396303
0.408491
0.47307
0.200921
0.662
0.662
0.314366
0.662
0.662
0.39921
0.22653
0.321953
0.114933
0.662
0.662
0.662
0.662
0.662
0.000475601
0.662
0.662
0.662
0.417188
0.662
0.0898421
0.662
0.662
0.662
0.0701652
0.0740142
0.662
0.662
0.225834
0.662
0.662
0.00223334
0.0373777
0.662
0.662
0.446259
0.598342
0.652005
0.662
0.260855
0.662
0.216558
0.278927
0.0616502
0.251174
0.662
0.662
0.662
0.572174
0.269313
0.662
0.448202
0.114882
0.662
0.662
0.435451
0.187053
0.431884
0.662
0.662
0.223455
0.0136712
0.325661
0.0605037
0.217043
0.662
0.441268
0.662
0.435446
0.25698
0.662
0.00726002
0.662
0.0425729
0.662
0.182368
0.662
0.662
0.214616
0.194581
0.662
0.662
0.662
0.00821346
0.538465
0.183097
0.428716
0.662
0.662
0.388933
0.662
0.183113
0.662
0.662
0.260492
0.662
0.284971
0.456545
0.662
0.662
0.662
0.662
0.662
0.573438
0.662
0.662
0.662
0.0714934
0.662
0.484597
0.456085
0.229023
0.662
0.662
0.662
0.491866
0.212253
0.34562
0.662
0.662
0.477362
0.662
0.484595
0.662
0.662
0.48543
0.407466
0.662
0.662
0.662
0.662
0.662
0.247916
0.10489
0.0881854
0.662
0.662
0.108189
0.31687
0.662
0.662
0.477275
0.0856402
0.662
0.662
0.0914407
0.245466
0.662
0.662
0.662
0.662
0.662
0.662
0.662
0.298637
0.662
0.273627
0.410006
0.662
0.662
0.00323995
0.662
0.662
0.662
0.424793
0.662
0.252977
0.662
0.0942676
0.404049
0.258129
0.168744
0.403963
0.097389
0.616175
0.662
0.546003
0.346842
0.662
0.662
0.662
0.338668
0.220948
0.355216
0.662
0.105101
0.662
0.662
0.662
0.49501
0.0970892
0.662
0.662
0.18602
0.290243
0.0190314
0.410497
0.662
0.193413
0.662
0.194761
0.172816
0.662
0.662
0.0923559
0.0318776
0.662
0.662
0.548412
0.195417
0.662
0.457352
0.662
0.0976747
0.583282
0.358547
0.444994
0.411107
0.662
0.662
0.662
0.129809
0.397723
0.662
0.285559
0.662
0.277776
0.662
0.662
0.662
0.662
0.662
0.662
0.0574813
0.662
0.0350063
0.459828
0.312738
0.662
0.662
0.389676
0.339666
0.298653
0.0533804
0.0798727
0.146282
0.0738935
0.426113
0.448895
0.158116
0.306259
0.662
0.573114
0.147753
0.23209
0.662
0.662
0.662
0.662
0.268588
0.662
0.662
0.662
0.662
0.662
0.229003
0.662
0.443808
0.385618
0.568423
0.662
0.662
0.662
0.662
0.426392
0.329822
0.473669
0.662
0.662
0.353017
0.112593
0.473144
0.662
0.241462
0.662
0.662
0.446392
0.53917
0.662
0.278123
0.662
0.160547
0.0497706
0.451302
0.662
0.662
0.454901
0.662
0.510952
0.0162686
0.194946
0.432846
0.662
0.662
0.662
0.314748
0.327131
0.0190661
0.410851
0.662
0.662
0.662
0.662
0.662
0.662
0.192739
0.165965
0.662
0.308042
0.662
0.334004
0.662
0.662
0.302554
0.105684
0.281957
0.662
0.662
0.662
0.662
0.250358
0.662
0.662
0.662
0.662
0.662
0.194785
0.662
0.662
0.146208
0.662
0.662
0.662
0.662
0.662
0.631907
0.662
0.662
0.662
0.384163
0.255947
0.662
0.662
0.662
0.443668
0.662
0.662
0.0458931
0.442793
0.662
0.212699
0.662
0.662
0.0974767
0.394083
0.662
0.662
0.396505
0.500464
0.662
0.662
0.330013
0.662
0.662
0.662
0.662
0.230881
0.0762844
0.067787
0.342317
0.662
0.662
0.408056
0.662
0.662
0.261313
0.662
0.441109
0.446465
0.662
0.316237
0.662
0.285787
0.662
0.0131813
0.662
0.662
0.050843
0.395541
0.662
0.415611
0.662
0.662
0.283355
0.372678
0.633391
0.662
0.0872904
0.207215
0.153718
0.662
0.662
0.474692
0.662
0.262841
0.114341
0.662
0.662
0.662
0.00880503
0.309146
0.260642
0.662
0.227784
0.662
0.662
0.662
0.662
0.662
0.662
0.216503
0.240716
0.662
0.662
0.414876
0.662
0.283083
0.662
0.662
0.429523
0.188296
0.662
0.0741304
0.662
0.662
0.662
0.152002
0.187376
0.407075
0.271429
0.662
0.446738
0.662
0.662
0.662
0.250409
0.662
0.662
0.472816
0.443534
0.662
0.662
0.515094
0.0916911
0.662
0.662
0.39259
0.662
0.662
0.662
0.438166
0.662
0.662
0.055768
0.0891676
