0.662
0.662
0.0976364
0.662
0.0315942
0.471109
0.455442
0.662
0.662
0.213575
0.662
0.662
0.42512
0.0232242
0.662
0.662
0.069428
0.662
0.662
0.662
0.662
0.662
0.0127523
0.36287
0.381812
0.288337
0.36637
0.261085
0.33964
0.662
0.0136179
0.0764048
0.662
0.662
0.662
0.629706
0.108917
0.219692
0.662
0.131707
0.662
0.662
0.662
0.662
0.446266
0.46636
0.662
0.662
0.503144
0.662
0.171201
0.662
0.662
0.662
0.367944
0.450074
0.154801
0.097342
0.44352
0.542259
0.662
0.662
0.269853
0.226557
0.408277
0.408713
0.197298
0.662
0.405837
0.00542498
0.662
0.662
0.662
0.223334
0.123537
0.662
0.662
0.662
0.662
0.075461
0.662
0.504116
0.562398
0.662
0.397123
0.2988
0.36389
0.0630368
0.662
0.0843715
0.662
0.662
0.662
0.662
0.0636178
0.105959
0.662
0.170723
0.402897
0.662
0.662
0.662
0.662
0.0600585
0.167313
0.21998
0.662
0.0804315
0.662
0.0956282
0.00211967
0.441283
0.15603
0.662
0.440412
0.187958
0.662
0.386724
0.27255
0.662
0.0819906
0.662
0.0606003
0.0930722
0.662
0.662
0.558923
0.553901
0.662
0.173101
0.382286
0.216598
0.662
0.348708
0.403844
0.662
0.662
0.662
0.662
0.238184
0.14557
0.662
0.465231
0.662
0.411055
0.662
0.662
0.662
0.662
0.486648
0.126942
0.201421
0.662
0.662
0.329432
0.215521
0.662
0.19453
0.640706
0.662
0.662
0.27811
0.662
0.662
0.662
0.605743
0.410451
0.125796
0.0253137
0.0112947
0.369349
0.159255
0.245698
0.461392
0.396141
0.0996097
0.662
0.407939
0.662
0.59917
0.0976508
0.171754
0.378544
0.662
0.662
0.662
0.662
0.662
0.662
0.662
0.662
0.662
0.0282938
0.662
0.419883
0.425325
0.350869
0.662
0.662
0.662
0.136172
0.120696
0.419837
0.662
0.242142
0.662
0.506529
0.393171
0.662
0.190798
0.662
0.33172
0.662
0.274696
0.662
0.377224
0.662
0.662
0.387761
0.662
0.63504
0.662
0.662
0.662
0.662
0.147147
0.00536672
0.448544
0.662
0.448762
0.662
0.662
0.662
0.209874
0.225351
0.388276
0.0643641
0.662
0.452685
0.0617095
0.662
0.362253
0.460186
0.662
0.286988
0.662
0.0777305
0.662
0.662
0.189437
0.214626
0.662
0.453279
0.662
0.662
0.048909
0.662
0.446248
0.639556
0.662
0.437415
0.0900408
0.662
0.4741
0.662
0.662
0.184627
0.662
0.662
0.662
0.662
0.662
0.662
0.662
0.290129
0.326632
0.448723
0.326397
0.662
0.103666
0.244278
0.441525
0.662
0.662
0.267952
0.135292
0.662
0.0347938
0.4622
0.662
0.317832
0.662
0.454633
0.662
0.171646
0.0103233
0.662
0.168981
0.662
0.0941481
0.662
0.473032
0.662
0.413074
0.144983
0.245672
0.322441
0.461523
0.309712
0.372557
0.662
0.218995
0.662
0.662
0.218947
0.150144
0.662
0.225883
0.0113459
0.456014
0.444775
0.115053
0.293363
0.311287
0.358936
0.282728
0.662
0.423051
0.662
0.662
0.662
0.662
0.00856275
0.662
0.179415
0.355211
0.305936
0.662
0.0145612
0.662
0.662
0.000947623
0.0825213
0.1864
0.662
0.196635
0.0199454
0.346734
0.662
0.281283
0.19494
0.662
0.662
0.662
0.662
0.662
0.662
0.662
0.662
0.662
0.432428
0.662
0.662
0.195289
0.0474087
0.647654
0.0142791
0.662
0.662
0.257242
0.166682
0.406504
0.331622
0.0783232
0.662
0.662
