0.381454
0.662
0.662
0.662
0.662
0.0808761
0.0572414
0.296356
0.662
0.662
0.356574
0.0826912
0.662
0.662
0.662
0.662
0.662
0.202976
0.662
0.267756
0.662
0.441287
0.287668
0.662
0.289275
0.662
0.205413
0.662
0.662
0.662
0.662
0.662
0.0657221
0.662
0.662
0.554168
0.662
0.423746
0.475084
0.662
0.662
0.662
0.662
0.318243
0.456876
0.662
0.662
0.27711
0.662
0.662
0.662
0.0799205
0.049762
0.132549
0.662
0.00700853
0.219012
0.44625
0.37474
0.662
0.422406
0.662
0.112811
0.369747
0.0655602
0.437605
0.662
0.186111
0.662
0.244163
0.130091
0.662
0.0816173
0.662
0.0236272
0.662
0.389154
0.662
0.662
0.662
0.662
0.662
0.024999
0.662
0.662
0.662
0.0402003
0.202444
0.4261
0.250602
0.349331
0.662
0.662
0.474621
0.217153
0.17394
0.563319
0.662
0.662
0.662
0.589481
0.126681
0.662
0.326603
0.315834
0.662
0.11394
0.662
0.0350109
0.213445
0.662
0.210168
0.0621945
0.662
0.253586
0.364432
0.662
0.662
0.631757
0.493887
0.662
0.319213
0.662
0.0408752
0.662
0.662
0.473685
0.417524
0.662
0.662
0.0353205
0.313054
0.327582
0.662
0.0254319
0.181174
0.198455
0.398458
0.662
0.662
0.662
0.662
0.662
0.308397
0.662
0.662
0.356329
0.662
0.662
0.662
0.0175104
0.662
0.366553
0.662
0.109513
0.662
0.565161
0.662
0.540456
0.662
0.662
0.551713
0.662
0.662
0.602985
0.662
0.0455388
0.662
0.487373
0.0990408
0.229851
0.333852
0.052052
0.0976441
0.486879
0.0209778
0.662
0.0260014
0.0169408
0.662
0.662
0.41526
0.662
0.662
0.662
0.662
0.38061
0.464477
0.662
0.662
0.231247
0.0107314
0.662
0.113914
0.324559
0.311935
0.42931
0.662
0.22794
0.164177
0.37781
0.662
0.654875
0.662
0.662
0.259795
0.226838
0.463256
0.662
0.364539
0.662
0.287396
0.662
0.662
0.662
0.186824
0.343935
0.425739
0.11716
0.0794663
0.356366
0.662
0.662
0.310891
0.449622
0.484244
0.465093
0.662
0.317345
0.404029
0.0947654
0.246068
0.662
0.662
0.469508
0.555846
0.662
0.662
0.108461
0.625309
0.662
0.662
0.662
0.217878
0.662
0.31309
0.662
0.662
0.408089
0.662
0.662
0.0590628
0.662
0.662
0.662
0.662
0.662
0.334851
0.662
0.29479
0.662
0.662
0.662
0.662
0.662
0.662
0.662
0.662
0.662
0.662
0.539078
0.662
0.210025
0.662
0.291855
0.300031
0.0975234
0.231728
0.662
0.0995318
0.302228
0.662
0.662
0.109282
0.309869
0.662
0.662
0.662
0.167499
0.32719
0.662
0.135314
0.193743
0.135689
0.662
0.159282
0.662
0.441941
0.662
0.274141
0.662
0.345431
0.295069
0.373354
0.662
0.662
0.411494
0.662
0.662
0.662
0.391772
0.174254
0.42807
0.662
0.662
0.356443
0.662
0.364979
0.523296
0.662
0.304891
0.662
0.149187
0.662
0.662
0.0629311
0.662
0.662
0.110998
0.662
0.662
0.662
0.662
0.461644
0.662
0.662
0.355866
0.662
0.175923
0.45167
0.662
0.662
0.100919
0.303412
0.662
0.662
0.376836
0.474857
0.629706
0.662
0.662
0.0143197
0.662
0.46063
0.662
0.221705
0.662
0.314697
0.662
0.0771817
0.219111
0.411416
0.468151
0.0669771
0.413978
0.662
0.662
0.662
0.662
0.230403
0.662
0.662
0.385344
0.223489
0.235656
0.662
0.142701
0.0477059
0.662
0.662
0.41681
0.662
0.662
0.662
0.662
0.470592
0.662
0.289837
0.662
0.144112
0.662
0.215806
0.341315
0.108076
0.220864
0.662
0.662
0.185764
0.433136
0.460256
0.318037
0.375212
0.021247
0.662
0.662
0.548826
0.360076
0.662
0.662
0.456294
0.662
0.267833
0.291855
0.662
0.36201
0.335837
0.662
0.662
0.662
0.356208
0.263174
0.584918
0.231567
0.208422
0.662
0.111896
0.549559
0.552093
0.662
0.165846
0.662
0.662
0.662
0.22871
0.662
0.662
0.662
0.120126
0.662
0.662
0.356136
0.662
0.662
0.662
0.409851
0.293912
0.438859
0.662
0.662
0.198972
0.0387856
0.662
0.168447
0.3067
0.278097
0.276905
0.402628
0.147422
0.367939
0.383575
0.2047
0.662
0.458451
0.662
0.662
0.0712823
0.662
0.662
0.475245
0.662
0.662
0.662
0.164268
0.662
0.662
0.662
0.149263
0.662
0.662
0.662
0.0795921
0.255271
0.341961
0.413864
